0.20921 -0.00105
0.20696 -0.00153
0.20471 -0.00199
0.20246 -0.00244
0.19795 -0.00331
0.19569 -0.00372
0.19342 -0.00412
0.19116 -0.00451
0.18889 -0.00489
0.18662 -0.00526
0.18435 -0.00562
0.17981 -0.0063
0.17754 -0.00663
0.17298 -0.00724
0.16614 -0.00809
0.15929 -0.00884
0.15471 -0.00928
0.14555 -0.01001
0.13638 -0.01055
0.12719 -0.01091
0.10651 -0.01111
0.09732 -0.0109
0.07669 -0.00959
0.06755 -0.00857
0.05618 -0.00697
0.05391 -0.00661
0.04938 -0.00585
0.04485 -0.00505
0.04033 -0.00421
0.03808 -0.00378
0.03582 -0.00334
0.02905 -0.00203
0.02453 -0.00121
0.01999 -0.00048
0.01544 0.00012
0.00626 0.00055
0.00398 0.00037
0.00173 -9e-05
-0.00035 -0.00105
-0.0011 -0.00314
-0.00077 -0.0054
7e-05 -0.00754
0.0026 -0.01136
0.00414 -0.01307
0.00579 -0.01467
0.00753 -0.01616
0.00935 -0.01757
0.01317 -0.02013
0.01515 -0.0213
0.01716 -0.0224
0.02128 -0.02444
0.0255 -0.02626
0.02764 -0.0271
0.03197 -0.02864
0.03856 -0.03064
0.04301 -0.03178
0.0475 -0.03278
0.05428 -0.03403
0.05655 -0.03438
0.06339 -0.03524
0.06797 -0.03565
0.07485 -0.03601
0.07944 -0.0361
0.08404 -0.03607
0.08863 -0.03591
0.09093 -0.03579
0.09551 -0.03546
0.0978 -0.03524
0.10008 -0.03501
0.10464 -0.03444
0.10692 -0.03412
0.11372 -0.03301
0.11824 -0.03215
0.12049 -0.0317
0.12498 -0.03074
0.12723 -0.03024
0.1317 -0.0292
0.13617 -0.02811
0.14062 -0.02697
0.14284 -0.02639
0.15171 -0.02396
0.16053 -0.02139
0.16932 -0.01869
0.17588 -0.01659
0.18242 -0.01442
0.1911 -0.01139
0.1997 -0.00814
0.20808 -0.00437
0.2101 -0.00328
0.2121 -0.00214
0.21812 0.00121
--Inserting Flap--
0.32025 0.08423
0.31962 0.08361
0.31897 0.08301
0.31832 0.08241
0.31766 0.08181
0.31701 0.08122
0.31635 0.08063
0.31568 0.08005
0.31501 0.07947
0.31298 0.07776
0.31162 0.07662
0.30957 0.07494
0.30751 0.07327
0.30473 0.07108
0.30122 0.06838
0.2941 0.06314
0.28681 0.05811
0.28162 0.05473
0.27712 0.05192
0.27027 0.04785
0.26177 0.04311
0.25707 0.04065
0.25231 0.03828
0.24493 0.03493
0.239 0.03244
0.23509 0.03092
0.23214 0.02983
0.22967 0.02895
0.2272 0.02809
0.22173 0.02626
0.21081 0.02258
0.20596 0.0206
0.20501 0.02015
0.20408 0.01967
0.20316 0.01917
0.20271 0.0189
0.20139 0.01804
0.20057 0.01739
0.19984 0.01664
0.1993 0.01575
0.19944 0.01473
0.19997 0.01383
0.20069 0.01307
0.20194 0.01212
0.20419 0.011
0.20558 0.01052
0.207 0.01014
0.20844 0.00984
0.20989 0.00962
0.21282 0.00937
0.21429 0.00933
0.21723 0.00939
0.22016 0.0096
0.22742 0.01072
0.23029 0.01137
0.23313 0.01211
0.23875 0.01385
0.24151 0.01485
0.25993 0.02394
0.26725 0.02886
0.27977 0.03909
0.28625 0.04507
0.29565 0.05437
0.30375 0.06289
0.30771 0.06724
0.31062 0.07055
0.31252 0.07279
0.31614 0.07742
0.31698 0.07863
0.31929 0.08239
0.32003 0.08365
0.32086 0.08487
--Inserting Flap--
0.34718 0.1569
0.34685 0.15586
0.34648 0.15484
0.34609 0.15383
0.34569 0.15282
0.34507 0.15131
0.34443 0.14981
0.34334 0.14733
0.34266 0.14585
0.34175 0.14388
0.34009 0.14046
0.3396 0.13949
0.33861 0.13755
0.3376 0.13563
0.33656 0.13372
0.3355 0.13183
0.33442 0.12994
0.33246 0.12668
0.33074 0.12392
0.32986 0.12255
0.32715 0.11847
0.32498 0.11536
0.3224 0.11186
0.31946 0.10821
0.318 0.10646
0.31584 0.10395
0.31422 0.10216
0.31318 0.10106
0.3113 0.09909
0.30961 0.09737
0.30811 0.09587
0.30619 0.09394
0.30269 0.09017
0.30155 0.08876
0.30102 0.08802
0.30069 0.08752
0.30008 0.08647
0.29984 0.08592
0.2996 0.08504
0.29969 0.08446
0.30037 0.08388
0.30122 0.08356
0.30182 0.08345
0.30363 0.08343
0.30453 0.08356
0.3063 0.08399
0.30801 0.0846
0.30884 0.08496
0.30966 0.08535
0.31047 0.08576
0.31205 0.08667
0.31282 0.08715
0.31433 0.08816
0.31579 0.08924
0.31791 0.09096
0.31927 0.09217
0.32059 0.09342
0.3225 0.09537
0.32549 0.09879
0.3277 0.10167
0.32975 0.10468
0.33071 0.10622
0.33295 0.11017
0.33377 0.11179
0.33531 0.11509
0.33804 0.12183
0.33958 0.1261
0.34212 0.13388
0.34317 0.13736
0.34393 0.13998
0.34488 0.14349
0.34577 0.14702
0.34636 0.14968
0.34667 0.15147
0.34695 0.15418
0.34718 0.1569
*.*.Setup: s1223rtl.txt as Flap 1, inverted: y, Scale = 1.0, AoA = 6.0, Reposition from (0,0) = (0, 0)*.*.
*.*.Setup: s1223rtl.txt as Flap 2, inverted: y, Scale = 0.4, AoA = 30.0, Reposition from previous T.E. = (0.02, 0.02), Reposition from (0,0) = (1.0145, 0.1245)*.*.
*.*.Setup: s1223rtl.txt as Flap 3, inverted: y, Scale = 0.4, AoA = 50.0, Reposition from previous T.E. = (0.02, 0.06), Reposition from (0,0) = (1.3809, 0.3845)*.*.
*.*.Setup: s1223rtl.txt as Flap 4, inverted: y, Scale = 0.2, AoA = 60.0, Reposition from previous T.E. = (0.0457, -0.0536), Reposition from (0,0) = (1.6838, 0.6374)*.*.
*.*.Setup: Scale Ratio = 0.21357*.*.