0.36136 -0.03043
0.36057 -0.031170
0.35899 -0.03261
0.356640 -0.03473
0.35366 -0.03738
0.350210 -0.04036
0.34644 -0.04347
0.34253 -0.04654
0.33859 -0.04940
0.33467 -0.05205
0.33075 -0.05451
0.32683 -0.056820
0.32292 -0.059010
0.31902 -0.06111
0.31511 -0.06312
0.31121 -0.06505
0.30731 -0.06691
0.30342 -0.06869
0.29952 -0.0704
0.29563 -0.07205
0.29174 -0.07363
0.28785 -0.07516
0.28397 -0.07663
0.28009 -0.07805
0.2762 -0.07941
0.27232 -0.08071
0.26845 -0.08195
0.26457 -0.08313
0.2607 -0.08424
0.25683 -0.08529
0.25296 -0.0863
0.24909 -0.08726
0.24523 -0.0882
0.24136 -0.0891
0.2375 -0.08998
0.23363 -0.09082
0.22977 -0.09163
0.22591 -0.09238
0.22205 -0.09309
0.2182 -0.09375
0.21434 -0.09436
0.21049 -0.09492
0.20663 -0.09544
0.20278 -0.09591
0.19894 -0.09635
0.19509 -0.096740
0.191240 -0.0971
0.1874 -0.09742
0.18355 -0.09771
0.17971 -0.09795
0.17587 -0.09816
0.17203 -0.09833
0.16819 -0.09845
0.16435 -0.098530
0.16052 -0.09856
0.15669 -0.09855
0.15285 -0.09849
0.14902 -0.09838
0.1452 -0.09823
0.14137 -0.09803
0.13754 -0.09778
0.13372 -0.09748
0.1299 -0.09713
0.12608 -0.09674
0.12226 -0.09629
0.11844 -0.0958
0.11463 -0.09527
0.11081 -0.0947
0.107 -0.094100
0.10319 -0.09345
0.09938 -0.09275
0.09557 -0.09198
0.09177 -0.09114
0.08797 -0.0902
0.08417 -0.08918
0.08037 -0.08807
0.07658 -0.086870
0.07279 -0.08559
0.06901 -0.08421
0.06523 -0.08274
0.06145 -0.081150
0.05767 -0.07943
0.0539 -0.07756
0.05014 -0.07553
0.046380 -0.07334
0.04263 -0.07101
0.03889 -0.06852
0.03514 -0.06589
0.03141 -0.0631
0.02768 -0.0601
0.02396 -0.056810
0.02025 -0.05315
0.01656 -0.04904
0.01291 -0.04446
0.00943 -0.039530
0.00626 -0.03443
0.00355 -0.02935
0.00145 -0.02445
7e-05 -0.0199
-0.00043 -0.012310
0.00044 -0.00947
0.00204 -0.0074
0.00436 -0.00617
0.00727 -0.00567
0.01061 -0.00576
0.01425 -0.00629
0.01803 -0.00711
0.02183 -0.008110
0.02562 -0.00925
0.02941 -0.01052
0.03319 -0.01193
0.03697 -0.01345
0.04075 -0.01509
0.04452 -0.01682
0.04829 -0.01864
0.05206 -0.020530
0.05583 -0.02247
0.05959 -0.02445
0.06336 -0.02647
0.06712 -0.0285
0.07088 -0.03054
0.07464 -0.032580
0.07841 -0.0346
0.08217 -0.0366
0.08594 -0.03859
0.0897 -0.04054
0.09347 -0.04246
0.09724 -0.04435
0.10101 -0.04621
0.10478 -0.04802
0.10855 -0.0498
0.11232 -0.05153
0.1161 -0.05322
0.11987 -0.05487
0.12365 -0.05647
0.12743 -0.05803
0.13121 -0.05954
0.13499 -0.0610
0.13878 -0.06241
0.14256 -0.06378
0.14635 -0.06509
0.15014 -0.06635
0.15393 -0.06755
0.15773 -0.0687
0.16152 -0.0698
0.16532 -0.07083
0.169120 -0.07181
0.17292 -0.07272
0.17673 -0.07358
0.18053 -0.074390
0.18434 -0.07514
0.18815 -0.07585
0.19196 -0.07652
0.19577 -0.07714
0.19959 -0.07771
0.2034 -0.07822
0.20722 -0.07866
0.21104 -0.07903
0.21487 -0.07932
0.21869 -0.079550
0.22252 -0.0797
0.22635 -0.07979
0.23018 -0.079810
0.23402 -0.0797600
0.237860 -0.07964
0.2417 -0.079440
0.24554 -0.07917
0.24939 -0.07882
0.25324 -0.07839
0.25709 -0.07788
0.26094 -0.07728
0.2648 -0.07661
0.26866 -0.07584
0.27252 -0.07499
0.27639 -0.07404
0.28026 -0.073
0.28414 -0.07186
0.28801 -0.07061
0.29189 -0.06927
0.2957800 -0.06783
0.29966 -0.0663
0.30355 -0.06469
0.30745 -0.06301
0.31134 -0.06124
0.31524 -0.05941
0.31914 -0.05749
0.323040 -0.05551
0.32695 -0.05345
0.33086 -0.05131
0.33477 -0.04905
0.33869 -0.04666
0.34261 -0.04412
0.34651 -0.04145
0.35026 -0.03875
0.3537 -0.03621
0.35667 -0.03395
0.359 -0.03215
0.36058 -0.03094
0.36136 -0.03043
-Inserting Flap Ga2-
0.50249 0.065660
0.5024 0.065240
0.50219 0.06441
0.50189 0.06318
0.50149 0.061640
0.50101 0.05988
0.50046 0.058
0.49985 0.05611
0.499190 0.05428
0.49848 0.052520
0.49773 0.05083
0.49695 0.0491900
0.49614 0.04759
0.49531 0.04602
0.49447 0.04448
0.49361 0.04296
0.492730 0.04148
0.49183 0.04002
0.49093 0.03858
0.49 0.03716
0.48907 0.03576
0.48812 0.03439
0.48716 0.03303
0.48619 0.03169
0.485210 0.03037
0.48421 0.02907
0.4832 0.0278
0.48218 0.02654
0.48115 0.0253
0.4801 0.02409
0.47904 0.02289
0.477970 0.0217
0.4769 0.02053
0.47582 0.01937
0.474740 0.01821
0.47364 0.01707
0.47254 0.01594
0.47143 0.01482
0.47031 0.013720
0.46918 0.01264
0.46804 0.01158
0.46688 0.01053
0.46572 0.0095
0.46455 0.00848
0.46337 0.00747
0.46219 0.00648
0.46099 0.0055
0.45979 0.00454
0.45858 0.00358
0.45736 0.00264
0.45613 0.00171
0.45489 0.0008
0.45365 -0.0001
0.45239 -0.00099
0.45113 -0.00185
0.44986 -0.00271
0.448570 -0.00354
0.44728 -0.00436
0.44597 -0.00517
0.44466 -0.00596
0.44334 -0.006730
0.442 -0.00749
0.44066 -0.00823
0.4393 -0.00895
0.43793 -0.00966
0.43656 -0.01035
0.43517 -0.01103
0.43378 -0.01169
0.43238 -0.01235
0.43098 -0.01298
0.42956 -0.0136
0.42812 -0.0142
0.42667 -0.01477
0.4252 -0.01531
0.42371 -0.01582
0.42221 -0.0163
0.42068 -0.016750
0.41914 -0.01717
0.41757 -0.01757
0.41599 -0.01792
0.41438 -0.01824
0.41274 -0.01851
0.41108 -0.01874
0.40937 -0.0189
0.40764 -0.01902
0.40587 -0.019080
0.404070 -0.0191
0.40224 -0.01906
0.40038 -0.01897
0.39847 -0.01881
0.3965 -0.01855
0.39446 -0.018170
0.39231 -0.01763
0.39008 -0.01693
0.387820 -0.01607
0.38563 -0.01509
0.38359 -0.01401
0.3818 -0.0128600
0.38033 -0.01166
0.37846 -0.00925
0.37812 -0.00812
0.37819 -0.00707
0.378680 -0.00615
0.37953 -0.00533
0.38066 -0.00461
0.38198 -0.00397
0.383420 -0.0034
0.3849 -0.00288
0.38642 -0.00241
0.38796 -0.00199
0.38953 -0.00160
0.39112 -0.00126
0.39274 -0.00096
0.39438 -0.00069
0.39604 -0.00045
0.39771 -0.000240
0.39939 -4e-05
0.40108 0.00015
0.40278 0.00032
0.40449 0.00049
0.40619 0.00065
0.40789 0.00082
0.40959 0.00099
0.41129 0.00117
0.41298 0.00135
0.41467 0.001550
0.41635 0.00175
0.418020 0.00197
0.41968 0.0022
0.42134 0.002440
0.42299 0.00269
0.42463 0.00296
0.42626 0.003250
0.42788 0.00354
0.42949 0.003860
0.43109 0.00419
0.43268 0.00453
0.43426 0.00489
0.43583 0.00527
0.43739 0.00567
0.43894 0.006080
0.440480 0.00651
0.44201 0.00696
0.44352 0.00742
0.445030 0.00791
0.44652 0.00842
0.448 0.00894
0.44946 0.00949
0.45092 0.01006
0.45236 0.01064
0.45379 0.01124
0.45521 0.01186
0.45663 0.01249
0.45803 0.013130
0.45942 0.0138
0.4608 0.01448
0.462160 0.01519
0.46351 0.01592
0.46485 0.01668
0.46617 0.01746
0.46747 0.01827
0.46876 0.0191
0.47004 0.01995
0.4713 0.02082
0.47254 0.02172
0.47377 0.022650
0.47499 0.0236
0.47618 0.02457
0.47736 0.02557
0.47853 0.02661
0.47967 0.02766
0.4808 0.02875
0.48191 0.02987
0.483 0.031020
0.48407 0.03219
0.48512 0.03341
0.48615 0.03465
0.48716 0.03593
0.48814 0.03725
0.48911 0.03859
0.49006 0.03997
0.49099 0.041370
0.4919 0.0428
0.4928 0.04426
0.49368 0.04574
0.49454 0.04724
0.4954 0.04878
0.49623 0.05033
0.49705 0.05192
0.49784 0.05354
0.4986 0.05521
0.49934 0.05693
0.50003 0.05869
0.50067 0.06042
0.50124 0.06203
0.50172 0.06344
0.5021 0.06456
0.502350 0.06532
0.50249 0.065660
-Inserting Flap Ga2-
0.5991 0.20697
0.5992 0.20655
0.59939 0.20571
0.59966 0.20448
0.59999 0.20292
0.60034 0.20113
0.60068 0.1992
0.60097 0.19723
0.601190 0.1953
0.60133 0.19341
0.60141 0.19156
0.60144 0.18974
0.60143 0.18795
0.60138 0.18618
0.60131 0.18442
0.6012 0.18268
0.60108 0.18096
0.60093 0.17926
0.60075 0.17756
0.60055 0.17588
0.60033 0.17422
0.60009 0.17256
0.59984 0.17092
0.59956 0.16929
0.59926 0.16768
0.59895 0.16607
0.59861 0.16448
0.59825 0.1629
0.59787 0.16133
0.59747 0.15978
0.597060 0.15823
0.59663 0.1567
0.59619 0.15517
0.59574 0.15365
0.595280 0.15213
0.5948 0.15062
0.59432 0.14912
0.59382 0.14763
0.5933 0.14614
0.59276 0.14467
0.59221 0.14321
0.59164 0.14176
0.59106 0.14032
0.59046 0.13889
0.58985 0.13747
0.58923 0.13605
0.58859 0.13464
0.58794 0.13324
0.58728 0.13185
0.58661 0.13047
0.58592 0.12909
0.58522 0.127720
0.5845 0.12636
0.58377 0.12501
0.58302 0.12367
0.582250 0.12235
0.58147 0.12103
0.58068 0.11972
0.57987 0.11842
0.57904 0.11712
0.5782 0.11584
0.57734 0.11457
0.57646 0.11331
0.57556 0.11207
0.57465 0.11083
0.57373 0.1096
0.57279 0.10838
0.57184 0.10716
0.57087 0.10596
0.56989 0.10476
0.56889 0.10358
0.56787 0.1024
0.56683 0.10125
0.56575 0.10011
0.56464 0.099
0.5635 0.0979
0.56234 0.09682
0.56114 0.095750
0.55991 0.09471
0.55865 0.09369
0.55735 0.09269
0.55601 0.09172
0.55461 0.09078
0.55316 0.08987
0.55166 0.0890
0.55010 0.08816
0.54849 0.08735
0.54684 0.08657
0.545130 0.08582
0.54335 0.08512
0.54147 0.08448
0.539460 0.08391
0.5373 0.08344
0.53499 0.08308
0.53259 0.08285
0.53019 0.08276
0.52788 0.08282
0.52577 0.08306
0.52391 0.083480
0.521180 0.08481
0.52036 0.08567
0.51996 0.08664
0.51999 0.08769
0.52039 0.0888
0.52108 0.08994
0.521990 0.0911
0.52302 0.09225
0.52412 0.09338
0.52527 0.094470
0.52646 0.09554
0.527700 0.09657
0.52898 0.09758
0.53029 0.09857
0.53164 0.09954
0.53302 0.10049
0.53442 0.10143
0.53584 0.10235
0.53728 0.10327
0.53872 0.104180
0.54017 0.10508
0.54163 0.10599
0.54308 0.10689
0.544530 0.1078
0.54597 0.10871
0.547410 0.10963
0.54883 0.11055
0.55025 0.11148
0.55165 0.11241
0.55304 0.11336
0.55442 0.11431
0.55578 0.11527
0.55713 0.11623
0.55846 0.11721
0.55978 0.1182
0.56109 0.11919
0.56238 0.1202
0.56365 0.12121
0.56491 0.12224
0.56615 0.12328
0.56737 0.12432
0.56858 0.12538
0.56977 0.1264500
0.57094 0.127530
0.57209 0.12862
0.57322 0.12972
0.57433 0.13083
0.57542 0.13196
0.57649 0.1331
0.57754 0.13425
0.578580 0.13542
0.57959 0.13659
0.5806 0.13777
0.58158 0.13897
0.58255 0.14017
0.58351 0.14138
0.58444 0.14261
0.58535 0.14385
0.58623 0.1451
0.58709 0.14637
0.587930 0.14766
0.58874 0.14896
0.58953 0.150270
0.59029 0.1516
0.591030 0.15294
0.591750 0.1543
0.59244 0.15568
0.59311 0.15707
0.59375 0.15847
0.59436 0.15989
0.59495 0.161330
0.5955 0.16279
0.59603 0.16427
0.59653 0.16576
0.597 0.16727
0.59744 0.1688
0.59784 0.17035
0.59821 0.17193
0.59854 0.17352
0.59885 0.17514
0.59911 0.176770
0.59935 0.17842
0.59956 0.18009
0.599750 0.18178
0.59991 0.18348
0.60004 0.18520
0.60015 0.18694
0.60023 0.18869
0.60029 0.19045
0.600320 0.19224
0.60031 0.19404
0.60025 0.19588
0.60015 0.19774
0.59999 0.19963
0.5998 0.20146
0.59959 0.20316
0.5994 0.20464
0.59923 0.20581
0.59912 0.2066
0.5991 0.20697
*.*.Setup: Ga2.txt as Flap 1, Inverted: y, Scale = 1.0, AoA = -2.0, Reposition from (0,0) = (0, 0)*.*.
*.*.Setup: Ga2.txt as Flap 2, Inverted: y, Scale = 0.4, AoA = 32.0, Reposition from previous T.E. = (0.04, 0.07), Reposition from (0,0) = (1.0377, -0.014)*.*.
*.*.Setup: Ga2.txt as Flap 3, Inverted: y, Scale = 0.4, AoA = 58.333333333333336, Reposition from previous T.E. = (0.04, 0.06), Reposition from (0,0) = (1.4273, 0.2413)*.*.
*.*.Setup: Scale Ratio = 0.36221*.*.