0.34767 0.05507
0.34572 0.052910
0.34289 0.04977
0.33954 0.04666
0.33545 0.04361
0.33045 0.04042
0.32439 0.03697
0.31723 0.03323
0.30905 0.029260
0.30007 0.02515
0.29055 0.02101
0.2807 0.01691
0.27068 0.01292
0.26058 0.00908
0.25045 0.00541
0.24029 0.00192
0.23005 -0.0014
0.21971 -0.00456
0.20921 -0.00758
0.1985 -0.0105
0.18755 -0.01335
0.17637 -0.01617
0.16502 -0.01897
0.15361 -0.02175
0.14227 -0.02447
0.13119 -0.02708
0.12052 -0.02950
0.11046 -0.03163
0.10109 -0.03339
0.09239 -0.0347
0.08421 -0.03555
0.07644 -0.03594
0.069 -0.03588
0.06183 -0.035390
0.05492 -0.03446
0.04825 -0.03312
0.04185 -0.03138
0.03577 -0.0293
0.03009 -0.02694
0.02492 -0.02442
0.02035 -0.021870
0.016420 -0.01939
0.01313 -0.01705
0.010390 -0.01485
0.00812 -0.01279
0.006250 -0.010870
0.0047 -0.00907
0.00342 -0.00738
0.00237 -0.0058
0.00152 -0.0042900
0.00086 -0.00287
0.00036 -0.001510
0.000086 -0.00021
-0.00012 0.00106000
0.000005 0.00233
0.00055 0.003510
0.00153 0.00445
0.00282 0.00515
0.00433 0.00572
0.00608 0.006220
0.00811 0.00668
0.01049 0.00713
0.01333 0.00759
0.01681 0.00806
0.02115 0.00857
0.02667 0.00912
0.03363 0.0097
0.042 0.01026
0.05142 0.01071
0.061560 0.01097
0.072350 0.01105
0.08368 0.01103
0.095380 0.01095
0.10725 0.01085
0.11909 0.01077
0.13078 0.01072
0.142290 0.01074
0.15361 0.01086
0.16474 0.011090
0.175680 0.01147
0.18645 0.012
0.19707 0.01272
0.20756 0.01362
0.2179300 0.01474
0.22818 0.01606
0.23835 0.01761
0.24843 0.01938
0.258430 0.02139
0.26834 0.02362
0.27815 0.02608
0.28781 0.02876
0.29724 0.03162
0.3063 0.03463
0.31478 0.03772
0.32246 0.04079
0.32917 0.04377
0.33487 0.04664
0.33966 0.04939
0.34364 0.052
0.34767 0.05507
-Inserting Flap s1223rtl-
0.50718 0.14705
0.50654 0.14574
0.50561 0.14385
0.50443 0.14189
0.50289 0.13986
0.50092 0.13764
0.49849 0.13514
0.49556 0.13236
0.49218 0.12932
0.48843 0.12611
0.48442 0.122810
0.48025 0.11948
0.47598 0.11618
0.47166 0.11294
0.4673 0.10978
0.46289 0.1067
0.45843 0.1037
0.4539 0.10076
0.44927 0.09786
0.44452 0.09498
0.43965 0.0921
0.434670 0.0892
0.4296 0.08629
0.42449 0.08338
0.41942 0.08051
0.41445 0.07773
0.40966 0.07510
0.40512 0.07268
0.40086 0.07055
0.39686 0.068720
0.393040 0.06719
0.38936 0.065930
0.38578 0.06493
0.38227 0.06418
0.37881 0.06367
0.37542 0.0634
0.37211 0.063350
0.3689 0.06351
0.36585 0.06386
0.36301 0.06436
0.36046 0.06496
0.35824 0.06561
0.35633 0.0662800
0.35471 0.06696
0.35334 0.06764
0.35217 0.0683
0.35118 0.068950
0.35033 0.06959
0.34961 0.07021
0.34899 0.07081
0.34848 0.0714
0.34805 0.07199
0.34771 0.072570
0.34747 0.073160
0.34735 0.07378
0.34745 0.07443
0.34779 0.07501
0.34831 0.07553
0.34896 0.07601
0.34974 0.07649
0.350650 0.07699
0.35173 0.07754
0.35303 0.07815
0.35464 0.07886
0.35665 0.0797
0.35923 0.08072
0.3625 0.08196
0.36644 0.08339
0.37091 0.0849
0.37575 0.08642
0.38092 0.087950
0.38637 0.0895
0.392 0.091070
0.39772 0.09266
0.40342 0.09425
0.409050 0.09584
0.41458 0.09744
0.42 0.09906
0.42532 0.1007
0.43053 0.10239
0.435630 0.10413
0.44064 0.10594
0.44555 0.10782
0.45038 0.109780
0.45513 0.11183
0.4598 0.11398
0.46440 0.11622
0.46893 0.11856
0.47339 0.1210
0.47776 0.12353
0.48204 0.12615
0.48617 0.12883
0.49011 0.13152
0.49377 0.13418
0.497030 0.13671
0.49984 0.139070
0.50219 0.141230
0.50411 0.14321
0.50567 0.14502
0.50718 0.14705
-Inserting Flap s1223rtl-
0.63867 0.29966
0.63852 0.29822
0.638290 0.29611
0.63785 0.29387
0.6371 0.29143
0.63601 0.28868
0.63458 0.2855
0.63278 0.28188
0.63064 0.27787
0.62821 0.27357
0.62558 0.2691
0.6228 0.264540
0.61991 0.25999
0.61696 0.25546
0.61394 0.251
0.61086 0.2466
0.60769 0.242250
0.60444 0.23794
0.60108 0.23363
0.5976 0.2293
0.59401 0.22493
0.59032 0.2205
0.58655 0.21603
0.58275 0.21155
0.57896 0.20712
0.57525 0.20281
0.57164 0.19869
0.5682 0.19487
0.564930 0.19141
0.56179 0.18832
0.55873 0.18558
0.55571 0.18314
0.55268 0.18097
0.54963 0.17907
0.54656 0.17741
0.54347 0.17599
0.54037 0.17481
0.53730 0.173870
0.53431 0.17315
0.53148 0.17265
0.52888 0.17234
0.52656 0.17219
0.52454 0.17217
0.52279 0.17225
0.52127 0.17242
0.51994 0.17265
0.51879 0.17292
0.51777 0.17323
0.51688 0.17356
0.5161 0.173920
0.51541 0.1743
0.51481 0.1747
0.5143 0.17513
0.51386 0.1756
0.51354 0.17615
0.51341 0.17679
0.513530 0.177460
0.51385 0.17812
0.51429 0.1788
0.51486 0.17951
0.515540 0.18029
0.51637 0.18117
0.517390 0.1822
0.51865 0.18341
0.52026 0.18489
0.52233 0.18673
0.52498 0.18901
0.5282 0.1917
0.53187 0.19465
0.5359 0.19774
0.54024 0.20094
0.54483 0.20426
0.549590 0.20767
0.55441 0.211120
0.55923 0.21456
0.56397 0.21798
0.568620 0.22137
0.57317 0.22475
0.57760 0.228110
0.58191 0.23148
0.58611 0.23486
0.5902 0.23827
0.59418 0.24172
0.598040 0.24522
0.6018 0.24877
0.60546 0.25238
0.60902 0.25606
0.61247 0.25981
0.61583 0.263630
0.61907 0.2675
0.622190 0.27142
0.62516 0.275350
0.62794 0.27924
0.63047 0.28298
0.63267 0.28648
0.63451 0.28965
0.63597 0.29249
0.6371 0.29501
0.63794 0.29724
0.63867 0.29966
*.*.Setup: s1223rtl.txt as Flap 1, Inverted: y, Scale = 1.0, AoA = 9.0, Reposition from (0,0) = (0, 0)*.*.
*.*.Setup: s1223rtl.txt as Flap 2, Inverted: y, Scale = 0.5, AoA = 25.0, Reposition from previous T.E. = (0.0, 0.05), Reposition from (0,0) = (0.9877, 0.2064)*.*.
*.*.Setup: s1223rtl.txt as Flap 3, Inverted: y, Scale = 0.5, AoA = 45.0, Reposition from previous T.E. = (0.02, 0.08), Reposition from (0,0) = (1.4608, 0.4977)*.*.
*.*.Setup: Scale Ratio = 0.352*.*.