0.3683900000 -0.0181
0.36762 -0.01889
0.36606 -0.0204
0.36374 -0.02264
0.36081 -0.02544
0.35741 -0.02859
0.35369 -0.03189
0.34982 -0.03515
0.34592 -0.0382
0.342030 -0.04103
0.33813 -0.04367
0.33423 -0.04616
0.33033 -0.04852
0.32644 -0.05079
0.32254 -0.05298
0.31864 -0.05508
0.31475 -0.0571
0.31085 -0.05905
0.30695 -0.06093
0.30306 -0.06274
0.29916 -0.06449
0.29526 -0.06618
0.29136 -0.06781
0.28747 -0.06939
0.28357 -0.070910
0.27967 -0.07237
0.275780 -0.07377
0.27188 -0.07511
0.26798 -0.07637
0.26409 -0.07758
0.26019 -0.07874
0.25629 -0.07986
0.252390 -0.08094
0.2485 -0.082
0.2446 -0.083030
0.2407 -0.08403
0.23681 -0.08498
0.23291 -0.08589
0.229010 -0.08674
0.22512 -0.087550
0.22122 -0.0883
0.21732 -0.08901
0.21342 -0.08967
0.20953 -0.09029
0.20563 -0.09087
0.20173 -0.09141
0.19784 -0.09191
0.19394 -0.09237
0.19004 -0.0928
0.18615 -0.09319
0.18225 -0.09354
0.17835 -0.09384
0.17445 -0.0941
0.17056 -0.09432
0.16666 -0.09449
0.16276 -0.09461
0.15887 -0.09468
0.15497 -0.09471
0.15107 -0.09469
0.14718 -0.09462
0.14328 -0.09451
0.139380 -0.09434
0.13549 -0.09412
0.13159 -0.09385
0.12769 -0.09354
0.12379 -0.09317
0.1199 -0.09277
0.1160 -0.09233
0.1121 -0.09185
0.10821 -0.09133
0.10431 -0.09075
0.10041 -0.090110
0.09652 -0.089380
0.092620 -0.08857
0.08872 -0.08766
0.08482 -0.08667
0.08093 -0.08558
0.07703 -0.08441
0.07313 -0.08315
0.06924 -0.08179
0.06534 -0.0803
0.06144 -0.07869
0.05755 -0.0769200
0.05365 -0.07499
0.04975 -0.0729100
0.04585 -0.070660
0.04196 -0.06827
0.03806 -0.06572
0.03416 -0.06303
0.03027 -0.06011
0.026370 -0.05689
0.02247 -0.05330
0.01858 -0.04926
0.0147 -0.04473
0.01099 -0.03984
0.00759 -0.03478
0.00465 -0.0297
0.00234 -0.0248
0.00078 -0.02023
0.000000 -0.01253
0.00078 -0.00961
0.00234 -0.00745
0.00465 -0.00612
0.00759 -0.00551
0.01099 -0.00548
0.0147 -0.00588
0.01858 -0.00659
0.02247 -0.00746
0.026370 -0.00849
0.03027 -0.00965
0.03416 -0.01095
0.03806 -0.01236
0.04196 -0.01389
0.04585 -0.01552
0.04975 -0.01723
0.05365 -0.01902
0.05755 -0.02086
0.06144 -0.02274
0.06534 -0.02465
0.06924 -0.02659
0.07313 -0.02853
0.07703 -0.03046
0.08093 -0.03239
0.08482 -0.03429
0.08872 -0.03617
0.092620 -0.03802
0.09652 -0.03984
0.10041 -0.04163
0.10431 -0.04338
0.10821 -0.04509
0.1121 -0.04676
0.1160 -0.04839
0.1199 -0.04998
0.12379 -0.051520
0.12769 -0.05301
0.13159 -0.05446
0.13549 -0.055860
0.139380 -0.0572100
0.14328 -0.05851
0.14718 -0.05977
0.15107 -0.06096
0.15497 -0.06211
0.15887 -0.0632
0.16276 -0.06423
0.16666 -0.06521
0.17056 -0.06613
0.17445 -0.06699
0.17835 -0.06778
0.18225 -0.06852
0.18615 -0.06920
0.19004 -0.069840
0.19394 -0.07042
0.19784 -0.07097
0.20173 -0.071460
0.20563 -0.07191
0.20953 -0.07229
0.21342 -0.0726
0.21732 -0.07284
0.22122 -0.073
0.22512 -0.0731
0.229010 -0.07312
0.23291 -0.07307
0.23681 -0.07295
0.2407 -0.07276
0.2446 -0.07250
0.2485 -0.07217
0.252390 -0.07175
0.25629 -0.07126
0.26019 -0.07069
0.26409 -0.07003
0.26798 -0.06929
0.27188 -0.06847
0.275780 -0.06756
0.27967 -0.06655
0.28357 -0.06545
0.28747 -0.06425
0.29136 -0.06295
0.29526 -0.06155
0.29916 -0.06005
0.30306 -0.05845
0.30695 -0.05676
0.31085 -0.05498
0.31475 -0.05313
0.31864 -0.05120
0.32254 -0.04919
0.32644 -0.04711
0.33033 -0.04496
0.33423 -0.04273
0.33813 -0.04041
0.342030 -0.03797
0.34592 -0.03541
0.34982 -0.032690
0.35369 -0.02983
0.35741 -0.02696
0.36081 -0.02425
0.36374 -0.02185
0.36606 -0.019940
0.36762 -0.01865
0.3683900000 -0.0181
-Inserting Flap Ga2-
0.49965 0.079630
0.49956 0.07920
0.49935 0.07836
0.49904 0.07711
0.49864 0.07554
0.49815 0.073750
0.49759 0.07184
0.49697 0.06991
0.496290 0.06805
0.495570 0.066270
0.49481 0.06454
0.49401 0.062870
0.49319 0.06125
0.49235 0.05965
0.49149 0.05808
0.49062 0.05654
0.489720 0.05503
0.48881 0.05354
0.48789 0.05208
0.48695 0.05064
0.4860 0.04922
0.48504 0.04782
0.48406 0.04644
0.48307 0.04508
0.48207 0.04374
0.48106 0.04242
0.480040 0.04112
0.479 0.03984
0.477940 0.03858
0.47688 0.03735
0.4758 0.03613
0.474720 0.03492
0.47363 0.033730
0.47253 0.03254
0.47142 0.03137
0.47031 0.0302
0.46919 0.02905
0.46806 0.02792
0.46692 0.0268
0.46577 0.02571
0.46461 0.02462
0.46344 0.02356
0.46226 0.022510
0.46107 0.02147
0.45987 0.02045
0.458660 0.01944
0.45744 0.01844
0.45622 0.01746
0.45499 0.01649
0.45375 0.01553
0.4525 0.01459
0.45124 0.01366
0.44998 0.01274
0.4487 0.01184
0.44741 0.010960
0.44612 0.01009
0.44481 0.00924
0.4435 0.00841
0.44217 0.00759
0.44083 0.00678
0.43949 0.006
0.43813 0.005230
0.43676 0.00448
0.43538 0.00374
0.43399 0.00302
0.43259 0.00232
0.43119 0.00163
0.42977 0.00095
0.42835 0.00029
0.42692 -0.00036
0.42547 -0.00099
0.42401 -0.0016
0.42254 -0.00218
0.42104 -0.00273
0.4195300 -0.00325
0.4180 -0.00373
0.41644 -0.00419
0.41487 -0.00462
0.41328 -0.00502
0.41167 -0.00538
0.41004 -0.00571
0.40837 -0.00598
0.40668 -0.00621
0.40495 -0.00638
0.40318 -0.0065
0.40138 -0.00657
0.39955 -0.00658
0.397690 -0.006540
0.3958 -0.00645
0.39386 -0.00629
0.39186 -0.00602
0.38977 -0.005630
0.38759 -0.005090
0.38532 -0.00437
0.38302 -0.0035
0.3808 -0.0025
0.378720 -0.00141
0.3769 -0.000230
0.3754 0.00099
0.37351 0.00343
0.37315 0.00459
0.37322 0.00565
0.373730 0.00659
0.37459 0.00742
0.37574 0.00816
0.37709 0.00881
0.37855 0.00939
0.38006 0.00992
0.3816 0.01039
0.383160 0.01083
0.38476 0.011210
0.38638 0.01156
0.38803 0.01187
0.38969 0.01214
0.39138 0.012390
0.39308 0.01261
0.39479 0.01281
0.39651 0.013
0.39824 0.01317
0.39997 0.01334
0.40171 0.01351
0.40344 0.01368
0.40517 0.01385
0.40689 0.01403
0.40861 0.01422
0.41033 0.014420
0.41204 0.01463
0.41374 0.01485
0.41543 0.01508
0.41711 0.0153300
0.41879 0.01558
0.42046 0.01586
0.42212 0.016150
0.42376 0.01645
0.4254 0.01677
0.42703 0.0171
0.42865 0.01745
0.43026 0.01782
0.43186 0.01821
0.43344 0.01861
0.43502 0.019030
0.4365800 0.01946
0.43814 0.01992
0.4396800 0.0204
0.441210 0.02089
0.44272 0.02141
0.44423 0.02194
0.44572 0.0225
0.4472 0.02307
0.44866 0.02367
0.45012 0.02428
0.45157 0.0249
0.4530 0.02555
0.45443 0.02620
0.45585 0.02688
0.45725 0.02758
0.45864 0.0283
0.46001 0.02904
0.461370 0.02981
0.46271 0.03061
0.46403 0.03143
0.46535 0.03227
0.46664 0.03313
0.46793 0.03402
0.46919 0.03494
0.47044 0.035880
0.47168 0.03684
0.4729 0.03784
0.4741 0.03886
0.47528 0.03991
0.47644 0.04098
0.477590 0.04209
0.47872 0.04322
0.47983 0.04439
0.48092 0.04559
0.48199 0.04682
0.48303 0.04809
0.48406 0.04939
0.48506 0.05073
0.486040 0.0521
0.48701 0.0535
0.48795 0.054920
0.48888 0.05638
0.48979 0.05786
0.49069 0.05937
0.49157 0.0609
0.49244 0.06245
0.49329 0.06404
0.49412 0.06565
0.49492 0.0673
0.4957 0.069
0.49644 0.07075
0.49715 0.07254
0.4978 0.0743
0.49838 0.07594
0.49887 0.07737
0.49925 0.07851
0.4995100 0.07928
0.49965 0.079630
-Inserting Flap Ga2-
0.60529 0.20081
0.60529 0.20037
0.60528 0.1995
0.60526 0.19821
0.60522 0.19659
0.60515 0.19474
0.60503 0.19275
0.604860 0.19074
0.60462 0.18877
0.60431 0.18687
0.60396 0.18502
0.60356 0.18322
0.60313 0.18144
0.60267 0.1797
0.60218 0.17798
0.60167 0.17628
0.60114 0.17461
0.60059 0.17296
0.600020 0.171320
0.599430 0.16971
0.59883 0.168110
0.5982 0.166530
0.59756 0.16497
0.59691 0.16342
0.59623 0.16188
0.59554 0.16037
0.59484 0.15887
0.59411 0.15739
0.59337 0.15593
0.59261 0.15449
0.59183 0.15306
0.59105 0.15164
0.590250 0.15023
0.58945 0.14883
0.58864 0.14743
0.587820 0.14605
0.586990 0.14468
0.58614 0.143320
0.58528 0.14198
0.5844 0.14065
0.58352 0.139330
0.58261 0.13803
0.5817 0.13674
0.58077 0.13546
0.57983 0.13419
0.57888 0.13294
0.57792 0.1317
0.57695 0.130460
0.57597 0.12924
0.57498 0.128030
0.57397 0.12683
0.57296 0.12564
0.57193 0.12446
0.57089 0.1233
0.56983 0.12215
0.56877 0.12101
0.567690 0.11989
0.56659 0.11878
0.56548 0.11768
0.56436 0.1166
0.56323 0.11553
0.56208 0.11448
0.56091 0.11344
0.55974 0.11241
0.55854 0.1114
0.55734 0.1104
0.55612 0.10941
0.5549 0.10843
0.55366 0.10746
0.5524100 0.10651
0.55114 0.10557
0.54986 0.10465
0.54855 0.10375
0.54722 0.10288
0.54586 0.10204
0.54448 0.10121
0.54307 0.10042
0.54163 0.09965
0.54017 0.0989
0.53869 0.09819
0.53716 0.0975
0.53561 0.096860
0.534 0.09626
0.53236 0.0957
0.53066 0.09519
0.528930 0.09472
0.52715 0.094290
0.52533 0.093910
0.52346 0.09357
0.52153 0.0933
0.51952 0.0931
0.51740 0.09302
0.51516 0.09306
0.51278 0.09324
0.510350 0.09357
0.50795 0.09404
0.50569 0.09465
0.50365 0.09538
0.50191 0.09624
0.49951 0.098190
0.498910 0.09924
0.498740 0.10029
0.49902 0.10132
0.49967 0.10232
0.50063 0.10329
0.50179 0.10423
0.503090 0.10513
0.50444 0.10598
0.50583 0.10679
0.507260 0.10757
0.50873 0.1083
0.51023 0.109
0.51177 0.109670
0.51333 0.11032
0.51492 0.11093
0.51652 0.111530
0.51815 0.11211
0.51978 0.11268
0.52142 0.11324
0.52307 0.1138
0.52472 0.11435
0.52637 0.11491
0.52802 0.11547
0.52966 0.11603
0.53130 0.1166
0.53292 0.11718
0.53454 0.117760
0.53615 0.118360
0.53774 0.11897
0.53933000 0.11959
0.5409 0.12022
0.54247 0.12086
0.54402 0.12151
0.5455600 0.12218
0.547080 0.12286
0.54859 0.12355
0.55009 0.12426
0.55158 0.12498
0.55305 0.125710
0.5545 0.12646
0.55594 0.12722
0.55737 0.128
0.55878 0.128790
0.56018 0.1296
0.56155 0.130430
0.56292 0.13127
0.56426 0.13213
0.56559 0.13301
0.5669 0.1339
0.56819 0.13481
0.569480 0.13574
0.57074 0.13667
0.572 0.13762
0.57324 0.13858
0.57447 0.139560
0.575680 0.140550
0.57687 0.14157
0.57804 0.1426
0.57919 0.14366
0.58032 0.14473
0.58143 0.14583
0.58251 0.14695
0.58358 0.14808
0.58463 0.14924
0.58566 0.15041
0.58667 0.15161
0.58765 0.152830
0.58862 0.15407
0.589560 0.15533
0.59047 0.15662
0.59137 0.15793
0.59224 0.15927
0.59308 0.16063
0.5939 0.16202
0.59469 0.16343
0.59545 0.16487
0.59619 0.16634
0.59689 0.16784
0.59757 0.16937
0.59822 0.17092
0.59884 0.1725
0.59944 0.17411
0.60002 0.17573
0.60058 0.17738
0.60111 0.17905
0.60163 0.18074
0.602120 0.18245
0.602590 0.18419
0.603040 0.18594
0.60345 0.18774
0.60383 0.18956
0.60416 0.19143
0.60445 0.19334
0.60469 0.1952
0.60488 0.19693
0.60503 0.19844
0.605150 0.19963
0.60522 0.20044
0.60529 0.20081
*.*.Setup: Ga2.txt as Flap 1, Inverted: y, Scale = 1.0, AoA = 0.0, Reposition from (0,0) = (0, 0)*.*.
*.*.Setup: Ga2.txt as Flap 2, Inverted: y, Scale = 0.4, AoA = 32.0, Reposition from previous T.E. = (0.0067, 0.07), Reposition from (0,0) = (1.0067, 0.0209)*.*.
*.*.Setup: Ga2.txt as Flap 3, Inverted: y, Scale = 0.4, AoA = 45.0, Reposition from previous T.E. = (-0.01, 0.06), Reposition from (0,0) = (1.3463, 0.2762)*.*.
*.*.Setup: Scale Ratio = 0.36839*.*.