0.37022 0.05864
0.36815 0.056350
0.36513 0.053
0.36156 0.04969
0.35721 0.04644
0.35188 0.04305
0.34543 0.03937
0.3378 0.03539
0.3291 0.031160
0.31954 0.02678
0.30939 0.02237
0.29891 0.01801
0.28823 0.01376
0.27748 0.00967
0.2667 0.00576
0.25587 0.00204
0.24498 -0.00149
0.23396 -0.00485
0.22278 -0.00807
0.21137 -0.01118
0.19971 -0.01422
0.18781 -0.01722
0.17573 -0.0202
0.16357 -0.02316
0.1515 -0.02606
0.1397 -0.02884
0.12834 -0.031410
0.11762 -0.03369
0.10765 -0.03555
0.09838 -0.03695
0.08967 -0.03785
0.0814 -0.03827
0.07348 -0.03821
0.06584 -0.037680
0.05848 -0.03669
0.05138 -0.03526
0.04456 -0.03342
0.03809 -0.0312
0.03204 -0.02869
0.02653 -0.026
0.02167 -0.023280
0.017490 -0.02065
0.01398 -0.01815
0.011060 -0.01581
0.00865 -0.01362
0.006650 -0.011570
0.005 -0.00966
0.00364 -0.00786
0.00252 -0.00617
0.00162 -0.0045700
0.00091 -0.00306
0.00038 -0.001610
0.000086 -0.00022
-0.00012 0.00112000
0.000005 0.00248
0.00058 0.003730
0.00163 0.00473
0.003 0.00549
0.00462 0.00609
0.00648 0.006620
0.00864 0.00711
0.01117 0.00759
0.0142 0.00808
0.0179 0.00859
0.02252 0.00913
0.0284 0.00971
0.03581 0.01033
0.04473 0.01093
0.05475 0.01141
0.065550 0.01168
0.077040 0.01177
0.08911 0.01174
0.101570 0.01166
0.1142 0.01156
0.12681 0.01147
0.13926 0.01142
0.151520 0.01144
0.16358 0.01156
0.17542 0.011810
0.187070 0.01221
0.19854 0.01278
0.20985 0.01354
0.22102 0.01451
0.2320600 0.01569
0.24299 0.0171
0.25381 0.01875
0.26454 0.02064
0.275190 0.02277
0.28575 0.02515
0.29619 0.02777
0.30648 0.03062
0.31652 0.03367
0.32617 0.03688
0.3352 0.04016
0.34338 0.04343
0.35052 0.04661
0.35659 0.04967
0.36169 0.05259
0.36593 0.05538
0.37022 0.05864
-Inserting Flap s1223rtl-
0.53253 0.17109
0.53197 0.169650
0.53116 0.16755
0.53009 0.16536
0.52864 0.163060
0.52676 0.16052
0.52441 0.157650
0.52156 0.15443
0.51826 0.15089
0.51458 0.14714
0.51063 0.14326
0.50652 0.13935
0.5023 0.13545
0.49802 0.13161
0.49368 0.12785
0.48929 0.124180
0.48484 0.12058
0.4803 0.11704
0.47566 0.11353
0.47089 0.11004
0.46599 0.1065300
0.46097 0.10299
0.45587 0.09944
0.45072 0.09588
0.44561 0.09236
0.44060 0.08895
0.43576 0.08571
0.43116 0.08273
0.42684 0.08007
0.42277 0.07776
0.41886 0.07578
0.41508 0.0741
0.41137 0.07271
0.40771 0.07159
0.40409 0.07073
0.40052 0.07012
0.39701 0.06976
0.39359 0.069640
0.39032 0.06973
0.38727 0.06999
0.38451 0.07039
0.38208 0.07088
0.38 0.07141
0.37822 0.07198
0.3767 0.07257
0.3754 0.0731700
0.37429 0.07377
0.37333 0.07436
0.3725 0.07495
0.3718 0.07553
0.37119 0.07612
0.37069 0.0767
0.37028 0.07728
0.36996 0.07788
0.36978 0.07854
0.36982 0.07923
0.37013 0.07988
0.37064 0.08048
0.37128 0.08105
0.37206 0.08163
0.37298 0.08225
0.37407 0.08292
0.3754 0.08369
0.37704 0.08459
0.3791 0.08568
0.38174 0.087
0.38509 0.08862
0.38914 0.0905
0.39374 0.09251
0.39873 0.09458
0.40407 0.09668
0.40971 0.09883
0.41554 0.10102
0.42146 0.10324
0.42736 0.10545
0.43318 0.10766
0.4389 0.10987
0.4445 0.11209
0.44999 0.11432000
0.45536 0.1166
0.46061 0.11892
0.46575 0.1213
0.47079 0.12375
0.47573 0.12629
0.48058 0.1289
0.48534 0.13161
0.49001 0.1344200
0.4946 0.13732
0.4991 0.14032
0.5035 0.14342
0.507790 0.14659
0.51193 0.14981
0.515860 0.15304
0.519490 0.15619
0.52272 0.15918
0.52549 0.16194
0.52778 0.16446
0.529630 0.16674
0.531110 0.1688
0.53253 0.17109
-Inserting Flap s1223rtl-
0.65607 0.29733
0.65564 0.29584
0.65501 0.29368
0.65414 0.29141
0.65289 0.28899
0.65124 0.2863
0.64915 0.28324
0.64659 0.27977
0.64361 0.27596
0.64027 0.2719
0.63668 0.2677
0.63292 0.26344
0.62906 0.25919
0.62512 0.255
0.62113 0.250870
0.61708 0.24683
0.61296 0.24285
0.60875 0.23893
0.60443 0.235030
0.59998 0.23114
0.59541 0.22722
0.590720 0.22326
0.58594 0.21927
0.58113 0.21527
0.57634 0.21132
0.57164 0.20749
0.5671 0.20384
0.56278 0.20047
0.55871 0.19745
0.55485 0.19479
0.55114 0.19247
0.54751 0.19047
0.54394 0.18876
0.54039 0.18733
0.53686 0.18616
0.53336 0.18524
0.529890 0.18458
0.5265 0.18416
0.52323 0.18396
0.520170 0.18396
0.51738 0.18411
0.51493 0.18438
0.5128 0.18474
0.51098 0.18515
0.50941 0.1856
0.50807 0.18609
0.50691 0.18659
0.5059 0.18709
0.50503 0.18761
0.504270 0.1881300
0.50362 0.18866
0.5030700 0.189190
0.50261 0.18974
0.50224 0.19031
0.502 0.19094
0.50199 0.19164
0.50224 0.19231
0.50269 0.19295
0.50328 0.19358
0.504 0.194220
0.5048700 0.19492
0.5059 0.19569
0.50715 0.19657
0.5087 0.19761
0.51066 0.19887
0.51318 0.20042
0.51637 0.20232
0.52025 0.20454
0.52465 0.20696
0.52944 0.20945
0.53458 0.212
0.54002 0.21464
0.54563 0.21733
0.55133 0.22006
0.557020 0.22278
0.562620 0.22549
0.56813 0.22818
0.57352 0.23088
0.578790 0.23359
0.58394 0.23632
0.58897 0.23909
0.593880 0.24191
0.59869 0.24479
0.60339 0.24775
0.60799 0.25078
0.61249 0.25389
0.6169 0.25709
0.62122 0.26038
0.625440 0.26377
0.62956 0.26723
0.63356 0.27077
0.63740 0.27434
0.64104 0.27789
0.64438 0.28135
0.64733 0.28461
0.64985 0.28761
0.65191 0.29031
0.65356 0.29274
0.65485 0.29492
0.65607 0.29733
*.*.Setup: s1223rtl.txt as Flap 1, Inverted: y, Scale = 1.0, AoA = 9.0, Reposition from (0,0) = (0, 0)*.*.
*.*.Setup: s1223rtl.txt as Flap 2, Inverted: y, Scale = 0.5, AoA = 30.0, Reposition from previous T.E. = (0.0, 0.05), Reposition from (0,0) = (0.9877, 0.2064)*.*.
*.*.Setup: s1223rtl.txt as Flap 3, Inverted: y, Scale = 0.5, AoA = 35.0, Reposition from previous T.E. = (-0.08, 0.05), Reposition from (0,0) = (1.3407, 0.5064)*.*.
*.*.Setup: Scale Ratio = 0.37484*.*.