0.38059 0.00788
0.379850 0.00702
0.37835 0.005350
0.37613 0.002870
0.37331 -0.00021
0.37003 -0.00370
0.36645 -0.00737
0.36269 -0.011
0.3589 -0.01442
0.35509 -0.01761
0.35127 -0.02062
0.34744 -0.02346
0.3436 -0.02618
0.33975 -0.02879
0.33589 -0.031320
0.33203 -0.03377
0.32816 -0.036130
0.324290 -0.03842
0.32042 -0.04063
0.31653 -0.04278
0.31265 -0.04486
0.308760 -0.04688
0.30486 -0.04884
0.30096 -0.05075
0.29706 -0.05259
0.29315 -0.054380
0.28924 -0.0561
0.28533 -0.05775
0.28141 -0.05934
0.27748 -0.06086
0.27355 -0.06234
0.26962 -0.06377
0.26569 -0.06517
0.26175 -0.06654000
0.25781 -0.06788
0.25387 -0.06918
0.24993 -0.07044
0.24598 -0.07166
0.242030 -0.07282
0.238080 -0.07393
0.23412 -0.07499
0.23016 -0.076
0.22619 -0.076960
0.22222 -0.07788
0.21825 -0.07875
0.21428 -0.07959
0.2103 -0.08038
0.20632 -0.08114
0.20234 -0.08186
0.19836 -0.08254
0.19437 -0.08318
0.19038 -0.08378
0.186390 -0.08433
0.18239 -0.08483
0.17839 -0.08528
0.17439 -0.08569
0.17038 -0.08604
0.16637 -0.08635
0.16236 -0.08661
0.158340 -0.08683
0.15432 -0.08699
0.1503 -0.08709
0.14627 -0.08715
0.14224 -0.08716
0.1382 -0.08711
0.13416 -0.08702
0.13012 -0.08688
0.12608 -0.08671
0.12203 -0.0865
0.11798 -0.08624
0.113930 -0.08593
0.10987 -0.08554
0.1058 -0.08507
0.10173 -0.08452
0.09766 -0.08387
0.09357 -0.083120
0.08948 -0.08229
0.08539 -0.08136
0.081280 -0.08034
0.07717 -0.07922
0.07305 -0.07797
0.06892 -0.07659
0.06479 -0.07505
0.06063 -0.07335
0.05647 -0.07148
0.0523 -0.069450
0.04811 -0.06726
0.04392 -0.06493
0.03971 -0.0624300
0.035490 -0.05971
0.03125 -0.05668
0.02697 -0.05326
0.02267 -0.04938
0.01836 -0.04499
0.01418 -0.040230
0.01031 -0.03526
0.00693 -0.03025
0.00419 -0.02537
0.00226 -0.02077
0.0009 -0.0129
0.00149 -0.009840
0.00294 -0.00751
0.00523 -0.00597
0.00821 -0.005130
0.01171 -0.004850
0.01556 -0.005
0.0196 -0.00544
0.02367 -0.00607
0.02776 -0.00684
0.03186 -0.00776
0.03596 -0.008810
0.04008 -0.00999
0.0442 -0.01128
0.04833 -0.01268
0.05246 -0.014160
0.0566 -0.01572
0.06075 -0.01733
0.0649 -0.01899
0.06905 -0.02068
0.0732 -0.02239
0.07735 -0.02411
0.0815 -0.02582
0.08565 -0.02752
0.0898 -0.0292
0.09395 -0.03085
0.09809 -0.03248
0.10224 -0.03407
0.10638 -0.035630
0.110520 -0.03715
0.11465 -0.03864
0.11878 -0.0400700
0.12291 -0.04147
0.12704 -0.04282
0.13116 -0.04413
0.13528 -0.04539
0.1394 -0.0466
0.14351 -0.04776
0.14762 -0.048870
0.151730 -0.04993
0.155830 -0.05094
0.15993 -0.05189
0.16402 -0.052790
0.16811 -0.05363
0.1722 -0.054420
0.17628 -0.05514
0.180360 -0.05581
0.18444 -0.05641
0.18851 -0.05695
0.192570 -0.05742
0.19663 -0.05785
0.20069 -0.05822
0.20474 -0.05854
0.2088 -0.05882
0.2128400 -0.05905
0.21689 -0.05923
0.22093 -0.05934
0.22496 -0.05938
0.228990 -0.05934
0.23302 -0.05923
0.23703 -0.05905
0.24105 -0.05879
0.24506 -0.058460
0.24906 -0.05806
0.25306 -0.05759
0.25705 -0.05704
0.26104 -0.05641
0.26502 -0.05571
0.269 -0.05492
0.27297 -0.05405
0.276940 -0.05309
0.2809 -0.05205
0.28485 -0.05092
0.28879 -0.0497
0.292730 -0.04838
0.29667 -0.04697
0.300590 -0.045460
0.30451 -0.04384
0.30842 -0.04211
0.31233 -0.04028
0.3162200 -0.03836
0.32012 -0.03634
0.3240 -0.03423
0.32788 -0.032040
0.33175 -0.02977
0.33562 -0.02743
0.339480 -0.025
0.34334 -0.02251
0.34719 -0.01993
0.35104 -0.017260
0.35487 -0.01447
0.3587 -0.01155
0.36252 -0.00847
0.3663 -0.00525
0.36991 -0.00203
0.37322 0.00101
0.37607 0.00369
0.37832 0.00582
0.37983 0.00726
0.38059 0.00788
-Inserting Flap Ga2-
0.49668 0.093080
0.496540 0.09265
0.49625 0.09180
0.49582 0.09054
0.49527 0.08896
0.4946 0.08717
0.493860 0.085260
0.493040 0.08333
0.49218 0.08148
0.49128 0.07971
0.49034 0.07801
0.48937 0.07636
0.48838 0.07476
0.48737 0.0732
0.48635 0.07166
0.48531 0.07016
0.48426 0.06868
0.483190 0.06724
0.48211 0.06582
0.481010 0.06442
0.47991 0.06304
0.47879 0.06169
0.4776600 0.06036
0.47653 0.05905
0.47538 0.05776
0.47422 0.05649
0.47305 0.05525
0.47186 0.05403
0.47067 0.05283
0.46946 0.05166
0.46824 0.0505
0.46702 0.04936
0.46579 0.04823
0.46455 0.04711
0.463310 0.046
0.462070 0.0449
0.460810 0.04382
0.45955 0.04276
0.45828 0.04171
0.45699 0.040690
0.4557 0.03968
0.4544 0.03869
0.45309 0.03771
0.45177 0.03675
0.45045 0.03581
0.44912 0.03488
0.44778 0.03397
0.44643 0.03307
0.44508 0.03218
0.44372 0.03131
0.44235 0.03045
0.44097 0.02961
0.43959 0.02878
0.43819 0.02797
0.43679 0.02718
0.43538 0.0264
0.433960 0.02564
0.43253 0.0249
0.4311 0.02418
0.429650 0.02348
0.42819 0.02279
0.42673 0.02212
0.42526 0.02147
0.423770 0.02084
0.42228 0.020220
0.42078 0.019630
0.41927 0.01904
0.41775 0.01848
0.41623 0.01792
0.4147 0.01738
0.41316 0.01687
0.4116 0.01637
0.41003 0.01591
0.40845 0.015480
0.40684 0.01508
0.40522 0.01472
0.40359 0.01438
0.40193 0.01408
0.40026 0.01382
0.398580 0.01359
0.39686 0.0134
0.39513 0.01327
0.39336 0.01319
0.39157 0.01317
0.38974 0.0132
0.38789 0.0133
0.38601 0.01345
0.3841 0.01365
0.38216 0.01392
0.38018 0.01426
0.37814 0.01471
0.37604 0.0153
0.37384 0.01606
0.37157 0.017
0.36929 0.0181
0.36709 0.01933
0.36506 0.02064
0.36329 0.02201
0.36186 0.0234
0.36013 0.02609
0.35987 0.02731
0.36004 0.02839
0.36064 0.02932
0.3616 0.03009
0.36285 0.03074
0.36429 0.03129
0.36585 0.03176
0.36744 0.03216
0.36907 0.03252
0.37072 0.03282
0.3724 0.03307
0.3741 0.033280
0.375820 0.03345
0.37755 0.03358
0.37931 0.03368
0.38108 0.03376
0.38286 0.03381
0.38464 0.03385
0.38643 0.03387
0.388230 0.03389
0.39003 0.03391
0.39182 0.03393
0.39362 0.03395
0.39541 0.03398
0.39719 0.03402
0.39897 0.03407
0.40075 0.03413
0.40252 0.0342
0.404280 0.03429
0.40603 0.03439
0.40778 0.03451
0.409520 0.03464
0.41125 0.034790
0.41297 0.03495
0.41468 0.03513
0.41639 0.03533
0.41808 0.03554
0.41977 0.03578
0.42145 0.03603
0.42312 0.0363
0.42478 0.03659
0.42642 0.03690
0.42806 0.03723
0.42969 0.03758
0.43131 0.03795
0.43291 0.03834
0.4345 0.03875
0.436090 0.03919
0.43766 0.03965
0.43922 0.04013
0.44077 0.04063
0.44232 0.04114
0.44385 0.0416700
0.44538 0.04222
0.44689 0.04279
0.4484 0.04338
0.44989 0.04399
0.45137 0.04464
0.45283 0.04531
0.45428 0.0460
0.45572 0.046720
0.45715 0.04747
0.45856 0.04825
0.45996 0.04905
0.461340 0.04987
0.46271 0.05073
0.46407 0.05161
0.46541 0.052520
0.46673 0.05346
0.46805 0.05443
0.46934 0.05543
0.47062 0.05647
0.47188 0.05753
0.47313 0.05863
0.47435 0.05977
0.47556 0.06094
0.47675 0.06215
0.47792 0.0634
0.47907 0.06468
0.48021 0.066
0.48132 0.06735
0.48243 0.06873
0.48351 0.07015
0.48458 0.07159
0.48564 0.07305
0.48668 0.07455
0.48771 0.07607
0.48873 0.07762
0.48973 0.07921
0.49071 0.08083
0.49166 0.08251
0.49258 0.08424
0.49347 0.08602
0.4943 0.08777
0.49504 0.0894
0.49567 0.0908300
0.49617 0.09197
0.4965 0.09274
0.49668 0.093080
-Inserting Flap Ga2-
0.612080 0.23056
0.61214 0.23011
0.61223 0.22921
0.61236 0.22789
0.612510 0.22622
0.61266 0.22432
0.61278 0.22227
0.612840 0.22018
0.612830 0.21814
0.61275 0.21615
0.61261 0.21421
0.61242 0.21231
0.61219 0.21045
0.61192 0.2086
0.61163 0.20678
0.61132 0.20498
0.61097 0.20320
0.61061 0.20144
0.61022 0.1997
0.60981 0.19797
0.60938 0.19626
0.60892 0.19457
0.60846 0.19289
0.60797 0.19122
0.60746 0.18957
0.60694 0.18793
0.60639 0.18631
0.60583 0.18471
0.60524 0.18312
0.60463 0.18155
0.60401 0.17999
0.60338 0.17844
0.60273 0.1769
0.60207 0.17537
0.60141 0.17385
0.60073 0.17233
0.60004 0.17082
0.599340 0.16933
0.59862 0.16785
0.59788 0.16638
0.59713 0.16493
0.59636 0.16348
0.59558 0.16205
0.59478 0.160630
0.59397 0.15922
0.593150 0.15782
0.59231 0.15643
0.59146 0.15505
0.59060 0.15368
0.58973 0.15232
0.58885 0.15096
0.58795 0.14962
0.58703 0.1483
0.58611 0.14698
0.58516 0.14567
0.58420 0.14438
0.58323 0.1431
0.58224 0.14183
0.58124 0.14057
0.58022 0.13933
0.57918 0.1381
0.57813 0.136880000
0.57706 0.13567
0.57598 0.134480
0.57488 0.1333
0.57376 0.132130
0.57263 0.13097
0.57149 0.129820
0.57034 0.12868
0.56917 0.12755
0.56799 0.12644
0.56678 0.12534
0.56555 0.12427
0.56429 0.123210
0.56299 0.122180
0.56167 0.12117
0.56033 0.12019
0.55895 0.119230
0.557540 0.11829
0.5561 0.11738
0.55462 0.116490
0.5531 0.115650
0.55153 0.114840
0.549910 0.11407
0.54824 0.11334
0.54651 0.11265
0.54474 0.112
0.54292 0.11139
0.54105 0.11082
0.5391 0.11031
0.53707 0.10987
0.53491 0.10953
0.5326 0.1093
0.53014 0.10921
0.52761 0.10925
0.52509 0.10945
0.5227 0.1098
0.52052 0.11030
0.51864 0.11097
0.51595 0.11269
0.5152 0.11369
0.5149 0.11475
0.51506 0.11584
0.51562 0.11694
0.51648 0.11805
0.51756 0.11915
0.51878 0.12023
0.520060 0.12126
0.52139 0.12226
0.52277 0.12323
0.52418 0.12416
0.52564 0.12506
0.52713 0.12593
0.52866 0.12677
0.53021 0.12760
0.53178 0.1284
0.53338 0.12919
0.53499 0.12997
0.5366 0.13074
0.53823 0.13151
0.53985 0.13228
0.541480 0.13304
0.5431 0.13381
0.54471 0.13459
0.54632 0.13537
0.54792 0.13615
0.54951 0.136950
0.55108 0.13775
0.55265 0.13857
0.5542 0.13939
0.55574 0.14023
0.55726 0.141070
0.55877 0.14193
0.56027 0.14279
0.56175 0.14367
0.56322 0.144570
0.56467 0.14547
0.56611 0.14638
0.56753 0.14731
0.56893 0.14825
0.57031 0.14921
0.57168 0.15018
0.57303 0.15116
0.574370 0.15216
0.57568 0.15317
0.57698 0.1542
0.57825 0.15524
0.57951 0.1563
0.58074 0.15737
0.58196 0.15846
0.58317 0.15956
0.58435 0.16067
0.58553 0.16179
0.58669 0.16293
0.58783 0.16408
0.58895 0.16524
0.59005 0.16642
0.59112 0.16762
0.59217 0.16884
0.5932 0.17008
0.594210 0.17134
0.59519 0.17261
0.59615 0.1739
0.59709 0.17521
0.598 0.17654
0.59889 0.17789
0.59975 0.17926
0.60059 0.18065
0.6014 0.182050
0.60219 0.18348
0.60295 0.18494
0.603680 0.18641
0.60438 0.1879
0.60505 0.18942
0.60569 0.19097
0.6063 0.19254
0.60688 0.19413
0.60742 0.19575
0.60793 0.19740
0.60841 0.19907
0.60887 0.20077
0.60929 0.20248
0.60969 0.20422
0.61006 0.20597
0.610410 0.20775
0.61073 0.20954
0.61103 0.21136
0.61131 0.21319
0.61155 0.21505
0.61176 0.21693
0.61193 0.21885
0.61205 0.22081
0.61211 0.2228
0.61214 0.22473
0.61213 0.22653
0.6121 0.22809
0.61208 0.22933
0.61206 0.23017
0.612080 0.23056
*.*.Setup: Ga2.txt as Flap 1, Inverted: y, Scale = 1.0, AoA = 4.0, Reposition from (0,0) = (0, 0)*.*.
*.*.Setup: Ga2.txt as Flap 2, Inverted: y, Scale = 0.4, AoA = 27.0, Reposition from previous T.E. = (-0.06, 0.06), Reposition from (0,0) = (0.941, 0.0807)*.*.
*.*.Setup: Ga2.txt as Flap 3, Inverted: y, Scale = 0.4, AoA = 51.666666666666664, Reposition from previous T.E. = (0.04, 0.06), Reposition from (0,0) = (1.3463, 0.3048)*.*.
*.*.Setup: Scale Ratio = 0.38021*.*.