0.3531 -0.02973
0.35233 -0.030460
0.35078 -0.03186
0.348490 -0.03394
0.34557 -0.03652
0.34220 -0.03943
0.33852 -0.04248
0.3347 -0.04548
0.33085 -0.048270
0.32702 -0.05086
0.32319 -0.05327
0.31936 -0.055520
0.31554 -0.057670
0.31172 -0.05971
0.30791 -0.06168
0.30409 -0.06357
0.30029 -0.06538
0.29648 -0.06712
0.29267 -0.06879
0.28887 -0.0704
0.28507 -0.07195
0.28127 -0.07344
0.27748 -0.07488
0.27368 -0.07626
0.26989 -0.07759
0.2661 -0.07887
0.26231 -0.08008
0.25852 -0.08123
0.25474 -0.08231
0.25096 -0.08334
0.24718 -0.08433
0.2434 -0.08527
0.23962 -0.08618
0.23584 -0.08707
0.23207 -0.08792
0.22829 -0.08875
0.22452 -0.08953
0.22075 -0.09027
0.21698 -0.09096
0.21321 -0.0916
0.20944 -0.0922
0.20567 -0.09275
0.20191 -0.09325
0.19815 -0.09372
0.19439 -0.09414
0.19063 -0.094530
0.186870 -0.09488
0.18311 -0.09519
0.17936 -0.09547
0.1756 -0.09571
0.17185 -0.09592
0.1681 -0.09608
0.16435 -0.0962
0.1606 -0.096280
0.15685 -0.09631
0.1531 -0.09629
0.14936 -0.09624
0.14562 -0.09613
0.14188 -0.09598
0.13814 -0.09579
0.1344 -0.09554
0.13066 -0.09525
0.12693 -0.09491
0.1232 -0.09452
0.11946 -0.09409
0.11574 -0.09361
0.11201 -0.09309
0.10828 -0.09254
0.10455 -0.0919500
0.10083 -0.09132
0.09711 -0.09063
0.09339 -0.08988
0.08967 -0.08905
0.08596 -0.08814
0.08225 -0.08714
0.07854 -0.08606
0.07483 -0.084890
0.07113 -0.08363
0.06743 -0.08229
0.06373 -0.08085
0.06004 -0.079290
0.05635 -0.07761
0.05267 -0.07578
0.049 -0.0738
0.045320 -0.07167
0.04166 -0.06938
0.038 -0.06695
0.03434 -0.06438
0.03069 -0.06166
0.02704 -0.05873
0.02341 -0.055510
0.01979 -0.05193
0.01618 -0.04792
0.01262 -0.04344
0.00922 -0.038620
0.00612 -0.03365
0.00347 -0.02868
0.00141 -0.02389
7e-05 -0.01945
-0.00042 -0.012030
0.00043 -0.00925
0.002 -0.00724
0.00426 -0.00603
0.0071 -0.00554
0.01037 -0.00563
0.01392 -0.00614
0.01761 -0.00695
0.02133 -0.007920
0.02503 -0.00904
0.02874 -0.01028
0.03243 -0.01165
0.03613 -0.01314
0.03982 -0.01474
0.04351 -0.01644
0.04719 -0.01821
0.05087 -0.020060
0.05455 -0.02196
0.05823 -0.02389
0.06191 -0.02586
0.06559 -0.02785
0.06926 -0.02984
0.07294 -0.031830
0.07662 -0.03381
0.08029 -0.03577
0.08397 -0.0377
0.08765 -0.03961
0.09133 -0.04149
0.09501 -0.04334
0.0987 -0.04515
0.10238 -0.04692
0.10607 -0.04866
0.10975 -0.05035
0.11344 -0.052
0.11713 -0.05361
0.12082 -0.05518
0.12452 -0.0567
0.12821 -0.05818
0.13191 -0.05960
0.13561 -0.06099
0.13931 -0.06232
0.14301 -0.0636
0.14671 -0.06483
0.15041 -0.06601
0.15412 -0.06713
0.15783 -0.0682
0.16154 -0.06921
0.165250 -0.07017
0.16897 -0.07106
0.17269 -0.0719
0.17641 -0.072690
0.18013 -0.07342
0.18385 -0.07412
0.18757 -0.07477
0.1913 -0.07538
0.19502 -0.07593
0.19875 -0.07643
0.20248 -0.07686
0.20622 -0.07722
0.20995 -0.07751
0.21369 -0.077730
0.21743 -0.07788
0.22118 -0.07797
0.22492 -0.077980
0.22867 -0.0779300
0.232420 -0.07781
0.23617 -0.077620
0.23993 -0.07736
0.24369 -0.07702
0.24745 -0.0766
0.25121 -0.0761
0.25498 -0.07552
0.25875 -0.07486
0.26252 -0.07411
0.26629 -0.07328
0.27007 -0.07235
0.27385 -0.07133
0.27764 -0.07021
0.28143 -0.069
0.28522 -0.06768
0.2890200 -0.06628
0.29281 -0.06479
0.29661 -0.06321
0.30042 -0.06156
0.30422 -0.05984
0.30803 -0.05805
0.31184 -0.05618
0.315660 -0.05424
0.31948 -0.05223
0.32329 -0.05013
0.32712 -0.04793
0.33095 -0.04559
0.33478 -0.04311
0.33859 -0.0405
0.34225 -0.03787
0.34561 -0.03538
0.34851 -0.03318
0.3508 -0.03142
0.35234 -0.03023
0.3531 -0.02973
-Inserting Flap Ga2-
0.48451 0.078220
0.48445 0.0778
0.48432 0.07698
0.48413 0.07576
0.48388 0.07422
0.48356 0.07246
0.48319 0.07059
0.48275 0.0687
0.48226 0.06686
0.48172 0.06509
0.48113 0.06338
0.48051 0.06171
0.47986 0.060090
0.47919 0.05849
0.4785 0.05692
0.47779 0.05537
0.477060 0.05385
0.47632 0.05235
0.47556 0.05087
0.47478 0.04941
0.47399 0.04797
0.47318 0.04655
0.47236 0.04515
0.47153 0.04377
0.47069 0.0424
0.46983 0.04105
0.46896 0.03972
0.46807 0.03841
0.46717 0.03712
0.46625 0.03585
0.46532 0.034590
0.46439 0.03334
0.46344 0.03211
0.46249 0.03088
0.46153 0.02967
0.46057 0.02846
0.45959 0.02727
0.4586 0.02609
0.45761 0.02492
0.4566 0.02378
0.45557 0.02264
0.454540 0.02152
0.4535 0.02042
0.452450 0.01933
0.45139 0.018250
0.45031 0.01718
0.44923 0.01613
0.44814 0.015080
0.44705 0.01405
0.44594 0.013030
0.44483 0.01202
0.4437 0.01103
0.44256 0.01005
0.44142 0.00908
0.44026 0.008130
0.43909 0.00719
0.43791 0.00626
0.43672 0.00535
0.43552 0.00446
0.43431 0.003580
0.43309 0.00271
0.43186 0.00186
0.43061 0.00103
0.42935 0.00021
0.42808 -0.00059
0.4268 -0.00138
0.42551 -0.00216
0.42421 -0.00293
0.42291 -0.00368
0.42159 -0.00442
0.42026 -0.00515
0.41892 -0.005850
0.41755 -0.00653
0.41617 -0.00718
0.41476 -0.0078
0.41334 -0.0084
0.41189 -0.00897
0.41042 -0.00951
0.40893 -0.01002
0.40742 -0.01051
0.40588 -0.01095
0.40431 -0.01136
0.402710 -0.01172
0.40107 -0.01203
0.39939 -0.01229
0.39767 -0.01250
0.39592 -0.01267
0.39414 -0.01279
0.39232 -0.01286
0.3904500 -0.01287
0.38851 -0.01278
0.38648 -0.01258
0.38435 -0.01224
0.38212 -0.01175
0.37985 -0.01111
0.37763 -0.01034
0.37556 -0.00946
0.37371 -0.00849
0.372180 -0.007450
0.37016 -0.00526
0.36972 -0.00419
0.3697 -0.00317
0.3701 -0.00222
0.37086 -0.00135
0.3719 -0.00056
0.37313 0.00018
0.37448 0.00086
0.37588 0.00149
0.377320 0.00207
0.37878 0.00262
0.38028 0.00312
0.3818 0.00359
0.38335 0.00402
0.38492 0.00442
0.38651 0.0048
0.38812 0.00515
0.38974 0.00549
0.39138 0.00581
0.39301 0.00613
0.39466 0.00643
0.3963 0.00674
0.39795 0.007050
0.39959 0.00736
0.40122 0.00767
0.40285 0.008
0.40448 0.00833
0.4061 0.00867
0.4077 0.00903
0.40931 0.00939
0.4109 0.00977
0.41248 0.01016
0.41405 0.01056
0.41561 0.01097
0.41717 0.0114
0.41871 0.01184
0.42024 0.0123
0.42176 0.01277
0.42327 0.01326
0.42477 0.01376
0.42625 0.01428
0.42772 0.01481
0.42919 0.01536
0.43063 0.01593
0.43207 0.01651
0.43349 0.01711
0.4349 0.01773
0.43629 0.01837
0.43767 0.01903
0.43904 0.0197
0.44039 0.02039
0.44174 0.0211
0.443070 0.02182
0.44439 0.02255
0.4457 0.0233
0.447 0.02407
0.44828 0.02485
0.44955 0.02566
0.4508 0.02649
0.45204 0.02734
0.45325 0.02821
0.45445 0.02911
0.45564 0.03002
0.45681 0.03096
0.457960 0.031920
0.4591 0.0329
0.46022 0.0339
0.46132 0.03493
0.4624 0.03598
0.46346 0.03706
0.46451 0.03816
0.46553 0.03929
0.46654 0.04045
0.467520 0.04163
0.46848 0.04284
0.46943 0.04407
0.47035 0.04534
0.47124 0.04664
0.47211 0.04798
0.47296 0.04934
0.47379 0.05073
0.47459 0.05215
0.47538 0.0536
0.47614 0.055070
0.47689 0.056560
0.47763 0.05808
0.47834 0.05962
0.47904 0.06118
0.47972 0.06277
0.48038 0.06438
0.48101 0.06603
0.48161 0.067720
0.48218 0.06945
0.482710 0.07122
0.48318 0.07296
0.4836 0.07458
0.48395 0.076
0.48422 0.07712
0.4844 0.07788
0.48451 0.078220
-Inserting Flap Ga2-
0.6036900 0.20172
0.60369 0.2013
0.60368 0.20046
0.60366 0.19923
0.60362 0.19767
0.60355 0.19589
0.60344 0.19398
0.60327 0.19204
0.60304 0.19016
0.60275 0.18833
0.60241 0.18655
0.602030 0.18482
0.60161 0.18312
0.60117 0.18144
0.600710 0.17979
0.60022 0.17816
0.59971 0.17655
0.59918 0.17496
0.59863 0.173390
0.59806 0.17184
0.59748 0.170310
0.59688 0.1687900
0.59627 0.16728
0.59564 0.1658
0.59499 0.16432
0.594330 0.16287
0.59365 0.16143
0.59295 0.16001
0.59224 0.15861
0.59151 0.15722
0.590760 0.15584
0.59001 0.15448
0.58925 0.15313
0.58847 0.15178
0.58769 0.15044
0.58691 0.14911
0.58611 0.14779
0.58529 0.1464900
0.58447 0.1452
0.58363 0.14392
0.58277 0.142660
0.58191 0.14141
0.58103 0.14017
0.58014 0.13894
0.57924 0.13772
0.57832 0.13652
0.5774 0.13532
0.57647 0.13414000
0.57552 0.13296
0.57457 0.13180
0.57361 0.13064
0.57263 0.1295
0.57164 0.12837
0.57064 0.12725
0.56963 0.12615
0.5686 0.12506
0.56756 0.12398
0.56651 0.12291
0.56545 0.12186
0.56437 0.12082
0.56328 0.11979
0.56218 0.11878
0.56106 0.11778
0.55993 0.11679
0.55878 0.11582
0.55762 0.11486
0.55645 0.11391
0.55528 0.11297
0.554090 0.11204
0.55289 0.11112
0.55167 0.11022
0.55044 0.10934
0.54918 0.10848
0.5479 0.10764
0.546590 0.10683
0.54527 0.10604
0.54391 0.10527
0.542540 0.10453
0.541130 0.10382
0.53970 0.10313
0.538240 0.10247
0.53674 0.101850
0.5352 0.10127
0.53362 0.10074
0.532 0.10025
0.53033 0.0998
0.52862 0.099390
0.52687 0.099020
0.52508 0.0987
0.52322 0.09843
0.52129 0.09824
0.51926 0.09816
0.5171 0.0982
0.51482 0.09838
0.51248 0.0987
0.51018 0.09915
0.508 0.09973
0.50604 0.10043
0.50437 0.10125
0.50207 0.1031300
0.50149 0.10414
0.50133 0.10515
0.50159 0.10614
0.50222 0.1071
0.50314 0.10804
0.50426 0.10894
0.5055 0.1098
0.5068 0.11062
0.50814 0.1114
0.50951 0.11214
0.51092 0.11285
0.51237 0.11352
0.51384 0.114170
0.51534 0.11478
0.51687 0.11538
0.51841 0.115950
0.51997 0.11651
0.52154 0.11706
0.52312 0.11759
0.5247 0.11813
0.52629 0.11866
0.527880 0.11919
0.52946 0.11973
0.53103 0.12027
0.5326 0.12082
0.53417 0.12137
0.53572 0.121940
0.53726 0.122510
0.5388 0.12309
0.54032 0.12369
0.54184 0.12429
0.54334 0.12491
0.54483 0.12554
0.5463 0.12618
0.54777 0.12683
0.54922 0.1275
0.55066 0.12818
0.55209 0.12887
0.55350 0.1295700
0.5549 0.13029
0.55628 0.13102
0.55765 0.13177
0.55901 0.132530
0.56035 0.13331
0.56167 0.13411
0.56298 0.13492
0.56427 0.13574
0.56555 0.13658
0.56681 0.13744
0.56805 0.13832
0.56928 0.1392
0.57050 0.1401
0.571710 0.14101
0.5729 0.14194
0.57408 0.142880
0.57524 0.143830
0.57639 0.14481
0.57751 0.1458
0.57862 0.14681
0.5797 0.14785
0.58076 0.1489
0.58181 0.14997
0.58284 0.15106
0.58385 0.15217
0.58483 0.1533
0.5858 0.15445
0.58675 0.155620
0.58767 0.15682
0.58858 0.15803
0.58946 0.15927
0.59032 0.16053
0.59115 0.16181
0.591960 0.16312
0.59275 0.16445
0.59351 0.16581
0.59424 0.16719
0.59495 0.1686
0.59562 0.17005
0.59627 0.17151
0.5969 0.17301
0.5975 0.17453
0.59807 0.17607
0.59863 0.17763
0.59916 0.17921
0.59968 0.18082
0.600170 0.18244
0.60065 0.18408
0.6011 0.18575
0.60153 0.18744
0.601920 0.18916
0.60229 0.19092
0.60261 0.19271
0.60288 0.19454
0.60311 0.19633
0.6033 0.19799
0.60345 0.19944
0.60355 0.20059
0.60363 0.20136
0.6036900 0.20172
*.*.Setup: Ga2.txt as Flap 1, Inverted: y, Scale = 1.0, AoA = -2.0, Reposition from (0,0) = (0, 0)*.*.
*.*.Setup: Ga2.txt as Flap 2, Inverted: y, Scale = 0.4, AoA = 37.0, Reposition from previous T.E. = (0.04, 0.08), Reposition from (0,0) = (1.0377, -0.004)*.*.
*.*.Setup: Ga2.txt as Flap 3, Inverted: y, Scale = 0.4, AoA = 45.0, Reposition from previous T.E. = (0.04, 0.08), Reposition from (0,0) = (1.409, 0.301)*.*.
*.*.Setup: Scale Ratio = 0.35393*.*.