0.34624 0.03639
0.344210 0.03437
0.34125 0.03141
0.33778 0.02851
0.33358 0.02571
0.328480 0.022820
0.32232 0.01972
0.31505 0.0164
0.306760 0.0129
0.297680 0.00931
0.28806 0.00571
0.27812 0.00218
0.268020 -0.001250
0.25785 -0.00452
0.24765 -0.00762
0.23743 -0.010550
0.22715 -0.01329
0.21677 -0.01587
0.2062400 -0.01832
0.19551 -0.02064
0.18455 -0.0229
0.17337 -0.0251
0.16201 -0.02728
0.15059 -0.029430
0.13926 -0.03154
0.12817 -0.03354
0.11751 -0.03538
0.10746 -0.03696
0.09812 -0.03821
0.08946 -0.03905
0.08134 -0.03947
0.07364 -0.03946
0.06629 -0.03901
0.05924 -0.03815
0.05246 -0.03688
0.04594 -0.03521
0.039710 -0.03316
0.03381 -0.03079
0.02833 -0.02817
0.02335 -0.02541
0.01897 -0.022650
0.01522 -0.02
0.01208 -0.01752
0.00949 -0.0152
0.00736 -0.01306
0.005610 -0.01106
0.00417 -0.00920
0.003 -0.00747
0.00204 -0.00585
0.00128 -0.004320
0.0007 -0.00288
0.00028 -0.00151
0.000055 -0.00021
-6e-05 0.00105
0.00012 0.0023
0.00072 0.00343
0.00174 0.00431
0.003050 0.00494
0.00458 0.005430
0.00633 0.00582
0.00836 0.00617
0.01073 0.0065
0.01356 0.0068
0.01702 0.00709
0.02134 0.007370
0.02682 0.00762
0.03372 0.00784
0.04202 0.007960
0.05134 0.00792
0.06137 0.00765
0.07203 0.00717
0.08322 0.00656
0.09478 0.00588
0.10649 0.00517
0.11818 0.00447
0.129730 0.00382
0.1411 0.00325
0.152280 0.00277
0.16328 0.00243
0.17411 0.00223
0.184780 0.0022
0.19531 0.00236
0.20571 0.00271
0.21601 0.00327
0.22621 0.00405
0.23633 0.00505
0.24638 0.00629
0.25636 0.00775
0.26626 0.00944
0.27608 0.01136
0.28576 0.01350
0.29522 0.01585
0.30432 0.01835
0.31286 0.02096
0.3206 0.0236
0.327380 0.0262
0.33317 0.02873
0.33804 0.0312
0.34211 0.033580
0.34624 0.03639
-Inserting Flap s1223rtl-
0.51097 0.13607
0.51034 0.13478
0.50942 0.1329
0.50825 0.13097
0.50673 0.12896
0.50478 0.12676
0.50237 0.1243
0.49948 0.12154
0.49613 0.11854
0.49242 0.11536
0.48846 0.1121
0.48434 0.10881
0.48012 0.10554
0.475840 0.10234
0.47153 0.09921
0.46717 0.09617
0.462760 0.0932
0.45827 0.090290
0.45369 0.08742
0.449 0.08457
0.44418 0.081720
0.43925 0.07886
0.43424 0.07598
0.42919 0.0731
0.42417 0.07026
0.41926 0.067510
0.41452 0.06491
0.41003 0.06252
0.40581 0.06041
0.40186 0.0586
0.39808 0.05708
0.39444 0.05584
0.3909 0.05485
0.38742 0.054110
0.38401 0.05361
0.38066 0.0533400
0.377380 0.05329
0.3742 0.05345
0.37118 0.0538
0.36838 0.054290
0.36586 0.05488
0.36366 0.05553
0.361770 0.05619
0.36017 0.05686
0.358810 0.057530
0.35766 0.05819
0.35668 0.05883
0.35584 0.05946
0.35512 0.06007
0.35452 0.06067
0.35401 0.06126
0.35358 0.06183
0.35325 0.06241
0.35301 0.06299
0.35289 0.06361
0.35299 0.064240
0.35333 0.06483
0.35384 0.06534
0.3544900 0.06581
0.35525 0.06629
0.35615 0.066780
0.35722 0.06732
0.35851 0.06793
0.3601 0.068630
0.36209 0.06946
0.36464 0.07047
0.36787 0.0717
0.37178 0.07311
0.37619 0.0746
0.38098 0.076110
0.38609 0.07762
0.39148 0.07915
0.39706 0.08071
0.402710 0.082280
0.40835 0.08386
0.41391 0.08543
0.41938 0.08701
0.42475 0.0886
0.43001 0.09023
0.43516 0.0919
0.4402 0.09362
0.44516 0.09541
0.450020 0.09727
0.45479 0.09921
0.4594900 0.1012400
0.46411 0.10336
0.46866 0.10558
0.47314 0.1079
0.47755 0.11031
0.48188 0.11282
0.48610 0.1154
0.4902 0.11805
0.49409 0.12072
0.4977 0.12334
0.50093 0.12585
0.50372 0.12818
0.50604 0.13032
0.50794 0.13228
0.50948 0.134070
0.51097 0.13607
-Inserting Flap s1223rtl-
0.66053 0.26377
0.66013 0.26239
0.65955 0.26038
0.65874 0.25827
0.65758 0.25603
0.65605 0.253530
0.6541100 0.250680
0.65173 0.24746
0.64896 0.243930
0.64586 0.24015
0.64252 0.236250
0.63903 0.23229
0.63544 0.22835
0.63179 0.22445
0.62808 0.22062
0.62432 0.21687
0.62049 0.2131700
0.61658 0.209530
0.612570 0.20591
0.60844 0.20229
0.60419 0.19865
0.59983 0.19497
0.5954 0.19127
0.59093 0.18756
0.58648 0.18389
0.58212 0.18032
0.5779 0.176940
0.573890 0.173810
0.57011 0.171
0.56652 0.16853
0.56307 0.16638
0.5597 0.16452
0.55638 0.162930
0.55309 0.1616
0.54982 0.16051
0.54656 0.1596600
0.54334 0.15905
0.54019 0.15865
0.53715 0.158470
0.53431 0.15847
0.53172 0.15861
0.52944 0.15887
0.52747 0.159190
0.52577 0.15957
0.52432 0.16
0.52307 0.16045
0.52199 0.16091
0.52106 0.16138
0.52025 0.16186
0.51954 0.16234
0.51894 0.16283
0.51842 0.16333
0.51799 0.16384
0.51765 0.16437
0.51743 0.16496
0.51742 0.1656
0.51765 0.16623
0.51807 0.16682
0.51862 0.16741
0.51929 0.168
0.52009 0.16865
0.521050 0.16937
0.52222 0.17019
0.52366 0.17115
0.52548 0.17232
0.52782 0.17376
0.53078 0.17552
0.53438 0.17759
0.53847 0.179830
0.542920 0.18214
0.5477 0.18452
0.55274 0.18696
0.55796 0.189470
0.56325 0.192
0.56853 0.194530
0.57374 0.19704
0.578850 0.19955
0.58386 0.20205
0.58875 0.20457
0.59354 0.2071
0.59821 0.20968
0.60277 0.2123
0.60724 0.21497
0.6116 0.21772
0.61588 0.220530
0.620060 0.22342
0.62416 0.22639
0.62817 0.22945
0.63209 0.23259
0.63591 0.23581
0.63963 0.2391
0.6432 0.24241
0.64657 0.24572
0.64967 0.24893000
0.65242 0.25196
0.65475 0.25474
0.65667 0.25725
0.6582 0.25951
0.6594 0.26153
0.66053 0.26377
*.*.Setup: s1223rtl.txt as Flap 1, Inverted: y, Scale = 1.0, AoA = 6.0, Reposition from (0,0) = (0, 0)*.*.
*.*.Setup: s1223rtl.txt as Flap 2, Inverted: y, Scale = 0.5, AoA = 25.0, Reposition from previous T.E. = (0.02, 0.075), Reposition from (0,0) = (1.0145, 0.1795)*.*.
*.*.Setup: s1223rtl.txt as Flap 3, Inverted: y, Scale = 0.5, AoA = 35.0, Reposition from previous T.E. = (0.02, 0.08), Reposition from (0,0) = (1.4877, 0.4708)*.*.
*.*.Setup: Scale Ratio = 0.34815*.*.