0.34998 0.05543
0.34802 0.053260
0.34517 0.05011
0.34179 0.04697
0.33768 0.0439
0.33264 0.04069
0.32654 0.03722
0.31933 0.03345
0.3111 0.029450
0.30206 0.02532
0.29248 0.02115
0.28256 0.01703
0.27247 0.01301
0.26231 0.00914
0.25211 0.00544
0.24188 0.00193
0.23158 -0.00141
0.22117 -0.00459
0.2106 -0.00763
0.19982 -0.01057
0.18879 -0.01344
0.17754 -0.01628
0.16612 -0.0191
0.15462 -0.02189
0.14322 -0.02464
0.13206 -0.02726
0.12132 -0.02970
0.11119 -0.03184
0.10176 -0.03361
0.093 -0.03493
0.08477 -0.03578
0.07695 -0.03618
0.06946 -0.03612
0.06224 -0.035620
0.05528 -0.03469
0.04857 -0.03334
0.04213 -0.03159
0.03601 -0.02949
0.03029 -0.02712
0.02508 -0.02458
0.02048 -0.022010
0.016530 -0.01952
0.01321 -0.01716
0.010460 -0.01495
0.00818 -0.01288
0.006290 -0.010940
0.00473 -0.00913
0.00344 -0.00743
0.00239 -0.00583
0.00153 -0.0043200
0.00086 -0.00289
0.00036 -0.001520
0.000086 -0.00021
-0.00012 0.00106000
0.000005 0.00234
0.00055 0.003530
0.00154 0.00447
0.00284 0.00519
0.00436 0.00576
0.00613 0.006260
0.00817 0.00672
0.01056 0.00718
0.01342 0.00764
0.01692 0.00812
0.02129 0.00863
0.02685 0.00918
0.03386 0.00976
0.04228 0.01033
0.05176 0.01078
0.061970 0.01104
0.072830 0.01113
0.08424 0.0111
0.096020 0.01102
0.10796 0.01093
0.11988 0.01084
0.13165 0.0108
0.143240 0.01082
0.15463 0.01093
0.16583 0.011170
0.176840 0.01154
0.18769 0.01208
0.19838 0.0128
0.20894 0.01372
0.2193700 0.01483
0.2297 0.01617
0.23993 0.01773
0.25008 0.01951
0.260150 0.02153
0.27012 0.02378
0.27999 0.02625
0.28972 0.02895
0.29921 0.03183
0.30833 0.03486
0.31687 0.03797
0.3246 0.04106
0.33135 0.04406
0.3371 0.04695
0.34191 0.04971
0.34592 0.05235
0.34998 0.05543
-Inserting Flap s1223rtl-
0.50219 0.17477
0.501790 0.17337
0.5012 0.17132
0.50037 0.16917
0.49919 0.16689
0.49763 0.16434
0.49565 0.16145
0.49324 0.15817
0.49042 0.15457
0.48726 0.15073
0.48387 0.14676
0.48031 0.14273
0.47666 0.13872
0.47294 0.13475
0.46917 0.130850
0.46534 0.12703
0.46144 0.12327
0.45746 0.11956
0.45338 0.115880
0.44918 0.1122
0.44485 0.10849
0.44042 0.10475
0.4359 0.10098
0.43135 0.0972
0.42682 0.09347
0.42239 0.08984
0.41809 0.08639
0.41401 0.08321
0.41016 0.08035
0.40651 0.07784
0.403 0.07565
0.399570 0.07376
0.3962 0.07214
0.39284 0.07078
0.38951 0.06968
0.3862 0.06881
0.38292 0.06818
0.37971 0.06779
0.37662 0.0676
0.37372 0.0676
0.37109 0.06775
0.368770 0.068
0.36676 0.06833
0.36504 0.06872
0.36356 0.06915
0.36229 0.06961
0.36119 0.07008
0.36024 0.07056
0.35942 0.07105
0.3587 0.0715400
0.35808 0.07204
0.35756 0.072540
0.35712 0.07306
0.35678 0.0736
0.35655 0.0742
0.35654 0.07485
0.35678 0.0755
0.3572 0.0761
0.35776 0.07669
0.35844 0.07730
0.35926 0.07796
0.36024 0.07869
0.36142 0.07952
0.36289 0.0805
0.36474 0.08169
0.36712 0.08316
0.37014 0.08496
0.3738 0.08706
0.37796 0.08934
0.38249 0.09169
0.38735 0.09411
0.39249 0.0966
0.3978 0.09915
0.40319 0.10172
0.40856 0.1043
0.41386 0.10686
0.41906 0.1094
0.42416 0.11195
0.42914 0.11451
0.43401 0.1171
0.43876 0.11972
0.44341 0.12238
0.447950 0.12511
0.4524 0.1279
0.45675 0.13076
0.461 0.1337
0.46517 0.13673
0.46925 0.13984
0.47324 0.14304
0.47714 0.14632
0.48092 0.14966
0.48455 0.15304
0.48799 0.1564
0.49114 0.15966
0.49394 0.16275
0.49631 0.16558
0.49826 0.16813
0.49982 0.17043
0.501050 0.17249
0.50219 0.17477
-Inserting Flap s1223rtl-
0.654410 0.29942
0.654 0.29802
0.65341 0.295970
0.65258 0.29383
0.65141 0.29154
0.64985 0.289
0.64787 0.2861
0.64546 0.28283
0.64263 0.27923
0.63948 0.27539
0.636080 0.27141
0.63253 0.26739
0.62888 0.26337
0.62516 0.2594
0.62139 0.25551
0.617560 0.251680
0.61366 0.24793
0.60968 0.24422
0.60559 0.24053
0.60139 0.23685
0.597070 0.23314
0.59263 0.2294
0.58812 0.225630
0.58357 0.22185
0.579040 0.21812
0.5746 0.21449
0.57031 0.21105
0.56623 0.20786
0.56238 0.205
0.55873 0.20249
0.55522 0.2003
0.55179 0.19841
0.54841 0.19679
0.54506 0.19543
0.54173 0.19433
0.53841 0.19346
0.53514 0.19284
0.53193 0.19244
0.52884 0.19225
0.52594 0.19225
0.52331 0.1924
0.52099 0.19265
0.51898 0.19299
0.51726 0.19338
0.51578 0.1938
0.51450 0.19426
0.51341 0.19473
0.51246 0.19522
0.5116300 0.195700
0.51092 0.19619
0.5103 0.19669
0.50978 0.1972
0.50934 0.19771
0.50899 0.19825
0.50877 0.19885
0.508750 0.19951
0.50899 0.20015
0.50942 0.20075
0.50998 0.20135
0.51066 0.20196
0.51148 0.20261
0.51245 0.20334
0.51364 0.20417
0.5151 0.20516
0.51696 0.20634
0.519330 0.207810
0.52236 0.20961
0.5260200 0.211710
0.530180 0.21399
0.53471 0.21635
0.53957 0.21876
0.5447 0.22125
0.55001 0.2238
0.5554 0.22637
0.56078 0.22895
0.56608 0.23151
0.57128 0.23406
0.57637 0.23661
0.58136 0.23917
0.586220 0.24175
0.59098 0.24437
0.59563 0.24704
0.60017 0.249760
0.604610 0.25255
0.60896 0.25541
0.61322 0.25836
0.61739 0.26138
0.62147 0.2645
0.62546 0.267690
0.62935 0.27097
0.63313 0.27431
0.63677 0.27769
0.6402 0.28105
0.64336 0.28432
0.64615 0.2874
0.648530 0.29023
0.65048 0.29279
0.652040 0.29508
0.65326 0.29715
0.654410 0.29942
*.*.Setup: s1223rtl.txt as Flap 1, Inverted: y, Scale = 1.0, AoA = 9.0, Reposition from (0,0) = (0, 0)*.*.
*.*.Setup: s1223rtl.txt as Flap 2, Inverted: y, Scale = 0.5, AoA = 35.0, Reposition from previous T.E. = (0.02, 0.05), Reposition from (0,0) = (1.0077, 0.2064)*.*.
*.*.Setup: s1223rtl.txt as Flap 3, Inverted: y, Scale = 0.5, AoA = 35.0, Reposition from previous T.E. = (0.02, 0.065), Reposition from (0,0) = (1.4373, 0.5582)*.*.
*.*.Setup: Scale Ratio = 0.35434*.*.