0.37163 0.03906
0.369450 0.03689
0.36627 0.03372
0.36255 0.03061
0.35804 0.02759
0.352560 0.024490
0.34595 0.02117
0.33815 0.0176
0.329260 0.01385
0.319510 0.00999
0.30919 0.00613
0.29852 0.00234
0.287670 -0.001340
0.27676 -0.00485
0.26581 -0.00818
0.25484 -0.011320
0.24381 -0.01427
0.23267 -0.01704
0.2213700 -0.01966
0.20985 -0.02216
0.19809 -0.02457
0.18608 -0.02694
0.17389 -0.02928
0.16163 -0.031590
0.14947 -0.03385
0.13757 -0.036
0.12613 -0.03797
0.11534 -0.03967
0.10532 -0.04101
0.09602 -0.04192
0.0873 -0.04236
0.07904 -0.04235
0.07116 -0.04188
0.06359 -0.04095
0.0563 -0.03958
0.04931 -0.03779
0.042620 -0.03559
0.03629 -0.03305
0.0304 -0.03023
0.02506 -0.02727
0.02036 -0.024310
0.01633 -0.02147
0.01297 -0.0188
0.01019 -0.01632
0.0079 -0.01401
0.006020 -0.01187
0.00448 -0.009880
0.00322 -0.00802
0.00219 -0.00628
0.00138 -0.004640
0.00075 -0.00309
0.0003 -0.00162
0.000055 -0.00022
-7e-05 0.00113
0.00013 0.00247
0.00077 0.00369
0.00187 0.00463
0.003270 0.00531
0.00491 0.005830
0.0068 0.00625
0.00897 0.00663
0.01152 0.00697
0.01456 0.0073
0.01827 0.00761
0.0229 0.007910
0.02878 0.00818
0.03619 0.00841
0.0451 0.008550
0.05511 0.0085
0.06587 0.00821
0.07731 0.0077
0.08933 0.00704
0.10173 0.00631
0.1143 0.00555
0.12685 0.0048
0.139240 0.0041
0.15145 0.00348
0.163450 0.00298
0.17526 0.00261
0.18688 0.00239
0.198330 0.00237
0.20963 0.00253
0.2208 0.00291
0.23185 0.00351
0.2428 0.00435
0.25366 0.00543
0.26445 0.00675
0.27516 0.00832
0.28579 0.01013
0.29632 0.0122
0.30671 0.01450
0.31687 0.01701
0.32664 0.0197
0.33581 0.0225
0.34412 0.02533
0.351390 0.02812
0.3576 0.03084
0.36283 0.03349
0.3672 0.036040
0.37163 0.03906
-Inserting Flap s1223rtl-
0.54097 0.14605
0.54029 0.14467
0.5393 0.14265
0.53805 0.14057
0.53641 0.13841
0.53433 0.13606
0.53174 0.13341
0.52863 0.13045
0.52504 0.12723
0.52106 0.12382
0.51681 0.12032
0.51238 0.11678
0.50785 0.11328
0.503260 0.10984
0.49863 0.10649
0.49396 0.10322
0.489220 0.10003
0.48441 0.096910
0.47949 0.09383
0.47445 0.09077
0.46928 0.087710
0.46399 0.08464
0.45861 0.08155
0.45319 0.07846
0.44781 0.07541
0.44253 0.072460
0.43744 0.06967
0.43262 0.06711
0.4281 0.06484
0.42385 0.0629
0.4198 0.06127
0.4159 0.05993
0.41209 0.05887
0.40836 0.058080
0.4047 0.05754
0.4011 0.0572500
0.397580 0.0572
0.39417 0.05737
0.39093 0.05774
0.38792 0.058270
0.38522 0.05891
0.38285 0.0596
0.380830 0.06031
0.37911 0.06103
0.377650 0.061750
0.37641 0.06245
0.37536 0.06315
0.37446 0.06382
0.37369 0.06448
0.37304 0.06512
0.37249 0.06575
0.37204 0.06637
0.37168 0.06698
0.37142 0.06761
0.37129 0.06827
0.3714 0.068960
0.37177 0.06958
0.37232 0.07013
0.3730100 0.07064
0.37383 0.07115
0.3748 0.071680
0.37594 0.07226
0.37733 0.07291
0.37903 0.073660
0.38117 0.07455
0.38391 0.07564
0.38738 0.07696
0.39156 0.07847
0.3963 0.08007
0.40144 0.081690
0.40693 0.08331
0.41272 0.08496
0.4187 0.08663
0.424770 0.088320
0.43082 0.09
0.43679 0.09169
0.44266 0.09339
0.44842 0.0951
0.45406 0.09685
0.45959 0.09864
0.46501 0.10049
0.47033 0.10241
0.475540 0.10441
0.48067 0.10649
0.4857100 0.1086700
0.49067 0.11094
0.49556 0.11332
0.50036 0.11581
0.50509 0.1184
0.50974 0.12109
0.514280 0.12387
0.51867 0.12671
0.52285 0.12957
0.52673 0.13239
0.5302 0.13508
0.53318 0.13758
0.53567 0.13988
0.53771 0.14198
0.53936 0.14390
0.54097 0.14605
-Inserting Flap s1223rtl-
0.65764 0.28062
0.65729 0.27912
0.6568 0.27693
0.65606 0.27462
0.65496 0.27214
0.65347 0.26936
0.65157 0.26619
0.64923 0.2626
0.64648 0.25863
0.64339 0.2544
0.64006 0.25001
0.63657 0.245550
0.63297 0.2411
0.62929 0.236690
0.62556 0.23236
0.62177 0.2281
0.617890 0.22391
0.61393 0.21976
0.60985 0.21563
0.60566 0.21149
0.60133 0.20732
0.59689 0.20311
0.59237 0.19887
0.58781 0.19461
0.58327 0.1904
0.57882 0.18631
0.57452 0.18242
0.57041 0.17882
0.56654 0.17557
0.56285 0.1727
0.55929 0.17018
0.55579 0.16798
0.55234 0.16607
0.54889 0.16444
0.54545 0.163070
0.54201 0.16195
0.5386 0.16109
0.53525 0.16048
0.532 0.16009
0.52896 0.15991
0.52618 0.15991
0.52372 0.16003
0.52158 0.16026
0.51974 0.16056
0.51816 0.16092
0.51679 0.16133
0.51561 0.16176
0.51458 0.16221
0.51368 0.16267
0.51290 0.16314
0.51222 0.163630
0.51163 0.16413
0.511140 0.16464
0.51075 0.16519
0.51047 0.16581
0.51042 0.16650
0.51063 0.16719
0.51104 0.16785
0.51159 0.168510
0.51227 0.16919
0.51309 0.169930
0.51408 0.17076
0.51527 0.17171
0.51676 0.17283
0.51863 0.17420
0.52105 0.17589
0.52412 0.177970
0.52784 0.1804
0.53208 0.18306
0.53671 0.185820
0.54168 0.18866
0.54693 0.1916
0.552360 0.19460
0.557880 0.19764
0.56338 0.20068
0.5688 0.2037
0.57413 0.20671
0.579330 0.2097
0.58442 0.2127
0.58939 0.21572
0.59423 0.21877
0.59896 0.221860
0.60358 0.22501
0.60809 0.22822
0.61249 0.2315
0.61679 0.23486
0.62099 0.2383
0.6251 0.24183
0.6291 0.24544
0.633 0.24913
0.63678 0.252880
0.6404 0.25666
0.64381 0.26041
0.646930 0.26404
0.6496800 0.26746
0.65201 0.27058
0.65391 0.27339
0.65541 0.275910
0.65657 0.27815
0.65764 0.28062
*.*.Setup: s1223rtl.txt as Flap 1, Inverted: y, Scale = 1.0, AoA = 6.0, Reposition from (0,0) = (0, 0)*.*.
*.*.Setup: s1223rtl.txt as Flap 2, Inverted: y, Scale = 0.5, AoA = 25.0, Reposition from previous T.E. = (0.0, 0.075), Reposition from (0,0) = (0.9945, 0.1795)*.*.
*.*.Setup: s1223rtl.txt as Flap 3, Inverted: y, Scale = 0.5, AoA = 38.333333333333336, Reposition from previous T.E. = (-0.08, 0.05), Reposition from (0,0) = (1.3677, 0.4408)*.*.
*.*.Setup: Scale Ratio = 0.37368*.*.