0.3623600000 -0.01781
0.36159 -0.01858
0.36006 -0.02007
0.35779 -0.02227
0.3549 -0.02502
0.35155 -0.02812
0.3479 -0.03137
0.34409 -0.03457
0.34026 -0.03757
0.336420 -0.04035
0.33259 -0.04295
0.32876 -0.0454
0.32492 -0.04773
0.32109 -0.04996
0.31726 -0.05211
0.31342 -0.05417
0.30959 -0.05616
0.30576 -0.05808
0.30192 -0.05993
0.29809 -0.06171
0.29426 -0.06344
0.29042 -0.0651
0.28659 -0.0667
0.28276 -0.06826
0.27892 -0.069750
0.27509 -0.07119
0.271260 -0.07256
0.26743 -0.07387
0.26359 -0.07512
0.25976 -0.07631
0.25593 -0.07745
0.25209 -0.07855
0.248260 -0.07962
0.24443 -0.08066
0.24059 -0.081670
0.23676 -0.08265
0.23293 -0.08359
0.22909 -0.08448
0.225260 -0.08532
0.22143 -0.086110
0.21759 -0.08685
0.21376 -0.08755
0.20993 -0.0882
0.2061 -0.08881
0.20226 -0.08938
0.19843 -0.08991
0.1946 -0.0904
0.19076 -0.09086
0.18693 -0.09128
0.1831 -0.09166
0.17926 -0.092
0.17543 -0.09231
0.1716 -0.09256
0.16776 -0.09277
0.16393 -0.09294
0.1601 -0.09306
0.15626 -0.09313
0.15243 -0.09316
0.1486 -0.09314
0.14476 -0.09307
0.14093 -0.09296
0.13710 -0.09279
0.13327 -0.09258
0.12943 -0.09232
0.1256 -0.092
0.12177 -0.09165
0.11793 -0.09125
0.11410 -0.09082
0.11027 -0.09035
0.10643 -0.08983
0.1026 -0.08927
0.09877 -0.088630
0.09493 -0.087920
0.09110 -0.08711
0.08727 -0.08622
0.08343 -0.08525
0.0796 -0.08418
0.07577 -0.08303
0.07194 -0.08179
0.0681 -0.08045
0.06427 -0.07899
0.06044 -0.0774
0.0566 -0.0756600
0.05277 -0.07376
0.04894 -0.0717100
0.0451 -0.06950
0.04127 -0.06715
0.03744 -0.06465
0.0336 -0.06199
0.02977 -0.05912
0.025940 -0.05596
0.0221 -0.052430
0.01827 -0.04845
0.01446 -0.044
0.01081 -0.03919
0.00746 -0.03421
0.00457 -0.02922
0.0023 -0.02439
0.00077 -0.0199
0.000000 -0.01232
0.00077 -0.00945
0.0023 -0.00733
0.00457 -0.00602
0.00746 -0.00542
0.01081 -0.00539
0.01446 -0.00579
0.01827 -0.00648
0.0221 -0.00734
0.025940 -0.00835
0.02977 -0.00949
0.0336 -0.01077
0.03744 -0.01216
0.04127 -0.01366
0.0451 -0.01526
0.04894 -0.01695
0.05277 -0.0187
0.0566 -0.02052
0.06044 -0.02237
0.06427 -0.02425
0.0681 -0.02615
0.07194 -0.02806
0.07577 -0.02996
0.0796 -0.03186
0.08343 -0.03373
0.08727 -0.03558
0.09110 -0.0374
0.09493 -0.03919
0.09877 -0.04095
0.1026 -0.04267
0.10643 -0.04435
0.11027 -0.046
0.11410 -0.0476
0.11793 -0.04916
0.12177 -0.050670
0.1256 -0.05214
0.12943 -0.05357
0.13327 -0.054940
0.13710 -0.0562700
0.14093 -0.05756
0.14476 -0.05879
0.1486 -0.05997
0.15243 -0.06109
0.15626 -0.06216
0.1601 -0.06318
0.16393 -0.06414
0.16776 -0.06505
0.1716 -0.06589
0.17543 -0.06667
0.17926 -0.0674
0.1831 -0.068070
0.18693 -0.068690
0.19076 -0.06927
0.1946 -0.06981
0.19843 -0.070290
0.20226 -0.07073
0.2061 -0.0711
0.20993 -0.07141
0.21376 -0.07164
0.21759 -0.07181
0.22143 -0.0719
0.225260 -0.07192
0.22909 -0.07187
0.23293 -0.07176
0.23676 -0.07157
0.24059 -0.071320
0.24443 -0.07099
0.248260 -0.07058
0.25209 -0.0701
0.25593 -0.06953
0.25976 -0.06889
0.26359 -0.06816
0.26743 -0.06735
0.271260 -0.06645
0.27509 -0.06546
0.27892 -0.06438
0.28276 -0.0632
0.28659 -0.06192
0.29042 -0.06054
0.29426 -0.05906
0.29809 -0.05749
0.30192 -0.05583
0.30576 -0.05408
0.30959 -0.05226
0.31342 -0.050360
0.31726 -0.04839
0.32109 -0.04634
0.32492 -0.04422
0.32876 -0.04203
0.33259 -0.03974
0.336420 -0.03735
0.34026 -0.03483
0.34409 -0.032150
0.3479 -0.02934
0.35155 -0.02652
0.3549 -0.02385
0.35779 -0.02149
0.36006 -0.019610
0.36159 -0.01835
0.3623600000 -0.01781
-Inserting Flap Ga2-
0.484820 0.0891
0.48476 0.08867
0.48463 0.08782
0.48443 0.08657
0.48417 0.0850
0.48385 0.0832
0.483460 0.08129
0.48302 0.07935
0.48252 0.077470
0.48196 0.07565
0.481360 0.0739
0.48073 0.0722
0.48006 0.07053
0.47938 0.06889
0.47867 0.06728
0.47794 0.0657
0.4772 0.06414
0.47643 0.062610
0.47565 0.0611
0.474860 0.0596
0.47405 0.05813
0.47322 0.05668
0.47239 0.05524
0.47153 0.05382
0.47067 0.05242
0.46979 0.05104
0.4689 0.04968
0.46799 0.04834
0.46706 0.04701
0.46613 0.04571
0.46518 0.04442
0.46422 0.04315
0.46325 0.04189
0.46228 0.04063
0.461290 0.03939
0.4603100 0.03815
0.45931 0.03693
0.4583 0.03572
0.45727 0.03453
0.45624 0.03335
0.45519 0.03219
0.45414 0.03105
0.45307 0.02992
0.45199 0.0288
0.450910 0.02770
0.44981 0.0266
0.4487 0.02552
0.44759 0.02446
0.44646 0.0234
0.44533 0.02235
0.44419 0.021320
0.44304 0.0203
0.44187 0.0193
0.4407 0.01831
0.43952 0.017330
0.43832 0.01637
0.43711 0.01542
0.4359 0.01449
0.43467 0.01358
0.43343 0.012680
0.43217 0.01179
0.43091 0.01092
0.42963 0.01006
0.42835 0.00923
0.42705 0.00840
0.42574 0.00759
0.42442 0.0068
0.42309 0.00601
0.42175 0.00524
0.4204 0.004480
0.419040 0.00374
0.41766 0.003020
0.41627 0.00233
0.41485 0.00166
0.41341 0.001020
0.41195 0.00041
0.41047 -0.00017
0.40897 -0.00073
0.40744 -0.00125
0.4059 -0.00175
0.4043200 -0.0022
0.40271 -0.00262
0.40107 -0.00299
0.39939 -0.0033
0.39767 -0.00357
0.39592 -0.003790
0.39412 -0.003960
0.3923 -0.00408
0.39043 -0.00416
0.388520 -0.00416
0.386530 -0.00407
0.38446 -0.00387
0.38228 -0.00352
0.37999 -0.00301
0.37766 -0.00236
0.375390 -0.00157
0.373270 -0.00067
0.3713800 0.00032
0.369810 0.001390
0.36774 0.00362
0.3673 0.00472
0.36727 0.00577
0.36769 0.00674
0.36846 0.00762
0.36953 0.00844
0.37079 0.00919
0.37217 0.00989
0.3736 0.01053
0.37507 0.011140
0.376570 0.01169
0.3781 0.01221
0.37966 0.01269
0.38125 0.01313
0.38286 0.01354
0.38449 0.01393
0.38614 0.01429
0.3878 0.01463
0.38947 0.01496
0.39114 0.01528
0.39283 0.0156
0.39451 0.01591
0.396190 0.016230
0.39787 0.01654
0.39955 0.01687
0.40122 0.01720
0.40288 0.017540
0.40454 0.01789
0.40618 0.01825
0.40782 0.01863
0.40945 0.01901
0.41107 0.01941
0.41268 0.01982
0.41428 0.020250
0.41587 0.02068
0.41745 0.02114
0.419020 0.0216
0.42057 0.02209
0.42212 0.02259
0.42365 0.0231
0.42517 0.02363
0.42668 0.02417
0.42818 0.02474
0.42966 0.02532
0.43113 0.02591
0.43258 0.02653
0.43403 0.02717
0.43545 0.027820
0.43687 0.02849
0.43827 0.02918
0.43965 0.02989
0.44103 0.03061
0.44239 0.03135
0.44374 0.0321
0.44509 0.03287
0.44641 0.03365
0.44773 0.03446
0.44903 0.03528
0.45031 0.03613
0.4515700 0.037
0.452820 0.03789
0.45405 0.03881
0.45526 0.03975
0.45646 0.04071
0.45764 0.041690
0.45880 0.04269
0.459950 0.043720
0.46107 0.04477
0.46218 0.04585
0.46327 0.04695
0.46434 0.04808
0.46539 0.04924
0.46642 0.05042
0.46743 0.05163
0.46841 0.05287
0.46938 0.05414
0.47032 0.05544
0.47123 0.05677
0.47213 0.05813
0.47299 0.05953
0.47384 0.060950
0.47466 0.06241
0.47547 0.06389
0.47626 0.06539
0.47702 0.06692
0.47777 0.06847
0.4785 0.07005
0.47922 0.07165
0.47992 0.07327
0.48059 0.07493
0.48124 0.07661
0.481850 0.0783400
0.48244 0.08012
0.48297 0.08193
0.48346 0.08372
0.48389 0.08537
0.48425 0.08682
0.48452 0.08797
0.4847 0.08874
0.484820 0.0891
-Inserting Flap Ga2-
0.60684 0.21554
0.60684 0.21511
0.60683 0.21425
0.60681 0.21299
0.6067700 0.21139
0.6067 0.20957
0.606590 0.20762
0.60642 0.20563
0.60618 0.2037
0.60588 0.20183
0.60553 0.20001
0.60514 0.19823
0.60472 0.19649
0.60426 0.194780
0.60379 0.19308
0.60329 0.19142
0.60276 0.18977
0.60222 0.18814
0.60166 0.186540
0.60108 0.18495
0.600480 0.18338
0.59987 0.181820
0.59924 0.18028
0.59859 0.17876
0.59793 0.17725
0.59726 0.17576
0.59656 0.17429
0.59585 0.17283
0.59512 0.1714
0.59437 0.16998
0.59361 0.16857
0.59283 0.16717
0.59205 0.16579
0.59126 0.16441
0.59046 0.16304
0.58966 0.16168
0.58884 0.16033
0.58801 0.158990
0.58716 0.15767
0.5863 0.15636
0.585420 0.155070
0.58454 0.15379
0.583640 0.15252
0.58273 0.15126
0.5818 0.15002
0.58087 0.14878
0.57992 0.14756
0.57897 0.146350
0.578 0.145140
0.57703 0.143950
0.576040 0.14277000
0.57504 0.1416
0.57403 0.140440
0.573 0.1393
0.57197 0.13817
0.57092 0.13705
0.56985 0.13595
0.56878 0.13485
0.567690 0.13378
0.56658 0.13271
0.56547 0.13166
0.56434 0.13062
0.56319 0.1296
0.56203 0.12859
0.56086 0.12759
0.55968 0.12661
0.558480 0.12564
0.55727 0.12467
0.55606 0.12372
0.55483 0.12278
0.55358 0.12186
0.55232 0.12096
0.55103 0.12007
0.54972 0.11922
0.54838 0.11838
0.54702 0.11758
0.54564 0.11679
0.54423 0.11604
0.54279 0.1153
0.54133 0.1146
0.539830 0.1139300
0.5383 0.113290
0.53672 0.1127
0.5351 0.11215
0.53344 0.11165
0.53173 0.11119
0.52998 0.110770
0.52819 0.11039
0.526350 0.11006
0.52446 0.10979
0.52248 0.1096
0.52039 0.10951
0.51819 0.10955
0.51585 0.10974
0.51346 0.11006
0.5111 0.11052
0.50887 0.11112
0.50686 0.11184
0.50516 0.11268
0.50280 0.11460
0.5022 0.11563
0.50204 0.11667
0.50231 0.11768
0.50296 0.11867
0.50389 0.11962
0.50504 0.12054
0.50631 0.12142
0.50764 0.12226
0.50901 0.12306
0.51042 0.12382
0.51186 0.12455
0.51334 0.12524
0.51485 0.1259
0.516390 0.12653
0.51795 0.12714
0.519530 0.12772
0.52113 0.1283
0.52273 0.12886
0.52435 0.12941
0.525970 0.12995
0.5276 0.1305
0.52922 0.13104
0.53084 0.13159
0.53245 0.13215
0.53406 0.13271
0.53566 0.13328
0.53725 0.13386
0.53883 0.13444
0.5404 0.13504
0.54196 0.13565
0.54351 0.13627
0.54505 0.1369
0.54657 0.13754
0.54809 0.1382
0.54959 0.13887
0.55107 0.13955
0.55255 0.14024
0.55401 0.14095
0.55545 0.141670
0.55689 0.14241
0.5583 0.14316
0.55971 0.14392
0.56109 0.1447
0.56247 0.1455
0.56382 0.14631
0.56516 0.14714
0.56648 0.14799
0.56779 0.14885
0.56908 0.14973
0.57035 0.15062
0.57161 0.151530
0.57286 0.15245
0.5741 0.15338
0.57532 0.15433
0.57653 0.15529
0.57772 0.15627
0.578890 0.15727
0.58004 0.15829
0.58117 0.15932
0.58228 0.16038
0.58337 0.16146
0.58444 0.162560
0.58549 0.16367
0.58652 0.16481
0.58753 0.165970
0.58853 0.167150
0.58949 0.16834
0.59044 0.16957
0.59137 0.17081
0.59227 0.17208
0.59315 0.17337
0.5940 0.17468
0.594830 0.17602
0.59564 0.17738
0.59641 0.17877
0.59717 0.18019
0.59789 0.18163
0.59858 0.18311
0.59925 0.18461
0.5998900 0.18614
0.6005 0.1877
0.60109 0.18927
0.60166 0.19087
0.60221 0.19249
0.60273 0.19414
0.60324 0.1958
0.60372 0.19748
0.60419 0.19919
0.60463 0.20092
0.60503 0.20268
0.6054 0.20448
0.60573 0.20632
0.60601 0.20819
0.60625 0.21002
0.60644 0.21172
0.60659000 0.21321
0.6067 0.21438
0.60678 0.21517
0.60684 0.21554
*.*.Setup: Ga2.txt as Flap 1, Inverted: y, Scale = 1.0, AoA = 0.0, Reposition from (0,0) = (0, 0)*.*.
*.*.Setup: Ga2.txt as Flap 2, Inverted: y, Scale = 0.4, AoA = 37.0, Reposition from previous T.E. = (0.0067, 0.07), Reposition from (0,0) = (1.0067, 0.0209)*.*.
*.*.Setup: Ga2.txt as Flap 3, Inverted: y, Scale = 0.4, AoA = 45.0, Reposition from previous T.E. = (0.04, 0.08), Reposition from (0,0) = (1.3779, 0.3259)*.*.
*.*.Setup: Scale Ratio = 0.36236*.*.