0.36615 0.03848
0.3640 0.03634
0.36087 0.03322
0.3572 0.03015
0.35276 0.02719
0.347370 0.024130
0.34085 0.02086
0.33316 0.01734
0.32440 0.01364
0.31480 0.00985
0.30463 0.00604
0.29411 0.0023
0.283430 -0.001320
0.27267 -0.00478
0.26189 -0.00806
0.25108 -0.011150
0.24021 -0.01406
0.22924 -0.01679
0.218100 -0.01937
0.20676 -0.02183
0.19516 -0.02421
0.18333 -0.02654
0.17133 -0.02885
0.15925 -0.031130
0.14726 -0.03335
0.13554 -0.03547
0.12427 -0.03741
0.11364 -0.03909
0.10376 -0.04041
0.0946 -0.0413
0.08601 -0.04174
0.07788 -0.04172
0.07011 -0.04126
0.06265 -0.04035
0.05547 -0.039
0.04858 -0.03723
0.041990 -0.03507
0.03576 -0.03256
0.02996 -0.02979
0.02469 -0.02687
0.02006 -0.023950
0.01609 -0.02115
0.01278 -0.01852
0.01004 -0.01608
0.00778 -0.01381
0.005930 -0.0117
0.00441 -0.009730
0.00317 -0.0079
0.00216 -0.00618
0.00136 -0.004570
0.00074 -0.00304
0.00029 -0.0016
0.000055 -0.00022
-6e-05 0.00111
0.00013 0.00243
0.00076 0.00363
0.00184 0.00456
0.003230 0.00523
0.00484 0.005740
0.0067 0.00616
0.00884 0.00653
0.01135 0.00687
0.01434 0.00719
0.018 0.0075
0.02256 0.007790
0.02836 0.00806
0.03566 0.00829
0.04444 0.008420
0.05429 0.00837
0.0649 0.00809
0.07617 0.00758
0.08801 0.00694
0.10023 0.00622
0.11261 0.00547
0.12497 0.00473
0.137190 0.00404
0.14921 0.00343
0.161040 0.00293
0.17267 0.00257
0.18412 0.00236
0.19540 0.00233
0.20654 0.0025
0.21754 0.00287
0.22843 0.00346
0.23922 0.00429
0.24992 0.00535
0.26055 0.00665
0.2711 0.00819
0.28157 0.00998
0.29195 0.01202
0.30219 0.014280
0.3122 0.01676
0.32182 0.01941
0.33085 0.02216
0.33904 0.02495
0.346210 0.0277
0.35233 0.03038
0.35748 0.03299
0.36178 0.035510
0.36615 0.03848
-Inserting Flap s1223rtl-
0.53914 0.13826
0.53835 0.136960
0.53721 0.13507
0.5358 0.13314
0.53401 0.13116
0.53176 0.12903
0.52899 0.12665000
0.525690 0.12402
0.52189 0.12116
0.51769 0.11816
0.51321 0.11508
0.50856 0.11199
0.50382 0.10895
0.49902 0.10597
0.49419 0.10307
0.48931 0.10026
0.48439 0.09754
0.4794 0.09489
0.47431 0.09229
0.4691 0.089720
0.46377 0.08716
0.45831 0.0846
0.452760 0.08203
0.44718 0.07946
0.44163 0.07693
0.4362 0.074490
0.43097 0.07218
0.42601 0.07008
0.421380 0.06825
0.41705 0.06671
0.41293 0.06546
0.408980 0.06448
0.40516 0.06377
0.401430 0.06331
0.39778 0.06309
0.394230 0.06312
0.390770 0.06337
0.38744 0.06383
0.38429 0.064470
0.38138 0.06525
0.378780 0.06611
0.37652 0.06699
0.37459 0.067860
0.37297 0.06872
0.3716 0.06954
0.370450 0.07034
0.36947 0.07111
0.36865 0.07185
0.36795 0.072560
0.367360 0.07325
0.36688 0.073910
0.36649 0.074560
0.36619 0.0752
0.36599 0.07583
0.36592 0.0765
0.36608 0.07716
0.3665 0.07774
0.36709 0.07823
0.36781 0.07867
0.36866 0.0791
0.36965 0.07954
0.37083 0.08001
0.37224 0.08053
0.37398 0.08112
0.37616 0.08181
0.37894 0.08264
0.382450 0.08364
0.38669 0.08476
0.39148 0.0859300
0.39666 0.087080
0.40219 0.08819
0.40801 0.08931
0.414030 0.09044
0.42013 0.09158
0.426210 0.09271
0.43222 0.09386
0.43813 0.09502
0.44393 0.0962
0.44962 0.09743
0.4552 0.098720
0.46067 0.10007
0.46605 0.10149
0.47135 0.10301
0.476560 0.10461
0.48169 0.106320
0.48676 0.10813
0.49175 0.11004
0.49669 0.11207
0.501550 0.1142
0.50634 0.11645
0.511030 0.118780
0.51559 0.12119
0.519940 0.12364
0.52399 0.12607
0.52762 0.12842
0.53077 0.13062
0.533410 0.13266
0.53559 0.134550
0.53738 0.13629
0.53914 0.13826
-Inserting Flap s1223rtl-
0.65826 0.29236
0.6581 0.29085
0.65786 0.28865
0.6574 0.28631
0.65661 0.28376
0.65548 0.28087
0.65397 0.27755
0.652090 0.27377
0.64985 0.26957
0.64732 0.26507
0.64456 0.26039
0.64165 0.25563
0.638640 0.25087
0.63555 0.24614
0.63239 0.24147
0.62917 0.23687
0.62586 0.23232
0.62245 0.2278
0.61894 0.2233
0.61530 0.21877
0.611550 0.2142
0.60768 0.20957
0.60374 0.20489
0.59977 0.20021
0.59581 0.19557
0.59192 0.19106
0.58815 0.18676
0.584550 0.18276
0.58113 0.17914
0.57785 0.17591
0.574650 0.17304
0.571480 0.170490
0.56832 0.16822
0.565130 0.16623
0.56192 0.16449
0.55868 0.16301
0.55545 0.16178
0.55223 0.16079
0.54911 0.16004
0.54614 0.159520
0.54342 0.1592
0.5410 0.15904
0.53889 0.15902
0.53705 0.1591
0.53546 0.15928
0.53408 0.15952
0.532870 0.1598
0.53181 0.160120
0.53088 0.16047
0.53006 0.16084
0.52934 0.16124
0.52871 0.16166
0.52817 0.16211
0.52772 0.1626
0.52738 0.16318
0.527250 0.16384
0.52737 0.16454
0.5277 0.16524
0.52817 0.16595
0.52876 0.16669
0.52947 0.16751
0.53034 0.16843
0.5314 0.1695
0.532720 0.17077
0.534410 0.17232
0.53658 0.17425
0.53934 0.17663
0.54271 0.17945
0.54655 0.18253
0.55077 0.18576
0.55530 0.18911
0.56011 0.19258
0.56508 0.19615
0.57013 0.19975
0.57517 0.20336
0.58013 0.20693
0.58499 0.21048
0.58975 0.214010
0.59438 0.21752
0.5989 0.22105
0.60329 0.22458
0.60756 0.228150
0.611720 0.23176
0.61576 0.23542
0.6197 0.23913
0.623520 0.24291
0.62724 0.24676
0.630860 0.25068
0.63436 0.25467
0.637760 0.258730
0.64102 0.26283
0.64413 0.26694
0.64704 0.2710
0.64968 0.27491
0.65198 0.27857
0.6539 0.2819
0.65544 0.28486
0.65662 0.2875
0.6575 0.28983
0.65826 0.29236
*.*.Setup: s1223rtl.txt as Flap 1, Inverted: y, Scale = 1.0, AoA = 6.0, Reposition from (0,0) = (0, 0)*.*.
*.*.Setup: s1223rtl.txt as Flap 2, Inverted: y, Scale = 0.5, AoA = 20.0, Reposition from previous T.E. = (0.0, 0.1), Reposition from (0,0) = (0.9945, 0.2045)*.*.
*.*.Setup: s1223rtl.txt as Flap 3, Inverted: y, Scale = 0.5, AoA = 45.0, Reposition from previous T.E. = (-0.03, 0.065), Reposition from (0,0) = (1.4344, 0.4405)*.*.
*.*.Setup: Scale Ratio = 0.36817*.*.