0.37434 0.03934
0.372140 0.03716
0.36894 0.03396
0.36519 0.03083
0.36065 0.02779
0.355130 0.024670
0.34847 0.02133
0.34061 0.01773
0.331650 0.01395
0.321840 0.01007
0.31144 0.00618
0.30069 0.00235
0.289760 -0.001350
0.27877 -0.00489
0.26775 -0.00824
0.25669 -0.01140
0.24558 -0.01437
0.23436 -0.01716
0.2229800 -0.0198
0.21138 -0.02232
0.19953 -0.02475
0.18743 -0.02714
0.17516 -0.02949
0.16281 -0.031820
0.15055 -0.0341
0.13857 -0.03626
0.12705 -0.03825
0.11618 -0.03996
0.10608 -0.04131
0.09672 -0.04222
0.08794 -0.04267
0.07962 -0.04266
0.07167 -0.04218
0.06405 -0.04125
0.05671 -0.03987
0.04967 -0.03806
0.042930 -0.03585
0.03656 -0.03329
0.03063 -0.03045
0.02524 -0.02747
0.0205 -0.024490
0.01645 -0.02162
0.01306 -0.01894
0.01026 -0.01644
0.00796 -0.01412
0.006060 -0.01196
0.00451 -0.009950
0.00324 -0.00807
0.00221 -0.00632
0.00139 -0.004670
0.00075 -0.00311
0.0003 -0.00163
0.000055 -0.00023
-7e-05 0.00113
0.00013 0.00249
0.00078 0.00371
0.00188 0.00466
0.00330 0.00535
0.00495 0.005870
0.00685 0.0063
0.00904 0.00668
0.0116 0.00703
0.01466 0.00736
0.0184 0.00767
0.02307 0.007970
0.02899 0.00824
0.03646 0.00847
0.04543 0.008610
0.05551 0.00856
0.06635 0.00827
0.07787 0.00775
0.08998 0.00709
0.10247 0.00635
0.11513 0.00559
0.12777 0.00484
0.140250 0.00413
0.15255 0.00351
0.164640 0.003
0.17653 0.00262
0.18824 0.00241
0.199770 0.00238
0.21115 0.00255
0.2224 0.00293
0.23353 0.00354
0.24456 0.00438
0.25551 0.00546
0.26637 0.0068
0.27716 0.00838
0.28787 0.01021
0.29848 0.01228
0.30894 0.01460
0.31917 0.01713
0.32902 0.01984
0.33825 0.02266
0.34662 0.02551
0.353950 0.02832
0.3602 0.03106
0.36547 0.03373
0.36987 0.03630
0.37434 0.03934
-Inserting Flap s1223rtl-
0.54491 0.1377
0.54422 0.13631
0.54323 0.13428
0.54196 0.13219
0.54031 0.13001
0.53821 0.12764
0.53561 0.12497
0.53248 0.12199
0.52886 0.11875
0.52485 0.11531
0.52057 0.11178
0.51611 0.10822
0.51155 0.1047
0.506920 0.10123
0.50226 0.09785
0.49755 0.09456
0.492780 0.09135
0.48793 0.08820
0.48298 0.0851
0.4779 0.08202
0.4727 0.078940
0.46737 0.07585
0.46195 0.07273
0.45649 0.06962
0.45106 0.06655
0.44575 0.063580
0.44063 0.06076
0.43577 0.05818
0.43121 0.0559
0.42693 0.05395
0.42286 0.05231
0.41892 0.05096
0.41509 0.04989
0.41133 0.049090
0.40764 0.04855
0.40401 0.0482500
0.400470 0.0482
0.39704 0.04838
0.39377 0.04875
0.39074 0.049290
0.38802 0.04992
0.38564 0.05062
0.38360 0.05134
0.38186 0.05206
0.38040 0.052790
0.37915 0.0535
0.37809 0.0542
0.37718 0.05487
0.37641 0.05554
0.37575 0.05618
0.3752 0.05682
0.37475 0.05744
0.37438 0.05806
0.37412 0.05869
0.374 0.05936
0.3741 0.060050
0.37447 0.06067
0.37503 0.06123
0.3757200 0.06174
0.37655 0.06226
0.37752 0.062790
0.37868 0.06337
0.38007 0.06403
0.38179 0.064790
0.38395 0.06569
0.3867 0.06678
0.39019 0.06811
0.39441 0.06963
0.39919 0.07125
0.40436 0.072870
0.40989 0.07451
0.41572 0.07616
0.42175 0.07785
0.427860 0.079550
0.43395 0.08125
0.43997 0.08295
0.44589 0.08466
0.45169 0.08638
0.45737 0.08814
0.46294 0.08995
0.46839 0.09181
0.47375 0.09374
0.4790 0.09575
0.48417 0.09785
0.4892400 0.1000500
0.49424 0.10234
0.49916 0.10474
0.504 0.10724
0.50877 0.10985
0.51345 0.11256
0.518020 0.11536
0.52244 0.11822
0.52665 0.1211
0.53056 0.12394
0.53405 0.12665
0.53706 0.12917
0.53957 0.13149
0.54163 0.1336
0.54329 0.135530
0.54491 0.1377
-Inserting Flap s1223rtl-
0.65538 0.29293
0.65513 0.29140
0.65476 0.28917
0.65415 0.2868
0.65319 0.28424
0.65186 0.28137
0.65013 0.27807
0.64798 0.27432
0.64545 0.27017
0.64259 0.26573
0.6395 0.261120
0.63625 0.256430
0.63289 0.25174
0.62946 0.2471
0.62596 0.24252
0.62239 0.23802
0.618740 0.23357
0.615 0.22917
0.61114 0.22478
0.60716 0.220370
0.60306 0.21593
0.59884 0.21143
0.59454 0.2069
0.5902 0.20235
0.58589 0.197850
0.58165 0.193480
0.57755 0.18932
0.57364 0.18545
0.56993 0.18196
0.56639 0.17886
0.56295 0.17612
0.55957 0.1737
0.5562 0.171570
0.55284 0.169730
0.54945 0.16815
0.54606 0.16683
0.54269 0.16577
0.53935 0.16495
0.53611 0.16437
0.53306 0.16401
0.53026 0.16384
0.52778 0.16383
0.52562 0.163930
0.52375 0.16413
0.52214 0.1644
0.52074 0.164720
0.51953 0.16509
0.51846 0.16548
0.51753 0.16589
0.516720 0.166320
0.5160100 0.16677
0.51539 0.16724
0.51487 0.167730
0.51444 0.168250
0.51412 0.16886
0.51403 0.16955
0.5142 0.17026
0.51457 0.17095
0.51509 0.17164
0.51574 0.17237
0.51652 0.173160
0.51746 0.17405
0.5186 0.17508
0.52003 0.17629
0.52184 0.17777
0.524170 0.17961
0.52713 0.18188
0.53074 0.18455
0.53484 0.18747
0.53934 0.19052
0.54417 0.193670
0.54928 0.19693
0.55456 0.20027
0.55993 0.20365
0.56528 0.20703
0.57056 0.21038
0.57574 0.213710
0.5808 0.21703
0.58574 0.22034
0.59055 0.22367
0.59525 0.22702
0.59982 0.23041
0.604280 0.23384
0.60863 0.23733
0.61286 0.24089
0.61699 0.24452
0.62101 0.24823
0.6249400 0.25202
0.62875 0.25588
0.632460 0.25982
0.63603 0.263810
0.63945 0.26782
0.64266 0.27179
0.64559 0.27563
0.64816 0.27923
0.65031 0.28251
0.65206 0.28544
0.65342 0.28806
0.65445 0.29039
0.65538 0.29293
*.*.Setup: s1223rtl.txt as Flap 1, Inverted: y, Scale = 1.0, AoA = 6.0, Reposition from (0,0) = (0, 0)*.*.
*.*.Setup: s1223rtl.txt as Flap 2, Inverted: y, Scale = 0.5, AoA = 25.0, Reposition from previous T.E. = (0.0, 0.05), Reposition from (0,0) = (0.9945, 0.1545)*.*.
*.*.Setup: s1223rtl.txt as Flap 3, Inverted: y, Scale = 0.5, AoA = 41.666666666666664, Reposition from previous T.E. = (-0.08, 0.08), Reposition from (0,0) = (1.3677, 0.4458)*.*.
*.*.Setup: Scale Ratio = 0.3764*.*.