0.3622300000 -0.0178
0.36146 -0.01857
0.35993 -0.02006
0.35765 -0.02226
0.35477 -0.02501
0.35142 -0.02811
0.34777 -0.03136
0.34396 -0.03456
0.34013 -0.03756
0.33630 -0.04034
0.33247 -0.04294
0.32863 -0.04538
0.3248 -0.04771
0.32097 -0.04994
0.31714 -0.05209
0.31331 -0.05416
0.30948 -0.05614
0.30564 -0.05806
0.30181 -0.05991
0.29798 -0.06169
0.29415 -0.06341
0.29032 -0.06507
0.28649 -0.06668
0.28265 -0.06823
0.27882 -0.069720
0.27499 -0.07116
0.271160 -0.07254
0.26733 -0.07385
0.2635 -0.07509
0.25966 -0.07628
0.25583 -0.07742
0.252 -0.07852
0.248170 -0.07959
0.24434 -0.08063
0.2405 -0.081640
0.23667 -0.08262
0.23284 -0.08356
0.22901 -0.08445
0.225180 -0.08529
0.22135 -0.086080
0.21751 -0.08682
0.21368 -0.08752
0.20985 -0.08817
0.20602 -0.08878
0.20219 -0.08935
0.19836 -0.08988
0.19452 -0.09037
0.19069 -0.09083
0.18686 -0.09125
0.18303 -0.09163
0.1792 -0.09197
0.17537 -0.09227
0.17153 -0.09253
0.1677 -0.09274
0.16387 -0.09291
0.16004 -0.09302
0.15621 -0.0931
0.15238 -0.09312
0.14854 -0.09311
0.14471 -0.09304
0.14088 -0.09292
0.137050 -0.09276
0.13322 -0.09255
0.12938 -0.09228
0.12555 -0.09197
0.12172 -0.09161
0.11789 -0.09122
0.114060 -0.09078
0.11023 -0.09031
0.10639 -0.0898
0.10256 -0.08923
0.09873 -0.08860
0.0949 -0.087880
0.091070 -0.08708
0.08724 -0.08619
0.0834 -0.08522
0.07957 -0.08415
0.07574 -0.083
0.07191 -0.08176
0.06808 -0.08042
0.06425 -0.07896
0.06041 -0.07737
0.05658 -0.0756300
0.05275 -0.07374
0.04892 -0.0716800
0.04509 -0.069480
0.04126 -0.06712
0.03742 -0.06462
0.03359 -0.06197
0.02976 -0.0591
0.025930 -0.05594
0.0221 -0.052410
0.01826 -0.04844
0.01446 -0.04398
0.01081 -0.03918
0.00746 -0.03419
0.00457 -0.02921
0.0023 -0.02439
0.00077 -0.01989
0.000000 -0.01232
0.00077 -0.00945
0.0023 -0.00733
0.00457 -0.00602
0.00746 -0.00542
0.01081 -0.00539
0.01446 -0.00579
0.01826 -0.00648
0.0221 -0.00734
0.025930 -0.00835
0.02976 -0.00949
0.03359 -0.01076
0.03742 -0.01215
0.04126 -0.01366
0.04509 -0.01526
0.04892 -0.01694
0.05275 -0.0187
0.05658 -0.02051
0.06041 -0.02236
0.06425 -0.02424
0.06808 -0.02614
0.07191 -0.02805
0.07574 -0.02995
0.07957 -0.03184
0.0834 -0.03372
0.08724 -0.03556
0.091070 -0.03739
0.0949 -0.03918
0.09873 -0.04093
0.10256 -0.04265
0.10639 -0.04434
0.11023 -0.04598
0.114060 -0.04758
0.11789 -0.04914
0.12172 -0.050650
0.12555 -0.05212
0.12938 -0.05355
0.13322 -0.054920
0.137050 -0.0562500
0.14088 -0.05753
0.14471 -0.05876
0.14854 -0.05994
0.15238 -0.06107
0.15621 -0.06214
0.16004 -0.06316
0.16387 -0.06412
0.1677 -0.06502
0.17153 -0.06586
0.17537 -0.06665
0.1792 -0.06737
0.18303 -0.068040
0.18686 -0.068670
0.19069 -0.06925
0.19452 -0.06978
0.19836 -0.070270
0.20219 -0.0707
0.20602 -0.07108
0.20985 -0.07138
0.21368 -0.07162
0.21751 -0.07178
0.22135 -0.07187
0.225180 -0.07189
0.22901 -0.07185
0.23284 -0.07173
0.23667 -0.07155
0.2405 -0.071290
0.24434 -0.07096
0.248170 -0.07055
0.252 -0.07007
0.25583 -0.06951
0.25966 -0.06886
0.2635 -0.06813
0.26733 -0.06732
0.271160 -0.06642
0.27499 -0.06544
0.27882 -0.06436
0.28265 -0.06318
0.28649 -0.0619
0.29032 -0.06052
0.29415 -0.05904
0.29798 -0.05747
0.30181 -0.05581
0.30564 -0.05406
0.30948 -0.05224
0.31331 -0.050340
0.31714 -0.04837
0.32097 -0.04632
0.3248 -0.04421
0.32863 -0.04201
0.33247 -0.03973
0.33630 -0.03734
0.34013 -0.03481
0.34396 -0.032140
0.34777 -0.02933
0.35142 -0.02651
0.35477 -0.02384
0.35765 -0.02149
0.35993 -0.019610
0.36146 -0.01834
0.3622300000 -0.0178
-Inserting Flap Ga2-
0.4849 0.06337
0.48476 0.06296
0.48449 0.06215
0.48408 0.06095
0.48355 0.05944
0.48292 0.05773
0.48221 0.05591
0.48143 0.05408
0.48061 0.05232
0.47975 0.05063
0.47886 0.04901
0.47793 0.04744
0.47699 0.04591
0.47603 0.04442
0.47506 0.04296
0.47407 0.04153
0.47306 0.04012
0.47204 0.03875
0.47101 0.03739
0.46997 0.036060
0.46892 0.03475
0.46785 0.03346
0.46678 0.03219
0.4657 0.03095
0.4646 0.029720
0.4635 0.02851
0.46238 0.02732
0.46125 0.026160
0.460110 0.02502
0.45896 0.0239
0.45781 0.02280
0.45664 0.02171
0.45547 0.02063
0.45429 0.01957
0.45311 0.01851
0.45192 0.01747
0.45073 0.01644
0.44952 0.01542
0.44831 0.01443
0.44709 0.01345
0.44586 0.01249
0.44462 0.01155
0.44337 0.01062
0.442120 0.0097
0.44085 0.00881
0.439580 0.00792
0.43831 0.00705
0.43702 0.00619
0.43573 0.00535
0.43444 0.00452
0.43313 0.0037
0.43182 0.002890
0.43051 0.00211
0.42918 0.00134
0.42784 0.00058
0.4265 -0.00016
0.42515 -0.00088
0.42378 -0.00158
0.42242 -0.00227
0.42104 -0.00295
0.41965 -0.0036
0.41826 -0.00424
0.41685 -0.00486
0.41544 -0.00546
0.41402 -0.00604
0.41259 -0.00661
0.41115 -0.00717
0.40970 -0.00771
0.40825 -0.00824
0.40679 -0.00875
0.40532 -0.00924
0.40384 -0.00971
0.40235 -0.01015
0.40084 -0.01056
0.39931 -0.01094
0.39777 -0.01129
0.39621 -0.01161
0.39463 -0.01189
0.39304 -0.01215
0.39143 -0.01236
0.3898 -0.012540
0.38815 -0.01267
0.38647 -0.01275
0.38476 -0.01277
0.38302 -0.01273
0.38125 -0.01264
0.37946 -0.0125
0.37764 -0.0123
0.37579 -0.01205
0.37391 -0.01173
0.37197 -0.01129
0.369960 -0.01073
0.36787 -0.01001
0.36571 -0.00912
0.36353 -0.00807
0.36143 -0.0069
0.3595 -0.00564
0.35781 -0.004340
0.35645 -0.00302
0.35480 -0.00046
0.35456 0.0007
0.354720 0.00174
0.35529 0.00262
0.35621 0.00336
0.3574 0.00398
0.358770 0.0045
0.36025 0.00494
0.36178 0.00533
0.36332 0.00567
0.3649 0.00596
0.366490 0.0062
0.36811 0.0064
0.36975 0.00656
0.37141 0.00668
0.37308 0.00678
0.37476 0.00685
0.37646 0.0069
0.37816 0.00694
0.37987 0.00696
0.38158 0.00698
0.38329 0.007
0.385 0.007010
0.38671 0.00703
0.38842 0.00706
0.39012 0.0071
0.391810 0.00715
0.3935 0.0072
0.39519 0.00727
0.39687 0.007360
0.39854 0.00745
0.4002 0.00756
0.40186 0.00769
0.40351 0.00783
0.40515 0.00799
0.40678 0.00816
0.4084 0.00835
0.41002 0.00855
0.411630 0.00877
0.41322 0.009010
0.41481 0.009270
0.416390 0.00955
0.41796 0.00984
0.41952 0.010150
0.42107 0.010490
0.42261 0.01084
0.42414 0.01121
0.425660 0.01161
0.42717 0.01203
0.42867 0.012460
0.43016 0.01292
0.43163 0.01339
0.43311 0.013880
0.43457 0.01439
0.43602 0.01491
0.43747 0.01545
0.4389 0.01601
0.44032 0.0166
0.44173 0.01721
0.44312 0.01785
0.44451 0.01851
0.44588 0.0192
0.447230 0.01992
0.44858 0.02065
0.449910 0.02141
0.45123 0.0222
0.45254 0.02301
0.45383 0.02386
0.45510 0.02472
0.45637 0.02562
0.45762 0.02655
0.458850 0.0275
0.46007 0.02849
0.46127 0.0295
0.46246 0.03055
0.46363 0.03163
0.46478 0.03275
0.46591 0.0339
0.46703 0.035090
0.46812 0.03631
0.4692 0.03757
0.47027 0.03885
0.47132 0.04017
0.47235 0.04152
0.47337 0.0428900
0.47438 0.04429
0.47537 0.04571
0.47636 0.04716
0.47732 0.04864
0.47827 0.05015
0.4792 0.0517
0.48011 0.05329
0.48099 0.05494
0.48184 0.05663
0.48263 0.0583
0.48334 0.059860
0.48394 0.06122
0.48441 0.06231
0.48472 0.06304
0.4849 0.06337
-Inserting Flap Ga2-
0.60687 0.18252
0.60688 0.18209
0.60686 0.18123
0.60684 0.17997
0.6068 0.17837
0.60673 0.17655
0.60662 0.17460
0.60645 0.17261
0.60621 0.17068
0.60592 0.16881
0.60557 0.16699
0.60518 0.16522
0.60475 0.163480
0.6043 0.16176
0.603820 0.16007
0.60332 0.1584
0.6028 0.15676
0.60226 0.15513
0.6017 0.15352
0.60112 0.151940
0.60052 0.15037
0.59991 0.14881
0.59928 0.14727
0.59863 0.14575
0.59797 0.14424
0.59729 0.14275
0.5966 0.14128
0.59589 0.13983
0.59515 0.13839
0.59441 0.13697
0.593650 0.13556
0.59287 0.13417
0.59209 0.13278
0.5913 0.13141
0.5905 0.13004
0.5897 0.12868
0.58888 0.12733
0.58805 0.12599
0.5872 0.12467
0.58634 0.12336
0.58547 0.12207
0.58458 0.12079
0.58368 0.11952
0.58277 0.11826
0.58185 0.11702
0.58091 0.11578
0.57997 0.11456
0.57901 0.11335
0.57805 0.11215
0.57707 0.11096
0.57608 0.10977
0.57509 0.10861
0.57407 0.10745
0.57305 0.10631
0.57201 0.10517
0.57096 0.10406
0.5699 0.10295
0.56882 0.101860
0.56774 0.10078
0.56663 0.09972
0.56552 0.098670
0.56439 0.09763
0.56324 0.09661
0.56208 0.0956
0.56091 0.0946
0.55973 0.09362
0.55853 0.09265
0.55732 0.09169
0.55611 0.09073
0.55488 0.0898
0.55363 0.08887
0.55237 0.08797
0.55109 0.08709
0.54978 0.08623
0.548440 0.0854
0.54708 0.08459
0.54569 0.08381
0.54429 0.08305
0.542850 0.08232
0.541390 0.08161
0.539890 0.08094
0.53836 0.08031
0.53678 0.07971
0.53516 0.07917
0.5335 0.07866
0.53179 0.0782
0.53004 0.07779
0.52825 0.07741
0.52642 0.07708
0.52452 0.0768
0.52254 0.07661
0.52046 0.07653
0.51825 0.07657
0.51592 0.07675
0.51352 0.07708
0.51117 0.07754
0.50894 0.07814
0.50693 0.07886
0.50523 0.07969
0.50287 0.08162
0.50228 0.08265
0.50211 0.08368
0.50238 0.08469
0.50303 0.08568
0.50397 0.08664
0.50511 0.08756
0.50638 0.08844
0.50771 0.08928
0.50908 0.09008
0.51049 0.09084
0.51193 0.091560
0.51341 0.09225
0.51492 0.09291
0.51645 0.09354
0.51802 0.09415
0.5196 0.09473
0.52119 0.09531
0.5228 0.09587
0.52441 0.09642
0.52604 0.09696
0.52766 0.09751
0.529280 0.09805
0.5309 0.0986
0.53251 0.09916
0.53412 0.09972
0.53572 0.100290
0.53731 0.10086
0.53889 0.10145
0.54046 0.10205
0.54202 0.10266
0.54357 0.10327
0.54511 0.10391
0.54663 0.10455
0.54814 0.1052
0.54964 0.10587
0.55113 0.10655
0.5526 0.10725
0.55406 0.10796
0.555510 0.10868
0.55694 0.10941
0.55836 0.11016
0.55976 0.11093
0.56115 0.11171
0.56252 0.1125
0.56387 0.11332
0.56521 0.11415
0.56653 0.11499
0.56784 0.11585
0.56913 0.11673
0.5704 0.11763
0.57166 0.11853
0.57291 0.11945
0.57414 0.12039
0.57537 0.12133
0.57657 0.12229
0.57776 0.12327
0.57893 0.12427
0.58008 0.12529
0.58121 0.126320
0.58232 0.12738
0.58341 0.12846
0.58448 0.12956
0.58553 0.13067
0.58656 0.13181
0.58758 0.13296
0.58857 0.13414
0.58954 0.13534
0.59048 0.13656
0.59141 0.1378
0.59231 0.13907
0.59319 0.14036
0.59404 0.14167
0.594870 0.143010
0.59567 0.14437
0.59645 0.14576
0.5972 0.147180
0.59793 0.148630
0.59862 0.15010
0.59928 0.1516
0.59992 0.15313
0.60054 0.15468
0.60113 0.15626
0.6017 0.15786
0.60224 0.15948
0.60277 0.16112
0.603270 0.16278
0.60376 0.16447
0.60422 0.16617
0.60466 0.1679
0.605070 0.16966
0.60544 0.17146
0.60576 0.1733
0.60605 0.17517
0.60628 0.1770
0.60647 0.1787
0.606620 0.18019
0.60674 0.18136
0.60681 0.18215
0.60687 0.18252
*.*.Setup: Ga2.txt as Flap 1, Inverted: y, Scale = 1.0, AoA = 0.0, Reposition from (0,0) = (0, 0)*.*.
*.*.Setup: Ga2.txt as Flap 2, Inverted: y, Scale = 0.4, AoA = 27.0, Reposition from previous T.E. = (-0.0267, 0.06), Reposition from (0,0) = (0.9733, 0.0109)*.*.
*.*.Setup: Ga2.txt as Flap 3, Inverted: y, Scale = 0.4, AoA = 45.0, Reposition from previous T.E. = (0.04, 0.06), Reposition from (0,0) = (1.3787, 0.2349)*.*.
*.*.Setup: Scale Ratio = 0.36223*.*.