0.36451 0.00755
0.36380 0.00673
0.36236 0.005120
0.36024 0.002750
0.35754 -0.00021
0.3544 -0.003550
0.35096 -0.00706
0.34737 -0.01054
0.34374 -0.01381
0.34009 -0.01687
0.33643 -0.01975
0.33276 -0.02247
0.32908 -0.02507
0.32539 -0.02758
0.3217 -0.030
0.318 -0.03234
0.3143 -0.03460
0.310590 -0.03679
0.30688 -0.03891
0.30316 -0.04097
0.29944 -0.04297
0.295710 -0.0449
0.29198 -0.04678
0.28825 -0.0486
0.28451 -0.05037
0.28077 -0.052080
0.27702 -0.05373
0.27327 -0.05531
0.26952 -0.05683
0.26576 -0.05829
0.26199 -0.0597
0.25823 -0.06107
0.25446 -0.06241
0.25069 -0.06373000
0.24692 -0.06501
0.24314 -0.06626
0.23937 -0.06747
0.23559 -0.06863
0.23180 -0.06974
0.228020 -0.0708
0.22423 -0.07182
0.22043 -0.07278
0.21663 -0.073710
0.21283 -0.07459
0.20903 -0.07543
0.20523 -0.07623
0.20142 -0.07699
0.19761 -0.07771
0.19379 -0.0784
0.18998 -0.07905
0.18616 -0.07967
0.18234 -0.08024
0.178510 -0.08076
0.17469 -0.08125
0.17085 -0.08168
0.16702 -0.08207
0.16318 -0.08241
0.15934 -0.0827
0.1555 -0.08295
0.151650 -0.08316
0.1478 -0.08331
0.14395 -0.08341
0.14009 -0.08347
0.13623 -0.08347
0.13236 -0.08343
0.12849 -0.08334
0.12462 -0.08321
0.12075 -0.08304
0.11687 -0.08284
0.113 -0.0826
0.109110 -0.0823
0.10523 -0.08193
0.10133 -0.08148
0.09743 -0.08095
0.09353 -0.08032
0.08962 -0.079610
0.0857 -0.07881
0.08178 -0.07793
0.077850 -0.07695
0.07391 -0.07587
0.06997 -0.07468
0.06601 -0.07335
0.06205 -0.07188
0.05807 -0.07025
0.05409 -0.06846
0.05009 -0.066520
0.04608 -0.06442
0.04206 -0.06219
0.03803 -0.0597900
0.033990 -0.05718
0.02993 -0.05428
0.02583 -0.05101
0.02171 -0.04729
0.01758 -0.04309
0.01358 -0.038530
0.00988 -0.03377
0.00663 -0.02897
0.00402 -0.02429
0.00216 -0.01989
0.00086 -0.01235
0.00143 -0.009420
0.00282 -0.00719
0.00501 -0.00571
0.00786 -0.004910
0.01121 -0.004640
0.01491 -0.00479
0.01877 -0.00521
0.02267 -0.00581
0.02659 -0.00655
0.03051 -0.00743
0.03444 -0.008440
0.03838 -0.00956
0.04233 -0.0108
0.04629 -0.01214
0.05025 -0.013560
0.05421 -0.01505
0.05818 -0.0166
0.06215 -0.01819
0.06613 -0.0198
0.0701 -0.02144
0.07408 -0.02309
0.07806 -0.02473
0.08203 -0.02635
0.08601 -0.02796
0.08998 -0.02955
0.09395 -0.03111
0.09792 -0.03263
0.10188 -0.034130
0.105850 -0.03558
0.10981 -0.037
0.11377 -0.0383800
0.11772 -0.03972
0.12167 -0.04101
0.12562 -0.04226
0.12957 -0.04347
0.13351 -0.04463
0.13745 -0.04574
0.14139 -0.04680
0.145320 -0.04782
0.149250 -0.04878
0.15317 -0.0497
0.15709 -0.050560
0.16101 -0.05137
0.16493 -0.052120
0.16884 -0.05281
0.172740 -0.05345
0.17664 -0.05402
0.18054 -0.05454
0.184430 -0.055
0.18832 -0.0554
0.19221 -0.05576
0.19609 -0.05607
0.19997 -0.05634
0.2038500 -0.05656
0.20772 -0.05673
0.21159 -0.05683
0.21546 -0.05687
0.219320 -0.05684
0.22317 -0.05673
0.22702 -0.05655
0.23086 -0.05631
0.2347 -0.055990
0.23854 -0.05561
0.24237 -0.05515
0.24619 -0.05463
0.25001 -0.05403
0.25383 -0.05335
0.25763 -0.0526
0.26144 -0.05176
0.265240 -0.05085
0.26903 -0.04985
0.27281 -0.04877
0.27659 -0.0476
0.280370 -0.04634
0.28413 -0.04499
0.287890 -0.043540
0.29165 -0.04199
0.29539 -0.04033
0.29913 -0.03858
0.3028600 -0.03673
0.30659 -0.0348
0.310310 -0.03278
0.31402 -0.030690
0.31773 -0.02852
0.32144 -0.02627
0.325140 -0.02395
0.32883 -0.02155
0.33252 -0.01909
0.3362 -0.016530
0.33988 -0.01386
0.34354 -0.01106
0.3472 -0.00811
0.35082 -0.00502
0.35428 -0.00194
0.35745 0.00097
0.36018 0.00353
0.36233 0.00558
0.36378 0.00696
0.36451 0.00755
-Inserting Flap Ga2-
0.51211 0.092790
0.511980 0.09238
0.5117 0.091560
0.51129 0.09036
0.51075 0.08885
0.51012 0.08713
0.50940 0.085290
0.508630 0.08345
0.5078 0.08168
0.50693 0.07998
0.50604 0.07835
0.50511 0.07678
0.50416 0.07524
0.5032 0.07374
0.50222 0.07228
0.50122 0.07084
0.50021 0.06942
0.499190 0.06804
0.49815 0.06668
0.49710 0.06534
0.49605 0.06402
0.49498 0.06273
0.493900 0.06145
0.49281 0.0602
0.49171 0.05896
0.4906 0.05775
0.48947 0.05656
0.48834 0.05539
0.48719 0.05424
0.48604 0.05311
0.48487 0.05201
0.4837 0.05091
0.48252 0.04983
0.48134 0.04876
0.480150 0.0477
0.478960 0.04665
0.477760 0.04561
0.47655 0.04459
0.47533 0.04359
0.4741 0.042610
0.47286 0.04164
0.47162 0.04069
0.47036 0.03976
0.4691 0.03884
0.46783 0.03794
0.46655 0.03705
0.46527 0.03617
0.46398 0.03531
0.46269 0.03446
0.46138 0.03363
0.46007 0.0328
0.45875 0.032
0.45743 0.0312
0.45609 0.03043
0.45475 0.02967
0.4534 0.02893
0.452040 0.0282
0.45067 0.02749
0.4493 0.0268
0.447910 0.02613
0.44652 0.02547
0.44511 0.02483
0.4437 0.0242
0.442280 0.0236
0.44085 0.023010
0.43941 0.022440
0.43797 0.02188
0.43652 0.02134
0.43506 0.02081
0.43359 0.02029
0.43211 0.01979
0.43063 0.01932
0.42912 0.01888
0.4276 0.018470
0.42607 0.01809
0.42452 0.01774
0.42295 0.01742
0.42137 0.01713
0.41977 0.01688
0.418150 0.01666
0.41651 0.01648
0.41485 0.01635
0.41316 0.01627
0.41144 0.01625
0.40969 0.01629
0.40792 0.01638
0.40611 0.01652
0.40428 0.01672
0.40243 0.01697
0.40053 0.0173
0.39858 0.01773
0.39656 0.0183
0.39446 0.01902
0.39229 0.01992
0.3901 0.02098
0.38799 0.02215
0.38605 0.02341
0.38435 0.02472
0.38298 0.02606
0.38133 0.02863
0.38108 0.0298
0.38124 0.03084
0.38181 0.03172
0.38274 0.03246
0.38393 0.03309
0.38531 0.03361
0.3868 0.03406
0.38833 0.03445
0.38989 0.03478
0.39147 0.03507
0.39308 0.03532
0.3947 0.035520
0.396350 0.03568
0.39802 0.03581
0.3997 0.0359
0.40139 0.03597
0.40309 0.03602
0.4048 0.03606
0.40652 0.03609
0.408240 0.0361
0.40996 0.03612
0.41168 0.03614
0.4134 0.03616
0.41512 0.03619
0.41683 0.03623
0.41853 0.03627
0.42023 0.03633
0.42192 0.0364
0.423610 0.03648
0.42529 0.03658
0.42696 0.03669
0.428630 0.03682
0.43029 0.036960
0.43194 0.03711
0.43358 0.03729
0.43521 0.03748
0.43683 0.03768
0.43845 0.03791
0.44006 0.03815
0.44165 0.03841
0.44324 0.03868
0.44482 0.038980
0.44639 0.03929
0.44795 0.03963
0.4495 0.03998
0.45103 0.04036
0.45256 0.04076
0.454080 0.04118
0.45558 0.04162
0.45708 0.04208
0.45856 0.04255
0.46004 0.04304
0.46151 0.0435500
0.46297 0.04408
0.46443 0.04462
0.46587 0.04519
0.4673 0.04578
0.46871 0.04639
0.47012 0.04703
0.4715 0.04770
0.47288 0.048390
0.47425 0.04911
0.4756 0.04985
0.47694 0.05061
0.478260 0.05141
0.47958 0.05222
0.48087 0.05307
0.48216 0.053940
0.48343 0.05484
0.48468 0.05577
0.48592 0.05673
0.48715 0.05772
0.48836 0.05875
0.48955 0.0598
0.49073 0.06089
0.49188 0.06201
0.49302 0.06316
0.49414 0.06436
0.49525 0.06559
0.49633 0.06685
0.4974 0.06815
0.49846 0.06947
0.4995 0.07082
0.50052 0.0722
0.50154 0.07361
0.50254 0.07504
0.50352 0.0765
0.50449 0.07798
0.50545 0.0795
0.50639 0.08106
0.5073 0.08266
0.50818 0.08432
0.50903 0.08602
0.50983 0.0877
0.51054 0.08927
0.51114 0.0906400
0.51162 0.09173
0.51193 0.09246
0.51211 0.092790
-Inserting Flap Ga2-
0.61653 0.21258
0.61653 0.21214
0.61652 0.21128
0.6165 0.21001
0.61646 0.20841
0.61639 0.20657
0.61627 0.20461
0.6161 0.20262
0.61586 0.20068
0.61556 0.1988
0.615210 0.19697
0.61482 0.19518
0.61439 0.19343
0.61394 0.19171
0.61346 0.19001
0.61295 0.18833
0.612430 0.18668
0.61189 0.18504
0.61132 0.183430
0.61074 0.18183
0.61014 0.180250
0.60952 0.17869
0.60889 0.17714
0.60824 0.17561
0.60758 0.1741
0.60689 0.1726
0.6062 0.17112
0.60548 0.16966
0.60474 0.16821
0.60399 0.16678
0.60323 0.165370
0.60245 0.163970
0.60166 0.16258
0.60087 0.161190
0.60007 0.15981
0.59926 0.15845
0.59843 0.15709
0.59760 0.15575
0.59675 0.15442
0.595880 0.1531
0.595 0.1518
0.594110 0.15052
0.59321 0.14924
0.59229 0.14798
0.59137 0.14673
0.59043 0.14549
0.58948 0.14426
0.588520 0.14304
0.58755 0.14183
0.58657 0.14063
0.58557 0.13944
0.58457 0.13827
0.583550 0.13711
0.58252 0.13596
0.581480 0.13482
0.58043 0.1337
0.57936 0.13259
0.57827 0.13149
0.57718 0.13041
0.57607 0.12933
0.57495 0.12828
0.57381 0.12723
0.57266 0.12621
0.5715 0.12519
0.570320 0.12419
0.56913 0.12320
0.56793 0.12223
0.56671 0.12126
0.56549 0.1203
0.56426 0.11936
0.5630 0.11843
0.56173 0.11752
0.56044 0.11664
0.55912 0.11577
0.55778 0.11494
0.55641 0.11413
0.555020 0.11334
0.55361 0.11258
0.55216 0.11184
0.55069 0.11113
0.54919 0.11046
0.54765 0.109820
0.54606 0.10922
0.54443 0.10867
0.542760 0.10817
0.54104 0.10771
0.53929 0.107290
0.53748 0.106910
0.53564 0.106570
0.53374 0.1063
0.53175 0.10611
0.52965 0.10602
0.5274300 0.10606
0.525090 0.10625
0.52268 0.10657
0.52031 0.10704
0.51807 0.10764
0.51606 0.10836
0.51434 0.1092
0.51197 0.1111400
0.51137 0.11217
0.51121 0.11321
0.51148 0.11423
0.51213 0.11522
0.513070 0.11618
0.51422 0.11711
0.5155 0.11799
0.51684 0.11884
0.51821 0.11964
0.51963 0.1204
0.52108 0.12113
0.522570 0.12183
0.52408 0.122490
0.52563 0.12312
0.5272 0.12373
0.52878 0.124320
0.53039 0.1249
0.532 0.12546
0.53363 0.12602
0.53526 0.12657
0.536890 0.12711
0.53852 0.12766
0.54015 0.12821
0.541770 0.12877
0.54339 0.12933
0.54499 0.12991
0.54659 0.130490
0.54818 0.131080
0.549760 0.13168
0.55133 0.13229
0.552880 0.13291
0.55443 0.13354
0.55596 0.13419
0.55748 0.13485
0.55899 0.13552
0.560480 0.13621
0.56197 0.1369
0.56343 0.13761
0.56489 0.1383400
0.56633 0.13908
0.56775 0.13983
0.56916 0.1406
0.57055 0.141390
0.57193 0.14219
0.5733 0.143010
0.574640 0.14384
0.57597 0.14469
0.57728 0.14555
0.57858 0.14644
0.57986 0.14734
0.58113 0.14825
0.58238 0.14917
0.58362 0.15011
0.58485 0.15106
0.58606 0.152030
0.58726 0.153010
0.58844 0.15401
0.58959 0.15504
0.59073 0.15608
0.59184 0.15714
0.59294 0.15823
0.59401 0.15933
0.59507 0.16045
0.59611 0.16159
0.59713 0.16276
0.59812 0.16394
0.599090 0.165150
0.60005 0.166370
0.60098 0.16762
0.60188 0.1689
0.60277 0.17019
0.60362 0.17151
0.60446 0.17286
0.60527 0.17423
0.60605 0.17562
0.60680 0.17705
0.60753 0.1785
0.60823 0.17998
0.6089 0.18149
0.60954 0.18303
0.61015 0.18459
0.61075 0.18618
0.61132 0.18779
0.61187 0.18941
0.6124 0.19106
0.61291 0.19274
0.61339 0.19443
0.61386 0.19614
0.6143 0.19788
0.61471 0.19965
0.61508 0.20146
0.61541 0.20331
0.61569 0.20519
0.61593 0.20703
0.61612 0.20874
0.61627 0.21023
0.61639 0.21141
0.61646 0.21221
0.61653 0.21258
*.*.Setup: Ga2.txt as Flap 1, Inverted: y, Scale = 1.0, AoA = 4.0, Reposition from (0,0) = (0, 0)*.*.
*.*.Setup: Ga2.txt as Flap 2, Inverted: y, Scale = 0.4, AoA = 27.0, Reposition from previous T.E. = (0.04, 0.07), Reposition from (0,0) = (1.041, 0.0907)*.*.
*.*.Setup: Ga2.txt as Flap 3, Inverted: y, Scale = 0.4, AoA = 45.0, Reposition from previous T.E. = (-0.01, 0.06), Reposition from (0,0) = (1.3963, 0.3148)*.*.
*.*.Setup: Scale Ratio = 0.36415*.*.