0.37426 -0.005310
0.3735 -0.00613
0.37197 -0.00773
0.369710 -0.010080
0.36683 -0.01302
0.36349 -0.01634
0.35984 -0.01982
0.35603 -0.02326
0.35218 -0.02649
0.34833 -0.02949
0.344470 -0.03231
0.34061 -0.03498
0.33674 -0.03751
0.33287 -0.03995
0.32899 -0.04231
0.32512 -0.04457
0.32124 -0.04676
0.31735 -0.048880
0.313470 -0.05092
0.309580 -0.0529
0.30569 -0.05481
0.3018 -0.05666
0.2979 -0.05846
0.29401 -0.0602
0.29011 -0.06188
0.28621 -0.0635
0.2823 -0.06505
0.2784 -0.06654
0.27449 -0.06797
0.27058 -0.069330
0.26667 -0.07064
0.262760 -0.07192
0.25884 -0.07315
0.25493 -0.07437
0.25101 -0.07555
0.2471 -0.07669
0.24318 -0.0778
0.239260 -0.07886
0.23534 -0.07986
0.23141 -0.08082
0.22749 -0.08172
0.22356 -0.082580
0.21963 -0.08339
0.2157 -0.0841500
0.21177 -0.08488
0.20783 -0.08556
0.2039 -0.08621
0.19996 -0.08681
0.19603 -0.08739
0.19209 -0.08792
0.18815 -0.08841
0.18421 -0.08886
0.18026 -0.08926
0.17632 -0.08962
0.17237 -0.08993
0.16842 -0.09019
0.16448 -0.0904
0.16052 -0.09057
0.15657 -0.09068
0.15262 -0.09075
0.14866 -0.09077
0.1447 -0.09074
0.14074 -0.09066
0.13678 -0.09053
0.13282 -0.090340
0.12885 -0.09011
0.12488 -0.08984
0.12092 -0.08953
0.11695 -0.089190
0.11298 -0.08879
0.1090 -0.08835
0.10503 -0.08783
0.10105 -0.08723
0.09707 -0.08654
0.093090 -0.08576
0.0891 -0.08489
0.08511 -0.08393
0.08111 -0.08288
0.07712 -0.08174
0.07312 -0.0805
0.06911 -0.079130
0.0651 -0.07763
0.06109 -0.07597
0.05707 -0.07416
0.05304 -0.07218
0.04901 -0.07004
0.04497 -0.06775
0.04093 -0.06531
0.03688 -0.06271
0.03282 -0.05989
0.02876 -0.05677
0.02468 -0.05326
0.02058 -0.0493
0.0165 -0.044840
0.01256 -0.04002
0.00893 -0.035
0.005770 -0.02996
0.00325 -0.02507
0.00151 -0.02049
0.00044 -0.012710
0.00113 -0.00972
0.00264 -0.00748
0.00493 -0.00604
0.00789 -0.00532
0.01134 -0.00517
0.01512 -0.00545
0.01907 -0.00602
0.02306 -0.00677
0.027040 -0.00768
0.03104 -0.00872
0.03504 -0.00989
0.03904 -0.01119
0.04304 -0.0126
0.04705 -0.01411
0.05107 -0.01571
0.055080 -0.01739
0.0591 -0.019120
0.06312 -0.02089
0.067140 -0.02269
0.07116 -0.02451
0.07518 -0.026340
0.0792 -0.02817
0.083220 -0.02998
0.08724 -0.03177
0.09126 -0.03354
0.09528 -0.03528
0.0993 -0.03699
0.10331 -0.03867
0.10733 -0.0403
0.11134 -0.0419
0.11535 -0.04346
0.11936 -0.04497
0.12337 -0.04644
0.12738 -0.04786
0.13138 -0.04924
0.13538 -0.05057
0.13939 -0.05185
0.14339 -0.05309
0.14738 -0.05427
0.15138 -0.05540
0.155380 -0.05648
0.15937 -0.0575
0.16336 -0.05847
0.16735 -0.05938
0.1713400 -0.060230
0.17532 -0.061030
0.1793 -0.06176
0.18328 -0.06243
0.18726 -0.06304
0.19124 -0.06359
0.19521 -0.0641
0.19919 -0.06456
0.203160 -0.06497
0.20713 -0.06533
0.2111 -0.06564
0.215060 -0.065890
0.21903 -0.06607
0.22299 -0.06617
0.22694 -0.0662
0.2309 -0.06616
0.23485 -0.06604
0.2388 -0.065860
0.24275 -0.0656
0.24670 -0.06527
0.25064 -0.06487
0.25458 -0.06439
0.2585200 -0.06383
0.26245 -0.0632
0.26639 -0.062480
0.27031 -0.06168
0.27424 -0.06079
0.27816 -0.05981
0.28208 -0.05875
0.2860 -0.05759
0.28991 -0.05634
0.29382 -0.05499
0.29773 -0.05353
0.30163 -0.05197
0.30553 -0.0503
0.30943 -0.04854
0.31332 -0.046690
0.31721 -0.044750
0.3211 -0.04274
0.32498 -0.04064
0.32886 -0.03847
0.33274 -0.03622
0.33661 -0.03390
0.34049 -0.0315
0.34436 -0.029
0.34822 -0.0264
0.35209 -0.023660
0.35594 -0.02076
0.35977 -0.01773
0.36343 -0.01468
0.36679 -0.01181
0.36968 -0.00928
0.37196 -0.00726
0.37349 -0.0059
0.37426 -0.005310
-Inserting Flap Ga2-
0.49501 0.09387
0.49491 0.09343
0.4947 0.09257
0.49438 0.09131
0.493970 0.08971
0.49348 0.08790
0.49291 0.085960
0.49228 0.08401
0.49159 0.08212
0.49086 0.08031
0.49009 0.07856
0.48928 0.07686
0.48845 0.07521
0.48759 0.07359
0.48672 0.072
0.48583 0.07044
0.48493 0.06891
0.484 0.0674
0.48307 0.06591
0.48212 0.064450
0.48115 0.06301
0.48017 0.06159
0.47918 0.06019
0.47818 0.05881
0.47717 0.05744
0.47614 0.0561
0.4751 0.05478
0.47404 0.05349
0.47297 0.05221
0.471890 0.05096
0.4708 0.04972
0.4697 0.0485
0.46859 0.047280
0.467480 0.04608
0.46636 0.04489
0.46523 0.04371
0.46409 0.04254
0.462950 0.04139
0.46179 0.04026
0.46062 0.03914
0.45944 0.03805
0.45825 0.03696
0.45705 0.03590
0.45585 0.03485
0.45463 0.03381
0.4534 0.03278
0.45217 0.03177
0.45093 0.03078
0.44968 0.02979
0.44842 0.02882
0.44715 0.02786
0.44588 0.02692000
0.44459 0.02599
0.4433 0.02508
0.44199 0.024180
0.44068 0.0233
0.43935 0.02244
0.43802 0.02159
0.43667 0.02076
0.43531 0.01994
0.43395 0.01914
0.43257 0.018360
0.43118 0.0176
0.42978 0.01685
0.42837 0.01613
0.426950 0.01541
0.42552 0.01471
0.42409 0.01403
0.42264 0.01335
0.42119 0.01269
0.41972 0.01205
0.41824 0.01144
0.41675 0.01085
0.41523 0.010290
0.41369 0.00977
0.41214 0.00927
0.41056 0.0088
0.40897 0.00837
0.40736 0.00796
0.40572 0.0076
0.40406 0.00727
0.402370 0.00699
0.40065 0.00676
0.3989 0.00658
0.3971 0.00646
0.395280 0.0064
0.39342 0.00638
0.39154 0.006420
0.38961 0.00651
0.38764 0.00668
0.38561 0.00694
0.3835 0.00734
0.38129 0.00790
0.37898 0.00862
0.37665 0.00951
0.37439 0.01052
0.37229 0.01163
0.37043 0.01282
0.36891 0.01406
0.36699 0.01654
0.36663 0.01772
0.3667 0.01879
0.36721 0.019750
0.36809 0.02059
0.369260 0.021340
0.37062 0.022
0.37211 0.02259
0.37364 0.02312
0.3752 0.02361
0.37679 0.02404
0.37841 0.02444
0.38006 0.02479
0.38173 0.0251
0.38342 0.02538
0.38513 0.025630
0.386850 0.02585
0.38859 0.02606
0.3903400 0.02625
0.39209 0.02643
0.393850 0.0266
0.39561 0.02677
0.39737 0.02694
0.39912 0.02712
0.40087 0.0273
0.40262 0.02749
0.4043600 0.02769
0.40609 0.0279
0.40782 0.02813
0.40953 0.02836
0.41124 0.02861
0.412940 0.02887
0.41464 0.02915
0.41632 0.02944
0.41799 0.02975
0.41966 0.03008
0.42131 0.03042
0.42295 0.030770
0.42458 0.03114
0.4262 0.03153
0.42782 0.03194
0.42941 0.03237
0.431 0.03281
0.43258 0.03327
0.43414 0.03376
0.43569 0.03426
0.43723 0.03478
0.43876 0.03532
0.44027 0.03589
0.44177 0.036470
0.44326 0.03708
0.44474 0.0377
0.44621 0.03833
0.44767 0.03898
0.44911 0.03965
0.45055 0.04034
0.45197 0.04104
0.45338 0.04178
0.45477 0.04253
0.45615 0.04331
0.45751 0.04412
0.45886 0.04495
0.46019 0.04580
0.46151 0.046680
0.46281 0.04759
0.46409 0.04851
0.46536 0.04947
0.46662 0.05045
0.46785 0.05146
0.46907 0.05249
0.47027 0.05356
0.47145 0.05465
0.47262 0.05577
0.47376 0.05692
0.47489 0.05811
0.47599 0.05932
0.47708 0.06057
0.47814 0.06186
0.47918 0.06318
0.48019 0.06454
0.48119 0.06593
0.48217 0.06735
0.48313 0.0688
0.48407 0.07027
0.485 0.07177
0.485910 0.0733
0.4868 0.07486
0.487680 0.07644
0.48854 0.07804
0.48939 0.07968
0.4902 0.08136
0.49099 0.08308
0.49175 0.08485
0.49247 0.08667
0.49313 0.088460
0.49372 0.09012
0.494210 0.091580
0.4946 0.09273
0.49486 0.09351
0.49501 0.09387
-Inserting Flap Ga2-
0.60848 0.22905
0.60853 0.2286
0.60862 0.22772
0.60875 0.22642
0.6089 0.22478
0.60905 0.22291
0.60916 0.22089
0.60923 0.21884
0.60922 0.21683
0.60914 0.21488
0.609 0.21297
0.60881 0.2111
0.60858 0.20927
0.60832 0.20745
0.60803 0.20566
0.60772 0.203890
0.60739 0.20214
0.60702 0.20041
0.60664 0.1987
0.60624 0.197
0.605810 0.19532
0.60537 0.19365
0.60491 0.192
0.604430 0.19036
0.60393 0.18874
0.60342 0.18713
0.60288 0.185540
0.60233 0.18396
0.60175 0.182400
0.60115000 0.18086
0.60054 0.17932
0.599920 0.1778
0.599280 0.17629
0.59864 0.17478
0.597980 0.17328
0.59732 0.17179
0.59664 0.17031
0.59595 0.16884
0.595240 0.16738
0.59451 0.16594
0.593770 0.16451
0.59302 0.16309
0.592250 0.16168
0.59146 0.16028
0.59067 0.15890
0.58986 0.15752
0.58903 0.15616
0.5882 0.1548
0.58736 0.15345
0.5865 0.15211
0.58563 0.15078
0.58475 0.14946
0.583850 0.1481600
0.58293 0.14686
0.58201 0.14558
0.58106 0.14431
0.58011 0.14305
0.57913 0.1418
0.57815 0.14056
0.57714 0.13934
0.57613 0.13813
0.57509 0.136930
0.57404 0.13574
0.57297 0.13457
0.57189 0.13341
0.570800 0.13226
0.56969 0.13112
0.56856 0.12999
0.56743 0.12887
0.56628 0.12776
0.56512 0.12667
0.56393 0.125590
0.56272 0.1245300
0.561480 0.12349
0.56021 0.12248
0.55891 0.121490
0.55759 0.120520
0.55623 0.119580
0.55485 0.118650
0.553430 0.117760
0.55198 0.11689
0.55048 0.11605
0.54894 0.11526
0.54735 0.1145
0.5457 0.11379
0.54401 0.11311
0.54226 0.11247
0.54047 0.11187
0.53863 0.11131
0.53672 0.1108
0.53472 0.11037
0.53259 0.11004
0.53032 0.10981
0.52791 0.109720
0.525410 0.10977
0.52294 0.109960
0.52059 0.1103
0.51845 0.1108
0.5166 0.11146
0.51395 0.11315
0.51322 0.114130
0.51292 0.11517
0.51308 0.11624
0.51362 0.11733
0.514470 0.11842
0.51554 0.1195
0.51673 0.12056
0.518 0.12158
0.5193 0.12256
0.52065 0.12351
0.52205 0.12442
0.52348 0.12531
0.524950 0.12616
0.52645 0.12699
0.52797 0.1278
0.5295200 0.1286
0.53109 0.12937
0.532670 0.13014
0.53426 0.1309
0.53586 0.13165
0.53746 0.13241
0.53905 0.13316
0.54065 0.13392
0.54224 0.13468
0.543820 0.13544
0.54539 0.13622
0.54695 0.137
0.5485 0.13779
0.55004 0.13859
0.55156 0.1394
0.55307 0.14022
0.55457 0.14105
0.55606 0.1419
0.557530 0.14275
0.55899 0.14361
0.56043 0.14449
0.56186 0.14538
0.56327 0.14628
0.56467 0.14719
0.56605 0.14812
0.56741 0.14906
0.56875 0.15001
0.57008 0.15097
0.57139 0.15196
0.57268 0.152950
0.57396 0.15396
0.57521 0.15498
0.57645 0.15603
0.57766 0.15708
0.57886 0.15815
0.58004 0.159230
0.58121 0.16032
0.58237 0.16143
0.58351 0.162540
0.58463 0.16367
0.58573 0.16482
0.58681 0.16598
0.58787 0.16716
0.58890 0.16836
0.58991 0.16958
0.5909 0.17081
0.591870 0.17207
0.59281 0.17334
0.593730 0.17462
0.59463 0.17593
0.59550 0.17726
0.59635 0.1786
0.59718 0.17997
0.59798 0.18135
0.59875 0.182760
0.59949 0.18418
0.60021 0.18563
0.6009 0.1871
0.60156 0.1886
0.60220 0.19011
0.6028 0.19166
0.60336 0.19323
0.60390 0.19482
0.6044 0.19644
0.60487 0.19808
0.605310 0.19975
0.60573 0.20144
0.606120 0.20314
0.60649 0.20487
0.60683 0.20662
0.60715 0.20838
0.60744 0.21016
0.60771 0.21197
0.6079600 0.21379
0.60816 0.21565
0.608330 0.21753
0.60844 0.21946
0.608510 0.22141
0.60853 0.223320
0.60852 0.22508
0.6085 0.22662
0.60847 0.22784
0.608450 0.228660
0.60848 0.22905
*.*.Setup: Ga2.txt as Flap 1, Inverted: y, Scale = 1.0, AoA = 2.0, Reposition from (0,0) = (0, 0)*.*.
*.*.Setup: Ga2.txt as Flap 2, Inverted: y, Scale = 0.4, AoA = 32.0, Reposition from previous T.E. = (-0.0267, 0.07), Reposition from (0,0) = (0.9744, 0.0558)*.*.
*.*.Setup: Ga2.txt as Flap 3, Inverted: y, Scale = 0.4, AoA = 51.666666666666664, Reposition from previous T.E. = (0.04, 0.06), Reposition from (0,0) = (1.3641, 0.3111)*.*.
*.*.Setup: Scale Ratio = 0.37385*.*.