0.3681700000 -0.01809
0.3674 -0.01887
0.36584 -0.02039
0.36353 -0.02263
0.36059 -0.02542
0.35719 -0.02857
0.35348 -0.03187
0.34961 -0.03513
0.34572 -0.03817
0.341820 -0.041
0.33793 -0.04364
0.33403 -0.04613
0.33014 -0.04849
0.32624 -0.05076
0.32235 -0.05295
0.31845 -0.05504
0.31456 -0.05707
0.31066 -0.05901
0.30677 -0.06089
0.30287 -0.0627
0.29898 -0.06445
0.29509 -0.06614
0.29119 -0.06777
0.2873 -0.06935
0.2834 -0.070870
0.27951 -0.07233
0.275610 -0.07373
0.27172 -0.07506
0.26782 -0.07633
0.26393 -0.07754
0.26003 -0.07869
0.25614 -0.07981
0.252240 -0.0809
0.24835 -0.08195
0.24445 -0.082980
0.24056 -0.08398
0.23667 -0.08493
0.23277 -0.08583
0.228880 -0.08669
0.22498 -0.087490
0.22109 -0.08825
0.21719 -0.08896
0.2133 -0.08962
0.2094 -0.09024
0.20551 -0.09082
0.20161 -0.09136
0.19772 -0.09185
0.19382 -0.09232
0.18993 -0.09274
0.18603 -0.09313
0.18214 -0.09348
0.17825 -0.09379
0.17435 -0.09405
0.17046 -0.09426
0.16656 -0.09443
0.16267 -0.09455
0.15877 -0.09463
0.15488 -0.09465
0.15098 -0.09463
0.14709 -0.09457
0.14319 -0.09445
0.13930 -0.09428
0.1354 -0.09407
0.13151 -0.0938
0.12761 -0.09348
0.12372 -0.09312
0.11983 -0.09271
0.115930 -0.09227
0.11204 -0.0918
0.10814 -0.09128
0.10425 -0.0907
0.10035 -0.090050
0.09646 -0.089330
0.092560 -0.08851
0.08867 -0.08761
0.08477 -0.08661
0.08088 -0.08553
0.07698 -0.08436
0.07309 -0.0831
0.0692 -0.08174
0.0653 -0.08026
0.06141 -0.07864
0.05751 -0.0768700
0.05362 -0.07495
0.04972 -0.0728600
0.04583 -0.070620
0.04193 -0.06823
0.03804 -0.06569
0.03414 -0.06299
0.03025 -0.06007
0.026350 -0.05686
0.02246 -0.053270
0.01856 -0.04923
0.0147 -0.0447
0.01098 -0.03982
0.00758 -0.03476
0.00465 -0.02969
0.00234 -0.02479
0.00078 -0.02022
0.000000 -0.01252
0.00078 -0.00961
0.00234 -0.00745
0.00465 -0.00612
0.00758 -0.00551
0.01098 -0.00547
0.0147 -0.00588
0.01856 -0.00658
0.02246 -0.00746
0.026350 -0.00848
0.03025 -0.00965
0.03414 -0.01094
0.03804 -0.01235
0.04193 -0.01388
0.04583 -0.01551
0.04972 -0.01722
0.05362 -0.019
0.05751 -0.02084
0.06141 -0.02273
0.0653 -0.02464
0.0692 -0.02657
0.07309 -0.02851
0.07698 -0.03045
0.08088 -0.03237
0.08477 -0.03427
0.08867 -0.03615
0.092560 -0.038
0.09646 -0.03982
0.10035 -0.04161
0.10425 -0.04336
0.10814 -0.04506
0.11204 -0.04673
0.115930 -0.04836
0.11983 -0.04995
0.12372 -0.051490
0.12761 -0.05298
0.13151 -0.05443
0.1354 -0.055830
0.13930 -0.0571800
0.14319 -0.05848
0.14709 -0.05973
0.15098 -0.06093
0.15488 -0.06207
0.15877 -0.06316
0.16267 -0.0642
0.16656 -0.06517
0.17046 -0.06609
0.17435 -0.06695
0.17825 -0.06774
0.18214 -0.06848
0.18603 -0.069160
0.18993 -0.069790
0.19382 -0.07038
0.19772 -0.07093
0.20161 -0.071420
0.20551 -0.07186
0.2094 -0.07224
0.2133 -0.07255
0.21719 -0.07279
0.22109 -0.07296
0.22498 -0.07305
0.228880 -0.07307
0.23277 -0.07303
0.23667 -0.07291
0.24056 -0.07272
0.24445 -0.072460
0.24835 -0.07212
0.252240 -0.07171
0.25614 -0.07122
0.26003 -0.07065
0.26393 -0.06999
0.26782 -0.06925
0.27172 -0.06843
0.275610 -0.06752
0.27951 -0.06651
0.2834 -0.06541
0.2873 -0.06422
0.29119 -0.06292
0.29509 -0.06151
0.29898 -0.06001
0.30287 -0.05841
0.30677 -0.05672
0.31066 -0.05495
0.31456 -0.0531
0.31845 -0.051170
0.32235 -0.04916
0.32624 -0.04708
0.33014 -0.04493
0.33403 -0.0427
0.33793 -0.04038
0.341820 -0.03795
0.34572 -0.03538
0.34961 -0.032670
0.35348 -0.02981
0.35719 -0.02694
0.36059 -0.02423
0.36353 -0.02184
0.36584 -0.019930
0.3674 -0.01864
0.3681700000 -0.01809
-Inserting Flap Ga2-
0.49286 0.07177
0.49273 0.07135
0.49245 0.07053
0.49203 0.06931
0.49149 0.06778
0.49085 0.06604
0.49013 0.06419
0.48934 0.06233
0.4885 0.06054
0.48763 0.05882
0.48672 0.05717
0.48578 0.05558
0.48483 0.05403
0.48385 0.05251
0.48286 0.05103
0.48185 0.04957
0.48083 0.04815
0.47979 0.04674
0.47875 0.04537
0.47769 0.044020
0.47662 0.04268
0.47554 0.04138
0.47445 0.04009
0.47334 0.03882
0.47223 0.037570
0.47111 0.03634
0.46997 0.03514
0.46883 0.033950
0.467670 0.03279
0.4665 0.03166
0.46532 0.030540
0.46414 0.02943
0.46295 0.02834
0.46175 0.02725
0.46055 0.02618
0.45934 0.02512
0.45813 0.02407
0.4569 0.02304
0.45567 0.02203
0.45443 0.02104
0.45318 0.02006
0.45192 0.0191
0.45065 0.01816
0.449380 0.01723
0.44809 0.01631
0.44680 0.01542
0.4455 0.01453
0.4442 0.01366
0.44289 0.0128
0.44157 0.01195
0.44025 0.01112
0.43892 0.010310
0.43757 0.0095
0.43623 0.00872
0.43487 0.00795
0.4335 0.0072
0.43213 0.00647
0.43074 0.00575
0.42935 0.00505
0.42795 0.00437
0.42654 0.0037
0.42512 0.00306
0.4237 0.00243
0.42226 0.00181
0.42081 0.00122
0.41936 0.00064
0.4179 8e-05
0.416430 -0.00047
0.41496 -0.00101
0.41347 -0.00153
0.41198 -0.00203
0.41048 -0.00251
0.40896 -0.00296
0.40742 -0.00337
0.40587 -0.00376
0.4043 -0.00411
0.40271 -0.00443
0.40111 -0.00472
0.3995 -0.00498
0.39786 -0.0052
0.3962 -0.005380
0.39452 -0.00551
0.39281 -0.00559
0.39108 -0.00561
0.38931 -0.00558
0.38751 -0.00548
0.38569 -0.00534
0.38384 -0.00514
0.38196 -0.00489
0.38005 -0.00456
0.37807 -0.00412
0.376040 -0.00355
0.37391 -0.00281
0.37171 -0.0019
0.3695 -0.00084
0.36737 0.00035
0.3654 0.00163
0.36369 0.002950
0.36231 0.0043
0.360630 0.0069
0.36038 0.00808
0.360540 0.00913
0.36112 0.01003
0.36206 0.01078
0.36327 0.01141
0.364660 0.01194
0.36617 0.01239
0.36772 0.01278
0.36929 0.01312
0.37089 0.01342
0.372510 0.01366
0.37416 0.01387
0.37582 0.01403
0.37751 0.01416
0.37921 0.01425
0.38092 0.01433
0.38264 0.01438
0.38437 0.01441
0.3861 0.01444
0.38784 0.01446
0.38958 0.01447
0.39132 0.014490
0.39306 0.01451
0.39479 0.01454
0.39652 0.01458
0.398250 0.01463
0.39997 0.01469
0.40168 0.01476
0.40338 0.014840
0.40508 0.01494
0.40677 0.01505
0.40846 0.01518
0.41013 0.01532
0.4118 0.01548
0.41346 0.01565
0.41511 0.01585
0.41675 0.01605
0.418390 0.01628
0.42001 0.016520
0.42163 0.016790
0.423230 0.01707
0.42483 0.01736
0.42641 0.017680
0.42799 0.018020
0.42955 0.01838
0.43111 0.01876
0.432650 0.01916
0.43419 0.01959
0.43571 0.020030
0.43722 0.0205
0.43872 0.02098
0.44022 0.021480
0.4417 0.02199
0.44318 0.02252
0.44465 0.02307
0.44611 0.02364
0.44755 0.02424
0.44898 0.02486
0.4504 0.02551
0.45181 0.02618
0.4532 0.02688
0.454580 0.02761
0.45594 0.02835
0.45730 0.02913
0.45864 0.02993
0.45997 0.03076
0.46128 0.03161
0.462580 0.03249
0.46386 0.0334
0.46513 0.03435
0.466390 0.03532
0.46762 0.03632
0.46885 0.03735
0.47005 0.03841
0.47124 0.03951
0.47241 0.04065
0.47356 0.04182
0.4747 0.043020
0.47581 0.04427
0.47691 0.04555
0.47799 0.04685
0.47906 0.04819
0.48011 0.04956
0.48115 0.0509600
0.48217 0.05238
0.48318 0.05383
0.48418 0.0553
0.48516 0.0568
0.48613 0.05834
0.48707 0.05991
0.488 0.06153
0.48889 0.06321
0.48975 0.06493
0.49055 0.06662
0.49127 0.068210
0.49189 0.06959
0.49236 0.07069
0.49268 0.07144
0.49286 0.07177
-Inserting Flap Ga2-
0.60461 0.2049
0.60466 0.20446
0.60475 0.20359
0.60488 0.2023100
0.60503 0.2007
0.60517 0.19885
0.60529 0.19687
0.60535 0.19484
0.60534 0.19287
0.60526 0.19094
0.60512 0.18907
0.60493 0.18723
0.604710 0.18542
0.60445 0.18363
0.60417 0.18187
0.60387 0.18013
0.60353 0.1784
0.60318 0.1767
0.6028 0.17501
0.6024 0.17334
0.60199 0.17168
0.601550 0.17004
0.6011 0.16842
0.60062 0.1668
0.60013 0.1652
0.59963 0.16362
0.5991 0.16205
0.59855 0.1605
0.59798 0.15896
0.5974 0.15744
0.59679 0.15593
0.59618 0.154430
0.59555 0.1529400
0.59492 0.15146
0.59427 0.14998
0.59362 0.14851
0.59295 0.14705
0.59227 0.1456
0.59157 0.14417
0.59086 0.14275
0.59013 0.14134
0.58938 0.13994
0.58863 0.138560
0.58785 0.13718
0.58707 0.13581
0.58627 0.13446
0.58546 0.13311
0.58464 0.13178
0.58381 0.13045
0.58296 0.129130
0.582110 0.12782
0.58124 0.126520
0.58035 0.12524
0.57945 0.12396
0.57854 0.1227
0.57761 0.12145
0.576670 0.12021
0.57571 0.11898
0.57474 0.11776
0.57375 0.11655
0.57275 0.11536
0.57173 0.11418
0.5707 0.11301
0.56965 0.11186
0.56858 0.11071
0.5675 0.10958
0.56641 0.10846
0.5653 0.10735
0.56419 0.10624
0.56306 0.10515
0.56191 0.10407
0.56074 0.10301
0.55955 0.10197
0.55832 0.10095
0.557070 0.09995
0.5558 0.09897
0.55449 0.09802
0.553160 0.09709
0.5518 0.09618
0.5504 0.0953
0.54897 0.09444
0.5475 0.09362
0.54598 0.09284
0.54441 0.09209
0.54279 0.091390
0.54112 0.09072
0.5394 0.09009
0.537630 0.0895
0.53582 0.08895
0.53394 0.08845
0.53197 0.08803
0.52987 0.08769
0.52764 0.08748
0.52526 0.08738
0.52281 0.08743
0.52037 0.08762
0.51806 0.0879600
0.51594 0.08845
0.51412 0.08909
0.51152 0.09076
0.5108 0.09173
0.51051 0.09275
0.51066 0.0938
0.51120 0.09488
0.51203 0.09595
0.51308 0.09702
0.51426 0.098060
0.5155 0.09906
0.51679 0.10003
0.51812 0.10096
0.51949 0.101860
0.5209 0.10273
0.52235 0.10358
0.52382 0.1044
0.52533 0.10519
0.52685 0.10597
0.5284 0.106740
0.52995 0.10749
0.531520 0.10824
0.533090 0.10898
0.53467 0.10972
0.53624 0.11047
0.53781 0.111210
0.53937 0.11196
0.54093 0.112720
0.54248 0.11348
0.54401 0.11425
0.545540 0.115030
0.54705 0.115820
0.54856 0.11661
0.55005 0.11742
0.55152 0.11824
0.55299 0.11907
0.55444 0.11991
0.55587 0.12076000
0.55729 0.12162
0.5587 0.12250
0.56009 0.12339
0.56146 0.124280
0.56282 0.1252
0.56416 0.12612
0.56549 0.12706
0.5668 0.12801
0.56809 0.12898
0.56936 0.12996
0.57061 0.13095
0.57185 0.13196
0.57306 0.13299
0.57426 0.13402
0.575440 0.13508
0.57661 0.13614
0.57776 0.13722
0.5789 0.13830
0.58002 0.1394
0.58112 0.14052
0.58221 0.141640
0.58327 0.14279
0.584310 0.14395
0.58533 0.14513
0.58633 0.14633
0.5873 0.14755
0.58825 0.14878
0.589180 0.15003
0.59009 0.1513
0.59097 0.15259
0.59183 0.15389
0.59267 0.15522
0.59348 0.15656
0.594270 0.15793
0.59503 0.15931
0.595760 0.16072
0.59647 0.16214
0.59715 0.16359
0.5978 0.16506
0.59842 0.16656
0.599010 0.16808
0.59957 0.16962
0.6001 0.17119
0.60059 0.17279
0.601060 0.174400
0.60149 0.17605
0.6019 0.177710
0.60229 0.17939
0.60265 0.18109
0.60299 0.18281
0.6033 0.18455
0.60359 0.1863
0.60386 0.18808
0.6041 0.189880
0.6043 0.1917
0.60446 0.19356
0.60457 0.19546
0.60464 0.19738
0.60466 0.19925
0.60465 0.200990
0.60463 0.20251
0.6046 0.20371
0.60459 0.20452
0.60461 0.2049
*.*.Setup: Ga2.txt as Flap 1, Inverted: y, Scale = 1.0, AoA = 0.0, Reposition from (0,0) = (0, 0)*.*.
*.*.Setup: Ga2.txt as Flap 2, Inverted: y, Scale = 0.4, AoA = 27.0, Reposition from previous T.E. = (-0.0267, 0.08), Reposition from (0,0) = (0.9733, 0.0309)*.*.
*.*.Setup: Ga2.txt as Flap 3, Inverted: y, Scale = 0.4, AoA = 51.666666666666664, Reposition from previous T.E. = (0.04, 0.06), Reposition from (0,0) = (1.3787, 0.2549)*.*.
*.*.Setup: Scale Ratio = 0.36817*.*.