0.3749700000 -0.01843
0.37418 -0.01922
0.37259 -0.02077
0.37024 -0.02305
0.36725 -0.02589
0.36379 -0.0291
0.36001 -0.03246
0.35607 -0.03578
0.3521 -0.03888
0.348130 -0.04176
0.34417 -0.04445
0.3402 -0.04698
0.33623 -0.04939
0.33227 -0.0517
0.3283 -0.05392
0.32433 -0.05606
0.32037 -0.05812
0.3164 -0.0601
0.31243 -0.06202
0.30847 -0.06386
0.3045 -0.06564
0.30053 -0.06736
0.29657 -0.06903
0.2926 -0.07063
0.28863 -0.072180
0.28467 -0.07367
0.28070 -0.07509
0.27673 -0.07645
0.27277 -0.07774
0.2688 -0.07897
0.26483 -0.08015
0.26087 -0.08129
0.25690 -0.08239
0.25293 -0.08347
0.24897 -0.084520
0.245 -0.08553
0.24104 -0.0865
0.23707 -0.08742
0.23310 -0.08829
0.22914 -0.089110
0.22517 -0.08988
0.2212 -0.0906
0.21724 -0.09127
0.21327 -0.09191
0.2093 -0.09249
0.20534 -0.09304
0.20137 -0.09355
0.1974 -0.09402
0.19344 -0.09446
0.18947 -0.09485
0.1855 -0.09521
0.18154 -0.09552
0.17757 -0.09578
0.1736 -0.096
0.16964 -0.09617
0.16567 -0.0963
0.1617 -0.09637
0.15774 -0.0964
0.15377 -0.09638
0.1498 -0.09631
0.14584 -0.09619
0.141870 -0.09602
0.1379 -0.0958
0.13394 -0.09553
0.12997 -0.09521
0.126 -0.09484
0.12204 -0.09443
0.118070 -0.09398
0.1141 -0.09349
0.11014 -0.09296
0.10617 -0.09237
0.10221 -0.091710
0.09824 -0.090980
0.094270 -0.09015
0.09031 -0.08923
0.08634 -0.08821
0.08237 -0.08711
0.07841 -0.08592
0.07444 -0.08464
0.07047 -0.08325
0.06651 -0.08174
0.06254 -0.08009
0.05857 -0.0782900
0.05461 -0.07633
0.05064 -0.0742100
0.04667 -0.071920
0.04271 -0.06949
0.03874 -0.0669
0.03477 -0.06415
0.03081 -0.06118
0.026840 -0.05791
0.02287 -0.054250
0.01891 -0.05014
0.01497 -0.04553
0.01119 -0.04056
0.00772 -0.0354
0.00473 -0.03023
0.00238 -0.02524
0.00079 -0.02059
0.000000 -0.01275
0.00079 -0.00978
0.00238 -0.00759
0.00473 -0.00623
0.00772 -0.00561
0.01119 -0.00557
0.01497 -0.00599
0.01891 -0.0067
0.02287 -0.0076
0.026840 -0.00864
0.03081 -0.00982
0.03477 -0.01114
0.03874 -0.01258
0.04271 -0.01414
0.04667 -0.01579
0.05064 -0.01754
0.05461 -0.01936
0.05857 -0.02123
0.06254 -0.02315
0.06651 -0.02509
0.07047 -0.02706
0.07444 -0.02904
0.07841 -0.03101
0.08237 -0.03296
0.08634 -0.0349
0.09031 -0.03682
0.094270 -0.0387
0.09824 -0.04056
0.10221 -0.04237
0.10617 -0.04416
0.11014 -0.0459
0.1141 -0.0476
0.118070 -0.04926
0.12204 -0.05087
0.126 -0.052440
0.12997 -0.05396
0.13394 -0.05543
0.1379 -0.056860
0.141870 -0.0582300
0.14584 -0.05956
0.1498 -0.06083
0.15377 -0.06205
0.15774 -0.06322
0.1617 -0.06433
0.16567 -0.06538
0.16964 -0.06638
0.1736 -0.06731
0.17757 -0.06818
0.18154 -0.06899
0.1855 -0.06974
0.18947 -0.070440
0.19344 -0.071080
0.1974 -0.07168
0.20137 -0.07224
0.20534 -0.072740
0.2093 -0.07319
0.21327 -0.07358
0.21724 -0.07389
0.2212 -0.07414
0.22517 -0.07431
0.22914 -0.0744
0.23310 -0.07442
0.23707 -0.07437
0.24104 -0.07425
0.245 -0.07406
0.24897 -0.07380
0.25293 -0.07346
0.25690 -0.07304
0.26087 -0.07254
0.26483 -0.07195
0.2688 -0.07128
0.27277 -0.07053
0.27673 -0.06969
0.28070 -0.06876
0.28467 -0.06774
0.28863 -0.06662
0.2926 -0.0654
0.29657 -0.06408
0.30053 -0.06265
0.3045 -0.06112
0.30847 -0.05949
0.31243 -0.05777
0.3164 -0.05596
0.32037 -0.05408
0.32433 -0.052110
0.3283 -0.05007
0.33227 -0.04795
0.33623 -0.04576
0.3402 -0.04349
0.34417 -0.04113
0.348130 -0.03865
0.3521 -0.03604
0.35607 -0.033270
0.36001 -0.03036
0.36379 -0.02744
0.36725 -0.02468
0.37024 -0.02224
0.37259 -0.02030
0.37418 -0.01899
0.3749700000 -0.01843
-Inserting Flap Ga2-
0.49608 0.08480
0.49598 0.084370
0.495770 0.0835
0.49545 0.08223
0.49504 0.08063
0.49455 0.078810
0.49398 0.07687
0.49334 0.07491
0.49265 0.07302
0.49192 0.07120
0.49114 0.06945
0.49033 0.067750
0.4895 0.06609
0.48864 0.06446
0.48777 0.06287
0.48688 0.0613
0.48597 0.05976
0.485040 0.05825
0.4841 0.05676
0.48315 0.05529
0.48218 0.05385
0.4812 0.05242
0.48021 0.05102
0.4792 0.04963
0.47818 0.04827
0.4771500 0.04692
0.47611 0.0456
0.47505 0.0443
0.47398 0.04302
0.47289 0.04176
0.4718 0.04052
0.47069 0.03929
0.46958 0.038080
0.46847 0.03687
0.46734 0.03568
0.46621 0.03449
0.46507 0.03332
0.46392 0.03217
0.46276 0.03103
0.46159 0.02991
0.46041 0.02881
0.45921 0.02773
0.45801 0.026660
0.45680 0.0256
0.45558 0.02456
0.45435 0.02353
0.45311 0.02252
0.45187 0.02152
0.450610 0.02053
0.44935 0.01956
0.44808 0.0186
0.4468 0.01765
0.44551 0.01672
0.44421 0.0158
0.4429 0.014910
0.44158 0.01402
0.44025 0.01316
0.43892 0.01231
0.43757 0.01147
0.43621 0.01065
0.43483 0.00985
0.43345 0.009070
0.43206 0.0083
0.43066 0.00756
0.42924 0.00683
0.42782 0.00611
0.42639 0.00541
0.42495 0.00472
0.4235 0.00404
0.422040 0.00338
0.42057 0.00274
0.41908 0.00212
0.41758 0.00153
0.41606 0.00098
0.41452 0.00045
0.41296 -5e-05
0.41138 -0.00052
0.40978 -0.00095
0.40816 -0.00136
0.40652 -0.00173
0.40486 -0.00206
0.40317 -0.00234
0.401440 -0.00257
0.39968 -0.00275
0.39788 -0.00287
0.39605 -0.00293
0.39419 -0.00295
0.3923 -0.002910
0.39037 -0.00282
0.38839 -0.00265
0.386350 -0.00238
0.38423 -0.001980
0.38202 -0.001430
0.37970 -0.0007
0.37736 0.00019
0.3751 0.0012
0.37299 0.00232
0.37113 0.003510
0.369610 0.00476
0.36768 0.00725
0.36732 0.00842
0.36739 0.0095
0.3679 0.01046
0.36878 0.01131
0.36995 0.01205
0.37132 0.01271
0.37281 0.01331
0.37434 0.01384
0.37591 0.01433
0.37751 0.01477
0.37913 0.015160
0.38078 0.01552
0.382460 0.01583
0.38415 0.01611
0.38587 0.016360
0.3876 0.01658
0.38934 0.01679
0.39109 0.01698
0.39285 0.01716
0.39462 0.01733
0.39638 0.0175
0.39814 0.01767
0.3999 0.01785
0.401660 0.01803
0.403410 0.01823
0.40516 0.018430
0.40689 0.01864
0.40863 0.01886
0.41035 0.0191
0.41206 0.0193500
0.41377 0.01961
0.415470 0.01989
0.417150 0.020180
0.41883 0.02049
0.4205 0.02082
0.42216 0.02116
0.42381 0.02152
0.42544 0.02189
0.42707 0.02228
0.42868 0.02269
0.430290 0.023120
0.43188 0.02356
0.43346 0.02403
0.43503 0.02451
0.43659 0.02501
0.43813 0.02554
0.43966 0.02608
0.44118 0.02665
0.44268 0.02723
0.44418 0.02784
0.44566 0.02846
0.44713 0.0291
0.44859 0.02975
0.450050 0.030420
0.45149 0.03111
0.45291 0.03182
0.45433 0.03255
0.45572 0.03331
0.45711 0.03409
0.45847 0.0349
0.45982 0.03574
0.461160 0.03659
0.46248 0.03748
0.46378 0.03838
0.465070 0.03931
0.46634 0.040270
0.4676 0.04125
0.46884 0.04226
0.47006 0.0433
0.47127 0.04437
0.47245 0.04546
0.47362 0.04659
0.474770 0.04775
0.47590 0.04893
0.47701 0.05015
0.47809 0.05141
0.47916 0.0527
0.4802 0.05402
0.48122 0.05538
0.48222 0.05678
0.4832 0.0582
0.4841600 0.059650
0.48511 0.06113
0.48604 0.06264
0.48695 0.06418
0.48785 0.06573
0.48873 0.06732
0.489590 0.06893
0.49044 0.07057
0.491260 0.07225
0.49205 0.07398
0.49281 0.07576
0.49353 0.07758
0.49419 0.07937
0.49478 0.08105
0.49528 0.08251
0.49567 0.08366
0.49593 0.08445
0.49608 0.08480
-Inserting Flap Ga2-
0.60360 0.20815
0.6036 0.2077
0.60359 0.20681
0.60357 0.2055
0.60353 0.20385
0.60345 0.20197
0.60333 0.19995
0.60316 0.19789
0.60291 0.19589
0.6026 0.19396
0.60224 0.19207
0.601840 0.19024
0.6014 0.18843
0.60093 0.18666
0.60044 0.18491
0.5999200 0.18318
0.59938 0.18148
0.59882 0.17979
0.59824 0.178130
0.59764 0.17649
0.59702 0.174860
0.59638 0.173250
0.59573 0.17166
0.59506 0.17008
0.594380 0.16852
0.593680 0.16698
0.59296 0.16546
0.59222 0.16395
0.59147 0.16247
0.59069 0.16099
0.5899 0.15954
0.5891 0.1581
0.58829 0.15666
0.58748 0.15523
0.58665 0.15382
0.58582 0.15241
0.58497 0.15101
0.584110 0.149630
0.58323 0.14826
0.582340 0.14691
0.58144 0.145570
0.58052 0.14424
0.57959 0.14293
0.57864 0.14163
0.57769 0.14034
0.57672 0.13906
0.57574 0.1378
0.57475 0.136540
0.57376 0.1353
0.57275 0.134060
0.57172 0.13284
0.57069 0.13163
0.569640 0.13043
0.56858 0.12925
0.56751 0.12808
0.56642 0.12692
0.56532 0.12578
0.56421 0.12465
0.56308 0.12353
0.56194 0.12243
0.56078 0.12134
0.55961 0.12027
0.55843 0.11921
0.55723 0.11817
0.556020 0.11714
0.554790 0.11612
0.55355 0.11511
0.5523 0.11412
0.551050 0.11313
0.54977 0.11216
0.54848 0.11121
0.54718 0.11027
0.54585 0.10936
0.54449 0.10847
0.54311 0.10761
0.5417 0.10677
0.54026 0.10596
0.538810 0.10518
0.53732 0.10442
0.53581 0.10369
0.53426 0.10299
0.53267 0.102340
0.53104 0.10172
0.52936 0.10116
0.52764 0.10064
0.52587 0.10016
0.52406 0.099730
0.52221 0.099340
0.52031 0.09899
0.51835 0.09871
0.5163 0.09851
0.51414 0.09843
0.51186 0.09847
0.5094400 0.09866
0.50696 0.099
0.50452 0.09947
0.50222 0.10009
0.50014 0.10084
0.49838 0.1017
0.49593 0.103690
0.49532 0.10476
0.49515 0.10583
0.49543 0.10688
0.4961 0.1079
0.49707 0.10889
0.49825 0.10984
0.49957 0.11075
0.50095 0.11162
0.50236 0.11245
0.50382 0.11324
0.50531 0.11399
0.506840 0.1147
0.50841 0.115380
0.51 0.11604
0.51161 0.11666
0.51325 0.117270
0.5149 0.11786
0.51656 0.11844
0.51824 0.11902
0.51991 0.11958
0.521590 0.12014
0.52327 0.12071
0.52495 0.12128
0.52662 0.12185
0.52828 0.12243
0.52994 0.12302
0.53158 0.123620
0.53322 0.124220
0.53485 0.12484
0.53646 0.12547
0.53806 0.12611
0.53965 0.12677
0.54123 0.12743
0.5428 0.12811
0.54435 0.1288
0.545890 0.12951
0.54741 0.13023
0.54893 0.13096
0.55042 0.131710
0.5519 0.13247
0.55337 0.13324
0.55482 0.13404
0.55626 0.134840
0.55768 0.13567
0.55908 0.136510
0.560470 0.13737
0.561840 0.13824
0.56319 0.13913
0.56452 0.14004
0.56584 0.14097
0.56714 0.14191
0.568440 0.14286
0.569710 0.14383
0.57098 0.14481
0.57223 0.14580
0.57346 0.146810
0.57467 0.14785
0.57586 0.1489
0.57703 0.14997
0.57818 0.15107
0.57931 0.15218
0.580420 0.15332
0.5815 0.15447
0.582570 0.15565
0.58362 0.15685
0.58464 0.15807
0.58565 0.159310
0.58663 0.16057
0.58759 0.16186
0.58852 0.16317
0.589430 0.1645
0.59031 0.16586
0.59117 0.16725
0.5920 0.16866
0.59281 0.1701
0.593590 0.17156
0.59433 0.17306
0.59505 0.17459
0.59574 0.17614
0.5964 0.17772
0.59704 0.17933
0.59765 0.18096
0.59824 0.18262
0.5988 0.1843
0.59935 0.186
0.59987 0.18772
0.60037 0.18946
0.60085 0.19122
0.6013 0.19301
0.60173 0.19484
0.60211 0.1967
0.60245 0.1986
0.60274 0.20054
0.60298 0.20244
0.60318 0.2042
0.60334 0.20573
0.60345 0.20695
0.60353 0.20777
0.60360 0.20815
*.*.Setup: Ga2.txt as Flap 1, Inverted: y, Scale = 1.0, AoA = 0.0, Reposition from (0,0) = (0, 0)*.*.
*.*.Setup: Ga2.txt as Flap 2, Inverted: y, Scale = 0.4, AoA = 32.0, Reposition from previous T.E. = (-0.0267, 0.08), Reposition from (0,0) = (0.9733, 0.0309)*.*.
*.*.Setup: Ga2.txt as Flap 3, Inverted: y, Scale = 0.4, AoA = 45.0, Reposition from previous T.E. = (-0.01, 0.06), Reposition from (0,0) = (1.313, 0.2862)*.*.
*.*.Setup: Scale Ratio = 0.37497*.*.