0.35845 -0.03018
0.35767 -0.030920
0.3561 -0.03235
0.353770 -0.03445
0.35081 -0.03708
0.347390 -0.04003
0.34365 -0.04312
0.33977 -0.04617
0.33587 -0.0490
0.33197 -0.05163
0.32808 -0.05407
0.3242 -0.056370
0.32032 -0.058540
0.31645 -0.06062
0.31257 -0.06261
0.3087 -0.06453
0.30484 -0.06637
0.30097 -0.06813
0.29711 -0.06983
0.29325 -0.07147
0.28939 -0.07304
0.28554 -0.07456
0.28168 -0.07602
0.27783 -0.07742
0.27398 -0.07877
0.27013 -0.08006
0.26629 -0.08129
0.26244 -0.08246
0.2586 -0.08356
0.25476 -0.08461
0.25092 -0.0856
0.24709 -0.08656
0.24325 -0.08749
0.23942 -0.08839
0.23558 -0.08926
0.23175 -0.09009
0.22792 -0.09089
0.22409 -0.09164
0.22026 -0.09234
0.21644 -0.09299
0.21261 -0.0936
0.20879 -0.09415
0.20497 -0.09467
0.20115 -0.09514
0.19733 -0.09557
0.19352 -0.095960
0.18970 -0.09632
0.18589 -0.09664
0.18207 -0.09692
0.17826 -0.09716
0.17445 -0.09737
0.17064 -0.09754
0.16684 -0.09766
0.16303 -0.097740
0.15923 -0.09777
0.15542 -0.09775
0.15162 -0.09769
0.14782 -0.09759
0.14403 -0.09744
0.14023 -0.09724
0.13644 -0.09699
0.13264 -0.0967
0.12885 -0.09635
0.12506 -0.09596
0.12128 -0.09551
0.11749 -0.09503
0.1137 -0.0945
0.10992 -0.09394
0.10614 -0.0933400
0.10236 -0.0927
0.09858 -0.09201
0.0948 -0.09124
0.09103 -0.0904
0.08726 -0.08948
0.08349 -0.08846
0.07973 -0.08736
0.07597 -0.086170
0.07221 -0.0849
0.06845 -0.08354
0.0647 -0.08207
0.06095 -0.08050
0.05721 -0.07879
0.05347 -0.07693
0.04974 -0.07492
0.046010 -0.07275
0.04229 -0.07043
0.03857 -0.06797
0.03486 -0.06536
0.03115 -0.06259
0.02745 -0.05962
0.02377 -0.056350
0.02009 -0.05272
0.01643 -0.04865
0.01281 -0.0441
0.00936 -0.039210
0.00621 -0.03416
0.00352 -0.02911
0.00144 -0.02425
7e-05 -0.01974
-0.00043 -0.012210
0.00043 -0.0094
0.00203 -0.00735
0.00432 -0.00612
0.00721 -0.00563
0.01053 -0.00571
0.01413 -0.00624
0.01788 -0.00705
0.02165 -0.008040
0.02541 -0.00917
0.02917 -0.01044
0.03293 -0.01183
0.03668 -0.01334
0.04042 -0.01497
0.04417 -0.01669
0.04791 -0.01849
0.05164 -0.020360
0.05538 -0.02229
0.05911 -0.02426
0.06285 -0.02625
0.06658 -0.02827
0.07031 -0.03029
0.07404 -0.032310
0.07778 -0.03432
0.08151 -0.03631
0.08524 -0.03827
0.08898 -0.04021
0.09272 -0.04212
0.09645 -0.044
0.10019 -0.04583
0.10393 -0.04763
0.10767 -0.04939
0.11142 -0.05111
0.11516 -0.05279
0.11891 -0.05443
0.12265 -0.05602
0.1264 -0.05756
0.13015 -0.05906
0.13391 -0.060510
0.13766 -0.06191
0.14142 -0.06326
0.14517 -0.06456
0.14893 -0.06581
0.15269 -0.06701
0.15646 -0.06815
0.16022 -0.06923
0.16399 -0.07026
0.167760 -0.07123
0.17153 -0.07214
0.1753 -0.07299
0.17908 -0.073790
0.18286 -0.07454
0.18663 -0.07524
0.19041 -0.07591
0.1942 -0.07652
0.19798 -0.07709
0.20176 -0.07759
0.20555 -0.07803
0.20934 -0.07839
0.21313 -0.07868
0.21693 -0.078910
0.22073 -0.07906
0.22453 -0.07915
0.22833 -0.079170
0.23213 -0.0791200
0.235940 -0.07899
0.23975 -0.07880
0.24356 -0.07853
0.24738 -0.07818
0.2512 -0.07776
0.25502 -0.07725
0.25884 -0.07666
0.26267 -0.07599
0.2665 -0.07523
0.27033 -0.07439
0.27417 -0.07345
0.278 -0.07241
0.28185 -0.07128
0.28569 -0.07004
0.28954 -0.06871
0.293400 -0.06728
0.29725 -0.06577
0.30111 -0.06417
0.30497 -0.0625
0.30884 -0.06075
0.3127 -0.05893
0.31657 -0.05703
0.320440 -0.05506
0.32432 -0.05302
0.32819 -0.05089
0.33208 -0.04865
0.33596 -0.04628
0.33985 -0.04377
0.34372 -0.04111
0.34744 -0.03844
0.35085 -0.03591
0.35379 -0.03368
0.35611 -0.0319
0.35768 -0.03069
0.35845 -0.03018
-Inserting Flap Ga2-
0.50408 0.05751
0.50395 0.0571
0.50368 0.0563
0.50327 0.05511
0.50275 0.05362
0.502120 0.05192
0.50141 0.05012
0.50065 0.0483
0.49983 0.04655
0.498980 0.04487
0.49809 0.04327
0.497180 0.04171
0.49624 0.0402
0.49529 0.03872
0.49432 0.03727
0.49334 0.03585
0.49234 0.03446
0.49133 0.03309
0.490310 0.03175
0.48928 0.030420
0.48823 0.02913
0.48718 0.027850
0.48611 0.02659
0.48504 0.02535
0.48395 0.024130
0.48286 0.02294
0.481750 0.02176
0.48063 0.02061
0.4795 0.01947
0.47836 0.01836
0.47721 0.017270
0.476050 0.01619
0.47489 0.01512
0.47373 0.01407
0.47255 0.01302
0.47137 0.01198
0.47019 0.01096
0.468990 0.00996
0.46779 0.00897
0.46658 0.008
0.465360 0.00705
0.4641300 0.00611
0.46289 0.00519
0.46165 0.00428
0.4604 0.00339
0.45914 0.00252000
0.45787 0.00165
0.4566 0.0008
0.45532 -4e-05
0.45403 -0.00086
0.4527400 -0.00168
0.45144 -0.002470
0.450130 -0.00325
0.44882 -0.00402
0.44749 -0.00477
0.44616 -0.0055
0.44482 -0.00621
0.44347 -0.00691
0.44211 -0.0076
0.44074 -0.00826
0.43937 -0.00891
0.43798 -0.00955
0.43659 -0.01016
0.43519 -0.01076
0.43378 -0.01134
0.43236 -0.0119
0.4309300 -0.01245
0.4295 -0.01299
0.42806 -0.01351
0.426610 -0.01402
0.42516 -0.01451
0.42369 -0.01498
0.4222 -0.01541
0.42071 -0.01582
0.41919 -0.0162
0.417660 -0.01654
0.41611 -0.01686
0.41455 -0.01714
0.41297 -0.01739
0.41138 -0.01761
0.40976 -0.017780
0.40812 -0.01791
0.40645 -0.01799
0.40476 -0.01801
0.40303 -0.01797
0.401280 -0.01788
0.3995 -0.01774
0.3977 -0.01755
0.39586 -0.0173
0.39399 -0.01697
0.39207 -0.01655
0.39008 -0.01599
0.38801 -0.01527
0.38586 -0.01438
0.3837 -0.01334
0.38162 -0.01218
0.3797 -0.01094
0.37803 -0.00965
0.37668 -0.00833
0.37504 -0.00580
0.3748 -0.00464
0.37496 -0.00362
0.37553 -0.00274
0.37644 -0.00201
0.37762 -0.00140
0.37898 -0.00088
0.38045 -0.00044
0.38196 -5e-05
0.3835 0.00028
0.38506 0.00057
0.38664 0.00081
0.38824 0.001
0.38987 0.00116
0.39151 0.00129
0.39317 0.00138
0.39484 0.001450
0.39652 0.00150
0.39821 0.00154
0.3999 0.00156
0.4016 0.0015800
0.4033 0.0016
0.405 0.00161
0.40669 0.00164
0.40838 0.00166
0.41007 0.0017
0.41175 0.00175
0.413430 0.00180
0.4151 0.00187
0.41677 0.00195
0.41842 0.00205
0.42007 0.00216
0.42172 0.00228
0.42335 0.00242
0.42498 0.00258
0.4266 0.002750
0.42821 0.002940
0.42981 0.00314
0.43141 0.00336
0.43299 0.00360
0.43457 0.00385
0.43614 0.00413
0.43769 0.00442
0.43924 0.004730
0.44078 0.005060
0.44231 0.00541
0.443820 0.00578
0.44533 0.00617
0.44682 0.00659
0.44831 0.007020
0.44979 0.0074700
0.45125 0.00794
0.45271 0.008430
0.45416 0.00893
0.4556 0.00945
0.45704 0.00998
0.45846 0.01054
0.459870 0.01112
0.46127 0.01173
0.46265 0.01236
0.46402 0.01302
0.46538 0.0137
0.46672 0.01441
0.46806 0.01514
0.46938 0.0159
0.47069 0.01668
0.47198 0.01749
0.47326 0.01832
0.47453 0.01918
0.475790 0.020070
0.47702 0.02099
0.47825 0.02194
0.47946 0.02291
0.48065 0.02392
0.48183 0.02496
0.48298 0.02603
0.48413 0.02714
0.48525 0.02828
0.48636 0.02946
0.48745 0.03067
0.48852 0.03192
0.48957 0.0332
0.49061 0.0345
0.49164 0.03584
0.49265 0.03720
0.49365 0.03858
0.494640 0.04
0.49561 0.04144
0.496570 0.04290
0.49751 0.0444
0.49844 0.04594
0.499340 0.04752
0.50021 0.04915
0.50105 0.05083
0.50183 0.05249
0.50253 0.05403
0.50313 0.05539
0.5036 0.05646
0.50391 0.05718
0.50408 0.05751
-Inserting Flap Ga2-
0.59991 0.20487
0.60001 0.20445
0.6002 0.20362
0.60047 0.20239
0.6008 0.200850
0.60114 0.19907
0.60148 0.19716
0.60177 0.19521
0.60198 0.19329
0.60212 0.19142
0.6022 0.18958
0.60223 0.18778
0.602220 0.186
0.60217 0.18424
0.6021 0.1825
0.602 0.18078
0.601870 0.17907
0.601720 0.17737
0.60155 0.17570
0.601350 0.17403
0.60114 0.17238
0.6009 0.17074
0.60064 0.16911
0.600370 0.16749
0.60008 0.16589
0.59976 0.16429
0.59943 0.16271
0.59907 0.16115
0.5987 0.15959
0.5983 0.15805
0.59789 0.156520
0.59746 0.155
0.59702 0.15348
0.59658 0.15197
0.59612 0.15047
0.59565 0.14897
0.59517 0.14748
0.59467 0.146
0.59416 0.14453
0.59363 0.143070
0.59308 0.14162
0.59252 0.14018
0.59194 0.13875
0.59135 0.13733
0.59074 0.13592
0.59012 0.13452
0.58949 0.13312
0.58884 0.13173
0.58819 0.13035
0.58752 0.128980
0.58684 0.127610
0.58614 0.12626
0.58543 0.12491
0.5847 0.12357
0.583960 0.12224
0.5832 0.12092
0.58243 0.11961
0.58164 0.11831
0.58084 0.11702
0.58001 0.11574
0.579180 0.11447
0.57832 0.11321
0.57745 0.111970
0.57657 0.11073
0.57566 0.1095
0.57474 0.10828
0.57381 0.10707
0.57287 0.10586
0.57191 0.10467
0.57094 0.10348
0.56995 0.10230
0.56894 0.10114
0.5679 0.10
0.56683 0.09887
0.56573 0.09776
0.5646 0.09667
0.56345 0.0956
0.56226 0.09454
0.56104 0.09351
0.559790 0.0925
0.5585 0.0915
0.55716 0.09054
0.55578 0.08961
0.55434 0.08871
0.55285 0.08784
0.55131 0.08701
0.54971 0.08621
0.54807 0.08543
0.54638 0.084690
0.54461 0.084
0.542750 0.08336
0.54076 0.0828
0.53862 0.08234
0.536320 0.08198
0.53394 0.08175
0.53156 0.08165
0.52927 0.081720
0.52717 0.08195
0.525330 0.08237
0.52262 0.08369
0.52181 0.08455
0.52141 0.08551
0.52144 0.08655
0.52184 0.08765
0.52252 0.08878
0.52342 0.089930
0.52445 0.09108
0.525540 0.09219
0.52667 0.09327
0.52786 0.09433
0.52909 0.09536
0.530350 0.09636
0.53166 0.09734
0.5330 0.0983
0.53437 0.09925
0.53576 0.10017
0.53717 0.10109
0.538590 0.102
0.540020 0.1029
0.54146 0.1038
0.5429 0.1047
0.54435 0.10559
0.54578 0.10649
0.54721 0.1074
0.54864 0.10831
0.55005 0.10922
0.55145 0.11014
0.55284 0.11107
0.554220 0.11201
0.55559 0.11295
0.55694 0.1139
0.55828 0.11486
0.55960 0.11583
0.56091 0.11681
0.56221 0.1178
0.56349 0.11879
0.56475 0.11980
0.566 0.12082
0.56723 0.121850
0.56844 0.12288
0.56964 0.12393
0.57082 0.12499
0.57198 0.12606
0.57312 0.12714
0.57424 0.128240
0.57534 0.12934
0.57642 0.13046
0.57749 0.13159
0.57853 0.132740
0.57956 0.13389
0.58056 0.13505
0.58156 0.13623
0.58254 0.13741
0.5835 0.1386
0.58444 0.13981
0.58537 0.14102
0.58627 0.14225
0.587150 0.1435
0.588 0.14476
0.58883 0.14603
0.58963 0.14732
0.590420 0.14863
0.59118 0.14994
0.59191 0.151280
0.59262 0.152620
0.59331 0.15399
0.59397 0.155360
0.59461 0.15676
0.595210 0.158170
0.59579 0.1596
0.59635 0.16104
0.59687 0.16251
0.59736 0.16399
0.59783 0.16549
0.59826 0.16701
0.59866 0.16855
0.59903 0.17011
0.59936 0.17169
0.59966 0.173290
0.599930 0.17491
0.600160 0.17655
0.60037 0.17821000
0.60056 0.17988
0.60071 0.18157
0.60085 0.18327
0.60095 0.185
0.60104 0.18673
0.60109 0.18848
0.60112 0.19025
0.60111 0.19204
0.60106 0.19386
0.60095 0.19571
0.60079 0.197580
0.6006 0.1994
0.6004 0.20109
0.60021 0.20256
0.60004 0.20371
0.59994 0.2045
0.59991 0.20487
*.*.Setup: Ga2.txt as Flap 1, Inverted: y, Scale = 1.0, AoA = -2.0, Reposition from (0,0) = (0, 0)*.*.
*.*.Setup: Ga2.txt as Flap 2, Inverted: y, Scale = 0.4, AoA = 27.0, Reposition from previous T.E. = (0.04, 0.08), Reposition from (0,0) = (1.0377, -0.004)*.*.
*.*.Setup: Ga2.txt as Flap 3, Inverted: y, Scale = 0.4, AoA = 58.333333333333336, Reposition from previous T.E. = (0.04, 0.08), Reposition from (0,0) = (1.443, 0.2401)*.*.
*.*.Setup: Scale Ratio = 0.35929*.*.