0.35286 -0.005010
0.35214 -0.00578
0.3507 -0.00729
0.348560 -0.009510
0.34585 -0.01228
0.3427 -0.0154
0.33926 -0.01869
0.33567 -0.02193
0.33204 -0.02497
0.32841 -0.02781
0.324770 -0.03047
0.32113 -0.03298
0.31748 -0.03537
0.31383 -0.03767
0.31018 -0.03989
0.30652 -0.04202
0.30286 -0.04409
0.2992 -0.046080
0.295540 -0.04801
0.291870 -0.04987
0.28821 -0.05168
0.28454 -0.05342
0.28086 -0.05511
0.27719 -0.05675
0.27352 -0.05834
0.26984 -0.05986
0.26616 -0.06133
0.26248 -0.06274
0.25879 -0.06408
0.25511 -0.065370
0.25142 -0.0666
0.247730 -0.0678
0.24404 -0.06897
0.24035 -0.07011
0.23666 -0.07123
0.23296 -0.07231
0.22927 -0.07335
0.225570 -0.07435
0.22188 -0.07529
0.21818 -0.07619
0.21448 -0.07705
0.21077 -0.077850
0.20707 -0.07862
0.20336 -0.0793400
0.19966 -0.08002
0.19595 -0.08067
0.19224 -0.08128
0.18853 -0.08185
0.18482 -0.08239
0.1811 -0.08289
0.17739 -0.08335
0.17367 -0.08378
0.16995 -0.08416
0.16624 -0.08449
0.16251 -0.08478
0.15879 -0.08503
0.15507 -0.08523
0.15134 -0.08539
0.14762 -0.0855
0.14389 -0.08556
0.14016 -0.08558
0.13643 -0.08555
0.13269 -0.08548
0.12896 -0.08535
0.12522 -0.085170
0.12148 -0.08496
0.11774 -0.0847
0.114 -0.08441
0.11026 -0.084090
0.10652 -0.08372
0.102770 -0.08329
0.09902 -0.08281
0.09527 -0.08224
0.09152 -0.08159
0.087760 -0.08086
0.084 -0.08004
0.08024 -0.07913
0.07647 -0.07814
0.07271 -0.07707
0.06893 -0.07589
0.06516 -0.07460
0.06138 -0.07319
0.05759 -0.07163
0.0538 -0.06992
0.05001 -0.06805
0.0462 -0.06603
0.0424 -0.06388
0.03859 -0.06157
0.03477 -0.05913
0.03095 -0.05647
0.02711 -0.05352
0.02327 -0.05022
0.01941 -0.04648
0.01555 -0.042280
0.01184 -0.03773
0.00841 -0.033
0.005440 -0.02825
0.00306 -0.02364
0.00142 -0.01932
0.00042 -0.011980
0.00107 -0.00916
0.00248 -0.00705
0.00465 -0.0057
0.00744 -0.00501
0.01069 -0.00487
0.01426 -0.00513
0.01798 -0.00568
0.02174 -0.00639
0.02550 -0.00724
0.02926 -0.00822
0.03303 -0.00932
0.03681 -0.01055
0.04058 -0.01188
0.04436 -0.01331
0.04815 -0.01482
0.051930 -0.01639
0.05572 -0.018020
0.05951 -0.01969
0.06330 -0.02139
0.06709 -0.02311
0.07088 -0.024840
0.07467 -0.02656
0.078460 -0.02827
0.08225 -0.02996
0.08604 -0.03162
0.08983 -0.03326
0.09362 -0.03488
0.0974 -0.03645
0.10119 -0.038
0.10497 -0.0395
0.10875 -0.04097
0.11253 -0.0424
0.11631 -0.04378
0.12009 -0.04513
0.12387 -0.04642
0.12764 -0.04768
0.13141 -0.04889
0.13519 -0.05005
0.13896 -0.05117
0.14272 -0.052230
0.146490 -0.05325
0.15025 -0.05421
0.15402 -0.05513
0.15778 -0.05599
0.1615400 -0.056790
0.16529 -0.057540
0.16905 -0.05823
0.1728 -0.05886
0.17655 -0.05943
0.1803 -0.05996
0.18405 -0.06043
0.1878 -0.06086
0.191540 -0.06125
0.19528 -0.0616
0.19902 -0.06189
0.202760 -0.062120
0.2065 -0.06229
0.21023 -0.06239
0.21396 -0.06242
0.21769 -0.06238
0.22142 -0.06227
0.22515 -0.062090
0.22887 -0.06185
0.232590 -0.06154
0.23631 -0.06116
0.24002 -0.06071
0.2437300 -0.06018
0.24744 -0.05958
0.25115 -0.05890
0.25485 -0.05815
0.25856 -0.05731
0.26225 -0.05639
0.26595 -0.05539
0.269640 -0.0543
0.27333 -0.05312
0.27702 -0.05184
0.2807 -0.05047
0.28438 -0.04899
0.28806 -0.04743
0.29173 -0.04577
0.2954 -0.044020
0.29907 -0.042190
0.30273 -0.04029
0.30639 -0.03832
0.31005 -0.03627
0.31371 -0.03415
0.31736 -0.031960
0.32102 -0.0297
0.32466 -0.02735
0.32831 -0.02489
0.33195 -0.02230
0.33559 -0.01957
0.33919 -0.01671
0.34265 -0.01384
0.34581 -0.01114
0.34854 -0.00875
0.35069 -0.00684
0.35213 -0.00556
0.35286 -0.005010
-Inserting Flap Ga2-
0.49573 0.0775
0.4956 0.0771
0.49533 0.07631
0.49493 0.07514
0.49441 0.07368
0.4938 0.07201
0.49311 0.07024
0.49235 0.06846
0.49155 0.06674
0.490720 0.0651
0.48985 0.063520
0.488950 0.062
0.48803 0.06051
0.4871 0.05906
0.48615 0.05764
0.48518 0.05625
0.48421 0.0548800
0.48322 0.05354
0.4822100 0.05222
0.4812 0.05092
0.48018 0.04965
0.47914 0.0484
0.4781 0.04716
0.47704 0.04595
0.47598 0.04475
0.4749 0.04358
0.473820 0.04242
0.47272 0.041290
0.47161 0.04018
0.47049 0.03909
0.46936 0.03802
0.468230 0.03696
0.46709 0.03592
0.46594 0.03488
0.46479 0.03385
0.46364 0.03283
0.46247 0.03183
0.46130 0.03085
0.46012 0.02988
0.45893 0.02892
0.457740 0.02799
0.45653 0.02707
0.45532 0.02617
0.4541 0.02528
0.45287 0.024410
0.45163 0.02354
0.45039 0.0227
0.44914 0.02186
0.44789 0.02104
0.44662 0.02023
0.445360 0.01943
0.44408 0.01865
0.4428 0.01789
0.44151 0.01714
0.44021 0.0164
0.4389 0.01568
0.43758 0.01498
0.43626 0.01429
0.43493 0.01362
0.43359 0.01297
0.43224 0.01233
0.43088 0.01171
0.42951 0.01111
0.42814 0.01052
0.42675 0.00995
0.42536 0.0094
0.423960 0.00886
0.42256 0.00834
0.42114 0.00782
0.419730 0.00732
0.4183 0.00684
0.41685 0.00638
0.4154 0.00596
0.41393 0.00556
0.412440 0.00519
0.410940 0.00485
0.40942 0.00454
0.40789 0.00426
0.40634 0.00402
0.40478 0.00381
0.40319 0.00363
0.40158 0.00351
0.39995 0.003430
0.39828 0.00341
0.39659 0.00345
0.3948700 0.00354
0.39313 0.00368
0.39136 0.00387
0.38956 0.00411
0.38772 0.00443
0.38584 0.00485
0.38388 0.0053900
0.38185 0.006090
0.37974 0.00697
0.37763 0.00799
0.37559 0.00912
0.37371 0.01034
0.37207 0.011610
0.37074 0.0129
0.36914 0.01539
0.36889 0.01652
0.36905 0.01753
0.36961 0.01839
0.37050 0.0191
0.37166 0.01971
0.373 0.02021
0.37444 0.02065
0.37592 0.02102
0.37743 0.02135
0.37896 0.02163
0.38051 0.02187
0.382080 0.02206
0.38368 0.02222
0.38529 0.02234
0.38692 0.02243
0.38856 0.0225
0.39021 0.02255
0.39186 0.02259
0.39352 0.02261
0.39519 0.02263
0.396850 0.02264
0.39852 0.022660
0.40018 0.02268
0.40184 0.022710
0.4035 0.02275
0.40515 0.022790
0.406790 0.02285
0.40843 0.02291
0.41007 0.0230
0.41169 0.02309
0.41331 0.02320
0.41492 0.02332
0.41653 0.02345
0.41812 0.02361
0.41971 0.02377
0.42129 0.02396
0.42286 0.02416
0.42443 0.02437
0.42598 0.02461
0.42753 0.024860
0.42907 0.02512
0.43059 0.02541
0.43211 0.02572
0.43362 0.02604
0.43512 0.02638
0.43661 0.02675
0.43809 0.027130
0.43955 0.02754
0.44101 0.02796
0.44246 0.02841
0.4439 0.02887
0.44533 0.02935
0.44675 0.02984
0.44817 0.03035
0.44957 0.03087
0.45097 0.03142
0.45235 0.03199
0.45372 0.03259
0.45508 0.03321
0.45642 0.03385
0.45776 0.03452
0.45908 0.035220
0.46038 0.03593
0.46168 0.03667
0.46296 0.037440
0.46423 0.03823
0.46549 0.03905
0.46674 0.03989
0.467960 0.04077
0.46918 0.04167
0.47038 0.0426
0.47157 0.043550
0.47274 0.04454
0.47389 0.04556
0.47503 0.04661
0.47615 0.0477
0.47725 0.048820
0.47834 0.049980
0.4794 0.05117
0.48045 0.05239
0.48149 0.05364
0.48251 0.05492
0.48352 0.05623
0.48451 0.05757
0.48549 0.05893
0.486460 0.06032
0.48741 0.061730
0.48835 0.06317
0.48928 0.06463
0.49019 0.06614
0.491070 0.06769
0.491930 0.0693
0.49275 0.07095
0.49352 0.07257
0.49421 0.074090
0.49479 0.07541
0.49525 0.07647
0.49556 0.07718
0.49573 0.0775
-Inserting Flap Ga2-
0.61442 0.19697
0.61442 0.19654
0.61441 0.19571
0.61439 0.194480
0.61435 0.192930
0.61428 0.19115
0.61417 0.189260
0.614000 0.18733
0.61377 0.18545
0.61348 0.18363
0.61314 0.18186
0.61276 0.18013
0.61235 0.17843
0.61191 0.17677
0.61145 0.17512
0.61096 0.1735
0.61045 0.1719
0.60992 0.17031
0.609380 0.16875
0.608810 0.1672
0.60823 0.16568
0.60764 0.16416
0.60702 0.16267
0.6064 0.16119
0.60575 0.15972
0.60509 0.15827
0.60442 0.15684
0.60372 0.15542
0.60301 0.15402
0.60229 0.15264
0.60154 0.15127
0.60079 0.14992
0.600030 0.14857
0.59926 0.14723
0.59849 0.14589
0.59770 0.14457
0.59690 0.14326
0.5961 0.14196
0.59527 0.14067
0.59444 0.1394
0.59359 0.13814
0.59272 0.1369
0.59185 0.13566
0.59096 0.13444
0.59006 0.13323
0.58915 0.13203
0.58823 0.13084
0.58731 0.12966
0.58637 0.12849
0.58542 0.12733
0.58446 0.12618
0.58348 0.12504
0.5825 0.12392
0.5815 0.1228
0.5805 0.1217
0.57947 0.12062
0.5784400 0.11954
0.57739 0.11848
0.57633 0.11743
0.57526 0.11639
0.57417 0.11537
0.57307 0.11436
0.57196 0.113370
0.57083 0.11238
0.56969 0.11141
0.56854 0.11046
0.56738 0.10951
0.5662 0.10858
0.56502 0.10765
0.563820 0.106740
0.56261 0.10584
0.56138 0.10496
0.56013 0.1041
0.55886 0.10327
0.55756 0.10246
0.55623 0.10167
0.55488 0.10091
0.55351 0.10017
0.55212 0.09946
0.55069 0.09878
0.54924 0.09812
0.54775 0.09751
0.54621 0.09693
0.54464 0.0964
0.54302 0.09591
0.541360 0.09546
0.53965 0.09505
0.53791 0.09469
0.53613 0.09436
0.53428 0.0941
0.53236 0.09391
0.530330 0.09383
0.52818 0.09387
0.52591 0.09405
0.523580 0.094360
0.52129 0.09481
0.51912 0.09539
0.51717 0.09609
0.51551 0.09691
0.51322 0.09878
0.512640 0.09978
0.512470 0.10079
0.51274 0.10177
0.51337 0.10273
0.51428 0.10366
0.5154 0.10456
0.516630 0.10542
0.51793 0.10623
0.51926 0.10701
0.520630 0.1077500
0.52203 0.1084600
0.52347 0.10913
0.52494 0.10977
0.52643 0.11038
0.52795 0.11097
0.52949 0.11154
0.53104 0.1121
0.53261 0.11265
0.53418 0.11318
0.53576 0.11371
0.53734 0.11424
0.53891 0.11477
0.54049 0.11531
0.54206 0.11585
0.543620 0.11639
0.54518 0.116950
0.54673 0.11751
0.54826 0.11808
0.54979 0.11866
0.551310 0.11925
0.55282 0.119850
0.55431 0.12047
0.55579 0.12109
0.557270 0.12173
0.558730 0.122380
0.56017 0.12304
0.56161 0.12372
0.56303 0.12441
0.56443 0.12511
0.56583 0.12583
0.56721 0.12656
0.56857 0.1273
0.56992 0.12806
0.57125 0.12884
0.57257 0.12963
0.57388 0.130430
0.57516 0.13125
0.57643 0.13209
0.57769 0.13295
0.57893 0.13382
0.580150 0.1347
0.58137 0.1356
0.58257 0.1365
0.58376 0.137420
0.58493 0.13836
0.5860900 0.13931
0.58723 0.14028
0.58835 0.14127
0.58945 0.142280
0.59052 0.143310
0.59159 0.14436
0.59263 0.14543
0.59365 0.14651
0.59465 0.14762
0.59564 0.14874
0.5966 0.14989
0.59754 0.15106
0.59847 0.15224
0.599370 0.15345
0.60024 0.154690
0.6011 0.155940
0.60193 0.15722
0.60274 0.15852
0.60352 0.15985
0.60428 0.1612
0.60501 0.162580
0.60571 0.163980
0.60638 0.165420
0.60703 0.16688
0.60765 0.16837
0.60825 0.16988
0.60882 0.171410
0.60938 0.17297
0.60991 0.17455
0.61042 0.17614
0.61091 0.17776
0.611380 0.1794
0.611840 0.18106
0.612260 0.18274
0.61266 0.18445
0.61302 0.1862
0.61334 0.18799
0.61361 0.18981
0.61384 0.19160
0.61403 0.19325
0.61417 0.19469
0.614280 0.19584
0.61435 0.19661
0.61442 0.19697
*.*.Setup: Ga2.txt as Flap 1, Inverted: y, Scale = 1.0, AoA = 2.0, Reposition from (0,0) = (0, 0)*.*.
*.*.Setup: Ga2.txt as Flap 2, Inverted: y, Scale = 0.4, AoA = 27.0, Reposition from previous T.E. = (0.04, 0.07), Reposition from (0,0) = (1.0411, 0.0558)*.*.
*.*.Setup: Ga2.txt as Flap 3, Inverted: y, Scale = 0.4, AoA = 45.0, Reposition from previous T.E. = (0.04, 0.07), Reposition from (0,0) = (1.4464, 0.2899)*.*.
*.*.Setup: Scale Ratio = 0.35247*.*.