0.35653 0.05647
0.35453 0.054260
0.35163 0.05104
0.34819 0.04785
0.344 0.04472
0.33887 0.04145
0.33266 0.03791
0.32531 0.03408
0.31692 0.030
0.30772 0.02579
0.29795 0.02155
0.28785 0.01735
0.27757 0.01325
0.26722 0.00931
0.25683 0.00555
0.24641 0.00196
0.23592 -0.00144
0.22531 -0.00467
0.21454 -0.00777
0.20356 -0.01077
0.19233 -0.01369
0.18086 -0.01658
0.16923 -0.01945
0.15752 -0.0223
0.1459 -0.0251
0.13453 -0.02777
0.12359 -0.030250
0.11327 -0.03244
0.10367 -0.03424
0.09474 -0.03558
0.08636 -0.03645
0.07839 -0.03686
0.07076 -0.0368
0.06341 -0.036290
0.05631 -0.03534
0.04948 -0.03396
0.04292 -0.03218
0.03668 -0.03005
0.03086 -0.02763
0.02555 -0.02504
0.02087 -0.022420
0.016840 -0.01988
0.01346 -0.01748
0.010650 -0.01523
0.00833 -0.01312
0.006410 -0.011150
0.00482 -0.0093
0.00351 -0.00757
0.00243 -0.00594
0.00156 -0.004400
0.00088 -0.00294
0.00037 -0.001550
0.000086 -0.00022
-0.00012 0.00108000
0.000005 0.00239
0.00056 0.00360
0.00157 0.00456
0.00289 0.00529
0.00445 0.00587
0.00624 0.006370
0.00832 0.00685
0.01076 0.00731
0.01367 0.00778
0.01724 0.00827
0.02169 0.00879
0.02735 0.00935
0.03449 0.00994
0.04307 0.01052
0.05273 0.01098
0.063130 0.01125
0.074190 0.01133
0.08582 0.01131
0.097810 0.01123
0.10998 0.01113
0.12212 0.01104
0.13411 0.011
0.145920 0.01102
0.15753 0.01114
0.16893 0.011370
0.180150 0.01176
0.1912 0.01231
0.20209 0.01304
0.21285 0.01397
0.2234800 0.01511
0.234 0.01647
0.24442 0.01806
0.25476 0.01988
0.265010 0.02193
0.27518 0.02422
0.28523 0.02675
0.29514 0.02949
0.30481 0.03243
0.3141 0.03552
0.3228 0.03868
0.33067 0.04183
0.33755 0.04489
0.34341 0.04783
0.34831 0.05064
0.3524 0.05333
0.35653 0.05647
-Inserting Flap s1223rtl-
0.52613 0.1543
0.52536 0.15302
0.52424 0.15116
0.52286 0.14927
0.5211 0.14733
0.51889 0.14524
0.51618 0.14291
0.51294 0.14033
0.509210 0.13753
0.5051 0.13458
0.50071 0.13157
0.49615 0.12854
0.4915 0.12555
0.48679 0.12263
0.48205 0.11979
0.477280 0.11704
0.47245 0.11437
0.46756 0.111770
0.46257 0.109220
0.45746 0.1067
0.45223 0.10419
0.44688 0.10168
0.44144 0.099160
0.43597 0.09665
0.43053 0.094170
0.4252 0.09177
0.42007 0.08951
0.41522 0.08745
0.41068 0.08565
0.40642 0.08414
0.40239 0.08291
0.39852 0.08195
0.39477 0.08125
0.39111 0.0808
0.38754 0.08059
0.38405 0.08062
0.38066 0.08086
0.3774 0.08132
0.37431 0.08195
0.37146 0.08271
0.36891 0.083550
0.36669 0.08441
0.3648 0.08527
0.36321 0.08611
0.361870 0.08692
0.36074 0.08771
0.35978 0.08846
0.35897 0.08918
0.35829 0.08988
0.35771 0.09055
0.357240 0.09121
0.35686 0.09184
0.35656 0.092460
0.35636 0.09309
0.35630 0.09374
0.35646 0.09438
0.35686 0.09495
0.357440 0.09543
0.35815 0.09587
0.35898 0.09629
0.359960 0.09672
0.36111 0.09718
0.3625 0.09769
0.3642 0.09827
0.36633 0.09895
0.36906 0.09976
0.37251 0.10074
0.37666 0.10184
0.381360 0.10299
0.38644 0.10411
0.391860 0.10521
0.39757 0.10630
0.40346 0.10741
0.40944 0.10852
0.41541 0.10964
0.4213 0.11076
0.42709 0.11189
0.43278 0.11306
0.43836 0.11427
0.44383 0.11552
0.44920 0.11685
0.45447 0.11825
0.45966 0.11973
0.46477 0.1213
0.4698 0.12297
0.47477 0.12475
0.47967 0.12663
0.48451 0.12861
0.48928 0.13071
0.49397 0.13291
0.49857 0.1352
0.503040 0.13756
0.5073 0.13996
0.511270 0.14235
0.51484 0.14464
0.51792 0.1468
0.52051 0.1488
0.52265 0.15065
0.52440 0.15236
0.52613 0.1543
-Inserting Flap s1223rtl-
0.66314 0.28128
0.66273 0.27985
0.66213 0.27777
0.66128 0.27558
0.66009 0.27325
0.6585 0.27066
0.65648 0.26771
0.65402 0.26438
0.65115 0.26071
0.647930 0.2568
0.644470 0.25275
0.64086 0.24865
0.63713 0.24455
0.63335 0.24051
0.6295 0.2365400
0.62560 0.23265
0.62163 0.22882
0.61758 0.22504
0.61342 0.221290
0.60914 0.21754
0.604730 0.21376
0.60021 0.20995
0.59561 0.20611
0.59098 0.20226
0.586360 0.19846
0.58184 0.19476
0.57747 0.19125
0.57331 0.18801
0.56939 0.18509
0.56567 0.18253
0.5621 0.1803
0.55861 0.17838
0.55516 0.17673
0.55175 0.17535
0.54835 0.17422
0.54498 0.17334
0.54164 0.1727
0.53837 0.1723
0.53522 0.17211
0.53227 0.1721
0.52959 0.17225
0.52723 0.17251
0.52518 0.17285
0.52342 0.17325
0.52192 0.17369
0.520620 0.17415
0.5195 0.17463
0.51853 0.17512
0.517690 0.17562
0.51697 0.176120
0.51634 0.17663
0.5158 0.17714
0.51536 0.17767
0.51501 0.178220
0.51478 0.17883
0.514760 0.1795
0.515 0.18015
0.51544 0.18077
0.51601 0.18137
0.51671 0.181990
0.51754 0.18266
0.51853 0.1834
0.51974 0.18425
0.52123 0.18525
0.52312 0.18646
0.525540 0.18795
0.52862 0.18979
0.532350 0.19193
0.536590 0.19425
0.5412 0.19665
0.54616 0.19911
0.55139 0.20165
0.556790 0.20424
0.56228 0.20687
0.56776 0.20949
0.57316 0.2121
0.57846 0.21469
0.58365 0.21729
0.58872 0.2199
0.593680 0.22253
0.59853 0.2252
0.60326 0.22791
0.60789 0.23069
0.612420 0.23353
0.61685 0.23645
0.62118 0.23945
0.62543 0.24253
0.62959 0.2457
0.63365 0.24896
0.63762 0.2523
0.64147 0.2557
0.64517 0.25914
0.64867 0.26257
0.65189 0.26589
0.65473 0.26903
0.657150 0.27192
0.65914 0.27452
0.660730 0.27686
0.66198 0.27896
0.66314 0.28128
*.*.Setup: s1223rtl.txt as Flap 1, Inverted: y, Scale = 1.0, AoA = 9.0, Reposition from (0,0) = (0, 0)*.*.
*.*.Setup: s1223rtl.txt as Flap 2, Inverted: y, Scale = 0.5, AoA = 20.0, Reposition from previous T.E. = (0.0, 0.1), Reposition from (0,0) = (0.9877, 0.2564)*.*.
*.*.Setup: s1223rtl.txt as Flap 3, Inverted: y, Scale = 0.5, AoA = 35.0, Reposition from previous T.E. = (-0.03, 0.065), Reposition from (0,0) = (1.4275, 0.4924)*.*.
*.*.Setup: Scale Ratio = 0.36097*.*.