0.36453 -0.005170
0.36379 -0.00597
0.3623 -0.00753
0.360090 -0.009820
0.35729 -0.01268
0.35403 -0.01591
0.35048 -0.0193
0.34677 -0.02265
0.34302 -0.0258
0.33927 -0.02873
0.335510 -0.03147
0.33175 -0.03407
0.32798 -0.03654
0.32421 -0.03891
0.32044 -0.0412
0.31666 -0.04341
0.31288 -0.04555
0.3091 -0.047610
0.305310 -0.0496
0.301530 -0.05152
0.29774 -0.05339
0.29395 -0.05519
0.29015 -0.05694
0.28636 -0.05863
0.28256 -0.06027
0.27876 -0.06184
0.27496 -0.06336
0.27116 -0.06481
0.26735 -0.0662
0.26354 -0.067530
0.25973 -0.06881
0.255920 -0.07005
0.25211 -0.07125
0.2483 -0.07243
0.24448 -0.07358
0.24067 -0.0747
0.23685 -0.07577
0.233030 -0.0768
0.22921 -0.07778
0.22539 -0.07871
0.22157 -0.07959
0.21774 -0.080430
0.21392 -0.08122
0.21009 -0.0819600
0.20626 -0.08267
0.20243 -0.08334
0.1986 -0.08396
0.19476 -0.08456
0.19093 -0.08511
0.18709 -0.08563
0.18325 -0.08611
0.17942 -0.08655
0.17557 -0.08694
0.17173 -0.08729
0.16789 -0.08759
0.16404 -0.08784
0.1602 -0.08805
0.15635 -0.08821
0.1525 -0.08832
0.14865 -0.08839
0.14479 -0.08841
0.14094 -0.08838
0.13708 -0.0883
0.13322 -0.08817
0.12936 -0.087990
0.1255 -0.08777
0.12164 -0.0875
0.11777 -0.0872
0.11391 -0.086870
0.11004 -0.08648
0.106170 -0.08605
0.1023 -0.08554
0.09842 -0.08496
0.09454 -0.08429
0.090660 -0.08353
0.08678 -0.08268
0.08289 -0.08175
0.079 -0.08073
0.07511 -0.07961
0.07121 -0.0784
0.06731 -0.077070
0.06341 -0.07561
0.0595 -0.074
0.05558 -0.07223
0.05166 -0.0703
0.04773 -0.06822
0.0438 -0.06599
0.03986 -0.06361
0.03592 -0.06108
0.03197 -0.05833
0.02801 -0.05529
0.02404 -0.05188
0.02005 -0.04802
0.01607 -0.043680
0.01223 -0.03898
0.00869 -0.03409
0.005620 -0.02918
0.00317 -0.02442
0.00147 -0.01995
0.00043 -0.012380
0.0011 -0.00947
0.00257 -0.00728
0.00481 -0.00589
0.00768 -0.00518
0.01104 -0.00503
0.01473 -0.0053
0.01858 -0.00586
0.02246 -0.0066
0.026340 -0.00748
0.03023 -0.00849
0.03412 -0.00963
0.03802 -0.0109
0.04193 -0.01227
0.04583 -0.01375
0.04974 -0.01531
0.053650 -0.01693
0.05756 -0.018620
0.06148 -0.02034
0.065390 -0.0221
0.06931 -0.02387
0.07323 -0.025660
0.07714 -0.02744
0.081060 -0.0292
0.08497 -0.03095
0.08889 -0.03267
0.0928 -0.03436
0.09671 -0.03603
0.10062 -0.03766
0.10453 -0.03925
0.10844 -0.04081
0.11235 -0.04233
0.11626 -0.0438
0.12016 -0.04523
0.12406 -0.04662
0.12796 -0.04796
0.13186 -0.04926
0.13576 -0.05051
0.13966 -0.05171
0.14355 -0.05286
0.14744 -0.053960
0.151330 -0.05501
0.15522 -0.05601
0.15911 -0.05695
0.163 -0.05784
0.1668800 -0.058670
0.17076 -0.059440
0.17464 -0.06015
0.17852 -0.0608
0.18239 -0.0614
0.18626 -0.06194
0.19014 -0.06243
0.19401 -0.06288
0.197870 -0.06328
0.20174 -0.06364
0.2056 -0.06394
0.209470 -0.064180
0.21333 -0.06435
0.21719 -0.06445
0.22104 -0.06448
0.22489 -0.06444
0.22874 -0.06433
0.23259 -0.064140
0.23644 -0.06389
0.240280 -0.06357
0.24412 -0.06318
0.24796 -0.06272
0.2517900 -0.06217
0.25563 -0.06155
0.25946 -0.060850
0.26328 -0.06007
0.26711 -0.05921
0.27093 -0.05826
0.27475 -0.05722
0.278560 -0.05609
0.28237 -0.05487
0.28618 -0.05356
0.28998 -0.05214
0.29379 -0.05061
0.29758 -0.04899
0.30138 -0.04728
0.30517 -0.045480
0.30896 -0.043590
0.31274 -0.04162
0.31653 -0.03958
0.32031 -0.03747
0.32408 -0.03528
0.32786 -0.033020
0.33163 -0.03068
0.3354 -0.02825
0.33917 -0.02571
0.34293 -0.023040
0.34668 -0.02022
0.35041 -0.01726
0.35398 -0.0143
0.35725 -0.0115
0.36006 -0.00904
0.36228 -0.00707
0.36378 -0.00574
0.36453 -0.005170
-Inserting Flap Ga2-
0.51212 0.0837
0.51198 0.08329
0.51171 0.08247
0.5113 0.08127
0.51076 0.07976
0.51013 0.07804
0.50941 0.07621
0.50863 0.07436
0.50781 0.07259
0.506940 0.07089
0.50605 0.069260
0.505120 0.06769
0.50417 0.06615
0.50321 0.06466
0.50222 0.06319
0.50123 0.06175
0.50022 0.0603400
0.4992 0.05895
0.4981600 0.05759
0.49711 0.05625
0.49605 0.05493
0.49499 0.05364
0.49391 0.05236
0.49282 0.05111
0.49172 0.04987
0.49061 0.04866
0.489480 0.04747
0.48835 0.04630
0.4872 0.04515
0.48605 0.04403
0.48488 0.04292
0.483710 0.04183
0.48253 0.04074
0.48135 0.03967
0.48016 0.03861
0.47897 0.03756
0.47777 0.03652
0.476560 0.03551
0.47534 0.03451
0.47411 0.03352
0.472870 0.03256
0.47163 0.03161
0.47037 0.03067
0.46911 0.02976
0.46784 0.028850
0.46657 0.02796
0.46528 0.02709
0.46399 0.02623
0.4627 0.02538
0.46139 0.02454
0.460080 0.02372
0.45877 0.02291
0.45744 0.02212
0.45611 0.02134
0.45476 0.02058
0.45341 0.01984
0.45205 0.01912
0.45068 0.01841
0.44931 0.01772
0.44792 0.01704
0.44653 0.01638
0.44513 0.01574
0.44372 0.01512
0.44229 0.01451
0.44086 0.01393
0.43943 0.01335
0.437980 0.0128
0.43653 0.01225
0.43507 0.01172
0.43360 0.0112
0.43213 0.01071
0.43064 0.01024
0.42914 0.00979
0.42762 0.00938
0.426080 0.009
0.424530 0.00865
0.42296 0.00833
0.42138 0.00805
0.41978 0.00779
0.41816 0.00757
0.41652 0.0074
0.41486 0.00727
0.41317 0.007190
0.41145 0.00717
0.40971 0.0072
0.4079300 0.00729
0.40613 0.00744
0.4043 0.00763
0.40244 0.00789
0.40054 0.00821
0.39859 0.00865
0.39658 0.0092100
0.39448 0.009940
0.3923 0.01084
0.39012 0.01189
0.38801 0.01307
0.38606 0.01433
0.38437 0.015640
0.383 0.01697
0.38134 0.01954
0.38109 0.02071
0.38126 0.02175
0.38183 0.02263
0.382750 0.02338
0.38395 0.024
0.38533 0.02452
0.38682 0.02497
0.38835 0.02536
0.38991 0.0257
0.39149 0.02599
0.39309 0.02623
0.394720 0.02643
0.39637 0.02659
0.39803 0.02672
0.39971 0.02682
0.40141 0.02689
0.40311 0.02694
0.40482 0.02697
0.40654 0.027
0.40826 0.02702
0.409980 0.02703
0.4117 0.027050
0.41342 0.02707
0.41513 0.02710
0.41684 0.02714
0.41855 0.027190
0.420240 0.02724
0.42194 0.02731
0.42363 0.02740
0.42531 0.02749
0.42698 0.02760
0.42864 0.02773
0.4303 0.02787
0.43195 0.02803
0.43359 0.0282
0.43522 0.02839
0.43685 0.0286
0.43846 0.02882
0.44007 0.02906
0.44167 0.029320
0.44326 0.0296
0.44483 0.02989
0.4464 0.03021
0.44796 0.03054
0.44951 0.0309
0.45105 0.03127
0.45257 0.031670
0.45409 0.03209
0.45559 0.03253
0.45709 0.03299
0.45858 0.03347
0.46005 0.03396
0.46152 0.03447
0.46299 0.03499
0.46444 0.03553
0.46588 0.0361
0.46731 0.03669
0.46872 0.03731
0.47013 0.03795
0.47152 0.03861
0.47289 0.0393
0.47426 0.040020
0.47561 0.04076
0.47695 0.04153
0.47827 0.042320
0.47959 0.04314
0.48088 0.04398
0.48217 0.04485
0.483440 0.04576
0.48469 0.04669
0.48593 0.04765
0.48716 0.048640
0.48837 0.04966
0.48956 0.05071
0.49074 0.0518
0.49189 0.05292
0.49303 0.054080
0.49415 0.055270
0.49526 0.0565
0.49634 0.05776
0.49741 0.05906
0.49847 0.06038
0.49951 0.06173
0.50053 0.06311
0.50155 0.06452
0.502540 0.06595
0.50353 0.067410
0.5045 0.0689
0.50546 0.07041
0.5064 0.07197
0.507310 0.07357
0.508190 0.07523
0.50904 0.07693
0.50984 0.07861
0.51055 0.080180
0.51115 0.08155
0.51162 0.08264
0.51194 0.08337
0.51212 0.0837
-Inserting Flap Ga2-
0.60924 0.22576
0.60934 0.22533
0.60953 0.22449
0.6098 0.22325
0.61013 0.22168
0.61049 0.21988
0.61083 0.21795
0.61112 0.21597
0.61133 0.214030
0.61148 0.21213
0.61156 0.21027
0.61159 0.20844
0.611570 0.20664
0.61153 0.20485
0.61146 0.20309
0.61135 0.20134
0.611230 0.19961
0.611070 0.1979
0.6109 0.19619
0.61070 0.19451
0.61048 0.19283
0.61024 0.191170
0.60998 0.18952
0.60970 0.18788
0.6094 0.186250
0.60909 0.18464
0.60875 0.18304
0.60839 0.18145
0.608 0.17987
0.6076 0.17831
0.60718 0.17676
0.60675 0.1752200
0.60631 0.17368
0.60585 0.17215
0.60539 0.17063
0.60492 0.169110
0.60443 0.1676
0.60393 0.1661
0.60341 0.16461
0.60287 0.16313
0.60231 0.16166
0.60174 0.1602
0.60116 0.15876
0.60056 0.15732
0.59994 0.15588
0.59931 0.15446
0.59867 0.15305
0.59802 0.15164
0.59736 0.15024
0.59668 0.14885
0.59599 0.14746
0.59528 0.14609
0.59456 0.14472
0.59382 0.14337
0.593070 0.14202
0.5923 0.14068
0.59152 0.13936
0.59072 0.1380400
0.5899 0.136730
0.58907 0.13544
0.588220 0.13415
0.58736 0.13287
0.58648 0.13161
0.58558 0.13035
0.58466 0.12910
0.58373 0.12787
0.58279 0.12664
0.58183 0.12542
0.58086 0.12421
0.57988 0.12301
0.57887 0.12181
0.57785 0.12064
0.57679 0.11948
0.57571 0.11833
0.5746 0.11721
0.57345 0.11611
0.57228 0.11502
0.57108 0.11395
0.56984 0.1129
0.568580 0.11187
0.56727 0.11087
0.56591 0.10989
0.56451 0.10895
0.56305 0.10804
0.56154 0.10716
0.55998 0.10631
0.55836 0.1055
0.5567 0.10472
0.55498 0.10396
0.55319 0.10326
0.55130 0.10262
0.54928 0.10205
0.54711 0.10158
0.544790 0.10121
0.54237 0.10098
0.53996 0.100880
0.53764 0.10095
0.53551 0.10119
0.53365 0.10161
0.5309 0.10295
0.53008 0.10382
0.52968 0.10479
0.52971 0.10584
0.53011 0.10696
0.53081 0.10811
0.53172 0.10928
0.53276 0.11043
0.533860 0.11156
0.53501 0.11266
0.53621 0.11373
0.53746 0.11477
0.538740 0.11579
0.54007 0.11679
0.541420 0.11776
0.54281 0.11872
0.54422 0.11966
0.54565 0.12059
0.547090 0.12151
0.548540 0.12242
0.55 0.12333
0.55146 0.12424
0.55292 0.12515
0.55438 0.12606
0.55583 0.12698
0.557270 0.1279
0.5587 0.12882
0.56012 0.12976
0.56153 0.1307
0.562930 0.13165
0.56432 0.1326
0.56569 0.13357
0.56704 0.134540
0.568390 0.13552
0.56971 0.13651
0.57102 0.137520
0.57232 0.13853
0.5736 0.13955
0.57486 0.140580
0.57611 0.14162
0.57734 0.14267
0.57855 0.14373
0.57975 0.14481
0.58092 0.14589
0.58208 0.14699
0.58322 0.1481
0.58434 0.14922
0.58543 0.150350
0.58651 0.1515
0.58757 0.15266
0.58861 0.15383
0.58963 0.15501
0.59063 0.15619
0.59163 0.15739
0.5926 0.1586
0.59356 0.15982
0.5945 0.16105
0.59541 0.1623
0.59630 0.163560
0.59716 0.16484
0.598 0.16613
0.59882 0.16744
0.599610 0.16876
0.60038 0.17009
0.60113 0.17144
0.60185 0.17281
0.60255 0.17419
0.60322 0.17559
0.60386 0.177
0.604470 0.17843
0.60506 0.17988
0.60562 0.18134
0.60615 0.18283
0.60666 0.184330
0.60713 0.18585
0.60757 0.18739
0.60797 0.18895
0.60834 0.19053
0.60868 0.192130
0.60898 0.19375
0.609250 0.1954
0.609490 0.19706
0.6097 0.19874
0.60989 0.20044
0.61005 0.20215
0.61018 0.20388
0.61029 0.20562
0.61038 0.207380
0.61043 0.20915
0.61046 0.21094
0.61045 0.21276
0.6104 0.21460
0.61029 0.21648
0.61013 0.21838
0.60994 0.22022
0.60973 0.22193
0.60953 0.22342
0.60937 0.22459
0.60926 0.22538
0.60924 0.22576
*.*.Setup: Ga2.txt as Flap 1, Inverted: y, Scale = 1.0, AoA = 2.0, Reposition from (0,0) = (0, 0)*.*.
*.*.Setup: Ga2.txt as Flap 2, Inverted: y, Scale = 0.4, AoA = 27.0, Reposition from previous T.E. = (0.04, 0.08), Reposition from (0,0) = (1.0411, 0.0658)*.*.
*.*.Setup: Ga2.txt as Flap 3, Inverted: y, Scale = 0.4, AoA = 58.333333333333336, Reposition from previous T.E. = (0.04, 0.06), Reposition from (0,0) = (1.4464, 0.2899)*.*.
*.*.Setup: Scale Ratio = 0.36413*.*.