0.37135 -0.03127
0.37053 -0.032030
0.36891 -0.03351
0.366490 -0.03569
0.36343 -0.03841
0.359880 -0.04147
0.35601 -0.04468
0.35199 -0.04783
0.34795 -0.050770
0.34391 -0.05349
0.33989 -0.05602
0.33586 -0.058390
0.33184 -0.060640
0.32783 -0.0628
0.32382 -0.06487
0.31981 -0.06685
0.3158 -0.06875
0.3118 -0.07059
0.3078 -0.07235
0.3038 -0.07404
0.2998 -0.07567
0.29581 -0.07724
0.29181 -0.07875
0.28782 -0.0802
0.28383 -0.0816
0.27985 -0.08294
0.27586 -0.08422
0.27188 -0.08542
0.2679 -0.08657
0.26392 -0.08765
0.25995 -0.08868
0.25597 -0.08968
0.252 -0.09063
0.24803 -0.09157
0.24406 -0.09247
0.24009 -0.09333
0.23612 -0.09416
0.23215 -0.09494
0.22819 -0.09566
0.22422 -0.09634
0.22026 -0.09696
0.2163 -0.09754
0.21234 -0.09807
0.20839 -0.09856
0.20443 -0.09901
0.20048 -0.099410
0.196530 -0.09978
0.19257 -0.10011
0.18862 -0.10041
0.18467 -0.10066
0.18073 -0.10087
0.17678 -0.10105
0.17284 -0.10117
0.1689 -0.101250
0.16495 -0.10129
0.16102 -0.10127
0.15708 -0.10121
0.15314 -0.1011
0.14921 -0.10094
0.14527 -0.10074
0.14134 -0.10048
0.13741 -0.10017
0.13349 -0.09982
0.12956 -0.09941
0.12564 -0.09895
0.12172 -0.09845
0.1178 -0.0979
0.11388 -0.09732
0.10996 -0.096700
0.10604 -0.09604
0.10213 -0.09531
0.09821 -0.09452
0.0943 -0.09365
0.0904 -0.09269
0.0865 -0.09164
0.0826 -0.0905
0.0787 -0.089270
0.0748 -0.08795
0.07091 -0.08654
0.06703 -0.08503
0.06314 -0.083390
0.05927 -0.08162
0.05539 -0.0797
0.05153 -0.07762
0.047670 -0.07537
0.04381 -0.07297
0.03996 -0.07041
0.03611 -0.06771
0.03227 -0.06485
0.02844 -0.06176
0.02462 -0.058380
0.02081 -0.05462
0.01702 -0.0504
0.01327 -0.04568
0.00969 -0.040620
0.00643 -0.03538
0.00365 -0.03016
0.00149 -0.02512
7e-05 -0.02045
-0.00044 -0.012650
0.00045 -0.00973
0.0021 -0.00761
0.00448 -0.00634
0.00747 -0.00583
0.0109 -0.00592
0.01464 -0.00646
0.01852 -0.00731
0.02243 -0.008330
0.02633 -0.0095
0.03022 -0.01081
0.03411 -0.01226
0.038 -0.01382
0.04188 -0.0155
0.04575 -0.01729
0.04963 -0.01915
0.0535 -0.021090
0.05737 -0.02309
0.06124 -0.02513
0.06511 -0.0272
0.06897 -0.02929
0.07284 -0.03138
0.07671 -0.033480
0.08057 -0.03556
0.08444 -0.03762
0.08831 -0.03965
0.09218 -0.04166
0.09605 -0.04364
0.09992 -0.04558
0.1038 -0.04748
0.10767 -0.04935
0.11155 -0.05117
0.11542 -0.05295
0.1193 -0.05469
0.12318 -0.05638
0.12707 -0.05803
0.13095 -0.05963
0.13484 -0.06118
0.13872 -0.062680
0.14261 -0.06414
0.1465 -0.06554
0.1504 -0.06689
0.15429 -0.06818
0.15819 -0.06942
0.16209 -0.0706
0.16599 -0.07172
0.16989 -0.07279
0.173790 -0.07379
0.1777 -0.07473
0.18161 -0.07561
0.18552 -0.076440
0.18943 -0.07722
0.19335 -0.07795
0.19726 -0.07864
0.20118 -0.07928
0.2051 -0.07986
0.20902 -0.08038
0.21295 -0.08083
0.21687 -0.08121
0.2208 -0.08151
0.22473 -0.081750
0.22867 -0.08191
0.2326 -0.08199
0.23654 -0.082010
0.24049 -0.0819600
0.244430 -0.08184
0.24838 -0.081630
0.25233 -0.08135
0.25628 -0.08099
0.26023 -0.08055
0.26419 -0.08003
0.26815 -0.07942
0.27212 -0.07872
0.27608 -0.07794
0.28005 -0.07706
0.28403 -0.07609
0.288 -0.07502
0.29199 -0.07384
0.29597 -0.07256
0.29996 -0.07118
0.3039500 -0.0697
0.30794 -0.06813
0.31194 -0.06648
0.31594 -0.06475
0.31994 -0.06293
0.32395 -0.06105
0.32796 -0.05908
0.331970 -0.05704
0.33598 -0.05493
0.34 -0.05272
0.34402 -0.0504
0.34805 -0.04795
0.35208 -0.04534
0.35609 -0.04259
0.35994 -0.03983
0.36347 -0.03721
0.36652 -0.03489
0.36892 -0.03304
0.37054 -0.0318
0.37135 -0.03127
-Inserting Flap Ga2-
0.52222 0.05586
0.52208 0.05543
0.5218 0.0546
0.52138 0.05337
0.52083 0.05183
0.520180 0.05007
0.51945 0.0482
0.51866 0.04631
0.51781 0.0445
0.516930 0.04277
0.51601 0.0411
0.515060 0.03949
0.51409 0.03792
0.51311 0.03639
0.5121 0.03489
0.51109 0.03342
0.51005 0.03197
0.50901 0.03056
0.507950 0.02916
0.50688 0.02780
0.5058 0.02645
0.5047 0.025130
0.5036 0.02383
0.50249 0.02254
0.50136 0.021280
0.50023 0.02004
0.499080 0.01882
0.49792 0.01762
0.49675 0.01645
0.49557 0.0153
0.49438 0.014170
0.493180 0.01305
0.49198 0.01195
0.49077 0.01085
0.48955 0.00977
0.48833 0.00869
0.4871 0.00763
0.485870 0.00659
0.48462 0.00557
0.48336 0.00456
0.48210 0.00358
0.4808300 0.00261
0.47954 0.00165
0.47825 0.00072
0.47696 -0.00021
0.47565 -0.00112000
0.47434 -0.00201
0.47302 -0.00289
0.4717 -0.00376
0.47037 -0.00462
0.4690300 -0.00546
0.46768 -0.006280
0.466320 -0.00709
0.46496 -0.00788
0.46359 -0.00866
0.46221 -0.00942
0.46082 -0.01016
0.45942 -0.01089
0.45801 -0.01159
0.4566 -0.01228
0.45517 -0.01296
0.45374 -0.01361
0.45229 -0.01425
0.45084 -0.01487
0.44938 -0.01547
0.44791 -0.01605
0.4464300 -0.01662
0.44495 -0.01718
0.44346 -0.01772
0.441960 -0.01825
0.44045 -0.01876
0.43893 -0.01924
0.43739 -0.01969
0.43584 -0.02011
0.43427 -0.0205
0.432680 -0.02086
0.43108 -0.02118
0.42946 -0.02148
0.42783 -0.02174
0.42618 -0.02196
0.4245 -0.022140
0.4228 -0.02228
0.42107 -0.02235
0.41932 -0.02238
0.41753 -0.02234
0.415710 -0.02225
0.41387 -0.0221
0.412 -0.0219
0.4101 -0.02164
0.40816 -0.02131
0.40617 -0.02086
0.40411 -0.02029
0.40196 -0.01954
0.39974 -0.01862
0.3975 -0.01755
0.39535 -0.01635
0.39336 -0.01506
0.39163 -0.01372
0.39023 -0.01236
0.38854 -0.009730
0.38828 -0.00853
0.38845 -0.00747
0.38903 -0.00656
0.38998 -0.00581
0.3912 -0.005170
0.39261 -0.00463
0.39413 -0.00418
0.3957 -0.00378
0.39729 -0.00343
0.39891 -0.00314
0.40055 -0.00289
0.40221 -0.00268
0.40389 -0.00252
0.4056 -0.00239
0.40731 -0.00229
0.40905 -0.002220
0.41079 -0.002170
0.41253 -0.00213
0.41429 -0.0021
0.41605 -0.0020800
0.41781 -0.00207
0.41956 -0.00205
0.42132 -0.00203
0.42307 -0.002
0.42482 -0.00196
0.42657 -0.00191
0.42830 -0.001850
0.43003 -0.00178
0.43176 -0.0017
0.43348 -0.0016
0.43519 -0.00148
0.43689 -0.00136
0.43858 -0.00121
0.44027 -0.00105
0.44194 -0.000870
0.44361 -0.000680
0.44527 -0.00047
0.44693 -0.00024
0.44857 0.000010
0.4502 0.00027
0.45182 0.00055
0.45344 0.00085
0.45504 0.001180
0.45663 0.001520
0.45822 0.00188
0.459790 0.00227
0.46135 0.00267
0.4629 0.0031
0.46444 0.003550
0.46597 0.0040200
0.46748 0.00451
0.469 0.005010
0.4705 0.00553
0.47199 0.00607
0.47348 0.00662
0.47495 0.0072
0.476410 0.0078
0.47786 0.00843
0.47929 0.00909
0.48071 0.00977
0.48212 0.01048
0.48351 0.01121
0.4849 0.01196
0.48626 0.01275
0.48762 0.01356
0.48896 0.01439
0.49029 0.01526
0.4916 0.01615
0.49290 0.017070
0.49418 0.01802
0.49545 0.019
0.4967 0.02001
0.49794 0.02106
0.49916 0.02213
0.50036 0.02325
0.50154 0.02439
0.50271 0.02558
0.50385 0.0268
0.50498 0.02805
0.50609 0.02934
0.50718 0.03067
0.50826 0.03202
0.50932 0.0334
0.51037 0.034810
0.51141 0.03625
0.512430 0.03771
0.51344 0.03921
0.514430 0.040720
0.51541 0.04227
0.51637 0.04387
0.51730 0.04551
0.5182 0.0472
0.51907 0.04894
0.51988 0.05065
0.52061 0.05226
0.52123 0.05366
0.52171 0.05477
0.52204 0.05552
0.52222 0.05586
-Inserting Flap Ga2-
0.59797 0.190440
0.59802 0.19
0.59811 0.18912
0.598240 0.187830
0.59839 0.1862
0.59854 0.18433
0.59865 0.18232
0.59871 0.18028
0.5987 0.17828
0.59862 0.17634
0.59848 0.17444
0.5983 0.17258
0.59807 0.17075
0.59781 0.16895
0.59753 0.16716
0.59722 0.1654
0.59688 0.16366
0.59652 0.16194
0.59614 0.16023
0.59574 0.15854
0.59532 0.15687
0.59488 0.15521
0.59442 0.15356
0.59394 0.15193
0.59345 0.15031
0.59293 0.14871
0.5924 0.14713
0.59184 0.14556
0.59127 0.144
0.59068 0.14247
0.590070 0.14094
0.58944 0.139420
0.58881 0.137920
0.58817 0.13642
0.58752 0.13492
0.58686 0.13344
0.58618 0.13196
0.58549 0.1305
0.58479 0.12905
0.58407 0.12761
0.58333 0.12619
0.58258 0.12478
0.58181 0.12337
0.58103 0.12198
0.580240 0.1206
0.57943 0.11923
0.57861 0.11787
0.57778 0.11652
0.57694 0.11518
0.576090 0.113850
0.57522 0.11252
0.57434 0.11121
0.57345 0.10991
0.57254 0.10862
0.57161 0.10734
0.57068 0.10608
0.56972 0.104820
0.56875 0.10358
0.56777 0.10235
0.56677 0.10113
0.56576 0.09993
0.56473 0.09873
0.56368 0.09755
0.56262 0.09638
0.56154 0.09523
0.56045 0.09408
0.559350 0.09295
0.558230 0.09182
0.5571 0.09071
0.555960 0.0896
0.5548 0.08851
0.55362 0.08744
0.55241 0.08639
0.55118 0.08535
0.54991 0.08435
0.54862 0.08336
0.5473 0.0824
0.54595 0.08145
0.54458 0.08053
0.54317 0.07964
0.5417200 0.07878
0.54023 0.07795
0.538690 0.07715
0.53711 0.0764
0.53547 0.075690
0.53378 0.07502
0.53204 0.07438
0.53026 0.07378
0.528430 0.07322
0.526530 0.07272
0.52453 0.07229
0.52241 0.07196
0.52016 0.07173
0.51775 0.07164
0.51527 0.07169
0.51281 0.07188
0.51047 0.07222
0.5083300 0.07272
0.50649 0.07337
0.50386 0.07505
0.50313 0.07603
0.50283 0.07707
0.50299 0.07813
0.50353 0.07922
0.50437 0.0803
0.50543 0.08138
0.50663 0.082430
0.50788 0.08345
0.50919 0.08442
0.51053 0.08537
0.51192 0.08628
0.51334 0.08716
0.5148 0.08801
0.5163 0.08884
0.51782 0.08965
0.51936 0.09043
0.520920 0.091210
0.52249 0.09197
0.52408 0.09273
0.52567 0.09348
0.527260 0.09423
0.52885 0.09498
0.53044 0.09573
0.53202 0.09649
0.53359 0.09725
0.535150 0.09802
0.53671 0.0988
0.53825 0.099590
0.53978 0.10039
0.5413 0.10119
0.54281 0.10201
0.5443 0.10284
0.54578 0.10367
0.54725 0.10452
0.5487 0.105380
0.55013 0.10626
0.551550 0.107140
0.55296 0.10804
0.554350 0.10895
0.555720 0.10987
0.55708 0.1108
0.55842 0.11175
0.55974 0.11271
0.56105 0.11369
0.56233 0.11468
0.5636 0.11569
0.56485 0.11671
0.56608 0.11774
0.56729 0.11879
0.56848 0.11986
0.56966 0.12093
0.57082 0.12202
0.571970 0.12312
0.57311 0.12423
0.57422 0.12536
0.57532 0.1265
0.5764 0.127650
0.57745 0.12883
0.57848 0.13002
0.57949 0.13124
0.58047 0.13247
0.58143 0.13371
0.58237 0.13498
0.58329 0.13626
0.584180 0.13756
0.58505 0.13888
0.5859 0.14022
0.58672 0.14158
0.58751 0.14296
0.58828 0.14436
0.58903 0.14578
0.58974 0.14722
0.59043 0.14868
0.591090 0.15017
0.59171 0.15168
0.59231 0.15322
0.592880 0.15478
0.59341 0.15637
0.59391 0.15798
0.59438 0.159620
0.59482 0.16128
0.59523 0.16296
0.59562 0.16466
0.59599 0.16637
0.59633 0.16811
0.59665 0.16987
0.59694 0.17165
0.59721 0.17344
0.59745 0.17526
0.59766 0.1771
0.59782 0.17898
0.59793 0.1809
0.598 0.18284
0.59802 0.18474
0.59801 0.1865
0.59799 0.18803
0.59796 0.189240
0.59795 0.19006
0.59797 0.190440
*.*.Setup: Ga2.txt as Flap 1, Inverted: y, Scale = 1.0, AoA = -2.0, Reposition from (0,0) = (0, 0)*.*.
*.*.Setup: Ga2.txt as Flap 2, Inverted: y, Scale = 0.4, AoA = 27.0, Reposition from previous T.E. = (0.04, 0.07), Reposition from (0,0) = (1.0377, -0.014)*.*.
*.*.Setup: Ga2.txt as Flap 3, Inverted: y, Scale = 0.4, AoA = 51.666666666666664, Reposition from previous T.E. = (-0.06, 0.06), Reposition from (0,0) = (1.343, 0.2101)*.*.
*.*.Setup: Scale Ratio = 0.37221*.*.