0.35439 0.05613
0.3524 0.053940
0.34952 0.05074
0.3461 0.04757
0.34193 0.04445
0.33683 0.0412
0.33066 0.03769
0.32336 0.03387
0.31502 0.029820
0.30587 0.02564
0.29616 0.02142
0.28612 0.01724
0.27591 0.01317
0.26562 0.00926
0.25529 0.00551
0.24493 0.00195
0.2345 -0.00143
0.22396 -0.00465
0.21325 -0.00773
0.20233 -0.0107
0.19117 -0.01361
0.17978 -0.01648
0.16821 -0.01934
0.15657 -0.02217
0.14502 -0.02495
0.13372 -0.02761
0.12285 -0.030070
0.11259 -0.03224
0.10305 -0.03403
0.09417 -0.03537
0.08584 -0.03623
0.07792 -0.03664
0.07033 -0.03658
0.06303 -0.036070
0.05598 -0.03512
0.04918 -0.03376
0.04266 -0.03199
0.03646 -0.02986
0.03067 -0.02746
0.0254 -0.02489
0.02074 -0.022290
0.016740 -0.01976
0.01338 -0.01737
0.010590 -0.01514
0.00828 -0.01304
0.006370 -0.011080
0.00479 -0.00925
0.00349 -0.00753
0.00242 -0.00591
0.00155 -0.0043800
0.00087 -0.00292
0.00037 -0.001540
0.000086 -0.00021
-0.00012 0.00108000
0.000005 0.00237
0.00056 0.003570
0.00156 0.00453
0.00287 0.00525
0.00442 0.00583
0.0062 0.006340
0.00827 0.00681
0.01069 0.00727
0.01359 0.00773
0.01713 0.00822
0.02156 0.00874
0.02719 0.00929
0.03428 0.00988
0.04282 0.01046
0.05241 0.01092
0.062750 0.01118
0.073750 0.01127
0.0853 0.01124
0.097230 0.01116
0.10932 0.01106
0.12139 0.01098
0.13331 0.01093
0.145040 0.01095
0.15658 0.01107
0.16792 0.011310
0.179070 0.01169
0.19005 0.01223
0.20088 0.01296
0.21157 0.01389
0.2221400 0.01502
0.23259 0.01637
0.24296 0.01795
0.25323 0.01976
0.263420 0.0218
0.27353 0.02408
0.28352 0.02658
0.29337 0.02931
0.30298 0.03223
0.31222 0.0353
0.32086 0.03845
0.32869 0.04158
0.33553 0.04462
0.34134 0.04754
0.34622 0.05034
0.35028 0.05301
0.35439 0.05613
-Inserting Flap s1223rtl-
0.50976 0.17274
0.50922 0.171360
0.50845 0.16935
0.50742 0.16726
0.50603 0.165060
0.50424 0.16263
0.50198 0.159880
0.49926 0.15679
0.49609 0.15341
0.49257 0.14981
0.4888 0.1461
0.48486 0.14236
0.48082 0.13863
0.47672 0.13495
0.47257 0.13136
0.46837 0.127840
0.46411 0.12439
0.45976 0.121
0.45532 0.11765
0.45075 0.1143
0.44606 0.1109400
0.44126 0.10756
0.43637 0.10415
0.43145 0.10075
0.42655 0.09738
0.421750 0.09411
0.41712 0.09102
0.41272 0.08816
0.40859 0.08562
0.40469 0.08341
0.40095 0.08151
0.39732 0.0799
0.39377 0.07857
0.39027 0.0775
0.38681 0.07667
0.38339 0.07609
0.38003 0.07575
0.37676 0.075630
0.37363 0.07572
0.3707 0.07597
0.36806 0.07635
0.36574 0.07681
0.36375 0.07733
0.36204 0.07787
0.36059 0.07844
0.35935 0.0790100
0.35828 0.07958
0.35736 0.08015
0.35657 0.08072
0.3559 0.08127
0.35532 0.08183
0.35483 0.08239
0.35444 0.08295
0.35414 0.08352
0.35396 0.08415
0.35401 0.08481
0.3543 0.08543
0.35479 0.08601
0.35541 0.08655
0.35615 0.08711
0.35703 0.0877
0.35808 0.08835
0.35935 0.08909
0.36091 0.08995
0.36289 0.09098
0.36541 0.09225
0.36862 0.0938
0.3725 0.0956
0.3769 0.09753
0.38168 0.0995
0.38679 0.10151
0.39219 0.10357
0.39777 0.10567
0.40344 0.10779
0.40908 0.10992
0.41466 0.11203
0.42013 0.11414
0.42549 0.11626
0.43075 0.118410000
0.43588 0.12058
0.44091 0.12281
0.44583 0.12509
0.45066 0.12743
0.45539 0.12985
0.46003 0.13236
0.46458 0.13495
0.46905 0.1376400
0.47345 0.14042
0.47775 0.14329
0.48197 0.14625
0.486080 0.14929
0.49004 0.15237
0.49380 0.15546
0.497280 0.15848
0.50037 0.16134
0.50301 0.16399
0.50521 0.1664
0.506980 0.16858
0.50840 0.17055
0.50976 0.17274
-Inserting Flap s1223rtl-
0.64595 0.29896
0.64554 0.29754
0.64494 0.29547
0.6441 0.2933
0.64291 0.29099
0.64133 0.28841
0.63933 0.28548
0.63688 0.28216
0.63402 0.27851
0.63083 0.27463
0.62739 0.2706
0.62379 0.26653
0.6201 0.26246
0.61633 0.25844
0.61251 0.25450
0.60863 0.25063
0.60469 0.24682
0.60066 0.24306
0.59652 0.239330
0.59226 0.2356
0.58789 0.23185
0.58340 0.22806
0.57882 0.22424
0.57421 0.22042
0.56963 0.21664
0.56514 0.21297
0.56079 0.20948
0.55666 0.20625
0.55276 0.20336
0.54907 0.20081
0.54551 0.19859
0.54204 0.19668
0.53862 0.19504
0.53522 0.19367
0.53185 0.19255
0.52849 0.19167
0.525170 0.19104
0.52192 0.19063
0.51879 0.19045
0.515860 0.19044
0.5132 0.19059
0.51085 0.19085
0.50881 0.19119
0.50707 0.19158
0.50557 0.19202
0.50428 0.19248
0.50317 0.19296
0.50221 0.19345
0.50137 0.19394
0.500650 0.1944400
0.50002 0.19494
0.4994900 0.195450
0.49905 0.19597
0.4987 0.19652
0.49847 0.19713
0.49846 0.19779
0.4987 0.19844
0.49913 0.19905
0.4997 0.19965
0.50039 0.200270
0.5012200 0.20093
0.5022 0.20167
0.5034 0.20252
0.50489 0.20351
0.50677 0.20472
0.50917 0.2062
0.51223 0.20802
0.51594 0.21015
0.52015 0.21246
0.52474 0.21484
0.52966 0.21729
0.53486 0.21981
0.54024 0.22239
0.54569 0.225
0.551140 0.2276
0.55650 0.2302
0.56177 0.23278
0.56693 0.23536
0.571980 0.23795
0.5769 0.24057
0.58172 0.24322
0.586420 0.24592
0.59103 0.24868
0.59553 0.2515
0.59993 0.2544
0.60424 0.25738
0.60846 0.26045
0.61259 0.2636
0.616640 0.26684
0.62058 0.27015
0.62441 0.27354
0.628090 0.27696
0.63156 0.28036
0.63476 0.28367
0.63759 0.28679
0.64 0.28966
0.64197 0.29225
0.64355 0.29457
0.64479 0.29666
0.64595 0.29896
*.*.Setup: s1223rtl.txt as Flap 1, Inverted: y, Scale = 1.0, AoA = 9.0, Reposition from (0,0) = (0, 0)*.*.
*.*.Setup: s1223rtl.txt as Flap 2, Inverted: y, Scale = 0.5, AoA = 30.0, Reposition from previous T.E. = (0.0, 0.075), Reposition from (0,0) = (0.9877, 0.2314)*.*.
*.*.Setup: s1223rtl.txt as Flap 3, Inverted: y, Scale = 0.5, AoA = 35.0, Reposition from previous T.E. = (-0.03, 0.065), Reposition from (0,0) = (1.3907, 0.5464)*.*.
*.*.Setup: Scale Ratio = 0.35881*.*.