0.36235 0.03808
0.360220 0.03597
0.35712 0.03287
0.35349 0.02984
0.3491 0.0269
0.343760 0.023880
0.33731 0.02064
0.3297 0.01716
0.321030 0.0135
0.311530 0.00974
0.30146 0.00598
0.29106 0.00228
0.280480 -0.00130
0.26984 -0.00473
0.25917 -0.00798
0.24847 -0.011040
0.23772 -0.01391
0.22686 -0.01661
0.2158400 -0.01917
0.20461 -0.0216
0.19314 -0.02396
0.18143 -0.02627
0.16955 -0.02855
0.1576 -0.03080
0.14573 -0.033
0.13413 -0.0351
0.12298 -0.03702
0.11246 -0.03868
0.10269 -0.03999
0.09362 -0.04087
0.08512 -0.04131
0.07707 -0.04129
0.06938 -0.04083
0.062 -0.03993
0.0549 -0.03859
0.04808 -0.03684
0.041560 -0.03471
0.03539 -0.03222
0.02964 -0.02948
0.02443 -0.02659
0.01985 -0.02370
0.01593 -0.02093
0.01265 -0.01833
0.00993 -0.01591
0.0077 -0.01366
0.005870 -0.01157
0.00437 -0.009630
0.00313 -0.00782
0.00214 -0.00612
0.00134 -0.004520
0.00073 -0.00301
0.00029 -0.00158
0.000055 -0.00022
-6e-05 0.0011
0.00013 0.00241
0.00076 0.00359
0.00182 0.00451
0.003190 0.00517
0.00479 0.005680
0.00663 0.0061
0.00875 0.00646
0.01123 0.0068
0.01419 0.00712
0.01781 0.00742
0.02233 0.007710
0.02806 0.00798
0.03529 0.0082
0.04397 0.008330
0.05373 0.00829
0.06423 0.008
0.07538 0.0075
0.0871 0.00686
0.09918 0.00615
0.11144 0.00541
0.12368 0.00468
0.135760 0.004
0.14766 0.0034
0.159370 0.0029
0.17088 0.00254
0.18221 0.00234
0.193370 0.00231
0.20439 0.00247
0.21528 0.00284
0.22606 0.00343
0.23673 0.00424
0.24732 0.00529
0.25784 0.00658
0.26828 0.00811
0.27865 0.00988
0.28892 0.01189
0.29905 0.014130
0.30895 0.01658
0.31848 0.01921
0.32742 0.02193
0.33552 0.02469
0.342610 0.02741
0.34867 0.03007
0.35376 0.03265
0.35802 0.035140
0.36235 0.03808
-Inserting Flap s1223rtl-
0.53354 0.11861
0.53276 0.117320
0.53163 0.11545
0.53024 0.11354
0.52846 0.11158
0.52623 0.10947
0.5235 0.10712000
0.520230 0.10451
0.51647 0.10168
0.51231 0.09871
0.50788 0.09567
0.50328 0.09261
0.49858 0.0896
0.49384 0.08665
0.48905 0.08378
0.48423 0.081
0.47936 0.07831
0.47442 0.07568
0.46938 0.07311
0.46423 0.070570
0.45895 0.06804
0.45355 0.0655
0.448060 0.06296
0.44253 0.06042
0.43704 0.05792
0.43167 0.05550
0.42649 0.05322
0.42159 0.05114
0.417010 0.04932
0.41271 0.0478
0.40864 0.04656
0.404730 0.04559
0.40095 0.04489
0.397260 0.04443
0.39365 0.04422
0.390130 0.04424
0.386710 0.04449
0.38342 0.04495
0.3803 0.045590
0.37742 0.04636
0.374850 0.0472
0.37261 0.04807
0.3707 0.048940
0.36909 0.04978
0.36774 0.0506
0.36660 0.0514
0.36563 0.05216
0.36482 0.05289
0.36413 0.053590
0.363550 0.05427
0.36307 0.054930
0.36268 0.055570
0.36239 0.0562
0.36219 0.05683
0.36212 0.05748
0.36228 0.05814
0.36269 0.05871
0.36327 0.0592
0.36399 0.05964
0.36483 0.06006
0.36581 0.06049
0.36698 0.06096
0.36837 0.06147
0.37009 0.06206
0.37225 0.06274
0.375 0.06357
0.378480 0.06455
0.38268 0.06566
0.38741 0.0668200
0.39254 0.067950
0.39801 0.06906
0.40377 0.07017
0.409730 0.07128
0.41576 0.07241
0.421790 0.07353
0.42773 0.07466
0.43358 0.07581
0.43932 0.07699
0.44494 0.0782
0.45047 0.079470
0.45589 0.08081
0.46121 0.08222
0.46645 0.08372
0.471610 0.08531
0.47669 0.086990
0.4817 0.08878
0.48664 0.09068
0.49153 0.09269
0.496340 0.0948
0.50108 0.09702
0.505720 0.099330
0.51023 0.10172
0.514540 0.10414
0.51854 0.10655
0.52214 0.10887
0.52525 0.11104
0.527870 0.11306
0.53003 0.114930
0.53179 0.11666
0.53354 0.11861
-Inserting Flap s1223rtl-
0.65869 0.26886
0.65845 0.26738
0.65809 0.26522
0.6575 0.26293
0.65657 0.26046
0.65528 0.25767
0.65361 0.25448
0.65153 0.25085
0.64908 0.24683
0.64631 0.24254
0.64332 0.23807
0.64017 0.23354
0.63692 0.229
0.6336 0.22450
0.63021 0.22007
0.62676 0.21571
0.62323 0.21141
0.6196 0.20714
0.61587 0.20289
0.61202 0.19863
0.60805 0.19433
0.60396 0.18998
0.5998 0.18559
0.5956 0.18119
0.59143 0.17684
0.58733000 0.1726
0.58335 0.16857
0.57957 0.16483
0.57598 0.16145
0.57255 0.15845
0.56922 0.15579
0.565950 0.15345
0.56269 0.1514
0.55943 0.14961
0.55616 0.14808
0.552880 0.14681
0.549610 0.14577
0.54637 0.14498
0.54324 0.14442
0.54028 0.14408
0.53758 0.14391
0.53518 0.1439
0.53309 0.144
0.53128 0.14419
0.52972 0.14445
0.52836 0.14477
0.52719 0.14512
0.52616 0.1455
0.52526 0.14589
0.52447 0.14631
0.52378 0.14675
0.52319 0.1472
0.52268 0.14767
0.52226 0.14818
0.52196 0.14877
0.52187 0.149440
0.52203 0.15012
0.52239 0.15079
0.5229 0.15146
0.52352 0.15216
0.52428 0.15293
0.52519 0.15379
0.5263 0.15479
0.52768 0.15596
0.529430 0.1574
0.53168 0.15918
0.53455 0.161380
0.53804 0.16396
0.542020 0.16679
0.54636 0.16973
0.55104 0.17278
0.555980 0.17594
0.5611 0.179170
0.5663 0.18244
0.571480 0.18571
0.576590 0.188960
0.58160 0.19219
0.5865 0.1954
0.591280 0.19861
0.59594 0.20183
0.60048 0.20507
0.60491 0.20835
0.60923 0.21167
0.61343 0.215050
0.61753 0.218490
0.62153 0.22201
0.62543 0.2256
0.62922 0.22926
0.63292 0.23301
0.6365 0.23682
0.63996 0.24068
0.64327 0.24456
0.64638 0.24841
0.64921 0.25212
0.6517 0.2556
0.65379 0.25878
0.655470 0.26162
0.65679 0.26415
0.6578 0.26641
0.65869 0.26886
*.*.Setup: s1223rtl.txt as Flap 1, Inverted: y, Scale = 1.0, AoA = 6.0, Reposition from (0,0) = (0, 0)*.*.
*.*.Setup: s1223rtl.txt as Flap 2, Inverted: y, Scale = 0.5, AoA = 20.0, Reposition from previous T.E. = (0.0, 0.05), Reposition from (0,0) = (0.9945, 0.1545)*.*.
*.*.Setup: s1223rtl.txt as Flap 3, Inverted: y, Scale = 0.5, AoA = 41.666666666666664, Reposition from previous T.E. = (-0.03, 0.08), Reposition from (0,0) = (1.4344, 0.4055)*.*.
*.*.Setup: Scale Ratio = 0.36435*.*.