0.35832 0.03766
0.356210 0.03556
0.35315 0.03251
0.34955 0.02951
0.34521 0.0266
0.339930 0.023620
0.33355 0.02041
0.32603 0.01697
0.317460 0.01335
0.308060 0.00963
0.29811 0.00591
0.28782 0.00225
0.277360 -0.001290
0.26684 -0.00468
0.25629 -0.00789
0.24571 -0.010910
0.23507 -0.01375
0.22433 -0.01643
0.2134400 -0.01895
0.20233 -0.02136
0.19099 -0.02369
0.17941 -0.02597
0.16766 -0.02823
0.15584 -0.030460
0.14411 -0.03264
0.13264 -0.03471
0.12161 -0.03661
0.11121 -0.03825
0.10154 -0.03954
0.09258 -0.04042
0.08417 -0.04085
0.07621 -0.04083
0.06861 -0.04038
0.06131 -0.03948
0.05429 -0.03816
0.04754 -0.03643
0.041090 -0.03432
0.03499 -0.03186
0.02931 -0.02915
0.02416 -0.0263
0.01963 -0.023440
0.01575 -0.0207
0.0125 -0.01813
0.00982 -0.01573
0.00762 -0.01351
0.00580 -0.01145
0.00432 -0.009520
0.0031 -0.00773
0.00211 -0.00605
0.00133 -0.004470
0.00072 -0.00298
0.00029 -0.00156
0.000055 -0.00022
-6e-05 0.00109
0.00013 0.00238
0.00075 0.00355
0.0018 0.00446
0.003160 0.00512
0.00474 0.005620
0.00655 0.00603
0.00865 0.00639
0.0111 0.00672
0.01404 0.00704
0.01761 0.00734
0.02208 0.007630
0.02775 0.00789
0.0349 0.00811
0.04348 0.008240
0.05313 0.00819
0.06351 0.00792
0.07454 0.00742
0.08613 0.00679
0.09808 0.00608
0.1102 0.00535
0.1223 0.00463
0.134250 0.00396
0.14602 0.00336
0.157590 0.00287
0.16898 0.00251
0.18018 0.00231
0.191220 0.00228
0.20212 0.00244
0.21288 0.00281
0.22354 0.00339
0.2341 0.00419
0.24457 0.00523
0.25497 0.0065
0.2653 0.00802
0.27555 0.00977
0.2857 0.01176
0.29572 0.013980
0.30551 0.0164
0.31493 0.01899
0.32377 0.02169
0.33178 0.02442
0.33880 0.02711
0.34479 0.02973
0.34982 0.03229
0.35404 0.034750
0.35832 0.03766
-Inserting Flap s1223rtl-
0.50588 0.16801
0.50547 0.16658
0.504870 0.1645
0.50403 0.16232
0.50283 0.160
0.501250 0.1574100
0.49923 0.15446
0.496780 0.15114
0.49391 0.14747
0.4907 0.14357
0.48725 0.13953
0.48364 0.13544
0.47992 0.13135
0.47614 0.127320
0.4723 0.12336
0.46841 0.11947
0.4644500 0.11565
0.4604 0.11188
0.45625 0.10813
0.45198 0.10439
0.44758 0.10062
0.44307 0.09681
0.43848 0.09298
0.433850 0.08914
0.42925 0.08534
0.424730 0.08166
0.420370 0.07815
0.41622 0.07491
0.41231 0.072
0.40860 0.06945
0.40503 0.06722
0.40154 0.0653
0.3981 0.06366
0.3947 0.06228
0.39131 0.061150
0.38794 0.06027
0.38461 0.05964
0.38134 0.05923
0.3782 0.05904
0.37526 0.05904
0.37258 0.05919
0.37022 0.05945
0.36818 0.05979
0.366420 0.06018
0.36492 0.06062
0.36363 0.06108
0.36251 0.06156
0.36154 0.06205
0.36071 0.06255
0.359980 0.06305
0.35935 0.06355
0.35882 0.06407
0.35838 0.06459
0.35802 0.06514
0.35779 0.06575
0.35778 0.06642
0.35802 0.06707
0.358460 0.06769
0.35903 0.06829
0.359720 0.06891
0.36055 0.06957
0.36154 0.07031
0.362750 0.07116
0.36424 0.07216
0.366120 0.07337
0.36854 0.07486
0.37161 0.07669
0.37533 0.07883
0.37956 0.08114
0.38417 0.08354
0.38911 0.086
0.39433 0.08853
0.39973 0.09112
0.40521 0.09374
0.41068 0.09635
0.41607 0.09896
0.42136 0.10155
0.42654 0.10414
0.4316 0.10674
0.43655 0.10937
0.44138 0.112030
0.44611 0.11474
0.45073 0.11751
0.45525 0.120350
0.459670 0.12326
0.464 0.12625
0.468240 0.12933
0.47239 0.1325
0.47645 0.13575
0.48041 0.13908
0.48425 0.14248
0.48794 0.14591
0.49144 0.14933
0.49465 0.15265
0.49749 0.15579
0.4999 0.15866
0.50189 0.16126
0.50347 0.1636
0.50472 0.165700
0.50588 0.16801
-Inserting Flap s1223rtl-
0.64264 0.29475
0.64223 0.29333
0.64163 0.29125
0.64078 0.28907
0.63959 0.28674
0.638 0.28416
0.63599 0.28121
0.63353 0.27788
0.63066 0.274220
0.62746 0.27032
0.624 0.26627
0.62039 0.26218
0.616680 0.2581
0.6129 0.25406
0.60906 0.2501
0.60517 0.24622
0.60121 0.24239
0.59716 0.238620
0.593 0.23488
0.58873 0.23113
0.58434 0.22736
0.57983 0.22356
0.57523 0.21972
0.57061 0.21588
0.566 0.21209
0.56149 0.2084
0.55713 0.2049
0.55298 0.20166
0.54906 0.19875
0.54535 0.19619
0.54178 0.19397
0.53830 0.19205
0.53486 0.1904
0.53145 0.18902
0.52806 0.1879
0.52469 0.18702
0.52136 0.186380
0.5181 0.18598
0.514960 0.18579
0.51201 0.18578
0.50934 0.185930
0.506980 0.18619
0.50493 0.186530
0.50318 0.18693
0.50168 0.18737
0.50039 0.187830
0.49927 0.18831
0.4983 0.1888
0.49746 0.18929
0.49674 0.18979
0.49611 0.1903
0.49558 0.19081
0.49513 0.19134
0.49478 0.19189
0.49455 0.19250
0.49454 0.19316
0.49478 0.19382
0.49521 0.19443
0.49578 0.19503
0.49648 0.19565
0.49731 0.19632
0.4983 0.197060
0.4995 0.19791
0.50099 0.19891
0.50288 0.200120
0.5053 0.2016
0.50837 0.203430
0.51209 0.20557
0.51632 0.20789
0.52093 0.21028
0.52587 0.21274
0.53109 0.21527
0.53649 0.21786
0.54197 0.22048
0.54743 0.2231
0.55282 0.2257
0.55811 0.22829
0.563290 0.23088
0.56836 0.23349
0.57331 0.23611
0.57814 0.23878
0.58287 0.24149
0.5874900 0.24426
0.59201 0.2471
0.59643 0.25001
0.60076 0.253
0.605 0.25608
0.60915 0.25924
0.6132 0.26249
0.61716 0.26583
0.62101 0.26922
0.6247 0.27266
0.62819 0.27607
0.6314 0.2794
0.63425 0.282530
0.63666 0.28541
0.63864 0.28801
0.64023 0.29035
0.641470 0.29244
0.64264 0.29475
*.*.Setup: s1223rtl.txt as Flap 1, Inverted: y, Scale = 1.0, AoA = 6.0, Reposition from (0,0) = (0, 0)*.*.
*.*.Setup: s1223rtl.txt as Flap 2, Inverted: y, Scale = 0.5, AoA = 35.0, Reposition from previous T.E. = (0.0, 0.075), Reposition from (0,0) = (0.9945, 0.1795)*.*.
*.*.Setup: s1223rtl.txt as Flap 3, Inverted: y, Scale = 0.5, AoA = 35.0, Reposition from previous T.E. = (-0.03, 0.065), Reposition from (0,0) = (1.3741, 0.5313)*.*.
*.*.Setup: Scale Ratio = 0.36029*.*.