0.3922 -0.03303
0.39134 -0.033830
0.38962 -0.03539
0.387070 -0.0377
0.38384 -0.04057
0.380090 -0.0438
0.37601 -0.04718
0.37176 -0.05051
0.36749 -0.053620
0.36323 -0.05649
0.35897 -0.05916
0.35472 -0.061670
0.35048 -0.064050
0.34624 -0.06633
0.342 -0.06851
0.33777 -0.0706
0.33354 -0.07262
0.32931 -0.07455
0.32508 -0.07641
0.32086 -0.0782
0.31664 -0.07992
0.31242 -0.08158
0.3082 -0.08317
0.30399 -0.08471
0.29977 -0.08619
0.29556 -0.0876
0.29136 -0.08894
0.28715 -0.09022
0.28295 -0.09143
0.27875 -0.09257
0.27455 -0.09366
0.27035 -0.09471
0.26615 -0.09572
0.26196 -0.09671
0.25776 -0.09766
0.25357 -0.09857
0.24938 -0.09945
0.24519 -0.10027
0.241 -0.10103
0.23682 -0.10175
0.23263 -0.10241
0.22845 -0.10302
0.22427 -0.10358
0.22009 -0.1041
0.21591 -0.10457
0.21174 -0.1050
0.207560 -0.10539
0.20339 -0.10573
0.19922 -0.10604
0.19505 -0.10631
0.19088 -0.10654
0.18671 -0.10672
0.18254 -0.10686
0.17838 -0.106940
0.17422 -0.10697
0.17006 -0.10696
0.1659 -0.10689
0.16174 -0.10678
0.15759 -0.10661
0.15343 -0.10639
0.14928 -0.10612
0.14513 -0.1058
0.14098 -0.10542
0.13684 -0.10499
0.13269 -0.10451
0.12855 -0.10398
0.12441 -0.1034
0.12027 -0.10279
0.11613 -0.1021300
0.112 -0.10143
0.10786 -0.10067
0.10373 -0.09983
0.0996 -0.09891
0.09548 -0.0979
0.09135 -0.09679
0.08723 -0.09559
0.08312 -0.094290
0.07901 -0.09289
0.0749 -0.0914
0.07079 -0.0898
0.06669 -0.088070
0.0626 -0.0862
0.05851 -0.08418
0.05442 -0.08198
0.050340 -0.0796
0.04627 -0.07707
0.0422 -0.07437
0.03814 -0.07151
0.03409 -0.06849
0.03004 -0.06523
0.026 -0.061660
0.02198 -0.05768
0.01798 -0.05323
0.01402 -0.04825
0.01024 -0.04290
0.0068 -0.03737
0.00385 -0.03185
0.00157 -0.02654
8e-05 -0.0216
-0.00047 -0.013360
0.00047 -0.01028
0.00222 -0.00804
0.00473 -0.0067
0.00789 -0.00616
0.01152 -0.00625
0.01546 -0.00682
0.01956 -0.00772
0.02369 -0.00880
0.02781 -0.01004
0.03192 -0.01142
0.03603 -0.01294
0.04013 -0.0146
0.04423 -0.01637
0.04832 -0.01826
0.05242 -0.02023
0.05651 -0.022280
0.06059 -0.02439
0.06468 -0.02654
0.06876 -0.02873
0.07285 -0.03093
0.07693 -0.03315
0.08102 -0.035360
0.0851 -0.03755
0.08918 -0.03973
0.09327 -0.04188
0.09736 -0.044
0.10145 -0.04609
0.10554 -0.04814
0.10963 -0.05015
0.11372 -0.05212
0.11781 -0.05405
0.12191 -0.05593
0.126 -0.05776
0.1301 -0.05955
0.1342 -0.06129
0.1383 -0.06298
0.14241 -0.06462
0.14651 -0.06620
0.15062 -0.06774
0.15473 -0.06922
0.15884 -0.07064
0.16296 -0.07201
0.16707 -0.07332
0.17119 -0.07457
0.17531 -0.07575
0.17943 -0.07688
0.183550 -0.07794
0.18768 -0.07893
0.19181 -0.07986
0.19594 -0.080730
0.20007 -0.08156
0.20421 -0.08233
0.20834 -0.08305
0.21248 -0.08373
0.21662 -0.08434
0.22076 -0.08489
0.22491 -0.08537
0.22905 -0.08577
0.2332 -0.08609
0.23735 -0.086340
0.24151 -0.08651
0.24567 -0.0866
0.24983 -0.086620
0.25399 -0.0865600
0.258160 -0.08643
0.26232 -0.086220
0.2665 -0.08592
0.27067 -0.08554
0.27485 -0.08508
0.27903 -0.08452
0.28321 -0.08388
0.2874 -0.08314
0.29159 -0.08232
0.29578 -0.08139
0.29998 -0.08036
0.30418 -0.07923
0.30838 -0.07799
0.31259 -0.07664
0.3168 -0.07518
0.3210200 -0.07362
0.32524 -0.07196
0.32946 -0.07021
0.33369 -0.06838
0.33791 -0.06647
0.34214 -0.06447
0.34638 -0.0624
0.350610 -0.06025
0.35485 -0.05802
0.35909 -0.05568
0.36334 -0.05323
0.36759 -0.05064
0.37185 -0.04789
0.37608 -0.04498
0.38015 -0.04206
0.38388 -0.0393
0.3871 -0.03685
0.38964 -0.0349
0.39135 -0.03358
0.3922 -0.03303
-Inserting Flap Ga2-
0.51223 0.059
0.51209 0.05855
0.51179 0.05767
0.51134 0.05637
0.51077 0.05474
0.510090 0.05288
0.50931 0.0509
0.50847 0.04891
0.50758 0.047
0.506650 0.04517
0.50568 0.04341
0.504680 0.04171
0.50365 0.04005
0.50261 0.03843
0.50155 0.03685
0.50048 0.03529
0.49939 0.03377
0.49828 0.03227
0.497160 0.0308
0.49603 0.029360
0.49489 0.02794
0.49374 0.026540
0.49257 0.02516
0.49139 0.02381
0.49021 0.022470
0.48901 0.02116
0.48780 0.01988
0.48657 0.01861
0.48534 0.01738
0.48409 0.01616
0.48283 0.014970
0.481560 0.01379
0.48029 0.01262
0.47902 0.01146
0.47773 0.01031
0.47644 0.00918
0.47515 0.00806
0.473840 0.00696
0.47252 0.00588
0.4712 0.00482
0.469860 0.00378
0.4685200 0.00275
0.46716 0.00175
0.4658 0.00076
0.46443 -0.00022
0.46305 -0.00118000
0.46167 -0.00212
0.46028 -0.00306
0.45888 -0.00397
0.45747 -0.00488
0.4560600 -0.00576
0.45463 -0.006640
0.45320 -0.00749
0.45176 -0.00833
0.45031 -0.00915
0.44885 -0.00995
0.44738 -0.01073
0.44591 -0.0115
0.44442 -0.01224
0.44293 -0.01297
0.44142 -0.01368
0.43991 -0.01438
0.43838 -0.01505
0.43685 -0.0157
0.43531 -0.01634
0.43375 -0.01695
0.4321900 -0.01756
0.43063 -0.01814
0.42905 -0.01872
0.427470 -0.01927
0.42587 -0.01981
0.42427 -0.02032
0.42264 -0.0208
0.421 -0.02124
0.41935 -0.02165
0.417670 -0.02203
0.41598 -0.02237
0.41427 -0.02268
0.41254 -0.02296
0.4108 -0.0232
0.40903 -0.023390
0.40723 -0.02353
0.40541 -0.02361
0.40355 -0.02363
0.40167 -0.02359
0.399750 -0.0235
0.3978 -0.02334
0.39583 -0.02313
0.39382 -0.02286
0.39178 -0.0225
0.38967 -0.02203
0.38749 -0.02142
0.38523 -0.02064
0.38288 -0.01967
0.38052 -0.01853
0.37824 -0.01726
0.37614 -0.0159
0.37431 -0.01449
0.37283 -0.01305
0.37104 -0.010270
0.37078 -0.00901
0.37095 -0.00789
0.37157 -0.00693
0.37257 -0.00613
0.37386 -0.005460
0.37535 -0.0049
0.37696 -0.00441
0.37861 -0.00399
0.38029 -0.00363
0.382 -0.00331
0.38373 -0.00305
0.38549 -0.00283
0.38727 -0.00266
0.38906 -0.00252
0.39088 -0.00242
0.39271 -0.002340
0.39454 -0.002290
0.39639 -0.00225
0.39824 -0.00222
0.4001 -0.002200
0.40196 -0.00218
0.40382 -0.00217
0.40567 -0.00214
0.40752 -0.00211
0.40937 -0.00207
0.41121 -0.00202
0.413040 -0.001960
0.41487 -0.00188
0.41669 -0.00179
0.41851 -0.00169
0.42031 -0.00157
0.42211 -0.00143
0.4239 -0.00128
0.42568 -0.00111
0.42745 -0.000920
0.42922 -0.000720
0.43097 -0.0005
0.43271 -0.00026
0.43445 0.000010
0.43617 0.00028
0.43789 0.00058
0.43959 0.0009
0.44128 0.001240
0.44297 0.00160
0.44464 0.00199
0.44630 0.00239
0.44795 0.00282
0.44958 0.00328
0.45121 0.003750
0.45282 0.0042500
0.45443 0.00476
0.45602 0.005290
0.45761 0.00584
0.45919 0.00641
0.46076 0.00699
0.46231 0.0076
0.463850 0.00824
0.46538 0.0089
0.4669 0.0096
0.4684 0.01032
0.46988 0.01106
0.47136 0.01184
0.47282 0.01264
0.47426 0.01346
0.47569 0.01432
0.47711 0.0152
0.47851 0.01611
0.4799 0.01706
0.481270 0.018030
0.48262 0.01903
0.48396 0.02007
0.48529 0.02114
0.48659 0.02224
0.48788 0.02338
0.48915 0.02455
0.4904 0.02576
0.49163 0.02701
0.49284 0.0283
0.49403 0.02963
0.4952 0.03099
0.49635 0.03239
0.49749 0.03382
0.49862 0.03528
0.49972 0.036770
0.50082 0.03829
0.50190 0.03983
0.50296 0.04141
0.504010 0.043010
0.50504 0.04465
0.50605 0.04633
0.507040 0.04806
0.50799 0.04985
0.50891 0.05169
0.50977 0.0535
0.51054 0.05519
0.51119 0.05667
0.5117 0.05784
0.51204 0.05864
0.51223 0.059
-Inserting Flap Ga2-
0.59224 0.205070
0.59229 0.2046
0.59239 0.20368
0.592530 0.202310
0.59268 0.20059
0.59284 0.19861
0.59296 0.19649
0.59303 0.19434
0.59301 0.19223
0.59293 0.19017
0.59278 0.18817
0.59259 0.1862
0.59235 0.18427
0.59207 0.18237
0.59177 0.18048
0.59145 0.17862
0.59109 0.17678
0.59071 0.17496
0.59031 0.17316
0.58988 0.17137
0.58944 0.16961
0.58897 0.16785
0.58849 0.16612
0.58798 0.16439
0.58746 0.16269
0.58692 0.161
0.58636 0.15932
0.58577 0.15766
0.58516 0.15602
0.58454 0.1544
0.583890 0.15279
0.58324 0.151180
0.58257 0.149590
0.58189 0.14801
0.5812 0.14643
0.5805 0.14486
0.57979 0.14331
0.57906 0.14176
0.57832 0.14023
0.57756 0.13871
0.57678 0.13721
0.57598 0.13571
0.57517 0.13423
0.57435 0.13277
0.573510 0.13131
0.57266 0.12986
0.57179 0.12842
0.57092 0.127
0.57003 0.12558
0.569130 0.124170
0.56821 0.12277
0.56728 0.12139
0.56634 0.12001
0.56538 0.11865
0.5644 0.1173
0.56341 0.11597
0.56241 0.114640
0.56138 0.11333
0.56035 0.11203
0.55929 0.11074
0.55822 0.10947
0.55713 0.10821
0.55603 0.10696
0.55491 0.10573
0.55377 0.10451
0.55262 0.1033
0.551450 0.1021
0.550270 0.10091
0.54908 0.09973
0.547870 0.09857
0.54665 0.09741
0.5454 0.09628
0.54412 0.09517
0.54282 0.09408
0.54148 0.09301
0.54012 0.09197
0.53873 0.09095
0.5373 0.08996
0.53585 0.08899
0.53436 0.08804
0.5328300 0.08713
0.53126 0.08626
0.529630 0.08542
0.52796 0.08462
0.52623 0.083870
0.52444 0.08316
0.52261 0.08249
0.52073 0.08186
0.518790 0.08127
0.516780 0.08074
0.51468 0.08028
0.51244 0.07993
0.51006 0.07969
0.50751 0.0796
0.5049 0.07965
0.5023 0.07985
0.49982 0.08021
0.4975700 0.08073
0.49562 0.08142
0.49284 0.0832
0.49207 0.08423
0.49176 0.08532
0.49193 0.08645
0.4925 0.0876
0.49339 0.08874
0.49451 0.08988
0.49577 0.090990
0.49709 0.09206
0.49847 0.0931
0.49989 0.09409
0.50135 0.09506
0.50286 0.09599
0.5044 0.09689
0.50598 0.09776
0.50759 0.09861
0.50922 0.09944
0.510860 0.100260
0.51253 0.10107
0.5142 0.10187
0.51588 0.10266
0.517560 0.10345
0.51924 0.10424
0.52091 0.10504
0.52258 0.10584
0.52424 0.10665
0.52590 0.10746
0.52754 0.10828
0.52917 0.109110
0.53079 0.10996
0.53239 0.11081
0.53398 0.11167
0.53556 0.11254
0.53712 0.11343
0.53867 0.11433
0.5402 0.115230
0.54172 0.11616
0.543220 0.117090
0.5447 0.11804
0.546170 0.119
0.547620 0.11997
0.54905 0.12096
0.55047 0.12196
0.55187 0.12298
0.55324 0.12401
0.5546 0.12505
0.55594 0.12611
0.55726 0.12719
0.55856 0.12829
0.55984 0.1294
0.5611 0.13052
0.56234 0.13166
0.56357 0.13281
0.564780 0.13397
0.56598 0.13514
0.56716 0.13633
0.56832 0.13753
0.56946 0.138750
0.57057 0.14
0.57165 0.14126
0.57272 0.14254
0.57376 0.14384
0.57477 0.14515
0.57576 0.14649
0.57673 0.14784
0.577680 0.14922
0.5786 0.15061
0.57949 0.15203
0.58036 0.15346
0.5812 0.15492
0.58201 0.1564
0.58279 0.1579
0.58355 0.15942
0.58427 0.16097
0.584970 0.16254
0.58563 0.16413
0.58626 0.16575
0.586860 0.1674
0.58742 0.16908
0.58795 0.17078
0.58845 0.172510
0.58891 0.17426
0.58935 0.17604
0.58976 0.17783
0.59015 0.17965
0.59051 0.18149
0.59084 0.18334
0.59115 0.18522
0.59144 0.18711
0.59169 0.18903
0.59191 0.19098
0.59208 0.19296
0.5922 0.19499
0.59227 0.19704
0.59229 0.19905
0.59229 0.2009
0.59226 0.20252
0.59223 0.20380
0.59221 0.20466
0.59224 0.205070
*.*.Setup: Ga2.txt as Flap 1, Inverted: y, Scale = 1.0, AoA = -2.0, Reposition from (0,0) = (0, 0)*.*.
*.*.Setup: Ga2.txt as Flap 2, Inverted: y, Scale = 0.4, AoA = 27.0, Reposition from previous T.E. = (-0.06, 0.07), Reposition from (0,0) = (0.9377, -0.014)*.*.
*.*.Setup: Ga2.txt as Flap 3, Inverted: y, Scale = 0.4, AoA = 51.666666666666664, Reposition from previous T.E. = (-0.06, 0.07), Reposition from (0,0) = (1.243, 0.2201)*.*.
*.*.Setup: Scale Ratio = 0.39312*.*.