0.36757 0.03863
0.365410 0.03648
0.36227 0.03335
0.35859 0.03027
0.35413 0.02729
0.348710 0.024230
0.34217 0.02094
0.33445 0.01741
0.325660 0.0137
0.316020 0.00988
0.30581 0.00606
0.29525 0.00231
0.284530 -0.001320
0.27373 -0.0048
0.26291 -0.00809
0.25206 -0.01120
0.24114 -0.01411
0.23013 -0.01685
0.2189500 -0.01944
0.20756 -0.02192
0.19592 -0.02431
0.18405 -0.02665
0.17199 -0.02896
0.15987 -0.031250
0.14783 -0.03348
0.13607 -0.03561
0.12475 -0.03756
0.11408 -0.03924
0.10417 -0.04056
0.09497 -0.04146
0.08635 -0.0419
0.07818 -0.04189
0.07038 -0.04142
0.06289 -0.0405
0.05569 -0.03915
0.04877 -0.03738
0.042160 -0.03521
0.0359 -0.03269
0.03007 -0.0299
0.02479 -0.02698
0.02013 -0.024050
0.01616 -0.02123
0.01283 -0.01859
0.01008 -0.01614
0.00781 -0.01386
0.005950 -0.01174
0.00443 -0.009770
0.00318 -0.00793
0.00217 -0.00621
0.00136 -0.004590
0.00074 -0.00306
0.00029 -0.0016
0.000055 -0.00022
-7e-05 0.00111
0.00013 0.00244
0.00077 0.00365
0.00185 0.00458
0.003240 0.00525
0.00486 0.005760
0.00672 0.00618
0.00887 0.00655
0.01139 0.0069
0.0144 0.00722
0.01807 0.00753
0.02265 0.007820
0.02847 0.00809
0.0358 0.00832
0.04461 0.008450
0.0545 0.00841
0.06515 0.00812
0.07647 0.00761
0.08835 0.00696
0.10061 0.00624
0.11305 0.00549
0.12546 0.00475
0.137720 0.00406
0.14979 0.00345
0.161670 0.00294
0.17334 0.00258
0.18484 0.00237
0.196160 0.00234
0.20734 0.00251
0.21838 0.00288
0.22931 0.00348
0.24014 0.0043
0.25089 0.00537
0.26156 0.00667
0.27215 0.00822
0.28267 0.01002
0.29308 0.01206
0.30336 0.014340
0.3134 0.01682
0.32307 0.01948
0.33214 0.02225
0.34035 0.02505
0.347550 0.02781
0.35369 0.0305
0.35886 0.03312
0.36318 0.035640
0.36757 0.03863
-Inserting Flap s1223rtl-
0.52761 0.14951
0.52706 0.14809
0.52627 0.14602
0.52521 0.14387
0.52378 0.1416
0.52193 0.1391
0.51961 0.13626
0.5168 0.13308
0.51354 0.1296
0.50991 0.1259
0.50602 0.12207
0.50197 0.11821
0.49781 0.11437
0.49358 0.11059
0.48931 0.106880
0.48498 0.10326
0.48059 0.09971
0.47612 0.09622
0.47154 0.09276
0.46684 0.08931
0.46201 0.08586
0.45706 0.08237
0.45202 0.07886
0.44695 0.07535
0.44191 0.07189
0.43697 0.06852
0.43219 0.06533
0.42766 0.06239
0.4234 0.05977
0.41938 0.05749
0.415530 0.05553
0.4118 0.053880
0.408140 0.05251
0.40454 0.0514
0.40097 0.05056
0.39745 0.04996
0.39399 0.04961
0.39062 0.04948
0.38739 0.049570
0.38438 0.04983
0.38166 0.05022
0.37927 0.0507
0.37721 0.05123
0.37546 0.05179
0.37396 0.05237
0.37268 0.05296
0.371580 0.05355
0.37064 0.05414
0.36983 0.054720
0.36913 0.0553
0.36853 0.05587
0.36803 0.05644
0.36763 0.05702
0.36732 0.05761
0.36714 0.05825
0.36718 0.05893
0.36749 0.05958
0.36798 0.06017
0.36862 0.06073
0.36939 0.0613
0.370290 0.06191
0.37137 0.06258
0.37268 0.06334
0.37429 0.06423
0.37633 0.06529
0.37893 0.0666
0.38223 0.06819
0.38623 0.070050
0.39076 0.07204
0.39568 0.07407
0.40095 0.07614
0.40651 0.07826
0.41226 0.08043
0.4181 0.08261
0.42391 0.08480
0.42965 0.08697
0.43529 0.089150
0.44082 0.09134
0.44623 0.09354
0.45152 0.095780
0.4567 0.09807
0.46177 0.100420
0.46674 0.10284
0.471610 0.10534
0.476390 0.10792
0.48108 0.110590
0.48569 0.11335
0.49021 0.11622
0.49465 0.11918
0.49899 0.12223
0.50322 0.12536
0.50731 0.12853
0.51118 0.13171
0.51476 0.13482
0.51794 0.13777
0.52067 0.1405
0.52293 0.14298
0.52476 0.14522
0.52622 0.14725
0.52761 0.14951
-Inserting Flap s1223rtl-
0.643 0.2937
0.642670 0.29221
0.64218 0.29005
0.641440 0.28776
0.64036 0.28531
0.63889 0.28257
0.637 0.27943
0.634690 0.27588
0.63197 0.27196
0.62891 0.26777
0.62562 0.26342
0.62216 0.25901
0.61861 0.25461
0.6149700 0.25025
0.61128 0.24597
0.60753 0.24176
0.6037 0.237610
0.59977 0.2335
0.59575 0.22942
0.59159 0.22533
0.58732 0.22121
0.582930 0.21704
0.57845 0.212840
0.57394 0.20863
0.56945 0.20447
0.56505 0.20042
0.56079 0.19657
0.55673 0.19301
0.5529 0.1898
0.54925 0.18696
0.54573 0.18447
0.54227 0.18229
0.538850 0.1804
0.53545 0.17879
0.53204 0.17743
0.52864 0.17633
0.52527 0.17548
0.52195 0.17487
0.51875 0.17449
0.51573 0.17431
0.51298 0.174310
0.51055 0.17443
0.50844 0.17466
0.50662 0.17496
0.50505 0.17531
0.5037 0.17571
0.50253 0.17614
0.50151 0.17658
0.50062 0.17704
0.49985 0.177510
0.49918 0.17799
0.4986 0.17848
0.49811 0.17899
0.49772 0.17953
0.49745 0.18015
0.49739 0.180830
0.4976 0.18151
0.49801 0.18216
0.498560 0.18281
0.49923 0.183490
0.50004 0.184220
0.50101 0.18504
0.5022 0.18598
0.50366 0.187090
0.50552 0.18844
0.507910 0.19011
0.51094 0.19217
0.51463 0.19458
0.51882 0.19721
0.5234 0.19993
0.52831 0.20275
0.53351 0.20565
0.53888 0.208620
0.54434 0.2116300
0.54978 0.21464
0.55514 0.21762
0.56041 0.220590
0.56556 0.22356
0.57059 0.22652
0.5755 0.22951
0.58029 0.23253
0.58497 0.235590
0.58954 0.2387
0.594 0.24187
0.59835 0.24512
0.6026 0.24844
0.60676 0.25185
0.61082 0.25533
0.614780 0.25891
0.61864 0.26255
0.62237 0.26626
0.62595 0.27
0.629320 0.27371
0.63241 0.2773
0.63514 0.28068
0.63744 0.28377
0.639310 0.28655
0.6408 0.289040
0.64195 0.29126
0.643 0.2937
*.*.Setup: s1223rtl.txt as Flap 1, Inverted: y, Scale = 1.0, AoA = 6.0, Reposition from (0,0) = (0, 0)*.*.
*.*.Setup: s1223rtl.txt as Flap 2, Inverted: y, Scale = 0.5, AoA = 30.0, Reposition from previous T.E. = (0.0, 0.05), Reposition from (0,0) = (0.9945, 0.1545)*.*.
*.*.Setup: s1223rtl.txt as Flap 3, Inverted: y, Scale = 0.5, AoA = 38.333333333333336, Reposition from previous T.E. = (-0.08, 0.08), Reposition from (0,0) = (1.3475, 0.4845)*.*.
*.*.Setup: Scale Ratio = 0.3696*.*.