0.35051 0.05551
0.34854 0.053340
0.34569 0.05018
0.34231 0.04705
0.33819 0.04396
0.33315 0.04075
0.32704 0.03727
0.31982 0.0335
0.31157 0.02950
0.30252 0.02536
0.29292 0.02118
0.28299 0.01705
0.27289 0.01303
0.26271 0.00915
0.2525 0.00545
0.24225 0.00193
0.23193 -0.00141
0.22151 -0.00459
0.21092 -0.00764
0.20012 -0.01058
0.18908 -0.01346
0.17781 -0.0163
0.16637 -0.01912
0.15486 -0.02193
0.14343 -0.02467
0.13226 -0.02731
0.1215 -0.029740
0.11136 -0.03189
0.10192 -0.03366
0.09314 -0.03498
0.0849 -0.03584
0.07707 -0.03623
0.06956 -0.03618
0.06234 -0.035680
0.05536 -0.03474
0.04864 -0.03339
0.04219 -0.03164
0.03606 -0.02954
0.03034 -0.02716
0.02512 -0.02462
0.02051 -0.022040
0.016560 -0.01955
0.01323 -0.01718
0.010470 -0.01497
0.00819 -0.0129
0.00630 -0.010960
0.00474 -0.00914
0.00345 -0.00744
0.00239 -0.00584
0.00154 -0.0043300
0.00086 -0.00289
0.00036 -0.001520
0.000086 -0.00021
-0.00012 0.00106000
0.000005 0.00235
0.00055 0.003530
0.00154 0.00448
0.00284 0.0052
0.00437 0.00577
0.00613 0.006270
0.00818 0.00673
0.01058 0.00719
0.01344 0.00765
0.01694 0.00813
0.02132 0.00864
0.02689 0.00919
0.03391 0.00978
0.04235 0.01035
0.05184 0.0108
0.062060 0.01106
0.072940 0.01114
0.08437 0.01112
0.096160 0.01104
0.10812 0.01094
0.12006 0.01086
0.13185 0.01081
0.143450 0.01083
0.15487 0.01095
0.16608 0.011180
0.177110 0.01156
0.18797 0.0121
0.19868 0.01282
0.20925 0.01374
0.219700 0.01486
0.23005 0.01619
0.2403 0.01775
0.25046 0.01954
0.260540 0.02156
0.27053 0.02381
0.28042 0.02629
0.29016 0.02899
0.29966 0.03188
0.3088 0.03492
0.31735 0.03803
0.32509 0.04112
0.33185 0.04413
0.33761 0.04702
0.34243 0.04979
0.34645 0.05243
0.35051 0.05551
-Inserting Flap s1223rtl-
0.51132 0.15712
0.51068 0.15581
0.50974 0.15389
0.50855 0.15192
0.50699 0.14987
0.50501 0.14763
0.50255 0.14512
0.4996 0.14231
0.49619 0.13925
0.49241 0.13601
0.48837 0.132680
0.48417 0.12933
0.47987 0.126
0.47551 0.12274
0.47111 0.11955
0.46667 0.11645
0.46217 0.11342
0.4576 0.11045
0.45293 0.10753
0.44815 0.10462
0.44324 0.10172
0.438210 0.0988
0.4331 0.09587
0.42796 0.09293
0.42285 0.09004
0.41784 0.08723
0.413 0.084580
0.40842 0.08215
0.40413 0.08
0.4001 0.078150
0.396250 0.07661
0.39254 0.075340
0.38893 0.07433
0.38538 0.07357
0.3819 0.07306
0.37849 0.07279
0.37515 0.072740
0.37191 0.0729
0.36883 0.07326
0.36597 0.07376
0.3634 0.07436
0.36116 0.07502
0.35924 0.075700
0.3576 0.07638
0.35622 0.07706
0.35504 0.07773
0.35404 0.078390
0.35319 0.07903
0.35246 0.07965
0.35184 0.08026
0.35132 0.08086
0.35089 0.08145
0.35055 0.082030
0.3503 0.082630
0.35018 0.08326
0.35028 0.08391
0.35063 0.0845
0.35116 0.08502
0.35181 0.08551
0.35259 0.08599
0.353510 0.08649
0.3546 0.08704
0.35591 0.08766
0.35753 0.08837
0.35957 0.08922
0.36216 0.09025
0.36546 0.0915
0.36943 0.09294
0.37393 0.09447
0.37881 0.096
0.38403 0.097540
0.38952 0.0991
0.3952 0.100690
0.40097 0.10229
0.40671 0.1039
0.412390 0.1055
0.41796 0.10711
0.42343 0.10874
0.42879 0.11039
0.43404 0.1121
0.439180 0.11385
0.44423 0.11567
0.44919 0.11757
0.45406 0.119550
0.45884 0.12162
0.46355 0.12378
0.468190 0.12604
0.47276 0.1284
0.47725 0.130860
0.48166 0.13341
0.48597 0.13605
0.49014 0.13875
0.49411 0.14147
0.49779 0.14414
0.501090 0.1467
0.50392 0.149080
0.50629 0.151260
0.50823 0.15325
0.50979 0.15508
0.51132 0.15712
-Inserting Flap s1223rtl-
0.66377 0.28728
0.66336 0.28588
0.662770 0.28383
0.66194 0.28168
0.66076 0.27939
0.65920 0.27684
0.65722 0.27394
0.65480 0.2706600
0.65197 0.26706
0.64881 0.26321
0.64541 0.25923
0.64185 0.2552
0.6382 0.25118
0.63447 0.2472
0.63069 0.2433
0.62686 0.23947
0.62296 0.23571
0.61897 0.232
0.61488 0.22831
0.6106700 0.22462
0.60634 0.2209
0.6019 0.21716
0.59737 0.21338
0.59282 0.2096
0.58828 0.20586
0.583840 0.20223
0.579540 0.19878
0.57545 0.19558
0.5716 0.19272
0.5679400 0.1902
0.56443 0.18801
0.56099 0.18612
0.55761 0.1845
0.55425 0.18314
0.55091 0.18203
0.54759 0.18117
0.54431 0.18054
0.5411 0.18014
0.538 0.17995
0.5351 0.17995
0.53247 0.1801
0.53014 0.18035
0.52813 0.18069
0.526410 0.18108
0.52492 0.18151
0.52365 0.18197
0.52255 0.182440
0.5216 0.18292
0.52077 0.18341
0.52006 0.1839
0.51944 0.1844
0.51891 0.18490
0.51848 0.18542
0.51813 0.18596
0.5179 0.18656
0.51789 0.187220
0.51813 0.18786
0.518560 0.18847
0.51912 0.18906
0.51980 0.18967
0.52062 0.19033
0.5216 0.19106
0.522780 0.19189
0.52425 0.19288
0.526110 0.19407
0.52849 0.19553
0.53151 0.19733
0.53518 0.19944
0.53935 0.20172
0.54388 0.20408
0.54875 0.2065
0.55389 0.209
0.55921 0.21155
0.56461 0.21413
0.56999 0.2167
0.5753 0.219270
0.58051 0.22182
0.58561 0.22437
0.5906 0.22694
0.59548 0.22952
0.60024 0.23215
0.60489 0.23482
0.60944 0.23755
0.6139 0.24034
0.618250 0.24321
0.62251 0.24616
0.626690 0.24919
0.63078 0.25231
0.63477 0.25551
0.638670 0.25879
0.64246 0.26214
0.6461 0.26552
0.64954 0.26888
0.6527 0.27216
0.6555 0.27524
0.65788 0.27808
0.65983 0.28064
0.66139 0.28294
0.66262 0.28501
0.66377 0.28728
*.*.Setup: s1223rtl.txt as Flap 1, Inverted: y, Scale = 1.0, AoA = 9.0, Reposition from (0,0) = (0, 0)*.*.
*.*.Setup: s1223rtl.txt as Flap 2, Inverted: y, Scale = 0.5, AoA = 25.0, Reposition from previous T.E. = (0.0, 0.075), Reposition from (0,0) = (0.9877, 0.2314)*.*.
*.*.Setup: s1223rtl.txt as Flap 3, Inverted: y, Scale = 0.5, AoA = 35.0, Reposition from previous T.E. = (0.02, 0.08), Reposition from (0,0) = (1.4608, 0.5227)*.*.
*.*.Setup: Scale Ratio = 0.35488*.*.