0.3651900000 -0.01795
0.36442 -0.01872
0.36287 -0.02023
0.36058 -0.02245
0.35767 -0.02522
0.3543 -0.02834
0.35061 -0.03162
0.34678 -0.03484
0.34291 -0.03786
0.339050 -0.04067
0.33519 -0.04329
0.33133 -0.04576
0.32746 -0.0481
0.3236 -0.05035
0.31974 -0.05252
0.31587 -0.0546
0.31201 -0.0566
0.30815 -0.05854
0.30428 -0.0604
0.30042 -0.0622
0.29656 -0.06393
0.29269 -0.06561
0.28883 -0.06722
0.28497 -0.06879
0.2811 -0.07030
0.27724 -0.07174
0.273380 -0.07313
0.26952 -0.07445
0.26565 -0.07571
0.26179 -0.07691
0.25793 -0.07806
0.25406 -0.07916
0.25020 -0.08024
0.24634 -0.08129
0.24247 -0.082310
0.23861 -0.0833
0.23475 -0.08424
0.23088 -0.08514
0.227020 -0.08599
0.22316 -0.086780
0.2193 -0.08753
0.21543 -0.08824
0.21157 -0.08889
0.20771 -0.08951
0.20384 -0.09008
0.19998 -0.09062
0.19612 -0.09111
0.19225 -0.09157
0.18839 -0.09199
0.18453 -0.09238
0.18066 -0.09272
0.1768 -0.09303
0.17294 -0.09329
0.16907 -0.0935
0.16521 -0.09367
0.16135 -0.09379
0.15749 -0.09386
0.15362 -0.09389
0.14976 -0.09387
0.1459 -0.0938
0.14203 -0.09368
0.138170 -0.09352
0.13431 -0.0933
0.13044 -0.09304
0.12658 -0.09272
0.12272 -0.09236
0.11885 -0.09196
0.114990 -0.09153
0.11113 -0.09105
0.10727 -0.09054
0.1034 -0.08996
0.09954 -0.089320
0.09568 -0.08860
0.091810 -0.0878
0.08795 -0.0869
0.08409 -0.08591
0.08022 -0.08484
0.07636 -0.08368
0.0725 -0.08243
0.06863 -0.08108
0.06477 -0.07961
0.06091 -0.078
0.05705 -0.0762500
0.05318 -0.07434
0.04932 -0.0722700
0.04546 -0.070050
0.04159 -0.06767
0.03773 -0.06515
0.03387 -0.06248
0.03 -0.05959
0.026140 -0.0564
0.02228 -0.052840
0.01841 -0.04883
0.01458 -0.04434
0.01089 -0.0395
0.00752 -0.03447
0.00461 -0.02945
0.00232 -0.02459
0.00077 -0.02005
0.000000 -0.01242
0.00077 -0.00953
0.00232 -0.00739
0.00461 -0.00607
0.00752 -0.00546
0.01089 -0.00543
0.01458 -0.00583
0.01841 -0.00653
0.02228 -0.0074
0.026140 -0.00842
0.03 -0.00957
0.03387 -0.01085
0.03773 -0.01225
0.04159 -0.01377
0.04546 -0.01538
0.04932 -0.01708
0.05318 -0.01885
0.05705 -0.02068
0.06091 -0.02254
0.06477 -0.02444
0.06863 -0.02636
0.0725 -0.02828
0.07636 -0.0302
0.08022 -0.0321
0.08409 -0.03399
0.08795 -0.03586
0.091810 -0.03769
0.09568 -0.0395
0.09954 -0.04127
0.1034 -0.043
0.10727 -0.0447
0.11113 -0.04636
0.114990 -0.04797
0.11885 -0.04954
0.12272 -0.051070
0.12658 -0.05255
0.13044 -0.05399
0.13431 -0.055370
0.138170 -0.0567100
0.14203 -0.05801
0.1459 -0.05925
0.14976 -0.06043
0.15362 -0.06157
0.15749 -0.06265
0.16135 -0.06368
0.16521 -0.06464
0.16907 -0.06555
0.17294 -0.0664
0.1768 -0.06719
0.18066 -0.06792
0.18453 -0.06860
0.18839 -0.069230
0.19225 -0.06981
0.19612 -0.07035
0.19998 -0.070840
0.20384 -0.07128
0.20771 -0.07166
0.21157 -0.07197
0.21543 -0.0722
0.2193 -0.07237
0.22316 -0.07246
0.227020 -0.07248
0.23088 -0.07243
0.23475 -0.07232
0.23861 -0.07213
0.24247 -0.071870
0.24634 -0.07154
0.25020 -0.07113
0.25406 -0.07064
0.25793 -0.07008
0.26179 -0.06943
0.26565 -0.06869
0.26952 -0.06787
0.273380 -0.06697
0.27724 -0.06597
0.2811 -0.06488
0.28497 -0.0637
0.28883 -0.06241
0.29269 -0.06102
0.29656 -0.05952
0.30042 -0.05794
0.30428 -0.05626
0.30815 -0.0545
0.31201 -0.05267
0.31587 -0.050750
0.31974 -0.04877
0.3236 -0.0467
0.32746 -0.04457
0.33133 -0.04236
0.33519 -0.04005
0.339050 -0.03764
0.34291 -0.0351
0.34678 -0.03240
0.35061 -0.02957
0.3543 -0.02673
0.35767 -0.02404
0.36058 -0.02166
0.36287 -0.019770
0.36442 -0.01849
0.3651900000 -0.01795
-Inserting Flap Ga2-
0.48314 0.082590
0.48304 0.082160
0.482830 0.08133
0.48253 0.08009
0.48213 0.07853
0.48165 0.076760
0.48109 0.07486
0.48047 0.07296
0.4798 0.07111
0.47909 0.069340
0.47833 0.06763
0.47754 0.065980
0.47673 0.06436
0.4759 0.06278
0.47505 0.06123
0.47418 0.0597
0.47329 0.05821
0.472390 0.05673
0.47147 0.05528
0.47055 0.05385
0.4696 0.05244
0.46865 0.05106
0.46768 0.04969
0.4667 0.04834
0.46571 0.04701
0.4647100 0.0457
0.46369 0.04441
0.46266 0.04314
0.46162 0.0419
0.46056 0.04067
0.45949 0.03946
0.45842 0.03827
0.45733 0.037090
0.45625 0.03591
0.45515 0.03475
0.45405 0.03359
0.45294 0.03245
0.45182 0.03133
0.45069 0.03022
0.44955 0.02913
0.4484 0.02806
0.44723 0.027
0.44606 0.025960
0.444880 0.02493
0.4437 0.02392
0.4425 0.02292
0.44129 0.02193
0.44008 0.02096
0.438860 0.02
0.43763 0.01905
0.43639 0.01811
0.43515 0.01719
0.43389 0.01628
0.43263 0.01539
0.43135 0.014520
0.43007 0.01366
0.42877 0.01281
0.42747 0.01198
0.42615 0.01117
0.42483 0.01038
0.42349 0.0096
0.42215 0.008830
0.42079 0.00809
0.41942 0.00736
0.41805 0.00665
0.41666 0.00595
0.41526 0.00527
0.41386 0.0046
0.41245 0.00394
0.411030 0.0033
0.4096 0.00267
0.40815 0.00207
0.40669 0.00149
0.40521 0.00095
0.40371 0.00043
0.40219 -5e-05
0.40065 -0.0005
0.39909 -0.00093
0.39752 -0.00132
0.39592 -0.00168
0.3943 -0.002
0.39265 -0.00228
0.390970 -0.0025
0.38925 -0.00268
0.3875 -0.00279
0.38572 -0.00286
0.38391 -0.00287
0.38206 -0.002830
0.38018 -0.00275
0.37826 -0.00258
0.376280 -0.00232
0.37421 -0.001930
0.37205 -0.001390
0.36980 -0.00068
0.36752 0.00018
0.36531 0.00117
0.36326 0.00226
0.36145 0.003420
0.359970 0.00463
0.35809 0.00706
0.35773 0.0082
0.35781 0.00925
0.3583 0.01019
0.35916 0.01101
0.3603 0.01174
0.36163 0.01238
0.36308 0.01296
0.36458 0.01348
0.3661 0.01396
0.36766 0.01438
0.36924 0.014770
0.37085 0.01511
0.372480 0.01542
0.37413 0.01569
0.3758 0.015930
0.37749 0.01615
0.37919 0.01635
0.38089 0.01653
0.38261 0.01671
0.38432 0.01688
0.38604 0.01704
0.38776 0.01721
0.38947 0.01738
0.391180 0.01756
0.392890 0.01775
0.39459 0.017950
0.39628 0.01815
0.39797 0.01837
0.39964 0.0186
0.40131 0.0188400
0.40298 0.0191
0.404630 0.01937
0.406270 0.019660
0.40791 0.01996
0.40953 0.02028
0.41115 0.02061
0.41275 0.02096
0.41434 0.02132
0.41593 0.0217
0.4175 0.0221
0.419060 0.022510
0.42062 0.02295
0.42216 0.0234
0.42368 0.02387
0.4252 0.02436
0.4267 0.02487
0.42819 0.0254
0.42967 0.02595
0.43114 0.02652
0.43259 0.02711
0.43403 0.02772
0.43547 0.02834
0.43689 0.02898
0.438310 0.029630
0.43971 0.0303
0.4411 0.03099
0.44248 0.0317
0.44384 0.03244
0.44518 0.03321
0.44651 0.03399
0.44783 0.0348
0.449130 0.03564
0.45041 0.0365
0.45168 0.03738
0.452940 0.03829
0.45418 0.039220
0.4554 0.04018
0.45661 0.04116
0.4578 0.04217
0.45897 0.04321
0.46013 0.04428
0.46127 0.04537
0.462380 0.0465
0.463480 0.04766
0.46456 0.04885
0.46562 0.05007
0.46666 0.05132
0.46767 0.05261
0.46867 0.05394
0.46964 0.0553
0.4706 0.05668
0.4715400 0.05810
0.47246 0.05954
0.47336 0.06101
0.47425 0.0625
0.47512 0.06402
0.47598 0.06556
0.476820 0.06713
0.47765 0.06873
0.478440 0.07037
0.47922 0.07205
0.47996 0.07378
0.48066 0.07556
0.4813 0.0773
0.48188 0.07893
0.48236 0.08035
0.48274 0.08148
0.48299 0.08224
0.48314 0.082590
-Inserting Flap Ga2-
0.606110 0.20272
0.60611 0.20228
0.6061 0.20142
0.60608 0.20014
0.60604 0.19854
0.60597 0.1967
0.60586 0.19473
0.60568 0.19273
0.60544 0.19078
0.60515 0.1889
0.60479 0.18706
0.60440 0.18527
0.60397 0.18352
0.60351 0.18179
0.60303 0.18008
0.6025300 0.1784
0.602 0.17674
0.60146 0.1751
0.60089 0.173480
0.60031 0.17188
0.59971 0.17030
0.59909 0.168730
0.59845 0.16718
0.5978 0.16565
0.597140 0.16413
0.596450 0.16263
0.59575 0.16114
0.59503 0.15968
0.5943 0.15823
0.59354 0.1568
0.59277 0.15538
0.592 0.15397
0.59121 0.15257
0.59041 0.15119
0.58961 0.1498
0.58879 0.14843
0.58797 0.14707
0.587130 0.145730
0.58628 0.14439
0.585410 0.14308
0.58453 0.141770
0.58363 0.14048
0.58273 0.1392
0.58181 0.13793
0.58088 0.13668
0.57994 0.13544
0.57898 0.1342
0.57802 0.132980
0.57705 0.13177
0.57607 0.130570
0.57507 0.12938
0.57406 0.1282
0.573040 0.12703
0.57201 0.12588
0.57097 0.12474
0.56991 0.12361
0.56884 0.1225
0.56775 0.1214
0.56665 0.12031
0.56554 0.11924
0.56442 0.11818
0.56328 0.11713
0.56212 0.1161
0.56095 0.11508
0.559770 0.11408
0.558580 0.11309
0.55737 0.11211
0.55616 0.11114
0.554930 0.11018
0.55369 0.10923
0.55244 0.1083
0.55116 0.10739
0.54987 0.1065
0.54855 0.10564
0.5472 0.1048
0.54583 0.10399
0.54443 0.1032
0.543010 0.10243
0.54156 0.10169
0.54009 0.10098
0.53858 0.10031
0.53703 0.099670
0.53545 0.09907
0.53381 0.09852
0.53214 0.09801
0.53041 0.09755
0.52865 0.097130
0.52684 0.096750
0.525 0.09641
0.52308 0.09614
0.52109 0.09594
0.51899 0.09586
0.51676 0.0959
0.5144100 0.09608
0.512 0.09641
0.50962 0.09688
0.50738 0.09748
0.50535 0.09821
0.50363 0.09905
0.50126 0.100990
0.50066 0.10203
0.50049 0.10307
0.50076 0.10409
0.50142 0.10509
0.50236 0.10605
0.50352 0.10698
0.5048 0.10786
0.50614 0.10871
0.50752 0.10952
0.50894 0.11028
0.51039 0.11101
0.511880 0.11171
0.5134 0.112370
0.51495 0.11301
0.51653 0.11362
0.51812 0.114210
0.51973 0.11479
0.52135 0.11535
0.52298 0.11591
0.52461 0.11646
0.526250 0.11701
0.52788 0.11756
0.52952 0.11811
0.53114 0.11867
0.53276 0.11924
0.53437 0.11981
0.53598 0.120390
0.53757 0.120980
0.53915 0.12159
0.54073 0.1222
0.54229 0.12282
0.54384 0.12346
0.54537 0.12411
0.5469 0.12477
0.54841 0.12544
0.549910 0.12613
0.55139 0.12683
0.55287 0.12754
0.55432 0.128270
0.55577 0.12901
0.5572 0.12977
0.55861 0.13054
0.56001 0.131330
0.56139 0.13213
0.56276 0.132950
0.564110 0.13378
0.565440 0.13464
0.56676 0.13551
0.56806 0.13639
0.56934 0.13729
0.57061 0.13821
0.571870 0.13913
0.573110 0.14007
0.57434 0.14103
0.57556 0.1420
0.57676 0.142980
0.57794 0.14399
0.5791 0.14501
0.58024 0.14606
0.58136 0.14713
0.58246 0.14821
0.583540 0.14932
0.5846 0.15045
0.585640 0.15159
0.58666 0.15276
0.58765 0.15394
0.58863 0.155150
0.58959 0.15638
0.59052 0.15764
0.59143 0.15891
0.592310 0.16021
0.59317 0.16154
0.59401 0.16288
0.594820 0.16426
0.5956 0.16566
0.596360 0.16709
0.59709 0.16855
0.59779 0.17003
0.59846 0.17155
0.5991 0.17309
0.59972 0.17465
0.60032 0.17624
0.60089 0.17786
0.60144 0.17949
0.60197 0.18115
0.60248 0.18282
0.60297 0.18452
0.60344 0.18624
0.60388 0.18798
0.60429 0.18975
0.60466 0.19157
0.60499 0.19342
0.60528 0.19531
0.60551 0.19715
0.60571 0.19887
0.60586 0.20036
0.60597 0.20155
0.60605 0.20235
0.606110 0.20272
*.*.Setup: Ga2.txt as Flap 1, Inverted: y, Scale = 1.0, AoA = 0.0, Reposition from (0,0) = (0, 0)*.*.
*.*.Setup: Ga2.txt as Flap 2, Inverted: y, Scale = 0.4, AoA = 32.0, Reposition from previous T.E. = (-0.0267, 0.08), Reposition from (0,0) = (0.9733, 0.0309)*.*.
*.*.Setup: Ga2.txt as Flap 3, Inverted: y, Scale = 0.4, AoA = 45.0, Reposition from previous T.E. = (0.04, 0.06), Reposition from (0,0) = (1.363, 0.2862)*.*.
*.*.Setup: Scale Ratio = 0.36519*.*.