0.35888 -0.005090
0.35815 -0.00588
0.35669 -0.00741
0.354520 -0.009670
0.35176 -0.01249
0.34855 -0.01567
0.34505 -0.019
0.3414 -0.0223
0.33771 -0.0254
0.33402 -0.02828
0.330320 -0.03099
0.32661 -0.03354
0.3229 -0.03597
0.31919 -0.03831
0.31547 -0.04057
0.31176 -0.04274
0.30803 -0.04484
0.30431 -0.046870
0.300580 -0.04883
0.296860 -0.05072
0.29313 -0.05256
0.28939 -0.05434
0.28566 -0.05606
0.28192 -0.05772
0.27818 -0.05933
0.27444 -0.06089
0.2707 -0.06238
0.26696 -0.06381
0.26321 -0.06517
0.25946 -0.066480
0.25571 -0.06774
0.251960 -0.06896
0.24821 -0.07015
0.24445 -0.07131
0.2407 -0.07244
0.23694 -0.07354
0.23318 -0.0746
0.229420 -0.07562
0.22566 -0.07658
0.2219 -0.07749
0.21814 -0.07836
0.21437 -0.079180
0.2106 -0.07996
0.20683 -0.080700
0.20306 -0.08139
0.19929 -0.08205
0.19552 -0.08266
0.19175 -0.08325
0.18797 -0.08379
0.18419 -0.0843
0.18042 -0.08478
0.17664 -0.08521
0.17286 -0.08559
0.16907 -0.08593
0.16529 -0.08623
0.1615 -0.08648
0.15772 -0.08669
0.15393 -0.08684
0.15014 -0.08696
0.14634 -0.08702
0.14255 -0.08704
0.13875 -0.08701
0.13496 -0.08693
0.13116 -0.0868
0.12736 -0.086630
0.12356 -0.08641
0.11975 -0.08615
0.11595 -0.08585
0.11214 -0.085520
0.10833 -0.08515
0.104520 -0.08472
0.10071 -0.08422
0.0969 -0.08365
0.09308 -0.08299
0.089260 -0.08224
0.08544 -0.0814
0.08161 -0.08048
0.07778 -0.07948
0.07395 -0.07838
0.07011 -0.07719
0.06627 -0.075880
0.06243 -0.07444
0.05858 -0.07285
0.05472 -0.07111
0.05086 -0.06921
0.04699 -0.06716
0.04312 -0.06497
0.03925 -0.06263
0.03537 -0.06013
0.03148 -0.05743
0.02758 -0.05443
0.02367 -0.05107
0.01974 -0.04728
0.01582 -0.0430
0.01204 -0.03838
0.00856 -0.03356
0.005530 -0.02873
0.00312 -0.02404
0.00145 -0.01965
0.00043 -0.012180
0.00108 -0.00932
0.00253 -0.00717
0.00473 -0.00579
0.00756 -0.0051
0.01087 -0.00495
0.0145 -0.00522
0.01829 -0.00577
0.02211 -0.0065
0.025930 -0.00736
0.02976 -0.00836
0.0336 -0.00948
0.03743 -0.01073
0.04128 -0.01208
0.04512 -0.01353
0.04897 -0.01507
0.052820 -0.01667
0.05667 -0.018330
0.06053 -0.02003
0.064380 -0.02176
0.06824 -0.0235
0.07209 -0.025260
0.07595 -0.02701
0.07980 -0.02875
0.08366 -0.03047
0.08751 -0.03216
0.09136 -0.03383
0.09522 -0.03547
0.09907 -0.03708
0.10292 -0.03865
0.10676 -0.04018
0.11061 -0.04167
0.11446 -0.04312
0.1183 -0.04453
0.12214 -0.0459
0.12598 -0.04722
0.12982 -0.04849
0.13366 -0.04972
0.13749 -0.05091
0.14133 -0.05204
0.14516 -0.053120
0.148990 -0.05416
0.15282 -0.05514
0.15665 -0.05607
0.16047 -0.05694
0.1642900 -0.057760
0.16812 -0.058520
0.17193 -0.05922
0.17575 -0.05986
0.17957 -0.06045
0.18338 -0.06098
0.18719 -0.06146
0.191 -0.0619
0.194810 -0.0623
0.19862 -0.06265
0.20242 -0.06295
0.206220 -0.063180
0.21002 -0.06335
0.21382 -0.06345
0.21762 -0.06348
0.22141 -0.06344
0.2252 -0.06333
0.22899 -0.063150
0.23278 -0.0629
0.236560 -0.06259
0.24034 -0.0622
0.24412 -0.06175
0.2478900 -0.06121
0.25167 -0.0606
0.25544 -0.059910
0.25921 -0.05914
0.26297 -0.05829
0.26673 -0.05735
0.27049 -0.05633
0.274250 -0.05522
0.278 -0.05402
0.28175 -0.05273
0.28549 -0.05133
0.28924 -0.04983
0.29297 -0.04824
0.29671 -0.04655
0.30044 -0.044770
0.30417 -0.042910
0.3079 -0.04098
0.31162 -0.03897
0.31535 -0.03689
0.31906 -0.03473
0.32278 -0.03250
0.3265 -0.0302
0.33021 -0.02781
0.33391 -0.02531
0.33762 -0.022690
0.34131 -0.01991
0.34498 -0.017
0.3485 -0.01408
0.35171 -0.01133
0.35449 -0.0089
0.35667 -0.00696
0.35814 -0.00566
0.35888 -0.005090
-Inserting Flap Ga2-
0.49224 0.07882
0.49211 0.07841
0.49183 0.07761
0.49143 0.07643
0.4909 0.07494
0.49028 0.07324
0.48958 0.07144
0.48881 0.06963
0.48799 0.06788
0.48714 0.06621
0.486260 0.064610
0.48535 0.06305
0.48441 0.06155
0.48346 0.06007
0.4825 0.05862
0.48152 0.05721
0.480520 0.0558200
0.479520 0.05445
0.4785 0.05311
0.477470 0.05179
0.47642 0.0505
0.47537 0.04922
0.47431 0.04797
0.47323 0.04673
0.47215 0.04552
0.47106 0.04432
0.46995 0.04315
0.46884 0.0420
0.46771 0.04087
0.46657 0.03976
0.46543 0.03867
0.46427 0.03759
0.46311 0.03653
0.46195 0.03547
0.46078 0.03443
0.4596 0.03339
0.458420 0.03237
0.45723 0.03137
0.45603 0.03039
0.45482 0.02942
0.4536 0.02847
0.45237 0.02753
0.45114 0.02661
0.4499 0.02571
0.44865 0.024820
0.44739 0.02395
0.44613 0.02308
0.44486 0.02224
0.44358 0.0214
0.4423 0.02058
0.44101 0.01977
0.43971 0.01897
0.43841 0.01819
0.43709 0.01743
0.43577 0.01668
0.43444 0.01595
0.4331 0.01524
0.43176 0.01454
0.4304 0.01386
0.42904 0.01319
0.42767 0.01254
0.42628 0.01191
0.42489 0.0113
0.4235 0.0107
0.42209 0.01012
0.42067 0.00956
0.41925 0.00901
0.41782 0.00848
0.41638 0.00795
0.41494 0.00745
0.41349 0.00696
0.41202 0.00649
0.41054 0.00606
0.40905 0.00565
0.40753 0.00528
0.40601 0.00493
0.40446 0.00462
0.40291 0.00434
0.40133 0.00409
0.39974 0.00387
0.398130 0.0037
0.39649 0.00357
0.39482 0.003490
0.39313 0.00347
0.39141 0.00351
0.38966 0.0036
0.38789 0.00374
0.38609 0.00393
0.38426 0.00418
0.38239 0.0045
0.38047 0.00493
0.37849 0.0054800
0.37642 0.00620
0.37428 0.00709
0.37213 0.00812
0.37005 0.00928
0.36814 0.01052
0.366470 0.011810
0.36512 0.01312
0.36349 0.01565
0.36324 0.0168
0.3634 0.01783
0.36397 0.0187
0.36488 0.01943
0.36605 0.02004
0.36741 0.02056
0.368880 0.021
0.37039 0.02138
0.37192 0.02172
0.37348 0.022
0.37506 0.02224
0.37666 0.02244
0.37828 0.0226
0.37992 0.02272
0.38157 0.02282
0.38324 0.02289
0.38492 0.02294
0.3866 0.02297
0.38829 0.023
0.38998 0.02301
0.39168 0.02303
0.39337 0.023050
0.395060 0.02307
0.39675 0.02310
0.39844 0.02313
0.40011 0.023180
0.40179 0.02324
0.40346 0.02331
0.405120 0.023390
0.40677 0.02348
0.40842 0.023590
0.410060 0.02372
0.41169 0.02385
0.41331 0.02401
0.41493 0.02418
0.41653 0.02437
0.41813 0.02457
0.41972 0.02479
0.42131 0.02503
0.42288 0.025280
0.42444 0.02555
0.426 0.02584
0.42754 0.02615
0.42907 0.02648
0.4306 0.02683
0.43211 0.0272
0.43361 0.02760
0.43511 0.02801
0.43659 0.02844
0.43806 0.02889
0.43952 0.02936
0.44098 0.02985
0.44243 0.03035
0.44387 0.03086
0.4453 0.0314
0.44672 0.03196
0.44812 0.03254
0.44952 0.03314
0.4509 0.03377
0.45226 0.03443
0.45362 0.03511
0.45496 0.035820
0.45629 0.03655
0.45761 0.0373
0.45892 0.038080
0.46021 0.03888
0.46149 0.03972
0.46275 0.04058
0.464 0.04146
0.46524 0.04238
0.46646 0.04332
0.46767 0.04430
0.46886 0.0453
0.47003 0.04634
0.47119 0.04741
0.47233 0.04851
0.47345 0.049650
0.47455 0.050830
0.47564 0.05204
0.47671 0.05328
0.477760 0.05456
0.4788 0.05586
0.47982 0.05719
0.48083 0.05855
0.48183 0.05994
0.48281 0.06135
0.48378 0.062780
0.48474 0.06424
0.48568 0.06574
0.4866 0.06727
0.4875 0.06885
0.48837 0.07048
0.48921 0.07216
0.48999 0.07381
0.49069 0.075350
0.49129 0.0767
0.49175 0.07777
0.49206 0.07849
0.49224 0.07882
-Inserting Flap Ga2-
0.612960 0.20391
0.61296 0.20348
0.61295 0.20264
0.61293 0.201380
0.61289 0.199810
0.61282 0.198
0.6127 0.196070
0.61253 0.19411
0.6123 0.1922
0.61201 0.19035
0.61166 0.18855
0.611270 0.18679
0.61085 0.18507
0.61041 0.18337
0.60993 0.18169
0.609440 0.18004
0.60892 0.17841
0.60839 0.17681
0.60783 0.17522
0.60726 0.17364
0.60667 0.17209
0.60606 0.17055
0.60544 0.16903
0.6048 0.16752
0.604140 0.16603
0.603470 0.16456
0.60279 0.1631
0.60208 0.16166
0.60136 0.16024
0.60062 0.15883
0.59986 0.15744
0.5991 0.15606
0.59832 0.15469
0.59754 0.15333
0.59675 0.15197
0.59596 0.15062
0.59515 0.14929
0.594320 0.14797
0.59348 0.14666
0.592630 0.14537
0.59177 0.14408
0.59089 0.14282
0.59 0.14156
0.5891 0.14032
0.58819 0.13909
0.58726 0.13787
0.58633 0.13666
0.58538 0.13546
0.58443 0.13427
0.58346 0.13309
0.58248 0.13192
0.5815 0.13076
0.580490 0.12962
0.57948 0.12848
0.57846 0.12737
0.57742 0.12626
0.57636 0.12517
0.5753 0.12409
0.57422 0.12302
0.57313 0.12197
0.57202 0.12092
0.57091 0.1199
0.56977 0.118890
0.56863 0.11789
0.567470 0.1169
0.56630 0.11593
0.56511 0.11497
0.56392 0.11402
0.562710 0.11307
0.5615 0.112150
0.56027 0.11123
0.55902 0.11034
0.55774 0.10946
0.55645 0.10862
0.555120 0.10779
0.55378 0.10699
0.55241 0.10622
0.551010 0.10547
0.54959 0.10474
0.548140 0.10405
0.54666 0.10338
0.54515 0.10275
0.54359 0.10217
0.54198 0.10163
0.54034 0.10113
0.53865 0.10067
0.53692 0.10026
0.53514 0.09989
0.53333 0.09956
0.53145 0.09929
0.52949 0.0991
0.52743 0.09902
0.52525 0.09906
0.522940 0.09924
0.52057 0.099560
0.51824 0.10002
0.51603 0.10061
0.51405 0.10132
0.51236 0.10215
0.51003 0.10405
0.50944 0.10507
0.50927 0.10609
0.50954 0.1071
0.51018 0.10807
0.51111 0.10902
0.51224 0.10993
0.5135 0.1108
0.51482 0.11163
0.51617 0.11242
0.51756 0.1131700
0.51899 0.1138900
0.520460 0.11457
0.52195 0.11523
0.52347 0.11585
0.52501 0.11645
0.52658 0.11703
0.52816 0.1176
0.52975 0.11815
0.53135 0.1187
0.53295 0.11924
0.534560 0.11978
0.53616 0.12032
0.53777 0.12086
0.53936 0.12141
0.54095 0.12196
0.54253 0.122530
0.54411 0.1231
0.54567 0.12368
0.54723 0.12427
0.54877 0.12487
0.5503 0.125480
0.55182 0.12611
0.55333 0.12675
0.55483 0.12739
0.55631 0.128060
0.557780 0.12873
0.55924 0.12942
0.56069 0.13012
0.56212 0.13083
0.56354 0.13156
0.56494 0.1323
0.56633 0.13306
0.5677 0.13383
0.56906 0.13462
0.5704 0.13542
0.571720 0.136240
0.573030 0.13708
0.57432 0.13793
0.5756 0.1388
0.57686 0.13969
0.57811 0.14059
0.579340 0.1415
0.580560 0.14242
0.58177 0.143360
0.58297 0.14431
0.58414 0.14527
0.5853 0.14626
0.58644 0.14727
0.58756 0.14830
0.58866 0.149340
0.58973 0.15041
0.590790 0.15149
0.59183 0.1526
0.592860 0.15372
0.59386 0.15487
0.59484 0.15603
0.5958 0.15722
0.59673 0.15843
0.59765 0.15966
0.59854 0.160910
0.599410 0.162190
0.60025 0.16349
0.60108 0.16481
0.601870 0.16616
0.60264 0.16753
0.603380 0.168940
0.6041 0.170370
0.60479 0.171830
0.60544 0.17331
0.60608 0.17483
0.60668 0.17636
0.60727 0.177920
0.60783 0.17951
0.60837 0.18111
0.60889 0.18274
0.60939 0.18438
0.60987 0.18605
0.61033 0.18773
0.61076 0.18944
0.61117 0.19119
0.61153 0.19297
0.61186 0.19479
0.61214 0.19664
0.61237 0.198450
0.61256 0.20013
0.61271 0.2016
0.61282 0.20276
0.61289 0.20355
0.612960 0.20391
*.*.Setup: Ga2.txt as Flap 1, Inverted: y, Scale = 1.0, AoA = 2.0, Reposition from (0,0) = (0, 0)*.*.
*.*.Setup: Ga2.txt as Flap 2, Inverted: y, Scale = 0.4, AoA = 27.0, Reposition from previous T.E. = (0.0067, 0.07), Reposition from (0,0) = (1.0078, 0.0558)*.*.
*.*.Setup: Ga2.txt as Flap 3, Inverted: y, Scale = 0.4, AoA = 45.0, Reposition from previous T.E. = (0.04, 0.08), Reposition from (0,0) = (1.4131, 0.2999)*.*.
*.*.Setup: Scale Ratio = 0.35849*.*.