0.35389 0.05605
0.35191 0.053860
0.34903 0.05067
0.34562 0.0475
0.34145 0.04439
0.33636 0.04115
0.3302 0.03763
0.32291 0.03382
0.31458 0.029780
0.30544 0.0256
0.29575 0.02139
0.28572 0.01722
0.27552 0.01315
0.26525 0.00924
0.25494 0.0055
0.24459 0.00195
0.23417 -0.00143
0.22365 -0.00464
0.21295 -0.00771
0.20205 -0.01069
0.19091 -0.01359
0.17953 -0.01646
0.16798 -0.01931
0.15635 -0.02214
0.14482 -0.02491
0.13353 -0.02757
0.12268 -0.030030
0.11243 -0.0322
0.1029 -0.03398
0.09404 -0.03532
0.08572 -0.03618
0.07781 -0.03658
0.07024 -0.03653
0.06294 -0.036020
0.0559 -0.03508
0.04911 -0.03371
0.0426 -0.03194
0.03641 -0.02982
0.03063 -0.02742
0.02536 -0.02486
0.02071 -0.022260
0.016720 -0.01974
0.01336 -0.01735
0.010570 -0.01511
0.00827 -0.01302
0.006360 -0.011060
0.00478 -0.00923
0.00348 -0.00752
0.00241 -0.0059
0.00155 -0.0043700
0.00087 -0.00292
0.00037 -0.001540
0.000086 -0.00021
-0.00012 0.00107000
0.000005 0.00237
0.00056 0.003570
0.00156 0.00453
0.00287 0.00525
0.00441 0.00582
0.00619 0.006330
0.00826 0.0068
0.01068 0.00726
0.01357 0.00772
0.01711 0.00821
0.02153 0.00872
0.02715 0.00928
0.03424 0.00987
0.04276 0.01045
0.05234 0.0109
0.062660 0.01117
0.073640 0.01125
0.08518 0.01122
0.097090 0.01115
0.10917 0.01105
0.12122 0.01096
0.13312 0.01092
0.144840 0.01094
0.15636 0.01105
0.16768 0.011290
0.178820 0.01167
0.18979 0.01222
0.2006 0.01294
0.21127 0.01387
0.2218300 0.015
0.23227 0.01635
0.24262 0.01792
0.25288 0.01973
0.263060 0.02177
0.27314 0.02404
0.28313 0.02655
0.29296 0.02927
0.30256 0.03219
0.31178 0.03525
0.32042 0.03839
0.32823 0.04152
0.33506 0.04456
0.34087 0.04747
0.34574 0.05027
0.34979 0.05293
0.35389 0.05605
-Inserting Flap s1223rtl-
0.51626 0.16759
0.51561 0.16627
0.51466 0.16434
0.51346 0.16234
0.51189 0.16027
0.50989 0.15802
0.50741 0.15548
0.50443 0.15264
0.50099 0.14955
0.49717 0.14628
0.49309 0.142920
0.48885 0.13953
0.4845 0.13618
0.4801 0.13288
0.47566 0.12966
0.47118 0.12653
0.46664 0.12347
0.46202 0.12047
0.45731 0.11752
0.45248 0.11459
0.44752 0.11166
0.442450 0.10871
0.43729 0.10575
0.43209 0.10279
0.42693 0.09987
0.42187 0.09703
0.41699 0.094360
0.41237 0.0919
0.40803 0.08973
0.40396 0.087870
0.400080 0.0863
0.39633 0.085020
0.39268 0.08401
0.38911 0.08324
0.38559 0.08273
0.38214 0.08245
0.37877 0.08240
0.3755 0.08257
0.37239 0.08292
0.36951 0.08343
0.36692 0.08404
0.36465 0.0847
0.36271 0.0853800
0.36106 0.08607
0.35966 0.08676
0.35847 0.08744
0.35746 0.08810
0.3566 0.08875
0.35587 0.08938
0.35524 0.08999
0.35471 0.0906
0.35428 0.09119
0.35394 0.091780
0.35369 0.092380
0.35357 0.09302
0.35367 0.09367
0.35402 0.09427
0.35455 0.0948
0.35521 0.09529
0.356 0.09578
0.356920 0.09629
0.35802 0.09684
0.35935 0.09746
0.36098 0.09818
0.36304 0.09904
0.36566 0.10008
0.36899 0.10134
0.373 0.10279
0.37755 0.10434
0.38247 0.10588
0.38774 0.107440
0.39329 0.10902
0.39902 0.110620
0.40484 0.11224
0.41064 0.11386
0.416370 0.11547
0.422 0.1171
0.42752 0.11874
0.43293 0.12042
0.43823 0.12214
0.443430 0.12391
0.44852 0.12575
0.45353 0.12766
0.45844 0.129660
0.46327 0.13175
0.46803 0.13393
0.472710 0.13622
0.47732 0.1386
0.48186 0.141080
0.48631 0.14366
0.49066 0.14633
0.49488 0.14905
0.49889 0.15179
0.5026 0.15449
0.505930 0.15707
0.50879 0.159470
0.51118 0.161680
0.51314 0.16369
0.51472 0.16553
0.51626 0.16759
-Inserting Flap s1223rtl-
0.65226 0.29902
0.65185 0.2976
0.651260 0.29553
0.65042 0.29336
0.64923 0.29105
0.647650 0.28848
0.64565 0.28555
0.643210 0.2822400
0.64035 0.27859
0.63716 0.27471
0.63373 0.27069
0.63014 0.26662
0.62645 0.26256
0.62269 0.25855
0.61887 0.25461
0.615 0.25075
0.61106 0.24695
0.60703 0.24319
0.6029 0.23947
0.5986500 0.23574
0.59428 0.232
0.5898 0.22821
0.58523 0.2244
0.58063 0.22058
0.57605 0.21681
0.571560 0.21314
0.567220 0.20965
0.56309 0.20643
0.5592 0.20354
0.5555100 0.201
0.55196 0.19879
0.5485 0.19687
0.54508 0.19524
0.54169 0.19387
0.53832 0.19275
0.53497 0.19187
0.53166 0.19124
0.52841 0.19084
0.52529 0.19065
0.52236 0.19065
0.5197 0.1908
0.51735 0.19105
0.51532 0.19139
0.513570 0.19178
0.51208 0.19222
0.51079 0.19268
0.50968 0.193160
0.50872 0.19364
0.50789 0.19414
0.50717 0.19463
0.50654 0.19514
0.50601 0.195650
0.50557 0.19617
0.50522 0.19672
0.50499 0.19732
0.50498 0.197980
0.50522 0.19863
0.505650 0.19924
0.50622 0.19984
0.506910 0.20046
0.50773 0.20112
0.50872 0.20186
0.509920 0.2027
0.5114 0.2037
0.513270 0.2049
0.51568 0.20638
0.51873 0.2082
0.52244 0.21032
0.52664 0.21263
0.53122 0.21501
0.53614 0.21746
0.54133 0.21997
0.5467 0.22255
0.55215 0.22515
0.55758 0.22775
0.56294 0.230340
0.5682 0.23292
0.57336 0.2355
0.57839 0.23809
0.58331 0.2407
0.58812 0.24335
0.59282 0.24604
0.59742 0.2488
0.60191 0.25162
0.606310 0.25452
0.61061 0.25749
0.614830 0.26055
0.61896 0.2637
0.62299 0.26693
0.626930 0.27025
0.63075 0.27363
0.63442 0.27704
0.6379 0.28044
0.64109 0.28374
0.64392 0.28686
0.64632 0.28972
0.64829 0.29231
0.64987 0.29463
0.6511 0.29672
0.65226 0.29902
*.*.Setup: s1223rtl.txt as Flap 1, Inverted: y, Scale = 1.0, AoA = 9.0, Reposition from (0,0) = (0, 0)*.*.
*.*.Setup: s1223rtl.txt as Flap 2, Inverted: y, Scale = 0.5, AoA = 25.0, Reposition from previous T.E. = (0.0, 0.1), Reposition from (0,0) = (0.9877, 0.2564)*.*.
*.*.Setup: s1223rtl.txt as Flap 3, Inverted: y, Scale = 0.5, AoA = 35.0, Reposition from previous T.E. = (-0.03, 0.08), Reposition from (0,0) = (1.4108, 0.5477)*.*.
*.*.Setup: Scale Ratio = 0.3583*.*.