0.35708 0.03753
0.354990 0.03544
0.35193 0.0324
0.34835 0.02941
0.34403 0.02651
0.338760 0.023540
0.33241 0.02034
0.32491 0.01691
0.316370 0.0133
0.3070 0.0096
0.29708 0.00589
0.28683 0.00224
0.276410 -0.001290
0.26592 -0.00466
0.25541 -0.00786
0.24486 -0.010880
0.23426 -0.01371
0.22356 -0.01637
0.212700 -0.01889
0.20164 -0.02129
0.19033 -0.02361
0.17879 -0.02589
0.16708 -0.02813
0.15531 -0.030350
0.14362 -0.03252
0.13218 -0.03459
0.12119 -0.03648
0.11082 -0.03812
0.10119 -0.03941
0.09226 -0.04028
0.08388 -0.04071
0.07595 -0.04069
0.06837 -0.04024
0.0611 -0.03935
0.0541 -0.03803
0.04738 -0.03631
0.040950 -0.0342
0.03487 -0.03175
0.02921 -0.02905
0.02408 -0.02621
0.01956 -0.023360
0.0157 -0.02063
0.01246 -0.01806
0.00979 -0.01568
0.00759 -0.01347
0.005780 -0.01141
0.0043 -0.009490
0.00309 -0.0077
0.00211 -0.00603
0.00132 -0.004460
0.00072 -0.00297
0.00029 -0.00156
0.000055 -0.00022
-6e-05 0.00108
0.00013 0.00237
0.00074 0.00354
0.0018 0.00445
0.003150 0.0051
0.00472 0.00560
0.00653 0.00601
0.00862 0.00637
0.01107 0.0067
0.01399 0.00702
0.01755 0.00732
0.022 0.00760
0.02766 0.00786
0.03478 0.00808
0.04333 0.008210
0.05295 0.00817
0.06329 0.00789
0.07428 0.0074
0.08583 0.00676
0.09774 0.00606
0.10982 0.00533
0.12188 0.00461
0.133790 0.00394
0.14552 0.00335
0.157050 0.00286
0.1684 0.0025
0.17956 0.0023
0.190560 0.00227
0.20142 0.00243
0.21215 0.0028
0.22277 0.00338
0.23329 0.00418
0.24373 0.00521
0.25409 0.00648
0.26439 0.00799
0.2746 0.00974
0.28472 0.01172
0.2947 0.013930
0.30446 0.01634
0.31385 0.01893
0.32266 0.02162
0.33064 0.02433
0.337630 0.02702
0.3436 0.02963
0.34862 0.03217
0.35282 0.034630
0.35708 0.03753
-Inserting Flap s1223rtl-
0.51256 0.1632
0.51202 0.16182
0.51125 0.15981
0.51022 0.15771
0.50883 0.15551
0.50703 0.15308
0.50478 0.15033
0.50205 0.14724
0.49889 0.14385
0.49536 0.14026
0.49158 0.13654
0.48764 0.13279
0.4836 0.12906
0.4795 0.12539
0.47535 0.121790
0.47114 0.11827
0.46688 0.11482
0.46253 0.11142
0.45808 0.10807
0.45352 0.10472
0.44882 0.10136
0.44402 0.09797
0.43912 0.09457
0.4342 0.09116
0.4293 0.08779
0.4245 0.08452
0.41986 0.08142
0.41546 0.07856
0.41132 0.07602
0.40742 0.0738
0.403680 0.0719
0.40005 0.07030
0.39650 0.06896
0.39299 0.06789
0.38953 0.06707
0.38611 0.06649
0.38275 0.06614
0.37947 0.06602
0.37634 0.066110
0.37341 0.06636
0.37077 0.06674
0.36845 0.06721
0.36645 0.06772
0.36474 0.06826
0.36329 0.06883
0.36205 0.0694
0.360980 0.06998
0.36006 0.07055
0.35927 0.071110
0.35859 0.07167
0.35802 0.07223
0.35753 0.07278
0.35714 0.07334
0.35684 0.07392
0.35666 0.07455
0.3567 0.07521
0.357 0.07583
0.35748 0.0764
0.3581 0.07695
0.35885 0.07751
0.359730 0.0781
0.36078 0.07875
0.36205 0.07949
0.36361 0.08035
0.36559 0.08138
0.36812 0.08265
0.37133 0.0842
0.37521 0.0860
0.37961 0.08793
0.38439 0.08991
0.38951 0.09192
0.39491 0.09398
0.4005 0.09608
0.40617 0.09821
0.41182 0.100330
0.41739 0.10245
0.42287 0.104560
0.42824 0.10668
0.43349 0.10883
0.43864 0.1110
0.44367 0.11323
0.44859 0.115510
0.45342 0.11786
0.458150 0.12028
0.46280 0.12279
0.46735 0.125380
0.47183 0.12807
0.47622 0.13085
0.48053 0.13373
0.48475 0.13669
0.48886 0.13973
0.49283 0.14282
0.49659 0.14591
0.50007 0.14893
0.50316 0.15179
0.50581 0.15444
0.50801 0.15685
0.50978 0.15903
0.5112 0.161
0.51256 0.1632
-Inserting Flap s1223rtl-
0.64885 0.29489
0.64843 0.29347
0.64784 0.2914
0.647 0.28923
0.64581 0.286910
0.64422 0.2843300
0.64222 0.2814
0.63977 0.27808
0.63691 0.27443
0.633710 0.27054
0.630270 0.26651
0.62668 0.26243
0.62297 0.25836
0.61921 0.254340
0.61538 0.2504
0.61150 0.24652
0.60755 0.24272
0.60352 0.23896
0.59938 0.23522
0.59512 0.23149
0.590740 0.22773
0.58625 0.22394
0.58167 0.22012
0.57706 0.2163
0.572470 0.21251
0.56798 0.20884
0.56363 0.20535
0.55949 0.20212
0.55559 0.19922
0.55189 0.19667
0.54834 0.19446
0.54486 0.19254
0.54144 0.1909
0.53804 0.18953
0.53466 0.18840
0.53131 0.18753
0.52799 0.18689
0.52473 0.18649
0.5216 0.1863
0.51867 0.1863
0.516 0.18645
0.51365 0.18671
0.51161 0.18704
0.50987 0.18744
0.50837 0.18787
0.507080 0.18834
0.50597 0.18882
0.505 0.1893
0.504170 0.1898
0.50344 0.19029
0.50282 0.1908
0.50229 0.19131
0.50185 0.19183
0.5015 0.19238
0.50127 0.19299
0.501250 0.19365
0.50149 0.1943
0.50193 0.19492
0.50249 0.19552
0.50319 0.19613
0.50401 0.1968
0.505 0.19754
0.5062 0.19838
0.50769 0.19938
0.50957 0.20058
0.511970 0.20207
0.51504 0.20389
0.518750 0.20602
0.522960 0.20833
0.52755 0.21072
0.53248 0.21316
0.53768 0.21569
0.54306 0.21827
0.54852 0.22088
0.55397 0.22348
0.55934 0.22608
0.56461 0.22866
0.56977 0.23124
0.57482 0.23384
0.579750 0.23646
0.58457 0.239110
0.58928 0.24181
0.59388 0.24457
0.598390 0.24740
0.60279 0.2503
0.60711 0.25328
0.61133 0.25635
0.61547 0.25951
0.61951 0.26274
0.62346 0.26607
0.62729 0.26945
0.63097 0.27287
0.63445 0.27628
0.63765 0.27959
0.64048 0.28271
0.642890 0.28558
0.64486 0.28817
0.646440 0.2905
0.64768 0.2925900
0.64885 0.29489
*.*.Setup: s1223rtl.txt as Flap 1, Inverted: y, Scale = 1.0, AoA = 6.0, Reposition from (0,0) = (0, 0)*.*.
*.*.Setup: s1223rtl.txt as Flap 2, Inverted: y, Scale = 0.5, AoA = 30.0, Reposition from previous T.E. = (0.0, 0.1), Reposition from (0,0) = (0.9945, 0.2045)*.*.
*.*.Setup: s1223rtl.txt as Flap 3, Inverted: y, Scale = 0.5, AoA = 35.0, Reposition from previous T.E. = (-0.03, 0.08), Reposition from (0,0) = (1.3975, 0.5345)*.*.
*.*.Setup: Scale Ratio = 0.35905*.*.