0.35126 0.05563
0.34929 0.053460
0.34643 0.05029
0.34304 0.04715
0.33891 0.04406
0.33386 0.04084
0.32774 0.03735
0.3205 0.03357
0.31224 0.029560
0.30317 0.02541
0.29355 0.02123
0.2836 0.01709
0.27347 0.01306
0.26327 0.00917
0.25304 0.00546
0.24277 0.00194
0.23243 -0.00141
0.22198 -0.0046
0.21137 -0.00766
0.20055 -0.01061
0.18949 -0.01349
0.17819 -0.01634
0.16673 -0.01917
0.15519 -0.02197
0.14374 -0.02473
0.13254 -0.02736
0.12177 -0.029810
0.1116 -0.03196
0.10214 -0.03373
0.09334 -0.03506
0.08508 -0.03591
0.07723 -0.03631
0.06971 -0.03626
0.06247 -0.035750
0.05548 -0.03481
0.04874 -0.03346
0.04228 -0.03171
0.03614 -0.0296
0.0304 -0.02722
0.02518 -0.02467
0.02056 -0.022090
0.016590 -0.01959
0.01326 -0.01722
0.010490 -0.015
0.00821 -0.01293
0.006310 -0.010980
0.00475 -0.00916
0.00346 -0.00746
0.00239 -0.00586
0.00154 -0.0043400
0.00087 -0.0029
0.00036 -0.001530
0.000086 -0.00021
-0.00012 0.00107000
0.000005 0.00235
0.00055 0.003540
0.00155 0.00449
0.00285 0.00521
0.00438 0.00578
0.00615 0.006280
0.0082 0.00675
0.0106 0.0072
0.01347 0.00767
0.01698 0.00815
0.02137 0.00866
0.02695 0.00921
0.03398 0.0098
0.04244 0.01037
0.05195 0.01082
0.06220 0.01108
0.073090 0.01117
0.08455 0.01114
0.096370 0.01106
0.10836 0.01097
0.12032 0.01088
0.13213 0.01083
0.143760 0.01086
0.1552 0.01097
0.16644 0.011210
0.177490 0.01158
0.18837 0.01213
0.19911 0.01285
0.2097 0.01377
0.2201800 0.01489
0.23054 0.01623
0.24081 0.01779
0.251 0.01958
0.26110 0.02161
0.27111 0.02386
0.28102 0.02635
0.29078 0.02905
0.30031 0.03195
0.30946 0.03499
0.31803 0.03811
0.32579 0.04121
0.33257 0.04423
0.33833 0.04712
0.34317 0.0499
0.34719 0.05254
0.35126 0.05563
-Inserting Flap s1223rtl-
0.51237 0.17122
0.51184 0.169850
0.51107 0.16786
0.51005 0.16578
0.50868 0.16360
0.5069 0.16119
0.50467 0.158470
0.50197 0.15541
0.49883 0.15205
0.49534 0.14849
0.49159 0.14481
0.48769 0.1411
0.48369 0.1374
0.47962 0.13376
0.47551 0.1302
0.47135 0.126710
0.46712 0.12329
0.46282 0.11993
0.45841 0.11661
0.45389 0.11329
0.44924 0.1099600
0.44448 0.10661
0.43963 0.10324
0.43475 0.09986
0.4299 0.09652
0.425140 0.09328
0.42055 0.09021
0.41619 0.08738
0.41209 0.08486
0.40823 0.08267
0.40452 0.08079
0.40093 0.0792
0.39741 0.07787
0.39394 0.07681
0.39051 0.076
0.38712 0.07542
0.38379 0.07508
0.38055 0.074970
0.37744 0.07505
0.37455 0.0753
0.37193 0.07568
0.36963 0.07614
0.36765 0.07664
0.36596 0.07718
0.36452 0.07774
0.36329 0.0783100
0.36223 0.07888
0.36132 0.07944
0.36054 0.08
0.35987 0.08056
0.3593 0.08111
0.35882 0.08166
0.35843 0.08221
0.35813 0.08278
0.35795 0.08341
0.358 0.08406
0.35829 0.08468
0.35877 0.08525
0.35938 0.08579
0.36012 0.08634
0.36099 0.08692
0.36203 0.08757
0.36329 0.0883
0.36484 0.08915
0.3668 0.09018
0.3693 0.09144
0.37248 0.09297
0.37632 0.09475
0.38068 0.09667
0.38542 0.09863
0.39049 0.10062
0.39584 0.10266
0.40137 0.10474
0.40699 0.10684
0.41259 0.10894
0.41811 0.11104
0.42353 0.11313
0.42885 0.11524
0.43406 0.117360000
0.43915 0.11952
0.44413 0.12172
0.44901 0.12398
0.45379 0.12631
0.45848 0.12871
0.46308 0.13119
0.46759 0.13376
0.47203 0.1364200
0.47638 0.13918
0.48065 0.14203
0.48483 0.14496
0.48890 0.14797
0.49283 0.15103
0.496560 0.15409
0.50 0.15708
0.50306 0.15992
0.50569 0.16254
0.50786 0.16493
0.509620 0.16709
0.511020 0.16904
0.51237 0.17122
-Inserting Flap s1223rtl-
0.64118 0.29929
0.64086 0.29786
0.64039 0.29578
0.63968 0.29358
0.638640 0.29122
0.63722 0.28858
0.63541 0.28556
0.63318 0.282140
0.63056 0.27837
0.62762 0.27434
0.62446 0.27015
0.62113 0.26591
0.61771 0.26168
0.61421 0.25748
0.61066 0.253360
0.60705 0.24931
0.60336 0.24531
0.59959 0.241360
0.59571 0.237430
0.59172 0.2335
0.5876 0.229530
0.58337 0.22553
0.57907 0.22148
0.57473 0.217430
0.57041 0.21343
0.56618 0.20954
0.56208 0.20583
0.55817 0.2024
0.55448 0.19931
0.55097 0.19658
0.54758 0.19418
0.544260 0.19209
0.54097 0.19027
0.53769 0.18872
0.53441 0.18741
0.531140 0.18635
0.5279 0.18553
0.5247 0.18495
0.521620 0.18458
0.51872 0.18441
0.51607 0.1844
0.51373 0.18452
0.5117 0.18474
0.50995 0.18503
0.508440 0.18537
0.50714 0.18576
0.50601 0.18617
0.50503 0.18659
0.50418 0.18703
0.50343 0.18748
0.50279 0.18795
0.50223 0.18842
0.50176 0.18891
0.50139 0.189430
0.50112 0.19002
0.50107 0.19068
0.50127 0.19134
0.50167 0.19197
0.50219 0.19259
0.502840 0.19324
0.5036200 0.19395
0.50456 0.19473
0.50569 0.19564
0.50711 0.19671
0.508890 0.19801
0.51119 0.19961
0.51411 0.20159
0.51766 0.20391
0.521690 0.20644
0.5261 0.20906
0.5308300 0.21177
0.53582 0.214560
0.541 0.21743
0.54624 0.22032
0.55148 0.22321
0.55664 0.226090
0.56171 0.22894
0.56666 0.2318
0.5715 0.23465
0.57623 0.237520
0.58084 0.240430
0.58534 0.24337
0.58973 0.24636
0.59403 0.24942
0.59822 0.25254
0.60231 0.25574
0.60631 0.259020
0.61022 0.262370
0.61403 0.26581
0.61774 0.26932
0.62133 0.27289
0.62478 0.27648
0.62802 0.28005
0.63099 0.28351
0.63361 0.286760
0.63583 0.28974
0.63763 0.29241
0.63906 0.29481
0.64017 0.29694
0.64118 0.29929
*.*.Setup: s1223rtl.txt as Flap 1, Inverted: y, Scale = 1.0, AoA = 9.0, Reposition from (0,0) = (0, 0)*.*.
*.*.Setup: s1223rtl.txt as Flap 2, Inverted: y, Scale = 0.5, AoA = 30.0, Reposition from previous T.E. = (0.02, 0.075), Reposition from (0,0) = (1.0077, 0.2314)*.*.
*.*.Setup: s1223rtl.txt as Flap 3, Inverted: y, Scale = 0.5, AoA = 38.333333333333336, Reposition from previous T.E. = (-0.03, 0.05), Reposition from (0,0) = (1.4107, 0.5314)*.*.
*.*.Setup: Scale Ratio = 0.35564*.*.