0.36553 0.03842
0.363380 0.03628
0.36025 0.03316
0.35659 0.0301
0.35216 0.02714
0.346770 0.024090
0.34027 0.02082
0.33259 0.01731
0.323850 0.01362
0.314260 0.00983
0.3041 0.00603
0.29361 0.0023
0.282940 -0.001320
0.27221 -0.00477
0.26144 -0.00805
0.25065 -0.011130
0.2398 -0.01403
0.22885 -0.01676
0.2177300 -0.01934
0.2064 -0.02179
0.19483 -0.02417
0.18302 -0.0265
0.17103 -0.0288
0.15898 -0.031070
0.14701 -0.03329
0.13531 -0.03541
0.12406 -0.03735
0.11344 -0.03902
0.10359 -0.04034
0.09444 -0.04123
0.08587 -0.04167
0.07774 -0.04165
0.06999 -0.04119
0.06254 -0.04028
0.05538 -0.03893
0.0485 -0.03717
0.041920 -0.03501
0.0357 -0.0325
0.0299 -0.02974
0.02465 -0.02683
0.02002 -0.023910
0.01607 -0.02111
0.01276 -0.01849
0.01002 -0.01605
0.00777 -0.01378
0.005920 -0.01168
0.0044 -0.009710
0.00316 -0.00788
0.00216 -0.00617
0.00135 -0.004560
0.00074 -0.00304
0.00029 -0.00159
0.000055 -0.00022
-6e-05 0.00111
0.00013 0.00243
0.00076 0.00363
0.00184 0.00455
0.003220 0.00522
0.00483 0.005730
0.00668 0.00615
0.00882 0.00652
0.01133 0.00686
0.01432 0.00718
0.01797 0.00749
0.02252 0.007780
0.02831 0.00805
0.0356 0.00827
0.04436 0.008410
0.0542 0.00836
0.06479 0.00807
0.07604 0.00757
0.08786 0.00692
0.10005 0.00621
0.11242 0.00546
0.12476 0.00472
0.136950 0.00404
0.14896 0.00343
0.160770 0.00293
0.17238 0.00256
0.18381 0.00236
0.195070 0.00233
0.20618 0.00249
0.21717 0.00286
0.22804 0.00346
0.23881 0.00428
0.24949 0.00534
0.2601 0.00664
0.27064 0.00818
0.28109 0.00997
0.29145 0.012
0.30167 0.014260
0.31166 0.01673
0.32127 0.01937
0.33029 0.02213
0.33846 0.02491
0.345620 0.02765
0.35172 0.03033
0.35686 0.03293
0.36116 0.035450
0.36553 0.03842
-Inserting Flap s1223rtl-
0.53208 0.13446
0.53141 0.1331
0.53044 0.13112
0.52921 0.12907
0.52759 0.12695
0.52554 0.12463
0.523 0.12203
0.51994 0.11912
0.51641 0.11595
0.5125 0.1126
0.50831 0.10915
0.50396 0.10568
0.4995 0.10223
0.494990 0.09885
0.49044 0.09555
0.48584 0.09233
0.481180 0.0892
0.47644 0.086130
0.47161 0.0831
0.46665 0.08009
0.46157 0.077080
0.45636 0.07406
0.45107 0.07102
0.44574 0.06798
0.44045 0.06499
0.43526 0.062080
0.43025 0.05933
0.42551 0.05681
0.42106 0.05459
0.41688 0.05268
0.4129 0.05107
0.40906 0.04976
0.40532 0.04872
0.40165 0.047930
0.39804 0.0474
0.3945 0.0471200
0.391040 0.04707
0.38769 0.04724
0.3845 0.04761
0.38155 0.048130
0.37888 0.04875
0.37656 0.04943
0.374570 0.05013
0.37288 0.05084
0.371440 0.051540
0.37023 0.05224
0.36919 0.05292
0.3683 0.05358
0.36755 0.05423
0.36691 0.05486
0.36637 0.05548
0.36592 0.05609
0.36557 0.05669
0.36532 0.05731
0.36519 0.05796
0.3653 0.058630
0.36565 0.05925
0.3662 0.05979
0.3668800 0.06029
0.36769 0.06079
0.36864 0.061310
0.36976 0.06188
0.37113 0.06252
0.3728 0.063260
0.37491 0.06414
0.3776 0.06521
0.38101 0.0665
0.38513 0.06799
0.38979 0.06957
0.39484 0.071160
0.40024 0.07275
0.40594 0.07437
0.41182 0.07602
0.417790 0.077680
0.42374 0.07934
0.42961 0.081
0.43539 0.08266
0.44105 0.08435
0.4466 0.08607
0.45204 0.08783
0.45737 0.08965
0.4626 0.09154
0.467730 0.0935
0.47277 0.09555
0.4777300 0.0976900
0.48261 0.09993
0.48741 0.10227
0.49214 0.10472
0.49679 0.10726
0.50136 0.10991
0.505820 0.11264
0.51014 0.11544
0.51426 0.11825
0.51807 0.12102
0.52148 0.12367
0.52442 0.12613
0.52687 0.12839
0.52888 0.13046
0.5305 0.132340
0.53208 0.13446
-Inserting Flap s1223rtl-
0.65833 0.28052
0.65808 0.279020
0.65772 0.27685
0.65713 0.27454
0.65619 0.27204
0.65489 0.26923
0.6532 0.26601
0.65111 0.26234
0.64863 0.25829
0.64584 0.25396
0.64282 0.249460
0.63965 0.244880
0.63637 0.2403
0.63302 0.23577
0.6296 0.2313
0.62611 0.2269
0.622550 0.22256
0.6189 0.21826
0.61513 0.21397
0.61125 0.209670
0.60724 0.20533
0.60312 0.20094
0.59892 0.19651
0.59469 0.19208
0.59048 0.187680
0.58634 0.183410
0.58233 0.17935
0.57851 0.17557
0.57489 0.17216
0.57143 0.16913
0.56808 0.16646
0.56478 0.16409
0.56149 0.162020
0.5582 0.160220
0.5549 0.15868
0.55159 0.15739
0.54829 0.15635
0.54503 0.15555
0.54187 0.15499
0.53888 0.15464
0.53616 0.15447
0.53373 0.15446
0.53162 0.154560
0.5298 0.15475
0.52823 0.15502
0.52686 0.155330
0.52567 0.15569
0.52464 0.15607
0.52373 0.15647
0.522930 0.156890
0.5222400 0.15733
0.52164 0.15779
0.52112 0.158270
0.5207 0.158780
0.5204 0.15937
0.5203 0.16004
0.52047 0.16073
0.52084 0.16141
0.52134 0.16209
0.52197 0.1628
0.52274 0.163570
0.52365 0.16444
0.52477 0.16544
0.52617 0.16663
0.52793 0.16808
0.530210 0.16987
0.5331 0.17209
0.53662 0.1747
0.54063 0.17755
0.54502 0.18052
0.54973 0.183590
0.55472 0.18678
0.55989 0.19004
0.56513 0.19334
0.57035 0.19664
0.57551 0.19992
0.58056 0.203170
0.5855 0.20641
0.59033 0.20964
0.59503 0.21289
0.59961 0.21616
0.60408 0.21947
0.608430 0.22282
0.61268 0.22623
0.61681 0.22971
0.62084 0.23325
0.62477 0.23687
0.628600 0.24057
0.63233 0.24435
0.635950 0.24819
0.63944 0.252090
0.64277 0.256
0.64591 0.25988
0.64877 0.26363
0.65128 0.26714
0.65338 0.27034
0.65508 0.27321
0.65641 0.27577
0.65743 0.27804
0.65833 0.28052
*.*.Setup: s1223rtl.txt as Flap 1, Inverted: y, Scale = 1.0, AoA = 6.0, Reposition from (0,0) = (0, 0)*.*.
*.*.Setup: s1223rtl.txt as Flap 2, Inverted: y, Scale = 0.5, AoA = 25.0, Reposition from previous T.E. = (0.0, 0.05), Reposition from (0,0) = (0.9945, 0.1545)*.*.
*.*.Setup: s1223rtl.txt as Flap 3, Inverted: y, Scale = 0.5, AoA = 41.666666666666664, Reposition from previous T.E. = (-0.03, 0.065), Reposition from (0,0) = (1.4177, 0.4308)*.*.
*.*.Setup: Scale Ratio = 0.36754*.*.