0.34713 -0.02923
0.34637 -0.029940
0.34484 -0.03133
0.342590 -0.03336
0.33973 -0.0359
0.336410 -0.03877
0.33279 -0.04176
0.32903 -0.04471
0.32525 -0.047460
0.32148 -0.05
0.31772 -0.05236
0.31396 -0.054580
0.3102 -0.056690
0.30645 -0.0587
0.3027 -0.06064
0.29895 -0.06249
0.2952 -0.06427
0.29146 -0.06598
0.28772 -0.06763
0.28398 -0.06921
0.28025 -0.07073
0.27651 -0.0722
0.27278 -0.07361
0.26905 -0.07497
0.26532 -0.07628
0.2616 -0.07753
0.25787 -0.07872
0.25415 -0.07985
0.25043 -0.08092
0.24671 -0.08193
0.24299 -0.0829
0.23928 -0.08383
0.23556 -0.08472
0.23185 -0.08559
0.22814 -0.08644
0.22443 -0.08725
0.22072 -0.08802
0.21701 -0.08874
0.2133 -0.08942
0.2096 -0.09005
0.2059 -0.09064
0.20219 -0.09118
0.19849 -0.09168
0.1948 -0.09213
0.1911 -0.09255
0.1874 -0.092930
0.183710 -0.09327
0.18001 -0.09358
0.17632 -0.09386
0.17263 -0.09409
0.16894 -0.0943
0.16525 -0.09446
0.16156 -0.09457
0.15788 -0.094650
0.1542 -0.09468
0.15051 -0.09467
0.14683 -0.09461
0.14315 -0.0945
0.13948 -0.09436
0.1358 -0.09417
0.13212 -0.09393
0.12845 -0.09364
0.12478 -0.09331
0.12111 -0.09292
0.11744 -0.0925
0.11378 -0.09203
0.11011 -0.09152
0.10645 -0.09097
0.10279 -0.0903900
0.09912 -0.08977
0.09547 -0.0891
0.09181 -0.08836
0.08815 -0.08755
0.0845 -0.08665
0.08085 -0.08567
0.07721 -0.0846
0.07357 -0.083450
0.06993 -0.08222
0.06629 -0.0809
0.06266 -0.07948
0.05903 -0.077950
0.0554 -0.0763
0.05178 -0.0745
0.04817 -0.07255
0.044560 -0.07045
0.04095 -0.06821
0.03735 -0.06582
0.03376 -0.06329
0.03017 -0.06062
0.02659 -0.05773
0.02301 -0.054570
0.01945 -0.05105
0.01591 -0.04711
0.01241 -0.0427
0.00906 -0.037970
0.00601 -0.03308
0.00341 -0.02819
0.00139 -0.02349
7e-05 -0.01912
-0.00041 -0.011830
0.00042 -0.0091
0.00196 -0.00711
0.00419 -0.00593
0.00698 -0.00545
0.01019 -0.00553
0.01369 -0.00604
0.01732 -0.00683
0.02097 -0.007790
0.02461 -0.00888
0.02825 -0.01011
0.03189 -0.01146
0.03552 -0.01292
0.03915 -0.01449
0.04277 -0.01616
0.04639 -0.0179
0.05001 -0.019720
0.05363 -0.02158
0.05725 -0.02349
0.06086 -0.02542
0.06448 -0.02738
0.06809 -0.02934
0.0717 -0.031290
0.07532 -0.03324
0.07893 -0.03516
0.08255 -0.03706
0.08617 -0.03894
0.08979 -0.04079
0.09341 -0.04261
0.09703 -0.04439
0.10065 -0.04613
0.10427 -0.04783
0.1079 -0.0495
0.11152 -0.05112
0.11515 -0.05271
0.11878 -0.05425
0.12241 -0.05574
0.12604 -0.05719
0.12968 -0.05860
0.13331 -0.05995
0.13695 -0.06126
0.14059 -0.06252
0.14423 -0.06373
0.14787 -0.06489
0.15151 -0.066
0.15516 -0.06705
0.15881 -0.06804
0.162460 -0.06898
0.16611 -0.06986
0.16976 -0.07068
0.17342 -0.071460
0.17708 -0.07218
0.18074 -0.07287
0.1844 -0.07351
0.18806 -0.0741
0.19172 -0.07465
0.19539 -0.07514
0.19906 -0.07556
0.20273 -0.07591
0.2064 -0.0762
0.21008 -0.076410
0.21375 -0.07656
0.21743 -0.07665
0.22111 -0.076660
0.2248 -0.0766200
0.228490 -0.0765
0.23218 -0.076310
0.23587 -0.07605
0.23956 -0.07571
0.24326 -0.0753
0.24696 -0.07481
0.25066 -0.07424
0.25437 -0.07359
0.25808 -0.07286
0.26179 -0.07204
0.2655 -0.07113
0.26922 -0.07012
0.27294 -0.06903
0.27667 -0.06783
0.28039 -0.06654
0.2841200 -0.06516
0.28786 -0.06369
0.2916 -0.06214
0.29534 -0.06052
0.29908 -0.05883
0.30282 -0.05706
0.30657 -0.05523
0.310320 -0.05332
0.31407 -0.05135
0.31782 -0.04928
0.32158 -0.04712
0.32535 -0.04482
0.32911 -0.04238
0.33286 -0.03981
0.33646 -0.03723
0.33976 -0.03478
0.34261 -0.03262
0.34486 -0.03089
0.34637 -0.02972
0.34713 -0.02923
-Inserting Flap Ga2-
0.48816 0.05222
0.48803 0.05182
0.48776 0.05104
0.48737 0.04989
0.48686 0.04845
0.486260 0.0468
0.48557 0.04505
0.48483 0.04329
0.48404 0.0416
0.483210 0.03998
0.48235 0.03842
0.481470 0.03691
0.48056 0.03545
0.47964 0.03402
0.4787 0.03261
0.47775 0.03124
0.47679 0.02989
0.47581 0.02856
0.474820 0.02726
0.47382 0.025980
0.47281 0.02473
0.47178 0.023490
0.47075 0.02227
0.46971 0.02107
0.46866 0.019890
0.4676 0.01873
0.466530 0.01759
0.46544 0.01648
0.46435 0.01538
0.46325 0.0143
0.46213 0.013250
0.461010 0.0122
0.45989 0.01117
0.45876 0.01014
0.45762 0.00913
0.45648 0.00813
0.45533 0.00714
0.454180 0.00616
0.45301 0.00521
0.45184 0.00427
0.450650 0.00334
0.4494600 0.00244
0.44827 0.00155
0.44706 0.00067
0.44585 -0.00019
0.44463 -0.00104000
0.4434 -0.00188
0.44217 -0.0027
0.44093 -0.00352
0.43969 -0.00432
0.4384300 -0.0051
0.43718 -0.005870
0.435910 -0.00663
0.43463 -0.00737
0.43335 -0.0081
0.43206 -0.0088
0.43076 -0.0095
0.42945 -0.01018
0.42814 -0.01084
0.42681 -0.01148
0.42548 -0.01211
0.42414 -0.01272
0.42279 -0.01332
0.42144 -0.0139
0.42007 -0.01446
0.4187 -0.01501
0.4173100 -0.01554
0.41593 -0.01606
0.41453 -0.01657
0.413130 -0.01706
0.41172 -0.01753
0.4103 -0.01798
0.40886 -0.01841
0.40741 -0.0188
0.40594 -0.01917
0.404460 -0.0195
0.40296 -0.0198
0.40145 -0.02008
0.39992 -0.02032
0.39838 -0.02053
0.39681 -0.02070
0.39522 -0.02082
0.39361 -0.0209
0.39197 -0.02092
0.3903 -0.02088
0.38860 -0.0208
0.38688 -0.02066
0.38513 -0.02047
0.38335 -0.02023
0.38154 -0.01992
0.37968 -0.0195
0.37775 -0.01896
0.37575 -0.01827
0.37367 -0.01741
0.37158 -0.0164
0.36956 -0.01528
0.36771 -0.01408
0.36609 -0.01282
0.36478 -0.01155
0.36319 -0.009090
0.36296 -0.00798
0.36311 -0.00698
0.36366 -0.00614
0.36454 -0.00543
0.36568 -0.004830
0.367 -0.00433
0.36843 -0.00391
0.36989 -0.00353
0.37138 -0.00321
0.37289 -0.00293
0.37442 -0.0027
0.37598 -0.00251
0.37755 -0.00235
0.37914 -0.00223
0.38075 -0.00214
0.38237 -0.002070
0.38399 -0.002020
0.38563 -0.00199
0.38727 -0.00197
0.38891 -0.0019500
0.39056 -0.00193
0.3922 -0.00192
0.39384 -0.0019
0.39548 -0.00187
0.39711 -0.00183
0.39874 -0.00179
0.400370 -0.001730
0.40199 -0.00167
0.4036 -0.00159
0.4052 -0.00149
0.4068 -0.00139
0.40839 -0.00127
0.40998 -0.00113
0.41155 -0.00098
0.41312 -0.000820
0.41468 -0.000640
0.41623 -0.00044
0.41778 -0.00023
0.41931 0.000010
0.42084 0.00025
0.42235 0.00052
0.42386 0.0008
0.42536 0.00110
0.42685 0.001420
0.42833 0.00176
0.42980 0.00212
0.43126 0.0025
0.43271 0.0029
0.43414 0.003320
0.43557 0.0037600
0.43699 0.00421
0.43841 0.004680
0.43981 0.00517
0.44121 0.00567
0.4426 0.00619
0.44397 0.00673
0.445340 0.00729
0.44669 0.00788
0.44803 0.00849
0.44936 0.00913
0.45067 0.00979
0.45198 0.01048
0.45327 0.01118
0.45455 0.01192
0.45582 0.01267
0.45707 0.01345
0.45831 0.01426
0.45954 0.0151
0.460750 0.015960
0.46195 0.01685
0.46314 0.01776
0.46431 0.01871
0.46546 0.01968
0.4666 0.02069
0.46772 0.02173
0.46883 0.0228
0.46992 0.02391
0.47099 0.02505
0.47204 0.02622
0.47308 0.02743
0.4741 0.02867
0.47511 0.02993
0.4761 0.03122
0.47709 0.032540
0.47805 0.03389
0.479010 0.03526
0.47995 0.03665
0.480880 0.038070
0.48179 0.03952
0.48269 0.04101
0.483560 0.04254
0.4844 0.04412
0.48522 0.04575
0.48598 0.04735
0.48666 0.04885
0.48723 0.05016
0.48768 0.0512
0.48799 0.0519
0.48816 0.05222
-Inserting Flap Ga2-
0.60532 0.17363
0.60532 0.17321
0.60531 0.17239
0.60529 0.17117
0.60525 0.16964
0.60519 0.167890
0.60508 0.16601
0.604910 0.16411
0.60468 0.16226
0.6044 0.16046
0.60406 0.15871
0.60369 0.15701
0.60328 0.155330
0.60284 0.15369
0.60239 0.15206
0.60191 0.15046
0.60141 0.14888
0.60089 0.1473200
0.600350 0.14577
0.599790 0.144250
0.59922 0.14274
0.59863 0.14125
0.59802 0.13977
0.5974 0.13831
0.59677 0.13686
0.59612 0.13543
0.59545 0.13401
0.59476 0.13262
0.59406 0.13124
0.59334 0.12987
0.59261 0.12852
0.59187 0.12718
0.591120 0.12585
0.59036 0.12453
0.5896 0.12321
0.588820 0.12191
0.588030 0.12061
0.58723 0.11933
0.58642 0.11806
0.5856 0.1168
0.58476 0.11556
0.5839 0.11433
0.58304 0.11311
0.58217 0.1119
0.58128 0.11071
0.58038 0.10952
0.57947 0.10835
0.57856 0.10718
0.577630 0.10603
0.57669 0.10488
0.57574 0.10375
0.57479 0.10263
0.57381 0.10152
0.57283 0.10042
0.57183 0.09933
0.57083 0.09826
0.56980 0.0972
0.56877 0.096150
0.56773 0.09511
0.56667 0.09409
0.56559 0.093080
0.56451 0.09208
0.56341 0.0911
0.5623 0.09013
0.56117 0.08918
0.56003 0.08823
0.55888 0.0873
0.55772 0.08637
0.55656 0.08546
0.5553800 0.08456
0.55418 0.08367
0.55297 0.0828
0.55173 0.08196
0.550470 0.08113
0.54919 0.08033
0.54788 0.079560
0.54655 0.07881
0.5452 0.07808
0.54382 0.07738
0.54242 0.0767
0.54098 0.07605
0.53951 0.07544
0.53799 0.07488
0.53644 0.07435
0.53484 0.07387
0.53320 0.07342
0.53152 0.07302
0.5298 0.07266
0.52804 0.07234
0.526220 0.07208
0.52432 0.0719
0.522320 0.07182
0.52019 0.07185
0.51795 0.07203
0.515650 0.07234
0.51339 0.07279
0.51125 0.07336
0.50932 0.07405
0.50768 0.07486
0.50542 0.0767
0.504850 0.07769
0.504690 0.07868
0.50495 0.07966
0.50557 0.08061
0.50647 0.08152
0.50757 0.08241
0.508790 0.083250
0.51007 0.08406
0.51139 0.08483
0.51274 0.08556
0.51412 0.08625
0.51554 0.08692
0.51699 0.08755
0.51847 0.08816
0.51997 0.08874
0.52148 0.0893
0.52302 0.08985
0.52456 0.09039
0.52611 0.09092
0.52767 0.091440
0.52923 0.09197
0.53079 0.09249
0.53234 0.09302
0.53389 0.09355
0.535440 0.09409
0.53697 0.09464
0.5385 0.09519
0.54002 0.09575
0.54153 0.09633
0.5430200 0.09691
0.54451 0.09751
0.54599 0.09811
0.54745 0.09873
0.548900 0.09936
0.550340 0.1
0.55177 0.10066
0.55319 0.10132
0.55459 0.102
0.55598 0.1027
0.55735 0.1034
0.55872 0.10412
0.56006 0.104860
0.5614 0.10561
0.56271 0.10637
0.56401 0.10715
0.5653 0.10795
0.56657 0.10876
0.56782 0.10959
0.56906 0.11043
0.57029 0.111290
0.57150 0.11216
0.57269 0.11305
0.57388 0.113940
0.57505 0.11485
0.57621 0.11577
0.577360 0.11671
0.57848 0.11767
0.57958 0.11865
0.58067 0.11965
0.58174 0.12066
0.58278 0.1217
0.58381 0.12275
0.58482 0.12382
0.58581 0.12491
0.58678 0.12602
0.58773 0.12716
0.58866 0.12831
0.58957 0.12948
0.59046 0.13067
0.59133 0.13189
0.59217 0.13313
0.59299 0.13439
0.59379 0.135670
0.59456 0.13698
0.59531 0.13832
0.59603 0.13968
0.59672 0.14107
0.59739 0.14248
0.59803 0.14393
0.59864 0.1454
0.59923 0.14689
0.5998 0.1484
0.60035 0.14994
0.60087 0.151490
0.60138 0.15307
0.60186 0.15467
0.60233 0.15629
0.60277 0.15792
0.603190 0.15958
0.60358 0.16127
0.60394 0.1630
0.604250 0.16477
0.60452 0.16657
0.60475 0.16833
0.60493 0.16996
0.60508 0.17138
0.605190 0.17251
0.60526 0.17327
0.60532 0.17363
*.*.Setup: Ga2.txt as Flap 1, Inverted: y, Scale = 1.0, AoA = -2.0, Reposition from (0,0) = (0, 0)*.*.
*.*.Setup: Ga2.txt as Flap 2, Inverted: y, Scale = 0.4, AoA = 27.0, Reposition from previous T.E. = (0.04, 0.07), Reposition from (0,0) = (1.0377, -0.014)*.*.
*.*.Setup: Ga2.txt as Flap 3, Inverted: y, Scale = 0.4, AoA = 45.0, Reposition from previous T.E. = (0.04, 0.08), Reposition from (0,0) = (1.443, 0.2301)*.*.
*.*.Setup: Scale Ratio = 0.34794*.*.