0.3747400000 -0.01841
0.37395 -0.01921
0.37237 -0.02076
0.37001 -0.02303
0.36703 -0.02588
0.36357 -0.02908
0.35979 -0.03244
0.35585 -0.03576
0.35189 -0.03885
0.347920 -0.04173
0.34396 -0.04442
0.33999 -0.04695
0.33603 -0.04936
0.33206 -0.05167
0.3281 -0.05389
0.32414 -0.05603
0.32017 -0.05808
0.31621 -0.06007
0.31224 -0.06198
0.30828 -0.06382
0.30432 -0.0656
0.30035 -0.06732
0.29639 -0.06898
0.29242 -0.07059
0.28846 -0.072130
0.28449 -0.07362
0.280530 -0.07504
0.27657 -0.0764
0.2726 -0.07769
0.26864 -0.07892
0.26467 -0.0801
0.26071 -0.08124
0.256750 -0.08234
0.25278 -0.08342
0.24882 -0.084460
0.24485 -0.08547
0.24089 -0.08644
0.23692 -0.08737
0.232960 -0.08824
0.229 -0.089050
0.22503 -0.08982
0.22107 -0.09054
0.2171 -0.09122
0.21314 -0.09185
0.20918 -0.09244
0.20521 -0.09299
0.20125 -0.09349
0.19728 -0.09396
0.19332 -0.0944
0.18935 -0.09479
0.18539 -0.09515
0.18143 -0.09546
0.17746 -0.09573
0.1735 -0.09595
0.16953 -0.09612
0.16557 -0.09624
0.16161 -0.09631
0.15764 -0.09634
0.15368 -0.09632
0.14971 -0.09625
0.14575 -0.09614
0.141780 -0.09597
0.13782 -0.09575
0.13386 -0.09547
0.12989 -0.09515
0.12593 -0.09478
0.12196 -0.09437
0.1180 -0.09392
0.11404 -0.09344
0.11007 -0.0929
0.10611 -0.09232
0.10214 -0.091660
0.09818 -0.090920
0.094210 -0.09009
0.09025 -0.08917
0.08629 -0.08816
0.08232 -0.08706
0.07836 -0.08587
0.07439 -0.08458
0.07043 -0.0832
0.06647 -0.08169
0.0625 -0.08004
0.05854 -0.0782500
0.05457 -0.07629
0.05061 -0.0741600
0.04664 -0.071880
0.04268 -0.06944
0.03872 -0.06686
0.03475 -0.06411
0.03079 -0.06114
0.026820 -0.05787
0.02286 -0.054220
0.0189 -0.05011
0.01496 -0.0455
0.01118 -0.04053
0.00772 -0.03538
0.00473 -0.03022
0.00238 -0.02523
0.00079 -0.02058
0.000000 -0.01275
0.00079 -0.00978
0.00238 -0.00758
0.00473 -0.00623
0.00772 -0.0056
0.01118 -0.00557
0.01496 -0.00599
0.0189 -0.0067
0.02286 -0.00759
0.026820 -0.00864
0.03079 -0.00982
0.03475 -0.01113
0.03872 -0.01257
0.04268 -0.01413
0.04664 -0.01579
0.05061 -0.01753
0.05457 -0.01934
0.05854 -0.02122
0.0625 -0.02313
0.06647 -0.02508
0.07043 -0.02704
0.07439 -0.02902
0.07836 -0.03099
0.08232 -0.03294
0.08629 -0.03488
0.09025 -0.03679
0.094210 -0.03868
0.09818 -0.04053
0.10214 -0.04235
0.10611 -0.04413
0.11007 -0.04587
0.11404 -0.04757
0.1180 -0.04923
0.12196 -0.05084
0.12593 -0.05240
0.12989 -0.05393
0.13386 -0.0554
0.13782 -0.056820
0.141780 -0.058200
0.14575 -0.05952
0.14971 -0.0608
0.15368 -0.06202
0.15764 -0.06318
0.16161 -0.06429
0.16557 -0.06534
0.16953 -0.06634
0.1735 -0.06727
0.17746 -0.06814
0.18143 -0.06895
0.18539 -0.0697
0.18935 -0.07040
0.19332 -0.071040
0.19728 -0.07164
0.20125 -0.07219
0.20521 -0.07270
0.20918 -0.07315
0.21314 -0.07353
0.2171 -0.07385
0.22107 -0.07409
0.22503 -0.07426
0.229 -0.07436
0.232960 -0.07438
0.23692 -0.07433
0.24089 -0.07421
0.24485 -0.07402
0.24882 -0.073750
0.25278 -0.07341
0.256750 -0.07299
0.26071 -0.07249
0.26467 -0.07191
0.26864 -0.07124
0.2726 -0.07049
0.27657 -0.06965
0.280530 -0.06872
0.28449 -0.0677
0.28846 -0.06658
0.29242 -0.06536
0.29639 -0.06404
0.30035 -0.06261
0.30432 -0.06108
0.30828 -0.05945
0.31224 -0.05773
0.31621 -0.05593
0.32017 -0.05405
0.32414 -0.052080
0.3281 -0.05004
0.33206 -0.04792
0.33603 -0.04573
0.33999 -0.04346
0.34396 -0.0411
0.347920 -0.03863
0.35189 -0.03602
0.35585 -0.033250
0.35979 -0.03034
0.36357 -0.02742
0.36703 -0.02466
0.37001 -0.02223
0.37237 -0.020280
0.37395 -0.01897
0.3747400000 -0.01841
-Inserting Flap Ga2-
0.48916 0.07305
0.48903 0.07263
0.48874 0.07179
0.48832 0.07055
0.48777 0.06899
0.48712 0.06722
0.48638 0.06534
0.48558 0.06344
0.484730 0.06162
0.48384 0.05987
0.48291 0.05819
0.48196 0.05657
0.4809900 0.05499
0.47999 0.05345
0.47898 0.05194
0.477960 0.05046
0.47692 0.04901
0.47587 0.04758
0.4748 0.04618
0.47372 0.04480
0.47263 0.04345
0.47153 0.04211
0.47042 0.0408
0.4693 0.03951
0.46817 0.038240
0.46702 0.03699
0.46587 0.03576
0.4647 0.034560
0.46352 0.03338
0.46233 0.03222
0.46114 0.031080
0.45993 0.02996
0.45872 0.02884
0.4575 0.02774
0.45628 0.02665
0.45505 0.02557
0.45381 0.0245
0.45257 0.02345
0.45131 0.02242
0.45005 0.02141
0.44877 0.02042
0.44749 0.01944
0.4462 0.01848
0.4449 0.01753
0.4436 0.01661
0.44228 0.01569
0.44096 0.01479
0.43964 0.0139
0.4383 0.01303
0.43696 0.01217
0.43561 0.01132
0.43426 0.010490
0.43289 0.00967
0.4315200 0.00888
0.43014 0.0081
0.42875 0.00733
0.42735 0.00659
0.42594 0.00586
0.42452 0.00514
0.4231 0.00445
0.42166 0.00377
0.42022 0.00311
0.41877 0.00247
0.4173 0.00185
0.41583 0.00124
0.41435 0.00065
0.41287 8e-05
0.41137 -0.00048
0.40987 -0.00103
0.40836 -0.00156
0.40684 -0.00207
0.405310 -0.00255
0.40376 -0.00301
0.4022 -0.00343
0.40062 -0.00383
0.39902 -0.00419
0.39741 -0.00451
0.39578 -0.00481
0.39413 -0.00507
0.39247 -0.0053
0.39078 -0.005480
0.389070 -0.00561
0.38733 -0.00569
0.38556 -0.00571
0.383770 -0.00568
0.38194 -0.00558
0.38008 -0.00543
0.37820 -0.00523
0.376290 -0.00497
0.37434 -0.00464
0.37233 -0.00419
0.37025 -0.00361
0.36809 -0.00286
0.36585 -0.00194
0.3636 -0.00085
0.36143 0.00036
0.35943 0.00165
0.35769 0.003010
0.35628 0.00438
0.35457 0.00702
0.35432 0.00822
0.35449 0.00929
0.35508 0.01021
0.35603 0.01097
0.35726 0.01161
0.35868 0.01215
0.36021 0.01261
0.36179 0.01301
0.36339 0.01336
0.36502 0.01366
0.36667 0.01391
0.36834 0.01411
0.37004 0.01428
0.37175 0.01441
0.37348 0.01451
0.37522 0.01458
0.37698 0.01463
0.37874 0.01467
0.3805 0.0147
0.38227 0.01472
0.38404 0.01473
0.38581 0.014750
0.38758 0.01477
0.38935 0.0148
0.39111 0.01484
0.39286 0.01489
0.39461 0.01495
0.39635 0.01502
0.39809 0.015110
0.39982 0.01521
0.40154 0.01532
0.40325 0.01545
0.40496 0.01559
0.40666 0.01576
0.40835 0.01593
0.410030 0.01613
0.41170 0.01634
0.41336 0.01657
0.41501 0.016820
0.41666 0.017080
0.41829 0.01737
0.41992 0.01767
0.42153 0.0180
0.42314 0.018340
0.42473 0.01871
0.42631 0.0191
0.42788 0.01951
0.42944 0.01994
0.43099 0.020390
0.43253 0.02086
0.43406 0.02135
0.43558 0.021860
0.43710 0.02238
0.4386 0.02292
0.44009 0.02348
0.441580 0.02406
0.44305 0.02467
0.4445 0.0253
0.44595 0.02596
0.44738 0.02665
0.4487900 0.02736
0.4502 0.0281
0.45159 0.02886
0.45297 0.02965
0.45433 0.03046
0.45568 0.03131
0.45702 0.03217
0.45834 0.03307
0.45965 0.034
0.46094 0.03496
0.46222 0.03595
0.463480 0.03697
0.4647200 0.03802
0.46595 0.0391
0.46716 0.04022
0.46835 0.04137
0.46952 0.04256
0.470680 0.043790
0.47181 0.04506
0.47293000 0.04636
0.47403 0.04769
0.47511 0.04905
0.476180 0.05045
0.47724 0.0518600
0.478280 0.05331
0.47931 0.05479
0.48033 0.05629
0.48133 0.05782
0.48231 0.05938
0.48327 0.06098
0.48421 0.06263
0.48512 0.06434
0.4860 0.06609
0.486820 0.06781
0.48755 0.069430
0.48817 0.07084
0.488660 0.07196
0.48898 0.07271
0.48916 0.07305
-Inserting Flap Ga2-
0.6029 0.21605
0.60296 0.2156
0.60305 0.21472
0.60318 0.2134200
0.60333 0.21177
0.60348 0.20989
0.60359 0.20787
0.60366 0.20582
0.60365 0.2038
0.60357 0.20185
0.603430 0.19994
0.60324 0.19806
0.60301 0.19622
0.60275 0.19441
0.60246 0.19261
0.60215 0.19084
0.60181 0.18908
0.60145 0.18735
0.60107 0.18563
0.60066 0.18393
0.60024 0.18224
0.59979 0.18057
0.59933 0.17892
0.59885 0.17727
0.59835 0.17565
0.59784 0.17403
0.5973 0.17244
0.59674 0.17086
0.59616 0.16929
0.59556 0.16774
0.59495 0.16621
0.59432 0.164680
0.59369 0.1631600
0.59304 0.16165
0.59239 0.16015
0.59172 0.15865
0.59104 0.15717
0.59035 0.1557
0.58964 0.15424
0.58891 0.15279
0.58817 0.15136
0.58741 0.14993
0.58664 0.148520
0.58585 0.14712
0.58505 0.14573
0.58424 0.14435
0.58342 0.14298
0.58258 0.14162
0.58173 0.14027
0.58087 0.138930
0.58 0.1376
0.57912 0.136280
0.57822 0.13497
0.5773 0.13367
0.57637 0.13238
0.57543 0.13111
0.57447 0.12985
0.57349 0.12859
0.5725 0.12736
0.5715 0.12613
0.57048 0.12491
0.56944 0.12371
0.56839 0.12252
0.567320 0.12135
0.56623 0.12018
0.56513 0.11903
0.56402 0.11789
0.5629 0.11676
0.56176 0.11563
0.56061 0.11452
0.55944 0.11342
0.55825 0.11234
0.557040 0.11128
0.5558 0.11024
0.55452 0.10923
0.55322 0.10824
0.55189 0.10727
0.55054 0.10632
0.54915 0.10539
0.54773 0.10449
0.54627 0.10362
0.54478 0.10279
0.54323 0.10199
0.54163 0.10123
0.53998 0.100510
0.538280 0.09984
0.53653 0.0992
0.53474 0.09859
0.53289 0.09803
0.53098 0.09752
0.52897 0.09709
0.52684 0.09675
0.52456 0.09653
0.52214 0.09644
0.51964 0.09649
0.51717 0.09668
0.51481 0.0970200
0.51266 0.09752
0.51081 0.09818
0.50815 0.09987
0.50742 0.10086
0.507120 0.1019
0.50728 0.10297
0.50783 0.10406
0.50868 0.10516
0.509740 0.10624
0.51094 0.10730
0.51221 0.10832
0.51352 0.10931
0.514870 0.11026
0.51627 0.111180
0.5177 0.11206
0.51918 0.11292
0.52068 0.11375
0.52221 0.11456
0.52376 0.11536
0.52533 0.116140
0.52692 0.11691
0.52851 0.11767
0.53011 0.11842
0.53172 0.11918
0.53332 0.11993
0.534910 0.120690
0.53651 0.12145
0.53809 0.122220
0.53966 0.123
0.541230 0.12378
0.54278 0.124580
0.54432 0.125380
0.54585 0.12619
0.547370 0.12701
0.54887 0.12785
0.55036 0.12869
0.55184 0.12954
0.5533 0.13041000
0.55475 0.13129
0.55618 0.132180
0.557590 0.13308
0.55899 0.1340
0.56037 0.13493
0.56174 0.13587
0.563090 0.13682
0.56442 0.13779
0.56573 0.13877
0.56703 0.13977
0.5683 0.14078
0.56956 0.14181
0.5708 0.14285
0.572020 0.14391
0.57322 0.14498
0.574410 0.14607
0.57558 0.14716
0.57673 0.148270
0.57788 0.14939
0.579 0.15052
0.5801 0.151670
0.58119 0.15283
0.58225 0.15402
0.58328 0.15522
0.5843 0.15644
0.58529 0.15768
0.58626 0.15893
0.5872 0.16021
0.58813 0.1615
0.58903 0.16281
0.5899 0.16413
0.59075 0.16548
0.591580 0.16685
0.59238 0.16824
0.59315 0.16965
0.5939 0.17108
0.59462 0.17253
0.59531 0.17401
0.59598 0.1755
0.59661 0.17702
0.59721 0.17857
0.59778 0.18014
0.59831 0.18174
0.59882 0.18336
0.59929 0.1850100
0.59974 0.18668
0.60015 0.188370
0.60054 0.19008
0.60091 0.19182
0.60126 0.19357
0.601570 0.19533
0.601870 0.19712
0.60214 0.19893
0.60238 0.200760
0.60259 0.20262
0.60276 0.20451
0.60287 0.20644
0.60294 0.2084
0.60296 0.2103
0.60295 0.212080
0.60293 0.21362
0.60290 0.21484
0.60288 0.21566
0.6029 0.21605
*.*.Setup: Ga2.txt as Flap 1, Inverted: y, Scale = 1.0, AoA = 0.0, Reposition from (0,0) = (0, 0)*.*.
*.*.Setup: Ga2.txt as Flap 2, Inverted: y, Scale = 0.4, AoA = 27.0, Reposition from previous T.E. = (-0.06, 0.08), Reposition from (0,0) = (0.94, 0.0309)*.*.
*.*.Setup: Ga2.txt as Flap 3, Inverted: y, Scale = 0.4, AoA = 51.666666666666664, Reposition from previous T.E. = (0.04, 0.08), Reposition from (0,0) = (1.3453, 0.2749)*.*.
*.*.Setup: Scale Ratio = 0.37474*.*.