0.3694 0.03883
0.367230 0.03666
0.36407 0.03351
0.36037 0.03042
0.35589 0.02743
0.350440 0.024350
0.34387 0.02104
0.33611 0.0175
0.327280 0.01376
0.317590 0.00993
0.30733 0.00609
0.29672 0.00232
0.285940 -0.001330
0.27509 -0.00482
0.26421 -0.00813
0.25331 -0.011250
0.24234 -0.01418
0.23127 -0.01694
0.2200400 -0.01954
0.20859 -0.02202
0.19689 -0.02443
0.18496 -0.02678
0.17284 -0.0291
0.16066 -0.03140
0.14857 -0.03365
0.13674 -0.03578
0.12537 -0.03774
0.11465 -0.03943
0.10468 -0.04076
0.09544 -0.04167
0.08678 -0.04211
0.07857 -0.04209
0.07073 -0.04162
0.0632 -0.0407
0.05596 -0.03934
0.04901 -0.03756
0.042370 -0.03538
0.03607 -0.03285
0.03022 -0.03005
0.02491 -0.02711
0.02023 -0.024170
0.01624 -0.02134
0.01289 -0.01869
0.01013 -0.01622
0.00785 -0.01393
0.005980 -0.0118
0.00445 -0.009820
0.0032 -0.00797
0.00218 -0.00624
0.00137 -0.004610
0.00074 -0.00307
0.0003 -0.00161
0.000055 -0.00022
-7e-05 0.00112
0.00013 0.00245
0.00077 0.00366
0.00186 0.0046
0.003250 0.00528
0.00488 0.005790
0.00676 0.00621
0.00892 0.00659
0.01145 0.00693
0.01447 0.00726
0.01816 0.00757
0.02276 0.007860
0.02861 0.00813
0.03598 0.00836
0.04483 0.008490
0.05477 0.00845
0.06548 0.00816
0.07685 0.00765
0.08879 0.007
0.10111 0.00627
0.11361 0.00552
0.12608 0.00477
0.13840 0.00408
0.15054 0.00346
0.162470 0.00296
0.1742 0.00259
0.18575 0.00238
0.197130 0.00235
0.20837 0.00252
0.21947 0.00289
0.23045 0.00349
0.24134 0.00432
0.25213 0.00539
0.26285 0.00671
0.2735 0.00827
0.28407 0.01007
0.29454 0.01212
0.30486 0.014410
0.31496 0.01691
0.32467 0.01958
0.33378 0.02236
0.34204 0.02517
0.349280 0.02795
0.35545 0.03065
0.36064 0.03328
0.36499 0.035820
0.3694 0.03883
-Inserting Flap s1223rtl-
0.53771 0.13588
0.53704 0.13451
0.53606 0.13251
0.53481 0.13044
0.53318 0.1283
0.53111 0.12595
0.52854 0.12332
0.52545 0.12038
0.52188 0.11718
0.51792 0.11379
0.5137 0.11031
0.5093 0.1068
0.50479 0.10331
0.500230 0.0999
0.49563 0.09656
0.49098 0.09331
0.486280 0.09014
0.48149 0.087040
0.4766 0.08398
0.47159 0.08094
0.46646 0.07790
0.4612 0.07485
0.45585 0.07177
0.45046 0.0687
0.44511 0.06567
0.43987 0.062740
0.43481 0.05996
0.43002 0.05742
0.42552 0.05517
0.4213 0.05324
0.41728 0.05161
0.41339 0.05029
0.40961 0.04923
0.4059 0.048440
0.40226 0.04791
0.39868 0.0476200
0.395190 0.04757
0.3918 0.04774
0.38858 0.04811
0.38559 0.048640
0.3829 0.04927
0.38055 0.04995
0.378530 0.05066
0.37682 0.05138
0.375380 0.052090
0.37415 0.05279
0.3731 0.05348
0.37221 0.05415
0.37144 0.0548
0.37079 0.05544
0.37025 0.05607
0.3698 0.05668
0.36944 0.05729
0.36918 0.05792
0.36906 0.05858
0.36916 0.059250
0.36953 0.05987
0.37008 0.06042
0.3707600 0.06093
0.37158 0.06143
0.37254 0.061960
0.37368 0.06254
0.37506 0.06318
0.37675 0.063930
0.37888 0.06482
0.3816 0.0659
0.38504 0.06721
0.38921 0.06871
0.39392 0.07031
0.39902 0.071910
0.40448 0.07352
0.41023 0.07516
0.41618 0.07682
0.422210 0.07850
0.42823 0.08018
0.43416 0.08185
0.44 0.08354
0.44572 0.08524
0.45133 0.08698
0.45683 0.08876
0.46221 0.0906
0.46749 0.09251
0.472680 0.09449
0.47778 0.09656
0.4827900 0.0987300
0.48772 0.10099
0.49257 0.10336
0.49735 0.10583
0.50205 0.1084
0.50667 0.11107
0.511180 0.11384
0.51555 0.11666
0.5197 0.1195
0.52356 0.1223
0.527 0.12498
0.52997 0.12747
0.53245 0.12975
0.53448 0.13184
0.53612 0.133750
0.53771 0.13588
-Inserting Flap s1223rtl-
0.65789 0.29135
0.65773 0.28983
0.65749 0.287610
0.6570300 0.28524
0.65623 0.28267
0.65508 0.27976
0.65357 0.27641
0.65167 0.27259
0.64941 0.268360
0.64685 0.26382
0.64407 0.2591
0.64114 0.25429
0.6381 0.24948
0.63498 0.24471
0.6318 0.24
0.62854 0.23536
0.6252 0.23077
0.62176 0.22622
0.618220 0.22167
0.61455 0.2171
0.61076 0.21249
0.60687 0.20782
0.602890 0.20311
0.59888 0.19838
0.59489 0.1937
0.59096 0.18915
0.58716 0.18481
0.58353 0.18078
0.58007 0.17713
0.57677 0.17387
0.57354 0.17097
0.57034 0.16839
0.56715 0.166110
0.56394 0.1641
0.5607 0.16235
0.55743 0.16085
0.55417 0.15961
0.55092 0.15861
0.54777 0.15786
0.5447800 0.15733
0.54204 0.157
0.53959 0.156840
0.53746 0.156820
0.53561 0.15691
0.5340 0.15708
0.53261 0.15732
0.53139 0.15761
0.53032 0.15794
0.52938 0.15829
0.52855 0.15867
0.52783 0.15907
0.527190 0.15949
0.52665 0.15995
0.52619 0.16044
0.52585 0.16102
0.52572 0.16169
0.52584 0.1624
0.52617 0.1631
0.52665 0.16381
0.52724 0.16457
0.52796 0.16539
0.52884 0.16632
0.52991 0.1674
0.53124 0.16868
0.53294 0.17024
0.53513 0.17219
0.53792 0.1746
0.54132 0.17743
0.5452 0.18054
0.54944 0.1838
0.55402 0.18718
0.55887 0.19068
0.56389 0.19428
0.56898 0.19792
0.57406 0.201550
0.57907 0.20516
0.58397 0.20874
0.58877 0.2123
0.59345 0.21585
0.598 0.21940
0.60243 0.2229700
0.60674 0.22657
0.61094 0.23021
0.61502 0.2339
0.61899 0.237650
0.62285 0.24146
0.6266 0.245340
0.63024 0.2493
0.63378 0.25333
0.63721 0.25742
0.6405 0.26155
0.64364 0.2657
0.64657 0.2698
0.649230 0.27374
0.65156 0.27744
0.6535 0.28079
0.65504 0.28378
0.65623 0.28644
0.65712 0.288790
0.65789 0.29135
*.*.Setup: s1223rtl.txt as Flap 1, Inverted: y, Scale = 1.0, AoA = 6.0, Reposition from (0,0) = (0, 0)*.*.
*.*.Setup: s1223rtl.txt as Flap 2, Inverted: y, Scale = 0.5, AoA = 25.0, Reposition from previous T.E. = (0.0, 0.05), Reposition from (0,0) = (0.9945, 0.1545)*.*.
*.*.Setup: s1223rtl.txt as Flap 3, Inverted: y, Scale = 0.5, AoA = 45.0, Reposition from previous T.E. = (-0.03, 0.065), Reposition from (0,0) = (1.4177, 0.4308)*.*.
*.*.Setup: Scale Ratio = 0.37143*.*.