0.35286 -0.005010
0.35214 -0.00578
0.3507 -0.00729
0.348560 -0.009510
0.34585 -0.01228
0.3427 -0.0154
0.33926 -0.01869
0.33567 -0.02193
0.33204 -0.02497
0.32841 -0.02781
0.324770 -0.03047
0.32113 -0.03298
0.31748 -0.03537
0.31383 -0.03767
0.31018 -0.03989
0.30652 -0.04202
0.30286 -0.04409
0.2992 -0.046080
0.295540 -0.04801
0.291870 -0.04987
0.28821 -0.05168
0.28454 -0.05342
0.28086 -0.05511
0.27719 -0.05675
0.27352 -0.05834
0.26984 -0.05986
0.26616 -0.06133
0.26248 -0.06274
0.25879 -0.06408
0.25511 -0.065370
0.25142 -0.0666
0.247730 -0.0678
0.24404 -0.06897
0.24035 -0.07011
0.23666 -0.07123
0.23296 -0.07231
0.22927 -0.07335
0.225570 -0.07435
0.22188 -0.07529
0.21818 -0.07619
0.21448 -0.07705
0.21077 -0.077850
0.20707 -0.07862
0.20336 -0.0793400
0.19966 -0.08002
0.19595 -0.08067
0.19224 -0.08128
0.18853 -0.08185
0.18482 -0.08239
0.1811 -0.08289
0.17739 -0.08335
0.17367 -0.08378
0.16995 -0.08416
0.16624 -0.08449
0.16251 -0.08478
0.15879 -0.08503
0.15507 -0.08523
0.15134 -0.08539
0.14762 -0.0855
0.14389 -0.08556
0.14016 -0.08558
0.13643 -0.08555
0.13269 -0.08548
0.12896 -0.08535
0.12522 -0.085170
0.12148 -0.08496
0.11774 -0.0847
0.114 -0.08441
0.11026 -0.084090
0.10652 -0.08372
0.102770 -0.08329
0.09902 -0.08281
0.09527 -0.08224
0.09152 -0.08159
0.087760 -0.08086
0.084 -0.08004
0.08024 -0.07913
0.07647 -0.07814
0.07271 -0.07707
0.06893 -0.07589
0.06516 -0.07460
0.06138 -0.07319
0.05759 -0.07163
0.0538 -0.06992
0.05001 -0.06805
0.0462 -0.06603
0.0424 -0.06388
0.03859 -0.06157
0.03477 -0.05913
0.03095 -0.05647
0.02711 -0.05352
0.02327 -0.05022
0.01941 -0.04648
0.01555 -0.042280
0.01184 -0.03773
0.00841 -0.033
0.005440 -0.02825
0.00306 -0.02364
0.00142 -0.01932
0.00042 -0.011980
0.00107 -0.00916
0.00248 -0.00705
0.00465 -0.0057
0.00744 -0.00501
0.01069 -0.00487
0.01426 -0.00513
0.01798 -0.00568
0.02174 -0.00639
0.02550 -0.00724
0.02926 -0.00822
0.03303 -0.00932
0.03681 -0.01055
0.04058 -0.01188
0.04436 -0.01331
0.04815 -0.01482
0.051930 -0.01639
0.05572 -0.018020
0.05951 -0.01969
0.06330 -0.02139
0.06709 -0.02311
0.07088 -0.024840
0.07467 -0.02656
0.078460 -0.02827
0.08225 -0.02996
0.08604 -0.03162
0.08983 -0.03326
0.09362 -0.03488
0.0974 -0.03645
0.10119 -0.038
0.10497 -0.0395
0.10875 -0.04097
0.11253 -0.0424
0.11631 -0.04378
0.12009 -0.04513
0.12387 -0.04642
0.12764 -0.04768
0.13141 -0.04889
0.13519 -0.05005
0.13896 -0.05117
0.14272 -0.052230
0.146490 -0.05325
0.15025 -0.05421
0.15402 -0.05513
0.15778 -0.05599
0.1615400 -0.056790
0.16529 -0.057540
0.16905 -0.05823
0.1728 -0.05886
0.17655 -0.05943
0.1803 -0.05996
0.18405 -0.06043
0.1878 -0.06086
0.191540 -0.06125
0.19528 -0.0616
0.19902 -0.06189
0.202760 -0.062120
0.2065 -0.06229
0.21023 -0.06239
0.21396 -0.06242
0.21769 -0.06238
0.22142 -0.06227
0.22515 -0.062090
0.22887 -0.06185
0.232590 -0.06154
0.23631 -0.06116
0.24002 -0.06071
0.2437300 -0.06018
0.24744 -0.05958
0.25115 -0.05890
0.25485 -0.05815
0.25856 -0.05731
0.26225 -0.05639
0.26595 -0.05539
0.269640 -0.0543
0.27333 -0.05312
0.27702 -0.05184
0.2807 -0.05047
0.28438 -0.04899
0.28806 -0.04743
0.29173 -0.04577
0.2954 -0.044020
0.29907 -0.042190
0.30273 -0.04029
0.30639 -0.03832
0.31005 -0.03627
0.31371 -0.03415
0.31736 -0.031960
0.32102 -0.0297
0.32466 -0.02735
0.32831 -0.02489
0.33195 -0.02230
0.33559 -0.01957
0.33919 -0.01671
0.34265 -0.01384
0.34581 -0.01114
0.34854 -0.00875
0.35069 -0.00684
0.35213 -0.00556
0.35286 -0.005010
-Inserting Flap Ga2-
0.49573 0.0775
0.4956 0.0771
0.49533 0.07631
0.49493 0.07514
0.49441 0.07368
0.4938 0.07201
0.49311 0.07024
0.49235 0.06846
0.49155 0.06674
0.490720 0.0651
0.48985 0.063520
0.488950 0.062
0.48803 0.06051
0.4871 0.05906
0.48615 0.05764
0.48518 0.05625
0.48421 0.0548800
0.48322 0.05354
0.4822100 0.05222
0.4812 0.05092
0.48018 0.04965
0.47914 0.0484
0.4781 0.04716
0.47704 0.04595
0.47598 0.04475
0.4749 0.04358
0.473820 0.04242
0.47272 0.041290
0.47161 0.04018
0.47049 0.03909
0.46936 0.03802
0.468230 0.03696
0.46709 0.03592
0.46594 0.03488
0.46479 0.03385
0.46364 0.03283
0.46247 0.03183
0.46130 0.03085
0.46012 0.02988
0.45893 0.02892
0.457740 0.02799
0.45653 0.02707
0.45532 0.02617
0.4541 0.02528
0.45287 0.024410
0.45163 0.02354
0.45039 0.0227
0.44914 0.02186
0.44789 0.02104
0.44662 0.02023
0.445360 0.01943
0.44408 0.01865
0.4428 0.01789
0.44151 0.01714
0.44021 0.0164
0.4389 0.01568
0.43758 0.01498
0.43626 0.01429
0.43493 0.01362
0.43359 0.01297
0.43224 0.01233
0.43088 0.01171
0.42951 0.01111
0.42814 0.01052
0.42675 0.00995
0.42536 0.0094
0.423960 0.00886
0.42256 0.00834
0.42114 0.00782
0.419730 0.00732
0.4183 0.00684
0.41685 0.00638
0.4154 0.00596
0.41393 0.00556
0.412440 0.00519
0.410940 0.00485
0.40942 0.00454
0.40789 0.00426
0.40634 0.00402
0.40478 0.00381
0.40319 0.00363
0.40158 0.00351
0.39995 0.003430
0.39828 0.00341
0.39659 0.00345
0.3948700 0.00354
0.39313 0.00368
0.39136 0.00387
0.38956 0.00411
0.38772 0.00443
0.38584 0.00485
0.38388 0.0053900
0.38185 0.006090
0.37974 0.00697
0.37763 0.00799
0.37559 0.00912
0.37371 0.01034
0.37207 0.011610
0.37074 0.0129
0.36914 0.01539
0.36889 0.01652
0.36905 0.01753
0.36961 0.01839
0.37050 0.0191
0.37166 0.01971
0.373 0.02021
0.37444 0.02065
0.37592 0.02102
0.37743 0.02135
0.37896 0.02163
0.38051 0.02187
0.382080 0.02206
0.38368 0.02222
0.38529 0.02234
0.38692 0.02243
0.38856 0.0225
0.39021 0.02255
0.39186 0.02259
0.39352 0.02261
0.39519 0.02263
0.396850 0.02264
0.39852 0.022660
0.40018 0.02268
0.40184 0.022710
0.4035 0.02275
0.40515 0.022790
0.406790 0.02285
0.40843 0.02291
0.41007 0.0230
0.41169 0.02309
0.41331 0.02320
0.41492 0.02332
0.41653 0.02345
0.41812 0.02361
0.41971 0.02377
0.42129 0.02396
0.42286 0.02416
0.42443 0.02437
0.42598 0.02461
0.42753 0.024860
0.42907 0.02512
0.43059 0.02541
0.43211 0.02572
0.43362 0.02604
0.43512 0.02638
0.43661 0.02675
0.43809 0.027130
0.43955 0.02754
0.44101 0.02796
0.44246 0.02841
0.4439 0.02887
0.44533 0.02935
0.44675 0.02984
0.44817 0.03035
0.44957 0.03087
0.45097 0.03142
0.45235 0.03199
0.45372 0.03259
0.45508 0.03321
0.45642 0.03385
0.45776 0.03452
0.45908 0.035220
0.46038 0.03593
0.46168 0.03667
0.46296 0.037440
0.46423 0.03823
0.46549 0.03905
0.46674 0.03989
0.467960 0.04077
0.46918 0.04167
0.47038 0.0426
0.47157 0.043550
0.47274 0.04454
0.47389 0.04556
0.47503 0.04661
0.47615 0.0477
0.47725 0.048820
0.47834 0.049980
0.4794 0.05117
0.48045 0.05239
0.48149 0.05364
0.48251 0.05492
0.48352 0.05623
0.48451 0.05757
0.48549 0.05893
0.486460 0.06032
0.48741 0.061730
0.48835 0.06317
0.48928 0.06463
0.49019 0.06614
0.491070 0.06769
0.491930 0.0693
0.49275 0.07095
0.49352 0.07257
0.49421 0.074090
0.49479 0.07541
0.49525 0.07647
0.49556 0.07718
0.49573 0.0775
-Inserting Flap Ga2-
0.61442 0.20049
0.61442 0.20007
0.61441 0.19924
0.61439 0.1980
0.61435 0.196450
0.61428 0.19468
0.61417 0.192780
0.614000 0.19085
0.61377 0.18897
0.61348 0.18715
0.61314 0.18538
0.61276 0.18365
0.61235 0.18196
0.61191 0.18029
0.61145 0.17864
0.61096 0.17702
0.61045 0.17542
0.60992 0.17384
0.609380 0.17227
0.608810 0.17073
0.60823 0.1692
0.60764 0.16769
0.60702 0.16619
0.6064 0.16471
0.60575 0.16325
0.60509 0.1618
0.60442 0.16036
0.60372 0.15895
0.60301 0.15755
0.60229 0.15617
0.60154 0.1548
0.60079 0.15344
0.600030 0.15209
0.59926 0.15075
0.59849 0.14942
0.59770 0.1481
0.59690 0.14678
0.5961 0.14548
0.59527 0.1442
0.59444 0.14293
0.59359 0.14167
0.59272 0.14042
0.59185 0.13919
0.59096 0.13796
0.59006 0.13675
0.58915 0.13555
0.58823 0.13436
0.58731 0.13318
0.58637 0.13201
0.58542 0.13085
0.58446 0.1297
0.58348 0.12857
0.5825 0.12744
0.5815 0.12633
0.5805 0.12523
0.57947 0.12414
0.5784400 0.12307
0.57739 0.122
0.57633 0.12095
0.57526 0.11992
0.57417 0.11889
0.57307 0.11789
0.57196 0.116890
0.57083 0.11591
0.56969 0.11494
0.56854 0.11398
0.56738 0.11304
0.5662 0.1121
0.56502 0.11118
0.563820 0.110260
0.56261 0.10937
0.56138 0.10849
0.56013 0.10763
0.55886 0.10679
0.55756 0.10598
0.55623 0.1052
0.55488 0.10444
0.55351 0.1037
0.55212 0.10299
0.55069 0.1023
0.54924 0.10165
0.54775 0.10103
0.54621 0.10045
0.54464 0.09992
0.54302 0.09943
0.541360 0.09898
0.53965 0.09858
0.53791 0.09821
0.53613 0.09789
0.53428 0.09762
0.53236 0.09744
0.530330 0.09735
0.52818 0.09739
0.52591 0.09757
0.523580 0.097890
0.52129 0.09834
0.51912 0.09892
0.51717 0.09962
0.51551 0.10043
0.51322 0.10231
0.512640 0.10331
0.512470 0.10431
0.51274 0.1053
0.51337 0.10626
0.51428 0.10719
0.5154 0.10808
0.516630 0.10894
0.51793 0.10976
0.51926 0.11054
0.520630 0.1112700
0.52203 0.1119800
0.52347 0.11265
0.52494 0.11329
0.52643 0.11391
0.52795 0.1145
0.52949 0.11507
0.53104 0.11563
0.53261 0.11617
0.53418 0.11671
0.53576 0.11724
0.53734 0.11777
0.53891 0.1183
0.54049 0.11883
0.54206 0.11937
0.543620 0.11992
0.54518 0.120470
0.54673 0.12103
0.54826 0.1216
0.54979 0.12218
0.551310 0.12278
0.55282 0.123380
0.55431 0.12399
0.55579 0.12462
0.557270 0.12526
0.558730 0.125910
0.56017 0.12657
0.56161 0.12724
0.56303 0.12793
0.56443 0.12864
0.56583 0.12935
0.56721 0.13008
0.56857 0.13083
0.56992 0.13159
0.57125 0.13236
0.57257 0.13315
0.57388 0.133960
0.57516 0.13478
0.57643 0.13562
0.57769 0.13647
0.57893 0.13734
0.580150 0.13823
0.58137 0.13912
0.58257 0.14003
0.58376 0.140950
0.58493 0.14188
0.5860900 0.14284
0.58723 0.14381
0.58835 0.1448
0.58945 0.145810
0.59052 0.146840
0.59159 0.14788
0.59263 0.14895
0.59365 0.15004
0.59465 0.15114
0.59564 0.15227
0.5966 0.15341
0.59754 0.15458
0.59847 0.15577
0.599370 0.15698
0.60024 0.158210
0.6011 0.159460
0.60193 0.16074
0.60274 0.16204
0.60352 0.16337
0.60428 0.16472
0.60501 0.16610
0.60571 0.167510
0.60638 0.168940
0.60703 0.1704
0.60765 0.17189
0.60825 0.1734
0.60882 0.174940
0.60938 0.17649
0.60991 0.17807
0.61042 0.17967
0.61091 0.18129
0.611380 0.18292
0.611840 0.18458
0.612260 0.18626
0.61266 0.18798
0.61302 0.18973
0.61334 0.19152
0.61361 0.19334
0.61384 0.195120
0.61403 0.19678
0.61417 0.19822
0.614280 0.19936
0.61435 0.20013
0.61442 0.20049
*.*.Setup: Ga2.txt as Flap 1, Inverted: y, Scale = 1.0, AoA = 2.0, Reposition from (0,0) = (0, 0)*.*.
*.*.Setup: Ga2.txt as Flap 2, Inverted: y, Scale = 0.4, AoA = 27.0, Reposition from previous T.E. = (0.04, 0.07), Reposition from (0,0) = (1.0411, 0.0558)*.*.
*.*.Setup: Ga2.txt as Flap 3, Inverted: y, Scale = 0.4, AoA = 45.0, Reposition from previous T.E. = (0.04, 0.08), Reposition from (0,0) = (1.4464, 0.2999)*.*.
*.*.Setup: Scale Ratio = 0.35247*.*.