0.34809 0.05513
0.34614 0.052980
0.34331 0.04984
0.33995 0.04672
0.33586 0.04366
0.33085 0.04047
0.32479 0.03702
0.31761 0.03327
0.30942 0.029290
0.30044 0.02518
0.2909 0.02104
0.28104 0.01693
0.27101 0.01294
0.2609 0.00909
0.25076 0.00541
0.24058 0.00192
0.23033 -0.0014
0.21998 -0.00456
0.20946 -0.00759
0.19874 -0.01051
0.18778 -0.01337
0.17659 -0.01619
0.16522 -0.01899
0.15379 -0.02178
0.14244 -0.0245
0.13135 -0.02712
0.12067 -0.029540
0.11059 -0.03167
0.10122 -0.03343
0.0925 -0.03474
0.08431 -0.03559
0.07653 -0.03598
0.06908 -0.03593
0.06191 -0.035430
0.05498 -0.0345
0.04831 -0.03316
0.0419 -0.03142
0.03581 -0.02933
0.03013 -0.02697
0.02495 -0.02445
0.02037 -0.021890
0.016440 -0.01941
0.01314 -0.01707
0.01040 -0.01487
0.00813 -0.01281
0.006260 -0.010880
0.0047 -0.00908
0.00342 -0.00739
0.00237 -0.0058
0.00152 -0.004300
0.00086 -0.00287
0.00036 -0.001510
0.000086 -0.00021
-0.00012 0.00106000
0.000005 0.00233
0.00055 0.003510
0.00153 0.00445
0.00282 0.00516
0.00434 0.00573
0.00609 0.006220
0.00812 0.00668
0.0105 0.00714
0.01335 0.0076
0.01683 0.00807
0.02118 0.00858
0.0267 0.00913
0.03367 0.00971
0.04206 0.01028
0.05148 0.01072
0.061640 0.01098
0.072440 0.01107
0.08378 0.01104
0.09550 0.01096
0.10738 0.01087
0.11923 0.01078
0.13094 0.01074
0.142470 0.01076
0.1538 0.01087
0.16494 0.011110
0.175890 0.01148
0.18668 0.01202
0.19731 0.01273
0.20781 0.01364
0.2181900 0.01475
0.22846 0.01608
0.23864 0.01763
0.24873 0.01941
0.258740 0.02141
0.26867 0.02365
0.27849 0.02611
0.28816 0.02879
0.2976 0.03166
0.30667 0.03467
0.31516 0.03776
0.32285 0.04084
0.32957 0.04383
0.33528 0.0467
0.34007 0.04945
0.34406 0.05207
0.34809 0.05513
-Inserting Flap s1223rtl-
0.5078 0.16485
0.50716 0.16354
0.50623 0.16164
0.50504 0.15968
0.5035 0.15765
0.50153 0.15542
0.49909 0.15293
0.49616 0.15014
0.49277 0.1471
0.48902 0.14388
0.48501 0.140580
0.48083 0.13725
0.47656 0.13394
0.47223 0.1307
0.46787 0.12754
0.46346 0.12445
0.45899 0.12145
0.45445 0.1185
0.44981 0.1156
0.44506 0.11271
0.44019 0.10983
0.43520 0.10693
0.43012 0.10402
0.42501 0.1011
0.41993 0.09823
0.41496 0.09544
0.41016 0.092810
0.40561 0.09039
0.40135 0.08826
0.39734 0.086430
0.393520 0.08489
0.38984 0.083630
0.38625 0.08263
0.38273 0.08188
0.37927 0.08137
0.37588 0.0811
0.37256 0.081050
0.36935 0.08121
0.36629 0.08156
0.36345 0.08206
0.3609 0.08266
0.35867 0.08331
0.35676 0.0839800
0.35514 0.08466
0.35376 0.08534
0.3526 0.08601
0.3516 0.086660
0.35076 0.08729
0.35003 0.08791
0.34942 0.08852
0.3489 0.08911
0.34847 0.0897
0.34813 0.090280
0.34789 0.090870
0.34777 0.0915
0.34787 0.09214
0.34821 0.09273
0.34874 0.09324
0.34939 0.09373
0.35016 0.09421
0.351070 0.09471
0.35216 0.09525
0.35346 0.09587
0.35507 0.09658
0.35709 0.09742
0.35967 0.09844
0.36294 0.09968
0.36689 0.10111
0.37136 0.10262
0.3762 0.10415
0.38138 0.105680
0.38684 0.10723
0.39248 0.108810
0.3982 0.1104
0.40391 0.11199
0.409550 0.11358
0.41508 0.11518
0.42051 0.1168
0.42583 0.11844
0.43105 0.12013
0.436160 0.12188
0.44117 0.12369
0.44609 0.12557
0.45093 0.127540
0.45568 0.12959
0.46036 0.13174
0.464960 0.13398
0.4695 0.13633
0.47396 0.138770
0.47834 0.14131
0.48262 0.14393
0.48676 0.14661
0.49071 0.14931
0.49436 0.15196
0.497640 0.1545
0.50045 0.156860
0.5028 0.159030
0.50473 0.16101
0.50628 0.16282
0.5078 0.16485
-Inserting Flap s1223rtl-
0.64648 0.29962
0.64624 0.29818
0.6459 0.296090
0.64533 0.29388
0.64443 0.29149
0.64318 0.288790
0.64156 0.2857
0.63955 0.28219
0.637180 0.2783
0.63451 0.274150
0.63161 0.26983
0.62857 0.26544
0.6254200 0.26105
0.62221 0.2567
0.61893 0.25242
0.61559 0.2482
0.61217 0.24404
0.608670 0.23992
0.60506 0.2358
0.60133 0.23168
0.59749 0.227520
0.59354 0.22331
0.58951 0.219060
0.58545 0.21481
0.58141 0.2106
0.57745 0.2065
0.57361 0.2026
0.56994 0.19898
0.56647 0.19571
0.563160 0.19281
0.55994 0.19024
0.55677 0.18798
0.55362 0.18599
0.55046 0.18426
0.5473 0.18279
0.54413 0.18155
0.54096 0.18055
0.53784 0.17979
0.53481 0.17925
0.53194 0.17891
0.52933 0.17875
0.52701 0.17874
0.52498 0.17883
0.52323 0.17902
0.52172 0.17927
0.52042 0.17958
0.51928 0.1799200
0.51828 0.18028
0.517410 0.18067
0.51665 0.18107
0.51598 0.18149
0.51540 0.18193
0.514910 0.18239
0.51451 0.18288
0.51422 0.18345
0.51413 0.18409
0.51429 0.18476
0.514640 0.1854
0.51513 0.186050
0.51573 0.18673
0.51646 0.18747
0.51734 0.188310
0.51841 0.18927
0.51975 0.19041
0.52144 0.1918
0.52362 0.19352
0.5264 0.19564
0.52977 0.19814
0.53362 0.20088
0.53782 0.203730
0.54235 0.20667
0.54713 0.20973
0.55208 0.21286
0.55711 0.21602
0.56212 0.21918
0.56706 0.22233
0.57191 0.22544
0.57665 0.2285500
0.58127 0.23165
0.585780 0.23477
0.590180 0.23791
0.59446 0.24108
0.59863 0.24429
0.6027 0.24756
0.60667 0.25089
0.61053 0.254290
0.6143 0.25776
0.61797 0.26131
0.62155 0.26493
0.62502 0.26862
0.62836 0.27235
0.63156 0.27611
0.634570 0.279830
0.63731 0.28342
0.63972 0.28679
0.64174 0.28986
0.64337 0.29261
0.644640 0.295060
0.64561 0.29724
0.64648 0.29962
*.*.Setup: s1223rtl.txt as Flap 1, Inverted: y, Scale = 1.0, AoA = 9.0, Reposition from (0,0) = (0, 0)*.*.
*.*.Setup: s1223rtl.txt as Flap 2, Inverted: y, Scale = 0.5, AoA = 25.0, Reposition from previous T.E. = (0.0, 0.1), Reposition from (0,0) = (0.9877, 0.2564)*.*.
*.*.Setup: s1223rtl.txt as Flap 3, Inverted: y, Scale = 0.5, AoA = 41.666666666666664, Reposition from previous T.E. = (0.02, 0.05), Reposition from (0,0) = (1.4608, 0.5177)*.*.
*.*.Setup: Scale Ratio = 0.35243*.*.