0.36525 -0.005180
0.36451 -0.00599
0.36302 -0.00754
0.360810 -0.009840
0.358 -0.01271
0.35474 -0.01594
0.35117 -0.01934
0.34746 -0.0227
0.3437 -0.02585
0.33994 -0.02878
0.336180 -0.03153
0.33241 -0.03413
0.32863 -0.03661
0.32485 -0.03899
0.32107 -0.04129
0.31729 -0.0435
0.3135 -0.04564
0.30971 -0.04770
0.305920 -0.0497
0.302120 -0.05162
0.29833 -0.05349
0.29453 -0.0553
0.29073 -0.05705
0.28692 -0.05875
0.28312 -0.06039
0.27931 -0.06197
0.2755 -0.06349
0.27169 -0.06494
0.26788 -0.06633
0.26407 -0.067660
0.26025 -0.06894
0.256430 -0.07018
0.25261 -0.07139
0.24879 -0.07258
0.24497 -0.07373
0.24115 -0.07485
0.23732 -0.07593
0.23350 -0.07696
0.22967 -0.07794
0.22584 -0.07887
0.22201 -0.07975
0.21817 -0.080590
0.21434 -0.08138
0.2105 -0.0821300
0.20667 -0.08283
0.20283 -0.0835
0.19899 -0.08413
0.19515 -0.08472
0.19131 -0.08528
0.18746 -0.0858
0.18362 -0.08628
0.17977 -0.08672
0.17592 -0.08711
0.17207 -0.08746
0.16822 -0.08776
0.16437 -0.08801
0.16051 -0.08822
0.15666 -0.08838
0.1528 -0.0885
0.14894 -0.08857
0.14508 -0.08859
0.14122 -0.08856
0.13735 -0.08848
0.13349 -0.08835
0.12962 -0.088170
0.12575 -0.08794
0.12188 -0.08768
0.118 -0.08738
0.11413 -0.087040
0.11026 -0.08666
0.106380 -0.08622
0.1025 -0.08571
0.09862 -0.08513
0.09473 -0.08446
0.090840 -0.0837
0.08695 -0.08285
0.08306 -0.08191
0.07916 -0.08089
0.07526 -0.07977
0.07135 -0.07856
0.06745 -0.077220
0.06353 -0.07576
0.05962 -0.07414
0.05569 -0.07237
0.05176 -0.07044
0.04783 -0.06835
0.04389 -0.06612
0.03994 -0.06374
0.03599 -0.0612
0.03203 -0.05845
0.02807 -0.0554
0.02409 -0.05198
0.02009 -0.04811
0.0161 -0.043760
0.01225 -0.03906
0.00871 -0.03416
0.005630 -0.02924
0.00317 -0.02447
0.00147 -0.01999
0.00043 -0.01240
0.0011 -0.00949
0.00257 -0.0073
0.00481 -0.0059
0.0077 -0.00519
0.01107 -0.00504
0.01476 -0.00532
0.01861 -0.00588
0.0225 -0.00661
0.026390 -0.00749
0.03029 -0.00851
0.03419 -0.00965
0.0381 -0.01092
0.04201 -0.0123
0.04592 -0.01377
0.04984 -0.01534
0.053760 -0.01697
0.05768 -0.018650
0.0616 -0.02038
0.065520 -0.02214
0.06945 -0.02392
0.07337 -0.025710
0.0773 -0.02749
0.081220 -0.02926
0.08514 -0.03101
0.08906 -0.03273
0.09298 -0.03443
0.09691 -0.0361
0.10082 -0.03774
0.10474 -0.03933
0.10866 -0.04089
0.11257 -0.04241
0.11649 -0.04389
0.1204 -0.04532
0.12431 -0.04671
0.12822 -0.04806
0.13212 -0.04935
0.13603 -0.05061
0.13993 -0.05181
0.14384 -0.05296
0.14774 -0.054070
0.151630 -0.05512
0.15553 -0.05612
0.15943 -0.05706
0.16332 -0.05795
0.1672100 -0.058780
0.1711 -0.059560
0.17499 -0.06027
0.17887 -0.06092
0.18275 -0.06152
0.18663 -0.06206
0.19051 -0.06255
0.19439 -0.063
0.198270 -0.0634
0.20214 -0.06376
0.20601 -0.06406
0.209880 -0.06430
0.21375 -0.06448
0.21762 -0.06458
0.22148 -0.06461
0.22534 -0.06457
0.2292 -0.06445
0.23305 -0.064270
0.23691 -0.06402
0.240760 -0.0637
0.2446 -0.06331
0.24845 -0.06284
0.2522900 -0.0623
0.25613 -0.06168
0.25997 -0.060970
0.2638 -0.06019
0.26764 -0.05932
0.27146 -0.05837
0.27529 -0.05733
0.279110 -0.0562
0.28293 -0.05498
0.28675 -0.05366
0.29056 -0.05224
0.29437 -0.05072
0.29817 -0.04909
0.30197 -0.04737
0.30577 -0.045570
0.30957 -0.043680
0.31336 -0.04171
0.31715 -0.03966
0.32094 -0.03754
0.32473 -0.03535
0.32851 -0.033080
0.33229 -0.03074
0.33607 -0.02831
0.33984 -0.02576
0.34361 -0.023090
0.34737 -0.02026
0.3511 -0.0173
0.35468 -0.01433
0.35796 -0.01153
0.36078 -0.00906
0.363 -0.00708
0.3645 -0.00576
0.36525 -0.005180
-Inserting Flap Ga2-
0.48855 0.09881
0.48849 0.098370
0.48836 0.09752
0.488160 0.09626
0.4879 0.0946800
0.48758 0.09287
0.48719 0.09094
0.48674 0.08899
0.48623 0.087090
0.48567 0.085270
0.48507 0.0835
0.48443 0.08179
0.483760 0.08011
0.48307 0.07846
0.48236 0.07684
0.48163 0.07525
0.48088 0.07368
0.48011 0.072130
0.479320 0.07061
0.47852 0.06911
0.477710 0.067620
0.47688 0.06616
0.47603 0.06472
0.47518 0.06329
0.47431 0.06188
0.47342 0.06049
0.47252 0.05911
0.47161 0.05776
0.470680 0.05643
0.46973 0.055120
0.46877 0.05383
0.4678100 0.05254
0.466830 0.05127
0.46585 0.05001
0.46487 0.04875
0.46387 0.04751
0.46286 0.04628
0.46185 0.04506
0.46082 0.043860
0.45978 0.04268
0.45872 0.04151
0.45766 0.04036
0.45659 0.03922
0.4555 0.03809
0.45441 0.03698
0.4533 0.03588
0.45219 0.03479
0.45106 0.03372
0.44993 0.03265
0.44879 0.0316
0.44764 0.030560
0.44648 0.02954
0.44531 0.02853
0.44413 0.02753
0.44294 0.02655
0.44173 0.02558
0.44052 0.02463
0.43929 0.02369
0.43806 0.02277
0.43681 0.02186
0.43555 0.02097
0.43427 0.02009
0.43299 0.01923
0.43169 0.01839
0.43038 0.017560
0.42906 0.01674
0.42773 0.01594
0.4264 0.01515
0.42505 0.01437
0.42369 0.0136100
0.42232 0.01286
0.42093 0.01214
0.41953 0.01144
0.4181 0.01077
0.41665 0.010120
0.415180 0.00951
0.41369 0.00892
0.41218 0.00836
0.41065 0.00783
0.40909 0.00734
0.4075 0.00688
0.405880 0.00646
0.40423 0.00609
0.40254 0.00577
0.40081 0.00550
0.39904 0.00528
0.39723 0.005110
0.39539 0.00499
0.39352 0.00491
0.39159 0.00491
0.38959 0.00499
0.38750 0.0052
0.3853 0.00555
0.383 0.00606
0.38066 0.00672
0.37838 0.00751
0.37624 0.00842
0.37434 0.00942
0.37275 0.01049
0.370670 0.01274
0.37022 0.01385
0.3702 0.01491
0.37061 0.01588
0.37140 0.01677
0.37247 0.01759
0.37374 0.01835
0.37513 0.01905
0.37657 0.0197
0.37805 0.020310
0.37956 0.02087
0.38110 0.02139
0.38267 0.02187
0.38427 0.02232
0.38589 0.02273
0.38753 0.02312
0.389190 0.02348
0.39086 0.02383
0.39254 0.02416
0.39423 0.02448
0.39593 0.0248
0.39762 0.02512
0.39932 0.02543
0.40101 0.02575
0.4027 0.02608
0.40438 0.0264100
0.40605 0.026760
0.40772 0.02711
0.40938 0.02747
0.41103 0.02785
0.41267 0.02824
0.41430 0.02864
0.41592 0.02905
0.41753 0.0294800
0.41913 0.02992
0.420720 0.03038
0.4223 0.03085
0.423870 0.03133
0.42542 0.03184
0.42696 0.03235
0.42850 0.03289
0.43001 0.03344
0.431520 0.034
0.43301 0.03459
0.43449 0.03519
0.43596 0.03581
0.43741 0.03645
0.43885 0.0371100
0.44027 0.03778
0.44168 0.03848
0.443080 0.03919
0.44446 0.03992
0.44583 0.04066
0.44719 0.04142
0.44855 0.04219
0.44988 0.04298
0.4512100 0.04379
0.45251 0.04462
0.4538 0.04547
0.45508 0.04635
0.45633 0.04725
0.45757 0.04817
0.45879 0.04912
0.460 0.050080
0.46119 0.05107
0.46236 0.05208
0.46351 0.053120
0.46464 0.05418
0.46576 0.05526
0.46685 0.05637
0.46793 0.05751
0.46899 0.05867
0.47002 0.05986
0.47104 0.06108
0.472030 0.06233
0.473 0.0636
0.47395 0.06491
0.47487 0.066250
0.47577 0.06763
0.47665 0.06903
0.4775 0.070470
0.47833 0.07193
0.47914 0.07342
0.47993 0.07494
0.4807 0.07648
0.48146 0.07804
0.48219 0.07963
0.4829100 0.081240
0.48361 0.082870
0.48429 0.0845400
0.48495 0.08623
0.48557 0.08798
0.48615 0.08976
0.48669 0.09159
0.48719 0.09339
0.48762 0.09506
0.48797 0.09651
0.488250 0.09767
0.48844 0.09845
0.48855 0.09881
-Inserting Flap Ga2-
0.61141 0.21882
0.6114100 0.21838
0.6114 0.2175200
0.61138 0.21625
0.61134 0.21464
0.61127 0.21281
0.61116 0.21084
0.61098 0.20884
0.610740 0.2069
0.61045 0.20501
0.61009 0.20318
0.6097 0.20139
0.60927 0.19964
0.60882 0.197910
0.60834 0.19621
0.60783 0.19453
0.60731 0.19287
0.60676 0.19123
0.6062 0.18961
0.60561 0.18802
0.60501 0.18643
0.60439 0.18487
0.60376 0.18332
0.60311 0.18179
0.60244 0.18027
0.60176 0.17877
0.60106 0.17728
0.60034 0.17582
0.59961 0.17437
0.59885 0.172940
0.59809 0.17153
0.59731 0.17012
0.59652 0.16873
0.59573 0.16734
0.59492 0.16596
0.59411 0.16459
0.59328 0.16323
0.59245 0.16188
0.59159 0.16055
0.59073 0.15923
0.58985 0.15793
0.58896 0.15664
0.58805 0.15536
0.58713 0.1541
0.5862 0.15284
0.58526 0.1516
0.58431 0.15037
0.58335 0.14915
0.58238 0.147940
0.581390 0.14674
0.5804 0.145550
0.57939 0.14437
0.57837 0.143210
0.57734 0.14205
0.5763 0.14092
0.57524 0.13979
0.57417 0.13868
0.57309 0.13758
0.57199 0.13649
0.57088 0.13542
0.56975 0.13436
0.56862 0.13332
0.56746 0.13229
0.5663 0.131270
0.56512 0.13027
0.56392 0.12928
0.56272 0.1283
0.5615 0.12733
0.56028 0.12637
0.55904 0.12543
0.55779 0.1245
0.556510 0.12359
0.55522 0.1227
0.5539 0.121830
0.55255 0.121
0.55118 0.12018
0.54979 0.11939
0.54837 0.11863
0.54692 0.11789
0.54545 0.11718
0.54394 0.116510
0.5424 0.11587
0.54081 0.11527
0.53918 0.11472
0.5375 0.11421
0.53578 0.11375
0.53402 0.11333
0.53222 0.11295
0.53037 0.11261
0.52846 0.11234
0.52647 0.11215
0.52437 0.11206
0.52215 0.11210
0.51979 0.11229
0.51739 0.11262
0.51501 0.11308
0.51277 0.11368
0.51075 0.11441
0.50903 0.11525
0.50666 0.11719
0.50606 0.11822
0.50589 0.11927
0.50616 0.120290
0.50681 0.12128
0.50776 0.12224
0.50891 0.12317
0.51019 0.12406
0.51153 0.1249
0.512910 0.12571
0.51433 0.12647
0.51578 0.1272
0.51727 0.12790
0.51879 0.12856
0.52034 0.12920
0.52191 0.12981
0.5235 0.1304
0.52511 0.13098
0.52673 0.13154
0.528350 0.1321
0.52999 0.13265
0.53162 0.13319
0.53326 0.13374
0.53489 0.1343
0.53651 0.13485
0.53813 0.13542
0.53974 0.13599
0.54134 0.13657
0.54294 0.13716
0.54452 0.13777
0.54609 0.13838
0.54765 0.139
0.549190 0.13964
0.55073 0.14028
0.55225 0.14095
0.55376 0.14162
0.55526 0.1423
0.55675 0.143
0.55822 0.14372
0.55967 0.14444
0.56111 0.145180
0.56254 0.14594
0.56395 0.14671
0.56535 0.1475
0.56673 0.1483
0.5681 0.14912
0.56945 0.14995
0.57078 0.15080
0.572090 0.15167
0.57339 0.15256
0.57467 0.15346
0.57594 0.154370
0.5772 0.15530
0.57844 0.15624
0.579670 0.15719
0.58089 0.15816
0.58209 0.15914
0.58327 0.16015
0.58442 0.161170
0.585560 0.16222
0.58668 0.16328
0.58778 0.16437
0.58886 0.165470
0.58992 0.1666
0.59095 0.16774
0.59197 0.168910
0.59297 0.1700900
0.59395 0.1713
0.5949 0.17253
0.59583 0.173780
0.59674 0.17506
0.59762 0.17636
0.59848 0.17768
0.59932 0.17903
0.60013 0.1804
0.60091 0.1818
0.60167 0.18322
0.6024 0.18468
0.6031 0.18617
0.60377 0.18768
0.60441 0.18922
0.6050300 0.19078
0.60562 0.19237
0.606200 0.193980
0.606750 0.19561
0.60728 0.19727
0.60778 0.19894
0.60827 0.20064
0.60874 0.20235
0.60918 0.2041
0.60959 0.20587
0.60996 0.20768
0.61029 0.20953
0.610580 0.21142
0.610810 0.21326
0.611010 0.21498
0.61116 0.21647
0.61127 0.21765
0.61135 0.21845
0.61141 0.21882
*.*.Setup: Ga2.txt as Flap 1, Inverted: y, Scale = 1.0, AoA = 2.0, Reposition from (0,0) = (0, 0)*.*.
*.*.Setup: Ga2.txt as Flap 2, Inverted: y, Scale = 0.4, AoA = 37.0, Reposition from previous T.E. = (0.0067, 0.06), Reposition from (0,0) = (1.0078, 0.0458)*.*.
*.*.Setup: Ga2.txt as Flap 3, Inverted: y, Scale = 0.4, AoA = 45.0, Reposition from previous T.E. = (0.04, 0.06), Reposition from (0,0) = (1.3791, 0.3308)*.*.
*.*.Setup: Scale Ratio = 0.36485*.*.