0.36863 -0.03104
0.36783 -0.03180
0.36621 -0.03327
0.363810 -0.03543
0.36077 -0.03813
0.357250 -0.04117
0.35341 -0.04435
0.34942 -0.04748
0.34541 -0.05040
0.3414 -0.05309
0.3374 -0.05561
0.33341 -0.057970
0.32942 -0.06020
0.32543 -0.06234
0.32145 -0.06439
0.31747 -0.06636
0.31349 -0.06825
0.30952 -0.07007
0.30555 -0.07182
0.30158 -0.0735
0.29761 -0.07512
0.29364 -0.07667
0.28968 -0.07817
0.28572 -0.07962
0.28176 -0.08101
0.2778 -0.08233
0.27385 -0.0836
0.2699 -0.0848
0.26594 -0.08593
0.262 -0.08701
0.25805 -0.08804
0.2541 -0.08902
0.25016 -0.08997
0.24622 -0.0909
0.24227 -0.09179
0.23833 -0.09265
0.23439 -0.09347
0.23046 -0.09424
0.22652 -0.09496
0.22259 -0.09563
0.21865 -0.09625
0.21472 -0.09683
0.21079 -0.09736
0.20686 -0.09784
0.20294 -0.09828
0.19901 -0.098690
0.195090 -0.09905
0.19117 -0.09938
0.18725 -0.09967
0.18333 -0.09992
0.17941 -0.10014
0.17549 -0.10031
0.17157 -0.10043
0.16766 -0.100510
0.16375 -0.10055
0.15984 -0.10053
0.15593 -0.10047
0.15202 -0.10036
0.14812 -0.1002
0.14421 -0.1
0.14031 -0.09975
0.13641 -0.09944
0.13251 -0.09909
0.12862 -0.09868
0.12472 -0.09823
0.12083 -0.09773
0.11693 -0.09719
0.11304 -0.09661
0.10915 -0.0959900
0.10527 -0.09533
0.10138 -0.09462
0.0975 -0.09383
0.09362 -0.09297
0.08974 -0.09202
0.08586 -0.09097
0.08199 -0.08984
0.07812 -0.088620
0.07426 -0.08731
0.0704 -0.08591
0.06654 -0.0844
0.06268 -0.082780
0.05883 -0.08102
0.05499 -0.07912
0.05115 -0.07705
0.047320 -0.07482
0.04349 -0.07243
0.03967 -0.0699
0.03585 -0.06721
0.03204 -0.06437
0.02823 -0.06131
0.02444 -0.057950
0.02066 -0.05422
0.0169 -0.05003
0.01317 -0.04535
0.00962 -0.040320
0.00639 -0.03513
0.00362 -0.02994
0.00148 -0.02494
7e-05 -0.0203
-0.00044 -0.012560
0.00044 -0.00966
0.00208 -0.00755
0.00445 -0.0063
0.00741 -0.00579
0.01082 -0.00587
0.01453 -0.00641
0.01839 -0.00725
0.02226 -0.008270
0.02614 -0.00943
0.03 -0.01073
0.03386 -0.01217
0.03772 -0.01372
0.04157 -0.01539
0.04542 -0.01716
0.04927 -0.01901
0.05311 -0.020940
0.05695 -0.02292
0.06079 -0.02494
0.06463 -0.027
0.06847 -0.02907
0.07231 -0.03115
0.07615 -0.033230
0.07999 -0.0353
0.08383 -0.03734
0.08767 -0.03936
0.09151 -0.04136
0.09535 -0.04332
0.09919 -0.04525
0.10304 -0.04714
0.10688 -0.04899
0.11073 -0.0508
0.11458 -0.05257
0.11843 -0.05429
0.12228 -0.05597
0.12614 -0.05761
0.12999 -0.05919
0.13385 -0.06073
0.13771 -0.062230
0.14157 -0.06367
0.14543 -0.06506
0.1493 -0.0664
0.15316 -0.06768
0.15703 -0.06891
0.1609 -0.07008
0.16477 -0.0712
0.16865 -0.07226
0.172520 -0.07325
0.1764 -0.07419
0.18028 -0.07506
0.18416 -0.075880
0.18805 -0.07665
0.19193 -0.07738
0.19582 -0.07806
0.19971 -0.0787
0.2036 -0.07927
0.20749 -0.07979
0.21139 -0.08024
0.21529 -0.08062
0.21919 -0.08092
0.22309 -0.081150
0.227 -0.08131
0.2309 -0.08139
0.23481 -0.081410
0.23873 -0.0813600
0.242640 -0.08124
0.24656 -0.081040
0.25048 -0.08076
0.2544 -0.0804
0.25833 -0.07997
0.26226 -0.07944
0.26619 -0.07884
0.27013 -0.07815
0.27407 -0.07737
0.27801 -0.0765
0.28195 -0.07553
0.2859 -0.07447
0.28985 -0.0733
0.29381 -0.07203
0.29777 -0.07066
0.3017300 -0.06919
0.30569 -0.06764
0.30966 -0.06599
0.31363 -0.06427
0.31761 -0.06247
0.32158 -0.0606
0.32556 -0.05865
0.329540 -0.05663
0.33353 -0.05453
0.33752 -0.05234
0.34151 -0.05003
0.3455 -0.0476
0.3495 -0.04501
0.35348 -0.04228
0.35731 -0.03953
0.36082 -0.03693
0.36384 -0.03464
0.36623 -0.0328
0.36783 -0.03156
0.36863 -0.03104
-Inserting Flap Ga2-
0.4935 0.077970
0.49344 0.07753
0.49331 0.07667
0.49311 0.07539
0.49285 0.07379
0.49252 0.07196
0.49212 0.07
0.49167 0.06802
0.49116 0.06611
0.49059 0.06426
0.48998 0.06247
0.48933 0.06073
0.4886500 0.059030
0.48795 0.05737
0.48723 0.05573
0.48649 0.05411
0.48573 0.05252
0.48495 0.05096
0.484160 0.04941
0.48335 0.04789
0.4825200 0.04639
0.48168 0.04491
0.48083 0.04344
0.47996 0.042
0.47908 0.04057
0.47818 0.03916
0.47727 0.03777
0.47634 0.0364
0.47540 0.03506
0.47444 0.03373
0.47348 0.032420
0.47250 0.03112
0.4715100 0.02983
0.47052 0.02855
0.46952 0.02728
0.46851 0.02602
0.46749 0.02477
0.46646 0.02354
0.46542 0.02233
0.46436 0.02113
0.4633 0.01994
0.46222 0.01878
0.46113 0.01762
0.46003 0.01648
0.45892 0.015360
0.45781 0.01424
0.45668 0.01314
0.45554 0.012050
0.45439 0.01098
0.45324 0.009910
0.45208 0.00886
0.4509 0.00782
0.44972 0.00679
0.44852 0.00578
0.44731 0.004790
0.44609 0.00381
0.44486 0.00284
0.44362 0.00189
0.44237 0.00096
0.4411 4e-050
0.43982 -0.00086
0.43853 -0.00175
0.43723 -0.00262
0.43592 -0.00348
0.43459 -0.00432
0.43326 -0.00514
0.43191 -0.00595
0.43056 -0.00675
0.42919 -0.00754
0.42782 -0.00831
0.42643 -0.00907
0.42503 -0.00980
0.4236 -0.01051
0.42216 -0.01119
0.42069 -0.01184
0.41920 -0.01246
0.41769 -0.01306
0.41616 -0.01362
0.41461 -0.01416
0.41303 -0.01466
0.41142 -0.01513
0.409780 -0.01555
0.40811 -0.01593
0.40639 -0.01625
0.40464 -0.01652
0.40285 -0.016750
0.40102 -0.01692
0.39916 -0.01705
0.39726 -0.01712
0.39531 -0.01713
0.39328 -0.01704
0.391170 -0.01683
0.38894 -0.01647
0.38661 -0.01596
0.38424 -0.01529
0.38193 -0.01449
0.37976 -0.01357
0.37784 -0.01256
0.37623 -0.011470
0.374120 -0.00919
0.37367 -0.00807
0.37365 -0.007
0.37407 -0.00601
0.374860 -0.00511
0.37594 -0.00428
0.37723 -0.00351
0.37864 -0.0028
0.3801 -0.00214
0.3816 -0.00153
0.38313 -0.00096
0.384690 -0.00043
0.38628 5e-05
0.38789 0.0005
0.38954 0.00092
0.3912 0.00132
0.392880 0.00168
0.39457 0.00204
0.39627 0.00237
0.39799 0.0027
0.3997 0.00302
0.40142 0.00334
0.40313 0.003660
0.40485 0.00399
0.40656 0.00432
0.40826 0.00466
0.40995 0.005
0.41164 0.00536
0.41332 0.00573
0.41499 0.00611
0.41666 0.0065
0.418310 0.00691
0.41995 0.00733
0.42158 0.00776
0.4232 0.00821
0.424810 0.00867
0.42641 0.00915
0.4280 0.00964
0.42957 0.01015
0.43113 0.01067
0.432680 0.01121
0.43422 0.01177
0.435750 0.01234
0.43726 0.01293
0.43876 0.01354
0.44024 0.01417
0.44171 0.01482
0.44317 0.01548
0.44461 0.01617
0.44604 0.01687
0.447450 0.01759
0.44885 0.01833
0.45024 0.01909
0.45162 0.01985
0.45299 0.02063
0.45434 0.02143
0.455690 0.02225
0.45701 0.02309
0.45832 0.02396
0.4596 0.02485
0.46087 0.02576
0.46213 0.02669
0.46337 0.02765
0.464590 0.02863
0.46579 0.029630
0.46698 0.03065
0.46814 0.0317
0.46929 0.03277
0.47042 0.03387
0.47153 0.035
0.47262 0.03615
0.47369 0.03732
0.47474 0.03853
0.47577 0.03976
0.476780 0.04103
0.47776 0.04232
0.47872 0.04364
0.47965 0.045
0.48056 0.04639
0.48145 0.04782
0.48231 0.04927
0.48315 0.05075
0.48397 0.05226
0.48477 0.053790
0.48556 0.055350
0.48632 0.05694
0.48707 0.05855
0.487790 0.06018
0.4885 0.06183
0.48919 0.06352
0.48985 0.06524
0.49048 0.0670
0.49107 0.06881
0.49162 0.07066
0.49212 0.07248
0.49256 0.07417
0.49292 0.07565
0.493200 0.07682
0.49339 0.07761
0.4935 0.077970
-Inserting Flap Ga2-
0.59945 0.2069
0.599450 0.20646
0.599440 0.20559
0.59942 0.2043
0.59938 0.20267
0.59931 0.20081
0.59919 0.19882
0.59902 0.1968
0.59878 0.19483
0.59848 0.19292
0.59812 0.19106
0.59772 0.18925
0.59729 0.18748
0.59683 0.18573
0.59634 0.184
0.59583 0.1823
0.5953 0.18062
0.59475 0.17896
0.59417 0.177320
0.59358 0.1757
0.59297 0.17410
0.59235 0.1725200
0.5917 0.17095
0.59105 0.16939
0.59037 0.16786
0.58968 0.16634
0.58897 0.16484
0.58824 0.16335
0.5875 0.16189
0.58674 0.16044
0.58596 0.159
0.58517 0.15758
0.58437 0.15617
0.58357 0.15476
0.58275 0.15336
0.58193 0.15198
0.5811 0.1506
0.58025 0.1492400
0.57938 0.14789
0.57851 0.14656
0.57762 0.145240
0.57671 0.14393
0.57579 0.14264
0.574870 0.14136
0.57392 0.14009
0.57297 0.13883
0.57201 0.13758
0.57103 0.13634000
0.57005 0.13512
0.569050 0.13390
0.56805 0.1327
0.56703 0.1315
0.566 0.13032
0.56495 0.12916
0.56389 0.128
0.56282 0.12686
0.56174 0.12574
0.56064 0.12462
0.55953 0.12352
0.5584 0.12244
0.55727 0.12137
0.55611 0.12031
0.55495 0.11926
0.55376 0.11823
0.55257 0.11722
0.55136 0.11622
0.55014 0.11523
0.54891 0.11424
0.54767 0.11327
0.54642 0.11232
0.54515 0.11138
0.5438600 0.11045
0.54255 0.10955
0.54121 0.10868
0.53985 0.10783
0.53846 0.10701
0.53705 0.10621
0.53561 0.10544
0.53415 0.10469
0.53265 0.10397
0.53113 0.10328
0.52956 0.102640
0.52796 0.10203
0.5263 0.10147
0.52461 0.10096
0.52286 0.10049
0.52108 0.100070
0.51925 0.099680
0.51738 0.09934
0.51545 0.09906
0.51343 0.09887
0.51131 0.09878
0.50905 0.09883
0.50667 0.09901
0.50423 0.09934
0.50183 0.09982
0.49956 0.10042
0.49751 0.10116
0.49577 0.10201
0.49336 0.1039800
0.49276 0.10502
0.49259 0.10608
0.49287 0.10711
0.493520 0.10812
0.49448 0.10909
0.49565 0.11003
0.49695 0.11093
0.4983 0.11179
0.49970 0.1126
0.50113 0.11338
0.50261 0.11412
0.50411 0.11482
0.50565 0.115490
0.50722 0.11614
0.50881 0.11676
0.51042 0.117350
0.51205 0.11794
0.51369 0.11851
0.515340 0.11907
0.51699 0.11963
0.51865 0.12018
0.5203 0.12074
0.52196 0.1213
0.5236 0.12187
0.52524 0.12244
0.52687 0.12302
0.52849 0.123610
0.53011 0.124210
0.53171 0.12481
0.5333 0.12543
0.53488 0.12607
0.53645 0.12671
0.538 0.12737
0.53954 0.12803
0.54107 0.12872
0.54259 0.12941
0.54409 0.13012
0.54558 0.13084
0.54706 0.1315800
0.54852 0.13233
0.54996 0.13309
0.55139 0.13387
0.55281 0.134670
0.55421 0.13548
0.55559 0.13631
0.55695 0.13715
0.5583 0.13802
0.5596300 0.1389
0.56095 0.13979
0.56225 0.1407
0.56353 0.14163
0.56481 0.14257
0.56607 0.14352
0.567310 0.14449
0.56854 0.145470
0.56976 0.146460
0.57095 0.14748
0.57212 0.14852
0.573280 0.14958
0.57441 0.15066
0.57552 0.15176
0.57661 0.15287
0.577680 0.15401
0.57874 0.15517
0.57977 0.15635
0.58078 0.15755
0.58177 0.158770
0.58273 0.16002
0.58368 0.16129
0.5846 0.16258
0.58549 0.1639
0.58636 0.16523
0.58721 0.1666
0.58803 0.16799
0.58882 0.16941
0.58959 0.17085
0.59033 0.17233
0.59103 0.17383
0.59171 0.17536
0.59236 0.17692
0.592990 0.17851
0.59359 0.18012
0.594170 0.18175
0.594730 0.1834
0.59527 0.18507
0.59578 0.18677
0.59628 0.18849
0.59675 0.19023
0.5972 0.19199
0.59761 0.19379
0.59799 0.19562
0.59832 0.1975
0.598610 0.19941
0.598850 0.20127
0.599040 0.20301
0.5992 0.20452
0.59931 0.20572
0.59939 0.20653
0.59945 0.2069
*.*.Setup: Ga2.txt as Flap 1, Inverted: y, Scale = 1.0, AoA = -2.0, Reposition from (0,0) = (0, 0)*.*.
*.*.Setup: Ga2.txt as Flap 2, Inverted: y, Scale = 0.4, AoA = 37.0, Reposition from previous T.E. = (0.0067, 0.07), Reposition from (0,0) = (1.0043, -0.014)*.*.
*.*.Setup: Ga2.txt as Flap 3, Inverted: y, Scale = 0.4, AoA = 45.0, Reposition from previous T.E. = (-0.01, 0.08), Reposition from (0,0) = (1.3256, 0.291)*.*.
*.*.Setup: Scale Ratio = 0.36949*.*.