0.37761 0.00782
0.376870 0.00697
0.37538 0.00530
0.37318 0.002850
0.37038 -0.00021
0.36713 -0.003670
0.36357 -0.00731
0.35985 -0.01092
0.35609 -0.01431
0.35231 -0.01748
0.34852 -0.02045
0.34471 -0.02328
0.3409 -0.02597
0.33708 -0.02857
0.33326 -0.031080
0.32943 -0.0335
0.32559 -0.035840
0.321750 -0.03811
0.3179 -0.04031
0.31405 -0.04244
0.3102 -0.04451
0.306340 -0.04651
0.30247 -0.04846
0.2986 -0.05035
0.29473 -0.05218
0.29085 -0.053950
0.28697 -0.05566
0.28309 -0.0573
0.2792 -0.05887
0.2753 -0.06039
0.27141 -0.06185
0.2675 -0.06327
0.2636 -0.06466
0.2597 -0.06602000
0.25579 -0.06735
0.25188 -0.06864
0.24797 -0.06989
0.24405 -0.0711
0.240130 -0.07225
0.236210 -0.07335
0.23228 -0.0744
0.22835 -0.0754
0.22442 -0.076360
0.22048 -0.07727
0.21654 -0.07814
0.2126 -0.07896
0.20865 -0.07975
0.20471 -0.0805
0.20076 -0.08122
0.1968 -0.08189
0.19285 -0.08253
0.18889 -0.08312
0.184930 -0.08367
0.18096 -0.08416
0.17699 -0.08461
0.17302 -0.08502
0.16904 -0.08537
0.16507 -0.08568
0.16108 -0.08593
0.15710 -0.08614
0.15311 -0.0863
0.14912 -0.08641
0.14512 -0.08647
0.14112 -0.08647
0.13712 -0.08643
0.13311 -0.08633
0.1291 -0.0862
0.12509 -0.08603
0.12107 -0.08582
0.11706 -0.08556
0.113030 -0.08525
0.10901 -0.08487
0.10497 -0.08441
0.10094 -0.08385
0.09689 -0.08321
0.09284 -0.082470
0.08878 -0.08164
0.08472 -0.08072
0.080640 -0.07971
0.07657 -0.0786
0.07248 -0.07736
0.06838 -0.07599
0.06428 -0.07446
0.06016 -0.07277
0.05603 -0.07092
0.05189 -0.068910
0.04774 -0.06674
0.04357 -0.06442
0.0394 -0.0619400
0.035210 -0.05924
0.031 -0.05623
0.02676 -0.05284
0.02249 -0.04899
0.01822 -0.04464
0.01407 -0.039910
0.01023 -0.03498
0.00687 -0.03001
0.00416 -0.02517
0.00224 -0.02061
0.00089 -0.0128
0.00148 -0.009760
0.00292 -0.00745
0.00519 -0.00592
0.00814 -0.005090
0.01162 -0.004810
0.01544 -0.00496
0.01945 -0.0054
0.02349 -0.00602
0.02754 -0.00679
0.03161 -0.0077
0.03568 -0.008740
0.03976 -0.00991
0.04385 -0.01119
0.04795 -0.01258
0.05205 -0.014050
0.05616 -0.01559
0.06027 -0.01719
0.06439 -0.01884
0.0685 -0.02052
0.07262 -0.02221
0.07674 -0.02392
0.08086 -0.02562
0.08498 -0.0273
0.0891 -0.02897
0.09321 -0.03061
0.09733 -0.03222
0.10144 -0.03381
0.10554 -0.035350
0.109650 -0.03686
0.11375 -0.03833
0.11785 -0.0397600
0.12195 -0.04115
0.12604 -0.04249
0.13013 -0.04378
0.13422 -0.04503
0.13831 -0.04623
0.14239 -0.04738
0.14646 -0.048490
0.150540 -0.04954
0.154610 -0.05054
0.15867 -0.05148
0.16274 -0.052370
0.1668 -0.05321
0.17085 -0.053990
0.1749 -0.05471
0.178950 -0.05537
0.18299 -0.05597
0.18703 -0.0565
0.191060 -0.05697
0.19509 -0.05739
0.19912 -0.05776
0.20314 -0.05809
0.20716 -0.05836
0.2111700 -0.05859
0.21519 -0.05876
0.21919 -0.05887
0.2232 -0.05891
0.22720 -0.05888
0.23119 -0.05877
0.23518 -0.05859
0.23916 -0.05833
0.24314 -0.0580
0.24711 -0.05761
0.25108 -0.05713
0.25504 -0.05659
0.25899 -0.05597
0.26295 -0.05527
0.26689 -0.05449
0.27083 -0.05362
0.274760 -0.05268
0.27869 -0.05164
0.28261 -0.05052
0.28653 -0.04931
0.290440 -0.04801
0.29434 -0.0466
0.298240 -0.04510
0.30212 -0.0435
0.306 -0.04178
0.30988 -0.03997
0.3137400 -0.03805
0.3176 -0.03605
0.321460 -0.03396
0.32531 -0.031790
0.32915 -0.02954
0.33299 -0.02721
0.336820 -0.02481
0.34065 -0.02233
0.34447 -0.01977
0.34828 -0.017120
0.35209 -0.01436
0.35589 -0.01146
0.35967 -0.0084
0.36342 -0.00521
0.36701 -0.00201
0.3703 0.001
0.37312 0.00366
0.37535 0.00578
0.37685 0.00721
0.37761 0.00782
-Inserting Flap Ga2-
0.50536 0.092350
0.50522 0.09192
0.50493 0.091080
0.50451 0.08983
0.50395 0.08827
0.5033 0.08648
0.50256 0.084590
0.50175 0.08268
0.50089 0.08084
0.50 0.07908
0.49907 0.0774
0.49811 0.07576
0.49713 0.07417
0.49613 0.07262
0.495110 0.0711
0.49408 0.06961
0.49303 0.06815
0.49197 0.06671
0.4909 0.0653
0.48981 0.06391
0.48872 0.06255
0.48761 0.06121
0.48649 0.05989
0.48536 0.05859
0.484220 0.05731
0.483070 0.05605
0.48191 0.05481
0.48074 0.0536
0.47955 0.05242
0.47835 0.05125
0.47715 0.0501
0.475930 0.04897
0.47471 0.04785
0.47349 0.04674
0.47225 0.04564
0.47102 0.04455
0.46977 0.04348
0.468520 0.04242
0.46726 0.04139
0.46598 0.040370
0.46470 0.03937
0.46341 0.03838
0.46211 0.03742
0.4608 0.03647
0.45949 0.03553
0.45817 0.03461
0.45684 0.0337
0.4555 0.03281
0.45416 0.03193
0.45281 0.03106
0.45145 0.03021
0.450090 0.02937
0.44871 0.02855
0.44733 0.02775
0.44594 0.02696
0.44454 0.0262
0.44313 0.02544
0.44171 0.02471
0.44029 0.02399
0.43885 0.02329
0.43741 0.02261
0.43596 0.02195
0.43449 0.0213
0.43302 0.02067
0.43154 0.020060
0.43005 0.019470
0.42855 0.0189
0.42705 0.01833
0.42554 0.01778
0.42402 0.01725
0.42249 0.01673
0.42095 0.01624
0.41939 0.01578
0.41782 0.015360
0.416230 0.01496
0.414620 0.0146
0.413 0.01427
0.41136 0.01397
0.4097 0.01371
0.40802 0.01348
0.40632 0.0133
0.4046 0.01317
0.40285 0.01309
0.40107 0.01306
0.39926 0.0131
0.39742 0.0132
0.39555 0.01334
0.39366 0.01355
0.39173 0.01381
0.38977 0.01415
0.38775 0.0146
0.38566 0.01518
0.38349 0.01593
0.3812300 0.01687
0.37897 0.01796
0.37678 0.01918
0.37477 0.02048
0.37301 0.02184
0.371590 0.02322
0.36988 0.02588
0.36962 0.02709
0.36979 0.02817
0.37038 0.02909
0.371340 0.02986
0.37258 0.0305
0.37401 0.03104
0.37555 0.03151
0.37714 0.03191
0.37875 0.03226
0.38039 0.03256
0.38205 0.03282
0.383740 0.033020
0.38544 0.03319
0.38717 0.03332
0.38891 0.03342
0.39066 0.03349
0.39243 0.03355
0.3942 0.03358
0.395980 0.03361
0.39776 0.03363
0.399540 0.03364
0.40132 0.03366
0.4031 0.03369
0.40488 0.03372
0.40665 0.03375
0.40842 0.0338
0.410180 0.03386
0.41193 0.03394
0.41368 0.03402
0.41542 0.03412
0.417150 0.03424
0.41888 0.03437
0.4206 0.034510
0.42231 0.03468
0.42401 0.03485
0.4257 0.03505
0.42738 0.03526
0.42905 0.0355
0.43072 0.03574
0.43237 0.03601
0.43402 0.0363
0.43565 0.036610
0.43728 0.03693
0.43889 0.03728
0.4405 0.03765
0.44209 0.03804
0.44367 0.03845
0.44524 0.03888
0.4468 0.03934
0.44835 0.03981
0.44989 0.04031
0.45142 0.04082
0.45294 0.0413400
0.454460 0.04189
0.45596 0.04245
0.45746 0.04304
0.45894 0.04365
0.4604 0.04429
0.46186 0.04495
0.4633 0.045640
0.46472 0.046360
0.46614 0.0471
0.46754 0.04787
0.46892 0.04866
0.4703 0.04948
0.47166 0.05033
0.473 0.0512
0.47433 0.052110
0.475650 0.05304
0.47695 0.054
0.47823 0.055
0.4795 0.05603
0.48075 0.05708
0.4819900 0.05817
0.48321 0.0593
0.48441 0.06046
0.48559 0.06166
0.48675 0.0629
0.48789 0.06417
0.48902 0.06548
0.49012 0.06682
0.49122 0.06819
0.49229 0.06959
0.49336 0.07102
0.49441 0.07248
0.495440 0.07396
0.49646 0.07548
0.49747 0.07701
0.49846 0.07859
0.49943 0.0802
0.500380 0.08186
0.501290 0.08358
0.50217 0.08534
0.503 0.08708
0.50373 0.0887
0.50436 0.0901200
0.50485 0.09125
0.50518 0.09201
0.50536 0.092350
-Inserting Flap Ga2-
0.61353 0.22399
0.61353 0.22353
0.61352 0.22264
0.6135 0.22132
0.61346 0.21966
0.61338 0.21777
0.61326 0.21573
0.61308 0.21367
0.61284 0.21166
0.61253 0.20971
0.61217 0.20782
0.61176 0.20597
0.61131 0.20415
0.61084 0.20237
0.61035 0.20061
0.60983 0.19887
0.60928 0.19715
0.60872 0.19546
0.60814 0.193790
0.60753 0.19213
0.60691 0.19050
0.60627 0.18888
0.60562 0.18728
0.60494 0.18569
0.60426 0.18412
0.60355 0.18257
0.60283 0.18104
0.60208 0.17952
0.60132 0.17803
0.60054 0.17655
0.59975 0.175080
0.59895 0.173630
0.59813 0.17219
0.5973100 0.170750
0.59648 0.16933
0.595640 0.16791
0.59479 0.16651
0.59392 0.16511
0.59304 0.16374
0.59214 0.16238
0.59123 0.16103
0.59031 0.1597
0.58937 0.15837
0.58842 0.15707
0.58746 0.15577
0.58649 0.15449
0.585510 0.15321
0.58451 0.15195
0.58351 0.1507
0.58249 0.14946
0.58146 0.14823
0.58042 0.14701
0.57937 0.1458
0.5783 0.14461
0.57722 0.14344
0.57613 0.14227
0.57502 0.14112
0.5739 0.13999
0.57277 0.13886
0.57162 0.13775
0.57046 0.13666
0.56928 0.13558
0.56809 0.13451
0.56688 0.13346
0.56566 0.13242
0.56443 0.13140
0.56318 0.13039
0.56193 0.12939
0.56066 0.1284
0.559380 0.12742
0.55808 0.12646
0.55677 0.12552
0.55543 0.1246
0.55406 0.12371
0.55267 0.12284
0.55126 0.122
0.54981 0.12118
0.54835 0.12039
0.54685 0.11963
0.54533 0.1189
0.54377 0.1182
0.54217 0.117540
0.540530 0.11692
0.53885 0.11635
0.53711 0.11583
0.53533 0.11535
0.53351 0.114910
0.53165 0.114520
0.52974 0.114170
0.52776 0.11389
0.5257 0.11369
0.52353 0.1136
0.52123 0.11365
0.5188 0.11384
0.51631 0.11418
0.51386 0.11466
0.51154 0.11528
0.50945 0.11603
0.507670 0.1169
0.50522 0.118900
0.5046 0.11997
0.504420 0.12105
0.50471 0.12211
0.50538 0.12313
0.50636 0.12413
0.50755 0.12509
0.508870 0.126
0.51026 0.12688
0.51168 0.12771
0.5131500 0.1285
0.51465 0.12926
0.51619 0.12998
0.51776 0.130660
0.51936 0.13132
0.52099 0.13195
0.52263 0.132560
0.52429 0.13316
0.52597 0.13374
0.52765 0.13432
0.52934 0.13488
0.53103 0.13545
0.53272 0.13602
0.534410 0.13659
0.53609 0.13717
0.53776 0.13775
0.53942 0.13834
0.54108 0.138950
0.54273 0.139560
0.54436 0.14018
0.54599 0.14081
0.5476 0.14146
0.5492 0.14211
0.55079 0.14278
0.552360 0.14347
0.55392 0.14416
0.55547 0.14487
0.557010 0.14559
0.558530 0.14633
0.56003 0.1470800
0.56152 0.14785
0.563 0.14863
0.56446 0.14943
0.5659 0.150240
0.56733 0.15107
0.56874 0.151920
0.57014 0.15278
0.57152 0.15366
0.57287 0.15456
0.57422 0.15547
0.57554 0.1564
0.57686 0.15735
0.57815 0.15831
0.57944 0.15928
0.58071 0.16026
0.58197 0.161260
0.583210 0.162280
0.58443 0.16332
0.58562 0.16438
0.5868 0.16546
0.58796 0.16656
0.58909 0.16768
0.59021 0.16883
0.5913 0.16999
0.59238 0.17117
0.59343 0.17238
0.59446 0.1736
0.59547 0.174850
0.59646 0.176120
0.597420 0.17742
0.59836 0.17874
0.59927 0.18008
0.60016 0.18145
0.60103 0.18284
0.60186 0.18426
0.60267 0.18571
0.60346 0.18718
0.60421 0.18869
0.60493 0.19022
0.60562 0.19179
0.60629 0.19338
0.60693 0.195
0.60754 0.19664
0.60813 0.1983
0.6087 0.19999
0.60925 0.2017
0.60978 0.20343
0.610280 0.20519
0.610770 0.20696
0.61122 0.20876
0.61164 0.21059
0.61203 0.21247
0.61237 0.21438
0.61266 0.21633
0.61291 0.21824
0.61311 0.22001
0.61327 0.22155
0.61338 0.22278
0.61346 0.2236
0.61353 0.22399
*.*.Setup: Ga2.txt as Flap 1, Inverted: y, Scale = 1.0, AoA = 4.0, Reposition from (0,0) = (0, 0)*.*.
*.*.Setup: Ga2.txt as Flap 2, Inverted: y, Scale = 0.4, AoA = 27.0, Reposition from previous T.E. = (-0.0267, 0.06), Reposition from (0,0) = (0.9743, 0.0807)*.*.
*.*.Setup: Ga2.txt as Flap 3, Inverted: y, Scale = 0.4, AoA = 45.0, Reposition from previous T.E. = (-0.01, 0.08), Reposition from (0,0) = (1.3297, 0.3248)*.*.
*.*.Setup: Scale Ratio = 0.37723*.*.