0.35643 0.05645
0.35444 0.054250
0.35153 0.05103
0.3481 0.04784
0.3439 0.04471
0.33878 0.04144
0.33257 0.0379
0.32522 0.03407
0.31684 0.030
0.30763 0.02579
0.29787 0.02154
0.28777 0.01734
0.2775 0.01325
0.26715 0.00931
0.25676 0.00554
0.24634 0.00196
0.23585 -0.00144
0.22525 -0.00467
0.21448 -0.00777
0.2035 -0.01076
0.19228 -0.01369
0.18082 -0.01658
0.16918 -0.01945
0.15748 -0.0223
0.14586 -0.02509
0.13449 -0.02777
0.12356 -0.030240
0.11324 -0.03243
0.10364 -0.03423
0.09472 -0.03557
0.08633 -0.03644
0.07837 -0.03685
0.07074 -0.03679
0.06339 -0.036280
0.0563 -0.03533
0.04946 -0.03395
0.0429 -0.03217
0.03667 -0.03004
0.03085 -0.02762
0.02555 -0.02504
0.02086 -0.022420
0.016840 -0.01988
0.01346 -0.01747
0.010650 -0.01522
0.00833 -0.01312
0.006410 -0.011140
0.00482 -0.0093
0.00351 -0.00757
0.00243 -0.00594
0.00156 -0.004400
0.00088 -0.00294
0.00037 -0.001550
0.000086 -0.00022
-0.00012 0.00108000
0.000005 0.00239
0.00056 0.003590
0.00157 0.00456
0.00289 0.00528
0.00444 0.00587
0.00624 0.006370
0.00832 0.00684
0.01075 0.00731
0.01367 0.00778
0.01723 0.00827
0.02169 0.00879
0.02734 0.00935
0.03448 0.00994
0.04306 0.01052
0.05271 0.01098
0.063110 0.01125
0.074170 0.01133
0.08579 0.0113
0.097790 0.01123
0.10995 0.01113
0.12209 0.01104
0.13408 0.01099
0.145880 0.01102
0.15748 0.01113
0.16889 0.011370
0.180110 0.01175
0.19115 0.0123
0.20204 0.01304
0.21279 0.01397
0.2234200 0.01511
0.23393 0.01647
0.24436 0.01805
0.25469 0.01987
0.264940 0.02193
0.2751 0.02422
0.28516 0.02674
0.29506 0.02948
0.30473 0.03242
0.31402 0.03551
0.32271 0.03867
0.33059 0.04182
0.33746 0.04488
0.34331 0.04782
0.34822 0.05063
0.3523 0.05331
0.35643 0.05645
-Inserting Flap s1223rtl-
0.52718 0.1688
0.52653 0.16746
0.52557 0.16551
0.52436 0.16351
0.52278 0.16142
0.52076 0.15915
0.51827 0.15659
0.51527 0.15374
0.5118 0.15062
0.50795 0.14733
0.50385 0.143950
0.49957 0.14054
0.4952 0.13715
0.49077 0.13383
0.48629 0.13059
0.48178 0.12744
0.4772 0.12436
0.47255 0.12134
0.46781 0.11837
0.46294 0.11541
0.45795 0.11246
0.452840 0.10949
0.44764 0.10651
0.44241 0.10353
0.43721 0.10058
0.43212 0.09773
0.4272 0.095030
0.42254 0.09256
0.41818 0.09037
0.41408 0.08850
0.410170 0.08692
0.40639 0.085630
0.40272 0.08461
0.39912 0.08384
0.39558 0.08332
0.3921 0.08304
0.3887 0.082990
0.38541 0.08316
0.38228 0.08352
0.37938 0.08403
0.37676 0.08464
0.37448 0.08531
0.37253 0.08600
0.37087 0.08669
0.36946 0.08738
0.36826 0.08807
0.36725 0.088740
0.36638 0.08939
0.36564 0.09002
0.36501 0.09064
0.36448 0.09125
0.36404 0.09185
0.36369 0.092440
0.36344 0.093040
0.36332 0.09369
0.36342 0.09435
0.36377 0.09495
0.36431 0.09548
0.36498 0.09597
0.36577 0.09646
0.36670 0.09698
0.36781 0.09754
0.36915 0.09816
0.37079 0.09889
0.37286 0.09975
0.3755 0.1008
0.37885 0.10207
0.3829 0.10353
0.38747 0.10508
0.39243 0.10664
0.39774 0.108210
0.40332 0.1098
0.4091 0.111410
0.41496 0.11304
0.42081 0.11467
0.426570 0.1163
0.43224 0.11794
0.43781 0.1196
0.44325 0.12128
0.44859 0.12301
0.453820 0.1248
0.45896 0.12665
0.464 0.12858
0.46895 0.130590
0.47382 0.1327
0.47861 0.13489
0.483320 0.13719
0.48797 0.13959
0.49253 0.142090
0.49702 0.14469
0.5014 0.14737
0.50564 0.15012
0.50968 0.15288
0.51343 0.1556
0.516780 0.1582
0.51966 0.160620
0.52207 0.162840
0.52404 0.16487
0.52563 0.16672
0.52718 0.1688
-Inserting Flap s1223rtl-
0.639850 0.29875
0.63952 0.2973
0.63904 0.29519
0.63832 0.2929600
0.63726 0.290570
0.63583 0.28789
0.63399 0.28482
0.63173 0.28135
0.62907 0.277520
0.62609 0.27343
0.62287 0.26919
0.6195 0.26489
0.61602 0.26059
0.61248 0.25633
0.60887 0.25215
0.60521 0.24804
0.60147 0.24399
0.59764 0.239980
0.5937 0.23599
0.58965 0.232
0.58547 0.22797
0.58119 0.2239
0.57682 0.2198
0.57241 0.21569
0.56803 0.21163
0.56374 0.20768
0.55958 0.20392
0.55561 0.20044
0.551870 0.19731
0.54831 0.19454
0.544870 0.1921
0.5415 0.18998
0.53816 0.18813
0.53483 0.18655
0.5315 0.18523
0.52819 0.18416
0.52489 0.18333
0.52165 0.18273
0.51852 0.18236
0.51558 0.18218
0.51289 0.18218
0.51052 0.1823
0.50846 0.18252
0.50668 0.18281
0.50515 0.18316
0.50383 0.18355
0.50269 0.18397
0.50169 0.1844
0.50083 0.18485
0.50007 0.1853
0.4994100 0.18577
0.49885 0.18626
0.49838 0.18675
0.49799 0.187280
0.49773 0.18788
0.497670 0.18854
0.49788 0.18921
0.49828 0.18985
0.49881 0.19049
0.49947 0.19115
0.50026 0.19186
0.50121 0.19266
0.50236 0.19358
0.5038 0.19466
0.50561 0.19598
0.50794 0.19761
0.51091 0.19962
0.5145 0.20197
0.5186 0.20454
0.52307 0.2072
0.52787 0.20995
0.53294 0.21278
0.53818 0.21569
0.54351 0.21862
0.54882 0.22156
0.55406 0.22447
0.5592 0.22737
0.56423 0.23027
0.569140 0.23316
0.57394 0.23608
0.57862 0.23902
0.583180 0.24201
0.58764 0.24505
0.592 0.24815
0.596250 0.25132
0.6004 0.25456
0.604460 0.25789
0.60843 0.26129
0.61229 0.26478
0.616060 0.26834
0.6197 0.27196
0.6232 0.27561
0.62649 0.27923
0.62951 0.28274
0.63217 0.28604
0.63442 0.28906
0.63625 0.29178
0.63769 0.2942
0.63882 0.29637
0.639850 0.29875
*.*.Setup: s1223rtl.txt as Flap 1, Inverted: y, Scale = 1.0, AoA = 9.0, Reposition from (0,0) = (0, 0)*.*.
*.*.Setup: s1223rtl.txt as Flap 2, Inverted: y, Scale = 0.5, AoA = 25.0, Reposition from previous T.E. = (0.02, 0.1), Reposition from (0,0) = (1.0077, 0.2564)*.*.
*.*.Setup: s1223rtl.txt as Flap 3, Inverted: y, Scale = 0.5, AoA = 38.333333333333336, Reposition from previous T.E. = (-0.08, 0.05), Reposition from (0,0) = (1.3808, 0.5177)*.*.
*.*.Setup: Scale Ratio = 0.36087*.*.