0.35644 0.03746
0.354350 0.03538
0.3513 0.03234
0.34772 0.02935
0.3434 0.02646
0.338150 0.023490
0.33181 0.02031
0.32432 0.01688
0.31580 0.01328
0.306450 0.00958
0.29654 0.00588
0.28631 0.00224
0.275910 -0.001280
0.26544 -0.00465
0.25494 -0.00785
0.24442 -0.010860
0.23384 -0.01368
0.22316 -0.01634
0.2123200 -0.01885
0.20127 -0.02125
0.18999 -0.02357
0.17847 -0.02584
0.16678 -0.02808
0.15502 -0.03030
0.14336 -0.03247
0.13194 -0.03453
0.12097 -0.03642
0.11062 -0.03805
0.10101 -0.03933
0.09209 -0.0402
0.08373 -0.04063
0.07581 -0.04062
0.06825 -0.04016
0.06099 -0.03928
0.054 -0.03796
0.04729 -0.03624
0.040880 -0.03414
0.03481 -0.0317
0.02916 -0.029
0.02403 -0.02616
0.01952 -0.023320
0.01567 -0.02059
0.01244 -0.01803
0.00977 -0.01565
0.00758 -0.01344
0.005770 -0.01139
0.00429 -0.009470
0.00308 -0.00769
0.0021 -0.00602
0.00132 -0.004450
0.00072 -0.00296
0.00029 -0.00155
0.000055 -0.00022
-6e-05 0.00108
0.00013 0.00237
0.00074 0.00354
0.00179 0.00444
0.003140 0.00509
0.00471 0.005590
0.00652 0.006
0.0086 0.00636
0.01105 0.00669
0.01396 0.007
0.01752 0.0073
0.02196 0.007590
0.02761 0.00785
0.03471 0.00807
0.04326 0.00820
0.05285 0.00815
0.06318 0.00787
0.07415 0.00738
0.08568 0.00675
0.09757 0.00605
0.10963 0.00532
0.12166 0.0046
0.133550 0.00393
0.14525 0.00334
0.156770 0.00286
0.16809 0.0025
0.17924 0.0023
0.190220 0.00227
0.20106 0.00243
0.21177 0.00279
0.22237 0.00337
0.23287 0.00417
0.24329 0.0052
0.25363 0.00647
0.26391 0.00798
0.2741 0.00972
0.28421 0.0117
0.29417 0.01390
0.30391 0.01631
0.31328 0.01889
0.32208 0.02158
0.33005 0.02429
0.337020 0.02697
0.34298 0.02958
0.34799 0.03212
0.35218 0.034560
0.35644 0.03746
-Inserting Flap s1223rtl-
0.51163 0.15394
0.5111 0.15257
0.51033 0.15056
0.5093 0.14847
0.50791 0.14627
0.50612 0.14384
0.50387 0.1411
0.50115 0.13801
0.49799 0.13463
0.49447 0.13104
0.4907 0.12734
0.48676 0.12359
0.48273 0.11987
0.47863 0.1162
0.47449 0.112610
0.47029 0.10909
0.46603 0.10565
0.46169 0.10226
0.45725 0.09891
0.4527 0.09557
0.44801 0.09221
0.44321 0.08884
0.43833 0.08543
0.43341 0.08203
0.42852 0.07867
0.42373 0.0754
0.4191 0.07231
0.41471 0.06946
0.41058 0.06692
0.40668 0.06471
0.402950 0.06281
0.39933 0.061210
0.395780 0.05988
0.39228 0.05881
0.38883 0.05798
0.38541 0.05741
0.38205 0.05706
0.37879 0.05694
0.37566 0.057030
0.37274 0.05728
0.3701 0.05766
0.36778 0.05813
0.36579 0.05864
0.36409 0.05918
0.36263 0.05974
0.36139 0.06032
0.360330 0.06089
0.35941 0.06146
0.35862 0.062020
0.35795 0.06258
0.35737 0.06314
0.35689 0.06369
0.35649 0.06425
0.35619 0.06482
0.35602 0.06545
0.35606 0.06611
0.35636 0.06674
0.35684 0.06731
0.35746 0.06785
0.3582 0.06841
0.359080 0.069
0.36012 0.06965
0.36139 0.07038
0.36296 0.07124
0.36493 0.07228
0.36745 0.07354
0.37065 0.07509
0.37453 0.076880
0.37892 0.07882
0.3837 0.08079
0.38881 0.0828
0.3942 0.08485
0.39977 0.08695
0.40543 0.08907
0.41107 0.091190
0.41664 0.0933
0.42211 0.095410
0.42747 0.09753
0.43271 0.09967
0.43784 0.101840
0.44286 0.10406
0.44778 0.106340
0.4526 0.10869
0.457330 0.11111
0.461960 0.11361
0.46651 0.11620
0.47098 0.11888
0.47536 0.12166
0.47967 0.12453
0.48388 0.12748
0.48798 0.13052
0.49194 0.1336
0.4957 0.13669
0.49917 0.1397
0.50225 0.14256
0.5049 0.1452
0.50709 0.14761
0.50886 0.14978
0.51028 0.15175
0.51163 0.15394
-Inserting Flap s1223rtl-
0.65937 0.29376
0.659040 0.29232
0.65857 0.29022
0.657860 0.28801
0.6568 0.28563
0.65538 0.28297
0.65355 0.27993
0.65130 0.27648
0.64866 0.27268
0.6457 0.26862
0.64251 0.2644
0.63916 0.26013
0.63571 0.25586
0.6321900 0.25163
0.62861 0.24748
0.62496 0.24339
0.62125 0.239370
0.61745 0.23539
0.61354 0.23143
0.60952 0.22746
0.60537 0.22347
0.601110 0.21943
0.59677 0.215350
0.5924 0.21127
0.58805 0.20724
0.58378 0.20331
0.57965 0.19958
0.57571 0.19612
0.57199 0.19301
0.56846 0.19026
0.56504 0.18784
0.56169 0.18573
0.558370 0.1839
0.55507 0.18233
0.55177 0.18102
0.54847 0.17995
0.5452 0.17913
0.54198 0.17853
0.53887 0.17816
0.53595 0.17799
0.53328 0.177990
0.53093 0.17811
0.52888 0.17833
0.52711 0.17862
0.5256 0.17896
0.52428 0.17935
0.52315 0.17976
0.52216 0.18019
0.5213 0.18064
0.52055 0.181090
0.5199 0.18156
0.51934 0.18204
0.51887 0.18253
0.51848 0.18306
0.51822 0.18365
0.51817 0.184310
0.51837 0.18497
0.51877 0.18561
0.51930 0.18624
0.51995 0.186890
0.52074 0.18760
0.52168 0.1884
0.52283 0.18931
0.52425 0.190390
0.52605 0.1917
0.528360 0.19331
0.53131 0.19531
0.53488 0.19765
0.53895 0.20019
0.54339 0.20284
0.54815 0.20556
0.55319 0.20838
0.5584 0.211260
0.56369 0.2141800
0.56897 0.2171
0.57417 0.21999
0.57927 0.222870
0.58427 0.22575
0.58915 0.22862
0.59391 0.23152
0.59856 0.23444
0.60309 0.237410
0.60752 0.24043
0.61184 0.24351
0.61607 0.24665
0.62019 0.24988
0.62422 0.25318
0.62816 0.25656
0.6320 0.26002
0.63574 0.26356
0.63936 0.26716
0.64283 0.27078
0.64610 0.27438
0.6491 0.27786
0.65174 0.28114
0.65397 0.28414
0.655790 0.28683
0.65723 0.289250
0.65835 0.2914
0.65937 0.29376
*.*.Setup: s1223rtl.txt as Flap 1, Inverted: y, Scale = 1.0, AoA = 6.0, Reposition from (0,0) = (0, 0)*.*.
*.*.Setup: s1223rtl.txt as Flap 2, Inverted: y, Scale = 0.5, AoA = 30.0, Reposition from previous T.E. = (0.0, 0.075), Reposition from (0,0) = (0.9945, 0.1795)*.*.
*.*.Setup: s1223rtl.txt as Flap 3, Inverted: y, Scale = 0.5, AoA = 38.333333333333336, Reposition from previous T.E. = (0.02, 0.08), Reposition from (0,0) = (1.4475, 0.5095)*.*.
*.*.Setup: Scale Ratio = 0.3584*.*.