0.3671 0.00761
0.366380 0.00677
0.36494 0.005160
0.3628 0.002770
0.36008 -0.00021
0.35692 -0.003570
0.35346 -0.00711
0.34984 -0.01061
0.34618 -0.01391
0.34251 -0.01699
0.33882 -0.01989
0.33512 -0.02263
0.33142 -0.02525
0.32771 -0.02777
0.32399 -0.030210
0.32026 -0.03257
0.31653 -0.034850
0.31280 -0.03705
0.30906 -0.03919
0.30531 -0.04126
0.30157 -0.04327
0.297810 -0.04522
0.29406 -0.04711
0.2903 -0.04895
0.28653 -0.05073
0.28276 -0.052450
0.27899 -0.05411
0.27521 -0.05571
0.27143 -0.05724
0.26765 -0.05871
0.26386 -0.06013
0.26006 -0.06151
0.25627 -0.06286
0.25247 -0.06418000
0.24867 -0.06547
0.24487 -0.06673
0.24107 -0.06795
0.23726 -0.06912
0.233450 -0.07024
0.229640 -0.07131
0.22582 -0.07233
0.222 -0.0733
0.21817 -0.074230
0.21435 -0.07512
0.21052 -0.07596
0.20669 -0.07677
0.20285 -0.07754
0.19901 -0.07827
0.19517 -0.07896
0.19133 -0.07962
0.18748 -0.08023
0.18363 -0.08081
0.179780 -0.08134
0.17593 -0.08182
0.17207 -0.08226
0.16821 -0.08265
0.16434 -0.083
0.16047 -0.08329
0.1566 -0.08354
0.152730 -0.08375
0.14885 -0.0839
0.14497 -0.08401
0.14108 -0.08406
0.1372 -0.08407
0.1333 -0.08402
0.12941 -0.08393
0.12551 -0.0838
0.12161 -0.08364
0.11771 -0.08343
0.1138 -0.08318
0.109890 -0.08288
0.10597 -0.08251
0.10205 -0.08206
0.09813 -0.08152
0.09419 -0.08089
0.09026 -0.080180
0.08631 -0.07937
0.08236 -0.07848
0.07840 -0.0775
0.07444 -0.07641
0.07046 -0.07521
0.06648 -0.07388
0.06249 -0.07239
0.05848 -0.07075
0.05447 -0.06895
0.05044 -0.066990
0.04641 -0.06488
0.04236 -0.06263
0.0383 -0.0602200
0.034230 -0.05759
0.03014 -0.05467
0.02602 -0.05137
0.02187 -0.04763
0.01771 -0.0434
0.01368 -0.03880
0.00995 -0.03401
0.00668 -0.02918
0.00404 -0.02447
0.00218 -0.02003
0.00087 -0.01244
0.00144 -0.009490
0.00284 -0.00724
0.00504 -0.00576
0.00792 -0.004940
0.01129 -0.004680
0.01501 -0.00482
0.0189 -0.00525
0.02284 -0.00585
0.02678 -0.0066
0.03073 -0.00748
0.03469 -0.00850
0.03866 -0.00963
0.04263 -0.01088
0.04661 -0.01223
0.0506 -0.013660
0.0546 -0.01516
0.0586 -0.01672
0.0626 -0.01832
0.0666 -0.01995
0.0706 -0.02159
0.07461 -0.02325
0.07861 -0.0249
0.08262 -0.02654
0.08662 -0.02816
0.09062 -0.02976
0.09462 -0.03133
0.09861 -0.03287
0.10261 -0.034370
0.10660 -0.03584
0.11059 -0.03727
0.11457 -0.0386500
0.11856 -0.04
0.12254 -0.0413
0.12651 -0.04256
0.13049 -0.04378
0.13446 -0.04494
0.13843 -0.04606
0.14239 -0.047140
0.146350 -0.04816
0.150310 -0.04913
0.15426 -0.05005
0.15821 -0.050920
0.16216 -0.05173
0.1661 -0.052490
0.17004 -0.05319
0.173970 -0.05383
0.1779 -0.05441
0.18182 -0.05493
0.185750 -0.05539
0.18966 -0.0558
0.19358 -0.05616
0.19749 -0.05647
0.2014 -0.05674
0.205300 -0.05696
0.2092 -0.05713
0.2131 -0.05724
0.21699 -0.05728
0.220880 -0.05724
0.22476 -0.05713
0.22863 -0.05696
0.23251 -0.05671
0.23637 -0.056390
0.24023 -0.056
0.24409 -0.05555
0.24794 -0.05502
0.25179 -0.05441
0.25563 -0.05373
0.25947 -0.05297
0.2633 -0.05213
0.267120 -0.05121
0.27094 -0.05021
0.27475 -0.04912
0.27856 -0.04794
0.282360 -0.04667
0.28615 -0.04531
0.289940 -0.043850
0.29372 -0.04229
0.29749 -0.04062
0.30126 -0.03886
0.3050200 -0.037
0.30877 -0.03505
0.312520 -0.03302
0.31626 -0.030910
0.31999 -0.02872
0.32372 -0.02645
0.327450 -0.02412
0.33117 -0.02171
0.33489 -0.01922
0.33859 -0.016650
0.3423 -0.01396
0.34599 -0.01114
0.34967 -0.00817
0.35331 -0.00506
0.3568 -0.00195
0.36 0.00098
0.36274 0.00356
0.36491 0.00562
0.36637 0.00701
0.3671 0.00761
-Inserting Flap Ga2-
0.51575 0.089780
0.515620 0.08937
0.51534 0.088550
0.51492 0.08733
0.51439 0.08581
0.51375 0.08408
0.513030 0.082230
0.512240 0.08038
0.51141 0.07859
0.51054 0.07688
0.50963 0.07524
0.5087 0.07366
0.50775 0.07211
0.50677 0.0706
0.50579 0.06912
0.50478 0.06767
0.50377 0.06625
0.502740 0.06485
0.50169 0.06348
0.500640 0.06214
0.49957 0.06081
0.49849 0.05951
0.4974100 0.05822
0.49631 0.05696
0.4952 0.05571
0.49408 0.05449
0.49295 0.05329
0.49181 0.05211
0.49066 0.05096
0.48949 0.04982
0.48832 0.04871
0.48714 0.04761
0.48595 0.04652
0.48476 0.04544
0.483570 0.04437
0.482360 0.04331
0.481150 0.04227
0.47993 0.04124
0.47871 0.04023
0.47747 0.039240
0.47622 0.03827
0.47497 0.03732
0.47371 0.03638
0.47244 0.03545
0.47116 0.03454
0.46987 0.03365
0.46858 0.03276
0.46728 0.0319
0.46598 0.03104
0.46466 0.0302
0.46334 0.02937
0.46202 0.02856
0.46068 0.02776
0.45934 0.02698
0.45798 0.02621
0.45662 0.02547
0.455250 0.02474
0.45388 0.02402
0.45249 0.02332
0.45110 0.02264
0.44969 0.02198
0.44828 0.02134
0.44686 0.02071
0.445430 0.0201
0.44399 0.019510
0.44254 0.018930
0.44108 0.01837
0.43962 0.01782
0.43815 0.01729
0.43667 0.01677
0.43519 0.01627
0.43369 0.01579
0.43217 0.01535
0.43064 0.014930
0.4291 0.01455
0.42753 0.01419
0.42596 0.01387
0.42436 0.01359
0.42275 0.01333
0.421120 0.01311
0.41947 0.01293
0.4178 0.0128
0.41609 0.01272
0.41436 0.0127
0.4126 0.01274
0.41082 0.01283
0.409 0.01297
0.40716 0.01317
0.40529 0.01342
0.40338 0.01375
0.40141 0.01419
0.39938 0.01476
0.39727 0.01549
0.39508 0.0164
0.39287 0.01746
0.39075 0.01864
0.38879 0.01991
0.38708 0.02123
0.38571 0.02257
0.38404 0.02516
0.38379 0.02634
0.38395 0.02739
0.38453 0.02828
0.38546 0.02903
0.38666 0.02965
0.38805 0.03018
0.38955 0.03063
0.39109 0.03102
0.39266 0.03136
0.39426 0.03166
0.39587 0.0319
0.39751 0.03210
0.399170 0.03227
0.40085 0.03239
0.40254 0.03249
0.40424 0.03256
0.40596 0.03261
0.40768 0.03265
0.40941 0.03267
0.411140 0.03269
0.41288 0.03271
0.41461 0.03273
0.41634 0.03275
0.41807 0.03278
0.41979 0.03282
0.42151 0.03286
0.42322 0.03292
0.42492 0.03299
0.426620 0.03307
0.42831 0.03317
0.43 0.03328
0.431680 0.03341
0.43335 0.033550
0.43501 0.03371
0.43666 0.03389
0.4383 0.03408
0.43994 0.03428
0.44157 0.03451
0.44319 0.03475
0.44479 0.03501
0.44639 0.03529
0.44798 0.035590
0.44956 0.03591
0.45113 0.03624
0.45269 0.0366
0.45424 0.03698
0.45578 0.03738
0.45730 0.0378
0.45882 0.03825
0.46033 0.03871
0.46182 0.03919
0.46331 0.03968
0.46479 0.0401900
0.46627 0.04072
0.46773 0.04127
0.46918 0.04184
0.47062 0.04243
0.47204 0.04305
0.47346 0.0437
0.47486 0.044370
0.47624 0.045070
0.47762 0.04579
0.47898 0.04654
0.48033 0.04731
0.481660 0.0481
0.48299 0.04893
0.48429 0.04978
0.48559 0.050660
0.48687 0.05157
0.48813 0.0525
0.48938 0.05347
0.49061 0.05447
0.49183 0.0555
0.49303 0.05656
0.49421 0.05765
0.49538 0.05878
0.49653 0.05995
0.49766 0.06115
0.49877 0.06239
0.49986 0.06366
0.50094 0.06496
0.502 0.0663
0.50305 0.06766
0.50408 0.06905
0.5051 0.07046
0.50611 0.07191
0.5071 0.07338
0.50808 0.07487
0.50904 0.0764
0.50999 0.07797
0.51091 0.07958
0.5118 0.08125
0.51265 0.08297
0.51345 0.08466
0.51417 0.08623
0.51478 0.0876100
0.51525 0.08871
0.51557 0.08945
0.51575 0.089780
-Inserting Flap Ga2-
0.61357 0.23286
0.61367 0.23243
0.61386 0.23159
0.61413 0.23033
0.61447 0.22876
0.61482 0.22694
0.6151700 0.22499
0.61546 0.223
0.61568 0.22104
0.615820 0.21913
0.61591 0.21726
0.61593 0.21542
0.61592 0.2136
0.61588 0.21181
0.6158 0.21003
0.6157 0.20827
0.61557 0.20653
0.61542 0.2048
0.61524 0.20308
0.61504 0.20138
0.61482 0.1997
0.61457 0.19802
0.614310 0.19636
0.61403 0.19471
0.613730 0.19307
0.61341 0.19145
0.613070 0.18983
0.61271 0.18823
0.61233 0.18665
0.61192 0.18507
0.6115 0.18351
0.61106 0.18196
0.610620 0.18041
0.61016 0.17887
0.60969 0.17733
0.60922 0.1758
0.60873 0.17428
0.608220 0.17277
0.60769 0.17127
0.60715 0.16978
0.60659 0.1683
0.60602 0.16684
0.60543 0.16538
0.60482 0.16393
0.6042 0.16248
0.60357 0.16105
0.60293 0.15963
0.60227 0.15821
0.6016 0.1568
0.60092 0.1554
0.60022 0.154
0.59951 0.152620
0.59878 0.15124
0.59804 0.14988
0.59728 0.14852
0.59651 0.14718
0.59572 0.14584
0.59492 0.14451
0.59409 0.1432
0.59326 0.14189
0.5924 0.14059
0.59153 0.13931
0.59064 0.13803
0.58974 0.13677
0.58881 0.13551
0.58788 0.13427
0.58693 0.13303
0.58596 0.1318
0.58499 0.13058
0.58399 0.12937
0.58298 0.12817
0.58195 0.12698
0.58089 0.12582
0.5798 0.12466
0.57868 0.12353
0.57753 0.12242
0.57634 0.12133
0.57513 0.120250
0.57389 0.11919
0.57261 0.11816
0.5713 0.11715
0.56993 0.11616
0.56852 0.11521
0.56705 0.11429
0.56553 0.113410
0.56395 0.11256
0.56233 0.11174
0.56065 0.11095
0.55892 0.11019
0.55712 0.10948
0.55521 0.10883
0.55318 0.10826
0.551 0.10779
0.54865 0.10742
0.54622 0.10718
0.54379 0.10709
0.541460 0.10716
0.539310 0.1074
0.53744 0.107820
0.53467 0.10917
0.53384 0.11004
0.533440 0.11102
0.53347 0.11209
0.53387 0.11321
0.53457 0.11437
0.53549 0.11554
0.53654 0.11671
0.53765 0.11785
0.53881 0.118950
0.540020 0.12003
0.54127 0.12108
0.54257 0.1221
0.54390 0.12311
0.54527 0.12409
0.54666 0.12505
0.54808 0.126
0.54952 0.12693
0.55097 0.12786
0.55244 0.12878
0.5539 0.1297
0.55538 0.13061
0.55685 0.13153
0.55831 0.13245
0.55977 0.13337
0.56123 0.1343
0.562670 0.13523
0.5641 0.13617
0.56552 0.13712
0.56693 0.13807
0.56832 0.13904
0.5697 0.14001
0.571070 0.14099
0.57242 0.14198
0.57376 0.14298
0.57508 0.14398
0.57639 0.145
0.57767 0.14603
0.57895 0.14707
0.5802 0.14812
0.58144 0.14918
0.58266 0.15025
0.58387 0.151330
0.585050 0.152420
0.58622 0.15352
0.58736 0.15464
0.58849 0.15577
0.58959 0.15691
0.59068 0.15807
0.59174 0.15923
0.59279 0.16041
0.59382 0.1616
0.59483 0.1628
0.59583 0.164
0.59681 0.16522
0.59778 0.16645
0.59872 0.16769
0.59964 0.16895
0.60054 0.17022
0.601410 0.1715
0.60225 0.1728
0.60308 0.17412
0.60387 0.175450
0.60465 0.1768
0.6054 0.17816
0.60613 0.17953
0.60683 0.18092
0.6075 0.18233
0.60815 0.18375
0.60877 0.18519
0.60936 0.186650
0.60993 0.18813
0.61046 0.18962
0.61097 0.19113
0.61144 0.19266
0.61188 0.19421
0.61229 0.19578
0.61267 0.19738
0.613 0.19899
0.61331 0.20063
0.61358 0.20228
0.61382 0.20396
0.61404 0.20565
0.61422 0.20736
0.61438 0.20908
0.61452 0.210820
0.614630 0.21258
0.61471 0.21435
0.61477 0.21613
0.6148 0.21794
0.61479 0.21977
0.61473 0.22163
0.61463 0.22352
0.61447 0.22542
0.61427 0.22728
0.61406 0.229
0.61387 0.2305
0.6137 0.23168
0.61359 0.23248
0.61357 0.23286
*.*.Setup: Ga2.txt as Flap 1, Inverted: y, Scale = 1.0, AoA = 4.0, Reposition from (0,0) = (0, 0)*.*.
*.*.Setup: Ga2.txt as Flap 2, Inverted: y, Scale = 0.4, AoA = 27.0, Reposition from previous T.E. = (0.04, 0.06), Reposition from (0,0) = (1.041, 0.0807)*.*.
*.*.Setup: Ga2.txt as Flap 3, Inverted: y, Scale = 0.4, AoA = 58.333333333333336, Reposition from previous T.E. = (0.04, 0.06), Reposition from (0,0) = (1.4463, 0.3048)*.*.
*.*.Setup: Scale Ratio = 0.36674*.*.