0.3495 0.05536
0.34755 0.053190
0.3447 0.05004
0.34133 0.04691
0.33722 0.04384
0.33219 0.04064
0.3261 0.03717
0.3189 0.03341
0.31068 0.029410
0.30165 0.02528
0.29208 0.02112
0.28218 0.017
0.2721 0.01299
0.26196 0.00913
0.25177 0.00544
0.24155 0.00193
0.23127 -0.00141
0.22087 -0.00458
0.21031 -0.00762
0.19955 -0.01055
0.18854 -0.01342
0.1773 -0.01625
0.16589 -0.01907
0.15442 -0.02186
0.14302 -0.0246
0.13188 -0.02723
0.12116 -0.029660
0.11104 -0.0318
0.10163 -0.03356
0.09288 -0.03488
0.08466 -0.03574
0.07685 -0.03613
0.06936 -0.03607
0.06216 -0.035570
0.05521 -0.03464
0.0485 -0.03329
0.04207 -0.03155
0.03596 -0.02945
0.03025 -0.02708
0.02505 -0.02455
0.02045 -0.021980
0.016510 -0.01949
0.0132 -0.01713
0.010440 -0.01493
0.00816 -0.01286
0.006280 -0.010930
0.00472 -0.00912
0.00344 -0.00742
0.00238 -0.00583
0.00153 -0.0043200
0.00086 -0.00288
0.00036 -0.001520
0.000086 -0.00021
-0.00012 0.00106000
0.000005 0.00234
0.00055 0.003520
0.00154 0.00447
0.00283 0.00518
0.00436 0.00575
0.00612 0.006250
0.00815 0.00671
0.01055 0.00717
0.0134 0.00763
0.0169 0.00811
0.02126 0.00862
0.02681 0.00916
0.03381 0.00975
0.04223 0.01032
0.05169 0.01077
0.061890 0.01103
0.072730 0.01111
0.08412 0.01108
0.095890 0.01101
0.10781 0.01091
0.11971 0.01083
0.13147 0.01078
0.143040 0.0108
0.15442 0.01092
0.1656 0.011150
0.17660 0.01153
0.18743 0.01207
0.19811 0.01278
0.20865 0.0137
0.2190700 0.01481
0.22939 0.01615
0.23961 0.0177
0.24974 0.01949
0.259790 0.0215
0.26976 0.02375
0.27961 0.02622
0.28932 0.02891
0.29881 0.03179
0.30791 0.03482
0.31644 0.03792
0.32416 0.041
0.3309 0.044
0.33664 0.04689
0.34145 0.04965
0.34545 0.05228
0.3495 0.05536
-Inserting Flap s1223rtl-
0.51693 0.15667
0.51629 0.15536
0.51536 0.15345
0.51417 0.15148
0.51262 0.14944
0.51064 0.14721
0.50819 0.1447
0.50525 0.1419
0.50185 0.13885
0.49808 0.13562
0.49405 0.13230
0.48986 0.12896
0.48557 0.12564
0.48123 0.12238
0.47684 0.11921
0.47241 0.11611
0.46793 0.11309
0.46337 0.11013
0.45871 0.10722
0.45394 0.10432
0.44905 0.10143
0.444040 0.09852
0.43894 0.09559
0.43381 0.09267
0.42871 0.08978
0.42372 0.08698
0.4189 0.084340
0.41433 0.08191
0.41005 0.07977
0.40603 0.077930
0.402190 0.07639
0.39849 0.075120
0.39489 0.07412
0.39136 0.07336
0.38789 0.07285
0.38448 0.07258
0.38115 0.072530
0.37792 0.0727
0.37485 0.07305
0.372 0.07355
0.36944 0.07415
0.3672 0.0748
0.36528 0.0754800
0.36366 0.07616
0.36228 0.07684
0.3611 0.07751
0.36011 0.078160
0.35925 0.0788
0.35853 0.07942
0.35791 0.08003
0.35739 0.08063
0.35696 0.08122
0.35662 0.08180
0.35638 0.082390
0.35626 0.08302
0.35636 0.08367
0.3567 0.08426
0.35723 0.08478
0.35788 0.08526
0.35866 0.08574
0.359570 0.08624
0.36066 0.08679
0.36197 0.08741
0.36358 0.08812
0.36561 0.08897
0.3682 0.09
0.37149 0.09124
0.37545 0.09267
0.37994 0.09419
0.3848 0.09572
0.39 0.097260
0.39548 0.09882
0.40115 0.10040
0.40689 0.102
0.41263 0.1036
0.418280 0.1052
0.42384 0.1068
0.4293 0.10842
0.43464 0.11008
0.43987 0.11177
0.4450 0.11353
0.45004 0.11534
0.45498 0.11723
0.45983 0.119210
0.46461 0.12127
0.4693 0.12343
0.473930 0.12568
0.47848 0.12803
0.48296 0.130490
0.48736 0.13303
0.49165 0.13566
0.49581 0.13835
0.49977 0.14106
0.50345 0.14373
0.506730 0.14628
0.50956 0.148650
0.51192 0.150830
0.51385 0.15282
0.51541 0.15463
0.51693 0.15667
-Inserting Flap s1223rtl-
0.64912 0.29947
0.64896 0.29802
0.648740 0.29591
0.64829 0.29365
0.64753 0.2912
0.64644 0.28843
0.645 0.28523
0.64319 0.2816
0.64104 0.27757
0.6386 0.27324
0.63595 0.26875
0.63316 0.264170
0.63026 0.25959
0.62729 0.25504
0.62426 0.25055
0.62115 0.24613
0.61797 0.241760
0.6147 0.23742
0.61132 0.23309
0.60783 0.22874
0.60422 0.22434
0.60051 0.21989
0.59672 0.2154
0.5929 0.2109
0.58909 0.20644
0.58536 0.20211
0.58173 0.19797
0.57827 0.19413
0.574980 0.19065
0.57183 0.18755
0.56876 0.18479
0.56571 0.18233
0.56267 0.18016
0.55961 0.17824
0.55652 0.17657
0.55341 0.17515
0.5503 0.17396
0.547210 0.173020
0.54421 0.1723
0.54136 0.17179
0.53874 0.17148
0.53642 0.17133
0.53438 0.17131
0.53262 0.17139
0.53109 0.17156
0.52976 0.17179
0.5286 0.17206
0.52758 0.17237
0.52669 0.17271
0.5259 0.173070
0.52521 0.17345
0.5246 0.17385
0.52408 0.17429
0.52365 0.17476
0.52332 0.17531
0.5232 0.17595
0.523320 0.176620
0.52363 0.17729
0.52408 0.17797
0.52465 0.17869
0.525340 0.17947
0.52617 0.18036
0.527190 0.18139
0.52846 0.18261
0.53008 0.1841
0.53216 0.18595
0.53482 0.18824
0.53806 0.19094
0.54175 0.19391
0.5458 0.19701
0.55016 0.20023
0.55478 0.20357
0.559560 0.20699
0.56441 0.210460
0.56925 0.21392
0.57402 0.21736
0.57870 0.22077
0.58327 0.22416
0.587720 0.227540
0.59206 0.23093
0.59628 0.23433
0.60039 0.23776
0.60439 0.24122
0.608270 0.24474
0.61205 0.24831
0.61573 0.25194
0.61931 0.25564
0.62278 0.25941
0.62615 0.263250
0.62941 0.26714
0.632550 0.27109
0.63554 0.275040
0.63833 0.27894
0.64087 0.2827
0.64308 0.28622
0.64493 0.28941
0.6464 0.29226
0.64754 0.29479
0.64838 0.29704
0.64912 0.29947
*.*.Setup: s1223rtl.txt as Flap 1, Inverted: y, Scale = 1.0, AoA = 9.0, Reposition from (0,0) = (0, 0)*.*.
*.*.Setup: s1223rtl.txt as Flap 2, Inverted: y, Scale = 0.5, AoA = 25.0, Reposition from previous T.E. = (0.02, 0.075), Reposition from (0,0) = (1.0077, 0.2314)*.*.
*.*.Setup: s1223rtl.txt as Flap 3, Inverted: y, Scale = 0.5, AoA = 45.0, Reposition from previous T.E. = (0.02, 0.05), Reposition from (0,0) = (1.4808, 0.4927)*.*.
*.*.Setup: Scale Ratio = 0.35386*.*.