0.34972 0.03676
0.347670 0.03471
0.34468 0.03173
0.34117 0.0288
0.33693 0.02597
0.331780 0.023050
0.32555 0.01992
0.31821 0.01657
0.309850 0.01303
0.300670 0.0094
0.29096 0.00577
0.28092 0.0022
0.270710 -0.001260
0.26044 -0.00457
0.25014 -0.0077
0.23981 -0.010650
0.22943 -0.01342
0.21895 -0.01603
0.2083200 -0.0185
0.19748 -0.02085
0.18641 -0.02313
0.17511 -0.02535
0.16364 -0.02755
0.1521 -0.029730
0.14065 -0.03185
0.12946 -0.03388
0.11869 -0.03573
0.10854 -0.03733
0.09911 -0.03859
0.09036 -0.03945
0.08215 -0.03987
0.07438 -0.03985
0.06696 -0.03941
0.05984 -0.03854
0.05298 -0.03725
0.0464 -0.03556
0.040110 -0.0335
0.03415 -0.0311
0.02861 -0.02845
0.02358 -0.02567
0.01916 -0.022880
0.01537 -0.0202
0.01221 -0.01769
0.00959 -0.01536
0.00743 -0.01319
0.005670 -0.01117
0.00421 -0.009290
0.00303 -0.00754
0.00206 -0.00591
0.00129 -0.004360
0.0007 -0.00291
0.00028 -0.00153
0.000055 -0.00021
-6e-05 0.00106
0.00012 0.00232
0.00073 0.00347
0.00176 0.00435
0.003080 0.00499
0.00462 0.005480
0.0064 0.00588
0.00844 0.00624
0.01084 0.00656
0.0137 0.00687
0.01719 0.00717
0.02155 0.007440
0.02709 0.0077
0.03406 0.00792
0.04244 0.008040
0.05186 0.008
0.06199 0.00773
0.07275 0.00724
0.08406 0.00662
0.09573 0.00594
0.10756 0.00522
0.11937 0.00452
0.131030 0.00386
0.14252 0.00328
0.153810 0.0028
0.16492 0.00245
0.17586 0.00225
0.186630 0.00223
0.19727 0.00238
0.20778 0.00274
0.21818 0.00331
0.22848 0.00409
0.23871 0.00511
0.24885 0.00635
0.25893 0.00782
0.26894 0.00953
0.27885 0.01148
0.28863 0.013640
0.29819 0.01601
0.30738 0.01854
0.31601 0.02117
0.32383 0.02383
0.330670 0.02646
0.33652 0.02902
0.34143 0.03151
0.34555 0.033910
0.34972 0.03676
-Inserting Flap s1223rtl-
0.50907 0.14623
0.50844 0.14493
0.50751 0.14303
0.50633 0.14108
0.50478 0.13905
0.50282 0.13683
0.50039 0.13434
0.49746 0.13155
0.49408 0.12852
0.49034 0.12531
0.48634 0.12201
0.48217 0.11869
0.47791 0.11539
0.473590 0.11216
0.46923 0.109
0.46483 0.10592
0.460380 0.10292
0.45584 0.099980
0.45122 0.09709
0.44648 0.09421
0.44161 0.091330
0.43663 0.08844
0.43157 0.08553
0.42647 0.08263
0.4214 0.07976
0.41644 0.076980
0.41165 0.07435
0.40711 0.07194
0.40286 0.06981
0.39886 0.06798
0.39505 0.06645
0.39137 0.06519
0.38779 0.06419
0.38428 0.063440
0.38083 0.06294
0.37745 0.0626600
0.374140 0.06262
0.37093 0.06278
0.36788 0.06313
0.36505 0.063630
0.3625 0.06422
0.36028 0.06487
0.358370 0.06555
0.35675 0.06622
0.355380 0.06690
0.35422 0.06756
0.35323 0.06821
0.35238 0.06885
0.35166 0.06947
0.35105 0.07007
0.35053 0.07066
0.3501 0.07125
0.34977 0.07183
0.34952 0.07241
0.3494 0.07304
0.3495 0.073680
0.34985 0.07427
0.35037 0.07478
0.3510200 0.07527
0.35179 0.07574
0.3527 0.076240
0.35378 0.07679
0.35508 0.0774
0.35668 0.078110
0.3587 0.07895
0.36127 0.07997
0.36454 0.08121
0.36848 0.08263
0.37294 0.08414
0.37777 0.085670
0.38294 0.08719
0.38838 0.08874
0.39401 0.09031
0.399720 0.09190
0.40542 0.09349
0.41104 0.09508
0.41657 0.09667
0.42198 0.09829
0.42729 0.09993
0.4325 0.10161
0.43759 0.10336
0.44259 0.10516
0.447510 0.10704
0.45233 0.109
0.4570700 0.1110500
0.46174 0.11319
0.46634 0.11543
0.47086 0.11777
0.47531 0.12021
0.47968 0.12274
0.483950 0.12535
0.48809 0.12803
0.49202 0.13072
0.49567 0.13337
0.49893 0.1359
0.50174 0.13826
0.50409 0.14042
0.50601 0.1424
0.50756 0.14420
0.50907 0.14623
-Inserting Flap s1223rtl-
0.66013 0.27521
0.65973 0.27382
0.65915 0.27179
0.65832 0.26966
0.65716 0.26739
0.65561 0.264870
0.6536500 0.261990
0.65125 0.25874
0.64845 0.255170
0.64532 0.25136
0.64195 0.247410
0.63842 0.24342
0.6348 0.23943
0.63111 0.2355
0.62736 0.23163
0.62356 0.22784
0.61969 0.2241100
0.61574 0.220420
0.611690 0.21677
0.60752 0.21311
0.60323 0.20943
0.59883 0.20572
0.59435 0.20198
0.58983 0.19823
0.58534 0.19453
0.58093 0.19093
0.57667 0.187510
0.572620 0.184340
0.5688 0.18151
0.56518 0.17901
0.5617 0.17684
0.55829 0.17496
0.55494 0.173360
0.55161 0.17201
0.54831 0.17092
0.54502 0.1700600
0.54177 0.16944
0.53858 0.16904
0.53552 0.168850
0.53264 0.16885
0.53003 0.169
0.52773 0.16925
0.52573 0.169580
0.52402 0.16997
0.52255 0.1704
0.52129 0.17085
0.5202 0.17132
0.51926 0.17179
0.51844 0.17228
0.51773 0.17277
0.51712 0.17326
0.5166 0.17376
0.51617 0.17427
0.51582 0.17481
0.5156 0.17541
0.51558 0.17605
0.51582 0.17669
0.51624 0.17729
0.5168 0.17788
0.51748 0.17848
0.51829 0.17913
0.519260 0.17986
0.52043 0.18069
0.52189 0.18166
0.52373 0.18284
0.52609 0.18429
0.52908 0.18608
0.53272 0.18817
0.53685 0.190430
0.541340 0.19277
0.54617 0.19516
0.55126 0.19763
0.55653 0.200160
0.56188 0.20272
0.56721 0.205270
0.57247 0.20781
0.577640 0.21034
0.58269 0.21287
0.58764 0.21541
0.59247 0.21798
0.59718 0.22058
0.6018 0.22322
0.60631 0.22593
0.61072 0.22869
0.61503 0.231540
0.619260 0.23446
0.62339 0.23746
0.62744 0.24055
0.63141 0.24372
0.63527 0.24697
0.63902 0.25029
0.64263 0.25364
0.64603 0.25698
0.64917 0.260220000
0.65194 0.26328
0.6543 0.26609
0.65623 0.26863
0.65778 0.27091
0.659 0.27295
0.66013 0.27521
*.*.Setup: s1223rtl.txt as Flap 1, Inverted: y, Scale = 1.0, AoA = 6.0, Reposition from (0,0) = (0, 0)*.*.
*.*.Setup: s1223rtl.txt as Flap 2, Inverted: y, Scale = 0.5, AoA = 25.0, Reposition from previous T.E. = (0.0, 0.1), Reposition from (0,0) = (0.9945, 0.2045)*.*.
*.*.Setup: s1223rtl.txt as Flap 3, Inverted: y, Scale = 0.5, AoA = 35.0, Reposition from previous T.E. = (0.02, 0.08), Reposition from (0,0) = (1.4677, 0.4958)*.*.
*.*.Setup: Scale Ratio = 0.35165*.*.