0.3683900000 -0.0181
0.36762 -0.01889
0.36606 -0.0204
0.36374 -0.02264
0.36081 -0.02544
0.35741 -0.02859
0.35369 -0.03189
0.34982 -0.03515
0.34592 -0.0382
0.342030 -0.04103
0.33813 -0.04367
0.33423 -0.04616
0.33033 -0.04852
0.32644 -0.05079
0.32254 -0.05298
0.31864 -0.05508
0.31475 -0.0571
0.31085 -0.05905
0.30695 -0.06093
0.30306 -0.06274
0.29916 -0.06449
0.29526 -0.06618
0.29136 -0.06781
0.28747 -0.06939
0.28357 -0.070910
0.27967 -0.07237
0.275780 -0.07377
0.27188 -0.07511
0.26798 -0.07637
0.26409 -0.07758
0.26019 -0.07874
0.25629 -0.07986
0.252390 -0.08094
0.2485 -0.082
0.2446 -0.083030
0.2407 -0.08403
0.23681 -0.08498
0.23291 -0.08589
0.229010 -0.08674
0.22512 -0.087550
0.22122 -0.0883
0.21732 -0.08901
0.21342 -0.08967
0.20953 -0.09029
0.20563 -0.09087
0.20173 -0.09141
0.19784 -0.09191
0.19394 -0.09237
0.19004 -0.0928
0.18615 -0.09319
0.18225 -0.09354
0.17835 -0.09384
0.17445 -0.0941
0.17056 -0.09432
0.16666 -0.09449
0.16276 -0.09461
0.15887 -0.09468
0.15497 -0.09471
0.15107 -0.09469
0.14718 -0.09462
0.14328 -0.09451
0.139380 -0.09434
0.13549 -0.09412
0.13159 -0.09385
0.12769 -0.09354
0.12379 -0.09317
0.1199 -0.09277
0.1160 -0.09233
0.1121 -0.09185
0.10821 -0.09133
0.10431 -0.09075
0.10041 -0.090110
0.09652 -0.089380
0.092620 -0.08857
0.08872 -0.08766
0.08482 -0.08667
0.08093 -0.08558
0.07703 -0.08441
0.07313 -0.08315
0.06924 -0.08179
0.06534 -0.0803
0.06144 -0.07869
0.05755 -0.0769200
0.05365 -0.07499
0.04975 -0.0729100
0.04585 -0.070660
0.04196 -0.06827
0.03806 -0.06572
0.03416 -0.06303
0.03027 -0.06011
0.026370 -0.05689
0.02247 -0.05330
0.01858 -0.04926
0.0147 -0.04473
0.01099 -0.03984
0.00759 -0.03478
0.00465 -0.0297
0.00234 -0.0248
0.00078 -0.02023
0.000000 -0.01253
0.00078 -0.00961
0.00234 -0.00745
0.00465 -0.00612
0.00759 -0.00551
0.01099 -0.00548
0.0147 -0.00588
0.01858 -0.00659
0.02247 -0.00746
0.026370 -0.00849
0.03027 -0.00965
0.03416 -0.01095
0.03806 -0.01236
0.04196 -0.01389
0.04585 -0.01552
0.04975 -0.01723
0.05365 -0.01902
0.05755 -0.02086
0.06144 -0.02274
0.06534 -0.02465
0.06924 -0.02659
0.07313 -0.02853
0.07703 -0.03046
0.08093 -0.03239
0.08482 -0.03429
0.08872 -0.03617
0.092620 -0.03802
0.09652 -0.03984
0.10041 -0.04163
0.10431 -0.04338
0.10821 -0.04509
0.1121 -0.04676
0.1160 -0.04839
0.1199 -0.04998
0.12379 -0.051520
0.12769 -0.05301
0.13159 -0.05446
0.13549 -0.055860
0.139380 -0.0572100
0.14328 -0.05851
0.14718 -0.05977
0.15107 -0.06096
0.15497 -0.06211
0.15887 -0.0632
0.16276 -0.06423
0.16666 -0.06521
0.17056 -0.06613
0.17445 -0.06699
0.17835 -0.06778
0.18225 -0.06852
0.18615 -0.06920
0.19004 -0.069840
0.19394 -0.07042
0.19784 -0.07097
0.20173 -0.071460
0.20563 -0.07191
0.20953 -0.07229
0.21342 -0.0726
0.21732 -0.07284
0.22122 -0.073
0.22512 -0.0731
0.229010 -0.07312
0.23291 -0.07307
0.23681 -0.07295
0.2407 -0.07276
0.2446 -0.07250
0.2485 -0.07217
0.252390 -0.07175
0.25629 -0.07126
0.26019 -0.07069
0.26409 -0.07003
0.26798 -0.06929
0.27188 -0.06847
0.275780 -0.06756
0.27967 -0.06655
0.28357 -0.06545
0.28747 -0.06425
0.29136 -0.06295
0.29526 -0.06155
0.29916 -0.06005
0.30306 -0.05845
0.30695 -0.05676
0.31085 -0.05498
0.31475 -0.05313
0.31864 -0.05120
0.32254 -0.04919
0.32644 -0.04711
0.33033 -0.04496
0.33423 -0.04273
0.33813 -0.04041
0.342030 -0.03797
0.34592 -0.03541
0.34982 -0.032690
0.35369 -0.02983
0.35741 -0.02696
0.36081 -0.02425
0.36374 -0.02185
0.36606 -0.019940
0.36762 -0.01865
0.3683900000 -0.0181
-Inserting Flap Ga2-
0.49965 0.075950
0.49956 0.075520
0.49935 0.07467
0.49904 0.07342
0.49864 0.07185
0.49815 0.070060
0.49759 0.06815
0.49697 0.06623
0.496290 0.06437
0.495570 0.062580
0.49481 0.06086
0.49401 0.059190
0.49319 0.05756
0.49235 0.05597
0.49149 0.0544
0.49062 0.05286
0.489720 0.05135
0.48881 0.04986
0.48789 0.0484
0.48695 0.04696
0.4860 0.04554
0.48504 0.04414
0.48406 0.04276
0.48307 0.0414
0.48207 0.04005
0.48106 0.03873
0.480040 0.03743
0.479 0.03615
0.477940 0.0349
0.47688 0.03366
0.4758 0.03244
0.474720 0.03124
0.47363 0.030040
0.47253 0.02886
0.47142 0.02768
0.47031 0.02652
0.46919 0.02537
0.46806 0.02424
0.46692 0.02312
0.46577 0.02202
0.46461 0.02094
0.46344 0.01987
0.46226 0.018820
0.46107 0.01778
0.45987 0.01676
0.458660 0.01575
0.45744 0.01476
0.45622 0.01378
0.45499 0.01281
0.45375 0.01185
0.4525 0.0109
0.45124 0.00997
0.44998 0.00906
0.4487 0.00816
0.44741 0.007280
0.44612 0.00641
0.44481 0.00556
0.4435 0.00472
0.44217 0.0039
0.44083 0.0031
0.43949 0.00231
0.43813 0.001540
0.43676 0.00079
0.43538 6e-05
0.43399 -0.00066
0.43259 -0.00136
0.43119 -0.00205
0.42977 -0.00273
0.42835 -0.00339
0.42692 -0.00404
0.42547 -0.00467
0.42401 -0.00528
0.42254 -0.00586
0.42104 -0.00641
0.4195300 -0.00693
0.4180 -0.00742
0.41644 -0.00788
0.41487 -0.00831
0.41328 -0.0087
0.41167 -0.00907
0.41004 -0.00939
0.40837 -0.00967
0.40668 -0.00989
0.40495 -0.01007
0.40318 -0.01018
0.40138 -0.01025
0.39955 -0.01026
0.397690 -0.010230
0.3958 -0.01014
0.39386 -0.00997
0.39186 -0.00971
0.38977 -0.009320
0.38759 -0.008770
0.38532 -0.00805
0.38302 -0.00719
0.3808 -0.00619
0.378720 -0.00509
0.3769 -0.003920
0.3754 -0.0027
0.37351 -0.00025
0.37315 0.00091
0.37322 0.00197
0.373730 0.00291
0.37459 0.00374
0.37574 0.00447
0.37709 0.00512
0.37855 0.0057
0.38006 0.00623
0.3816 0.00671
0.383160 0.00714
0.38476 0.007530
0.38638 0.00788
0.38803 0.00818
0.38969 0.00846
0.39138 0.00870
0.39308 0.00892
0.39479 0.00912
0.39651 0.00931
0.39824 0.00949
0.39997 0.00966
0.40171 0.00983
0.40344 0.01
0.40517 0.01017
0.40689 0.01035
0.40861 0.01054
0.41033 0.010740
0.41204 0.01094
0.41374 0.01116
0.41543 0.0114
0.41711 0.0116400
0.41879 0.0119
0.42046 0.01217
0.42212 0.012460
0.42376 0.01277
0.4254 0.01309
0.42703 0.01342
0.42865 0.01377
0.43026 0.01414
0.43186 0.01452
0.43344 0.01492
0.43502 0.015340
0.4365800 0.01578
0.43814 0.01624
0.4396800 0.01671
0.441210 0.01721
0.44272 0.01772
0.44423 0.01826
0.44572 0.01881
0.4472 0.01939
0.44866 0.01998
0.45012 0.02059
0.45157 0.02122
0.4530 0.02186
0.45443 0.022520
0.45585 0.0232
0.45725 0.02389
0.45864 0.02461
0.46001 0.02536
0.461370 0.02613
0.46271 0.02692
0.46403 0.02774
0.46535 0.02858
0.46664 0.02945
0.46793 0.03034
0.46919 0.03125
0.47044 0.032190
0.47168 0.03316
0.4729 0.03415
0.4741 0.03517
0.47528 0.03622
0.47644 0.0373
0.477590 0.0384
0.47872 0.03954
0.47983 0.04071
0.48092 0.04191
0.48199 0.04314
0.48303 0.04441
0.48406 0.04571
0.48506 0.04704
0.486040 0.04841
0.48701 0.04981
0.48795 0.051240
0.48888 0.05269
0.48979 0.05418
0.49069 0.05568
0.49157 0.05721
0.49244 0.05877
0.49329 0.06035
0.49412 0.06197
0.49492 0.06362
0.4957 0.06531
0.49644 0.06706
0.49715 0.06885
0.4978 0.07061
0.49838 0.07226
0.49887 0.07369
0.49925 0.07483
0.4995100 0.0756
0.49965 0.075950
-Inserting Flap Ga2-
0.60529 0.19713
0.60529 0.19669
0.60528 0.19582
0.60526 0.19453
0.60522 0.19291
0.60515 0.19106
0.60503 0.18907
0.604860 0.18705
0.60462 0.18509
0.60431 0.18319
0.60396 0.18134
0.60356 0.17953
0.60313 0.17776
0.60267 0.17602
0.60218 0.1743
0.60167 0.1726
0.60114 0.17093
0.60059 0.16927
0.600020 0.167640
0.599430 0.16602
0.59883 0.164430
0.5982 0.162850
0.59756 0.16128
0.59691 0.15973
0.59623 0.1582
0.59554 0.15669
0.59484 0.15519
0.59411 0.15371
0.59337 0.15225
0.59261 0.1508
0.59183 0.14937
0.59105 0.14795
0.590250 0.14655
0.58945 0.14514
0.58864 0.14375
0.587820 0.14237
0.586990 0.141
0.58614 0.139640
0.58528 0.13829
0.5844 0.13696
0.58352 0.135650
0.58261 0.13434
0.5817 0.13305
0.58077 0.13178
0.57983 0.13051
0.57888 0.12926
0.57792 0.12801
0.57695 0.126780
0.57597 0.12556
0.57498 0.124340
0.57397 0.12314
0.57296 0.12195
0.57193 0.12078
0.57089 0.11962
0.56983 0.11847
0.56877 0.11733
0.567690 0.11621
0.56659 0.1151
0.56548 0.114
0.56436 0.11292
0.56323 0.11185
0.56208 0.11079
0.56091 0.10975
0.55974 0.10872
0.55854 0.10771
0.55734 0.10671
0.55612 0.10572
0.5549 0.10475
0.55366 0.10378
0.5524100 0.10282
0.55114 0.10189
0.54986 0.10097
0.54855 0.10007
0.54722 0.0992
0.54586 0.09835
0.54448 0.09753
0.54307 0.09673
0.54163 0.09596
0.54017 0.09522
0.53869 0.0945
0.53716 0.09382
0.53561 0.093170
0.534 0.09257
0.53236 0.09201
0.53066 0.0915
0.528930 0.09104
0.52715 0.090610
0.52533 0.090230
0.52346 0.08989
0.52153 0.08961
0.51952 0.08942
0.51740 0.08933
0.51516 0.08937
0.51278 0.08956
0.510350 0.08989
0.50795 0.09036
0.50569 0.09097
0.50365 0.0917
0.50191 0.09255
0.49951 0.094510
0.498910 0.09555
0.498740 0.0966
0.49902 0.09764
0.49967 0.09864
0.50063 0.09961
0.50179 0.10055
0.503090 0.10144
0.50444 0.1023
0.50583 0.10311
0.507260 0.10388
0.50873 0.10462
0.51023 0.10532
0.51177 0.105990
0.51333 0.10663
0.51492 0.10725
0.51652 0.107850
0.51815 0.10843
0.51978 0.109
0.52142 0.10956
0.52307 0.11012
0.52472 0.11067
0.52637 0.11122
0.52802 0.11178
0.52966 0.11235
0.53130 0.11292
0.53292 0.11349
0.53454 0.114080
0.53615 0.114680
0.53774 0.11529
0.53933000 0.1159
0.5409 0.11653
0.54247 0.11717
0.54402 0.11783
0.5455600 0.1185
0.547080 0.11917
0.54859 0.11987
0.55009 0.12057
0.55158 0.12129
0.55305 0.122030
0.5545 0.12278
0.55594 0.12354
0.55737 0.12432
0.55878 0.125110
0.56018 0.12592
0.56155 0.126750
0.56292 0.12759
0.56426 0.12845
0.56559 0.12933
0.5669 0.13022
0.56819 0.13113
0.569480 0.13205
0.57074 0.13299
0.572 0.13394
0.57324 0.1349
0.57447 0.135880
0.575680 0.136870
0.57687 0.13788
0.57804 0.13892
0.57919 0.13997
0.58032 0.14105
0.58143 0.14215
0.58251 0.14326
0.58358 0.1444
0.58463 0.14555
0.58566 0.14673
0.58667 0.14793
0.58765 0.149140
0.58862 0.15039
0.589560 0.15165
0.59047 0.15294
0.59137 0.15425
0.59224 0.15558
0.59308 0.15695
0.5939 0.15833
0.59469 0.15974
0.59545 0.16119
0.59619 0.16266
0.59689 0.16416
0.59757 0.16568
0.59822 0.16724
0.59884 0.16882
0.59944 0.17042
0.60002 0.17205
0.60058 0.1737
0.60111 0.17537
0.60163 0.17706
0.602120 0.17877
0.602590 0.1805
0.603040 0.18226
0.60345 0.18405
0.60383 0.18588
0.60416 0.18775
0.60445 0.18965
0.60469 0.19152
0.60488 0.19325
0.60503 0.19475
0.605150 0.19595
0.60522 0.19675
0.60529 0.19713
*.*.Setup: Ga2.txt as Flap 1, Inverted: y, Scale = 1.0, AoA = 0.0, Reposition from (0,0) = (0, 0)*.*.
*.*.Setup: Ga2.txt as Flap 2, Inverted: y, Scale = 0.4, AoA = 32.0, Reposition from previous T.E. = (0.0067, 0.06), Reposition from (0,0) = (1.0067, 0.0109)*.*.
*.*.Setup: Ga2.txt as Flap 3, Inverted: y, Scale = 0.4, AoA = 45.0, Reposition from previous T.E. = (-0.01, 0.06), Reposition from (0,0) = (1.3463, 0.2662)*.*.
*.*.Setup: Scale Ratio = 0.36839*.*.