0.36566 0.03843
0.363510 0.03629
0.36039 0.03318
0.35672 0.03011
0.35229 0.02715
0.34690 0.02410
0.34039 0.02083
0.33271 0.01732
0.323970 0.01362
0.314380 0.00983
0.30422 0.00603
0.29372 0.0023
0.283050 -0.001320
0.27231 -0.00477
0.26154 -0.00805
0.25074 -0.011140
0.23989 -0.01404
0.22893 -0.01676
0.2178100 -0.01934
0.20648 -0.0218
0.1949 -0.02418
0.18309 -0.02651
0.1711 -0.02881
0.15904 -0.031080
0.14706 -0.03331
0.13536 -0.03542
0.1241 -0.03736
0.11349 -0.03903
0.10362 -0.04035
0.09447 -0.04124
0.0859 -0.04168
0.07777 -0.04167
0.07001 -0.0412
0.06256 -0.04029
0.0554 -0.03895
0.04852 -0.03718
0.041940 -0.03502
0.03571 -0.03252
0.02992 -0.02975
0.02466 -0.02684
0.02003 -0.023920
0.01607 -0.02112
0.01276 -0.0185
0.01002 -0.01606
0.00777 -0.01379
0.005920 -0.01168
0.00441 -0.009720
0.00316 -0.00789
0.00216 -0.00617
0.00135 -0.004560
0.00074 -0.00304
0.00029 -0.00159
0.000055 -0.00022
-6e-05 0.00111
0.00013 0.00243
0.00076 0.00363
0.00184 0.00455
0.003220 0.00522
0.00483 0.005730
0.00669 0.00615
0.00883 0.00652
0.01133 0.00686
0.01432 0.00719
0.01797 0.00749
0.02253 0.007780
0.02832 0.00805
0.03561 0.00828
0.04438 0.008410
0.05422 0.00836
0.06481 0.00808
0.07607 0.00757
0.08789 0.00693
0.10009 0.00621
0.11246 0.00546
0.12481 0.00472
0.1370 0.00404
0.14901 0.00343
0.160830 0.00293
0.17244 0.00256
0.18388 0.00236
0.195140 0.00233
0.20626 0.00249
0.21725 0.00287
0.22812 0.00346
0.2389 0.00428
0.24958 0.00534
0.2602 0.00664
0.27074 0.00818
0.2812 0.00997
0.29156 0.012
0.30178 0.014260
0.31178 0.01674
0.32139 0.01938
0.33041 0.02214
0.33858 0.02492
0.345740 0.02767
0.35185 0.03034
0.357 0.03295
0.36129 0.035460
0.36566 0.03843
-Inserting Flap s1223rtl-
0.53228 0.13451
0.53161 0.13315
0.53064 0.13117
0.5294 0.12912
0.52779 0.127
0.52574 0.12468
0.52319 0.12207
0.52014 0.11917
0.5166 0.11599
0.51269 0.11264
0.5085 0.10919
0.50415 0.10572
0.49969 0.10227
0.495180 0.09889
0.49062 0.09559
0.48602 0.09237
0.481360 0.08923
0.47662 0.086160
0.47178 0.08313
0.46683 0.08012
0.46174 0.077110
0.45653 0.07409
0.45124 0.07105
0.44591 0.06801
0.44061 0.06501
0.43542 0.06210
0.43041 0.05936
0.42567 0.05684
0.42122 0.05461
0.41704 0.0527
0.41306 0.05109
0.40921 0.04978
0.40547 0.04873
0.4018 0.047950
0.39819 0.04742
0.39465 0.0471400
0.391190 0.04709
0.38784 0.04726
0.38465 0.04762
0.38169 0.048140
0.37902 0.04877
0.3767 0.04945
0.374710 0.05015
0.37301 0.05086
0.371580 0.051560
0.37036 0.05226
0.36933 0.05294
0.36844 0.0536
0.36769 0.05425
0.36704 0.05488
0.36651 0.0555
0.36606 0.05611
0.36571 0.05672
0.36545 0.05733
0.36533 0.05799
0.36543 0.058660
0.36579 0.05927
0.36633 0.05981
0.3670100 0.06031
0.36782 0.06081
0.36877 0.061340
0.3699 0.06191
0.37126 0.06254
0.37294 0.063280
0.37505 0.06416
0.37774 0.06523
0.38115 0.06653
0.38527 0.06802
0.38993 0.0696
0.39499 0.071190
0.40039 0.07278
0.40609 0.0744
0.41197 0.07604
0.417940 0.07770
0.4239 0.07937
0.42977 0.08103
0.43555 0.08269
0.44122 0.08438
0.44677 0.0861
0.45221 0.08786
0.45754 0.08968
0.46277 0.09157
0.46790 0.09354
0.47295 0.09559
0.4779100 0.0977300
0.48279 0.09997
0.48759 0.10231
0.49232 0.10476
0.49698 0.1073
0.50155 0.10995
0.506010 0.11268
0.51033 0.11548
0.51445 0.1183
0.51826 0.12107
0.52167 0.12371
0.52461 0.12618
0.52706 0.12844
0.52907 0.13051
0.5307 0.132390
0.53228 0.13451
-Inserting Flap s1223rtl-
0.65124 0.29392
0.65108 0.29241
0.65084 0.290210
0.6503800 0.28787
0.64959 0.28532
0.64846 0.28244
0.64696 0.27913
0.64508 0.27535
0.64284 0.271160
0.64031 0.26667
0.63756 0.26199
0.63465 0.25724
0.63164 0.25248
0.62856 0.24775
0.62541 0.24309
0.62218 0.2385
0.61888 0.23395
0.61548 0.22945
0.611970 0.22494
0.60834 0.22042
0.60459 0.21586
0.60073 0.21123
0.596790 0.20657
0.59282 0.20189
0.58887 0.19726
0.58499 0.19275
0.58122 0.18846
0.57763 0.18447
0.57421 0.18085
0.57093 0.17762
0.56774 0.17476
0.56458 0.1722
0.56142 0.169940
0.55823 0.16795
0.55503 0.16622
0.5518 0.16474
0.54856 0.16351
0.54535 0.16253
0.54223 0.16178
0.5392700 0.16125
0.53656 0.16093
0.53414 0.160770
0.53202 0.160750
0.53019 0.16084
0.52860 0.16101
0.52722 0.16125
0.52602 0.16153
0.52496 0.16185
0.52403 0.1622
0.52321 0.16258
0.52249 0.16297
0.521860 0.1634
0.52132 0.16384
0.52087 0.16433
0.52053 0.16491
0.5204 0.16557
0.52053 0.16627
0.52085 0.16697
0.52132 0.16767
0.52191 0.16842
0.52262 0.16923
0.52349 0.17016
0.52455 0.17122
0.52587 0.17249
0.52755 0.17404
0.52972 0.17596
0.53248 0.17835
0.53584 0.18115
0.53968 0.18423
0.54389 0.18746
0.54842 0.1908
0.55322 0.19427
0.55818 0.19783
0.56323 0.20143
0.56826 0.205030
0.57321 0.2086
0.57807 0.21214
0.58282 0.21567
0.58744 0.21918
0.59195 0.22270
0.59634 0.2262300
0.60061 0.22979
0.60476 0.2334
0.6088 0.23705
0.61273 0.240760
0.61655 0.24453
0.62026 0.248380
0.62387 0.25229
0.62737 0.25628
0.63076 0.26033
0.63402 0.26442
0.63713 0.26853
0.64003 0.27258
0.642670 0.27649
0.64497 0.28015
0.64689 0.28347
0.64842 0.28643
0.6496 0.28906
0.65048 0.291390
0.65124 0.29392
*.*.Setup: s1223rtl.txt as Flap 1, Inverted: y, Scale = 1.0, AoA = 6.0, Reposition from (0,0) = (0, 0)*.*.
*.*.Setup: s1223rtl.txt as Flap 2, Inverted: y, Scale = 0.5, AoA = 25.0, Reposition from previous T.E. = (0.0, 0.05), Reposition from (0,0) = (0.9945, 0.1545)*.*.
*.*.Setup: s1223rtl.txt as Flap 3, Inverted: y, Scale = 0.5, AoA = 45.0, Reposition from previous T.E. = (-0.03, 0.08), Reposition from (0,0) = (1.4177, 0.4458)*.*.
*.*.Setup: Scale Ratio = 0.36768*.*.