0.3781200000 -0.01858
0.37732 -0.01938
0.37572 -0.02094
0.37335 -0.02324
0.37033 -0.02611
0.36684 -0.02934
0.36303 -0.03274
0.35905 -0.03608
0.35505 -0.0392
0.351050 -0.04211
0.34705 -0.04482
0.34305 -0.04738
0.33905 -0.0498
0.33505 -0.05213
0.33105 -0.05437
0.32705 -0.05653
0.32305 -0.05861
0.31905 -0.06061
0.31505 -0.06254
0.31105 -0.0644
0.30705 -0.06619
0.30306 -0.06793
0.29906 -0.0696
0.29506 -0.07122
0.29106 -0.072780
0.28706 -0.07428
0.283060 -0.07572
0.27906 -0.07709
0.27506 -0.07839
0.27106 -0.07963
0.26706 -0.08082
0.26306 -0.08197
0.259060 -0.08308
0.25506 -0.08417
0.25106 -0.085220
0.24706 -0.08624
0.24306 -0.08722
0.23906 -0.08815
0.235060 -0.08903
0.23106 -0.089860
0.22706 -0.09063
0.22306 -0.09136
0.21906 -0.09204
0.21506 -0.09268
0.21106 -0.09327
0.20706 -0.09382
0.20306 -0.09434
0.19906 -0.09481
0.19506 -0.09525
0.19106 -0.09565
0.18706 -0.09601
0.18306 -0.09632
0.17906 -0.09659
0.17506 -0.09681
0.17106 -0.09698
0.16706 -0.09711
0.16306 -0.09718
0.15906 -0.09721
0.15506 -0.09719
0.15106 -0.09712
0.14706 -0.097
0.143060 -0.09683
0.13906 -0.09661
0.13506 -0.09633
0.13106 -0.096
0.12706 -0.09563
0.12306 -0.09522
0.119060 -0.09477
0.11506 -0.09428
0.11106 -0.09374
0.10706 -0.09315
0.10306 -0.092480
0.09906 -0.091740
0.095060 -0.0909
0.09106 -0.08997
0.08706 -0.08895
0.08306 -0.08784
0.07906 -0.08664
0.07506 -0.08535
0.07106 -0.08395
0.06706 -0.08242
0.06306 -0.08076
0.05906 -0.0789500
0.05506 -0.07697
0.05106 -0.0748300
0.04706 -0.072530
0.04307 -0.07007
0.03907 -0.06746
0.03507 -0.06469
0.03107 -0.0617
0.027070 -0.0584
0.02307 -0.054710
0.01907 -0.05056
0.01509 -0.04591
0.01128 -0.0409
0.00779 -0.0357
0.00477 -0.03049
0.0024 -0.02546
0.0008 -0.02076
0.000000 -0.01286
0.0008 -0.00987
0.0024 -0.00765
0.00477 -0.00628
0.00779 -0.00565
0.01128 -0.00562
0.01509 -0.00604
0.01907 -0.00676
0.02307 -0.00766
0.027070 -0.00871
0.03107 -0.00991
0.03507 -0.01123
0.03907 -0.01269
0.04307 -0.01426
0.04706 -0.01593
0.05106 -0.01769
0.05506 -0.01952
0.05906 -0.02141
0.06306 -0.02334
0.06706 -0.0253
0.07106 -0.02729
0.07506 -0.02928
0.07906 -0.03127
0.08306 -0.03324
0.08706 -0.03519
0.09106 -0.03712
0.095060 -0.03903
0.09906 -0.0409
0.10306 -0.04273
0.10706 -0.04453
0.11106 -0.04628
0.11506 -0.048
0.119060 -0.04967
0.12306 -0.0513
0.12706 -0.052880
0.13106 -0.05441
0.13506 -0.0559
0.13906 -0.057330
0.143060 -0.0587200
0.14706 -0.06006
0.15106 -0.06134
0.15506 -0.06257
0.15906 -0.06375
0.16306 -0.06487
0.16706 -0.06593
0.17106 -0.06693
0.17506 -0.06787
0.17906 -0.06875
0.18306 -0.06957
0.18706 -0.07033
0.19106 -0.071030
0.19506 -0.071680
0.19906 -0.07228
0.20306 -0.07284
0.20706 -0.073350
0.21106 -0.0738
0.21506 -0.07419
0.21906 -0.07451
0.22306 -0.07476
0.22706 -0.07493
0.23106 -0.07502
0.235060 -0.07505
0.23906 -0.075
0.24306 -0.07488
0.24706 -0.07468
0.25106 -0.074420
0.25506 -0.07407
0.259060 -0.07365
0.26306 -0.07314
0.26706 -0.07256
0.27106 -0.07188
0.27506 -0.07112
0.27906 -0.07028
0.283060 -0.06934
0.28706 -0.06831
0.29106 -0.06718
0.29506 -0.06595
0.29906 -0.06462
0.30306 -0.06317
0.30705 -0.06163
0.31105 -0.05999
0.31505 -0.05825
0.31905 -0.05643
0.32305 -0.05453
0.32705 -0.052550
0.33105 -0.05049
0.33505 -0.04836
0.33905 -0.04614
0.34305 -0.04386
0.34705 -0.04147
0.351050 -0.03897
0.35505 -0.03634
0.35905 -0.033550
0.36303 -0.03062
0.36684 -0.02767
0.37033 -0.02489
0.37335 -0.02243
0.37572 -0.020470
0.37732 -0.01914
0.3781200000 -0.01858
-Inserting Flap Ga2-
0.50617 0.06615
0.50603 0.06572
0.50575 0.06487
0.50532 0.06362
0.50476 0.06205
0.50411 0.06026
0.50336 0.05836
0.50255 0.05645
0.5017 0.05461
0.5008 0.05285
0.49987 0.05116
0.4989 0.04952
0.49792 0.04793
0.49692 0.04637
0.4959 0.04485
0.49486 0.04335
0.49382 0.04188
0.49275 0.04045
0.49168 0.03903
0.49059 0.037640
0.48949 0.03627
0.48838 0.03493
0.48726 0.03361
0.48613 0.0323
0.48499 0.031020
0.48383 0.02976
0.48267 0.02852
0.48149 0.027310
0.48030 0.02612
0.4791 0.02495
0.47789 0.02380
0.47667 0.02266
0.47545 0.02154
0.47422 0.02043
0.47299 0.01932
0.47175 0.01823
0.4705 0.01716
0.46924 0.0161
0.46798 0.01506
0.4667 0.01404
0.46542 0.01304
0.46412 0.01205
0.46282 0.01108
0.461510 0.01013
0.4602 0.00919
0.458870 0.00827
0.45754 0.00736
0.4562 0.00646
0.45485 0.00558
0.4535 0.00471
0.45214 0.00386
0.45077 0.003020
0.44939 0.0022
0.44801 0.00139
0.44661 0.00061
0.44521 -0.00016
0.4438 -0.00092
0.44238 -0.00165
0.44095 -0.00237
0.43951 -0.00308
0.43806 -0.00376
0.43661 -0.00442
0.43514 -0.00507
0.43367 -0.0057
0.43218 -0.00631
0.43069 -0.0069
0.42919 -0.00748
0.427680 -0.00805
0.42616 -0.0086
0.42464 -0.00913
0.42311 -0.00965
0.42156 -0.01014
0.42 -0.0106
0.41842 -0.01103
0.41683 -0.01142
0.41522 -0.01179
0.41359 -0.01212
0.41195 -0.01241
0.41029 -0.01268
0.40861 -0.01291
0.40691 -0.013090
0.40518 -0.01323
0.40342 -0.01331
0.40164 -0.01333
0.39982 -0.01329
0.39798 -0.0132
0.39611 -0.01305
0.39421 -0.01284
0.39228 -0.01258
0.39031 -0.01224
0.38829 -0.01179
0.386190 -0.0112
0.38401 -0.01045
0.38175 -0.00951
0.37948 -0.00842
0.37729 -0.0072
0.37527 -0.00589
0.37351 -0.004530
0.37209 -0.00315
0.370370 -0.00048
0.37011 0.00074
0.370280 0.00182
0.37088 0.00273
0.37184 0.00351
0.37308 0.00415
0.374510 0.0047
0.37606 0.00516
0.37765 0.00556
0.37926 0.00592
0.38091 0.00622
0.382570 0.00647
0.38426 0.00668
0.38597 0.00685
0.3877 0.00698
0.38945 0.00708
0.39121 0.00715
0.39297 0.0072
0.39475 0.00724
0.39653 0.00727
0.39832 0.00729
0.40011 0.0073
0.40189 0.007320
0.40368 0.00734
0.40546 0.00737
0.40723 0.00741
0.4090 0.00746
0.41077 0.00752
0.41253 0.00759
0.41428 0.007680
0.41602 0.00778
0.41776 0.0079
0.41949 0.00803
0.42121 0.00817
0.42292 0.00834
0.42463 0.00851
0.42632 0.00871
0.42801 0.00893
0.429690 0.00916
0.43135 0.009410
0.43301 0.009680
0.434660 0.00996
0.4363 0.01027
0.43793 0.01060
0.43955 0.010950
0.44116 0.01132
0.44275 0.01171
0.444340 0.01212
0.44591 0.01255
0.44748 0.013010
0.44903 0.01349
0.45057 0.01398
0.45211 0.014490
0.45363 0.01502
0.45515 0.01557
0.45666 0.01613
0.45816 0.01672
0.45964 0.01733
0.46111 0.01797
0.46257 0.01863
0.46401 0.01933
0.46544 0.02005
0.466860 0.02079
0.46826 0.02156
0.469650 0.02235
0.47103 0.02318
0.47239 0.02402
0.47374 0.0249
0.475070 0.02581
0.47639 0.02674
0.47769 0.02771
0.478980 0.02871
0.48025 0.02974
0.48151 0.0308
0.48275 0.03189
0.48397 0.03302
0.48517 0.03418
0.48635 0.03538
0.48752 0.036620
0.48866 0.0379
0.48979 0.03921
0.4909 0.04056
0.492 0.04193
0.49308 0.04334
0.49414 0.0447700
0.49519 0.04623
0.49623 0.04772
0.49725 0.04923
0.49826 0.05077
0.49926 0.05235
0.50023 0.05397
0.50118 0.05563
0.5021 0.05735
0.50298 0.05912
0.5038 0.06086
0.50454 0.062490
0.50517 0.06391
0.50566 0.06504
0.50599 0.0658
0.50617 0.06615
-Inserting Flap Ga2-
0.60203 0.20287
0.60208 0.20242
0.60218 0.20153
0.60231 0.2002100
0.60246 0.19856
0.60261 0.19666
0.60273 0.19462
0.60279 0.19254
0.60278 0.19051
0.6027 0.18854
0.60256 0.18661
0.60237 0.18472
0.602140 0.18286
0.60187 0.18103
0.60158 0.17922
0.60127 0.17743
0.60093 0.17566
0.60056 0.17391
0.60018 0.17218
0.59977 0.17046
0.59934 0.16876
0.598890 0.16707
0.59842 0.1654
0.59794 0.16375
0.59744 0.1621
0.59692 0.16048
0.59637 0.15886
0.59581 0.15727
0.59523 0.15569
0.59462 0.15413
0.594 0.15258
0.59337 0.151040
0.59273 0.1495100
0.59208 0.14798
0.59142 0.14647
0.59075 0.14496
0.59006 0.14346
0.58936 0.14197
0.58864 0.1405
0.58791 0.13904
0.58716 0.13759
0.5864 0.13616
0.58562 0.134740
0.58482 0.13332
0.58402 0.13192
0.5832 0.13053
0.58237 0.12915
0.58152 0.12777
0.58067 0.12641
0.5798 0.125060
0.578920 0.12371
0.57803 0.122380
0.57712 0.12106
0.5762 0.11975
0.57526 0.11845
0.57431 0.11716
0.573340 0.11589
0.57235 0.11463
0.57136 0.11338
0.57034 0.11214
0.56931 0.11091
0.56827 0.1097
0.5672 0.1085
0.56612 0.10732
0.56503 0.10614
0.56392 0.10498
0.5628 0.10383
0.56166 0.10268
0.56052 0.10155
0.55936 0.10043
0.55818 0.09932
0.55698 0.09823
0.55575 0.09716
0.5545 0.09611
0.553210 0.09509
0.5519 0.09409
0.55056 0.09311
0.549190 0.09215
0.54779 0.09122
0.54636 0.09031
0.54489 0.08943
0.54338 0.08859
0.54182 0.08778
0.5402 0.08702
0.53854 0.086290
0.53682 0.08561
0.53506 0.08497
0.533250 0.08436
0.53139 0.08379
0.52946 0.08328
0.52743 0.08284
0.52528 0.0825
0.52299 0.08228
0.52054 0.08218
0.51802 0.08223
0.51552 0.08242
0.51314 0.0827700
0.51097 0.08327
0.5091 0.08394
0.50643 0.08565
0.50569 0.08664
0.50539 0.08769
0.50555 0.08878
0.50610 0.08988
0.50695 0.09098
0.50803 0.09207
0.50924 0.093140
0.51052 0.09417
0.51184 0.09517
0.51321 0.09613
0.51462 0.097050
0.51606 0.09795
0.51755 0.09881
0.51907 0.09965
0.52061 0.10047
0.52218 0.10127
0.52376 0.102060
0.52536 0.10283
0.526970 0.1036
0.528580 0.10436
0.5302 0.10512
0.53182 0.10589
0.53343 0.106650
0.53503 0.10742
0.53663 0.10820
0.53822 0.10898
0.5398 0.10977
0.541370 0.110570
0.54292 0.111380
0.54447 0.1122
0.546 0.11303
0.54751 0.11387
0.54902 0.11472
0.55051 0.11559
0.55198 0.11646000
0.55344 0.11735
0.55488 0.118250
0.55631 0.11916
0.55772 0.120080
0.55912 0.12102
0.56049 0.12197
0.56186 0.12293
0.5632 0.12391
0.56452 0.1249
0.56583 0.1259
0.56712 0.12693
0.56839 0.12796
0.56964 0.12901
0.57087 0.13008
0.572080 0.13116
0.57327 0.13226
0.57446 0.13336
0.57562 0.134480
0.57678 0.13561
0.57791 0.13675
0.57903 0.137910
0.58012 0.13908
0.581190 0.14028
0.58223 0.14149
0.58326 0.14272
0.58425 0.14397
0.58523 0.14524
0.586190 0.14652
0.58712 0.14783
0.58803 0.14915
0.58891 0.15049
0.58977 0.15185
0.5906 0.15323
0.591410 0.15463
0.59219 0.15605
0.592950 0.15749
0.59367 0.15896
0.59437 0.16045
0.59504 0.16196
0.59568 0.16349
0.596290 0.16505
0.59686 0.16664
0.5974 0.16825
0.59791 0.16989
0.598380 0.1715500
0.59883 0.17324
0.59925 0.174940
0.59965 0.17667
0.60002 0.17842
0.60037 0.18018
0.60069 0.18197
0.60099 0.18377
0.60126 0.18559
0.60151 0.187440
0.60171 0.18932
0.60188 0.19122
0.602 0.19317
0.60206 0.19515
0.60208 0.19707
0.60208 0.198860
0.60205 0.20042
0.60203 0.20165
0.60201 0.20248
0.60203 0.20287
*.*.Setup: Ga2.txt as Flap 1, Inverted: y, Scale = 1.0, AoA = 0.0, Reposition from (0,0) = (0, 0)*.*.
*.*.Setup: Ga2.txt as Flap 2, Inverted: y, Scale = 0.4, AoA = 27.0, Reposition from previous T.E. = (-0.0267, 0.06), Reposition from (0,0) = (0.9733, 0.0109)*.*.
*.*.Setup: Ga2.txt as Flap 3, Inverted: y, Scale = 0.4, AoA = 51.666666666666664, Reposition from previous T.E. = (-0.01, 0.06), Reposition from (0,0) = (1.3287, 0.2349)*.*.
*.*.Setup: Scale Ratio = 0.37812*.*.