0.37785 -0.03182
0.37702 -0.032590
0.37536 -0.0341
0.372910 -0.03632
0.36979 -0.03908
0.366180 -0.0422
0.36225 -0.04546
0.35815 -0.04866
0.35404 -0.051650
0.34993 -0.05442
0.34583 -0.057
0.34174 -0.059410
0.33765 -0.061710
0.33357 -0.0639
0.32948 -0.066
0.32541 -0.06802
0.32133 -0.06996
0.31726 -0.07182
0.31318 -0.07361
0.30912 -0.07534
0.30505 -0.07699
0.30098 -0.07859
0.29692 -0.08013
0.29286 -0.08161
0.2888 -0.08303
0.28475 -0.08439
0.28069 -0.08569
0.27664 -0.08692
0.27259 -0.08808
0.26854 -0.08919
0.2645 -0.09024
0.26045 -0.09124
0.25641 -0.09222
0.25237 -0.09317
0.24833 -0.09409
0.24429 -0.09497
0.24025 -0.09581
0.23622 -0.0966
0.23218 -0.09734
0.22815 -0.09802
0.22412 -0.09866
0.22009 -0.09925
0.21606 -0.09979
0.21203 -0.10029
0.20801 -0.10074
0.20399 -0.101150
0.199960 -0.10153
0.19594 -0.10186
0.19193 -0.10216
0.18791 -0.10242
0.18389 -0.10264
0.17988 -0.10282
0.17586 -0.10294
0.17185 -0.103030
0.16784 -0.10306
0.16383 -0.10304
0.15983 -0.10298
0.15582 -0.10287
0.15182 -0.10271
0.14782 -0.1025
0.14382 -0.10224
0.13982 -0.10193
0.13582 -0.10156
0.13183 -0.10115
0.12784 -0.10068
0.12385 -0.10017
0.11986 -0.09962
0.11587 -0.09902
0.11188 -0.0983900
0.1079 -0.09772
0.10391 -0.09698
0.09993 -0.09618
0.09596 -0.09529
0.09198 -0.09432
0.08801 -0.09325
0.08404 -0.09209
0.08008 -0.090830
0.07611 -0.08949
0.07216 -0.08806
0.0682 -0.08651
0.06425 -0.084850
0.0603 -0.08305
0.05636 -0.08109
0.05243 -0.07897
0.04850 -0.07669
0.04458 -0.07424
0.04066 -0.07164
0.03675 -0.06889
0.03284 -0.06598
0.02894 -0.06284
0.02505 -0.05940
0.02118 -0.05557
0.01732 -0.05128
0.0135 -0.04648
0.00986 -0.041330
0.00655 -0.036
0.00371 -0.03069
0.00151 -0.02556
7e-05 -0.02081
-0.00045 -0.012870
0.00046 -0.0099
0.00213 -0.00774
0.00456 -0.00646
0.0076 -0.00593
0.01109 -0.00602
0.0149 -0.00657
0.01885 -0.00743
0.02282 -0.008480
0.02679 -0.00967
0.03075 -0.011
0.03471 -0.01247
0.03866 -0.01407
0.04261 -0.01578
0.04656 -0.01759
0.0505 -0.01949
0.05444 -0.021460
0.05838 -0.02349
0.06231 -0.02557
0.06625 -0.02767
0.07018 -0.0298
0.07412 -0.03193
0.07805 -0.034060
0.08198 -0.03618
0.08592 -0.03827
0.08986 -0.04035
0.09379 -0.04239
0.09773 -0.0444
0.10167 -0.04638
0.10561 -0.04831
0.10956 -0.05021
0.1135 -0.05207
0.11745 -0.05388
0.12139 -0.05565
0.12534 -0.05737
0.12929 -0.05905
0.13324 -0.06067
0.1372 -0.06225
0.14115 -0.063780
0.14511 -0.06526
0.14907 -0.06668
0.15303 -0.06806
0.15699 -0.06937
0.16096 -0.07063
0.16492 -0.07184
0.16889 -0.07298
0.17286 -0.07406
0.176840 -0.07508
0.18081 -0.07604
0.18479 -0.07694
0.18877 -0.077780
0.19275 -0.07857
0.19673 -0.07931
0.20072 -0.08001
0.2047 -0.08066
0.20869 -0.08126
0.21268 -0.08179
0.21667 -0.08225
0.22067 -0.08263
0.22467 -0.08294
0.22867 -0.083180
0.23267 -0.08334
0.23668 -0.08343
0.24068 -0.083450
0.24469 -0.083400
0.248710 -0.08327
0.25272 -0.083060
0.25674 -0.08278
0.26076 -0.08241
0.26479 -0.08196
0.26881 -0.08143
0.27285 -0.08081
0.27688 -0.0801
0.28092 -0.0793
0.28496 -0.07841
0.289 -0.07742
0.29305 -0.07633
0.2971 -0.07513
0.30115 -0.07383
0.30521 -0.07243
0.3092700 -0.07092
0.31333 -0.06933
0.3174 -0.06764
0.32147 -0.06588
0.32554 -0.06404
0.32962 -0.06211
0.3337 -0.06012
0.337780 -0.05804
0.34186 -0.05589
0.34595 -0.05365
0.35004 -0.05129
0.35414 -0.04879
0.35824 -0.04614
0.36232 -0.04334
0.36624 -0.04052
0.36983 -0.03786
0.37294 -0.0355
0.37538 -0.03362
0.37703 -0.03235
0.37785 -0.03182
-Inserting Flap Ga2-
0.53136 0.05305
0.53122 0.05262
0.53093 0.05177
0.5305 0.05052
0.52995 0.04895
0.529290 0.04716
0.52854 0.04525
0.52773 0.04334
0.52687 0.04149
0.525970 0.03973
0.52504 0.03803
0.524080 0.03639
0.52309 0.0348
0.52209 0.03324
0.52107 0.03171
0.52003 0.03021
0.51898 0.02875
0.51792 0.0273
0.516840 0.02589
0.51575 0.02450
0.51465 0.02313
0.51354 0.021780
0.51241 0.02045
0.51128 0.01915
0.51014 0.017860
0.50898 0.0166
0.507810 0.01536
0.50663 0.01415
0.50544 0.01295
0.50424 0.01178
0.50303 0.010630
0.501810 0.00949
0.50059 0.00837
0.49936 0.00725
0.49812 0.00615
0.49688 0.00506
0.49563 0.00398
0.494370 0.00292
0.4931 0.00188
0.49182 0.00086
0.490540 -0.00015
0.4892400 -0.00113
0.48794 -0.0021
0.48662 -0.00306
0.48531 -0.004
0.48398 -0.00492000
0.48264 -0.00583
0.4813 -0.00673
0.47995 -0.00762
0.4786 -0.00849
0.4772400 -0.00934
0.47586 -0.010180
0.474490 -0.011
0.4731 -0.01181
0.4717 -0.0126
0.4703 -0.01337
0.46888 -0.01413
0.46746 -0.01486
0.46603 -0.01558
0.46459 -0.01629
0.46314 -0.01697
0.46168 -0.01764
0.46021 -0.01829
0.45873 -0.01891
0.45725 -0.01953
0.45575 -0.02012
0.4542500 -0.0207
0.45274 -0.02127
0.45122 -0.02182
0.449690 -0.02236
0.44816 -0.02287
0.44661 -0.02336
0.44505 -0.02382
0.44347 -0.02425
0.44187 -0.02465
0.440260 -0.02501
0.43863 -0.02534
0.43698 -0.02564
0.43532 -0.02591
0.43363 -0.02613
0.43193 -0.026320
0.4302 -0.02645
0.42844 -0.02653
0.42665 -0.02655
0.42484 -0.02652
0.422990 -0.02642
0.42112 -0.02627
0.41921 -0.02607
0.41728 -0.02581
0.41531 -0.02547
0.41328 -0.02502
0.41118 -0.02443
0.409 -0.02367
0.40674 -0.02274
0.40446 -0.02164
0.40227 -0.02042
0.40025 -0.01911
0.39848 -0.01774
0.39706 -0.01636
0.39534 -0.013680
0.39508 -0.01247
0.39525 -0.01139
0.39584 -0.01047
0.39681 -0.00969
0.39805 -0.009050
0.39948 -0.0085
0.40103 -0.00804
0.40262 -0.00763
0.40424 -0.00728
0.40589 -0.00698
0.40756 -0.00673
0.40925 -0.00652
0.41096 -0.00635
0.4127 -0.00622
0.41444 -0.00612
0.4162 -0.006040
0.41798 -0.005990
0.41976 -0.00595
0.42154 -0.00593
0.42333 -0.0059100
0.42512 -0.00589
0.42691 -0.00587
0.42869 -0.00585
0.43048 -0.00582
0.43226 -0.00578
0.43403 -0.00573
0.43580 -0.005670
0.43756 -0.0056
0.43931 -0.00551
0.44106 -0.00541
0.4428 -0.0053
0.44453 -0.00517
0.44626 -0.00502
0.44797 -0.00486
0.44968 -0.004680
0.45138 -0.004480
0.45307 -0.00427
0.45475 -0.00403
0.45642 -0.003780
0.45808 -0.00351
0.45973 -0.00323
0.46137 -0.00292
0.463 -0.002590
0.46463 -0.002240
0.46624 -0.00187
0.467840 -0.00148
0.46942 -0.00107
0.471 -0.00063
0.47256 -0.000170
0.47412 0.000300
0.47567 0.0008
0.4772 0.001310
0.47873 0.00184
0.48025 0.00238
0.48176 0.00295
0.48326 0.00354
0.484750 0.00415
0.48622 0.00479
0.48768 0.00546
0.48913 0.00615
0.49056 0.00687
0.49198 0.00762
0.49338 0.00839
0.49478 0.00918
0.49615 0.01001
0.49752 0.01086
0.49887 0.01174
0.50021 0.01264
0.501530 0.013580
0.50283 0.01455
0.50412 0.01555
0.5054 0.01658
0.50665 0.01764
0.50789 0.01873
0.50912 0.01987
0.51032 0.02103
0.51151 0.02224
0.51267 0.02348
0.51382 0.02476
0.51495 0.02607
0.51606 0.02742
0.51716 0.02879
0.51824 0.0302
0.51931 0.031640
0.52036 0.0331
0.52140 0.03459
0.52242 0.0361
0.523440 0.037650
0.52443 0.03923
0.5254 0.04085
0.526350 0.04251
0.52727 0.04424
0.52816 0.04601
0.52898 0.04775
0.52972 0.04938
0.53035 0.05081
0.53084 0.05194
0.53117 0.0527
0.53136 0.05305
-Inserting Flap Ga2-
0.5945 0.2008
0.5946 0.20036
0.5948 0.19949
0.59508 0.19819
0.59543 0.196560
0.5958 0.19469
0.59615 0.19268
0.59645 0.19062
0.59668 0.1886
0.59683 0.18662
0.59691 0.18469
0.59694 0.18279
0.596930 0.18091
0.59688 0.17906
0.5968 0.17723
0.5967 0.17541
0.596570 0.17361
0.596410 0.17182
0.59622 0.170050
0.596020 0.1683
0.59579 0.16656
0.59554 0.16483
0.59527 0.16311
0.594980 0.16141
0.59467 0.15971
0.59434 0.15803
0.59399 0.15637
0.59361 0.15472
0.59322 0.15308
0.5928 0.15145
0.59236 0.149840
0.59191 0.14823
0.59145 0.14664
0.59098 0.14504
0.5905 0.14346
0.59001 0.14188
0.5895 0.14031
0.58897 0.13875
0.58843 0.1372
0.58787 0.135660
0.58729 0.13414
0.5867 0.13262
0.58609 0.13111
0.58547 0.12962
0.58483 0.12813
0.58418 0.12665
0.58351 0.12517
0.58283 0.12371
0.58214 0.12225
0.58143 0.120810
0.58071 0.119370
0.57998 0.11794
0.57923 0.11652
0.57846 0.11511
0.577680 0.11371
0.57688 0.11232
0.57607 0.11094
0.57524 0.10957
0.57439 0.10821
0.57352 0.10686
0.572640 0.10552
0.57174 0.10419
0.57082 0.102870
0.56989 0.10157
0.56894 0.10027
0.56797 0.09899
0.56699 0.09771
0.56599 0.09644
0.56498 0.09518
0.56396 0.09393
0.56291 0.092690
0.56185 0.09147
0.56075 0.090260
0.55962 0.08907
0.55847 0.0879
0.55728 0.08675
0.55606 0.08562
0.55481 0.08451
0.55352 0.08342
0.55220 0.08235
0.55084 0.08131
0.54944 0.08029
0.54798 0.07931
0.54646 0.07836
0.54489 0.07745
0.54326 0.07657
0.54158 0.07572
0.53985 0.07491
0.53807 0.074120
0.5362 0.07339
0.534240 0.07272
0.53214 0.07213
0.52988 0.07164
0.527460 0.07126
0.52495 0.07102
0.52244 0.07092
0.52003 0.070990
0.51782 0.07124
0.515880 0.07168
0.51302 0.07307
0.51217 0.07397
0.51175 0.07498
0.51178 0.07608
0.5122 0.07724
0.51292 0.07844
0.51387 0.079650
0.51495 0.08085
0.51610 0.08203
0.5173 0.08317
0.51854 0.08428
0.51984 0.08537
0.521180 0.08643
0.52255 0.08746
0.523960 0.08847
0.5254 0.08947
0.52687 0.09045
0.52836 0.09141
0.529860 0.09237
0.531370 0.09332
0.53288 0.09427
0.53441 0.09521
0.53592 0.09616
0.53744 0.09711
0.53895 0.09806
0.54045 0.09902
0.54194 0.09998
0.54341 0.10095
0.54488 0.10193
0.546330 0.10292
0.54777 0.10391
0.5492 0.10491
0.55061 0.10593
0.552010 0.10695
0.55339 0.10798
0.55475 0.10902
0.5561 0.11007
0.55743 0.111130
0.55875 0.11221
0.56004 0.113290
0.56132 0.11438
0.56258 0.11549
0.56383 0.1166
0.56505 0.11773
0.56625 0.11887
0.56744 0.120030
0.5686 0.12119
0.56974 0.12237
0.57086 0.12356
0.57196 0.124770
0.57304 0.12598
0.5741 0.12721
0.57515 0.12845
0.57618 0.1297
0.5772 0.13095
0.57819 0.13222
0.57917 0.1335
0.58012 0.1348
0.581040 0.13611
0.58194 0.13744
0.58281 0.13878
0.58366 0.14014
0.584490 0.14152
0.58529 0.14291
0.58606 0.144310
0.58681 0.145730
0.58754 0.14717
0.58823 0.148620
0.5889 0.15009
0.589540 0.151580
0.59016 0.15308
0.59074 0.15461
0.59129 0.15615
0.59181 0.15771
0.5923 0.15929
0.59276 0.16089
0.59318 0.16251
0.59357 0.16416
0.59392 0.16583
0.59423 0.167520
0.594510 0.16922
0.594760 0.17095
0.59498 0.1727000
0.59518 0.17446
0.59534 0.17624
0.59548 0.17804
0.59559 0.17986
0.59568 0.18168
0.59574 0.18353
0.59577 0.18539
0.59576 0.18728
0.5957 0.1892
0.59559 0.19115
0.59543 0.193120
0.59523 0.19504
0.59501 0.19682
0.59481 0.19837
0.59464 0.19959
0.59452 0.20041
0.5945 0.2008
*.*.Setup: Ga2.txt as Flap 1, Inverted: y, Scale = 1.0, AoA = -2.0, Reposition from (0,0) = (0, 0)*.*.
*.*.Setup: Ga2.txt as Flap 2, Inverted: y, Scale = 0.4, AoA = 27.0, Reposition from previous T.E. = (0.04, 0.06), Reposition from (0,0) = (1.0377, -0.024)*.*.
*.*.Setup: Ga2.txt as Flap 3, Inverted: y, Scale = 0.4, AoA = 58.333333333333336, Reposition from previous T.E. = (-0.06, 0.06), Reposition from (0,0) = (1.343, 0.2001)*.*.
*.*.Setup: Scale Ratio = 0.37873*.*.