0.378700000 -0.01861
0.37789 -0.01941
0.37629 -0.02098
0.37392 -0.02328
0.3709 -0.02615
0.3674 -0.02939
0.36358 -0.03279
0.3596 -0.03613
0.35559 -0.03926
0.351590 -0.04217
0.34758 -0.04489
0.34358 -0.04745
0.33957 -0.04988
0.33556 -0.05221
0.33156 -0.05446
0.32755 -0.05662
0.32355 -0.0587
0.31954 -0.0607
0.31554 -0.06263
0.31153 -0.0645
0.30752 -0.0663
0.30352 -0.06803
0.29951 -0.06971
0.29551 -0.07133
0.2915 -0.07290
0.28749 -0.0744
0.283490 -0.07583
0.27948 -0.07721
0.27548 -0.07851
0.27147 -0.07975
0.26746 -0.08094
0.26346 -0.08209
0.259450 -0.08321
0.25545 -0.0843
0.25144 -0.085350
0.24743 -0.08638
0.24343 -0.08736
0.23942 -0.08829
0.235420 -0.08917
0.23141 -0.089990
0.2274 -0.09077
0.2234 -0.0915
0.21939 -0.09218
0.21539 -0.09282
0.21138 -0.09341
0.20737 -0.09397
0.20337 -0.09448
0.19936 -0.09496
0.19536 -0.09539
0.19135 -0.09579
0.18734 -0.09615
0.18334 -0.09647
0.17933 -0.09674
0.17533 -0.09696
0.17132 -0.09713
0.16731 -0.09725
0.16331 -0.09733
0.1593 -0.09736
0.1553 -0.09734
0.15129 -0.09727
0.14729 -0.09715
0.143280 -0.09698
0.13927 -0.09675
0.13527 -0.09648
0.13126 -0.09615
0.12726 -0.09578
0.12325 -0.09536
0.119240 -0.09491
0.11524 -0.09442
0.11123 -0.09388
0.10723 -0.09329
0.10322 -0.092630
0.09921 -0.091880
0.095210 -0.09104
0.0912 -0.09011
0.0872 -0.08909
0.08319 -0.08798
0.07918 -0.08677
0.07518 -0.08548
0.07117 -0.08407
0.06717 -0.08255
0.06316 -0.08089
0.05915 -0.0790700
0.05515 -0.07709
0.05114 -0.0749400
0.04714 -0.072640
0.04313 -0.07018
0.03912 -0.06756
0.03512 -0.06479
0.03111 -0.06179
0.027110 -0.05848
0.0231 -0.054790
0.01909 -0.05064
0.01512 -0.04598
0.0113 -0.04096
0.0078 -0.03575
0.00478 -0.03053
0.0024 -0.02549
0.0008 -0.02079
0.000000 -0.01288
0.0008 -0.00988
0.0024 -0.00766
0.00478 -0.00629
0.0078 -0.00566
0.0113 -0.00563
0.01512 -0.00605
0.01909 -0.00677
0.0231 -0.00767
0.027110 -0.00873
0.03111 -0.00992
0.03512 -0.01125
0.03912 -0.01271
0.04313 -0.01428
0.04714 -0.01595
0.05114 -0.01771
0.05515 -0.01955
0.05915 -0.02144
0.06316 -0.02338
0.06717 -0.02534
0.07117 -0.02733
0.07518 -0.02932
0.07918 -0.03132
0.08319 -0.03329
0.0872 -0.03525
0.0912 -0.03718
0.095210 -0.03909
0.09921 -0.04096
0.10322 -0.0428
0.10723 -0.04459
0.11123 -0.04635
0.11524 -0.04807
0.119240 -0.04974
0.12325 -0.05137
0.12726 -0.052960
0.13126 -0.05449
0.13527 -0.05598
0.13927 -0.057420
0.143280 -0.0588100
0.14729 -0.06015
0.15129 -0.06144
0.1553 -0.06267
0.1593 -0.06385
0.16331 -0.06497
0.16731 -0.06603
0.17132 -0.06704
0.17533 -0.06798
0.17933 -0.06886
0.18334 -0.06968
0.18734 -0.07044
0.19135 -0.071140
0.19536 -0.071790
0.19936 -0.07239
0.20337 -0.07295
0.20737 -0.073460
0.21138 -0.07392
0.21539 -0.07431
0.21939 -0.07463
0.2234 -0.07487
0.2274 -0.07504
0.23141 -0.07514
0.235420 -0.07516
0.23942 -0.07511
0.24343 -0.07499
0.24743 -0.0748
0.25144 -0.074530
0.25545 -0.07419
0.259450 -0.07376
0.26346 -0.07326
0.26746 -0.07267
0.27147 -0.07199
0.27548 -0.07123
0.27948 -0.07038
0.283490 -0.06944
0.28749 -0.06841
0.2915 -0.06728
0.29551 -0.06605
0.29951 -0.06471
0.30352 -0.06327
0.30752 -0.06172
0.31153 -0.06008
0.31554 -0.05834
0.31954 -0.05652
0.32355 -0.05462
0.32755 -0.052630
0.33156 -0.05057
0.33556 -0.04843
0.33957 -0.04622
0.34358 -0.04392
0.34758 -0.04154
0.351590 -0.03903
0.35559 -0.0364
0.3596 -0.03360
0.36358 -0.03066
0.3674 -0.02771
0.3709 -0.02492
0.37392 -0.02246
0.37629 -0.02050
0.37789 -0.01917
0.378700000 -0.01861
-Inserting Flap Ga2-
0.49405 0.08933
0.49399 0.08888
0.49385 0.088
0.49365 0.08669
0.49338 0.085040
0.493040 0.08317
0.49264 0.08116
0.49217 0.07914
0.491650 0.077170
0.49107 0.07528
0.49044 0.07344
0.48978 0.07166
0.48908 0.06992
0.48836 0.06821
0.48762 0.06653
0.48686 0.06488
0.48609 0.06325
0.48529 0.061640
0.48447 0.06006
0.48364 0.0585
0.4828 0.05696
0.48193 0.05544
0.48106 0.05394
0.48017 0.05246
0.47927 0.051
0.47835 0.04955
0.47741 0.04813
0.47646 0.04673
0.4755 0.04535
0.47452 0.04399
0.473520 0.04264
0.47252 0.04131
0.47151 0.03999
0.47049 0.03868
0.46947 0.03737
0.46843 0.03608
0.467390 0.03481
0.46633 0.03354
0.46527 0.0323
0.46419 0.03107
0.46309 0.02986
0.46199 0.02866
0.46087 0.02748
0.45975 0.02631
0.45861 0.025160
0.45746 0.02402
0.45631 0.02289
0.45514 0.02177
0.45397 0.02067
0.45278 0.01957
0.45159 0.01850
0.45039 0.01743
0.44917 0.01638
0.44795 0.01535
0.44671 0.014330
0.44546 0.01332
0.4442 0.01233
0.44292 0.01136
0.44164 0.0104
0.44034 0.009460
0.43903 0.00853
0.43771 0.00762
0.43638 0.00673
0.43503 0.00586
0.43368 0.004990
0.43231 0.00415
0.43093 0.00332
0.42954 0.0025
0.42814 0.00169
0.42673 0.00090
0.42531 0.00012
0.42387 -0.000630
0.42241 -0.00135
0.420930 -0.00205
0.419420 -0.002720
0.4179 -0.00336
0.41635 -0.00397
0.41478 -0.00455
0.41319 -0.0051
0.41157 -0.00561
0.40993 -0.00609
0.40825 -0.00652
0.40653 -0.00691
0.40477 -0.00724
0.40298 -0.00752
0.401140 -0.007740
0.39927 -0.007920
0.39736 -0.00805
0.39541 -0.00813
0.39341 -0.00814
0.39134 -0.00804
0.38917 -0.00783
0.386890 -0.00747
0.38449 -0.00694
0.38207 -0.00625
0.37969 -0.00543
0.37747 -0.00449
0.3755 -0.00345
0.37386 -0.002340
0.3717 -0.000004
0.371230 0.00115
0.37121 0.00224
0.37164 0.00325
0.37245 0.00418
0.37356 0.00503
0.37488 0.00582
0.37633 0.00655
0.37782 0.00722
0.37936 0.007850
0.38092 0.00843
0.38252 0.00897
0.38415 0.00947
0.38581 0.00993
0.3875 0.01036
0.3892 0.01077
0.39092 0.01114
0.39266 0.0115
0.3944 0.01185
0.39615 0.01219
0.39791 0.01252
0.39967 0.01284
0.40143 0.013170
0.40319 0.0135
0.40494 0.01384
0.40668 0.014190
0.40842 0.014550
0.41015 0.01491
0.411870 0.01529
0.41359 0.01568
0.415290 0.01608
0.41698 0.0165
0.41866 0.01693
0.42034 0.017370
0.422 0.01783
0.42365 0.0183
0.42529 0.01879
0.42691 0.0193
0.42853 0.01982
0.43013 0.02035
0.43172 0.02091
0.43329 0.02148
0.43486 0.02207
0.43641 0.02267
0.43794 0.0233
0.43946 0.02394
0.44097 0.0246
0.44246 0.025290
0.44394 0.02599
0.4454 0.02671
0.446850 0.02745
0.44829 0.02821
0.44971 0.02898
0.45113 0.02976
0.45253 0.03057
0.45392 0.03138
0.45529 0.03222
0.45665 0.03309
0.45799 0.03397
0.45931 0.03488
0.46061 0.03582
0.461900 0.03677
0.46316 0.03775
0.46441 0.03876
0.46565 0.039780
0.46686 0.04083
0.46806 0.041910
0.46924 0.04301
0.47039 0.04413
0.47153 0.04528
0.47265 0.04646
0.47375 0.04767
0.47482 0.04891
0.47588 0.05017
0.476910 0.05147
0.47791 0.05279
0.4789 0.05415
0.47986 0.05554
0.480790 0.05697
0.4817 0.05842
0.48258 0.059910
0.48344 0.06143
0.48428 0.06298
0.4851 0.06455
0.48591 0.06615
0.486690 0.06777
0.487450 0.06942
0.4882 0.07109
0.48893 0.07279
0.48963 0.07452
0.49031 0.07628
0.49095 0.0780900
0.49156 0.07994
0.49213 0.08184
0.49264 0.0837
0.49308 0.08544
0.49345 0.08695
0.493740 0.08815
0.4939300 0.08896
0.49405 0.08933
-Inserting Flap Ga2-
0.60264 0.21769
0.60264 0.21723
0.602630 0.21634
0.60261 0.21501
0.60257 0.21335
0.60249 0.21144
0.60237 0.2094
0.6022 0.20733
0.60195 0.20531
0.60164 0.20336
0.60127 0.20145
0.60086 0.1996
0.60042 0.19778
0.59995 0.195980
0.59945 0.19421
0.59893 0.19247
0.59838 0.19075
0.59781 0.18905
0.59723 0.187370
0.59662 0.18571
0.596 0.18407
0.59536 0.182440
0.5947 0.18084
0.59402 0.17924
0.59333 0.17767
0.59262 0.17611
0.59190 0.17457
0.59115 0.17305
0.59039 0.17155
0.58961 0.17007
0.58881 0.16859
0.588 0.16714
0.58718 0.16569
0.58636 0.16425
0.58553 0.16282
0.58468 0.16139
0.58383 0.15998
0.58296 0.158590
0.58207 0.1572
0.58117 0.15584
0.58026 0.154490
0.57933 0.15315
0.57839 0.15182
0.577440 0.15051
0.57647 0.14921
0.5755 0.14792
0.57451 0.14664
0.57351 0.145370
0.5725 0.144110
0.57148 0.142870
0.57045 0.14163000
0.5694100 0.14041
0.56835 0.13920
0.56728 0.13801
0.5662 0.13682
0.56510 0.13566
0.56399 0.1345
0.56286 0.13336
0.56172 0.13223
0.56057 0.13112
0.5594 0.13002
0.55822 0.12893
0.55702 0.12787
0.55581 0.12681
0.55459 0.12577
0.55335 0.12474
0.5521 0.12373
0.55084 0.12272
0.54957 0.12173
0.54828 0.12075
0.54698 0.11978
0.54566 0.11884
0.54431 0.11791
0.54295 0.11702
0.54155 0.11615
0.54013 0.1153
0.53868 0.11449
0.53721 0.11369
0.53571 0.11293
0.53418 0.11219
0.53261 0.1114900
0.53101 0.110830
0.52936 0.11021
0.52767 0.10963
0.52593 0.10911
0.52414 0.10863
0.52231 0.108190
0.5204400 0.1078
0.51852 0.10745
0.51654 0.10716
0.51447 0.10696
0.5123 0.10688
0.50999 0.10692
0.50755 0.10711
0.50505 0.10745
0.50258 0.10793
0.50025 0.10855
0.49816 0.10931
0.49637 0.11018
0.49391 0.11220
0.49329 0.11327
0.49311 0.11435
0.4934 0.11541
0.494070 0.11644
0.49505 0.11744
0.49625 0.1184
0.49758 0.11933
0.49897 0.1202
0.50040 0.12104
0.50187 0.12183
0.503380 0.12259
0.50493 0.12331
0.5065 0.124
0.50811 0.12466
0.50974 0.12529
0.51139 0.12591
0.51306 0.12651
0.514740 0.12709
0.51643 0.12767
0.51813 0.12824
0.51982 0.12881
0.52152 0.12938
0.52321 0.12995
0.5249 0.13053
0.52658 0.13112
0.52825 0.13171
0.529910 0.13232
0.53157 0.13293
0.53321 0.13355
0.53484 0.13419
0.53646 0.13484
0.53806 0.1355
0.539660 0.13617
0.54124 0.13685
0.5428 0.13755
0.54436 0.13826
0.5459 0.13899
0.54743 0.13973
0.54894 0.140480
0.5504300 0.14125
0.55192 0.14204
0.55338 0.14284
0.55483 0.14365
0.5562700 0.14449
0.55768 0.14534
0.55908 0.1462
0.56047 0.14709
0.56183 0.14799
0.56318 0.14891
0.56451 0.14984
0.56583 0.150790
0.56713 0.15175
0.56842 0.15273
0.5697 0.15371
0.57096 0.15472
0.5722 0.15574
0.57343 0.15678
0.57463 0.15785
0.57581 0.15893
0.57697 0.16004
0.57811 0.16117
0.57923 0.162310
0.580330 0.16348
0.58141 0.16467
0.582460 0.165880
0.5835 0.167110
0.58451 0.16836
0.5855 0.16964
0.58647 0.17094
0.58741 0.17226
0.58833 0.17361
0.58922 0.17498
0.59009 0.17638
0.59093 0.1778
0.59174 0.17926
0.59253 0.18074
0.59328 0.18225
0.59401 0.18379
0.5947 0.18536
0.59537 0.18696
0.59601 0.18858
0.59663 0.19023
0.59723 0.1919
0.5978 0.1936
0.59835 0.19531
0.59888 0.19705
0.59938 0.19881
0.59987 0.20059
0.60033 0.2024
0.60075 0.20424
0.60114 0.20612
0.60148 0.20805
0.60177 0.21
0.60202 0.21192
0.60222 0.21369
0.60238 0.21524
0.60249 0.21647
0.60257 0.2173
0.60264 0.21769
*.*.Setup: Ga2.txt as Flap 1, Inverted: y, Scale = 1.0, AoA = 0.0, Reposition from (0,0) = (0, 0)*.*.
*.*.Setup: Ga2.txt as Flap 2, Inverted: y, Scale = 0.4, AoA = 37.0, Reposition from previous T.E. = (-0.0267, 0.06), Reposition from (0,0) = (0.9733, 0.0109)*.*.
*.*.Setup: Ga2.txt as Flap 3, Inverted: y, Scale = 0.4, AoA = 45.0, Reposition from previous T.E. = (-0.01, 0.07), Reposition from (0,0) = (1.2946, 0.3059)*.*.
*.*.Setup: Scale Ratio = 0.3787*.*.