0.38129 -0.03211
0.38045 -0.032890
0.37878 -0.03441
0.37630 -0.03665
0.37316 -0.03944
0.369510 -0.04258
0.36554 -0.04587
0.36141 -0.04911
0.35726 -0.052120
0.35312 -0.05492
0.34898 -0.05752
0.34485 -0.059960
0.34072 -0.062270
0.3366 -0.06448
0.33248 -0.0666
0.32837 -0.06864
0.32425 -0.07059
0.32014 -0.07247
0.31603 -0.07428
0.31193 -0.07602
0.30782 -0.07769
0.30372 -0.07931
0.29962 -0.08086
0.29553 -0.08235
0.29143 -0.08379
0.28734 -0.08516
0.28325 -0.08647
0.27916 -0.08771
0.27507 -0.08888
0.27099 -0.09
0.26691 -0.09106
0.26282 -0.09208
0.25875 -0.09306
0.25467 -0.09402
0.25059 -0.09494
0.24651 -0.09583
0.24244 -0.09668
0.23836 -0.09748
0.23429 -0.09822
0.23022 -0.09891
0.22616 -0.09956
0.22209 -0.10015
0.21803 -0.1007
0.21396 -0.1012
0.2099 -0.10166
0.20584 -0.102070
0.201780 -0.10245
0.19773 -0.10279
0.19367 -0.10309
0.18962 -0.10335
0.18556 -0.10357
0.18151 -0.10375
0.17746 -0.10388
0.17342 -0.103960
0.16937 -0.104
0.16532 -0.10398
0.16128 -0.10392
0.15724 -0.1038
0.1532 -0.10364
0.14916 -0.10343
0.14513 -0.10317
0.14109 -0.10286
0.13706 -0.10249
0.13303 -0.10207
0.129 -0.1016
0.12497 -0.10108
0.12095 -0.10052
0.11692 -0.09992
0.1129 -0.0992900
0.10888 -0.09861
0.10486 -0.09787
0.10084 -0.09705
0.09683 -0.09616
0.09282 -0.09518
0.08881 -0.0941
0.08481 -0.09292
0.0808 -0.091660
0.07681 -0.09031
0.07281 -0.08886
0.06882 -0.0873
0.06483 -0.085620
0.06085 -0.0838
0.05688 -0.08183
0.05291 -0.07969
0.048940 -0.07739
0.04498 -0.07492
0.04103 -0.0723
0.03708 -0.06952
0.03314 -0.06658
0.0292 -0.06341
0.02528 -0.059940
0.02137 -0.05608
0.01748 -0.05174
0.01363 -0.04691
0.00995 -0.041710
0.00661 -0.03633
0.00375 -0.03097
0.00153 -0.0258
8e-05 -0.021
-0.00045 -0.012990
0.00046 -0.00999
0.00215 -0.00781
0.0046 -0.00651
0.00767 -0.00599
0.0112 -0.00608
0.01503 -0.00663
0.01902 -0.0075
0.02303 -0.008550
0.02703 -0.00976
0.03103 -0.0111
0.03502 -0.01258
0.03901 -0.01419
0.043 -0.01592
0.04698 -0.01775
0.05096 -0.01967
0.05493 -0.021660
0.05891 -0.02371
0.06288 -0.0258
0.06685 -0.02793
0.07082 -0.03007
0.07479 -0.03222
0.07876 -0.034370
0.08273 -0.03651
0.0867 -0.03862
0.09067 -0.04071
0.09465 -0.04277
0.09862 -0.0448
0.1026 -0.0468
0.10657 -0.04875
0.11055 -0.05067
0.11453 -0.05254
0.11851 -0.05437
0.1225 -0.05615
0.12648 -0.05789
0.13047 -0.05958
0.13446 -0.06123
0.13845 -0.06282
0.14244 -0.064360
0.14643 -0.06585
0.15042 -0.06729
0.15442 -0.06868
0.15842 -0.07
0.16242 -0.07128
0.16642 -0.07249
0.17043 -0.07364
0.17444 -0.07474
0.178440 -0.07577
0.18246 -0.07673
0.18647 -0.07764
0.19049 -0.078490
0.1945 -0.07929
0.19852 -0.08004
0.20254 -0.08074
0.20656 -0.0814
0.21059 -0.082
0.21462 -0.08253
0.21864 -0.08299
0.22268 -0.08338
0.22671 -0.0837
0.23075 -0.083930
0.23479 -0.0841
0.23883 -0.08419
0.24287 -0.084210
0.24692 -0.0841500
0.250970 -0.08403
0.25502 -0.083820
0.25908 -0.08353
0.26314 -0.08316
0.2672 -0.08271
0.27126 -0.08217
0.27533 -0.08154
0.2794 -0.08083
0.28347 -0.08002
0.28755 -0.07912
0.29163 -0.07813
0.29571 -0.07703
0.2998 -0.07582
0.30389 -0.0745
0.30799 -0.07308
0.3120800 -0.07157
0.31619 -0.06996
0.32029 -0.06826
0.3244 -0.06648
0.32851 -0.06462
0.33262 -0.06268
0.33674 -0.06066
0.340850 -0.05857
0.34497 -0.0564
0.3491 -0.05413
0.35323 -0.05175
0.35736 -0.04923
0.3615 -0.04655
0.36562 -0.04373
0.36957 -0.04089
0.3732 -0.0382
0.37633 -0.03583
0.3788 -0.03393
0.38046 -0.03265
0.38129 -0.03211
-Inserting Flap Ga2-
0.51071 0.05353
0.51057 0.0531
0.51028 0.05224
0.50985 0.05098
0.50929 0.04939
0.50863 0.04759
0.50787 0.04566
0.50706 0.04373
0.50619 0.04187
0.50528 0.04009
0.50434 0.03838
0.50337 0.03672
0.50237 0.03511
0.50136 0.03354
0.50033 0.032
0.499280 0.03049
0.49822 0.02901
0.49715 0.02755
0.49606 0.02612
0.49496 0.024720
0.493850 0.02334
0.49273 0.021980
0.4916 0.02064
0.49045 0.01932
0.4893 0.018030
0.48813 0.01675
0.48696 0.0155
0.48577 0.01427
0.48457 0.01307
0.48335 0.01189
0.48213 0.010730
0.4809 0.00958
0.47966 0.00844
0.478420 0.00732
0.47717 0.0062
0.47592 0.0051
0.47466 0.00402
0.47339 0.00295
0.47211 0.0019
0.47082 0.00087
0.46952 -0.00015
0.46821 -0.00114
0.46690 -0.00212
0.46557 -0.00309
0.464240 -0.00404
0.4629 -0.00497000
0.46156 -0.00589
0.46020 -0.00679
0.458840 -0.00768
0.45747 -0.00856
0.4561 -0.00943
0.45472 -0.010270
0.45333 -0.0111
0.45192 -0.01192
0.45052 -0.01271
0.4491 -0.01349
0.44767 -0.01425
0.44623 -0.015
0.44479 -0.01573
0.44334 -0.01643
0.441870 -0.01713
0.4404 -0.0178
0.43892 -0.01845
0.43743 -0.01909
0.43593 -0.0197
0.43442 -0.0203
0.4329 -0.02089
0.43138 -0.02146
0.42985 -0.02202
0.42831 -0.02256
0.42676 -0.02308
0.4252 -0.02357
0.42362 -0.02404
0.422020 -0.02447
0.42041 -0.02487
0.41878 -0.02524
0.417140 -0.02557
0.41548 -0.02587
0.41380 -0.02614
0.4121 -0.02637
0.41038 -0.026560
0.40864 -0.02669
0.40686 -0.02677
0.40506 -0.0268
0.40322 -0.02676
0.40136 -0.02666
0.39947 -0.02651
0.39755 -0.02631
0.3956 -0.02604
0.39361 -0.0257
0.39156 -0.02524
0.38945 -0.02465
0.38724 -0.02389
0.38496 -0.02294
0.38266 -0.02184
0.38045 -0.0206
0.37841 -0.01928
0.37663 -0.0179
0.37519 -0.01651
0.37346 -0.013810
0.37319 -0.01258
0.37336 -0.01149
0.37397 -0.01056
0.37494 -0.00978
0.37619 -0.009130
0.37764 -0.00858
0.3792 -0.00811
0.380810 -0.0077
0.38244 -0.00735
0.3841 -0.00704
0.38579 -0.00679
0.3875 -0.00658
0.38922 -0.00641
0.390970 -0.00627
0.39274 -0.00617
0.39451 -0.00610
0.3963 -0.006050
0.3981 -0.00601
0.3999 -0.00598
0.4017 -0.0059600
0.40351 -0.00595
0.40531 -0.00593
0.40712 -0.0059
0.40892 -0.00587
0.41071 -0.00583
0.4125 -0.00579
0.41429 -0.005720
0.41606 -0.00565
0.41783 -0.00556
0.4196 -0.00546
0.42135 -0.00535
0.4231 -0.00521
0.42484 -0.00507
0.42657 -0.0049
0.42829 -0.004720
0.43001 -0.004520
0.43171 -0.0043
0.43341 -0.00407
0.43509 -0.003820
0.43677 -0.00355
0.43844 -0.00326
0.44009 -0.00294
0.44174 -0.002610
0.44338 -0.002260
0.4450 -0.00189
0.44661 -0.00149
0.44822 -0.00108
0.44981 -0.00064
0.45139 -0.000180
0.45296 0.0003100
0.45452 0.00081
0.45607 0.001320
0.45761 0.00186
0.45915 0.00241
0.46067 0.00298
0.46218 0.00357
0.46368 0.00419
0.46517 0.00484
0.46664 0.00551
0.4681 0.00621
0.46954 0.00693
0.47098 0.00769
0.47239 0.00846
0.4738 0.00927
0.47519 0.0101
0.47657 0.01096
0.47793 0.01184
0.47928 0.01276
0.48061 0.01370
0.48193 0.01468
0.48323 0.01569
0.48452 0.01673
0.48579 0.0178
0.48704 0.01891
0.48827 0.02005
0.48949 0.02122
0.49068 0.02244
0.49186000 0.02369
0.49302 0.02498
0.49416 0.02631
0.49528 0.02767
0.49638 0.02906
0.49748 0.03048
0.49855 0.031920
0.49962 0.0334
0.50067 0.0349
0.5017 0.03643
0.50272 0.037990
0.50372 0.03958
0.50471 0.04122
0.50566 0.0429
0.50659 0.04464
0.50749 0.04643
0.508320 0.04819
0.50907 0.04983
0.5097 0.05127
0.51020 0.05241
0.51053 0.05318
0.51071 0.05353
-Inserting Flap Ga2-
0.59354 0.20263
0.59365 0.20218
0.593840 0.2013
0.59413 0.2
0.59448 0.198350
0.59485 0.19646
0.59521 0.19443
0.59551 0.19236
0.59574 0.19032
0.59589 0.18832
0.59597 0.18637
0.596 0.18445
0.59599 0.18256
0.595940 0.18069
0.59587 0.17884
0.59576 0.177
0.59562 0.17519
0.59546 0.17339
0.59528 0.17160
0.59507 0.16983
0.59484 0.16807
0.5945900 0.16633
0.59431 0.16459
0.59402 0.16287
0.59371 0.16117
0.59338 0.15947
0.59302 0.15779
0.59264 0.15612
0.59224 0.15447
0.59182 0.15283
0.59138 0.15120
0.59093 0.14958
0.59046 0.14797
0.58999 0.14636
0.5895 0.14476
0.589 0.14317
0.58849 0.14159
0.58796 0.14001
0.58742 0.13845
0.58685 0.13690
0.58627 0.13536
0.58567 0.13383
0.58506 0.13231
0.58443 0.13079
0.58378 0.12929
0.58312 0.1278
0.58245 0.12631
0.58176 0.12484
0.58107 0.12337
0.58035 0.121910
0.579630 0.120450
0.57889 0.11901
0.57813 0.11758
0.577360 0.11615
0.57657 0.11474
0.57576 0.11334
0.57494 0.11195
0.5741 0.11056
0.57324 0.10919
0.57237 0.10783
0.57148 0.10648
0.57057 0.10514
0.56965 0.103810
0.5687 0.10249
0.56774 0.10118
0.56677 0.09989
0.56578 0.0986
0.56477 0.09732
0.563750 0.09605
0.56272 0.09478
0.561670 0.093530
0.56059 0.0923
0.559480 0.091080
0.55835 0.08988
0.55718 0.0887
0.55598 0.08754
0.55475 0.0864
0.55348 0.08528
0.55219 0.08418
0.55086 0.0831
0.54949 0.08205
0.54807 0.08102
0.54659 0.08003
0.545060 0.07907
0.54348 0.07815
0.54184 0.07726
0.540140 0.07641
0.5384 0.07559
0.53659 0.07480
0.53471 0.07406
0.53273 0.07338
0.53061 0.07279
0.52834 0.07229
0.52589 0.07191
0.523360 0.07166
0.52083 0.07157
0.5184 0.071630
0.51616 0.07189
0.51421 0.07233
0.51132 0.07373
0.51046 0.07464
0.51003 0.07567
0.51007 0.07677
0.510490 0.07794
0.51122 0.07915
0.51217 0.080380
0.513260 0.08159
0.51442 0.08277
0.51563 0.08393
0.51689 0.08505
0.5182 0.08614
0.51955 0.08721
0.52094 0.08826
0.52236 0.08928
0.52382 0.09028
0.52529 0.09127
0.52679 0.09224
0.52831 0.09321
0.52983 0.09417
0.53136 0.09512
0.5329 0.09608
0.53443 0.09703
0.53596 0.09799
0.53748 0.09895
0.53899 0.09992
0.5405 0.10089
0.54199 0.10187
0.54347 0.10286
0.54494 0.10385
0.54639 0.10486
0.54783 0.10587
0.54925 0.10689
0.55066 0.10792
0.55205 0.10896
0.55343 0.11001
0.554790 0.11107
0.55613 0.112150
0.55746 0.11323
0.55877 0.114320
0.56006 0.11542
0.56133 0.11654
0.56259 0.11767
0.56382 0.1188
0.56504 0.11996
0.56623 0.121120
0.5674 0.1223
0.56855 0.12348
0.56968 0.12469
0.57079 0.12590
0.57188 0.12713
0.57296 0.12837
0.57401 0.12962
0.575050 0.13088
0.576080 0.13214
0.57708 0.13342
0.57807 0.13472
0.57903 0.13603
0.57996 0.13735
0.58087 0.13869
0.58175 0.14005
0.5826 0.14142
0.58344 0.1428
0.58424 0.14421
0.58503 0.145620
0.58578 0.147060
0.58651 0.14851
0.58722 0.149970
0.58789 0.15146
0.58854 0.152960
0.58916 0.15448
0.58974 0.15601
0.5903 0.15757
0.59083 0.15915
0.59132 0.16074
0.59178 0.16236
0.59221 0.16399
0.5926 0.16565
0.592950 0.16734
0.593270 0.169040
0.59355 0.17076
0.5938 0.17251
0.59403 0.17427000
0.59422 0.17605
0.59439 0.17785
0.594530 0.17966
0.59464 0.18149
0.59473 0.18334
0.59479 0.1852
0.59482 0.18708
0.59481 0.18899
0.59475 0.19092
0.59464 0.19289
0.59448 0.194880
0.59427 0.19682
0.59406 0.19861
0.593850 0.20017
0.59368 0.2014
0.59356 0.20223
0.59354 0.20263
*.*.Setup: Ga2.txt as Flap 1, Inverted: y, Scale = 1.0, AoA = -2.0, Reposition from (0,0) = (0, 0)*.*.
*.*.Setup: Ga2.txt as Flap 2, Inverted: y, Scale = 0.4, AoA = 27.0, Reposition from previous T.E. = (-0.0267, 0.06), Reposition from (0,0) = (0.971, -0.024)*.*.
*.*.Setup: Ga2.txt as Flap 3, Inverted: y, Scale = 0.4, AoA = 58.333333333333336, Reposition from previous T.E. = (-0.01, 0.06), Reposition from (0,0) = (1.3263, 0.2001)*.*.
*.*.Setup: Scale Ratio = 0.38217*.*.