0.39237 -0.005570
0.39157 -0.00643
0.38997 -0.0081
0.38760 -0.010570
0.38458 -0.01365
0.38108 -0.01713
0.37725 -0.02078
0.37326 -0.02438
0.36923 -0.02777
0.36519 -0.03092
0.361140 -0.03388
0.35709 -0.03667
0.35304 -0.03933
0.34898 -0.04189
0.34491 -0.04435
0.34085 -0.04673
0.33678 -0.04903
0.33271 -0.051240
0.328630 -0.05339
0.324560 -0.05546
0.32048 -0.05746
0.3164 -0.05941
0.31232 -0.06129
0.30823 -0.06311
0.30414 -0.06487
0.30006 -0.06657
0.29596 -0.0682
0.29187 -0.06976
0.28777 -0.07126
0.28367 -0.072690
0.27957 -0.07406
0.275470 -0.0754
0.27137 -0.07669
0.26726 -0.07796
0.26316 -0.0792
0.25905 -0.08041
0.25494 -0.08156
0.250830 -0.08267
0.24672 -0.08373
0.24261 -0.08473
0.23849 -0.08567
0.23438 -0.086570
0.23026 -0.08742
0.22614 -0.0882300
0.22201 -0.08899
0.21789 -0.0897
0.21377 -0.09038
0.20964 -0.09102
0.20551 -0.09161
0.20138 -0.09217
0.19725 -0.09269
0.19312 -0.09316
0.18899 -0.09358
0.18485 -0.09395
0.18071 -0.09428
0.17657 -0.09455
0.17243 -0.09477
0.16829 -0.09495
0.16415 -0.09507
0.16 -0.09514
0.15585 -0.09517
0.1517 -0.09513
0.14755 -0.09505
0.1434 -0.09491
0.13924 -0.094710
0.13509 -0.09447
0.13093 -0.09419
0.12677 -0.09386
0.12261 -0.09350
0.11844 -0.09309
0.114280 -0.09262
0.11011 -0.09208
0.10594 -0.09145
0.10177 -0.09073
0.097590 -0.08991
0.09341 -0.089
0.08922 -0.08799
0.08504 -0.08689
0.08085 -0.0857
0.07665 -0.08439
0.07246 -0.082960
0.06825 -0.08138
0.06404 -0.07965
0.05983 -0.07775
0.05561 -0.07567
0.05138 -0.07343
0.04715 -0.07103
0.04291 -0.06847
0.03867 -0.06575
0.03441 -0.06279
0.03015 -0.05951
0.02587 -0.05584
0.02158 -0.05169
0.0173 -0.047010
0.01316 -0.04196
0.00936 -0.0367
0.006050 -0.03141
0.00341 -0.02628
0.00158 -0.02148
0.00047 -0.013320
0.00119 -0.01019
0.00276 -0.00784
0.00517 -0.00633
0.00827 -0.00558
0.01189 -0.00542
0.01585 -0.00571
0.02 -0.00631
0.02417 -0.0071
0.028350 -0.00805
0.03254 -0.00914
0.03673 -0.01037
0.04093 -0.01173
0.04513 -0.01321
0.04933 -0.0148
0.05354 -0.01647
0.057750 -0.01823
0.06196 -0.020040
0.06617 -0.0219
0.070390 -0.02379
0.0746 -0.0257
0.07882 -0.027620
0.08304 -0.02953
0.087250 -0.03143
0.09146 -0.03331
0.09568 -0.03516
0.09989 -0.03699
0.1041 -0.03878
0.10831 -0.04054
0.11252 -0.04225
0.11673 -0.04393
0.12093 -0.04556
0.12514 -0.04715
0.12934 -0.04869
0.13354 -0.05018
0.13774 -0.05162
0.14194 -0.05302
0.14613 -0.05436
0.15032 -0.05566
0.15452 -0.0569
0.15871 -0.058080
0.162890 -0.05921
0.16708 -0.06028
0.17126 -0.0613
0.17545 -0.06226
0.1796300 -0.063150
0.1838 -0.063980
0.18798 -0.06475
0.19215 -0.06545
0.19632 -0.06609
0.20049 -0.06667
0.20466 -0.0672
0.20883 -0.06768
0.212990 -0.06811
0.21715 -0.0685
0.22131 -0.06882
0.225470 -0.069080
0.22962 -0.06927
0.23378 -0.06938
0.23793 -0.06941
0.24207 -0.06936
0.24622 -0.06924
0.25036 -0.069040
0.2545 -0.06878
0.258630 -0.06843
0.26277 -0.06801
0.2669 -0.06751
0.2710300 -0.06692
0.27515 -0.06626
0.27927 -0.06550
0.28339 -0.06466
0.28751 -0.06373
0.29162 -0.06271
0.29573 -0.06159
0.299840 -0.06038
0.30394 -0.05906
0.30804 -0.05765
0.31214 -0.05612
0.31623 -0.05448
0.32031 -0.05274
0.3244 -0.05089
0.32848 -0.048950
0.33256 -0.046920
0.33663 -0.0448
0.3407 -0.04261
0.34477 -0.04033
0.34884 -0.03797
0.3529 -0.035540
0.35696 -0.03302
0.36102 -0.03041
0.36507 -0.02768
0.36912 -0.02480
0.37317 -0.02177
0.37717 -0.01858
0.38102 -0.0154
0.38454 -0.01238
0.38757 -0.00973
0.38996 -0.00761
0.39157 -0.00618
0.39237 -0.005570
-Inserting Flap Ga2-
0.51204 0.08618
0.5119 0.08573
0.5116 0.08485
0.51116 0.08356
0.51059 0.08193
0.5099 0.08008
0.50913 0.07811
0.50829 0.07612
0.50741 0.07422
0.506470 0.07239
0.50551 0.070640
0.504510 0.06894
0.50349 0.06729
0.50245 0.06568
0.50139 0.06409
0.50032 0.06255
0.49924 0.0610300
0.49814 0.05953
0.4970200 0.05807
0.49589 0.05663
0.49475 0.05521
0.4936 0.05382
0.49244 0.05244
0.49127 0.05109
0.49008 0.04976
0.48889 0.04846
0.487680 0.04717
0.48646 0.045920
0.48523 0.04468
0.48398 0.04347
0.48273 0.04228
0.481470 0.0411
0.4802 0.03994
0.47893 0.03878
0.47765 0.03764
0.47636 0.03651
0.47507 0.0354
0.473770 0.0343
0.47245 0.03322
0.47113 0.03216
0.46980 0.03112
0.46846 0.0301
0.46711 0.0291
0.46575 0.02811
0.46439 0.027140
0.46301 0.02618
0.46163 0.02524
0.46024 0.02431
0.45885 0.0234
0.45745 0.0225
0.456040 0.02161
0.45462 0.02074
0.45319 0.01989
0.45175 0.01905
0.45031 0.01824
0.44885 0.01744
0.44739 0.01666
0.44592 0.01589
0.44444 0.01515
0.44295 0.01442
0.44145 0.01371
0.43994 0.01302
0.43842 0.01235
0.43689 0.0117
0.43535 0.01107
0.4338 0.01045
0.432240 0.00985
0.43068 0.00927
0.42911 0.0087
0.427530 0.00814
0.42594 0.00761
0.42434 0.0071
0.42272 0.00662
0.42109 0.00618
0.419440 0.00577
0.417770 0.00539
0.41608 0.00505
0.41438 0.00474
0.41265 0.00447
0.41091 0.00423
0.40915 0.00404
0.40736 0.0039
0.40554 0.003820
0.40369 0.0038
0.40181 0.00383
0.399900 0.00393
0.39796 0.00409
0.39599 0.0043
0.39399 0.00457
0.39195 0.00492
0.38985 0.00539
0.38768 0.00600
0.38542 0.006780
0.38308 0.00775
0.38072 0.00888
0.37845 0.01015
0.37636 0.0115
0.37454 0.012910
0.37306 0.01435
0.37128 0.01712
0.37101 0.01837
0.37118 0.01949
0.3718 0.02044
0.37280 0.02124
0.37408 0.02191
0.37557 0.02248
0.37717 0.02296
0.37882 0.02338
0.3805 0.02374
0.3822 0.02405
0.38393 0.02432
0.385680 0.02453
0.38745 0.02471
0.38924 0.02484
0.39105 0.02494
0.39287 0.02502
0.39471 0.02508
0.39655 0.02511
0.3984 0.02514
0.40025 0.02516
0.40210 0.02518
0.40395 0.02520
0.4058 0.02522
0.40765 0.025250
0.40949 0.02529
0.41132 0.025340
0.413150 0.02541
0.41498 0.02548
0.41679 0.025570
0.4186 0.02567
0.4204 0.025790
0.42219 0.02593
0.42398 0.02608
0.42575 0.02625
0.42752 0.02644
0.42928 0.02664
0.43102 0.02686
0.43276 0.0271
0.43449 0.02736
0.43621 0.027640
0.43792 0.02794
0.43962 0.02826
0.44131 0.0286
0.44299 0.02896
0.44465 0.02934
0.44631 0.02974
0.44795 0.030170
0.44958 0.03062
0.4512 0.0311
0.45281 0.03159
0.45441 0.0321
0.456 0.03263
0.45759 0.03318
0.45916 0.03374
0.46072 0.03433
0.46227 0.03494
0.46381 0.03557
0.46533 0.03624
0.46684 0.03693
0.46834 0.03764
0.46982 0.03839
0.47129 0.039160
0.47275 0.03996
0.47419 0.04078
0.47561 0.041630
0.47703 0.04251
0.47842 0.04342
0.47981 0.04436
0.481170 0.04533
0.48253 0.04633
0.48386 0.04737
0.48518 0.048430
0.48648 0.04953
0.48776 0.05067
0.48903 0.05183
0.49027 0.05304
0.4915 0.054290
0.49271 0.055570
0.49389 0.0569
0.49506 0.05826
0.49621 0.05965
0.49735 0.06108
0.49847 0.06253
0.49957 0.06402
0.50066 0.06553
0.501740 0.06707
0.5028 0.068640
0.50385 0.07024
0.50488 0.07187
0.50588 0.07355
0.506870 0.07527
0.507820 0.07706
0.50873 0.07889
0.50959 0.0807
0.51035 0.082380
0.51101 0.08386
0.51151 0.08503
0.51185 0.08582
0.51204 0.08618
-Inserting Flap Ga2-
0.60483 0.21902
0.60483 0.21855
0.60482 0.21763
0.6048 0.216260
0.60476 0.214530
0.60468 0.21256
0.60456 0.210450
0.60437000 0.2083
0.60412 0.20621
0.6038 0.20419
0.60342 0.20222
0.60299 0.2003
0.60253 0.19842
0.60204 0.19656
0.60153 0.19473
0.60099 0.19293
0.60042 0.19114
0.59984 0.18939
0.599230 0.18765
0.59860 0.18593
0.59796 0.18423
0.59729 0.18255
0.59661 0.18088
0.59591 0.17924
0.5952 0.17761
0.59447 0.17599
0.59371 0.1744
0.59294 0.17283
0.59215 0.17127
0.59134 0.16974
0.59052 0.16821
0.58968 0.16671
0.588840 0.16521
0.58798 0.16371
0.58712 0.16223
0.586250 0.16076
0.585360 0.1593
0.58446 0.15786
0.58354 0.15643
0.58261 0.15501
0.58167 0.15361
0.58071 0.15223
0.57974 0.15085
0.57875 0.14949
0.57775 0.14815
0.57674 0.14681
0.57572 0.14549
0.57469 0.14418
0.57364 0.14288
0.57259 0.14159
0.57152 0.14031
0.57044 0.13904
0.56934 0.13779
0.56823 0.13655
0.56711 0.13533
0.56598 0.13412
0.5648300 0.13293
0.56366 0.13175
0.56248 0.13058
0.56129 0.12943
0.56008 0.12829
0.55886 0.12717
0.55762 0.126060
0.55637 0.12497
0.5551 0.12389
0.55382 0.12283
0.55252 0.12178
0.55122 0.12074
0.5499 0.11971
0.548570 0.118690
0.54723 0.11769
0.54586 0.11671
0.54447 0.11576
0.54305 0.11483
0.5416 0.11393
0.54013 0.11306
0.53863 0.11221
0.53711 0.11139
0.53556 0.1106
0.53397 0.10984
0.53235 0.10911
0.5307 0.10842
0.52899 0.10778
0.52724 0.10719
0.52544 0.10665
0.523590 0.10615
0.5217 0.1057
0.51976 0.10529
0.51777 0.10493
0.51572 0.10463
0.51358 0.10443
0.511330 0.10434
0.50894 0.10438
0.50641 0.10458
0.503820 0.104930
0.50128 0.10543
0.49887 0.10607
0.49669 0.10685
0.49485 0.10776
0.4923 0.10984
0.491650 0.11096
0.491470 0.11207
0.49177 0.11317
0.49247 0.11424
0.49348 0.11527
0.49472 0.11627
0.49610 0.11722
0.49754 0.11813
0.49902 0.11899
0.500540 0.1198200
0.5021 0.120600
0.5037 0.12135
0.50533 0.12206
0.507 0.12274
0.50868 0.1234
0.51039 0.12403
0.51212 0.12465
0.51386 0.12526
0.51561 0.12586
0.51736 0.12645
0.51912 0.12704
0.52087 0.12763
0.52263 0.12822
0.52437 0.12882
0.526110 0.12943
0.52784 0.130040
0.52956 0.13067
0.53127 0.1313
0.53297 0.13195
0.534660 0.13261
0.53633 0.133280
0.538 0.13396
0.53965 0.13465
0.541280 0.13536
0.54290 0.136090
0.54451 0.13682
0.54611 0.13757
0.54769 0.13834
0.54925 0.13912
0.5508 0.13992
0.55233 0.14073
0.55385 0.14156
0.55535 0.1424
0.55684 0.14326
0.5583 0.14414
0.55975 0.145040
0.56118 0.14595
0.56259 0.14689
0.56399 0.14784
0.56537 0.1488
0.566730 0.14979
0.56808 0.15078
0.56942 0.15179
0.57074 0.152810
0.57204 0.15385
0.5733300 0.15491
0.5746 0.15599
0.57584 0.15709
0.57706 0.158210
0.57827 0.159360
0.57944 0.16053
0.5806 0.16171
0.58174 0.16292
0.58286 0.16415
0.58395 0.1654
0.58502 0.16667
0.58607 0.16797
0.5871 0.16929
0.58810 0.17064
0.58907 0.172010
0.59002 0.17340
0.59095 0.17482
0.59184 0.17627
0.59271 0.17775
0.59356 0.17925
0.59437 0.180780
0.59515 0.182350
0.5959 0.183940
0.59662 0.18557
0.59731 0.18722
0.59798 0.1889
0.59861 0.190610
0.59923 0.19234
0.59982 0.19409
0.60039 0.19587
0.60094 0.19767
0.601460 0.19949
0.601960 0.20133
0.602440 0.2032
0.60288 0.20511
0.60328 0.20705
0.60363 0.20904
0.60394 0.21107
0.60419 0.213050
0.6044 0.21489
0.60456 0.2165
0.604680 0.21777
0.60476 0.21862
0.60483 0.21902
*.*.Setup: Ga2.txt as Flap 1, Inverted: y, Scale = 1.0, AoA = 2.0, Reposition from (0,0) = (0, 0)*.*.
*.*.Setup: Ga2.txt as Flap 2, Inverted: y, Scale = 0.4, AoA = 27.0, Reposition from previous T.E. = (-0.06, 0.07), Reposition from (0,0) = (0.9411, 0.0558)*.*.
*.*.Setup: Ga2.txt as Flap 3, Inverted: y, Scale = 0.4, AoA = 45.0, Reposition from previous T.E. = (-0.06, 0.07), Reposition from (0,0) = (1.2464, 0.2899)*.*.
*.*.Setup: Scale Ratio = 0.39194*.*.