0.364600000 -0.01792
0.36383 -0.01869
0.36229 -0.02019
0.36 -0.02241
0.35709 -0.02518
0.35373 -0.0283
0.35005 -0.03157
0.34622 -0.03479
0.34236 -0.0378
0.33850 -0.0406
0.33465 -0.04322
0.33079 -0.04568
0.32693 -0.04802
0.32308 -0.05027
0.31922 -0.05243
0.31536 -0.05451
0.31151 -0.05651
0.30765 -0.05844
0.30379 -0.0603
0.29994 -0.0621
0.29608 -0.06383
0.29222 -0.0655
0.28837 -0.06712
0.28451 -0.06868
0.28065 -0.070180
0.27679 -0.07163
0.272940 -0.07301
0.26908 -0.07433
0.26522 -0.07559
0.26137 -0.07678
0.25751 -0.07793
0.25365 -0.07904
0.24980 -0.08011
0.24594 -0.08116
0.24208 -0.082180
0.23823 -0.08316
0.23437 -0.0841
0.23051 -0.085
0.226660 -0.08585
0.2228 -0.086640
0.21894 -0.08739
0.21508 -0.08809
0.21123 -0.08875
0.20737 -0.08936
0.20351 -0.08994
0.19966 -0.09047
0.1958 -0.09096
0.19194 -0.09142
0.18809 -0.09184
0.18423 -0.09223
0.18037 -0.09257
0.17652 -0.09288
0.17266 -0.09314
0.1688 -0.09335
0.16495 -0.09351
0.16109 -0.09363
0.15723 -0.09371
0.15337 -0.09374
0.14952 -0.09372
0.14566 -0.09365
0.1418 -0.09353
0.137950 -0.09337
0.13409 -0.09315
0.13023 -0.09289
0.12638 -0.09257
0.12252 -0.09221
0.11866 -0.09182
0.114810 -0.09138
0.11095 -0.09091
0.10709 -0.09039
0.10324 -0.08982
0.09938 -0.089180
0.09552 -0.088460
0.091660 -0.08765
0.08781 -0.08676
0.08395 -0.08577
0.08009 -0.0847
0.07624 -0.08354
0.07238 -0.0823
0.06852 -0.08094
0.06467 -0.07948
0.06081 -0.07788
0.05695 -0.0761300
0.0531 -0.07422
0.04924 -0.0721500
0.04538 -0.069930
0.04153 -0.06756
0.03767 -0.06505
0.03381 -0.06238
0.02996 -0.05949
0.02610 -0.05631
0.02224 -0.052750
0.01838 -0.04875
0.01455 -0.04427
0.01088 -0.03943
0.00751 -0.03442
0.0046 -0.0294
0.00231 -0.02455
0.00077 -0.02002
0.000000 -0.0124
0.00077 -0.00951
0.00231 -0.00738
0.0046 -0.00606
0.00751 -0.00545
0.01088 -0.00542
0.01455 -0.00582
0.01838 -0.00652
0.02224 -0.00739
0.02610 -0.0084
0.02996 -0.00955
0.03381 -0.01083
0.03767 -0.01223
0.04153 -0.01375
0.04538 -0.01536
0.04924 -0.01705
0.0531 -0.01882
0.05695 -0.02064
0.06081 -0.02251
0.06467 -0.0244
0.06852 -0.02631
0.07238 -0.02823
0.07624 -0.03015
0.08009 -0.03205
0.08395 -0.03394
0.08781 -0.0358
0.091660 -0.03763
0.09552 -0.03943
0.09938 -0.0412
0.10324 -0.04293
0.10709 -0.04463
0.11095 -0.04628
0.114810 -0.04789
0.11866 -0.04946
0.12252 -0.050990
0.12638 -0.05247
0.13023 -0.0539
0.13409 -0.055280
0.137950 -0.0566200
0.1418 -0.05791
0.14566 -0.05915
0.14952 -0.06034
0.15337 -0.06147
0.15723 -0.06255
0.16109 -0.06357
0.16495 -0.06454
0.1688 -0.06545
0.17266 -0.0663
0.17652 -0.06708
0.18037 -0.06781
0.18423 -0.068490
0.18809 -0.069120
0.19194 -0.0697
0.1958 -0.07024
0.19966 -0.070730
0.20351 -0.07117
0.20737 -0.07154
0.21123 -0.07185
0.21508 -0.07209
0.21894 -0.07225
0.2228 -0.07234
0.226660 -0.07236
0.23051 -0.07232
0.23437 -0.0722
0.23823 -0.07202
0.24208 -0.071760
0.24594 -0.07142
0.24980 -0.07102
0.25365 -0.07053
0.25751 -0.06996
0.26137 -0.06931
0.26522 -0.06858
0.26908 -0.06776
0.272940 -0.06686
0.27679 -0.06587
0.28065 -0.06478
0.28451 -0.06359
0.28837 -0.06231
0.29222 -0.06092
0.29608 -0.05943
0.29994 -0.05784
0.30379 -0.05617
0.30765 -0.05442
0.31151 -0.05258
0.31536 -0.050670
0.31922 -0.04869
0.32308 -0.04663
0.32693 -0.0445
0.33079 -0.04229
0.33465 -0.03999
0.33850 -0.03758
0.34236 -0.03504
0.34622 -0.032350
0.35005 -0.02952
0.35373 -0.02668
0.35709 -0.024
0.36 -0.02163
0.36229 -0.019740
0.36383 -0.01846
0.364600000 -0.01792
-Inserting Flap Ga2-
0.50666 0.075170
0.50657 0.074740
0.50636 0.0739
0.50606 0.07267
0.50566 0.07111
0.505180 0.069340
0.504620 0.06745
0.504 0.06555
0.50334 0.06371
0.50262 0.061940
0.50187 0.06023
0.501080 0.058580
0.50027 0.05697
0.499440 0.05539
0.49859 0.05384
0.49772 0.05232
0.49683 0.05082
0.49594 0.04935
0.4950200 0.0479
0.49409 0.04647
0.49315 0.04507
0.4922 0.04368
0.49123 0.04232
0.49026 0.04097
0.48927 0.03964
0.48826 0.03833
0.48725 0.03705
0.48622 0.03578
0.48518 0.03454
0.48412 0.03331
0.48306 0.03211
0.48198 0.03092
0.48090 0.029730
0.47982 0.02856
0.47873 0.0274
0.47763 0.02625
0.47652 0.02511
0.4754 0.02399
0.47427 0.02288
0.47313 0.02179
0.47198 0.02072
0.47082 0.01967
0.46965 0.018630
0.46847 0.0176
0.46729 0.01659
0.46609 0.01559
0.46489 0.01461
0.463680 0.01363
0.46246 0.01267
0.46123 0.01172
0.46 0.01079
0.45875 0.00987
0.4575 0.00896
0.456230 0.00807
0.45496 0.00720
0.453680 0.00634
0.45239 0.0055
0.45108 0.00467
0.44977 0.00386
0.44845 0.00307
0.44712 0.00229
0.44577 0.001530
0.44442 0.00078
0.44305 6e-05
0.44168 -0.00065
0.44029 -0.00135
0.43890 -0.00203
0.4375 -0.0027
0.43609 -0.00336
0.43467 -0.004
0.43324 -0.00463
0.4318 -0.00523
0.43034 -0.0058
0.42886 -0.00634
0.42736 -0.00686
0.42585 -0.00734
0.42431 -0.0078
0.42276 -0.00822
0.42118 -0.00861
0.41959 -0.00897
0.417970 -0.00929
0.41632 -0.00957
0.41464 -0.00979
0.41293 -0.00996
0.411180 -0.01008
0.40941 -0.01014
0.40759 -0.01016
0.40575 -0.010120
0.40388 -0.01003
0.40196 -0.00987
0.39998 -0.00961
0.39791 -0.009220
0.39576 -0.008680
0.39351 -0.00797
0.39123 -0.00711
0.38903 -0.00612
0.38698 -0.00504
0.38517 -0.003880
0.38369 -0.00267
0.38182 -0.00025
0.38147 0.0009
0.38154 0.00195
0.38203 0.00288
0.38289 0.0037
0.38403 0.00443
0.38536 0.00507
0.38681 0.00565
0.3883 0.00617
0.38982 0.00664
0.39137 0.00707
0.39295 0.007450
0.39456 0.00779
0.39619 0.0081
0.39784 0.00837
0.3995 0.008610
0.40119 0.00883
0.40288 0.00903
0.40459 0.00922
0.40630 0.00939
0.40801 0.00956
0.40972 0.00973
0.41144 0.00989
0.41315 0.01006
0.41486 0.01024
0.41656 0.01043
0.41826 0.010620
0.41995 0.01083
0.42163 0.01105
0.42331 0.01128
0.42497 0.0115200
0.42663 0.01178
0.42828 0.01205
0.42992 0.012330
0.43156 0.01263
0.433180 0.01295
0.43479 0.01328
0.43639 0.01363
0.43798 0.01399
0.4395700 0.01437
0.44114 0.01477
0.4427 0.015190
0.44424 0.01562
0.445780 0.01607
0.44731 0.01654
0.44882 0.01703
0.4503200 0.01754
0.45181 0.01807
0.45328 0.01862
0.454750 0.01919
0.4562 0.01978
0.45764 0.02038
0.45907 0.021
0.46049 0.02164
0.46191 0.022290
0.46331 0.02296
0.4647 0.02365
0.46607 0.02436
0.467430 0.0251
0.46877 0.02586
0.4701 0.02665
0.47141 0.02746
0.47271 0.02829
0.47399 0.02915
0.47526 0.03003
0.47652 0.03093
0.47775 0.031860
0.47898 0.03282
0.48018 0.0338
0.48137 0.03481
0.48254 0.03585
0.483690 0.03691
0.48483 0.03801
0.48594 0.03913
0.48704 0.04029
0.48812 0.04148
0.48918 0.04269
0.49021 0.04395
0.49123 0.04524
0.49222 0.04656
0.49319 0.04792
0.49415 0.0493
0.49508 0.050710
0.496 0.05215
0.49691 0.05362
0.49779 0.05511
0.49866 0.05663
0.49952 0.05817
0.50036 0.05973
0.50118 0.06133
0.50198 0.06296
0.50275 0.06464
0.50349 0.06637
0.50419 0.06815
0.50483 0.06989
0.50541 0.07151
0.50589 0.07293
0.506270 0.07406
0.50652 0.07482
0.50666 0.075170
-Inserting Flap Ga2-
0.60391 0.21741
0.60401 0.21698
0.60420 0.21614
0.60448 0.2149
0.60481 0.21333
0.60516 0.21153
0.6055 0.20959
0.605790 0.20761
0.60601 0.20566
0.60616 0.20376
0.60624 0.2019
0.60626 0.20007
0.60625 0.19826
0.60621 0.19648
0.60613 0.19471
0.60603 0.19296
0.6059 0.191230
0.60575 0.18951
0.60557 0.18781
0.60537 0.186120
0.60515 0.18444
0.6049100 0.18277
0.60465 0.18112
0.60437 0.17948
0.60408 0.17785
0.60376 0.17624
0.60342 0.17463
0.60306 0.17304
0.60268 0.17146
0.60227 0.1699
0.60186 0.16835
0.60142 0.1668
0.60098 0.16526
0.60052 0.16373
0.60006 0.1622
0.59959 0.16068
0.5991 0.15917
0.59859 0.15767
0.59807 0.15618
0.59753 0.1547
0.59698 0.15323
0.59641 0.15177
0.59582 0.15032
0.59522 0.14888
0.5946 0.14744
0.59398 0.14602
0.59333 0.1446
0.59268 0.14319
0.59201 0.14179
0.59133 0.1404
0.590640 0.13901
0.58994 0.13763
0.58921 0.13627
0.588480 0.13491
0.58772 0.13356
0.58695 0.13222
0.58617 0.13089
0.58537 0.12958
0.58455 0.12827
0.58372 0.12697
0.58287 0.12568
0.582 0.1244
0.58112 0.12313
0.58022 0.12187
0.5793 0.12063
0.57837 0.11939
0.57743 0.11816
0.57647 0.11694
0.57550 0.11573
0.57451 0.11452
0.573510 0.11333
0.57248 0.11215
0.57142 0.11099
0.57034 0.10984
0.56922 0.10872
0.56808 0.10761
0.5669 0.10652
0.5657 0.105450
0.56447 0.1044
0.5632 0.10337
0.56189 0.10237
0.56053 0.10139
0.55913 0.10045
0.55767 0.09953
0.55615 0.098650
0.55459 0.09781
0.55297 0.09699
0.5513 0.09621
0.54959 0.09545
0.54779 0.09475
0.5459 0.0941
0.54388 0.09354
0.54171 0.09306
0.53938 0.0927
0.536960 0.09246
0.53454 0.09237
0.53222 0.09244
0.53009 0.09268
0.52823 0.09310
0.52547 0.09444
0.52465 0.09531
0.52425 0.09628
0.52428 0.09734
0.524680 0.098450
0.52538 0.09961
0.52629 0.10077
0.527330 0.10193
0.52843 0.10306
0.52959 0.104160
0.53079 0.10523
0.53204 0.10628
0.53332 0.1073
0.53465 0.10829
0.53601 0.109270
0.53739 0.11022
0.53881 0.11117
0.54024 0.1121
0.54168 0.11302
0.54314 0.11393
0.54460 0.11485
0.54606 0.11576
0.54752 0.11667
0.54898 0.11758
0.55043 0.1185
0.55188 0.11942
0.55331 0.12035
0.55473 0.12128
0.55615 0.12222
0.55754 0.12317
0.55893 0.12413
0.5603 0.1251
0.56166 0.12607
0.56301 0.12705
0.56434 0.12805
0.565650 0.12905
0.566950 0.13006
0.56823 0.13108
0.56949 0.13212
0.57074 0.13316
0.57197 0.13421
0.57319 0.13528
0.57438 0.136350
0.57556 0.13744
0.57672 0.13853
0.57786 0.13964
0.57898 0.14077
0.58008 0.1419
0.58115 0.14305
0.58221 0.14421
0.58325 0.14538
0.58428 0.14656
0.58528 0.14775
0.586280 0.14895
0.587250 0.15016
0.58821 0.15138
0.58915 0.15262
0.59007 0.15387
0.59096 0.15513
0.59182 0.15641
0.59266 0.1577
0.59348 0.15901
0.59427 0.16033
0.59505 0.16167
0.59579 0.16302
0.59651 0.16439
0.59721 0.16577
0.59788 0.16717
0.59853 0.16859
0.59914 0.17002
0.59973 0.171470
0.60029 0.17294
0.60082 0.17442
0.60133 0.17592
0.6018 0.17745
0.60224 0.17899
0.60264 0.18055
0.60302 0.18213
0.60335 0.18374
0.603650 0.18536
0.60393 0.18701
0.60417 0.18867
0.60438 0.19035
0.60456 0.19205
0.60472 0.19377
0.60486 0.19550
0.60497 0.19724
0.60505 0.199
0.60511 0.20078
0.60514 0.20257
0.60513 0.20439
0.60507 0.20624
0.60497 0.20812
0.60481 0.21002
0.60461 0.21186
0.60441 0.21358
0.604210 0.21506
0.60405 0.21624
0.60394 0.21703
0.60391 0.21741
*.*.Setup: Ga2.txt as Flap 1, Inverted: y, Scale = 1.0, AoA = 0.0, Reposition from (0,0) = (0, 0)*.*.
*.*.Setup: Ga2.txt as Flap 2, Inverted: y, Scale = 0.4, AoA = 32.0, Reposition from previous T.E. = (0.04, 0.06), Reposition from (0,0) = (1.04, 0.0109)*.*.
*.*.Setup: Ga2.txt as Flap 3, Inverted: y, Scale = 0.4, AoA = 58.333333333333336, Reposition from previous T.E. = (0.04, 0.06), Reposition from (0,0) = (1.4296, 0.2662)*.*.
*.*.Setup: Scale Ratio = 0.3646*.*.