0.37762 -0.005360
0.37685 -0.00619
0.37531 -0.0078
0.373030 -0.010170
0.37012 -0.01314
0.36675 -0.01648
0.36307 -0.02
0.35922 -0.02347
0.35535 -0.02672
0.35146 -0.02976
0.347570 -0.0326
0.34367 -0.03529
0.33976 -0.03785
0.33586 -0.04031
0.33195 -0.04269
0.32803 -0.04497
0.32412 -0.04718
0.3202 -0.049320
0.316280 -0.05138
0.312360 -0.05337
0.30843 -0.0553
0.3045 -0.05717
0.30058 -0.05898
0.29664 -0.06074
0.29271 -0.06243
0.28878 -0.06407
0.28484 -0.06564
0.2809 -0.06714
0.27695 -0.06858
0.27301 -0.069950
0.26906 -0.07128
0.265120 -0.07256
0.26117 -0.07381
0.25722 -0.07503
0.25327 -0.07623
0.24931 -0.07738
0.24536 -0.0785
0.24140 -0.07956
0.23745 -0.08058
0.23349 -0.08154
0.22953 -0.08245
0.22557 -0.083320
0.2216 -0.08414
0.21764 -0.0849100
0.21367 -0.08564
0.2097 -0.08633
0.20573 -0.08698
0.20176 -0.08759
0.19779 -0.08817
0.19381 -0.08871
0.18984 -0.0892
0.18586 -0.08966
0.18188 -0.09006
0.1779 -0.09042
0.17392 -0.09073
0.16994 -0.091
0.16595 -0.09121
0.16196 -0.09138
0.15798 -0.0915
0.15399 -0.09157
0.14999 -0.09159
0.146 -0.09156
0.142 -0.09147
0.13801 -0.09134
0.13401 -0.091150
0.13001 -0.09092
0.12601 -0.09065
0.122 -0.09034
0.118 -0.089990
0.11399 -0.08959
0.109980 -0.08914
0.10597 -0.08862
0.10196 -0.08801
0.09794 -0.08732
0.093920 -0.08653
0.0899 -0.08565
0.08587 -0.08469
0.08184 -0.08363
0.07781 -0.08247
0.07377 -0.08122
0.06973 -0.079840
0.06569 -0.07832
0.06163 -0.07666
0.05758 -0.07482
0.05352 -0.07283
0.04945 -0.07067
0.04537 -0.06836
0.0413 -0.0659
0.03721 -0.06327
0.03312 -0.06043
0.02902 -0.05728
0.0249 -0.05374
0.02077 -0.04974
0.01665 -0.045250
0.01267 -0.04038
0.00901 -0.03532
0.005820 -0.03023
0.00328 -0.02529
0.00152 -0.02067
0.00045 -0.012820
0.00114 -0.00981
0.00266 -0.00754
0.00498 -0.0061
0.00796 -0.00537
0.01144 -0.00521
0.01526 -0.0055
0.01924 -0.00608
0.02326 -0.00684
0.027290 -0.00775
0.03132 -0.0088
0.03535 -0.00998
0.03939 -0.01129
0.04343 -0.01271
0.04748 -0.01424
0.05153 -0.01586
0.055580 -0.01754
0.05963 -0.019290
0.06369 -0.02107
0.067740 -0.02289
0.0718 -0.02473
0.07586 -0.026580
0.07991 -0.02842
0.083970 -0.03025
0.08803 -0.03206
0.09208 -0.03384
0.09613 -0.0356
0.10019 -0.03732
0.10424 -0.03901
0.10829 -0.04066
0.11234 -0.04228
0.11639 -0.04385
0.12043 -0.04537
0.12448 -0.04686
0.12852 -0.04829
0.13256 -0.04968
0.1366 -0.05103
0.14064 -0.05232
0.14467 -0.05356
0.14871 -0.05476
0.15274 -0.05590
0.156770 -0.05699
0.1608 -0.05802
0.16483 -0.059
0.16885 -0.05992
0.1728700 -0.060780
0.17689 -0.061580
0.18091 -0.06231
0.18493 -0.06299
0.18894 -0.0636
0.19296 -0.06416
0.19697 -0.06467
0.20097 -0.06513
0.204980 -0.06555
0.20899 -0.06592
0.21299 -0.06623
0.216990 -0.066480
0.22099 -0.06666
0.22499 -0.06677
0.22898 -0.0668
0.23297 -0.06675
0.23696 -0.06664
0.24095 -0.066450
0.24493 -0.06619
0.248910 -0.06586
0.25289 -0.06545
0.25687 -0.06497
0.2608400 -0.06441
0.26481 -0.06376
0.26878 -0.063040
0.27274 -0.06223
0.2767 -0.06133
0.28066 -0.06035
0.28462 -0.05928
0.288570 -0.05811
0.29252 -0.05684
0.29646 -0.05548
0.3004 -0.05401
0.30434 -0.05243
0.30827 -0.05075
0.3122 -0.04898
0.31613 -0.047110
0.32006 -0.045160
0.32398 -0.04312
0.3279 -0.04101
0.33181 -0.03881
0.33573 -0.03655
0.33964 -0.03420
0.34354 -0.03178
0.34745 -0.02926
0.35135 -0.02663
0.35525 -0.023870
0.35914 -0.02095
0.363 -0.01788
0.36669 -0.01482
0.37008 -0.01192
0.373 -0.00936
0.3753 -0.00732
0.37685 -0.00595
0.37762 -0.005360
-Inserting Flap Ga2-
0.50537 0.07917
0.50523 0.07873
0.50494 0.07789
0.50452 0.07664
0.50396 0.07508
0.50331 0.0733
0.50257 0.0714
0.50176 0.06949
0.5009 0.06765
0.50001 0.0659
0.49908 0.064210
0.49812 0.06258
0.49714 0.06099
0.49614 0.05943
0.49512 0.05791
0.49409 0.05642
0.49304 0.0549600
0.49198 0.05352
0.49091 0.05211
0.48982 0.05073
0.488730 0.04936
0.48762 0.04802
0.4865 0.0467
0.48537 0.0454
0.48423 0.04412
0.48308 0.04286
0.48192 0.04163
0.48075 0.040420
0.47956 0.03923
0.47836 0.03806
0.47716 0.03692
0.47594 0.03578
0.47472 0.03466
0.47350 0.03355
0.47227 0.03245
0.47103 0.03137
0.46978 0.03029
0.46853 0.02924
0.46727 0.0282
0.46599 0.02718
0.46471 0.02618
0.46342 0.0252
0.462120 0.02423
0.46082 0.02328
0.45950 0.022350
0.45818 0.02142
0.45685 0.02052
0.4555200 0.01962
0.454170 0.01874
0.45282 0.01788
0.45147 0.01703
0.4501 0.01619
0.44873 0.01537
0.44734 0.01457
0.44595 0.01378
0.44455 0.01301
0.44315 0.01226
0.44173 0.01153
0.4403 0.01081
0.43887 0.01011
0.437420 0.00943
0.43597 0.00876
0.43451 0.00812
0.43304 0.00749
0.43156 0.00688
0.43007 0.00629
0.42857 0.00571
0.42706 0.00515
0.42555 0.0046
0.42403 0.00406
0.42251 0.00355
0.42096 0.00306
0.41941 0.0026
0.4178300 0.00217
0.41624 0.00178
0.41463 0.00142
0.413010 0.00109
0.41137 0.00079
0.409710 0.00053
0.40804 0.0003
0.40634 0.00012
0.40462 -0.000048
0.40287 -0.00010
0.40109 -0.00012
0.39928 -8e-05
0.39744 0.000032
0.39557 0.00016
0.39368 0.00036
0.39175 0.00062
0.389790 0.00096
0.38777 0.00141
0.38568 0.00200
0.3835 0.002750
0.38125 0.00368
0.37898 0.00478
0.3768 0.00599
0.37479 0.0073
0.37303 0.008660
0.37161 0.01004
0.36989 0.0127
0.36964 0.01391
0.3698 0.01499
0.3704 0.0159
0.37136 0.01667
0.37259 0.01732
0.37403 0.01786
0.37557 0.01832
0.377150 0.01873
0.37877 0.01908
0.3804 0.01938
0.38207 0.01963
0.38375 0.01984
0.38546 0.02001
0.387180 0.02014
0.38892 0.02023
0.39068 0.02031
0.39244 0.02036
0.39422 0.0204
0.39599 0.02042
0.39777 0.02044
0.39956 0.02046
0.40134 0.020480
0.40312 0.0205
0.4049 0.020530
0.40667 0.02057
0.40843 0.020620
0.4102 0.02068
0.41195 0.02075
0.4137 0.020840
0.41544 0.02094
0.41717 0.021050
0.41889 0.02118
0.42061 0.02133
0.42232 0.02149
0.42402 0.02167
0.42571 0.02187
0.42739 0.02208
0.42907 0.02231
0.43073 0.02256
0.43239 0.022830
0.43403 0.02312
0.43567 0.02342
0.43729 0.02375
0.43891 0.0241
0.440510 0.02446
0.4421 0.02485
0.44368 0.025270
0.44525 0.0257
0.44681 0.02616
0.44836 0.02663
0.4499 0.02712
0.45143 0.02763
0.45296 0.02816
0.45447 0.0287
0.45598 0.02927
0.45747 0.02985
0.45895 0.03046
0.46042 0.0311
0.46187 0.03177
0.46331 0.03246
0.46473 0.03317
0.46615 0.033910
0.46755 0.03468
0.46893 0.03548
0.47031 0.036290
0.47167 0.03714
0.47301 0.03802
0.47434 0.03892
0.47566 0.03986
0.47696 0.04082
0.47824 0.04181
0.47951 0.042840
0.48077 0.0439
0.482 0.04499
0.48322 0.04611
0.48442 0.04728
0.4856 0.048470
0.486760 0.049710
0.4879 0.05099
0.48903 0.05229
0.49013 0.05364
0.49123 0.05501
0.4923 0.05641
0.49337 0.05784
0.49442 0.05929
0.49545 0.06078
0.49647 0.062290
0.49748 0.06383
0.49847 0.0654
0.49944 0.06701
0.50039 0.06867
0.5013 0.07039
0.50218 0.07215
0.50301 0.07389
0.50374 0.075510
0.50437 0.07693
0.50486 0.07806
0.50519 0.07882
0.50537 0.07917
-Inserting Flap Ga2-
0.60598 0.22632
0.60608 0.22588
0.606280 0.22501
0.60656 0.22373
0.6069 0.2221
0.60727 0.22024
0.60762 0.21823
0.607930 0.21618
0.60815 0.214170
0.6083 0.2122
0.60838 0.21028
0.60841 0.20838
0.6084 0.20652
0.608350 0.20467
0.60827 0.20284
0.60817 0.20103
0.60804 0.19924
0.60788 0.19746
0.6077 0.1957
0.60749 0.19395
0.60726 0.19222
0.607010 0.190490
0.60674 0.18878
0.60646 0.18709
0.60615 0.18540
0.60582 0.18373
0.60547 0.18207
0.6051 0.18042
0.6047 0.17879
0.60428 0.17717
0.60385 0.17557
0.6034 0.1739700
0.60294 0.17238
0.60247 0.17079
0.60199 0.16921
0.6015 0.167640
0.601 0.16607
0.60047 0.16452
0.59993 0.16298
0.59938 0.16145
0.5988 0.15993
0.59821 0.15842
0.59761 0.15692
0.59698 0.15542
0.59635 0.15394
0.5957 0.15247
0.59503 0.151
0.59436 0.14954
0.59367 0.14809
0.59297 0.14665
0.592250 0.14522
0.59152 0.14379
0.59077 0.14238
0.590010 0.14097
0.58923 0.13958
0.58843 0.13819
0.58762 0.13682
0.58679 0.1354600
0.58595 0.13410
0.58509 0.13276
0.58421 0.13142
0.58331 0.1301
0.5824 0.12879
0.58147 0.12749
0.58052 0.12620
0.57955 0.12492
0.57858 0.12365
0.57758 0.12238
0.576580 0.12113
0.57556 0.11988
0.574520 0.11865
0.57346 0.11743
0.57237 0.11622
0.57124 0.11504
0.57009 0.11388
0.56891 0.11273
0.56769 0.11161
0.56644 0.1105
0.56517 0.10941
0.56385 0.10835
0.5625 0.10731
0.5611 0.1063
0.55964 0.10532
0.558130 0.10437
0.55657 0.10347
0.55495 0.10259
0.55328 0.10175
0.55155 0.10093
0.54977 0.10016
0.54792 0.09942
0.54596 0.09876
0.54387 0.09817
0.54162 0.09768
0.53921 0.09731
0.536710 0.09706
0.53421 0.096960
0.53181 0.09703
0.52961 0.09728
0.52768 0.09772
0.52482 0.0991
0.52398 0.1
0.52356 0.10101
0.52359 0.1021
0.524010 0.10326
0.52473 0.10445
0.52567 0.10566
0.526750 0.10686
0.52789 0.10803
0.52909 0.10916
0.53033 0.11027
0.53162 0.11135
0.53295 0.11241
0.53432 0.11344
0.53573 0.11445
0.53716 0.11544
0.53862 0.11641
0.5401 0.11737
0.54159 0.11833
0.5431 0.11927
0.54461 0.12022
0.54613 0.12116
0.54764 0.1221
0.54915 0.12305
0.55065 0.12399
0.55214 0.12495
0.55363 0.12591
0.5551 0.12688
0.55656 0.12785
0.55801 0.12883
0.55944 0.12982
0.56086 0.13082
0.56227 0.131830
0.56366 0.13285
0.56503 0.13387
0.566390 0.134910
0.5677300 0.13596
0.56906 0.13702
0.57037 0.138080
0.57166 0.13916
0.57294 0.14025
0.57419 0.14135
0.57543 0.14246
0.57665 0.14359
0.57785 0.14472
0.57902 0.14587
0.58018 0.14703
0.58132 0.148210
0.58243 0.1494
0.58353 0.1506
0.5846 0.15181
0.58566 0.15303
0.58671 0.15426
0.587730 0.1555
0.5887400 0.15675
0.58974 0.15802
0.59071 0.15929
0.59165 0.16059
0.59257 0.161890
0.59347 0.16322
0.59434 0.16455
0.59519 0.16591
0.59601 0.16728
0.5968 0.16866
0.59758 0.17006
0.59832 0.17147
0.59904 0.1729
0.59974 0.17435
0.6004 0.17582
0.60104 0.1773
0.60165 0.1788
0.60223 0.18032
0.60278 0.18185
0.6033 0.183410
0.60379 0.18498
0.60424 0.18657
0.60467 0.18819
0.60505 0.18983
0.6054 0.191490
0.605710 0.19317
0.60599 0.19487
0.60624 0.1966
0.60646 0.19834
0.60665 0.20009
0.60682 0.20187
0.60696 0.20366
0.60707 0.20546
0.60716 0.207280
0.60722 0.20912
0.60724 0.21098
0.60723 0.21286
0.60718 0.214770
0.60707 0.21671
0.6069 0.21868
0.6067 0.22059
0.60649 0.22236
0.6062800 0.2239
0.60612 0.22511
0.606 0.22593
0.60598 0.22632
*.*.Setup: Ga2.txt as Flap 1, Inverted: y, Scale = 1.0, AoA = 2.0, Reposition from (0,0) = (0, 0)*.*.
*.*.Setup: Ga2.txt as Flap 2, Inverted: y, Scale = 0.4, AoA = 27.0, Reposition from previous T.E. = (-0.0267, 0.06), Reposition from (0,0) = (0.9744, 0.0458)*.*.
*.*.Setup: Ga2.txt as Flap 3, Inverted: y, Scale = 0.4, AoA = 58.333333333333336, Reposition from previous T.E. = (0.04, 0.06), Reposition from (0,0) = (1.3798, 0.2699)*.*.
*.*.Setup: Scale Ratio = 0.37721*.*.