0.37467 -0.03155
0.37385 -0.032320
0.37221 -0.03381
0.369770 -0.03601
0.36668 -0.03875
0.36310 -0.04184
0.3592 -0.04508
0.35514 -0.04826
0.35106 -0.051220
0.34699 -0.05396
0.34292 -0.05652
0.33887 -0.058920
0.33481 -0.061190
0.33076 -0.06336
0.32671 -0.06545
0.32267 -0.06745
0.31863 -0.06937
0.31459 -0.07122
0.31055 -0.07299
0.30651 -0.0747
0.30248 -0.07635
0.29845 -0.07793
0.29442 -0.07945
0.2904 -0.08092
0.28637 -0.08233
0.28235 -0.08368
0.27833 -0.08497
0.27431 -0.08619
0.2703 -0.08734
0.26628 -0.08843
0.26227 -0.08948
0.25826 -0.09048
0.25425 -0.09144
0.25025 -0.09238
0.24624 -0.09329
0.24223 -0.09417
0.23823 -0.095
0.23423 -0.09578
0.23023 -0.09652
0.22623 -0.0972
0.22223 -0.09783
0.21824 -0.09841
0.21424 -0.09895
0.21025 -0.09944
0.20626 -0.09989
0.20227 -0.10030
0.198280 -0.10067
0.1943 -0.10101
0.19031 -0.1013
0.18633 -0.10156
0.18234 -0.10178
0.17836 -0.10195
0.17438 -0.10208
0.17041 -0.102160
0.16643 -0.10219
0.16245 -0.10218
0.15848 -0.10211
0.15451 -0.102
0.15054 -0.10184
0.14657 -0.10164
0.14261 -0.10138
0.13864 -0.10107
0.13468 -0.10071
0.13072 -0.1003
0.12676 -0.09984
0.1228 -0.09933
0.11885 -0.09878
0.11489 -0.09819
0.11094 -0.0975700
0.10699 -0.0969
0.10304 -0.09617
0.09909 -0.09537
0.09515 -0.09449
0.09121 -0.09352
0.08727 -0.09246
0.08333 -0.09131
0.0794 -0.090070
0.07547 -0.08874
0.07155 -0.08731
0.06763 -0.08579
0.06371 -0.084140
0.0598 -0.08235
0.05589 -0.08041
0.05199 -0.07831
0.048090 -0.07604
0.0442 -0.07362
0.04032 -0.07104
0.03644 -0.06831
0.03256 -0.06543
0.0287 -0.06231
0.02484 -0.05890
0.021 -0.0551
0.01717 -0.05085
0.01339 -0.04609
0.00978 -0.040980
0.00649 -0.0357
0.00368 -0.03043
0.0015 -0.02535
7e-05 -0.02064
-0.00045 -0.012760
0.00045 -0.00982
0.00212 -0.00768
0.00452 -0.0064
0.00753 -0.00588
0.011 -0.00597
0.01477 -0.00652
0.01869 -0.00737
0.02263 -0.00840
0.02656 -0.00959
0.03049 -0.01091
0.03442 -0.01237
0.03834 -0.01395
0.04225 -0.01564
0.04616 -0.01744
0.05007 -0.01933
0.05398 -0.021280
0.05788 -0.0233
0.06179 -0.02535
0.06569 -0.02744
0.06959 -0.02955
0.07349 -0.03166
0.07739 -0.033780
0.0813 -0.03587
0.0852 -0.03795
0.0891 -0.04001
0.093 -0.04203
0.09691 -0.04403
0.10082 -0.04599
0.10472 -0.04791
0.10863 -0.04979
0.11254 -0.05163
0.11646 -0.05343
0.12037 -0.05518
0.12429 -0.05689
0.1282 -0.05855
0.13212 -0.06016
0.13604 -0.06173
0.13996 -0.063250
0.14389 -0.06471
0.14781 -0.06612
0.15174 -0.06748
0.15567 -0.06879
0.1596 -0.07004
0.16354 -0.07123
0.16747 -0.07237
0.17141 -0.07344
0.175350 -0.07445
0.17929 -0.0754
0.18323 -0.07629
0.18718 -0.077130
0.19113 -0.07791
0.19508 -0.07865
0.19903 -0.07934
0.20298 -0.07998
0.20693 -0.08057
0.21089 -0.0811
0.21485 -0.08155
0.21881 -0.08194
0.22278 -0.08224
0.22674 -0.082480
0.23071 -0.08264
0.23468 -0.08273
0.23866 -0.082750
0.24264 -0.0826900
0.246610 -0.08257
0.2506 -0.082360
0.25458 -0.08208
0.25857 -0.08172
0.26256 -0.08127
0.26655 -0.08074
0.27055 -0.08013
0.27455 -0.07943
0.27855 -0.07864
0.28256 -0.07775
0.28657 -0.07677
0.29058 -0.07569
0.2946 -0.0745
0.29862 -0.07321
0.30264 -0.07182
0.3066700 -0.07032
0.3107 -0.06874
0.31473 -0.06707
0.31877 -0.06533
0.32281 -0.0635
0.32685 -0.06159
0.33089 -0.05961
0.334940 -0.05755
0.33899 -0.05542
0.34304 -0.05319
0.3471 -0.05085
0.35116 -0.04838
0.35523 -0.04575
0.35927 -0.04297
0.36316 -0.04018
0.36672 -0.03754
0.3698 -0.0352
0.37222 -0.03334
0.37386 -0.03208
0.37467 -0.03155
-Inserting Flap Ga2-
0.50185 0.06011
0.50171 0.05969
0.50143 0.05885
0.501 0.0576
0.50045 0.05604
0.4998 0.05427
0.49906 0.05238
0.49826 0.05048
0.4974 0.04865
0.49651 0.0469
0.49559 0.04522
0.49463 0.0436
0.49365 0.04202
0.49266 0.04047
0.49165 0.03896
0.490620 0.03747
0.48958 0.03601
0.48852 0.03459
0.48745 0.03318
0.48637 0.03180
0.485280 0.03044
0.48418 0.029110
0.48307 0.02779
0.48194 0.0265
0.48081 0.025230
0.47966 0.02397
0.47851 0.02274
0.47734 0.02154
0.47616 0.02036
0.47496 0.01919
0.47376 0.018050
0.47255 0.01692
0.47134 0.01581
0.470120 0.0147
0.46889 0.01361
0.46766 0.01253
0.46642 0.01146
0.46517 0.01041
0.46392 0.00938
0.46265 0.00836
0.46137 0.00737
0.46009 0.00639
0.45880 0.00542
0.45749 0.00448
0.456190 0.00355
0.45487 0.00263000
0.45355 0.00173
0.452220 0.00084
0.450880 -4e-05
0.44954 -0.0009
0.44818 -0.00175
0.44683 -0.002580
0.44546 -0.0034
0.44408 -0.0042
0.4427 -0.00498
0.4413 -0.00575
0.4399 -0.0065
0.43849 -0.00723
0.43707 -0.00794
0.43564 -0.00864
0.434210 -0.00932
0.43276 -0.00998
0.4313 -0.01062
0.42984 -0.01124
0.42836 -0.01185
0.42688 -0.01244
0.42539 -0.01302
0.42389 -0.01358
0.42239 -0.01412
0.42087 -0.01466
0.41935 -0.01517
0.41782 -0.01565
0.41627 -0.01611
0.41470 -0.01654
0.41312 -0.01693
0.41152 -0.01729
0.40990 -0.01762
0.40827 -0.01791
0.406620 -0.01818
0.40495 -0.0184
0.40326 -0.018590
0.40154 -0.01872
0.3998 -0.0188
0.39803 -0.01882
0.39623 -0.01878
0.3944 -0.01869
0.39254 -0.01854
0.39065 -0.01834
0.38873 -0.01808
0.38678 -0.01774
0.38477 -0.01729
0.38269 -0.01671
0.38052 -0.01596
0.37828 -0.01503
0.37602 -0.01395
0.37385 -0.01274
0.37184 -0.01144
0.3701 -0.01008
0.36868 -0.00871
0.36697 -0.006060
0.36672 -0.00485
0.36688 -0.00378
0.36748 -0.00287
0.36843 -0.0021
0.36966 -0.001460
0.37109 -0.00092
0.37262 -0.00046
0.37420 -6e-05
0.37581 0.00029
0.37744 0.00059
0.37909 0.00084
0.38077 0.00105
0.38247 0.00122
0.384190 0.00135
0.38592 0.00144
0.38767 0.001520
0.38942 0.001570
0.39119 0.00161
0.39296 0.00163
0.39473 0.0016500
0.39651 0.00167
0.39828 0.00169
0.40005 0.00171
0.40182 0.00174
0.40358 0.00178
0.40534 0.00183
0.4071 0.001890
0.40884 0.00196
0.41058 0.00204
0.41232 0.00214
0.41404 0.00226
0.41576 0.00239
0.41747 0.00253
0.41917 0.00269
0.42086 0.002870
0.42254 0.003070
0.42422 0.00328
0.42589 0.00351
0.42754 0.003760
0.42919 0.00403
0.43083 0.00431
0.43246 0.00462
0.43407 0.004940
0.43568 0.005290
0.437280 0.00565
0.43886 0.00604
0.44044 0.00645
0.442 0.00688
0.44355 0.007340
0.4451 0.0078100
0.44663 0.0083
0.44815 0.008810
0.44967 0.00933
0.45118 0.00987
0.45268 0.01044
0.45416 0.01102
0.45563 0.01163
0.45709 0.01226
0.45854 0.01292
0.45997 0.01361
0.46139 0.01432
0.4628 0.01506
0.4642 0.01583
0.46558 0.01662
0.46694 0.01743
0.4683 0.01828
0.46964 0.01915
0.47096 0.02005
0.47227 0.020980
0.47357 0.02194
0.47484 0.02293
0.47611 0.02395
0.47735 0.025
0.47858 0.02609
0.4798 0.02721
0.48099 0.02837
0.48217 0.02956
0.48332000 0.03079
0.48446 0.03206
0.48558 0.03336
0.48668 0.0347
0.48777 0.03606
0.48884 0.03746
0.4899 0.038880
0.49095 0.04033
0.49198 0.04181
0.49299 0.04331
0.494 0.044840
0.49498 0.04641
0.49595 0.04801
0.49689 0.04967
0.4978 0.05138
0.49868 0.05313
0.49950 0.05486
0.50023 0.05648
0.50085 0.05789
0.501340 0.05901
0.50167 0.05977
0.50185 0.06011
-Inserting Flap Ga2-
0.59705 0.19590
0.597110 0.19545
0.5972 0.19457
0.59733 0.193270
0.59748 0.19162
0.59763 0.18973
0.59775 0.18771
0.59781 0.18565
0.5978 0.18363
0.59772 0.18167
0.597580 0.17975
0.59739 0.17788
0.59716 0.17603
0.5969 0.17421
0.596610 0.17241
0.5963 0.17064
0.59596 0.16888
0.5956 0.16714
0.59521 0.16542
0.59481 0.16371
0.59438 0.16202
0.59394 0.16035
0.59347 0.15869
0.59299 0.15704
0.59249 0.15541
0.59197 0.1538
0.59144 0.1522
0.5908800 0.15061
0.5903 0.14905
0.5897 0.14749
0.58908 0.14596
0.58846 0.144430
0.58782 0.14290
0.58717 0.14139
0.58651 0.13988
0.58585 0.13839
0.585170 0.1369
0.58447 0.13542
0.58376 0.13396
0.58303 0.13251
0.58229 0.13107
0.5815300 0.12965
0.58075 0.12823
0.57997 0.12683
0.57917 0.12544
0.57835 0.12405
0.57753 0.12268
0.57669 0.12132
0.57584 0.11996
0.57498 0.118620
0.5741 0.11728
0.57322 0.11596
0.57231 0.11465
0.57140 0.11335
0.57047 0.11206
0.56952 0.11078
0.56856 0.109520
0.56758 0.10826
0.56659 0.10702
0.56558 0.10579
0.56456 0.10457
0.56352 0.10337
0.56247 0.10218
0.56139 0.101
0.56031 0.09983
0.5592 0.09868
0.55809 0.09753
0.55696 0.0964
0.55583 0.09527
0.55467 0.09416
0.5535 0.09306
0.55231 0.09198
0.55109 0.09091
0.54985 0.08987
0.54857 0.08885
0.54727 0.08786
0.54594 0.08689
0.54458 0.08594
0.54319 0.08501
0.54176 0.08411
0.5403 0.08324
0.5388 0.0824
0.53725 0.0816
0.53565 0.08084
0.534 0.080120
0.53229 0.07944
0.53054 0.0788
0.52874 0.0782
0.52689 0.07763
0.52498 0.07713
0.52296 0.07669
0.52083 0.07635
0.5185500 0.07613
0.51612 0.07604
0.51362 0.07609
0.51114 0.07628
0.50877 0.07662
0.50662 0.07712
0.50476 0.07778
0.5021 0.07948
0.50137 0.08047
0.50107 0.08151
0.501230 0.08259
0.50178 0.08368
0.50263 0.08478
0.5037 0.08586
0.5049 0.086920
0.50617 0.08795
0.50748 0.08893
0.50884 0.08989
0.51024 0.09081
0.51167 0.09169
0.51315 0.09255
0.51465 0.09339
0.51619 0.0942
0.51774 0.095
0.51932 0.095780
0.52091 0.09655
0.5225 0.09731
0.52411 0.09807
0.52571 0.09882
0.52732 0.09958
0.52892 0.10034
0.53051 0.10111
0.5321 0.10188
0.53368 0.10266
0.535250 0.10344
0.53681 0.104240
0.538350 0.10504
0.53988 0.10585
0.5414 0.10668
0.542910 0.10751
0.5444 0.10836
0.54588 0.10921
0.54734 0.110080
0.54879 0.11096
0.55023 0.111860
0.551640 0.11276
0.55305 0.11368
0.55443 0.11461
0.5558 0.11555
0.55715 0.11651
0.55849 0.11748
0.5598 0.11846
0.5611 0.11946
0.562380 0.12048
0.56364 0.12151
0.56488 0.12255
0.5661 0.12361
0.56731 0.12468
0.568500 0.12577
0.56967 0.12687
0.57083 0.12798
0.571970 0.1291
0.57310 0.13023
0.57421 0.13138
0.57529 0.132550
0.57635 0.13374
0.57739 0.13494
0.57841 0.13617
0.5794 0.13741
0.58037 0.13866
0.58132 0.13994
0.58224 0.14123
0.58315 0.14255
0.58402 0.14388
0.58488 0.14523
0.58571 0.1466
0.58651 0.14799
0.58728 0.1494
0.58803 0.15084
0.58875 0.15229
0.58945 0.15377
0.59011 0.15527
0.59075 0.15679
0.59135 0.15834
0.59192 0.15992
0.59246 0.16152
0.59296 0.16315
0.59343 0.16480
0.59388 0.16647
0.5943 0.16817
0.59469 0.16988
0.59506 0.17162
0.5954 0.17337
0.5957200 0.17514
0.59602 0.17694
0.59629 0.17875
0.59653 0.18058
0.59674 0.18244
0.59691 0.18434
0.597020 0.18627
0.59709 0.18823
0.59711 0.19015
0.5971 0.19192
0.597080 0.19347
0.59705 0.194690
0.59703 0.19551
0.59705 0.19590
*.*.Setup: Ga2.txt as Flap 1, Inverted: y, Scale = 1.0, AoA = -2.0, Reposition from (0,0) = (0, 0)*.*.
*.*.Setup: Ga2.txt as Flap 2, Inverted: y, Scale = 0.4, AoA = 27.0, Reposition from previous T.E. = (-0.0267, 0.08), Reposition from (0,0) = (0.971, -0.004)*.*.
*.*.Setup: Ga2.txt as Flap 3, Inverted: y, Scale = 0.4, AoA = 51.666666666666664, Reposition from previous T.E. = (-0.01, 0.06), Reposition from (0,0) = (1.3263, 0.2201)*.*.
*.*.Setup: Scale Ratio = 0.37554*.*.