0.37096 -0.03124
0.37015 -0.0320
0.36852 -0.03348
0.366110 -0.03565
0.36305 -0.03837
0.359510 -0.04143
0.35564 -0.04463
0.35162 -0.04778
0.34759 -0.050710
0.34356 -0.05343
0.33953 -0.05596
0.33551 -0.058330
0.3315 -0.060580
0.32749 -0.06273
0.32348 -0.0648
0.31948 -0.06678
0.31547 -0.06868
0.31147 -0.07051
0.30748 -0.07227
0.30348 -0.07396
0.29949 -0.07559
0.2955 -0.07716
0.29151 -0.07867
0.28752 -0.08012
0.28354 -0.08152
0.27956 -0.08285
0.27558 -0.08413
0.2716 -0.08534
0.26762 -0.08648
0.26365 -0.08756
0.25968 -0.08859
0.25571 -0.08958
0.25174 -0.09054
0.24777 -0.09147
0.2438 -0.09237
0.23984 -0.09324
0.23587 -0.09406
0.23191 -0.09484
0.22795 -0.09556
0.22399 -0.09624
0.22003 -0.09686
0.21608 -0.09744
0.21212 -0.09797
0.20817 -0.09846
0.20422 -0.09891
0.20027 -0.099310
0.196320 -0.09968
0.19237 -0.10001
0.18843 -0.1003
0.18448 -0.10056
0.18054 -0.10077
0.1766 -0.10094
0.17266 -0.10107
0.16872 -0.101150
0.16478 -0.10118
0.16085 -0.10116
0.15691 -0.1011
0.15298 -0.10099
0.14905 -0.10084
0.14512 -0.10063
0.1412 -0.10038
0.13727 -0.10007
0.13335 -0.09971
0.12943 -0.09931
0.12551 -0.09885
0.12159 -0.09834
0.11767 -0.0978
0.11376 -0.09722
0.10984 -0.096600
0.10593 -0.09594
0.10202 -0.09522
0.09811 -0.09443
0.09421 -0.09356
0.0903 -0.0926
0.08641 -0.09155
0.08251 -0.09041
0.07862 -0.089180
0.07473 -0.08786
0.07084 -0.08645
0.06696 -0.08494
0.06308 -0.08330
0.05921 -0.08154
0.05534 -0.07962
0.05147 -0.07754
0.047620 -0.07529
0.04376 -0.07289
0.03992 -0.07034
0.03608 -0.06764
0.03224 -0.06478
0.02841 -0.0617
0.02459 -0.058320
0.02079 -0.05456
0.017 -0.05034
0.01326 -0.04564
0.00968 -0.040580
0.00643 -0.03535
0.00364 -0.03013
0.00149 -0.0251
7e-05 -0.02043
-0.00044 -0.012640
0.00045 -0.00972
0.0021 -0.0076
0.00448 -0.00634
0.00746 -0.00582
0.01089 -0.00591
0.01463 -0.00645
0.01851 -0.0073
0.02241 -0.008320
0.0263 -0.00949
0.03019 -0.0108
0.03408 -0.01224
0.03796 -0.01381
0.04183 -0.01549
0.04571 -0.01727
0.04958 -0.01913
0.05345 -0.021070
0.05731 -0.02307
0.06118 -0.0251
0.06504 -0.02717
0.0689 -0.02926
0.07276 -0.03135
0.07663 -0.033440
0.08049 -0.03552
0.08435 -0.03758
0.08822 -0.03961
0.09208 -0.04162
0.09595 -0.04359
0.09982 -0.04553
0.10369 -0.04743
0.10756 -0.0493
0.11143 -0.05112
0.1153 -0.0529
0.11918 -0.05463
0.12306 -0.05632
0.12693 -0.05797
0.13081 -0.05957
0.1347 -0.06112
0.13858 -0.062620
0.14246 -0.06407
0.14635 -0.06547
0.15024 -0.06682
0.15413 -0.06811
0.15802 -0.06935
0.16192 -0.07053
0.16581 -0.07165
0.16971 -0.07271
0.173610 -0.07371
0.17752 -0.07465
0.18142 -0.07554
0.18533 -0.076360
0.18924 -0.07714
0.19315 -0.07787
0.19706 -0.07855
0.20097 -0.07919
0.20489 -0.07977
0.2088 -0.0803
0.21272 -0.08075
0.21665 -0.08113
0.22057 -0.08143
0.2245 -0.081660
0.22843 -0.08182
0.23236 -0.08191
0.2363 -0.081930
0.24023 -0.0818800
0.244170 -0.08175
0.24812 -0.081550
0.25206 -0.08127
0.25601 -0.08091
0.25996 -0.08047
0.26392 -0.07995
0.26787 -0.07934
0.27183 -0.07864
0.2758 -0.07786
0.27976 -0.07698
0.28373 -0.07601
0.2877 -0.07494
0.29168 -0.07377
0.29566 -0.07249
0.29965 -0.07111
0.3036300 -0.06963
0.30762 -0.06806
0.31162 -0.06641
0.31561 -0.06468
0.31961 -0.06287
0.32361 -0.06098
0.32762 -0.05902
0.331620 -0.05699
0.33563 -0.05487
0.33965 -0.05267
0.34366 -0.05035
0.34768 -0.0479
0.35171 -0.04529
0.35572 -0.04255
0.35956 -0.03978
0.36309 -0.03717
0.36614 -0.03486
0.36854 -0.03301
0.37016 -0.03176
0.37096 -0.03124
-Inserting Flap Ga2-
0.51584 0.063690
0.51574 0.063260
0.51553 0.0624
0.51522 0.06114
0.51481 0.059560
0.51432 0.05775
0.51375 0.05582
0.51313 0.05388
0.512440 0.052
0.51171 0.05020
0.51095 0.04846
0.51014 0.0467800
0.50932 0.04513
0.50847 0.04352
0.5076 0.04194
0.50672 0.04039
0.505810 0.03886
0.5049 0.03736
0.50396 0.03588
0.50302 0.03443
0.50206 0.03299
0.50109 0.03158
0.5001 0.03019
0.4991 0.02882
0.498090 0.02746
0.49707 0.02613
0.49604 0.02482
0.49499 0.02353
0.49393 0.02226
0.49285 0.02101
0.49176 0.01978
0.490670 0.01856
0.48957 0.01736
0.48846 0.01616
0.487350 0.01497
0.48622 0.0138
0.48509 0.01264
0.48395 0.0115
0.4828 0.010370
0.48164 0.00926
0.48047 0.00817
0.47928 0.00709
0.47809 0.00603
0.47689 0.00499
0.47568 0.00395
0.47446 0.00294
0.47323 0.00193
0.472 0.00094
0.47076 -4e-05
0.4695 -0.00101
0.46824 -0.00196
0.46698 -0.0029
0.4657 -0.00382
0.46441 -0.00473
0.46311 -0.00562
0.4618 -0.0065
0.460480 -0.00736
0.45916 -0.0082
0.45782 -0.00903
0.45647 -0.00984
0.45511 -0.010630
0.45374 -0.01141
0.45236 -0.01217
0.45097 -0.01291
0.44957 -0.01363
0.44815 -0.01434
0.44673 -0.01504
0.4453 -0.01572
0.44387 -0.01639
0.44242 -0.01705
0.44096 -0.01768
0.43949 -0.01829
0.438 -0.01888
0.43649 -0.01943
0.43497 -0.01996
0.43342 -0.02045
0.43185 -0.020920
0.43027 -0.02135
0.42866 -0.02175
0.42704 -0.02212
0.42539 -0.02244
0.42371 -0.02272
0.42199 -0.02295
0.42025 -0.02313
0.41847 -0.02324
0.41665 -0.023310
0.414810 -0.02332
0.41293 -0.02329
0.41102 -0.0232
0.40906 -0.02303
0.40704 -0.02276
0.40493 -0.022370
0.40273 -0.02182
0.40044 -0.0211
0.398120 -0.02022
0.39587 -0.01921
0.39378 -0.0181
0.39194 -0.0169200
0.39043 -0.01569
0.38852 -0.01322
0.38816 -0.01205
0.38823 -0.01098
0.388740 -0.01003
0.38961 -0.00919
0.39077 -0.00845
0.39213 -0.0078
0.39360 -0.00721
0.39513 -0.00668
0.39668 -0.00619
0.39826 -0.00576
0.39987 -0.005370
0.40151 -0.00502
0.40317 -0.00471
0.40485 -0.00443
0.40656 -0.00418
0.40827 -0.003960
0.41 -0.00376
0.41174 -0.00357
0.41348 -0.00339
0.41523 -0.00322
0.41698 -0.00305
0.41873 -0.00288
0.42047 -0.0027
0.42221 -0.00252
0.42395 -0.00233
0.42568 -0.002130
0.4274 -0.00192
0.429120 -0.0017
0.43083 -0.00146
0.43253 -0.001220
0.43422 -0.00095
0.4359 -0.00068
0.43758 -0.000390
0.43924 -8e-05
0.4409 0.000240
0.44254 0.00058
0.44417 0.00093
0.4458 0.0013
0.44741 0.00169
0.44901 0.0021
0.4506 0.002520
0.452180 0.00296
0.45375 0.00342
0.4553 0.0039
0.456850 0.0044
0.45838 0.00492
0.4599 0.00546
0.4614 0.00602
0.46289 0.0066
0.46437 0.0072
0.46584 0.00782
0.4673 0.00845
0.46875 0.0091
0.47019 0.009760
0.47162 0.01045
0.47304 0.01115
0.474440 0.01188
0.47582 0.01263
0.47719 0.01341
0.47855 0.01421
0.47989 0.01503
0.48121 0.01588
0.48252 0.01676
0.48381 0.01766
0.48509 0.01858
0.48635 0.019530
0.4876 0.0205
0.48883 0.02151
0.49004 0.02254
0.49124 0.02359
0.49241 0.02468
0.49357 0.0258
0.49471 0.02694
0.49583 0.028120
0.49693 0.02933
0.498 0.03057
0.49906 0.03185
0.50009 0.03317
0.50111 0.03452
0.5021 0.0359
0.50307 0.03731
0.50403 0.038750
0.50496 0.04022
0.50589 0.04171
0.50679 0.04324
0.50768 0.04478
0.50855 0.04635
0.50941 0.04795
0.51025 0.04958
0.51106 0.05125
0.51185 0.05296
0.5126 0.05472
0.51331 0.05653
0.51397 0.05831
0.51456 0.05996
0.51505 0.06141
0.51543 0.06256
0.515690 0.06334
0.51584 0.063690
-Inserting Flap Ga2-
0.59642 0.20875
0.59652 0.20832
0.59672 0.20746
0.597 0.20619
0.59733 0.20459
0.59769 0.20275
0.59804 0.20077
0.59834 0.19875
0.598560 0.19677
0.59871 0.19483
0.59879 0.19293
0.59882 0.19106
0.59881 0.18922
0.59876 0.1874
0.59869 0.1856
0.59858 0.18382
0.59845 0.18205
0.59829 0.1803
0.59811 0.17856
0.59791 0.17684
0.59769 0.17513
0.59744 0.17343
0.59718 0.17174
0.59689 0.17007
0.59659 0.16841
0.59626 0.16676
0.59592 0.16513
0.59555 0.1635
0.59516 0.1619
0.59475 0.1603
0.594320 0.15872
0.59388 0.15714
0.59343 0.15557
0.59297 0.15401
0.592490 0.15245
0.59201 0.1509
0.59151 0.14936
0.591 0.14783
0.59046 0.14631
0.58991 0.1448
0.58935 0.1433
0.58877 0.14181
0.58817 0.14033
0.58756 0.13886
0.58693 0.1374
0.58629 0.13594
0.58563 0.1345
0.58497 0.13306
0.58429 0.13163
0.58359 0.13021
0.58289 0.1288
0.58217 0.12740
0.58143 0.126
0.58068 0.12462
0.57991 0.12324
0.579130 0.12188
0.57833 0.12052
0.57751 0.11918
0.57668 0.11784
0.57583 0.11652
0.57496 0.1152
0.57408 0.1139
0.57318 0.11261
0.57226 0.11132
0.57132 0.11005
0.57037 0.10879
0.56941 0.10754
0.56843 0.10629
0.56744 0.10505
0.56644 0.10382
0.56541 0.10261
0.56436 0.10141
0.56329 0.10022
0.56218 0.09905
0.56105 0.09791
0.55988 0.09678
0.55868 0.09567
0.55745 0.094580
0.55619 0.09351
0.5549 0.09246
0.55356 0.09143
0.55218 0.09044
0.55075 0.08947
0.54926 0.08854
0.54772 0.087640
0.546120 0.08678
0.54447 0.08595
0.54277 0.08515
0.541020 0.08438
0.53919 0.08366
0.53726 0.083
0.53520 0.08242
0.53298 0.08194
0.53061 0.08157
0.52814 0.08133
0.52568 0.08124
0.52331 0.0813
0.52114 0.08155
0.51924 0.081980
0.516430 0.08334
0.51559 0.08423
0.51518 0.08522
0.51521 0.0863
0.51562 0.08744
0.51633 0.08862
0.517260 0.08981
0.51832 0.09099
0.51945 0.09214
0.52063 0.093260
0.52185 0.09435
0.5231200 0.09542
0.52443 0.09646
0.52579 0.09747
0.52717 0.09847
0.52859 0.09944
0.53003 0.1004
0.53148 0.10135
0.53296 0.10229
0.53444 0.103230
0.53593 0.10416
0.53742 0.10508
0.53891 0.10601
0.54040 0.10694
0.54188 0.10788
0.543350 0.10882
0.54482 0.10977
0.54627 0.11072
0.54771 0.11168
0.54913 0.11265
0.55055 0.11362
0.55195 0.11461
0.55333 0.1156
0.5547 0.11661
0.55606 0.11762
0.5574 0.11864
0.55872 0.11967
0.56003 0.12072
0.56132 0.12177
0.56259 0.12283
0.56385 0.12391
0.56509 0.12499
0.56631 0.1260900
0.56751 0.127190
0.56869 0.12831
0.56985 0.12945
0.57099 0.13059
0.57211 0.13175
0.57321 0.13292
0.57429 0.1341
0.575350 0.1353
0.5764 0.1365
0.57742 0.13771
0.57844 0.13894
0.57943 0.14017
0.58041 0.14142
0.58137 0.14268
0.5823 0.14395
0.58321 0.14524
0.58409 0.14654
0.584950 0.14786
0.58578 0.1492
0.58659 0.150540
0.58738 0.15191
0.588140 0.15329
0.588880 0.15468
0.58959 0.15609
0.59027 0.15752
0.59093 0.15896
0.59156 0.16042
0.59216 0.16190
0.59273 0.1634
0.59327 0.16491
0.59378 0.16644
0.59426 0.168
0.59471 0.16957
0.59513 0.17116
0.59551 0.17277
0.59585 0.17441
0.59616 0.17607
0.59643 0.177750
0.59668 0.17944
0.5969 0.18116
0.597090 0.18289
0.59725 0.18464
0.59739 0.18640
0.5975 0.18818
0.59758 0.18998
0.59764 0.19179
0.597670 0.19362
0.59766 0.19548
0.5976 0.19736
0.5975 0.19928
0.59733 0.20121
0.59714 0.2031
0.59692 0.20484
0.59672 0.20636
0.59656 0.20756
0.59644 0.20837
0.59642 0.20875
*.*.Setup: Ga2.txt as Flap 1, Inverted: y, Scale = 1.0, AoA = -2.0, Reposition from (0,0) = (0, 0)*.*.
*.*.Setup: Ga2.txt as Flap 2, Inverted: y, Scale = 0.4, AoA = 32.0, Reposition from previous T.E. = (0.04, 0.06), Reposition from (0,0) = (1.0377, -0.024)*.*.
*.*.Setup: Ga2.txt as Flap 3, Inverted: y, Scale = 0.4, AoA = 58.333333333333336, Reposition from previous T.E. = (-0.01, 0.06), Reposition from (0,0) = (1.3773, 0.2313)*.*.
*.*.Setup: Scale Ratio = 0.37183*.*.