0.36822 -0.03101
0.36742 -0.031760
0.3658 -0.03323
0.363410 -0.03539
0.36037 -0.03809
0.356850 -0.04112
0.35302 -0.0443
0.34903 -0.04743
0.34502 -0.050340
0.34102 -0.05304
0.33703 -0.05555
0.33304 -0.05790
0.32905 -0.060130
0.32507 -0.06227
0.32109 -0.06432
0.31712 -0.06629
0.31315 -0.06818
0.30917 -0.06999
0.30521 -0.07174
0.30124 -0.07342
0.29728 -0.07503
0.29332 -0.07659
0.28936 -0.07809
0.2854 -0.07953
0.28145 -0.08092
0.27749 -0.08224
0.27354 -0.08351
0.26959 -0.08471
0.26565 -0.08584
0.2617 -0.08691
0.25776 -0.08794
0.25382 -0.08892
0.24988 -0.08987
0.24594 -0.09079
0.242 -0.09169
0.23807 -0.09255
0.23413 -0.09337
0.2302 -0.09414
0.22627 -0.09486
0.22234 -0.09553
0.21841 -0.09615
0.21448 -0.09672
0.21056 -0.09725
0.20663 -0.09773
0.20271 -0.09818
0.19879 -0.098580
0.194870 -0.09894
0.19095 -0.09927
0.18704 -0.09956
0.18312 -0.09981
0.17921 -0.10003
0.17529 -0.1002
0.17138 -0.10032
0.16747 -0.10040
0.16357 -0.10043
0.15966 -0.10042
0.15576 -0.10036
0.15185 -0.10025
0.14795 -0.10009
0.14405 -0.09989
0.14015 -0.09963
0.13626 -0.09933
0.13236 -0.09898
0.12847 -0.09857
0.12458 -0.09812
0.12069 -0.09762
0.1168 -0.09708
0.11292 -0.0965
0.10903 -0.0958900
0.10515 -0.09523
0.10127 -0.09451
0.09739 -0.09373
0.09351 -0.09287
0.08964 -0.09192
0.08577 -0.09087
0.0819 -0.08974
0.07804 -0.088520
0.07418 -0.08721
0.07032 -0.08581
0.06646 -0.08431
0.06261 -0.082690
0.05877 -0.08093
0.05493 -0.07903
0.05109 -0.07696
0.047260 -0.07474
0.04344 -0.07235
0.03962 -0.06982
0.03581 -0.06714
0.032 -0.0643
0.0282 -0.06124
0.02441 -0.057890
0.02064 -0.05416
0.01688 -0.04997
0.01316 -0.0453
0.00961 -0.040280
0.00638 -0.03509
0.00362 -0.0299
0.00147 -0.02491
7e-05 -0.02028
-0.00044 -0.012550
0.00044 -0.00965
0.00208 -0.00755
0.00444 -0.00629
0.0074 -0.00578
0.01081 -0.00587
0.01452 -0.00641
0.01837 -0.00724
0.02224 -0.008260
0.02611 -0.00942
0.02997 -0.01072
0.03382 -0.01215
0.03768 -0.01371
0.04152 -0.01537
0.04537 -0.01714
0.04921 -0.01899
0.05305 -0.020920
0.05689 -0.0229
0.06072 -0.02492
0.06456 -0.02697
0.06839 -0.02904
0.07223 -0.03112
0.07606 -0.03320
0.0799 -0.03526
0.08373 -0.0373
0.08757 -0.03932
0.09141 -0.04131
0.09524 -0.04327
0.09908 -0.04519
0.10292 -0.04708
0.10677 -0.04893
0.11061 -0.05074
0.11445 -0.05251
0.1183 -0.05423
0.12215 -0.05591
0.126 -0.05754
0.12985 -0.05913
0.1337 -0.06067
0.13756 -0.062160
0.14141 -0.0636
0.14527 -0.06499
0.14913 -0.06632
0.15299 -0.06761
0.15686 -0.06883
0.16072 -0.07001
0.16459 -0.07112
0.16846 -0.07218
0.172330 -0.07317
0.17621 -0.0741
0.18008 -0.07498
0.18396 -0.07580
0.18784 -0.07657
0.19172 -0.07729
0.1956 -0.07798
0.19949 -0.07861
0.20337 -0.07919
0.20726 -0.0797
0.21115 -0.08015
0.21505 -0.08053
0.21894 -0.08083
0.22284 -0.081060
0.22674 -0.08122
0.23065 -0.0813
0.23455 -0.081320
0.23846 -0.0812700
0.242370 -0.08115
0.24629 -0.080950
0.2502 -0.08067
0.25412 -0.08031
0.25804 -0.07988
0.26197 -0.07936
0.2659 -0.07875
0.26983 -0.07806
0.27376 -0.07728
0.2777 -0.07641
0.28164 -0.07545
0.28558 -0.07439
0.28953 -0.07322
0.29348 -0.07195
0.29743 -0.07058
0.3013900 -0.06912
0.30535 -0.06756
0.30932 -0.06592
0.31328 -0.0642
0.31725 -0.06241
0.32123 -0.06053
0.3252 -0.05859
0.329180 -0.05656
0.33316 -0.05447
0.33714 -0.05228
0.34113 -0.04998
0.34512 -0.04755
0.34912 -0.04496
0.35309 -0.04223
0.35691 -0.03949
0.36041 -0.03689
0.36344 -0.0346
0.36582 -0.03277
0.36742 -0.03153
0.36822 -0.03101
-Inserting Flap Ga2-
0.50526 0.077880
0.5052 0.07744
0.50507 0.07658
0.50487 0.07531
0.5046 0.07371
0.50427 0.07188
0.50388 0.06992
0.50342 0.06795
0.50291 0.06603
0.50235 0.06419
0.50174 0.0624
0.50109 0.06067
0.50041 0.058970
0.49971 0.0573
0.49899 0.05566
0.49825 0.05405
0.497490 0.05246
0.49672 0.0509
0.49592 0.04936
0.49511 0.04784
0.49429 0.04634
0.49345 0.04486
0.49259 0.0434
0.49173 0.04195
0.49085 0.04052
0.48995 0.03912
0.48904 0.03773
0.48812 0.03636
0.48717 0.03502
0.48622 0.03369
0.48525 0.032380
0.48427 0.03108
0.48329 0.02979
0.4823 0.02852
0.4813 0.02725
0.48029 0.02599
0.47927 0.02474
0.47824 0.02351
0.4772 0.0223
0.47615 0.0211
0.47508 0.01992
0.474010 0.01875
0.47292 0.0176
0.471820 0.01646
0.47072 0.015340
0.4696 0.01423
0.46847 0.01313
0.46734 0.012040
0.46619 0.01096
0.46504 0.00990
0.46387 0.00885
0.4627 0.00781
0.46152 0.00679
0.46032 0.00578
0.45912 0.004780
0.4579 0.0038
0.45667 0.00284
0.45543 0.00189
0.45418 0.00096
0.45291 4e-050
0.45164 -0.00086
0.45035 -0.00175
0.44905 -0.00262
0.44774 -0.00347
0.44641 -0.00431
0.44508 -0.00513
0.44373 -0.00595
0.44238 -0.00674
0.44102 -0.00753
0.43965 -0.0083
0.43826 -0.00906
0.43686 -0.009790
0.43543 -0.0105
0.43399 -0.01118
0.43252 -0.01183
0.43104 -0.01245
0.42953 -0.01304
0.428 -0.01361
0.42645 -0.01415
0.42487 -0.01465
0.42327 -0.01511
0.42163 -0.01554
0.419960 -0.01591
0.41824 -0.01623
0.41649 -0.0165
0.41471 -0.016730
0.41288 -0.0169
0.41102 -0.01703
0.40912 -0.0171
0.4071700 -0.01711
0.40515 -0.01702
0.40304 -0.01681
0.40081 -0.01646
0.39848 -0.01594
0.39611 -0.01527
0.3938 -0.01447
0.39164 -0.01356
0.38972 -0.01254
0.388120 -0.011460
0.38601 -0.00918
0.38556 -0.00806
0.38553 -0.00699
0.38595 -0.00601
0.38674 -0.0051
0.38783 -0.00427
0.38911 -0.00351
0.39052 -0.0028
0.39198 -0.00214
0.393470 -0.00153
0.395 -0.00096
0.39656 -0.00043
0.39815 5e-05
0.39977 0.0005
0.40141 0.00092
0.40307 0.00131
0.40474 0.00168
0.40644 0.00203
0.40814 0.00237
0.40985 0.0027
0.41156 0.00302
0.41327 0.00334
0.41499 0.003660
0.4167 0.00398
0.41841 0.00431
0.42011 0.00465
0.4218 0.005
0.42349 0.00535
0.42517 0.00572
0.42683 0.0061
0.42849 0.00649
0.43014 0.0069
0.43178 0.00732
0.43341 0.00775
0.43503 0.0082
0.43664 0.00866
0.43824 0.00914
0.43982 0.00963
0.44139 0.01013
0.44296 0.01066
0.44451 0.0112
0.44604 0.01175
0.44757 0.01233
0.44908 0.01292
0.45057 0.01353
0.45206 0.01415
0.45352 0.0148
0.45498 0.01546
0.45642 0.01615
0.45784 0.01685
0.45925 0.01757
0.46065 0.01831
0.462040 0.01906
0.46342 0.01983
0.46479 0.02061
0.46614 0.02141
0.46748 0.02223
0.4688 0.02307
0.47011 0.02393
0.47139 0.02482
0.47266 0.02573
0.47392 0.02666
0.47515 0.02762
0.47637 0.02859
0.477570 0.029590
0.47876 0.03062
0.47992 0.03166
0.48107 0.03274
0.4822 0.03383
0.48331 0.03496
0.4844 0.03611
0.48547 0.03728
0.48652 0.03849
0.487540 0.03972
0.48855 0.04098
0.48953 0.04227
0.49049 0.04359
0.49142 0.04495
0.49233 0.04634
0.49321 0.04776
0.49408 0.04921
0.49492 0.05069
0.49574 0.0522
0.49654 0.053730
0.49732 0.055290
0.49808 0.05687
0.49883 0.05848
0.49955 0.06011
0.50026 0.06176
0.50095 0.06345
0.50161 0.06516
0.50224 0.066930
0.50283 0.06874
0.503380 0.07058
0.50388 0.0724
0.50431 0.07409
0.50467 0.07556
0.50495 0.07673
0.50514 0.07752
0.50526 0.077880
-Inserting Flap Ga2-
0.59883 0.21503
0.59888 0.21459
0.59897 0.21372
0.5991 0.21243
0.59925 0.21082
0.59939 0.20896
0.59951 0.20698
0.59957 0.20495
0.59956 0.20297
0.59948 0.20104
0.59934 0.19916
0.59915 0.19731
0.598930 0.1955
0.59867 0.19371
0.59839 0.19194
0.59808 0.1902
0.59775 0.18847
0.59739 0.18676
0.59702 0.18507
0.59662 0.18339
0.5962 0.18173
0.595760 0.18009
0.59531 0.17845
0.59483 0.17684
0.59434 0.17523
0.59383 0.17365
0.5933 0.17207
0.59275 0.17052
0.59218 0.168980
0.5916 0.16745
0.59099 0.16594
0.59037 0.16444
0.58975 0.16294
0.58911 0.16145
0.58847 0.15997
0.58781 0.1585
0.58714 0.15704
0.58646 0.15559
0.58576 0.15415
0.58504 0.15272
0.58431 0.15131
0.58356 0.14991
0.5828 0.14852
0.58203 0.14714
0.58124 0.14577
0.58044 0.14441
0.57963 0.14306
0.57881 0.14172
0.57798 0.14039
0.57713 0.13907
0.576270 0.13776
0.5754 0.13646
0.57451 0.13517
0.57361 0.13389
0.57269 0.13262
0.57176 0.13137
0.570820 0.13013
0.56986 0.12889
0.56888 0.12767
0.56789 0.12647
0.56689 0.12527
0.56587 0.1240900
0.56483 0.12291
0.56378 0.121760
0.56271 0.12061
0.56163 0.11948
0.56053 0.11835
0.55942 0.117240
0.55831 0.11613
0.55717 0.11503
0.5560200 0.11395
0.55485 0.11289
0.55365 0.111840
0.55243 0.110820
0.551180 0.109820
0.5499 0.1088400
0.54859 0.107890
0.547250 0.106950
0.54588 0.10604
0.54449 0.105160
0.54305 0.10430
0.54157 0.103480
0.54005 0.102690
0.53848 0.10194
0.53685 0.10124
0.53518 0.10057
0.53346 0.09994
0.531690 0.09935
0.52987 0.09879
0.52799 0.09829
0.52601 0.09787
0.52391 0.09753
0.52167 0.09731
0.51928 0.09722
0.51682 0.09727
0.51439 0.097460
0.51206 0.0978
0.50994 0.09829
0.50812 0.09894
0.50551 0.10061
0.50478 0.10158
0.50449 0.1026
0.50465 0.10366
0.505180 0.10473
0.50602 0.10581
0.50707 0.10688
0.50825 0.10792
0.5095 0.10893
0.51079 0.1099
0.51212 0.11083
0.5135 0.11174
0.51491 0.11261
0.51636 0.11346
0.51784 0.11428
0.519350 0.11508
0.52088 0.11586
0.52243 0.11662
0.52399 0.11738
0.525560 0.11813
0.527130 0.11888
0.52871 0.11962
0.53029 0.12036
0.53186 0.12111
0.53343 0.12186
0.53499 0.12262
0.53654 0.12338
0.53808 0.124160
0.539610 0.12494
0.54113 0.12573
0.54264 0.12653
0.54413 0.12734
0.54561 0.128160
0.54708 0.12899
0.54853 0.12983
0.54997 0.13068
0.551390 0.131550
0.5528 0.13242
0.5542 0.13331
0.55557 0.13422
0.55694 0.13513
0.55828 0.13606
0.55961 0.137
0.56092 0.13795
0.56222 0.13892
0.56349 0.13990
0.56475 0.1409
0.56599 0.14191
0.5672100 0.14294
0.56841 0.14398
0.56959 0.14503
0.57076 0.14610
0.57191 0.14718
0.57305 0.14827
0.57418 0.14937
0.57528 0.15049
0.57637 0.15162
0.57744 0.15276
0.578480 0.15393
0.5795 0.15511
0.5805 0.15632
0.58147 0.15754
0.58243 0.15877
0.583360 0.16003
0.58427 0.1613
0.58516 0.16259
0.58602 0.1639
0.58686 0.16522
0.58767 0.16657
0.588460 0.167940
0.58922 0.169330
0.589960 0.17074
0.59067 0.17217
0.59135 0.17362
0.592 0.17509
0.59263 0.17659
0.593220 0.17811
0.59378 0.17966
0.59431 0.18124
0.5948 0.18284
0.59527 0.18446
0.5957 0.1861
0.59612 0.18777
0.5965 0.18945
0.59686 0.19116
0.5972 0.19288
0.59752 0.19463
0.59781 0.19639
0.59807 0.19816
0.59831 0.19997
0.59852 0.2018
0.59868 0.20366
0.59879 0.20556
0.59886 0.20749
0.59888 0.209370
0.59887 0.21111
0.59885 0.21263
0.59882 0.21383
0.5988 0.21464
0.59883 0.21503
*.*.Setup: Ga2.txt as Flap 1, Inverted: y, Scale = 1.0, AoA = -2.0, Reposition from (0,0) = (0, 0)*.*.
*.*.Setup: Ga2.txt as Flap 2, Inverted: y, Scale = 0.4, AoA = 37.0, Reposition from previous T.E. = (0.04, 0.07), Reposition from (0,0) = (1.0377, -0.014)*.*.
*.*.Setup: Ga2.txt as Flap 3, Inverted: y, Scale = 0.4, AoA = 51.666666666666664, Reposition from previous T.E. = (-0.01, 0.07), Reposition from (0,0) = (1.359, 0.281)*.*.
*.*.Setup: Scale Ratio = 0.36908*.*.