0.36234 0.03808
0.360210 0.03596
0.35712 0.03287
0.35348 0.02984
0.34909 0.0269
0.343750 0.023880
0.3373 0.02064
0.32969 0.01716
0.321030 0.0135
0.311520 0.00974
0.30146 0.00598
0.29105 0.00228
0.280480 -0.00130
0.26984 -0.00473
0.25917 -0.00798
0.24847 -0.011040
0.23771 -0.01391
0.22685 -0.01661
0.2158300 -0.01917
0.2046 -0.0216
0.19313 -0.02396
0.18143 -0.02627
0.16954 -0.02855
0.15759 -0.03080
0.14573 -0.033
0.13413 -0.0351
0.12298 -0.03702
0.11246 -0.03868
0.10268 -0.03999
0.09362 -0.04087
0.08512 -0.0413
0.07707 -0.04129
0.06938 -0.04083
0.062 -0.03993
0.0549 -0.03859
0.04807 -0.03684
0.041560 -0.0347
0.03539 -0.03222
0.02964 -0.02948
0.02443 -0.02659
0.01985 -0.02370
0.01593 -0.02093
0.01265 -0.01833
0.00993 -0.01591
0.0077 -0.01366
0.005870 -0.01157
0.00437 -0.009630
0.00313 -0.00782
0.00214 -0.00612
0.00134 -0.004520
0.00073 -0.00301
0.00029 -0.00158
0.000055 -0.00022
-6e-05 0.0011
0.00013 0.00241
0.00076 0.00359
0.00182 0.00451
0.003190 0.00517
0.00479 0.005680
0.00663 0.0061
0.00875 0.00646
0.01123 0.0068
0.01419 0.00712
0.01781 0.00742
0.02233 0.007710
0.02806 0.00798
0.03529 0.0082
0.04397 0.008330
0.05373 0.00829
0.06423 0.008
0.07538 0.0075
0.08709 0.00686
0.09918 0.00615
0.11144 0.00541
0.12367 0.00468
0.135760 0.004
0.14766 0.0034
0.159370 0.0029
0.17088 0.00254
0.18221 0.00234
0.193370 0.00231
0.20439 0.00247
0.21527 0.00284
0.22605 0.00343
0.23673 0.00424
0.24732 0.00529
0.25783 0.00658
0.26828 0.00811
0.27864 0.00988
0.28891 0.01189
0.29904 0.014130
0.30895 0.01658
0.31847 0.01921
0.32741 0.02193
0.33551 0.02469
0.342610 0.02741
0.34866 0.03007
0.35376 0.03265
0.35801 0.035140
0.36234 0.03808
-Inserting Flap s1223rtl-
0.54081 0.12771
0.54004 0.126430
0.53891 0.12455
0.53751 0.12264
0.53574 0.12069
0.53351 0.11858
0.53077 0.11622000
0.52750 0.11362
0.52374 0.11079
0.51959 0.10782
0.51516 0.10477
0.51056 0.10172
0.50586 0.0987
0.50111 0.09575
0.49633 0.09289
0.49151 0.09011
0.48664 0.08741
0.4817 0.08479
0.47666 0.08222
0.47151 0.079680
0.46623 0.07715
0.46082 0.07461
0.455340 0.07207
0.44981 0.06953
0.44432 0.06703
0.43895 0.06460
0.43377 0.06232
0.42887 0.06025
0.424280 0.05843
0.41999 0.05691
0.41592 0.05567
0.412010 0.0547
0.40823 0.05399
0.404540 0.05354
0.40093 0.05333
0.397410 0.05335
0.393990 0.0536
0.39069 0.05406
0.38758 0.054690
0.3847 0.05546
0.382130 0.05631
0.37989 0.05718
0.37798 0.058050
0.37637 0.05889
0.37502 0.05971
0.373880 0.0605
0.37291 0.06127
0.3721 0.062
0.37141 0.06270
0.370830 0.06338
0.37035 0.064040
0.36996 0.064680
0.36967 0.06531
0.36947 0.06593
0.3694 0.06659
0.36956 0.06724
0.36997 0.06782
0.37055 0.06831
0.37127 0.06874
0.37211 0.06917
0.37309 0.0696
0.37425 0.07007
0.37565 0.07058
0.37737 0.07117
0.37953 0.07185
0.38228 0.07267
0.385760 0.07366
0.38995 0.07477
0.39469 0.0759300
0.39982 0.077060
0.40529 0.07817
0.41105 0.07927
0.4170 0.08039
0.42304 0.08151
0.429060 0.08264
0.43501 0.08377
0.44086 0.08492
0.44659 0.08609
0.45222 0.08731
0.45774 0.088580
0.46316 0.08992
0.46849 0.09133
0.47373 0.09283
0.478880 0.09442
0.48396 0.09610
0.48898 0.09789
0.49392 0.09979
0.4988 0.10179
0.503620 0.10391
0.50836 0.10613
0.5130 0.108440
0.51751 0.11082
0.521810 0.11325
0.52582 0.11565
0.52941 0.11797
0.53253 0.12015
0.535140 0.12217
0.5373 0.124040
0.53907 0.12576
0.54081 0.12771
-Inserting Flap s1223rtl-
0.6587 0.28021
0.65854 0.27872
0.6583 0.27654
0.65785 0.27422
0.65706 0.2717
0.65594 0.26884
0.65445 0.26555
0.652590 0.26181
0.65038 0.25766
0.64787 0.25321
0.64514 0.24858
0.64226 0.24386
0.639280 0.23915
0.63622 0.23446
0.6331 0.22985
0.6299 0.22529
0.62663 0.22079
0.62326 0.21632
0.61978 0.21186
0.616180 0.20738
0.612470 0.20286
0.60864 0.19828
0.60474 0.19365
0.60081 0.18902
0.59689 0.18443
0.59305 0.17996
0.58932 0.17571
0.585750 0.17175
0.58236 0.16817
0.57912 0.16497
0.575950 0.16213
0.572820 0.15960
0.56969 0.15736
0.566540 0.15539
0.56336 0.15367
0.56016 0.15221
0.55695 0.15099
0.55377 0.15001
0.55068 0.14927
0.54774 0.148750
0.54505 0.14843
0.542660 0.14828
0.54056 0.14825
0.53875 0.14834
0.53717 0.14851
0.5358 0.14875
0.534610 0.14903
0.53356 0.149350
0.53264 0.14969
0.53183 0.15006
0.53111 0.15046
0.53049 0.15087
0.52996 0.15132
0.52951 0.1518
0.52917 0.15237
0.529040 0.15303
0.52917 0.15372
0.52949 0.15441
0.52996 0.15511
0.53054 0.15585
0.53125 0.15666
0.53211 0.15757
0.53316 0.15863
0.534470 0.15989
0.536130 0.16142
0.53828 0.16333
0.54101 0.16569
0.54435 0.16847
0.54815 0.17152
0.55232 0.17472
0.556810 0.17803
0.56156 0.18147
0.56649 0.185
0.57148 0.18857
0.57647 0.19213
0.58138 0.19567
0.58619 0.19918
0.59089 0.202670
0.59548 0.20615
0.59995 0.20964
0.60429 0.21314
0.60852 0.216670
0.612640 0.22024
0.61664 0.22386
0.62053 0.22753
0.624320 0.23127
0.628 0.23508
0.631580 0.23896
0.63505 0.24291
0.63840 0.246930
0.64163 0.25098
0.64471 0.25505
0.64759 0.259070
0.6502 0.26294
0.65248 0.26656
0.65438 0.26985
0.6559 0.27279
0.65707 0.2754
0.65794 0.2777
0.6587 0.28021
*.*.Setup: s1223rtl.txt as Flap 1, Inverted: y, Scale = 1.0, AoA = 6.0, Reposition from (0,0) = (0, 0)*.*.
*.*.Setup: s1223rtl.txt as Flap 2, Inverted: y, Scale = 0.5, AoA = 20.0, Reposition from previous T.E. = (0.02, 0.075), Reposition from (0,0) = (1.0145, 0.1795)*.*.
*.*.Setup: s1223rtl.txt as Flap 3, Inverted: y, Scale = 0.5, AoA = 45.0, Reposition from previous T.E. = (-0.03, 0.065), Reposition from (0,0) = (1.4544, 0.4155)*.*.
*.*.Setup: Scale Ratio = 0.36434*.*.