0.36197 -0.005140
0.36124 -0.00593
0.35976 -0.00748
0.357570 -0.009750
0.35478 -0.01259
0.35155 -0.0158
0.34802 -0.01917
0.34434 -0.0225
0.34062 -0.02562
0.33689 -0.02853
0.333160 -0.03125
0.32942 -0.03383
0.32568 -0.03628
0.32194 -0.03864
0.31819 -0.04092
0.31444 -0.04311
0.31069 -0.04523
0.30693 -0.047270
0.303170 -0.04925
0.299410 -0.05116
0.29565 -0.05301
0.29188 -0.0548
0.28812 -0.05654
0.28435 -0.05822
0.28058 -0.05984
0.27681 -0.06141
0.27303 -0.06292
0.26926 -0.06436
0.26548 -0.06573
0.2617 -0.067050
0.25791 -0.06832
0.254130 -0.06955
0.25034 -0.07075
0.24656 -0.07192
0.24277 -0.07307
0.23898 -0.07418
0.23519 -0.07524
0.23140 -0.07627
0.22761 -0.07724
0.22381 -0.07816
0.22001 -0.07904
0.21622 -0.079860
0.21242 -0.08065
0.20862 -0.0813900
0.20481 -0.08209
0.20101 -0.08275
0.1972 -0.08338
0.1934 -0.08396
0.18959 -0.08452
0.18578 -0.08503
0.18197 -0.08551
0.17816 -0.08594
0.17434 -0.08633
0.17053 -0.08667
0.16671 -0.08697
0.16289 -0.08722
0.15907 -0.08743
0.15525 -0.08759
0.15143 -0.08771
0.1476 -0.08777
0.14378 -0.08779
0.13995 -0.08776
0.13612 -0.08768
0.13229 -0.08755
0.12845 -0.087370
0.12462 -0.08715
0.12078 -0.08689
0.11695 -0.08659
0.11311 -0.086260
0.10927 -0.08588
0.105420 -0.08544
0.10158 -0.08494
0.09773 -0.08437
0.09388 -0.0837
0.090030 -0.08295
0.08617 -0.0821
0.08231 -0.08118
0.07845 -0.08016
0.07458 -0.07906
0.07071 -0.07785
0.06684 -0.076530
0.06296 -0.07508
0.05908 -0.07348
0.05519 -0.07172
0.0513 -0.06981
0.0474 -0.06774
0.04349 -0.06553
0.03958 -0.06317
0.03567 -0.06065
0.03175 -0.05792
0.02781 -0.0549
0.02387 -0.05151
0.01991 -0.04768
0.01596 -0.043370
0.01214 -0.03871
0.00863 -0.03385
0.005580 -0.02898
0.00314 -0.02425
0.00146 -0.01981
0.00043 -0.012290
0.00109 -0.0094
0.00255 -0.00723
0.00477 -0.00584
0.00763 -0.00514
0.01097 -0.005
0.01462 -0.00527
0.01845 -0.00582
0.0223 -0.00655
0.026160 -0.00742
0.03002 -0.00843
0.03389 -0.00957
0.03776 -0.01082
0.04163 -0.01219
0.04551 -0.01365
0.04939 -0.0152
0.053270 -0.01681
0.05716 -0.018490
0.06105 -0.0202
0.064930 -0.02194
0.06882 -0.02371
0.07271 -0.025480
0.0766 -0.02724
0.080490 -0.029
0.08438 -0.03073
0.08826 -0.03244
0.09215 -0.03412
0.09604 -0.03578
0.09992 -0.0374
0.1038 -0.03898
0.10768 -0.04052
0.11156 -0.04203
0.11544 -0.04349
0.11932 -0.04491
0.12319 -0.04629
0.12707 -0.04762
0.13094 -0.04891
0.13481 -0.05015
0.13868 -0.05134
0.14254 -0.05249
0.14641 -0.053580
0.150270 -0.05462
0.15414 -0.05561
0.158 -0.05655
0.16185 -0.05743
0.1657100 -0.058260
0.16956 -0.059020
0.17341 -0.05973
0.17726 -0.06038
0.18111 -0.06097
0.18496 -0.0615
0.1888 -0.06199
0.19265 -0.06244
0.196490 -0.06284
0.20033 -0.06319
0.20416 -0.06349
0.2080 -0.063730
0.21183 -0.0639
0.21566 -0.064
0.21949 -0.06403
0.22332 -0.06399
0.22714 -0.06387
0.23096 -0.063690
0.23478 -0.06345
0.23860 -0.06313
0.24241 -0.06274
0.24622 -0.06228
0.2500300 -0.06174
0.25383 -0.06112
0.25764 -0.060430
0.26144 -0.05965
0.26523 -0.05879
0.26903 -0.05785
0.27282 -0.05682
0.276610 -0.0557
0.28039 -0.05449
0.28417 -0.05318
0.28795 -0.05177
0.29173 -0.05026
0.2955 -0.04865
0.29926 -0.04695
0.30303 -0.045160
0.30679 -0.043280
0.31055 -0.04133
0.31431 -0.03931
0.31806 -0.03721
0.32181 -0.03503
0.32556 -0.032780
0.32931 -0.03046
0.33305 -0.02805
0.33679 -0.02553
0.34052 -0.022880
0.34425 -0.02008
0.34795 -0.01714
0.3515 -0.0142
0.35474 -0.01142
0.35754 -0.00898
0.35974 -0.00702
0.36123 -0.0057
0.36197 -0.005140
-Inserting Flap Ga2-
0.50853 0.07588
0.5084 0.07547
0.50812 0.07466
0.50771 0.07347
0.50718 0.07197
0.50655 0.07026
0.50584 0.06844
0.50507 0.06661
0.50425 0.06485
0.503390 0.06317
0.5025 0.061550
0.501580 0.05998
0.50064 0.05846
0.49968 0.05697
0.4987 0.05551
0.49772 0.05408
0.49671 0.0526800
0.4957 0.05131
0.4946700 0.04995
0.49363 0.04862
0.49258 0.04732
0.49152 0.04603
0.49044 0.04477
0.48936 0.04352
0.48827 0.04229
0.48717 0.04109
0.486050 0.0399
0.48493 0.038740
0.48379 0.0376
0.48264 0.03649
0.48149 0.03539
0.480320 0.0343
0.47915 0.03323
0.47798 0.03216
0.4768 0.03111
0.47561 0.03007
0.47442 0.02904
0.473220 0.02803
0.47201 0.02703
0.47079 0.02606
0.469560 0.0251
0.46832 0.02415
0.46708 0.02323
0.46582 0.02232
0.46456 0.021420
0.4633 0.02054
0.46202 0.01967
0.46074 0.01881
0.45945 0.01797
0.45816 0.01714
0.456860 0.01632
0.45555 0.01552
0.45423 0.01473
0.45291 0.01396
0.45158 0.01321
0.45023 0.01247
0.44888 0.01175
0.44753 0.01105
0.44616 0.01036
0.44478 0.00969
0.4434 0.00903
0.44201 0.0084
0.44061 0.00778
0.43919 0.00718
0.43777 0.0066
0.43635 0.00603
0.434910 0.00547
0.43347 0.00493
0.43202 0.00441
0.430570 0.00389
0.4291 0.0034
0.42762 0.00293
0.42613 0.00249
0.42462 0.00208
0.42310 0.00171
0.421550 0.00136
0.42 0.00104
0.41843 0.00076
0.41684 0.0005
0.41523 0.00029
0.4136 0.00011
0.41195 -0.000048
0.41028 -9e-050
0.40857 -0.00011
0.40683 -8e-05
0.4050700 0.000032
0.40328 0.00015
0.40146 0.00035
0.39962 0.0006
0.39774 0.00092
0.3958 0.00136
0.3938 0.0019200
0.39171 0.002640
0.38955 0.00353
0.38738 0.00458
0.38529 0.00574
0.38336 0.00699
0.38167 0.00830
0.38031 0.00962
0.37867 0.01217
0.37842 0.01333
0.37858 0.01437
0.37915 0.01524
0.380070 0.01598
0.38126 0.0166
0.38263 0.01712
0.38411 0.01756
0.38563 0.01795
0.38717 0.01829
0.38874 0.01857
0.39034 0.01882
0.391950 0.01902
0.39359 0.01918
0.39524 0.0193
0.39691 0.0194
0.39859 0.01947
0.40028 0.01952
0.40198 0.01955
0.40369 0.01958
0.40539 0.0196
0.40710 0.01961
0.40881 0.019630
0.41052 0.01965
0.41222 0.019680
0.41392 0.01972
0.41561 0.019760
0.41730 0.01982
0.41898 0.01989
0.42066 0.019970
0.42232 0.02007
0.42398 0.020180
0.42564 0.0203
0.42728 0.02044
0.42892 0.0206
0.43055 0.02077
0.43217 0.02096
0.43379 0.02116
0.43539 0.02139
0.43698 0.02163
0.43857 0.021880
0.44015 0.02216
0.44172 0.02245
0.44327 0.02276
0.44482 0.0231
0.44636 0.02345
0.44788 0.02382
0.4494 0.024220
0.45091 0.02463
0.4524 0.02507
0.45388 0.02553
0.45536 0.026
0.45683 0.02649
0.45829 0.02699
0.45974 0.02751
0.46118 0.02805
0.46261 0.02862
0.46403 0.0292
0.46544 0.02981
0.46683 0.03045
0.46821 0.03111
0.46958 0.0318
0.47093 0.032510
0.47227 0.03324
0.4736 0.034
0.47492 0.034790
0.47622 0.0356
0.47751 0.03644
0.47879 0.03731
0.480050 0.0382
0.4813 0.03913
0.48253 0.04008
0.48374 0.041060
0.48494 0.04208
0.48613 0.04312
0.4873 0.0442
0.48845 0.04532
0.48958 0.046470
0.49069 0.047650
0.49179 0.04887
0.49286 0.05013
0.49392 0.05141
0.49497 0.05273
0.496 0.05407
0.49702 0.05544
0.49803 0.05684
0.499020 0.05826
0.5 0.059710
0.50097 0.06118
0.50192 0.06269
0.50285 0.06423
0.503750 0.06583
0.504630 0.06747
0.50547 0.06916
0.50626 0.07083
0.50697 0.072380
0.50757 0.07374
0.50804 0.07482
0.50835 0.07555
0.50853 0.07588
-Inserting Flap Ga2-
0.61221 0.19844
0.61221 0.198
0.6122 0.19715
0.61218 0.195890
0.61214 0.19430
0.61207 0.19248
0.61195 0.190530
0.61178000 0.18855
0.61155 0.18662
0.61125 0.18475
0.6109 0.18294
0.61051 0.18117
0.61009 0.17943
0.60963 0.17771
0.60916 0.17603
0.60866 0.17436
0.60814 0.17272
0.6076 0.1711
0.607040 0.16949
0.606460 0.16791
0.60586 0.16634
0.60525 0.16479
0.60462 0.16325
0.60398 0.16173
0.60332 0.16023
0.60264 0.15874
0.60195 0.15727
0.60124 0.15582
0.60051 0.15439
0.59976 0.15297
0.599 0.15157
0.59823 0.15017
0.597450 0.14879
0.59666 0.14741
0.59587 0.14605
0.595060 0.14469
0.594240 0.14334
0.59341 0.14201
0.59257 0.14069
0.59171 0.13939
0.59084 0.13809
0.58995 0.13682
0.58905 0.13555
0.58814 0.13429
0.58722 0.13305
0.58629 0.13182
0.58535 0.1306
0.58439 0.12939
0.58343 0.12819
0.58246 0.127
0.58147 0.12582
0.58048 0.12465
0.57947 0.1235
0.57844 0.12236
0.57741 0.12123
0.57636 0.12012
0.575300 0.11901
0.57423 0.11792
0.57314 0.11685
0.57204 0.11578
0.57092 0.11473
0.5698 0.1137
0.56865 0.112680
0.5675 0.11167
0.56633 0.11068
0.56514 0.1097
0.56395 0.10873
0.56275 0.10777
0.56153 0.10682
0.560310 0.105880
0.55906 0.10496
0.5578 0.10406
0.55652 0.10318
0.55521 0.10232
0.55388 0.10149
0.55252 0.10068
0.55114 0.0999
0.54973 0.09915
0.5483 0.09841
0.54684 0.09771
0.54534 0.09704
0.54381 0.09641
0.54224 0.09582
0.54062 0.09527
0.53896 0.09477
0.537260 0.09431
0.53551 0.09389
0.53372 0.09351
0.53189 0.09318
0.53 0.09291
0.52803 0.09272
0.525950 0.09264
0.52374 0.09268
0.52141 0.09286
0.519020 0.093180
0.51667 0.09365
0.51445 0.09424
0.51245 0.09496
0.51074 0.0958
0.50839 0.09772
0.50780 0.09874
0.507630 0.09977
0.5079 0.10079
0.50855 0.10177
0.50948 0.10273
0.51063 0.10364
0.51190 0.10452
0.51322 0.10536
0.51459 0.10616
0.515990 0.1069200
0.51744 0.1076400
0.51891 0.10833
0.52042 0.10899
0.52195 0.10962
0.52351 0.11022
0.52508 0.11081
0.52668 0.11138
0.52828 0.11194
0.5299 0.11249
0.53151 0.11303
0.53313 0.11358
0.53475 0.11412
0.53637 0.11467
0.53798 0.11522
0.539580 0.11578
0.54118 0.116350
0.54277 0.11693
0.54434 0.11751
0.54591 0.11811
0.547470 0.11872
0.54901 0.119330
0.55055 0.11996
0.55207 0.12061
0.553580 0.12126
0.555080 0.121930
0.55656 0.12261
0.55803 0.1233
0.55949 0.12401
0.56093 0.12473
0.56236 0.12546
0.56378 0.12621
0.56518 0.12697
0.56656 0.12775
0.56793 0.12855
0.56928 0.12936
0.57062 0.130180
0.57194 0.13103
0.57324 0.13189
0.57453 0.13277
0.5758 0.13366
0.577060 0.13456
0.5783 0.13548
0.57953 0.13641
0.58075 0.137360
0.58196 0.13832
0.5831500 0.13929
0.58431 0.14029
0.58546 0.1413
0.58659 0.142340
0.5877 0.14340
0.58879 0.14447
0.58985 0.14557
0.5909 0.14668
0.59193 0.14782
0.59294 0.14897
0.59393 0.15014
0.5949 0.15134
0.59584 0.15256
0.596770 0.1538
0.59767 0.155060
0.59854 0.156350
0.5994 0.15766
0.60022 0.159
0.60103 0.16036
0.6018 0.16175
0.60255 0.163160
0.60327 0.16460
0.60397 0.166070
0.60463 0.16757
0.60527 0.1691
0.60588 0.17065
0.60647 0.172220
0.60704 0.17382
0.60758 0.17544
0.60811 0.17708
0.60861 0.17874
0.60910 0.18042
0.609560 0.18212
0.610 0.18384
0.6104 0.1856
0.61077 0.1874
0.6111 0.18923
0.61138 0.1911
0.61161 0.192930
0.61181 0.19463
0.61196 0.19611
0.612070 0.19728
0.61214 0.19807
0.61221 0.19844
*.*.Setup: Ga2.txt as Flap 1, Inverted: y, Scale = 1.0, AoA = 2.0, Reposition from (0,0) = (0, 0)*.*.
*.*.Setup: Ga2.txt as Flap 2, Inverted: y, Scale = 0.4, AoA = 27.0, Reposition from previous T.E. = (0.04, 0.06), Reposition from (0,0) = (1.0411, 0.0458)*.*.
*.*.Setup: Ga2.txt as Flap 3, Inverted: y, Scale = 0.4, AoA = 45.0, Reposition from previous T.E. = (-0.01, 0.07), Reposition from (0,0) = (1.3964, 0.2799)*.*.
*.*.Setup: Scale Ratio = 0.36157*.*.