0.36137 0.05724
0.35935 0.0550
0.35641 0.05174
0.35292 0.0485
0.34867 0.04533
0.34347 0.04202
0.33718 0.03843
0.32973 0.03454
0.32123 0.030410
0.3119 0.02614
0.302 0.02184
0.29176 0.01758
0.28135 0.01343
0.27085 0.00944
0.26032 0.00562
0.24976 0.00199
0.23912 -0.00146
0.22837 -0.00474
0.21746 -0.00788
0.20632 -0.01091
0.19494 -0.01388
0.18332 -0.01681
0.17153 -0.01972
0.15966 -0.02261
0.14788 -0.02544
0.13636 -0.02815
0.12527 -0.030660
0.11481 -0.03288
0.10508 -0.0347
0.09603 -0.03607
0.08753 -0.03695
0.07946 -0.03736
0.07172 -0.0373
0.06427 -0.036780
0.05708 -0.03582
0.05015 -0.03442
0.0435 -0.03262
0.03718 -0.03045
0.03128 -0.028
0.0259 -0.02538
0.02115 -0.022730
0.017070 -0.02015
0.01364 -0.01772
0.01080 -0.01543
0.00844 -0.0133
0.006490 -0.01130
0.00488 -0.00943
0.00355 -0.00767
0.00246 -0.00602
0.00158 -0.0044600
0.00089 -0.00298
0.00037 -0.001570
0.000086 -0.00022
-0.00012 0.0011000
0.000005 0.00242
0.00057 0.003640
0.00159 0.00462
0.00293 0.00536
0.00451 0.00595
0.00632 0.006460
0.00843 0.00694
0.0109 0.00741
0.01386 0.00789
0.01747 0.00838
0.02199 0.00891
0.02772 0.00948
0.03496 0.01008
0.04366 0.01067
0.05345 0.01113
0.063990 0.0114
0.07520 0.01149
0.08698 0.01146
0.099140 0.01138
0.11148 0.01128
0.12378 0.01119
0.13594 0.01115
0.14790 0.01117
0.15967 0.01129
0.17123 0.011530
0.18260 0.01192
0.1938 0.01248
0.20484 0.01322
0.21574 0.01416
0.2265200 0.01532
0.23718 0.0167
0.24775 0.0183
0.25822 0.02015
0.268620 0.02223
0.27892 0.02455
0.28911 0.02711
0.29915 0.02989
0.30895 0.03287
0.31837 0.036
0.32719 0.0392
0.33517 0.0424
0.34214 0.0455
0.34807 0.04848
0.35305 0.05133
0.35719 0.05405
0.36137 0.05724
-Inserting Flap s1223rtl-
0.53449 0.15284
0.53383 0.15149
0.53286 0.14952
0.53163 0.14748
0.53003 0.14537
0.52798 0.14306
0.52545 0.14047
0.52241 0.13757
0.51889 0.13442
0.515 0.13108
0.51083 0.127650
0.5065 0.12419
0.50206 0.12076
0.49757 0.11739
0.49304 0.11411
0.48846 0.11091
0.48382 0.10779
0.47911 0.10473
0.47429 0.10171
0.46936 0.09872
0.4643 0.09573
0.459120 0.09272
0.45385 0.08969
0.44854 0.08667
0.44327 0.08368
0.43811 0.08079
0.43313 0.078060
0.4284 0.07555
0.42398 0.07333
0.41982 0.071430
0.415850 0.06983
0.41203 0.068530
0.4083 0.06749
0.40465 0.06671
0.40106 0.06618
0.39754 0.0659
0.39409 0.065850
0.39076 0.06602
0.38758 0.06638
0.38464 0.0669
0.38199 0.06752
0.37967 0.0682
0.37769 0.0688900
0.37601 0.0696
0.37458 0.0703
0.37337 0.07099
0.37234 0.071670
0.37146 0.07233
0.37071 0.07297
0.37007 0.0736
0.36953 0.07422
0.36909 0.07483
0.36874 0.075430
0.36848 0.076040
0.36836 0.07669
0.36846 0.07736
0.36882 0.07797
0.36936 0.07851
0.37004 0.07901
0.37084 0.07951
0.371790 0.08003
0.37291 0.08059
0.37427 0.08123
0.37593 0.08197
0.37803 0.08284
0.38071 0.08391
0.3841 0.08519
0.38821 0.08667
0.39284 0.08825
0.39787 0.08983
0.40325 0.091410
0.40892 0.09303
0.41477 0.094660
0.42071 0.09632
0.42664 0.09797
0.432490 0.09962
0.43824 0.10128
0.44388 0.10296
0.4494 0.10467
0.45481 0.10642
0.460120 0.10824
0.46532 0.11011
0.47043 0.11207
0.47545 0.114110
0.48039 0.11624
0.48524 0.11847
0.490020 0.1208
0.49473 0.12323
0.49936 0.125770
0.50391 0.1284
0.50835 0.13112
0.51265 0.13391
0.51675 0.13671
0.52055 0.13947
0.523940 0.1421
0.52686 0.144550
0.5293 0.14680
0.5313 0.14886
0.53292 0.15074
0.53449 0.15284
-Inserting Flap s1223rtl-
0.66017 0.29824
0.65993 0.29676
0.65957 0.294590
0.65897 0.29229
0.65804 0.2898
0.65675 0.287010
0.65507 0.2838
0.65298 0.28015
0.650520 0.27612
0.64774 0.27180
0.64474 0.26732
0.64158 0.26276
0.6383100 0.25821
0.63497 0.25369
0.63157 0.24925
0.6281 0.24487
0.62456 0.24055
0.620920 0.23626
0.61717 0.232
0.6133 0.22771
0.60931 0.223390
0.60521 0.21903
0.60103 0.214620
0.59682 0.2102
0.59262 0.20583
0.58851 0.20158
0.58452 0.19753
0.58071 0.19377
0.57711 0.19038
0.573670 0.18736
0.57033 0.1847
0.56704 0.18234
0.56377 0.18028
0.56049 0.17849
0.55721 0.17695
0.55391 0.17567
0.55063 0.17463
0.54738 0.17384
0.54424 0.17328
0.54127 0.17293
0.53855 0.17277
0.53614 0.17275
0.53404 0.17285
0.53222 0.17304
0.53066 0.17331
0.5293 0.17362
0.52811 0.1739800
0.52708 0.17435
0.526180 0.17475
0.52539 0.17517
0.52469 0.17561
0.524090 0.17607
0.523590 0.17654
0.52317 0.17705
0.52286 0.17764
0.52277 0.17831
0.52294 0.179
0.52330 0.17967
0.52381 0.180350
0.52443 0.18105
0.52519 0.18182
0.5261 0.182690
0.52722 0.18368
0.52861 0.18487
0.53036 0.18631
0.53263 0.1881
0.53551 0.1903
0.53901 0.1929
0.54301 0.19574
0.54737 0.198690
0.55207 0.20175
0.55703 0.20492
0.56217 0.20817
0.56739 0.21146
0.57259 0.21474
0.57772 0.218
0.58275 0.22124
0.58767 0.2244700
0.59248 0.22769
0.597160 0.23092
0.601720 0.23418
0.60617 0.23747
0.6105 0.24081
0.61472 0.2442
0.61884 0.24766
0.62285 0.251190
0.62677 0.25479
0.63058 0.25848
0.63429 0.26223
0.63789 0.26606
0.64136 0.26994
0.64469 0.27384
0.647810 0.27770
0.65065 0.28143
0.65315 0.28492
0.65525 0.28811
0.65694 0.29097
0.658260 0.293510
0.65927 0.29577
0.66017 0.29824
*.*.Setup: s1223rtl.txt as Flap 1, Inverted: y, Scale = 1.0, AoA = 9.0, Reposition from (0,0) = (0, 0)*.*.
*.*.Setup: s1223rtl.txt as Flap 2, Inverted: y, Scale = 0.5, AoA = 25.0, Reposition from previous T.E. = (0.02, 0.05), Reposition from (0,0) = (1.0077, 0.2064)*.*.
*.*.Setup: s1223rtl.txt as Flap 3, Inverted: y, Scale = 0.5, AoA = 41.666666666666664, Reposition from previous T.E. = (-0.03, 0.065), Reposition from (0,0) = (1.4308, 0.4827)*.*.
*.*.Setup: Scale Ratio = 0.36588*.*.