0.35604 0.05639
0.35405 0.054190
0.35115 0.05097
0.34772 0.04779
0.34353 0.04466
0.33841 0.0414
0.33221 0.03786
0.32487 0.03403
0.31649 0.029960
0.3073 0.02576
0.29755 0.02152
0.28746 0.01732
0.2772 0.01323
0.26686 0.0093
0.25648 0.00554
0.24607 0.00196
0.2356 -0.00143
0.225 -0.00467
0.21425 -0.00776
0.20328 -0.01075
0.19207 -0.01367
0.18062 -0.01656
0.169 -0.01943
0.15731 -0.02227
0.1457 -0.02506
0.13435 -0.02774
0.12342 -0.030210
0.11312 -0.0324
0.10353 -0.03419
0.09461 -0.03553
0.08624 -0.0364
0.07828 -0.03681
0.07066 -0.03675
0.06332 -0.036240
0.05624 -0.03529
0.04941 -0.03391
0.04286 -0.03214
0.03663 -0.03
0.03082 -0.02759
0.02552 -0.02501
0.02084 -0.022390
0.016820 -0.01986
0.01344 -0.01746
0.010640 -0.01521
0.00832 -0.0131
0.00640 -0.011130
0.00481 -0.00929
0.0035 -0.00756
0.00243 -0.00593
0.00156 -0.004400
0.00088 -0.00294
0.00037 -0.001550
0.000086 -0.00022
-0.00012 0.00108000
0.000005 0.00238
0.00056 0.003590
0.00157 0.00455
0.00289 0.00528
0.00444 0.00586
0.00623 0.006370
0.00831 0.00684
0.01074 0.0073
0.01365 0.00777
0.01721 0.00826
0.02166 0.00878
0.02731 0.00934
0.03444 0.00993
0.04302 0.01051
0.05266 0.01097
0.063040 0.01123
0.074090 0.01132
0.0857 0.01129
0.097680 0.01121
0.10983 0.01112
0.12195 0.01103
0.13393 0.01098
0.145720 0.011
0.15731 0.01112
0.1687 0.011360
0.179910 0.01174
0.19094 0.01229
0.20182 0.01302
0.21256 0.01395
0.2231700 0.01509
0.23368 0.01645
0.24409 0.01803
0.25441 0.01985
0.264660 0.0219
0.2748 0.02419
0.28485 0.02671
0.29474 0.02945
0.3044 0.03238
0.31368 0.03547
0.32236 0.03863
0.33023 0.04177
0.3371 0.04483
0.34294 0.04776
0.34784 0.05058
0.35192 0.05326
0.35604 0.05639
-Inserting Flap s1223rtl-
0.53262 0.14507
0.53186 0.1438
0.53074 0.14195
0.52936 0.14006
0.5276 0.13812
0.5254 0.13603
0.52269 0.1337
0.51946 0.13112
0.515730 0.12833
0.51162 0.12539
0.50724 0.12238
0.50269 0.11935
0.49804 0.11637
0.49334 0.11345
0.48861 0.11062
0.483840 0.10787
0.47902 0.1052
0.47413 0.10260
0.46915 0.100060
0.46405 0.09754
0.45883 0.09504
0.45348 0.09253
0.44805 0.090020
0.44259 0.0875
0.43716 0.085030
0.43184 0.08263
0.42671 0.08037
0.42186 0.07832
0.41733 0.07652
0.41308 0.07501
0.40905 0.07379
0.40519 0.07283
0.40144 0.07213
0.39779 0.07168
0.39422 0.07147
0.39074 0.0715
0.38735 0.07174
0.3841 0.0722
0.38101 0.07283
0.37816 0.07359
0.37562 0.074430
0.3734 0.07529
0.37152 0.07614
0.36993 0.07698
0.368590 0.07779
0.36746 0.07857
0.3665 0.07933
0.36569 0.08005
0.36501 0.08075
0.36444 0.08142
0.363960 0.08207
0.36358 0.0827
0.36329 0.083330
0.36309 0.08395
0.363030 0.0846
0.36319 0.08524
0.36359 0.08581
0.364170 0.08629
0.36487 0.08673
0.3657 0.08715
0.366680 0.08758
0.36783 0.08804
0.36921 0.08854
0.37091 0.08912
0.37305 0.0898
0.37577 0.09062
0.37921 0.09159
0.38336 0.09269
0.388050 0.09384
0.39312 0.09496
0.398540 0.09605
0.40424 0.097150
0.41013 0.09825
0.4161 0.09936
0.42206 0.10048
0.42794 0.1016
0.43373 0.10273
0.4394 0.10389
0.44497 0.1051
0.45044 0.10636
0.45580 0.10768
0.46107 0.10907
0.46625 0.11056
0.47135 0.11213
0.47638 0.1138
0.48134 0.11557
0.48623 0.11744
0.49106 0.11943
0.49582 0.12152
0.50051 0.12371
0.50511 0.126
0.509570 0.12836
0.51383 0.13076
0.517790 0.13314
0.52135 0.13543
0.52443 0.13759
0.52702 0.13959
0.52915 0.14144
0.53090 0.14314
0.53262 0.14507
-Inserting Flap s1223rtl-
0.66319 0.27489
0.662860 0.27344
0.66239 0.27133
0.661670 0.2691
0.66061 0.26671
0.65918 0.26403
0.65734 0.26097
0.655080 0.257510
0.65243 0.25368
0.64945 0.2496
0.64624 0.24536
0.64287 0.24106
0.6394 0.23677
0.6358500 0.23252
0.63225 0.228340
0.62859 0.22423
0.62486 0.22018
0.62103 0.21618
0.6171 0.212190
0.61305 0.2082
0.60888 0.204180
0.60460 0.20012
0.60023 0.19603
0.59583 0.1919200
0.59146 0.18786
0.58716 0.18392
0.58301 0.18016
0.57905 0.17668
0.57531 0.17355
0.57176 0.17078
0.56832 0.16835
0.56495 0.16623
0.561610 0.16439
0.55829 0.16281
0.55497 0.16149
0.55165 0.16042
0.54836 0.15959
0.54513 0.15899
0.542 0.15862
0.53906 0.15845
0.53638 0.15844
0.53401 0.15856
0.53195 0.15878
0.53017 0.15908
0.52864 0.15942
0.52733 0.15981
0.52618 0.16023
0.52519 0.16066
0.52432 0.16111
0.52357 0.16156
0.52291 0.16203
0.52235 0.16251
0.52188 0.16301
0.52149 0.163540
0.52123 0.16414
0.52117 0.1648
0.52138 0.16547
0.52178 0.16611
0.522310 0.16674
0.52297 0.1674
0.52376 0.16811
0.5247 0.16891
0.52586 0.16983
0.52729 0.17091
0.5291 0.17223
0.531430 0.17386
0.53439 0.17586
0.53799 0.17822
0.54208 0.18078
0.54654 0.18344
0.55133 0.18618
0.5564 0.189010
0.56164 0.19191
0.56696 0.19485
0.57227 0.19778
0.5775 0.200690
0.58263 0.20359
0.58766 0.20648
0.59256 0.20937
0.59735 0.212280
0.60203 0.215230
0.60659 0.21821
0.61104 0.22125
0.61539 0.22434
0.61964 0.22751
0.62379 0.23075
0.62785 0.234070
0.63181 0.237470
0.635670 0.24095
0.63943 0.24451
0.64307 0.24813
0.64656 0.25177
0.649850 0.25539
0.65286 0.2589
0.65552 0.262190
0.65777 0.26521
0.65960 0.26792
0.66104 0.27035
0.66216 0.27251
0.66319 0.27489
*.*.Setup: s1223rtl.txt as Flap 1, Inverted: y, Scale = 1.0, AoA = 9.0, Reposition from (0,0) = (0, 0)*.*.
*.*.Setup: s1223rtl.txt as Flap 2, Inverted: y, Scale = 0.5, AoA = 20.0, Reposition from previous T.E. = (0.02, 0.075), Reposition from (0,0) = (1.0077, 0.2314)*.*.
*.*.Setup: s1223rtl.txt as Flap 3, Inverted: y, Scale = 0.5, AoA = 38.333333333333336, Reposition from previous T.E. = (-0.03, 0.05), Reposition from (0,0) = (1.4475, 0.4524)*.*.
*.*.Setup: Scale Ratio = 0.36048*.*.