0.37782 -0.005360
0.37705 -0.00619
0.37551 -0.0078
0.373230 -0.010180
0.37032 -0.01315
0.36695 -0.01649
0.36326 -0.02001
0.35942 -0.02348
0.35553 -0.02674
0.35165 -0.02977
0.347750 -0.03262
0.34385 -0.03531
0.33994 -0.03787
0.33604 -0.04033
0.33212 -0.04271
0.32821 -0.045
0.32429 -0.04721
0.32037 -0.049340
0.316450 -0.05141
0.312520 -0.0534
0.3086 -0.05533
0.30467 -0.0572
0.30073 -0.05901
0.2968 -0.06077
0.29287 -0.06246
0.28893 -0.0641
0.28499 -0.06567
0.28105 -0.06718
0.2771 -0.06861
0.27316 -0.069990
0.26921 -0.07132
0.265260 -0.0726
0.26131 -0.07385
0.25735 -0.07507
0.2534 -0.07627
0.24945 -0.07742
0.24549 -0.07854
0.241530 -0.07961
0.23757 -0.08062
0.23361 -0.08158
0.22965 -0.0825
0.22568 -0.083360
0.22172 -0.08418
0.21775 -0.0849500
0.21378 -0.08569
0.20981 -0.08638
0.20584 -0.08703
0.20187 -0.08764
0.19789 -0.08822
0.19392 -0.08875
0.18994 -0.08925
0.18596 -0.0897
0.18198 -0.09011
0.178 -0.09047
0.17401 -0.09078
0.17003 -0.09104
0.16604 -0.09126
0.16205 -0.09143
0.15806 -0.09155
0.15407 -0.09162
0.15007 -0.09164
0.14608 -0.09161
0.14208 -0.09152
0.13808 -0.09139
0.13408 -0.09120
0.13008 -0.09097
0.12607 -0.0907
0.12207 -0.09038
0.11806 -0.090030
0.11405 -0.08964
0.110040 -0.08919
0.10603 -0.08866
0.10201 -0.08806
0.09799 -0.08737
0.093970 -0.08658
0.08995 -0.0857
0.08592 -0.08473
0.08188 -0.08367
0.07785 -0.08252
0.07381 -0.08126
0.06977 -0.079880
0.06572 -0.07837
0.06167 -0.0767
0.05761 -0.07486
0.05354 -0.07286
0.04947 -0.07071
0.0454 -0.06839
0.04132 -0.06593
0.03723 -0.06331
0.03314 -0.06046
0.02903 -0.05731
0.02491 -0.05377
0.02078 -0.04977
0.01665 -0.045270
0.01268 -0.0404
0.00901 -0.03533
0.005820 -0.03025
0.00328 -0.02531
0.00152 -0.02068
0.00045 -0.012830
0.00114 -0.00981
0.00266 -0.00755
0.00498 -0.0061
0.00796 -0.00537
0.01145 -0.00521
0.01527 -0.0055
0.01925 -0.00608
0.02328 -0.00684
0.02730 -0.00775
0.03133 -0.0088
0.03537 -0.00998
0.03941 -0.01129
0.04345 -0.01272
0.0475 -0.01425
0.05155 -0.01586
0.055610 -0.01755
0.05966 -0.01930
0.06372 -0.02109
0.067780 -0.02291
0.07184 -0.02475
0.0759 -0.026590
0.07996 -0.02844
0.084010 -0.03027
0.08807 -0.03207
0.09213 -0.03386
0.09619 -0.03562
0.10024 -0.03734
0.10429 -0.03903
0.10835 -0.04069
0.1124 -0.0423
0.11645 -0.04387
0.1205 -0.0454
0.12454 -0.04688
0.12859 -0.04832
0.13263 -0.04971
0.13667 -0.05105
0.14071 -0.05235
0.14475 -0.05359
0.14879 -0.05479
0.15282 -0.055930
0.156850 -0.05702
0.16089 -0.05805
0.16491 -0.05903
0.16894 -0.05995
0.1729700 -0.060810
0.17699 -0.061610
0.18101 -0.06235
0.18503 -0.06302
0.18904 -0.06364
0.19306 -0.0642
0.19707 -0.06471
0.20108 -0.06517
0.205090 -0.06559
0.2091 -0.06596
0.2131 -0.06627
0.217110 -0.066520
0.22111 -0.0667
0.22511 -0.0668
0.2291 -0.06683
0.2331 -0.06679
0.23709 -0.06667
0.24107 -0.066480
0.24506 -0.06622
0.249040 -0.06589
0.25302 -0.06549
0.257 -0.065
0.2609800 -0.06444
0.26495 -0.0638
0.26892 -0.063070
0.27289 -0.06226
0.27685 -0.06137
0.28081 -0.06038
0.28477 -0.05931
0.288720 -0.05814
0.29267 -0.05687
0.29662 -0.05551
0.30056 -0.05404
0.3045 -0.05246
0.30844 -0.05078
0.31237 -0.049
0.3163 -0.047130
0.32023 -0.045180
0.32415 -0.04314
0.32807 -0.04103
0.33199 -0.03883
0.3359 -0.03656
0.33982 -0.034220
0.34373 -0.0318
0.34763 -0.02928
0.35154 -0.02665
0.35543 -0.023880
0.35933 -0.02096
0.36319 -0.01789
0.36689 -0.01482
0.37028 -0.01192
0.3732 -0.00937
0.3755 -0.00733
0.37705 -0.00595
0.37782 -0.005360
-Inserting Flap Ga2-
0.5308 0.08298
0.53066 0.08255
0.53037 0.08171
0.52994 0.08046
0.52939 0.07889
0.52874 0.07711
0.52799 0.07521
0.52719 0.0733
0.52633 0.07146
0.525430 0.06971
0.5245 0.068020
0.523540 0.06638
0.52256 0.06479
0.52156 0.06324
0.52054 0.06172
0.51951 0.06023
0.51846 0.0587600
0.5174 0.05733
0.5163300 0.05591
0.51525 0.05453
0.51415 0.05316
0.51304 0.05182
0.51192 0.0505
0.51079 0.0492
0.50965 0.04792
0.5085 0.04666
0.507340 0.04543
0.50616 0.044210
0.50498 0.04303
0.50378 0.04186
0.50257 0.04071
0.501360 0.03958
0.50013 0.03846
0.49891 0.03734
0.49768 0.03624
0.49644 0.03516
0.49519 0.03408
0.493940 0.03303
0.49268 0.03199
0.4914 0.03097
0.490120 0.02997
0.48883 0.02899
0.48753 0.02802
0.48622 0.02707
0.48491 0.026130
0.48358 0.02521
0.48225 0.0243
0.48092 0.02341
0.47957 0.02253
0.47822 0.02166
0.476870 0.02081
0.4755 0.01997
0.47412 0.01915
0.47274 0.01835
0.47135 0.01756
0.46995 0.01679
0.46854 0.01604
0.46712 0.01531
0.4657 0.01459
0.46426 0.01389
0.46282 0.0132
0.46136 0.01254
0.4599 0.0119
0.45843 0.01127
0.45694 0.01066
0.45545 0.01007
0.453960 0.00949
0.45245 0.00892
0.45094 0.00837
0.449420 0.00784
0.44789 0.00733
0.44635 0.00684
0.44479 0.00638
0.44321 0.00595
0.441620 0.00555
0.440020 0.00519
0.43839 0.00486
0.43675 0.00457
0.43509 0.0043
0.43342 0.00407
0.43172 0.00389
0.42999 0.00376
0.42824 0.003680
0.42646 0.00365
0.42465 0.00369
0.4228100 0.00379
0.42094 0.00394
0.41904 0.00414
0.41712 0.0044
0.41515 0.00474
0.41313 0.00519
0.41104 0.0057700
0.40887 0.006530
0.40661 0.00746
0.40435 0.00855
0.40216 0.00977
0.40014 0.01108
0.39839 0.012440
0.39697 0.01381
0.39525 0.01648
0.39499 0.01769
0.39516 0.01877
0.39576 0.01969
0.396720 0.02046
0.39795 0.0211
0.39938 0.02164
0.40093 0.02211
0.40251 0.02251
0.40413 0.02286
0.40577 0.02316
0.40743 0.02342
0.409120 0.02362
0.41082 0.02379
0.41255 0.02392
0.41429 0.02402
0.41605 0.02409
0.41781 0.02415
0.41959 0.02418
0.42136 0.02421
0.42315 0.02423
0.424930 0.02425
0.42671 0.024260
0.42849 0.02429
0.43027 0.024320
0.43204 0.02435
0.43381 0.02440
0.435570 0.02446
0.43733 0.02454
0.43908 0.024620
0.44082 0.02472
0.44255 0.024840
0.44428 0.02497
0.446 0.02511
0.4477 0.02528
0.44941 0.02546
0.4511 0.02565
0.45278 0.02587
0.45446 0.0261
0.45612 0.02635
0.45778 0.026610
0.45942 0.0269
0.46106 0.02721
0.46268 0.02754
0.4643 0.02788
0.4659 0.02825
0.4675 0.02864
0.46908 0.029050
0.47065 0.02949
0.47221 0.02994
0.47376 0.03042
0.4753 0.03091
0.47683 0.03142
0.47836 0.03195
0.47987 0.03249
0.48138 0.03306
0.48287 0.03364
0.48435 0.03425
0.48582 0.03489
0.48727 0.03556
0.48871 0.03625
0.49014 0.03696
0.49155 0.037710
0.49296 0.03847
0.49434 0.03927
0.49572 0.040090
0.49708 0.04094
0.49842 0.04181
0.49976 0.04272
0.501070 0.04365
0.50237 0.04461
0.50366 0.04561
0.50493 0.046640
0.50618 0.04769
0.50742 0.04879
0.50863 0.04991
0.50984 0.05107
0.51102 0.052270
0.51218 0.053510
0.51332 0.05479
0.51445 0.0561
0.51555 0.05744
0.51665 0.05881
0.51773 0.06021
0.51879 0.06164
0.51984 0.0631
0.520870 0.06458
0.5219 0.06610
0.5229 0.06763
0.5239 0.06921
0.52487 0.07082
0.525810 0.07248
0.526730 0.0742
0.52761 0.07596
0.52843 0.0777
0.52917 0.079330
0.5298 0.08075
0.53029 0.08188
0.53062 0.08264
0.5308 0.08298
-Inserting Flap Ga2-
0.6076 0.21944
0.60766 0.21899
0.607750 0.21811
0.607880 0.21679
0.60803 0.21514
0.60818 0.21324
0.6083 0.21121
0.60836 0.20914
0.60835 0.20711
0.60827 0.20514
0.60813 0.20322
0.60794 0.20133
0.60771 0.19948
0.60745 0.19765
0.60716 0.19584
0.60684 0.19405
0.6065 0.19229
0.60614 0.19054
0.60575 0.18881
0.60535 0.18709
0.60492 0.1854
0.60447 0.18371
0.60401 0.18205
0.60352 0.18039
0.60302 0.17875
0.6025 0.17713
0.60196 0.17552
0.6014 0.17393
0.60081 0.17236
0.60021 0.17080
0.599590 0.16925
0.59896 0.16771
0.59832 0.16618
0.59767 0.16466
0.59701 0.16315
0.59634 0.16164
0.59566 0.16015
0.59496 0.15866
0.59424 0.15719
0.59351 0.155740
0.59276 0.15429
0.592 0.15286
0.59122 0.151440
0.59043 0.15003
0.589630 0.14863
0.58881 0.14724
0.58798 0.14586
0.58714 0.14449
0.58628 0.143130
0.585420 0.14178
0.58454 0.14044
0.58365 0.13910
0.58274 0.13779
0.58182 0.13648
0.58088 0.13518
0.57993 0.1339
0.57897 0.13263
0.57798 0.13137
0.57699 0.13012
0.57598 0.12888
0.57495 0.12766
0.5739 0.12645
0.57284 0.12525
0.57177 0.12407
0.57067 0.1229
0.56957 0.12174
0.568450 0.12059
0.567310 0.11945
0.56617 0.11832
0.565010 0.1172
0.56384 0.11609
0.56264 0.115
0.56141 0.11393
0.56016 0.11289
0.55888 0.11186
0.55757 0.11086
0.55623 0.10989
0.55487 0.10893
0.55347 0.108
0.55204 0.10709
0.550570 0.10622
0.54906 0.10538
0.547500 0.10457
0.54589 0.10381
0.54423 0.10309
0.54252 0.10241
0.54076 0.10176
0.53895 0.10116
0.53710 0.10059
0.535170 0.10008
0.53314 0.09964
0.531 0.0993
0.52871 0.099080
0.52627 0.09898
0.52375 0.09903
0.52126 0.09923
0.51888 0.099570
0.51672 0.10007
0.51485 0.10074
0.51218 0.10244
0.51144 0.10343
0.51114 0.10448
0.5113 0.10557
0.51185 0.10666
0.51271 0.10777
0.51378 0.10886
0.51499 0.10992
0.51626 0.11095
0.51758 0.11194
0.51895 0.1129
0.52035 0.1138300
0.5218 0.11472
0.52328 0.11558
0.5248 0.11642
0.52634 0.11724
0.5279 0.118040
0.529480 0.11882
0.53108 0.11960
0.53268 0.12036
0.5343 0.12112
0.535910 0.12188
0.53752 0.12264
0.53913 0.123410
0.54073 0.12418
0.54233 0.124950
0.543920 0.12573
0.54549 0.12652
0.54706 0.12732
0.54861 0.1281300
0.55015 0.12895
0.55168 0.12978
0.55319 0.13061
0.55469 0.13146
0.55618 0.13233
0.55765 0.1332
0.5591 0.13408
0.560540 0.13498
0.56197 0.13589
0.563380 0.1368100
0.564770 0.13774
0.56615 0.13869
0.56751 0.13965
0.56885 0.140630
0.57017 0.14162
0.57147 0.14262
0.57276 0.14364
0.57403 0.14468
0.57527 0.145730
0.5765 0.14679
0.57771 0.14787
0.5789 0.14896
0.58008 0.15007
0.58125 0.151180
0.5824 0.15231
0.58353 0.15345
0.58464 0.15460
0.58573 0.15578
0.5868 0.15697
0.58784 0.15818
0.58886 0.15941
0.58986 0.16066
0.59084 0.16192
0.59179 0.1632
0.59272 0.1645
0.59363 0.16582
0.59451 0.16716
0.59537 0.16852
0.5962 0.1699
0.59701 0.17129
0.59779 0.17271
0.59854 0.17415
0.59926 0.17562
0.59996 0.17710
0.600630 0.17861
0.60127 0.18014
0.60187 0.1817
0.60244 0.18328
0.60298 0.1848900
0.603490 0.18653
0.60397 0.18819
0.60441 0.18987
0.60483 0.1915700
0.60523 0.1933
0.6056 0.19504
0.60594 0.1968
0.60627 0.19858
0.60656 0.20038
0.60684 0.2022
0.60708 0.204050
0.60729 0.20592
0.60745 0.20782
0.60757 0.20976
0.60764 0.21174
0.60766 0.21366
0.60765 0.215440
0.60763 0.21699
0.6076 0.21822
0.60758 0.21905
0.6076 0.21944
*.*.Setup: Ga2.txt as Flap 1, Inverted: y, Scale = 1.0, AoA = 2.0, Reposition from (0,0) = (0, 0)*.*.
*.*.Setup: Ga2.txt as Flap 2, Inverted: y, Scale = 0.4, AoA = 27.0, Reposition from previous T.E. = (0.04, 0.07), Reposition from (0,0) = (1.0411, 0.0558)*.*.
*.*.Setup: Ga2.txt as Flap 3, Inverted: y, Scale = 0.4, AoA = 51.666666666666664, Reposition from previous T.E. = (-0.06, 0.06), Reposition from (0,0) = (1.3464, 0.2799)*.*.
*.*.Setup: Scale Ratio = 0.37741*.*.