0.36151 0.00749
0.36080 0.00667
0.35938 0.005080
0.35727 0.002730
0.35459 -0.0002
0.35148 -0.003520
0.34807 -0.007
0.34451 -0.01045
0.34091 -0.0137
0.33729 -0.01673
0.33366 -0.01958
0.33002 -0.02228
0.32637 -0.02486
0.32271 -0.02735
0.31905 -0.029750
0.31538 -0.03207
0.31171 -0.034320
0.308030 -0.03649
0.30435 -0.03859
0.30066 -0.04063
0.29697 -0.04261
0.293280 -0.04453
0.28958 -0.04639
0.28587 -0.0482
0.28217 -0.04996
0.27846 -0.051650
0.27474 -0.05329
0.27102 -0.05486
0.2673 -0.05636
0.26357 -0.05781
0.25984 -0.05921
0.2561 -0.06057
0.25236 -0.0619
0.24863 -0.0632000
0.24489 -0.06447
0.24114 -0.06571
0.2374 -0.06691
0.23365 -0.06806
0.229890 -0.06917
0.226140 -0.07022
0.22238 -0.07123
0.21862 -0.07219
0.21485 -0.07310
0.21108 -0.07397
0.20731 -0.07481
0.20354 -0.0756
0.19976 -0.07635
0.19598 -0.07707
0.1922 -0.07776
0.18841 -0.0784
0.18463 -0.07901
0.18084 -0.07958
0.177040 -0.0801
0.17325 -0.08058
0.16945 -0.08101
0.16564 -0.08139
0.16184 -0.08173
0.15803 -0.08202
0.15422 -0.08227
0.15040 -0.08247
0.14658 -0.08262
0.14276 -0.08273
0.13893 -0.08278
0.1351 -0.08279
0.13127 -0.08274
0.12744 -0.08265
0.1236 -0.08253
0.11976 -0.08236
0.11591 -0.08216
0.11207 -0.08192
0.108220 -0.08162
0.10436 -0.08125
0.1005 -0.08081
0.09663 -0.08028
0.09276 -0.07966
0.08888 -0.078950
0.085 -0.07816
0.0811 -0.07728
0.077210 -0.07632
0.0733 -0.07525
0.06939 -0.07406
0.06547 -0.07275
0.06154 -0.07129
0.05759 -0.06967
0.05364 -0.0679
0.04968 -0.065970
0.0457 -0.06389
0.04172 -0.06167
0.03772 -0.059300
0.033710 -0.05671
0.02968 -0.05384
0.02562 -0.05059
0.02153 -0.0469
0.01744 -0.04274
0.01347 -0.038210
0.0098 -0.03349
0.00658 -0.02873
0.00398 -0.02409
0.00215 -0.01973
0.00086 -0.01225
0.00142 -0.009350
0.0028 -0.00713
0.00497 -0.00567
0.0078 -0.004870
0.01112 -0.00460
0.01478 -0.00475
0.01862 -0.00517
0.02249 -0.00576
0.02637 -0.0065
0.03026 -0.00737
0.03416 -0.008370
0.03807 -0.00949
0.04198 -0.01071
0.0459 -0.01204
0.04983 -0.013450
0.05377 -0.01493
0.0577 -0.01646
0.06164 -0.01804
0.06558 -0.01964
0.06953 -0.02127
0.07347 -0.0229
0.07741 -0.02452
0.08136 -0.02614
0.0853 -0.02773
0.08924 -0.02931
0.09318 -0.03085
0.09711 -0.03237
0.10105 -0.033850
0.104980 -0.03529
0.1089 -0.0367
0.11283 -0.0380700
0.11675 -0.03939
0.12067 -0.04068
0.12459 -0.04191
0.1285 -0.04311
0.13241 -0.04426
0.13632 -0.04536
0.14022 -0.046420
0.144120 -0.04743
0.148020 -0.04838
0.15191 -0.04929
0.1558 -0.050140
0.15969 -0.05094
0.16357 -0.051690
0.16745 -0.05238
0.171320 -0.05301
0.17519 -0.05358
0.17905 -0.05409
0.182920 -0.05455
0.18677 -0.05495
0.19063 -0.0553
0.19448 -0.05561
0.19833 -0.05587
0.2021700 -0.05609
0.20601 -0.05626
0.20985 -0.05636
0.21368 -0.0564
0.217510 -0.05637
0.22133 -0.05626
0.22515 -0.05609
0.22896 -0.05584
0.23277 -0.055530
0.23657 -0.05515
0.24037 -0.0547
0.24417 -0.05418
0.24795 -0.05358
0.25174 -0.05291
0.25551 -0.05217
0.25929 -0.05134
0.263050 -0.05043
0.26681 -0.04944
0.27057 -0.04837
0.27432 -0.04721
0.278060 -0.04596
0.28179 -0.04462
0.285520 -0.043180
0.28924 -0.04164
0.29296 -0.04
0.29667 -0.03826
0.3003700 -0.03643
0.30407 -0.03451
0.307760 -0.03251
0.31144 -0.030430
0.31512 -0.02828
0.31879 -0.02605
0.322460 -0.02375
0.32612 -0.02138
0.32978 -0.01893
0.33344 -0.016390
0.33708 -0.01375
0.34072 -0.01097
0.34434 -0.00804
0.34793 -0.00498
0.35137 -0.00192
0.35451 0.00096
0.35722 0.0035
0.35935 0.00553
0.36078 0.0069
0.36151 0.00749
-Inserting Flap Ga2-
0.4956 0.11404
0.49554 0.11361
0.49541 0.11277
0.495210 0.11152
0.49495 0.10995
0.49463 0.10816
0.49425 0.10625
0.4938 0.10432
0.4933 0.10244
0.49275 0.10064
0.49215 0.09889
0.49152 0.09719
0.49086 0.09553
0.49017 0.09390000
0.48947 0.0923
0.48874 0.09072
0.488 0.08917
0.487240 0.08764
0.48646 0.086130
0.48567 0.08464
0.48486 0.08317
0.48404 0.08172
0.48321 0.08029
0.48236 0.07888
0.4815 0.07748
0.48062 0.076110
0.47973 0.07475
0.478830 0.07341
0.4779 0.07209
0.476970 0.0708
0.47602 0.06951
0.47507 0.068240
0.4741 0.06698
0.47313 0.06573
0.47215 0.06449
0.47117 0.063260
0.47017 0.06204
0.46917 0.06084
0.46815 0.05965
0.46712 0.05848
0.46607 0.05732
0.46502 0.056180
0.463960 0.05505
0.46288 0.05394
0.4618 0.05284
0.46071 0.05175
0.4596 0.05067
0.45849 0.04961
0.45737 0.04856
0.45624 0.04751
0.45510 0.04649
0.45396 0.04547
0.4528 0.04447
0.45163 0.04348
0.45045 0.04251
0.44926 0.04155
0.44805 0.04061
0.44684 0.03968
0.445610 0.03877
0.44438 0.03787
0.44313 0.03699
0.44187 0.03612
0.4406 0.03527
0.43931 0.03443
0.438020 0.03361
0.43671 0.0328
0.4354 0.03201
0.43407 0.03123
0.43274 0.030460
0.4314 0.0297
0.43004 0.02897
0.42867 0.02825
0.427270 0.02756
0.42586 0.02689
0.42443 0.02625
0.42297 0.02565
0.4215 0.02507
0.42 0.02451
0.41848 0.02399
0.41694 0.0235
0.41537 0.02304
0.41377 0.02263
0.41213 0.02226
0.41045 0.02194
0.40874 0.02168
0.40699 0.02146
0.40521 0.02129
0.40339 0.02117
0.40153 0.02109
0.39962 0.02109
0.39764 0.02118
0.395570 0.0213800
0.3934 0.02173
0.39112 0.02223
0.3888 0.02289
0.38654 0.02367
0.38442 0.02456
0.38254 0.02555
0.38097 0.02662
0.37891 0.02885
0.37847 0.02994
0.378450 0.03099
0.37886 0.03195
0.379630 0.03283
0.3806900 0.03365
0.38195 0.0344
0.38333 0.03509
0.38476 0.03574
0.38622 0.03633
0.38771 0.03689
0.38924 0.03740
0.39079 0.03788
0.39237 0.038320
0.39398 0.03873
0.3956 0.03911
0.39724 0.03948
0.3989 0.03982
0.40056 0.04015
0.40224 0.04047
0.40391 0.04078
0.405590 0.0411
0.40727 0.04141
0.40894 0.04173
0.41061 0.04205
0.41228 0.04238
0.41393 0.04272
0.41558 0.04307
0.41723 0.043430
0.41886 0.04380
0.42048 0.04418
0.4221 0.044580
0.4237 0.04499
0.4253 0.04541
0.42688 0.04585
0.42846 0.0463
0.43002 0.04677
0.43157 0.047250
0.43311 0.04775
0.43464 0.04826
0.43615 0.04879
0.43765 0.049330
0.439150 0.04989
0.44062 0.05047
0.44209 0.05106
0.44354 0.05168
0.44498 0.05231
0.4464 0.05296
0.44781 0.05363
0.4492 0.054320
0.45058 0.05503
0.45195 0.05575
0.45331 0.05648
0.45466 0.05723
0.456 0.058
0.45732 0.05878
0.45863 0.05958
0.45993 0.0604
0.4612 0.06125
0.46246 0.06211
0.46371 0.063
0.46493 0.06392
0.46614 0.06485
0.46733 0.06581
0.46851 0.06679
0.46967 0.06779
0.47081 0.06881
0.47193 0.06986
0.47304 0.07094
0.47412 0.07203
0.47519 0.07316
0.47623 0.074310
0.47726 0.07549
0.47826 0.07669
0.47925 0.07793
0.480210 0.07919
0.48115 0.08049
0.48206 0.08181
0.48295 0.08317
0.48381 0.08456
0.48466 0.08599
0.48548 0.08743
0.48628 0.08891
0.48706 0.09041
0.487830 0.09193
0.48858 0.09348
0.48931 0.09505
0.490020 0.09665
0.49071 0.09826
0.49138 0.09991
0.49203 0.10159
0.49264 0.10332
0.49322 0.105090
0.49376 0.1069
0.49425 0.10867
0.49467 0.110320
0.49503 0.11177
0.4953 0.11291
0.49548 0.11368
0.4956 0.11404
-Inserting Flap Ga2-
0.61721 0.236450
0.617210 0.236020
0.6172 0.23516
0.61718 0.2339
0.61714 0.23231
0.617070 0.23049
0.61696 0.22855
0.61679 0.22657
0.616550 0.22465
0.616260 0.22278
0.61591 0.22097
0.61552 0.21920
0.6151 0.21746
0.61464 0.21575
0.61417 0.21406
0.61367 0.2124
0.61315 0.21076
0.61261 0.20914
0.61205 0.20754
0.61147 0.20595
0.61088 0.20439
0.61027 0.20284
0.60964 0.20131
0.609 0.19979
0.60834 0.19829
0.60766 0.1968
0.60697 0.19533
0.606260 0.19388
0.60553 0.19245
0.60478 0.19103
0.60402 0.18963
0.60325 0.18824
0.60247 0.1868600
0.60169 0.18549
0.60089 0.18412
0.60009 0.18276
0.59927 0.18142
0.59844 0.18009
0.5976 0.17877
0.59674 0.17747
0.59587 0.17618
0.59498 0.17490
0.59409 0.17363
0.59318 0.172380
0.59226 0.17114
0.59133 0.16991
0.59039 0.16869
0.58943 0.16748
0.58847 0.16628
0.5875 0.1651
0.58652 0.16392
0.58552 0.16275
0.58451 0.1616
0.583490 0.16046
0.58246 0.15933
0.58141 0.15822
0.58035 0.15712
0.57928 0.15603
0.57819 0.15495
0.57709 0.15389
0.575980 0.15284
0.574850 0.15181
0.57371 0.15079
0.57256 0.14978
0.57139 0.14879
0.57021 0.14781
0.56901 0.14684
0.56781 0.14588
0.5666 0.14493
0.56537 0.144
0.56413 0.14308
0.56287 0.14218
0.56159000 0.1413
0.56028 0.14044
0.55895 0.139610
0.5576 0.13881
0.55622 0.138030
0.55481 0.13727
0.55338 0.13654
0.55192 0.135840
0.55043 0.13517
0.5489 0.13454
0.54733 0.133950
0.54571 0.1334
0.54406 0.1329
0.54235 0.13244
0.54061 0.13202
0.53882 0.13165
0.53699 0.13132
0.5351 0.13104
0.53313 0.130860
0.53106 0.13077
0.52885 0.13081
0.52652 0.13099
0.52414 0.13132
0.5217900 0.13178
0.51957 0.132370
0.51757 0.133090
0.51587 0.13393
0.51352 0.13585
0.51293 0.13687
0.51276 0.1379
0.51303 0.13891
0.51368 0.1399
0.51461 0.14085
0.51575 0.14177
0.51702 0.14264
0.518350 0.14348
0.51971 0.14428
0.52111 0.14504
0.52255 0.14576
0.52403 0.14645
0.52553 0.1471
0.52706 0.14773
0.52862 0.14834
0.53019 0.14892
0.531780 0.14949
0.53339 0.150050
0.535 0.1506
0.53661 0.15115
0.53823 0.15169
0.53985 0.15223
0.54146 0.15278
0.54307 0.15333
0.54467 0.15389
0.54627 0.15446
0.54785 0.15503
0.54943 0.15562
0.551 0.15621
0.55255 0.15682
0.5541 0.15744
0.555630 0.15807
0.55715 0.15871
0.55866 0.15936
0.56015 0.16003
0.56163 0.16071
0.5631 0.1614
0.56456 0.1621
0.566 0.16282
0.56743 0.16356
0.56884 0.16431
0.57024 0.16507
0.57162 0.16585
0.57299 0.16664
0.5743400 0.16745
0.57567 0.16828
0.57699 0.16912
0.57829 0.16998
0.57958 0.17085
0.58085 0.17175
0.5821 0.17265
0.58335 0.17357
0.58458 0.1745
0.5858 0.17544
0.5870 0.1764
0.58819 0.17737
0.58935 0.17837
0.59050 0.17938
0.59163 0.18042
0.59273 0.18147
0.59382 0.18255
0.59489 0.18364
0.59594 0.18475
0.59696 0.18589
0.59797 0.18704
0.59896 0.18821
0.59993 0.18941
0.60087 0.19062
0.60179 0.19186
0.60269 0.19313
0.60357 0.19441
0.60442 0.19572
0.60524 0.19706
0.60605 0.19841
0.60682 0.19980
0.60757 0.20121
0.60829 0.20265
0.60898 0.20412
0.60965 0.20562
0.61028 0.207150
0.610890 0.20869
0.611480 0.21027
0.61205 0.21186
0.61260 0.21348
0.61312 0.21511
0.61362 0.21677
0.61411 0.21845
0.61457 0.22015
0.61501 0.22187
0.61541 0.22363
0.61578 0.22542
0.61611 0.227250
0.61639 0.22912
0.61662 0.23095
0.61681 0.23264
0.61696 0.234120
0.61707 0.23529
0.617150 0.23608
0.61721 0.236450
*.*.Setup: Ga2.txt as Flap 1, Inverted: y, Scale = 1.0, AoA = 4.0, Reposition from (0,0) = (0, 0)*.*.
*.*.Setup: Ga2.txt as Flap 2, Inverted: y, Scale = 0.4, AoA = 37.0, Reposition from previous T.E. = (0.04, 0.07), Reposition from (0,0) = (1.041, 0.0907)*.*.
*.*.Setup: Ga2.txt as Flap 3, Inverted: y, Scale = 0.4, AoA = 45.0, Reposition from previous T.E. = (0.04, 0.07), Reposition from (0,0) = (1.4123, 0.3858)*.*.
*.*.Setup: Scale Ratio = 0.36115*.*.