0.34516 0.05467
0.34323 0.052530
0.34042 0.04942
0.33709 0.04633
0.33303 0.04329
0.32807 0.04013
0.32205 0.0367
0.31494 0.03299
0.30682 0.029050
0.29791 0.02497
0.28845 0.02086
0.27867 0.01679
0.26873 0.01283
0.2587 0.00901
0.24865 0.00537
0.23855 0.0019
0.2284 -0.00139
0.21813 -0.00452
0.2077 -0.00752
0.19707 -0.01042
0.1862 -0.01325
0.1751 -0.01605
0.16383 -0.01883
0.1525 -0.02159
0.14125 -0.0243
0.13024 -0.02689
0.11965 -0.029290
0.10966 -0.03141
0.10036 -0.03315
0.09172 -0.03445
0.0836 -0.03529
0.07589 -0.03568
0.0685 -0.03563
0.06139 -0.035130
0.05452 -0.03421
0.0479 -0.03288
0.04155 -0.03116
0.03551 -0.02909
0.02987 -0.02675
0.02474 -0.02424
0.0202 -0.021710
0.016310 -0.01925
0.01303 -0.01692
0.010310 -0.01474
0.00806 -0.0127
0.00620 -0.010790
0.00466 -0.009
0.0034 -0.00733
0.00235 -0.00575
0.00151 -0.0042600
0.00085 -0.00285
0.00036 -0.00150
0.000086 -0.00021
-0.00012 0.00105000
0.000005 0.00231
0.00054 0.003480
0.00152 0.00441
0.0028 0.00512
0.0043 0.00568
0.00604 0.006170
0.00805 0.00663
0.01041 0.00708
0.01324 0.00753
0.01669 0.00801
0.021 0.00851
0.02648 0.00905
0.03339 0.00963
0.0417 0.01019
0.05105 0.01063
0.061120 0.01089
0.071830 0.01097
0.08308 0.01095
0.094690 0.01087
0.10647 0.01078
0.11823 0.01069
0.12984 0.01065
0.141270 0.01067
0.1525 0.01078
0.16355 0.011010
0.174410 0.01138
0.1851 0.01192
0.19565 0.01263
0.20606 0.01353
0.2163500 0.01463
0.22654 0.01595
0.23663 0.01748
0.24664 0.01924
0.256570 0.02123
0.26641 0.02345
0.27614 0.02589
0.28573 0.02855
0.29509 0.03139
0.30409 0.03438
0.31251 0.03745
0.32013 0.04049
0.32679 0.04346
0.33246 0.0463
0.33721 0.04903
0.34116 0.05163
0.34516 0.05467
-Inserting Flap s1223rtl-
0.49648 0.17698
0.49597 0.175640
0.49521 0.17368
0.49421 0.17164
0.49286 0.16950
0.49111 0.16713
0.48892 0.164450
0.48626 0.16145
0.48318 0.15815
0.47975 0.15465
0.47607 0.15104
0.47224 0.14739
0.4683 0.14376
0.46431 0.14018
0.46027 0.13667
0.45618 0.133250
0.45202 0.12989
0.44779 0.12659
0.44346 0.12332
0.43902 0.12006
0.43445 0.1167900
0.42977 0.1135
0.42501 0.11018
0.42022 0.10686
0.41545 0.10358
0.410770 0.1004
0.40626 0.09738
0.40198 0.0946
0.39795 0.09213
0.39415 0.08997
0.39051 0.08812
0.38698 0.08656
0.38352 0.08526
0.38011 0.08422
0.37674 0.08341
0.37341 0.08285
0.37014 0.08252
0.36695 0.08240
0.3639 0.08248
0.36105 0.08273
0.35848 0.0831
0.35622 0.08355
0.35428 0.08405
0.35262 0.08458
0.3512 0.08513
0.34999 0.0856900
0.34895 0.08625
0.34806 0.0868
0.34729 0.08735
0.34663 0.0879
0.34607 0.08844
0.3456 0.08898
0.34521 0.08952
0.34492 0.09008
0.34475 0.09069
0.34479 0.09134
0.34508 0.09195
0.34555 0.0925
0.34615 0.09304
0.34688 0.09358
0.34773 0.09415
0.34876 0.09478
0.34999 0.0955
0.35152 0.09634
0.35344 0.09735
0.3559 0.09858
0.35902 0.10009
0.3628 0.10184
0.36709 0.10373
0.37174 0.10565
0.37672 0.10761
0.38198 0.10961
0.38742 0.11166
0.39293 0.11372
0.39843 0.11579
0.40386 0.11785
0.40919 0.11991
0.41442 0.12197
0.41953 0.12406000
0.42454 0.12618
0.42943 0.12834
0.43423 0.13057
0.43893 0.13285
0.44353 0.13521
0.44805 0.13765
0.45249 0.14018
0.45684 0.1427900
0.46112 0.1455
0.46532 0.1483
0.46942 0.15118
0.473420 0.15414
0.47728 0.15714
0.480950 0.16015
0.484330 0.16309
0.48734 0.16588
0.48992 0.16846
0.49205 0.1708
0.493780 0.17292
0.495160 0.17485
0.49648 0.17698
-Inserting Flap s1223rtl-
0.64661 0.29992
0.64621 0.29853
0.64563 0.29652
0.64481 0.2944
0.64365 0.29215
0.64211 0.28964
0.64016 0.28678
0.63778 0.28355
0.63499 0.28
0.63188 0.27622
0.62853 0.27229
0.62503 0.26832
0.62143 0.26436
0.61776 0.26045
0.61404 0.256610
0.61026 0.25284
0.60642 0.24913
0.60249 0.24547
0.59846 0.241840
0.59432 0.23821
0.59006 0.23455
0.585680 0.23086
0.58123 0.22714
0.57674 0.22342
0.57228 0.21974
0.5679 0.21616
0.56367 0.21276
0.55964 0.20962
0.55584 0.2068
0.55224 0.20432
0.54878 0.20216
0.5454 0.2003
0.54207 0.1987
0.53876 0.19736
0.53547 0.19627
0.53221 0.19542
0.528970 0.1948
0.52581 0.19441
0.52276 0.19422
0.519910 0.19422
0.51731 0.19437
0.51502 0.19462
0.51304 0.19495
0.51134 0.19533
0.50988 0.19576
0.50863 0.19621
0.50754 0.19667
0.50661 0.19715
0.50579 0.19763
0.505090 0.1981100
0.50448 0.1986
0.5039600 0.19910
0.50353 0.19961
0.50319 0.20014
0.50297 0.20074
0.50296 0.20138
0.50319 0.20201
0.50361 0.20261
0.50416 0.20319
0.50484 0.203790
0.5056400 0.20444
0.5066 0.20516
0.50777 0.20598
0.50922 0.20695
0.51105 0.20812
0.51339 0.20957
0.51637 0.21134
0.51998 0.21342
0.52408 0.21566
0.52855 0.21799
0.53335 0.22037
0.53841 0.22283
0.54365 0.22534
0.54896 0.22788
0.554260 0.23041
0.559490 0.23294
0.56462 0.23545
0.56965 0.23797
0.574560 0.24049
0.57936 0.24304
0.58405 0.24562
0.588630 0.24825
0.59311 0.25094
0.5975 0.25369
0.60178 0.25652
0.60598 0.25942
0.6101 0.2624
0.61412 0.26547
0.618060 0.26863
0.6219 0.27186
0.62562 0.27515
0.629210 0.27848
0.63259 0.2818
0.63571 0.28502
0.63847 0.28806
0.64081 0.29085
0.64273 0.29338
0.64427 0.29564
0.64548 0.29768
0.64661 0.29992
*.*.Setup: s1223rtl.txt as Flap 1, Inverted: y, Scale = 1.0, AoA = 9.0, Reposition from (0,0) = (0, 0)*.*.
*.*.Setup: s1223rtl.txt as Flap 2, Inverted: y, Scale = 0.5, AoA = 30.0, Reposition from previous T.E. = (0.0, 0.1), Reposition from (0,0) = (0.9877, 0.2564)*.*.
*.*.Setup: s1223rtl.txt as Flap 3, Inverted: y, Scale = 0.5, AoA = 35.0, Reposition from previous T.E. = (0.02, 0.065), Reposition from (0,0) = (1.4407, 0.5714)*.*.
*.*.Setup: Scale Ratio = 0.34946*.*.