0.34975 0.03676
0.347690 0.03471
0.3447 0.03173
0.3412 0.0288
0.33696 0.02597
0.33180 0.023050
0.32558 0.01992
0.31823 0.01657
0.309870 0.01303
0.30070 0.0094
0.29098 0.00577
0.28094 0.0022
0.270730 -0.001260
0.26046 -0.00457
0.25016 -0.0077
0.23983 -0.010650
0.22945 -0.01343
0.21897 -0.01603
0.2083300 -0.0185
0.19749 -0.02085
0.18642 -0.02313
0.17512 -0.02535
0.16365 -0.02755
0.15211 -0.029730
0.14066 -0.03186
0.12947 -0.03388
0.1187 -0.03573
0.10855 -0.03734
0.09911 -0.0386
0.09036 -0.03945
0.08216 -0.03987
0.07439 -0.03985
0.06697 -0.03941
0.05984 -0.03854
0.05299 -0.03725
0.0464 -0.03556
0.040110 -0.0335
0.03416 -0.0311
0.02861 -0.02845
0.02358 -0.02567
0.01916 -0.022880
0.01537 -0.0202
0.01221 -0.01769
0.00959 -0.01536
0.00743 -0.01319
0.005670 -0.01117
0.00421 -0.009290
0.00303 -0.00754
0.00206 -0.00591
0.00129 -0.004360
0.0007 -0.00291
0.00028 -0.00153
0.000055 -0.00021
-6e-05 0.00106
0.00012 0.00232
0.00073 0.00347
0.00176 0.00436
0.003080 0.00499
0.00462 0.005480
0.0064 0.00588
0.00844 0.00624
0.01084 0.00656
0.0137 0.00687
0.01719 0.00717
0.02155 0.007440
0.02709 0.0077
0.03406 0.00792
0.04244 0.008040
0.05186 0.008
0.06199 0.00773
0.07276 0.00724
0.08407 0.00663
0.09574 0.00594
0.10757 0.00522
0.11937 0.00452
0.131040 0.00386
0.14253 0.00328
0.153830 0.0028
0.16494 0.00245
0.17587 0.00225
0.186650 0.00223
0.19728 0.00238
0.20779 0.00274
0.21819 0.00331
0.2285 0.00409
0.23872 0.00511
0.24887 0.00635
0.25895 0.00783
0.26896 0.00954
0.27887 0.01148
0.28865 0.013640
0.29821 0.01601
0.3074 0.01854
0.31603 0.02117
0.32385 0.02383
0.33070 0.02646
0.33654 0.02902
0.34146 0.03151
0.34557 0.033920
0.34975 0.03676
-Inserting Flap s1223rtl-
0.50906 0.14226
0.50854 0.14091
0.50778 0.13894
0.50677 0.13689
0.50541 0.13473
0.50365 0.13235
0.50144 0.12966
0.49877 0.12663
0.49567 0.12331
0.49222 0.11979
0.48852 0.11615
0.48466 0.11248
0.4807 0.10883
0.47668 0.10523
0.47261 0.10170
0.4685 0.09825
0.46432 0.09487
0.46006 0.09155
0.4557 0.08826
0.45123 0.08498
0.44664 0.08169
0.44193 0.07838
0.43714 0.07504
0.43231 0.0717
0.42751 0.0684
0.42281 0.0652
0.41827 0.06216
0.41396 0.05936
0.4099 0.05687
0.40608 0.0547
0.402420 0.05284
0.39886 0.051270
0.395380 0.04996
0.39195 0.04891
0.38856 0.0481
0.38521 0.04754
0.38192 0.0472
0.37871 0.04708
0.37564 0.047170
0.37277 0.04742
0.37018 0.04779
0.36791 0.04824
0.36595 0.04874
0.36428 0.04928
0.36286 0.04983
0.36164 0.05039
0.36060 0.05095
0.3597 0.05151
0.35892 0.052070
0.35826 0.05261
0.35769 0.05316
0.35722 0.0537
0.35683 0.05425
0.35654 0.05482
0.35636 0.05543
0.35641 0.05608
0.3567 0.05669
0.35717 0.05725
0.35778 0.05779
0.35851 0.05833
0.359370 0.05891
0.3604 0.05955
0.36164 0.06027
0.36318 0.06111
0.36511 0.06213
0.36759 0.06337
0.37073 0.06489
0.37453 0.066650
0.37884 0.06854
0.38353 0.07048
0.38854 0.07245
0.39383 0.07447
0.3993 0.07652
0.40485 0.0786
0.41039 0.080680
0.41585 0.08276
0.42122 0.084830
0.42647 0.08691
0.43162 0.08901
0.43666 0.091140
0.44158 0.09332
0.44641 0.095550
0.45114 0.09785
0.455770 0.10023
0.460320 0.10268
0.46478 0.105220
0.46917 0.10786
0.47347 0.11058
0.47769 0.1134
0.48183 0.1163
0.48585 0.11928
0.48974 0.1223
0.49342 0.12533
0.49683 0.12828
0.49986 0.13109
0.50245 0.13368
0.5046 0.13604
0.50634 0.13818
0.50773 0.14011
0.50906 0.14226
-Inserting Flap s1223rtl-
0.66013 0.2607
0.65973 0.25931
0.65914 0.25728
0.65832 0.25515
0.65715 0.252880
0.65561 0.2503600
0.65364 0.24748
0.65124 0.24423
0.64844 0.24066
0.645310 0.23685
0.641940 0.2329
0.63842 0.22891
0.63479 0.22492
0.6311 0.220980
0.62736 0.21712
0.623560 0.21332
0.61969 0.20959
0.61574 0.20591
0.61168 0.20226
0.60751 0.1986
0.603220 0.19492
0.59882 0.19121
0.59434 0.18747
0.58982 0.18372
0.585330 0.18001
0.58092 0.17641
0.57667 0.17299
0.57261 0.16983
0.56879 0.16699
0.56517 0.1645
0.56169 0.16233
0.55828 0.16045
0.55493 0.15884
0.5516 0.1575
0.5483 0.15640
0.54501 0.15554
0.54176 0.15492
0.53857 0.15452
0.5355 0.15434
0.53263 0.15434
0.53002 0.15448
0.52771 0.15474
0.52572 0.15507
0.52401 0.15545
0.52254 0.15588
0.521280 0.15633
0.52019 0.1568
0.51925 0.15728
0.518430 0.15776
0.51772 0.15825
0.51711 0.15874
0.51659 0.15925
0.51615 0.15976
0.51581 0.16029
0.51558 0.16089
0.515570 0.16154
0.51581 0.16218
0.51623 0.16278
0.51679 0.16336
0.51746 0.16397
0.51827 0.16462
0.51924 0.16534
0.52042 0.16617
0.52187 0.16715
0.52371 0.16833
0.526070 0.16978
0.52907 0.17156
0.532710 0.17365
0.536830 0.17591
0.54133 0.17825
0.54616 0.18065
0.55125 0.18312
0.55652 0.18565
0.56187 0.1882
0.5672 0.19076
0.57246 0.1933
0.57763 0.19583
0.58268 0.19836
0.58763 0.2009
0.592460 0.20346
0.59718 0.206060
0.60179 0.20871
0.6063 0.21141
0.610710 0.214180
0.61503 0.21703
0.61925 0.21995
0.62339 0.22295
0.62744 0.22604
0.6314 0.22921
0.63526 0.23246
0.63902 0.23578
0.64262 0.23913
0.64603 0.24247
0.64916 0.24571
0.65194 0.24877
0.65430 0.25158
0.65623 0.25412
0.657780 0.2564
0.65899 0.2584500
0.66013 0.2607
*.*.Setup: s1223rtl.txt as Flap 1, Inverted: y, Scale = 1.0, AoA = 6.0, Reposition from (0,0) = (0, 0)*.*.
*.*.Setup: s1223rtl.txt as Flap 2, Inverted: y, Scale = 0.5, AoA = 30.0, Reposition from previous T.E. = (0.02, 0.05), Reposition from (0,0) = (1.0145, 0.1545)*.*.
*.*.Setup: s1223rtl.txt as Flap 3, Inverted: y, Scale = 0.5, AoA = 35.0, Reposition from previous T.E. = (0.02, 0.05), Reposition from (0,0) = (1.4675, 0.4545)*.*.
*.*.Setup: Scale Ratio = 0.35167*.*.