0.37447 -0.03153
0.37365 -0.03230
0.37201 -0.03379
0.369580 -0.03599
0.36649 -0.03873
0.362910 -0.04182
0.35901 -0.04505
0.35495 -0.04823
0.35088 -0.051190
0.34681 -0.05394
0.34275 -0.05649
0.33869 -0.058880
0.33464 -0.061160
0.33059 -0.06333
0.32654 -0.06541
0.3225 -0.06741
0.31846 -0.06933
0.31442 -0.07118
0.31039 -0.07295
0.30635 -0.07466
0.30232 -0.07631
0.2983 -0.07789
0.29427 -0.07941
0.29025 -0.08088
0.28622 -0.08229
0.2822 -0.08364
0.27819 -0.08492
0.27417 -0.08614
0.27016 -0.0873
0.26615 -0.08839
0.26214 -0.08943
0.25813 -0.09043
0.25412 -0.0914
0.25012 -0.09234
0.24611 -0.09325
0.24211 -0.09412
0.23811 -0.09495
0.23411 -0.09573
0.23011 -0.09647
0.22611 -0.09715
0.22212 -0.09778
0.21812 -0.09836
0.21413 -0.0989
0.21014 -0.09939
0.20615 -0.09984
0.20216 -0.100250
0.198180 -0.10062
0.19419 -0.10095
0.19021 -0.10125
0.18623 -0.10151
0.18225 -0.10172
0.17827 -0.1019
0.17429 -0.10202
0.17032 -0.102110
0.16634 -0.10214
0.16237 -0.10212
0.1584 -0.10206
0.15443 -0.10195
0.15046 -0.10179
0.1465 -0.10158
0.14253 -0.10133
0.13857 -0.10102
0.13461 -0.10066
0.13065 -0.10024
0.1267 -0.09978
0.12274 -0.09928
0.11879 -0.09873
0.11483 -0.09814
0.11088 -0.0975100
0.10693 -0.09684
0.10299 -0.09612
0.09904 -0.09532
0.0951 -0.09444
0.09116 -0.09347
0.08722 -0.09241
0.08329 -0.09126
0.07936 -0.090020
0.07543 -0.08869
0.07151 -0.08727
0.06759 -0.08574
0.06368 -0.084090
0.05977 -0.08231
0.05586 -0.08037
0.05196 -0.07827
0.048070 -0.076
0.04418 -0.07358
0.0403 -0.071
0.03642 -0.06828
0.03255 -0.06539
0.02868 -0.06228
0.02483 -0.058870
0.02099 -0.05507
0.01716 -0.05082
0.01338 -0.04607
0.00977 -0.040960
0.00649 -0.03568
0.00368 -0.03041
0.0015 -0.02534
7e-05 -0.02062
-0.00045 -0.012760
0.00045 -0.00981
0.00212 -0.00767
0.00452 -0.0064
0.00753 -0.00588
0.011 -0.00597
0.01476 -0.00651
0.01868 -0.00737
0.02262 -0.00840
0.02655 -0.00958
0.03048 -0.0109
0.0344 -0.01236
0.03832 -0.01394
0.04223 -0.01563
0.04614 -0.01743
0.05005 -0.01931
0.05395 -0.021270
0.05785 -0.02328
0.06175 -0.02534
0.06566 -0.02743
0.06955 -0.02953
0.07345 -0.03165
0.07735 -0.033760
0.08125 -0.03585
0.08515 -0.03793
0.08905 -0.03998
0.09296 -0.04201
0.09686 -0.044
0.10076 -0.04596
0.10467 -0.04788
0.10858 -0.04976
0.11249 -0.0516
0.1164 -0.0534
0.12031 -0.05515
0.12422 -0.05686
0.12814 -0.05852
0.13205 -0.06013
0.13597 -0.0617
0.13989 -0.063210
0.14381 -0.06468
0.14774 -0.06609
0.15166 -0.06745
0.15559 -0.06875
0.15952 -0.07
0.16345 -0.07119
0.16738 -0.07233
0.17132 -0.0734
0.175260 -0.07441
0.1792 -0.07536
0.18314 -0.07625
0.18708 -0.077080
0.19103 -0.07787
0.19497 -0.07861
0.19892 -0.0793
0.20287 -0.07994
0.20683 -0.08053
0.21078 -0.08106
0.21474 -0.08151
0.2187 -0.08189
0.22266 -0.0822
0.22662 -0.082430
0.23059 -0.08259
0.23456 -0.08268
0.23853 -0.08270
0.24251 -0.0826500
0.246490 -0.08252
0.25047 -0.082320
0.25445 -0.08204
0.25843 -0.08168
0.26242 -0.08123
0.26641 -0.0807
0.27041 -0.08009
0.27441 -0.07939
0.27841 -0.07859
0.28241 -0.07771
0.28642 -0.07673
0.29043 -0.07565
0.29444 -0.07446
0.29846 -0.07317
0.30248 -0.07178
0.3065100 -0.07029
0.31054 -0.06871
0.31457 -0.06704
0.3186 -0.06529
0.32264 -0.06346
0.32668 -0.06156
0.33072 -0.05958
0.334760 -0.05752
0.33881 -0.05539
0.34286 -0.05317
0.34692 -0.05083
0.35097 -0.04835
0.35504 -0.04572
0.35908 -0.04295
0.36297 -0.04016
0.36653 -0.03752
0.3696 -0.03519
0.37203 -0.03332
0.37366 -0.03206
0.37447 -0.03153
-Inserting Flap Ga2-
0.52072 0.064290
0.52062 0.063850
0.52041 0.06299
0.52009 0.06172
0.51968 0.060120
0.51919 0.0583
0.51862 0.05635
0.51798 0.05439
0.517290 0.0525
0.51656 0.050680
0.51578 0.04892
0.51497 0.0472200
0.51414 0.04556
0.51328 0.04393
0.5124 0.04234
0.51151 0.04077
0.51060 0.03923
0.50968 0.03771
0.50873 0.03622
0.50778 0.03475
0.50681 0.03331
0.50583 0.03188
0.50483 0.03048
0.50383 0.02909
0.502810 0.02772
0.50178 0.02638
0.50073 0.02505
0.49967 0.02375
0.4986 0.02247
0.49752 0.02121
0.49642 0.01997
0.495310 0.01874
0.4942 0.01752
0.49308 0.01631
0.491960 0.01512
0.49083 0.01393
0.48968 0.01276
0.48853 0.01161
0.48737 0.010470
0.4862 0.00935
0.48501 0.00825
0.48382 0.00716
0.48262 0.00609
0.4814 0.00503
0.48018 0.00399
0.47895 0.00296
0.47771 0.00195
0.47647 0.00095
0.47521 -4e-05
0.47395 -0.00102
0.47268 -0.00198
0.4714 -0.00293
0.47011 -0.00386
0.4688 -0.00478
0.46749 -0.00567
0.46617 -0.00656
0.464840 -0.00743
0.4635 -0.00828
0.46215 -0.00911
0.46079 -0.00993
0.45942 -0.010730
0.45803 -0.01152
0.45664 -0.01228
0.45524 -0.01303
0.45382 -0.01376
0.45239 -0.01448
0.45096 -0.01518
0.44952 -0.01587
0.44807 -0.01655
0.44661 -0.01721
0.44514 -0.01785
0.44365 -0.01847
0.44215 -0.01906
0.44062 -0.01962
0.43908 -0.02015
0.43752 -0.02065
0.43594 -0.021110
0.43434 -0.02155
0.43272 -0.02196
0.43108 -0.02233
0.42941 -0.02265
0.42772 -0.02294
0.42599 -0.02317
0.42422 -0.02334
0.42243 -0.02346
0.4206 -0.023530
0.418730 -0.02354
0.41684 -0.02351
0.41491 -0.02342
0.41293 -0.02325
0.41089 -0.02298
0.40877 -0.022580
0.40655 -0.02202
0.40423 -0.0213
0.401890 -0.02041
0.39962 -0.01939
0.39751 -0.01827
0.39565 -0.0170800
0.39412 -0.01583
0.39219 -0.01334
0.39183 -0.01217
0.3919 -0.01108
0.392420 -0.01012
0.3933 -0.00928
0.39447 -0.00853
0.39584 -0.00787
0.397330 -0.00728
0.39887 -0.00674
0.40043 -0.00625
0.40203 -0.00581
0.40366 -0.005420
0.40531 -0.00506
0.40699 -0.00475
0.40869 -0.00447
0.4104 -0.00422
0.41214 -0.0040
0.41388 -0.00379
0.41563 -0.0036
0.41739 -0.00342
0.41916 -0.00325
0.42092 -0.00308
0.42269 -0.0029
0.42445 -0.00273
0.42621 -0.00254
0.42796 -0.00235
0.42971 -0.002150
0.43145 -0.00194
0.433180 -0.00171
0.43491 -0.00148
0.43662 -0.001230
0.43833 -0.00096
0.44003 -0.00068
0.44172 -0.000390
0.4434 -8e-05
0.44507 0.000240
0.44673 0.00059
0.44838 0.00094
0.45002 0.00132
0.45164 0.00171
0.45326 0.00212
0.45487 0.002540
0.456460 0.00299
0.45804 0.00346
0.45961 0.00394
0.461170 0.00444
0.46272 0.00497
0.46425 0.00551
0.46577 0.00608
0.46727 0.00667
0.46877 0.00727
0.47025 0.00789
0.47173 0.00853
0.47319 0.00919
0.47464 0.009860
0.47609 0.01055
0.47752 0.01126
0.478930 0.01199
0.48033 0.01275
0.48171 0.01353
0.48308 0.01434
0.48443 0.01518
0.48577 0.01604
0.48709 0.01692
0.48839 0.01782
0.48968 0.01876
0.49096 0.019710
0.49222 0.0207
0.49346 0.02171
0.49468 0.02275
0.49588 0.02382
0.49707 0.02491
0.49824 0.02604
0.49939 0.0272
0.50052 0.028390
0.50163 0.02961
0.50272 0.03086
0.50378 0.03216
0.50483 0.03348
0.50585 0.03484
0.50685 0.03624
0.50783 0.03766
0.5088 0.039120
0.50974 0.0406
0.51067 0.04211
0.51159 0.04364
0.51248 0.04521
0.51337 0.04679
0.51423 0.0484
0.51508 0.05005
0.5159 0.05173
0.51669 0.05346
0.51745 0.05524
0.51817 0.05706
0.51884 0.05886
0.51943 0.06053
0.51992 0.06199
0.52031 0.06315
0.520570 0.06393
0.52072 0.064290
-Inserting Flap Ga2-
0.59711 0.20752
0.59716 0.20707
0.597250 0.20619
0.59738 0.20488
0.59754 0.20324
0.59768 0.20135
0.5978 0.19933
0.59786 0.19727
0.59785 0.19525
0.59777 0.19329
0.59763 0.191380
0.59744 0.1895
0.59721 0.18766
0.59695 0.18584
0.59667 0.18404
0.596350 0.18226
0.59601 0.180510
0.59565 0.17877
0.595270 0.17705
0.594860 0.17534
0.59444 0.17366
0.59399 0.17198
0.59353 0.17032
0.59305 0.16868
0.59255 0.16705
0.59203 0.16543
0.59149 0.16383
0.59093 0.16225
0.59035 0.16069
0.58976 0.15913
0.58914 0.1576
0.58851 0.15607
0.58788 0.15455
0.58723 0.15303
0.58657 0.15153
0.58591 0.15003
0.58523 0.14854
0.58453 0.14707
0.58382 0.14561
0.58309 0.14416
0.58235 0.14272
0.58159 0.1413
0.58082 0.13988
0.58003 0.138480
0.57923 0.13709
0.57842 0.135710
0.57759 0.13433
0.57675 0.13297
0.5759 0.13162
0.57504 0.13027
0.57417 0.12894
0.57328 0.12762
0.57238 0.1263
0.57147 0.125
0.57053 0.12372
0.56959 0.12244
0.56863 0.12117
0.56765 0.11992
0.5666600 0.11868
0.56565 0.11745
0.56463 0.11624
0.56359 0.11503
0.56254 0.11384
0.56147 0.112660
0.560380 0.1115
0.55928 0.110340
0.55816 0.1092
0.55704 0.108070
0.5559 0.10694
0.55475 0.10583
0.55358 0.10473
0.55239 0.10364
0.55117 0.10258
0.54992 0.101540
0.54865 0.100530
0.54735 0.09953
0.54602 0.09856
0.54466 0.09761
0.54327 0.09668
0.54185 0.09578
0.54039 0.094910
0.53889 0.094070
0.53734 0.0932700
0.53574 0.09251
0.534080 0.0918
0.53238 0.09112
0.53063 0.09048
0.52883 0.08987
0.52698 0.08931
0.52507 0.0888
0.52305 0.08837
0.52092 0.08803
0.51864 0.08781
0.516220 0.08771
0.51372 0.08776
0.511240 0.08796
0.50887 0.0883
0.50672 0.08880
0.50486 0.08946
0.50221 0.09115
0.50147 0.09214
0.50117 0.09318
0.50133 0.09426
0.50188 0.09535
0.50273 0.09645
0.5038 0.09753
0.5050 0.09859
0.50627 0.09962
0.5075800 0.1006
0.50894 0.10156
0.51033 0.10248
0.511770 0.10336
0.51325 0.10422
0.51475 0.10506
0.51628 0.105870
0.51784 0.10666
0.51941 0.10744
0.521 0.10821
0.5226 0.10898
0.5242 0.10973
0.52581 0.11049
0.52741 0.11125
0.52901 0.11201
0.5306 0.11277
0.53219 0.11354
0.53377 0.11432
0.53533 0.11510
0.53689 0.1159
0.53844 0.1167
0.53997 0.11751
0.54149 0.11834
0.54299 0.1191700
0.54448 0.12002
0.54596 0.12087
0.54742 0.12174
0.54887 0.122620
0.5503 0.12351
0.55172 0.12442
0.55312 0.12533
0.55451 0.12626
0.55588 0.12721
0.55723 0.12816
0.55856 0.12913
0.55988 0.130120
0.561180 0.13112
0.56245 0.13213
0.563710 0.13316
0.56495 0.1342
0.56617 0.135260
0.56738 0.13634
0.56856 0.13742
0.5697400 0.13852
0.5709 0.13963
0.57204 0.14075
0.57317 0.14188
0.57427 0.14303
0.57536 0.1442
0.57642 0.14538
0.57746 0.14659
0.578470 0.14781
0.57946 0.14905
0.58043 0.15031
0.58138 0.15158
0.58231 0.15288
0.58321 0.15419
0.58409 0.15552
0.5849400 0.15687
0.58577 0.15824
0.58657 0.159630
0.58734 0.16104
0.58809 0.16248
0.58881 0.16393
0.589510 0.16541
0.59017 0.16691
0.5908 0.16843
0.59141 0.16998
0.59198 0.17155
0.59251 0.17315
0.593020 0.174780
0.59349 0.17643
0.59393 0.1781
0.59435 0.1798
0.59474 0.18151
0.59511 0.18324
0.59546 0.185
0.59578 0.18677
0.59607 0.18856
0.596340 0.19037
0.59659 0.1922
0.59679 0.19406
0.59696 0.19596
0.59708 0.19789
0.59714 0.19985
0.59716 0.20176
0.59715 0.20354
0.59713 0.20508
0.59711 0.2063
0.59709 0.20713
0.59711 0.20752
*.*.Setup: Ga2.txt as Flap 1, Inverted: y, Scale = 1.0, AoA = -2.0, Reposition from (0,0) = (0, 0)*.*.
*.*.Setup: Ga2.txt as Flap 2, Inverted: y, Scale = 0.4, AoA = 32.0, Reposition from previous T.E. = (0.04, 0.06), Reposition from (0,0) = (1.0377, -0.024)*.*.
*.*.Setup: Ga2.txt as Flap 3, Inverted: y, Scale = 0.4, AoA = 51.666666666666664, Reposition from previous T.E. = (-0.06, 0.08), Reposition from (0,0) = (1.3273, 0.2513)*.*.
*.*.Setup: Scale Ratio = 0.37535*.*.