0.36016 0.05704
0.35815 0.054810
0.35521 0.05156
0.35174 0.04834
0.34751 0.04518
0.34232 0.04188
0.33605 0.0383
0.32863 0.03442
0.32016 0.030310
0.31086 0.02606
0.30099 0.02177
0.29079 0.01752
0.2804 0.01339
0.26995 0.00941
0.25945 0.0056
0.24892 0.00198
0.23832 -0.00145
0.22761 -0.00472
0.21673 -0.00785
0.20563 -0.01088
0.19429 -0.01383
0.18271 -0.01675
0.17095 -0.01965
0.15913 -0.02253
0.14738 -0.02535
0.1359 -0.02806
0.12485 -0.030560
0.11442 -0.03277
0.10473 -0.03459
0.09571 -0.03594
0.08724 -0.03683
0.07919 -0.03723
0.07148 -0.03717
0.06406 -0.036660
0.05689 -0.0357
0.04998 -0.03431
0.04335 -0.03251
0.03706 -0.03035
0.03117 -0.02791
0.02581 -0.0253
0.02108 -0.022650
0.017010 -0.02009
0.0136 -0.01766
0.010760 -0.01538
0.00841 -0.01325
0.006470 -0.011260
0.00487 -0.0094
0.00354 -0.00765
0.00246 -0.006
0.00158 -0.0044500
0.00089 -0.00297
0.00037 -0.001560
0.000086 -0.00022
-0.00012 0.00109000
0.000005 0.00241
0.00057 0.003630
0.00159 0.00461
0.00292 0.00534
0.00449 0.00593
0.0063 0.006440
0.0084 0.00692
0.01087 0.00738
0.01381 0.00786
0.01741 0.00835
0.02191 0.00888
0.02763 0.00944
0.03484 0.01005
0.04351 0.01063
0.05327 0.0111
0.063770 0.01136
0.074950 0.01145
0.08669 0.01142
0.098810 0.01134
0.1111 0.01124
0.12337 0.01116
0.13548 0.01111
0.147410 0.01113
0.15913 0.01125
0.17066 0.011490
0.181990 0.01188
0.19315 0.01243
0.20415 0.01317
0.21502 0.01411
0.2257600 0.01527
0.23638 0.01664
0.24692 0.01824
0.25736 0.02008
0.267720 0.02216
0.27798 0.02447
0.28814 0.02702
0.29815 0.02979
0.30792 0.03276
0.31731 0.03588
0.32609 0.03907
0.33405 0.04225
0.341 0.04535
0.34691 0.04832
0.35187 0.05116
0.35599 0.05387
0.36016 0.05704
-Inserting Flap s1223rtl-
0.51806 0.17556
0.51752 0.174150
0.51673 0.17211
0.51569 0.16999
0.51428 0.167750
0.51245 0.16528
0.51017 0.162490
0.5074 0.15935
0.50418 0.15591
0.5006 0.15226
0.49676 0.14849
0.49276 0.14468
0.48866 0.14089
0.48449 0.13715
0.48027 0.1335
0.476 0.129920
0.47167 0.12642
0.46726 0.12297
0.46274 0.11956
0.4581 0.11616
0.45333 0.1127500
0.44845 0.10931
0.44348 0.10585
0.43848 0.10239
0.4335 0.09897
0.428630 0.09565
0.42392 0.0925
0.41945 0.0896
0.41525 0.08701
0.41128 0.08476
0.40748 0.08284
0.4038 0.0812
0.40019 0.07985
0.39663 0.07876
0.39312 0.07792
0.38964 0.07733
0.38623 0.07699
0.3829 0.076870
0.37972 0.07695
0.37675 0.07721
0.37406 0.0776
0.37171 0.07807
0.36968 0.07859
0.36794 0.07914
0.36647 0.07971
0.3652 0.080300
0.36412 0.08088
0.36319 0.08146
0.36239 0.08203
0.3617 0.0826
0.36111 0.08316
0.36062 0.08373
0.36022 0.0843
0.35991 0.08488
0.35973 0.08552
0.35978 0.08619
0.36008 0.08683
0.36057 0.08741
0.3612 0.08796
0.36195 0.08853
0.36285 0.08913
0.36391 0.08979
0.3652 0.09054
0.36679 0.09141
0.3688 0.09246
0.37137 0.09375
0.37463 0.09533
0.37857 0.09715
0.38304 0.09912
0.3879 0.10113
0.3931 0.10317
0.39858 0.10526
0.40426 0.10739
0.41001 0.10955
0.41575 0.11171
0.42141 0.11386
0.42698 0.116
0.43243 0.11816
0.43777 0.120340000
0.44299 0.12255
0.4481 0.12481
0.4531 0.12712
0.458 0.12951
0.46281 0.13197
0.46752 0.13452
0.47215 0.13715
0.4767 0.1398800
0.48116 0.14271
0.48554 0.14563
0.48983 0.14864
0.4940 0.15172
0.49803 0.15486
0.501850 0.158
0.505380 0.16106
0.50852 0.16397
0.51121 0.16666
0.51344 0.16911
0.515240 0.17132
0.516680 0.17333
0.51806 0.17556
-Inserting Flap s1223rtl-
0.63824 0.29837
0.63783 0.29692
0.63722 0.29482
0.63637 0.29261
0.63516 0.29026
0.63355 0.28764
0.63152 0.28466
0.62903 0.28129
0.62612 0.27758
0.62288 0.27363
0.61938 0.26954
0.61573 0.2654
0.61197 0.26127
0.60814 0.25718
0.60426 0.253180
0.60032 0.24924
0.59631 0.24537
0.59221 0.24156
0.58801 0.237760
0.58369 0.23397
0.57924 0.23016
0.574670 0.22631
0.57002 0.22243
0.56534 0.21854
0.56068 0.2147
0.55611 0.21097
0.5517 0.20742
0.5475 0.20414
0.54354 0.2012
0.53978 0.19861
0.53617 0.19636
0.53264 0.19441
0.52916 0.19275
0.52571 0.19136
0.52228 0.19022
0.51887 0.18933
0.51550 0.18868
0.5122 0.18827
0.50902 0.18808
0.506040 0.18808
0.50333 0.18823
0.50094 0.18849
0.49887 0.18883
0.4971 0.18924
0.49558 0.18968
0.49427 0.19015
0.49314 0.19063
0.49216 0.19113
0.49131 0.19163
0.490580 0.1921400
0.48994 0.19265
0.489400 0.193170
0.48895 0.1937
0.4886 0.19425
0.48836 0.19487
0.48835 0.19555
0.48859 0.19621
0.48903 0.19683
0.48961 0.19744
0.49031 0.198070
0.4911500 0.19874
0.49216 0.19949
0.49338 0.20035
0.49488 0.20136
0.49679 0.20258
0.49924 0.20409
0.50235 0.20594
0.50612 0.2081
0.5104 0.21045
0.51506 0.21287
0.52006 0.21536
0.52535 0.21792
0.53081 0.22054
0.53636 0.22319
0.541890 0.22584
0.547340 0.22848
0.5527 0.2311
0.55794 0.23372
0.563060 0.23636
0.56807 0.23902
0.57297 0.24171
0.577750 0.24446
0.58243 0.24726
0.587 0.25013
0.59147 0.25308
0.59586 0.25611
0.60015 0.25922
0.60435 0.26243
0.608450 0.26572
0.61246 0.26909
0.61635 0.27253
0.620090 0.276
0.62362 0.27946
0.62687 0.28282
0.62975 0.286
0.63219 0.28891
0.6342 0.29154
0.6358 0.29391
0.63707 0.29603
0.63824 0.29837
*.*.Setup: s1223rtl.txt as Flap 1, Inverted: y, Scale = 1.0, AoA = 9.0, Reposition from (0,0) = (0, 0)*.*.
*.*.Setup: s1223rtl.txt as Flap 2, Inverted: y, Scale = 0.5, AoA = 30.0, Reposition from previous T.E. = (0.0, 0.075), Reposition from (0,0) = (0.9877, 0.2314)*.*.
*.*.Setup: s1223rtl.txt as Flap 3, Inverted: y, Scale = 0.5, AoA = 35.0, Reposition from previous T.E. = (-0.08, 0.05), Reposition from (0,0) = (1.3407, 0.5314)*.*.
*.*.Setup: Scale Ratio = 0.36465*.*.