0.34636 0.0364
0.344330 0.03438
0.34136 0.03142
0.33789 0.02852
0.33369 0.02572
0.328590 0.022830
0.32242 0.01973
0.31515 0.01641
0.306870 0.01291
0.297780 0.00931
0.28816 0.00571
0.27822 0.00218
0.268110 -0.001250
0.25793 -0.00452
0.24774 -0.00763
0.23751 -0.010550
0.22723 -0.0133
0.21685 -0.01588
0.2063100 -0.01832
0.19558 -0.02065
0.18461 -0.0229
0.17342 -0.02511
0.16206 -0.02729
0.15064 -0.029440
0.1393 -0.03155
0.12821 -0.03355
0.11755 -0.03539
0.1075 -0.03697
0.09815 -0.03822
0.08949 -0.03907
0.08136 -0.03948
0.07367 -0.03947
0.06632 -0.03903
0.05926 -0.03817
0.05247 -0.03689
0.04595 -0.03522
0.039720 -0.03317
0.03382 -0.0308
0.02834 -0.02818
0.02336 -0.02542
0.01897 -0.022660
0.01522 -0.02001
0.01209 -0.01752
0.00949 -0.01521
0.00736 -0.01306
0.005610 -0.01106
0.00417 -0.00920
0.003 -0.00747
0.00204 -0.00585
0.00128 -0.004320
0.0007 -0.00288
0.00028 -0.00151
0.000055 -0.00021
-6e-05 0.00105
0.00012 0.0023
0.00072 0.00344
0.00174 0.00431
0.003050 0.00495
0.00458 0.005430
0.00633 0.00583
0.00836 0.00618
0.01073 0.0065
0.01357 0.00681
0.01702 0.0071
0.02134 0.007370
0.02683 0.00763
0.03373 0.00784
0.04203 0.007960
0.05136 0.00792
0.06139 0.00765
0.07205 0.00717
0.08325 0.00656
0.09481 0.00588
0.10653 0.00517
0.11822 0.00447
0.129770 0.00382
0.14115 0.00325
0.152340 0.00277
0.16334 0.00243
0.17417 0.00223
0.184840 0.0022
0.19537 0.00236
0.20578 0.00271
0.21608 0.00328
0.22629 0.00405
0.23641 0.00506
0.24646 0.00629
0.25645 0.00775
0.26635 0.00944
0.27617 0.01137
0.28585 0.013510
0.29532 0.01585
0.30443 0.01836
0.31297 0.02097
0.32071 0.0236
0.327490 0.0262
0.33328 0.02874
0.33815 0.03121
0.34222 0.033590
0.34636 0.0364
-Inserting Flap s1223rtl-
0.51696 0.12208
0.51622 0.120850
0.51514 0.11906
0.5138 0.11723
0.51211 0.11536
0.50998 0.11335
0.50736 0.1111000
0.504240 0.1086
0.50064 0.1059
0.49667 0.10306
0.49243 0.10015
0.48804 0.09723
0.48355 0.09435
0.47901 0.09153
0.47444 0.08879
0.46983 0.08614
0.46517 0.08356
0.46045 0.08105
0.45563 0.07859
0.45071 0.076160
0.44566 0.07374
0.4405 0.07132
0.435250 0.06889
0.42997 0.06646
0.42472 0.06407
0.41959 0.061750
0.41464 0.05957
0.40995 0.05759
0.405570 0.05585
0.40147 0.0544
0.39758 0.05321
0.393840 0.05229
0.39022 0.05161
0.386690 0.05118
0.38325 0.05097
0.379880 0.051
0.376610 0.05123
0.37346 0.05167
0.37048 0.052280
0.36773 0.05302
0.365270 0.05383
0.36313 0.05466
0.36131 0.055490
0.35977 0.05629
0.35848 0.05708
0.357390 0.05784
0.35646 0.05856
0.35568 0.05926
0.35502 0.059930
0.354470 0.06058
0.35401 0.061210
0.35364 0.061820
0.35336 0.06242
0.35317 0.06303
0.35311 0.06365
0.35326 0.06428
0.35365 0.06483
0.35421 0.06529
0.35489 0.06571
0.35569 0.06612
0.35663 0.06653
0.35775 0.06698
0.35908 0.06747
0.36073 0.06803
0.36279 0.06868
0.36542 0.06947
0.368740 0.07041
0.37275 0.07147
0.37728 0.0725800
0.38219 0.073660
0.38741 0.07472
0.39292 0.07578
0.398610 0.07684
0.40438 0.07792
0.410140 0.07899
0.41582 0.08008
0.42141 0.08117
0.4269 0.0823
0.43228 0.08346
0.43755 0.084670
0.44273 0.08595
0.44782 0.0873
0.45283 0.08873
0.457760 0.09025
0.46262 0.091860
0.46741 0.09357
0.47214 0.09539
0.4768 0.0973
0.48140 0.09932
0.48593 0.10144
0.490370 0.103660
0.49468 0.10594
0.49880 0.10825
0.50263 0.11055
0.50606 0.11277
0.50904 0.11485
0.511540 0.11678
0.5136 0.118570
0.51529 0.12021
0.51696 0.12208
-Inserting Flap s1223rtl-
0.66052 0.25272
0.6602 0.25132
0.65974 0.24928
0.65905 0.24713
0.65802 0.24482
0.656640 0.24224
0.65486 0.23928
0.65268 0.23593
0.650120 0.23223
0.647240 0.22829
0.64414 0.22419
0.64088 0.22004
0.637530 0.21589
0.6341 0.21179
0.63062 0.20775
0.62709 0.20378
0.62348 0.199870
0.61978 0.196
0.61599 0.19215
0.61207 0.1883
0.60804 0.18441
0.60391 0.18049
0.59969 0.176530
0.59544 0.17256
0.59121 0.16864
0.58706 0.16483
0.58305 0.1612
0.57923 0.15784
0.57561 0.15482
0.57218 0.15215
0.56886 0.1498
0.5656 0.14774
0.56238 0.14597
0.55917 0.14444
0.555960 0.14317
0.55276 0.14213
0.54958 0.14133
0.54645 0.14075
0.54343 0.14039
0.54059 0.14023
0.538 0.140220
0.53571 0.14034
0.53372 0.14055
0.532 0.14083
0.53053 0.14117
0.52925 0.14155
0.52815 0.14195
0.527190 0.14236
0.52635 0.14279
0.52562 0.143240
0.52499 0.14369
0.52444 0.14415
0.52399 0.1446400
0.52362 0.14515
0.523360 0.14572
0.52331 0.14636
0.52351 0.14701
0.52389 0.14762
0.52441 0.14824
0.52504 0.148870
0.5258 0.14956
0.52672 0.15034
0.5278400 0.15122
0.529220 0.152270
0.53097 0.15354
0.53322 0.15511
0.53608 0.15705
0.53955 0.15932
0.5435 0.1618
0.54781 0.16437
0.55245 0.16702
0.55734 0.16975
0.56241 0.17256
0.56755 0.175390
0.572670 0.17822
0.57773 0.18104
0.58269 0.183840
0.58754 0.18663
0.59228 0.18943
0.59691 0.19224
0.6014200 0.19508
0.60583 0.197960
0.610130 0.2009
0.61434 0.20389
0.61844 0.20695
0.62245 0.21008
0.62637 0.21328
0.63019 0.21657
0.63393 0.21994
0.63756 0.22337
0.64108 0.22687
0.644450 0.23039
0.64763 0.23388
0.65054 0.23727
0.6531 0.24046
0.65527 0.24337
0.65704 0.24599
0.65844 0.248330
0.65952 0.25043
0.66052 0.25272
*.*.Setup: s1223rtl.txt as Flap 1, Inverted: y, Scale = 1.0, AoA = 6.0, Reposition from (0,0) = (0, 0)*.*.
*.*.Setup: s1223rtl.txt as Flap 2, Inverted: y, Scale = 0.5, AoA = 20.0, Reposition from previous T.E. = (0.02, 0.075), Reposition from (0,0) = (1.0145, 0.1795)*.*.
*.*.Setup: s1223rtl.txt as Flap 3, Inverted: y, Scale = 0.5, AoA = 38.333333333333336, Reposition from previous T.E. = (0.02, 0.065), Reposition from (0,0) = (1.5044, 0.4155)*.*.
*.*.Setup: Scale Ratio = 0.34827*.*.