0.36613 0.03848
0.363970 0.03634
0.36084 0.03322
0.35717 0.03015
0.35274 0.02718
0.347340 0.024130
0.34082 0.02086
0.33314 0.01734
0.324380 0.01364
0.314780 0.00984
0.3046 0.00604
0.29409 0.0023
0.283410 -0.001320
0.27265 -0.00478
0.26187 -0.00806
0.25106 -0.011150
0.2402 -0.01405
0.22922 -0.01679
0.2180900 -0.01937
0.20674 -0.02183
0.19515 -0.02421
0.18332 -0.02654
0.17131 -0.02885
0.15924 -0.031120
0.14725 -0.03335
0.13553 -0.03547
0.12426 -0.03741
0.11363 -0.03908
0.10376 -0.0404
0.09459 -0.0413
0.08601 -0.04174
0.07787 -0.04172
0.0701 -0.04126
0.06264 -0.04034
0.05547 -0.039
0.04858 -0.03723
0.041990 -0.03507
0.03576 -0.03256
0.02995 -0.02978
0.02469 -0.02687
0.02005 -0.023950
0.01609 -0.02115
0.01278 -0.01852
0.01004 -0.01608
0.00778 -0.01381
0.005930 -0.01169
0.00441 -0.009730
0.00317 -0.0079
0.00216 -0.00618
0.00136 -0.004570
0.00074 -0.00304
0.00029 -0.0016
0.000055 -0.00022
-6e-05 0.00111
0.00013 0.00243
0.00076 0.00363
0.00184 0.00456
0.003220 0.00523
0.00484 0.005740
0.0067 0.00616
0.00884 0.00653
0.01135 0.00687
0.01434 0.00719
0.018 0.0075
0.02256 0.007790
0.02836 0.00806
0.03566 0.00829
0.04443 0.008420
0.05429 0.00837
0.0649 0.00809
0.07617 0.00758
0.088 0.00694
0.10022 0.00622
0.11261 0.00547
0.12496 0.00473
0.137180 0.00404
0.1492 0.00343
0.161030 0.00293
0.17266 0.00257
0.18411 0.00236
0.195390 0.00233
0.20652 0.0025
0.21752 0.00287
0.22841 0.00346
0.2392 0.00429
0.2499 0.00535
0.26053 0.00665
0.27108 0.00819
0.28155 0.00998
0.29193 0.01201
0.30216 0.014280
0.31217 0.01676
0.3218 0.01941
0.33083 0.02216
0.33901 0.02495
0.346180 0.0277
0.3523 0.03038
0.35745 0.03299
0.36175 0.03550
0.36613 0.03848
-Inserting Flap s1223rtl-
0.53295 0.15309
0.53228 0.15172
0.53131 0.14974
0.53007 0.14769
0.52846 0.14557
0.5264 0.14325
0.52386 0.14064
0.5208 0.13772
0.51726 0.13455
0.51334 0.13119
0.50915 0.12774
0.50478 0.12426
0.50032 0.12081
0.49580 0.11742
0.49124 0.11411
0.48663 0.11089
0.481970 0.10775
0.47722 0.104670
0.47238 0.10164
0.46742 0.09863
0.46232 0.095620
0.45711 0.09259
0.45181 0.08955
0.44647 0.0865
0.44117 0.0835
0.43597 0.080590
0.43096 0.07784
0.42621 0.07532
0.42175 0.07308
0.41757 0.07117
0.41358 0.06956
0.40973 0.06825
0.40598 0.0672
0.40231 0.066420
0.3987 0.06589
0.39515 0.065600
0.391680 0.06555
0.38833 0.06572
0.38513 0.06609
0.38217 0.066610
0.3795 0.06724
0.37718 0.06792
0.375180 0.06862
0.37349 0.06933
0.372050 0.070040
0.37083 0.07073
0.36979 0.07141
0.36891 0.07208
0.36815 0.07272
0.36751 0.07336
0.36697 0.07398
0.36652 0.07459
0.36617 0.07519
0.36591 0.07581
0.36579 0.07647
0.36589 0.077140
0.36625 0.07775
0.3668 0.07829
0.3674800 0.0788
0.36829 0.0793
0.36924 0.079820
0.37037 0.08039
0.37173 0.08103
0.37341 0.081770
0.37552 0.08265
0.37822 0.08372
0.38163 0.08502
0.38576 0.08651
0.39043 0.08809
0.39549 0.089680
0.4009 0.09128
0.4066 0.0929
0.41249 0.09455
0.418470 0.096210
0.42443 0.09787
0.43032 0.09954
0.4361 0.10121
0.44178 0.1029
0.44733 0.10462
0.45278 0.10638
0.45812 0.1082
0.46335 0.11009
0.468490 0.11206
0.47354 0.11411
0.4785100 0.1162600
0.4834 0.1185
0.48821 0.12085
0.49295 0.1233
0.49761 0.12585
0.50218 0.1285
0.506650 0.13123
0.51098 0.13403
0.5151 0.13685
0.51892 0.13963
0.52234 0.14228
0.52528 0.14474
0.52773 0.14701
0.52974 0.14908
0.53137 0.150970
0.53295 0.15309
-Inserting Flap s1223rtl-
0.641 0.29386
0.64076 0.292370
0.64039 0.29019
0.6398 0.28787
0.63886 0.28537
0.63756 0.28256
0.63586 0.27933
0.63377 0.27566
0.63129 0.2716
0.62849 0.26726
0.62547 0.262750
0.62229 0.258170
0.61901 0.25358
0.61565 0.24904
0.61222 0.24456
0.60873 0.24016
0.605170 0.23581
0.6015 0.2315
0.59773 0.22721
0.59384 0.22290
0.58983 0.21855
0.5857 0.21416
0.5815 0.20972
0.57726 0.20528
0.57304 0.200880
0.56889 0.19660
0.56488 0.19252
0.56105 0.18874
0.55742 0.18533
0.55396 0.1823
0.5506 0.17961
0.54729 0.17725
0.544 0.175170
0.54071 0.173370
0.5374 0.17183
0.53408 0.17053
0.53078 0.16949
0.52751 0.16869
0.52435 0.16813
0.52136 0.16778
0.51863 0.16761
0.5162 0.1676
0.51409 0.16770
0.51226 0.16789
0.51068 0.16816
0.50932 0.168470
0.50813 0.16883
0.50709 0.16921
0.50618 0.16961
0.505380 0.170030
0.5046900 0.17047
0.50408 0.17093
0.50357 0.171410
0.50315 0.171930
0.50284 0.17252
0.50275 0.17319
0.50292 0.17388
0.50328 0.17456
0.50379 0.17524
0.50442 0.17595
0.50519 0.176720
0.5061 0.17759
0.50723 0.1786
0.50862 0.17979
0.51039 0.18124
0.512670 0.18304
0.51557 0.18526
0.51909 0.18787
0.52311 0.19072
0.5275 0.1937
0.53223 0.196780
0.53722 0.19997
0.5424 0.20324
0.54765 0.20654
0.55288 0.20985
0.55804 0.21313
0.56311 0.216390
0.56806 0.21963
0.57289 0.22287
0.5776 0.22613
0.58219 0.2294
0.58666 0.23272
0.591020 0.23608
0.59527 0.23949
0.59941 0.24297
0.60345 0.24652
0.60739 0.25015
0.6112300 0.25385
0.61496 0.25763
0.618580 0.26148
0.62208 0.265390
0.62542 0.26931
0.62856 0.27319
0.63142 0.27695
0.63394 0.28046
0.63605 0.28367
0.63775 0.28654
0.63908 0.2891
0.6401 0.29138
0.641 0.29386
*.*.Setup: s1223rtl.txt as Flap 1, Inverted: y, Scale = 1.0, AoA = 6.0, Reposition from (0,0) = (0, 0)*.*.
*.*.Setup: s1223rtl.txt as Flap 2, Inverted: y, Scale = 0.5, AoA = 25.0, Reposition from previous T.E. = (0.0, 0.1), Reposition from (0,0) = (0.9945, 0.2045)*.*.
*.*.Setup: s1223rtl.txt as Flap 3, Inverted: y, Scale = 0.5, AoA = 41.666666666666664, Reposition from previous T.E. = (-0.08, 0.05), Reposition from (0,0) = (1.3677, 0.4658)*.*.
*.*.Setup: Scale Ratio = 0.36814*.*.