0.36305 0.03816
0.360920 0.03603
0.35781 0.03294
0.35417 0.0299
0.34977 0.02696
0.344420 0.023930
0.33796 0.02068
0.33034 0.0172
0.321650 0.01353
0.312130 0.00976
0.30205 0.00599
0.29162 0.00228
0.281030 -0.001310
0.27036 -0.00474
0.25967 -0.00799
0.24895 -0.011060
0.23818 -0.01394
0.2273 -0.01664
0.2162600 -0.0192
0.205 -0.02165
0.19351 -0.02401
0.18178 -0.02632
0.16987 -0.0286
0.1579 -0.030860
0.14601 -0.03307
0.13439 -0.03517
0.12322 -0.03709
0.11268 -0.03876
0.10288 -0.04006
0.0938 -0.04095
0.08528 -0.04139
0.07722 -0.04137
0.06951 -0.04091
0.06212 -0.04
0.055 -0.03867
0.04817 -0.03692
0.041640 -0.03477
0.03545 -0.03228
0.0297 -0.02953
0.02448 -0.02664
0.01989 -0.023750
0.01596 -0.02097
0.01267 -0.01837
0.00995 -0.01594
0.00772 -0.01369
0.005880 -0.0116
0.00437 -0.009650
0.00314 -0.00783
0.00214 -0.00613
0.00134 -0.004530
0.00073 -0.00302
0.00029 -0.00158
0.000055 -0.00022
-6e-05 0.0011
0.00013 0.00241
0.00076 0.0036
0.00183 0.00452
0.00320 0.00518
0.0048 0.005690
0.00664 0.00611
0.00876 0.00647
0.01125 0.00681
0.01422 0.00713
0.01784 0.00744
0.02237 0.007730
0.02812 0.00799
0.03536 0.00822
0.04406 0.008350
0.05383 0.0083
0.06435 0.00802
0.07553 0.00752
0.08726 0.00688
0.09938 0.00616
0.11166 0.00542
0.12392 0.00469
0.136030 0.00401
0.14795 0.0034
0.159680 0.00291
0.17121 0.00255
0.18256 0.00234
0.193750 0.00231
0.20479 0.00247
0.2157 0.00285
0.22649 0.00343
0.23719 0.00425
0.2478 0.0053
0.25834 0.00659
0.2688 0.00812
0.27919 0.0099
0.28948 0.01191
0.29963 0.014160
0.30955 0.01662
0.3191 0.01924
0.32805 0.02198
0.33617 0.02474
0.343280 0.02747
0.34934 0.03013
0.35445 0.03271
0.35871 0.035210
0.36305 0.03816
-Inserting Flap s1223rtl-
0.52848 0.1518
0.52781 0.15045
0.52685 0.14848
0.52562 0.14645
0.52402 0.14434
0.52198 0.14204
0.51946 0.13946
0.51642 0.13657
0.51291 0.13342
0.50903 0.13009
0.50487 0.12666
0.50055 0.12321
0.49612 0.11979
0.491640 0.11643
0.48712 0.11316
0.48255 0.10996
0.477920 0.10685
0.47322 0.103790
0.46841 0.10079
0.46349 0.0978
0.45844 0.094810
0.45327 0.09181
0.44802 0.08879
0.44272 0.08578
0.43746 0.0828
0.43231 0.079910
0.42734 0.07718
0.42263 0.07468
0.41821 0.07247
0.41406 0.07057
0.41011 0.06898
0.40629 0.06767
0.40257 0.06664
0.39893 0.065860
0.39535 0.06534
0.39183 0.0650500
0.38840 0.065
0.38507 0.06517
0.3819 0.06554
0.37896 0.066050
0.37632 0.06667
0.37401 0.06735
0.372030 0.06804
0.37035 0.06875
0.368930 0.069450
0.36772 0.07014
0.36669 0.07081
0.36581 0.07147
0.36506 0.07211
0.36442 0.07274
0.36389 0.07336
0.36345 0.07396
0.3631 0.07456
0.36284 0.07517
0.36272 0.07582
0.36282 0.076490
0.36318 0.0771
0.36372 0.07763
0.3643900 0.07814
0.3652 0.07863
0.36614 0.079150
0.36726 0.07972
0.36861 0.08035
0.37028 0.081090
0.37237 0.08196
0.37504 0.08302
0.37843 0.0843
0.38252 0.08578
0.38715 0.08735
0.39217 0.088930
0.39753 0.09051
0.40319 0.09212
0.40903 0.09375
0.414960 0.09540
0.42087 0.09705
0.42671 0.0987
0.43244 0.10036
0.43807 0.10203
0.44358 0.10374
0.44898 0.10549
0.45427 0.10729
0.45946 0.10917
0.464560 0.11112
0.46957 0.11316
0.4744900 0.1152800
0.47934 0.11751
0.48411 0.11983
0.48881 0.12226
0.49343 0.12479
0.49797 0.12742
0.50240 0.13013
0.50669 0.13291
0.51077 0.1357
0.51456 0.13845
0.51795 0.14108
0.52087 0.14353
0.5233 0.14577
0.52529 0.14783
0.52691 0.14970
0.52848 0.1518
-Inserting Flap s1223rtl-
0.64245 0.29421
0.64211 0.29275
0.64163 0.29061
0.64091 0.28835
0.63983 0.28593
0.63838 0.28322
0.63652 0.28012
0.63423 0.27661
0.63154 0.27274
0.62853 0.2686
0.62528 0.26431
0.62186 0.259960
0.61835 0.25561
0.61476 0.25130
0.61111 0.24707
0.60741 0.24291
0.603620 0.23881
0.59975 0.23476
0.59577 0.23072
0.59167 0.22668
0.58744 0.22261
0.58311 0.2185
0.57869 0.21435
0.57423 0.21019
0.5698 0.20608
0.56545 0.20209
0.56125 0.19829
0.55724 0.19476
0.55345 0.19159
0.54985 0.18879
0.54637 0.18633
0.54296 0.18418
0.53958 0.18231
0.53621 0.18072
0.53285 0.179380
0.52949 0.17829
0.52616 0.17745
0.52288 0.17685
0.51972 0.17647
0.51674 0.1763
0.51402 0.17629
0.51162 0.17641
0.50954 0.17664
0.50774 0.17693
0.50619 0.17729
0.50486 0.17768
0.5037 0.1781
0.50269 0.17854
0.50181 0.17899
0.501050 0.17945
0.50039 0.179930
0.49982 0.18041
0.499340 0.18092
0.49895 0.18145
0.49868 0.18206
0.49863 0.182730
0.49883 0.1834
0.49924 0.18405
0.49978 0.184690
0.50044 0.18536
0.50124 0.186080
0.5022 0.18689
0.50337 0.18782
0.50482 0.18892
0.50666 0.190250
0.50901 0.1919
0.51201 0.193930
0.51565 0.19632
0.51979 0.19891
0.52431 0.20160
0.52917 0.20438
0.5343 0.20725
0.539610 0.210190
0.5450 0.21316
0.55037 0.21613
0.55567 0.21908
0.56087 0.22201
0.565950 0.22494
0.57092 0.22787
0.57577 0.23082
0.58051 0.23379
0.58513 0.236820
0.58964 0.23989
0.59404 0.24303
0.59834 0.24623
0.60254 0.24951
0.60665 0.25288
0.61066 0.25632
0.61457 0.25985
0.61838 0.26345
0.62207 0.267120
0.6256 0.27081
0.62894 0.27447
0.631990 0.27802
0.6346800 0.28136
0.63695 0.28441
0.6388 0.28716
0.64027 0.289610
0.6414 0.29181
0.64245 0.29421
*.*.Setup: s1223rtl.txt as Flap 1, Inverted: y, Scale = 1.0, AoA = 6.0, Reposition from (0,0) = (0, 0)*.*.
*.*.Setup: s1223rtl.txt as Flap 2, Inverted: y, Scale = 0.5, AoA = 25.0, Reposition from previous T.E. = (0.0, 0.1), Reposition from (0,0) = (0.9945, 0.2045)*.*.
*.*.Setup: s1223rtl.txt as Flap 3, Inverted: y, Scale = 0.5, AoA = 38.333333333333336, Reposition from previous T.E. = (-0.08, 0.08), Reposition from (0,0) = (1.3677, 0.4958)*.*.
*.*.Setup: Scale Ratio = 0.36505*.*.