0.36528 -0.03076
0.36448 -0.031510
0.36288 -0.03296
0.360510 -0.03511
0.35749 -0.03778
0.354010 -0.04079
0.3502 -0.04395
0.34624 -0.04705
0.34227 -0.049940
0.3383 -0.05261
0.33433 -0.0551
0.33038 -0.057440
0.32642 -0.059650
0.32248 -0.06177
0.31853 -0.06381
0.31459 -0.06576
0.31064 -0.06763
0.30671 -0.06943
0.30277 -0.07116
0.29884 -0.07283
0.29491 -0.07443
0.29098 -0.07598
0.28705 -0.07746
0.28312 -0.0789
0.2792 -0.08027
0.27528 -0.08159
0.27136 -0.08284
0.26744 -0.08403
0.26353 -0.08515
0.25961 -0.08622
0.2557 -0.08724
0.25179 -0.08821
0.24789 -0.08915
0.24398 -0.09007
0.24007 -0.09096
0.23617 -0.09181
0.23226 -0.09262
0.22836 -0.09339
0.22446 -0.0941
0.22056 -0.09476
0.21667 -0.09538
0.21277 -0.09595
0.20888 -0.09647
0.20498 -0.09695
0.20109 -0.09739
0.1972 -0.097790
0.193320 -0.09815
0.18943 -0.09848
0.18554 -0.09877
0.18166 -0.09902
0.17778 -0.09923
0.1739 -0.0994
0.17002 -0.09952
0.16614 -0.09960
0.16226 -0.09963
0.15839 -0.09962
0.15451 -0.09956
0.15064 -0.09945
0.14677 -0.09929
0.1429 -0.09909
0.13904 -0.09884
0.13517 -0.09854
0.13131 -0.09819
0.12745 -0.09779
0.12359 -0.09733
0.11973 -0.09684
0.11587 -0.0963
0.11202 -0.09573
0.10816 -0.0951200
0.10431 -0.09447
0.10046 -0.09376
0.09661 -0.09298
0.09276 -0.09213
0.08892 -0.09118
0.08508 -0.09015
0.08125 -0.08902
0.07741 -0.087810
0.07358 -0.08652
0.06976 -0.08513
0.06593 -0.08364
0.06211 -0.082030
0.0583 -0.08029
0.05449 -0.0784
0.05069 -0.07635
0.046890 -0.07414
0.04309 -0.07178
0.03931 -0.06926
0.03552 -0.0666
0.03175 -0.06379
0.02798 -0.06075
0.02422 -0.057420
0.02047 -0.05372
0.01674 -0.04957
0.01305 -0.04494
0.00953 -0.039960
0.00633 -0.03481
0.00359 -0.02967
0.00146 -0.02471
7e-05 -0.02012
-0.00043 -0.012440
0.00044 -0.00957
0.00206 -0.00749
0.00441 -0.00624
0.00734 -0.00573
0.01073 -0.00582
0.0144 -0.00635
0.01822 -0.00719
0.02206 -0.008190
0.0259 -0.00935
0.02973 -0.01064
0.03355 -0.01206
0.03738 -0.0136
0.04119 -0.01525
0.04501 -0.017
0.04882 -0.01884
0.05263 -0.020750
0.05643 -0.02271
0.06024 -0.02472
0.06404 -0.02675
0.06785 -0.02881
0.07165 -0.03087
0.07545 -0.032930
0.07926 -0.03498
0.08306 -0.037
0.08687 -0.039
0.09068 -0.04098
0.09448 -0.04292
0.09829 -0.04483
0.1021 -0.04671
0.10591 -0.04854
0.10973 -0.05034
0.11354 -0.05209
0.11736 -0.0538
0.12117 -0.05546
0.12499 -0.05708
0.12881 -0.05866
0.13263 -0.06018
0.13646 -0.061660
0.14028 -0.06309
0.14411 -0.06447
0.14794 -0.06579
0.15177 -0.06707
0.1556 -0.06828
0.15944 -0.06945
0.16328 -0.07055
0.16711 -0.0716
0.170960 -0.07259
0.1748 -0.07351
0.17864 -0.07438
0.18249 -0.075190
0.18634 -0.07596
0.19019 -0.07668
0.19404 -0.07735
0.1979 -0.07798
0.20175 -0.07855
0.20561 -0.07907
0.20947 -0.07951
0.21333 -0.07988
0.2172 -0.08018
0.22106 -0.080410
0.22493 -0.08057
0.22881 -0.08066
0.23268 -0.080670
0.23656 -0.0806200
0.240440 -0.0805
0.24432 -0.08030
0.2482 -0.08003
0.25209 -0.07967
0.25598 -0.07924
0.25988 -0.07872
0.26377 -0.07812
0.26767 -0.07744
0.27157 -0.07667
0.27548 -0.0758
0.27939 -0.07485
0.2833 -0.07379
0.28722 -0.07264
0.29114 -0.07138
0.29506 -0.07002
0.2989900 -0.06856
0.30292 -0.06702
0.30685 -0.06539
0.31078 -0.06369
0.31472 -0.06191
0.31866 -0.06005
0.3226 -0.05812
0.326550 -0.05611
0.3305 -0.05403
0.33445 -0.05186
0.3384 -0.04958
0.34236 -0.04717
0.34633 -0.0446
0.35027 -0.04189
0.35406 -0.03917
0.35754 -0.0366
0.36054 -0.03432
0.3629 -0.0325
0.36449 -0.03128
0.36528 -0.03076
-Inserting Flap Ga2-
0.51369 0.05495
0.51355 0.05453
0.51328 0.05371
0.51286 0.0525
0.51233 0.05098
0.511690 0.04925
0.51097 0.04741
0.51019 0.04556
0.50935 0.04377
0.508480 0.04207
0.50758 0.04043
0.506650 0.03884
0.5057 0.0373
0.50473 0.0358
0.50374 0.03432
0.50274 0.03287
0.50172 0.03145
0.5007 0.03006
0.499650 0.02869
0.4986 0.027340
0.49754 0.02602
0.49646 0.024720
0.49538 0.02344
0.49428 0.02217
0.49317 0.020930
0.49206 0.01971
0.490930 0.01851
0.48979 0.01734
0.48864 0.01618
0.48748 0.01505
0.4863 0.013940
0.485130 0.01284
0.48394 0.01175
0.48275 0.01067
0.48156 0.00961
0.48036 0.00855
0.47915 0.00751
0.477930 0.00648
0.47671 0.00548
0.47547 0.00449
0.474230 0.00352
0.4729700 0.00257
0.47171 0.00163
0.47044 0.0007
0.46917 -0.0002
0.46788 -0.0011000
0.4666 -0.00198
0.4653 -0.00285
0.46399 -0.0037
0.46268 -0.00454
0.4613700 -0.00537
0.46004 -0.006180
0.458710 -0.00698
0.45737 -0.00776
0.45602 -0.00852
0.45466 -0.00927
0.45329 -0.00999
0.45192 -0.01071
0.45053 -0.0114
0.44914 -0.01208
0.44774 -0.01275
0.44633 -0.01339
0.44491 -0.01402
0.44348 -0.01462
0.44204 -0.01522
0.4406 -0.01579
0.4391400 -0.01635
0.43768 -0.0169
0.43622 -0.01743
0.434740 -0.01795
0.43326 -0.01845
0.43176 -0.01892
0.43025 -0.01937
0.42872 -0.01978
0.42718 -0.02017
0.425620 -0.02052
0.42404 -0.02084
0.42245 -0.02113
0.42084 -0.02138
0.41922 -0.0216
0.41757 -0.021780
0.4159 -0.02191
0.4142 -0.02199
0.41247 -0.02201
0.41071 -0.02197
0.408930 -0.02188
0.40711 -0.02174
0.40527 -0.02154
0.40341 -0.02129
0.4015 -0.02096
0.39954 -0.02052
0.39751 -0.01995
0.3954 -0.01923
0.39321 -0.01832
0.39101 -0.01726
0.38889 -0.01608
0.38694 -0.01481
0.38523 -0.01349
0.38386 -0.01215
0.38219 -0.009570
0.38194 -0.00839
0.3821 -0.00735
0.38268 -0.00646
0.38361 -0.00571
0.38481 -0.005090
0.3862 -0.00456
0.3877 -0.00411
0.38924 -0.00372
0.3908 -0.00338
0.39239 -0.00309
0.39401 -0.00284
0.39564 -0.00264
0.3973 -0.00248
0.39897 -0.00235
0.40066 -0.00225
0.40237 -0.002180
0.40408 -0.002130
0.4058 -0.00209
0.40752 -0.00207
0.40925 -0.0020500
0.41098 -0.00203
0.41271 -0.00202
0.41444 -0.00199
0.41616 -0.00197
0.41788 -0.00193
0.4196 -0.00188
0.421310 -0.001820
0.42301 -0.00175
0.42471 -0.00167
0.4264 -0.00157
0.42808 -0.00146
0.42975 -0.00133
0.43142 -0.00119
0.43308 -0.00103
0.43473 -0.000860
0.43637 -0.000670
0.438 -0.00046
0.43963 -0.00024
0.44124 0.000010
0.44285 0.00026
0.44445 0.00054
0.44603 0.00084
0.44761 0.001160
0.44918 0.001490
0.45073 0.00185
0.452280 0.00223
0.45381 0.00263
0.45534 0.00305
0.45685 0.003490
0.45836 0.0039500
0.45985 0.00443
0.46134 0.004930
0.46282 0.00544
0.46429 0.00597
0.46575 0.00651
0.46719 0.00708
0.468630 0.00767
0.47005 0.00829
0.47146 0.00894
0.47286 0.00961
0.47425 0.0103
0.47562 0.01102
0.47698 0.01177
0.47832 0.01254
0.47966 0.01334
0.48098 0.01416
0.48228 0.01501
0.48357 0.01588
0.484850 0.016790
0.48611 0.01773
0.48736 0.01869
0.48859 0.01969
0.48981 0.02071
0.49101 0.02177
0.49219 0.02287
0.49335 0.02399
0.4945 0.02516
0.49562 0.02636
0.49673 0.02759
0.49783 0.02886
0.4989 0.03017
0.49996 0.0315
0.50101 0.03286
0.50204 0.034240
0.50306 0.03566
0.504060 0.0371
0.50505 0.03857
0.506030 0.040060
0.50699 0.04158
0.50793 0.04315
0.508850 0.04476
0.50974 0.04643
0.5106 0.04814
0.51139 0.04983
0.51211 0.0514
0.51272 0.05278
0.51319 0.05387
0.51351 0.05461
0.51369 0.05495
-Inserting Flap Ga2-
0.60037 0.17905
0.60037 0.17861
0.60036 0.17774
0.60034 0.17646
0.6003 0.17485
0.60023 0.173010
0.60011 0.17104
0.599940 0.16903
0.5997 0.16708
0.5994 0.16519
0.59905 0.16335
0.59865 0.16156
0.59822 0.15980
0.59776 0.15806
0.59728 0.15635
0.59678 0.15467
0.59625 0.153
0.5957 0.1513600
0.595130 0.14974
0.594550 0.148130
0.59395 0.14654
0.59332 0.14497
0.59269 0.14342
0.59204 0.14188
0.59137 0.14036
0.59068 0.13885
0.58998 0.13736
0.58926 0.13589
0.58852 0.13444
0.58777 0.133
0.587 0.13158
0.58622 0.13017
0.585420 0.12877
0.58463 0.12738
0.58382 0.126
0.5830 0.12462
0.582180 0.12326
0.58134 0.12191
0.58048 0.12057
0.57961 0.11925
0.57873 0.11794
0.57783 0.11665
0.57692 0.11536
0.576 0.11409
0.57507 0.11284
0.57413 0.11159
0.57317 0.11035
0.5722 0.10913
0.571230 0.10791
0.57024 0.10671
0.56925 0.10551
0.56824 0.10433
0.56721 0.10316
0.56618 0.10201
0.56513 0.10087
0.56407 0.09974
0.5630 0.09862
0.56191 0.097520
0.56081 0.09643
0.55969 0.09535
0.55856 0.094290
0.55742 0.09324
0.55626 0.0922
0.55509 0.09118
0.55391 0.09018
0.55271 0.08918
0.5515 0.0882
0.55028 0.08723
0.54905 0.08627
0.5478100 0.08532
0.54655 0.08439
0.54528 0.08347
0.54398 0.08258
0.542650 0.08172
0.5413 0.08088
0.53993 0.080060
0.53853 0.07927
0.5371 0.0785
0.53565 0.07776
0.53417 0.07705
0.53266 0.07637
0.53111 0.07573
0.52952 0.07513
0.52788 0.07458
0.5262 0.07407
0.524470 0.0736
0.52271 0.07318
0.5209 0.0728
0.51904 0.07246
0.517130 0.07219
0.51513 0.072
0.513020 0.07191
0.51079 0.07195
0.50843 0.07214
0.506010 0.07247
0.50363 0.07293
0.50138 0.07353
0.49935 0.07426
0.49763 0.07511
0.49524 0.07705
0.494640 0.07809
0.494470 0.07914
0.49475 0.08016
0.4954 0.08116
0.49635 0.08213
0.49751 0.08306
0.498790 0.083950
0.50014 0.0848
0.50152 0.0856
0.50294 0.08637
0.5044 0.0871
0.50589 0.0878
0.50742 0.08847
0.50897 0.0891
0.51055 0.08972
0.51215 0.09031
0.51376 0.09089
0.51538 0.09146
0.51702 0.09201
0.51866 0.092570
0.5203 0.09312
0.52194 0.09367
0.52357 0.09422
0.5252 0.09478
0.526830 0.09535
0.52844 0.09592
0.53005 0.09651
0.53165 0.0971
0.53324 0.0977
0.5348100 0.09832
0.53638 0.09894
0.53793 0.09958
0.53947 0.10023
0.54100 0.10089
0.542520 0.10157
0.54402 0.10226
0.54551 0.10296
0.54698 0.10368
0.54845 0.10441
0.54989 0.10515
0.55133 0.10591
0.55274 0.106680
0.55415 0.10747
0.55553 0.10827
0.5569 0.1091
0.55826 0.10993
0.55959 0.11079
0.56091 0.11166
0.56221 0.11255
0.5635 0.113450
0.564770 0.11437
0.56604 0.1153
0.56728 0.116240
0.56852 0.1172
0.56974 0.11817
0.570940 0.11916
0.57212 0.12016
0.57329 0.12119
0.57443 0.12224
0.57555 0.12331
0.57665 0.1244
0.57773 0.12551
0.5788 0.12664
0.57984 0.12779
0.58086 0.12895
0.58186 0.13014
0.58284 0.13136
0.5838 0.13259
0.58473 0.13385
0.58564 0.13513
0.58653 0.13643
0.5874 0.13776
0.58823 0.139110
0.58905 0.14049
0.58983 0.14189
0.59059 0.14332
0.59132 0.14478
0.59202 0.14628
0.5927 0.14779
0.59334 0.14934
0.59396 0.15091
0.59456 0.1525
0.59513 0.15412
0.59569 0.155760
0.59622 0.15742
0.59673 0.1591
0.59722 0.1608
0.59769 0.16252
0.598130 0.16427
0.59854 0.16605
0.59891 0.167870
0.599250 0.16973
0.59953 0.17162
0.59977 0.17347
0.59996 0.17519
0.60011 0.17669
0.600230 0.17787
0.6003 0.17867
0.60037 0.17905
*.*.Setup: Ga2.txt as Flap 1, Inverted: y, Scale = 1.0, AoA = -2.0, Reposition from (0,0) = (0, 0)*.*.
*.*.Setup: Ga2.txt as Flap 2, Inverted: y, Scale = 0.4, AoA = 27.0, Reposition from previous T.E. = (0.04, 0.07), Reposition from (0,0) = (1.0377, -0.014)*.*.
*.*.Setup: Ga2.txt as Flap 3, Inverted: y, Scale = 0.4, AoA = 45.0, Reposition from previous T.E. = (-0.06, 0.07), Reposition from (0,0) = (1.343, 0.2201)*.*.
*.*.Setup: Scale Ratio = 0.36614*.*.