0.36197 0.03804
0.359850 0.03593
0.35675 0.03284
0.35312 0.02981
0.34874 0.02688
0.34340 0.023860
0.33696 0.02062
0.32936 0.01715
0.32070 0.01349
0.311210 0.00973
0.30115 0.00597
0.29076 0.00228
0.280190 -0.00130
0.26956 -0.00473
0.2589 -0.00797
0.24822 -0.011020
0.23747 -0.0139
0.22662 -0.0166
0.2156100 -0.01915
0.2044 -0.02158
0.19294 -0.02394
0.18124 -0.02624
0.16937 -0.02852
0.15743 -0.030770
0.14558 -0.03297
0.13399 -0.03507
0.12285 -0.03698
0.11234 -0.03864
0.10258 -0.03994
0.09352 -0.04083
0.08503 -0.04126
0.07699 -0.04125
0.06931 -0.04079
0.06193 -0.03989
0.05484 -0.03855
0.04803 -0.03681
0.041510 -0.03467
0.03535 -0.03219
0.02961 -0.02945
0.02441 -0.02656
0.01983 -0.023680
0.01591 -0.02091
0.01263 -0.01831
0.00992 -0.01589
0.00769 -0.01365
0.005860 -0.01156
0.00436 -0.009620
0.00313 -0.00781
0.00213 -0.00611
0.00134 -0.004520
0.00073 -0.00301
0.00029 -0.00158
0.000055 -0.00022
-6e-05 0.0011
0.00013 0.0024
0.00075 0.00359
0.00182 0.00451
0.003190 0.00517
0.00479 0.005670
0.00662 0.00609
0.00874 0.00645
0.01122 0.00679
0.01418 0.00711
0.01779 0.00742
0.0223 0.007710
0.02803 0.00797
0.03525 0.00819
0.04393 0.008320
0.05367 0.00828
0.06416 0.008
0.0753 0.0075
0.08701 0.00686
0.09908 0.00614
0.11133 0.0054
0.12355 0.00468
0.135620 0.004
0.14751 0.00339
0.15920 0.0029
0.1707 0.00254
0.18202 0.00233
0.193170 0.0023
0.20418 0.00247
0.21506 0.00284
0.22582 0.00342
0.23649 0.00424
0.24707 0.00528
0.25757 0.00657
0.268 0.0081
0.27836 0.00987
0.28862 0.01188
0.29874 0.014120
0.30863 0.01657
0.31815 0.01919
0.32708 0.02191
0.33517 0.02467
0.342260 0.02739
0.3483 0.03004
0.35339 0.03261
0.35765 0.03510
0.36197 0.03804
-Inserting Flap s1223rtl-
0.52691 0.13315
0.52625 0.13181
0.52528 0.12984
0.52406 0.12782
0.52247 0.12572
0.52043 0.12342
0.51792 0.12084
0.51489 0.11796
0.51139 0.11482
0.50751 0.1115
0.50337 0.10809
0.49906 0.10465
0.49465 0.10124
0.490180 0.09789
0.48567 0.09462
0.48111 0.09144
0.47650 0.08833
0.47181 0.085290
0.46702 0.08229
0.46212 0.07931
0.45708 0.076330
0.45193 0.07334
0.44669 0.07033
0.44141 0.06732
0.43616 0.06435
0.43103 0.061480
0.42607 0.05876
0.42137 0.05626
0.41697 0.05406
0.41283 0.05217
0.40889 0.05058
0.40508 0.04928
0.40138 0.04824
0.39774 0.047470
0.39417 0.04694
0.39067 0.0466600
0.387240 0.04661
0.38392 0.04678
0.38077 0.04714
0.37784 0.047660
0.3752 0.04828
0.3729 0.04895
0.370930 0.04964
0.36925 0.05034
0.367830 0.051040
0.36663 0.05173
0.3656 0.05241
0.36472 0.05306
0.36398 0.0537
0.36334 0.05433
0.36281 0.05494
0.36237 0.05554
0.36202 0.05614
0.36176 0.05675
0.36164 0.0574
0.36175 0.058060
0.3621 0.05867
0.36264 0.05921
0.3633100 0.0597
0.36411 0.0602
0.36505 0.060720
0.36617 0.06128
0.36752 0.06191
0.36918 0.062650
0.37126 0.06352
0.37393 0.06457
0.37731 0.06586
0.38139 0.06733
0.386 0.06889
0.391 0.070470
0.39635 0.07205
0.40199 0.07365
0.40781 0.07528
0.413720 0.076920
0.41962 0.07857
0.42544 0.08021
0.43116 0.08186
0.43677 0.08353
0.44226 0.08523
0.44764 0.08698
0.45292 0.08878
0.4581 0.09065
0.463180 0.09259
0.46817 0.09462
0.4730800 0.0967400
0.47792 0.09896
0.48267 0.10128
0.48736 0.1037
0.49196 0.10622
0.49649 0.10884
0.500910 0.11155
0.50518 0.11432
0.50926 0.1171
0.51303 0.11985
0.51641 0.12246
0.51932 0.1249
0.52175 0.12714
0.52373 0.12919
0.52534 0.131060
0.52691 0.13315
-Inserting Flap s1223rtl-
0.65874 0.26968
0.65841 0.26822
0.65792 0.26609
0.6572 0.26384
0.65613 0.26142
0.65468 0.25872
0.65283 0.25563
0.65055 0.25213
0.64787 0.24827
0.64486 0.24415
0.64162 0.23987
0.63822 0.235530
0.63471 0.23119
0.63113 0.22690
0.6275 0.22268
0.6238 0.21853
0.620030 0.21445
0.61617 0.2104
0.6122 0.20638
0.60811 0.20235
0.6039 0.19829
0.59957 0.19419
0.59517 0.19006
0.59073 0.18591
0.58631 0.18181
0.58197 0.17783
0.57778 0.17404
0.57378 0.17053
0.57001 0.16737
0.56642 0.16457
0.56294 0.16212
0.55954 0.15997
0.55617 0.15811
0.55282 0.15652
0.54946 0.155190
0.54612 0.1541
0.5428 0.15327
0.53953 0.15267
0.53637 0.15229
0.5334 0.15212
0.5307 0.15211
0.5283 0.15223
0.52622 0.15245
0.52443 0.15275
0.52289 0.1531
0.52156 0.15349
0.5204 0.15391
0.5194 0.15435
0.51852 0.1548
0.517760 0.15526
0.5171 0.155730
0.51653 0.15622
0.516050 0.15672
0.51567 0.15726
0.5154 0.15786
0.51535 0.158530
0.51555 0.1592
0.51595 0.15985
0.51649 0.160490
0.51715 0.16115
0.51795 0.161870
0.51891 0.16268
0.52007 0.16361
0.52152 0.1647
0.52335 0.166030
0.5257 0.16767
0.52869 0.16970
0.53232 0.17207
0.53645 0.17466
0.54095 0.177350
0.54579 0.18012
0.55091 0.18297
0.55620 0.18590
0.561580 0.18887
0.56693 0.19183
0.57221 0.19477
0.5774 0.19769
0.582470 0.20061
0.58743 0.20353
0.59226 0.20647
0.59698 0.20944
0.60159 0.212450
0.60608 0.21552
0.61047 0.21865
0.61476 0.22184
0.61895 0.22511
0.62305 0.22847
0.62705 0.2319
0.63095 0.23542
0.63474 0.23901
0.63842 0.242660
0.64195 0.24634
0.64527 0.25
0.648310 0.25353
0.6509900 0.25686
0.65326 0.25991
0.6551 0.26264
0.65657 0.26510
0.6577 0.26728
0.65874 0.26968
*.*.Setup: s1223rtl.txt as Flap 1, Inverted: y, Scale = 1.0, AoA = 6.0, Reposition from (0,0) = (0, 0)*.*.
*.*.Setup: s1223rtl.txt as Flap 2, Inverted: y, Scale = 0.5, AoA = 25.0, Reposition from previous T.E. = (0.0, 0.05), Reposition from (0,0) = (0.9945, 0.1545)*.*.
*.*.Setup: s1223rtl.txt as Flap 3, Inverted: y, Scale = 0.5, AoA = 38.333333333333336, Reposition from previous T.E. = (-0.03, 0.065), Reposition from (0,0) = (1.4177, 0.4308)*.*.
*.*.Setup: Scale Ratio = 0.36397*.*.