0.35988 0.03783
0.357770 0.03572
0.35469 0.03265
0.35108 0.02964
0.34672 0.02672
0.341420 0.023720
0.33501 0.0205
0.32746 0.01705
0.318850 0.01341
0.309410 0.00968
0.29941 0.00594
0.28908 0.00226
0.278580 -0.00130
0.268 -0.0047
0.25741 -0.00792
0.24678 -0.010960
0.2361 -0.01381
0.22531 -0.0165
0.2143700 -0.01904
0.20322 -0.02146
0.19182 -0.0238
0.1802 -0.02609
0.16839 -0.02835
0.15652 -0.030590
0.14474 -0.03278
0.13322 -0.03486
0.12214 -0.03677
0.11169 -0.03842
0.10199 -0.03971
0.09298 -0.04059
0.08454 -0.04102
0.07654 -0.04101
0.06891 -0.04055
0.06157 -0.03966
0.05452 -0.03833
0.04775 -0.03659
0.041270 -0.03447
0.03515 -0.032
0.02944 -0.02928
0.02427 -0.02641
0.01971 -0.023540
0.01582 -0.02079
0.01256 -0.01821
0.00987 -0.0158
0.00765 -0.01357
0.005830 -0.0115
0.00434 -0.009560
0.00311 -0.00776
0.00212 -0.00608
0.00133 -0.004490
0.00072 -0.00299
0.00029 -0.00157
0.000055 -0.00022
-6e-05 0.00109
0.00013 0.00239
0.00075 0.00357
0.00181 0.00448
0.003170 0.00514
0.00476 0.005640
0.00658 0.00605
0.00869 0.00642
0.01115 0.00675
0.0141 0.00707
0.01769 0.00737
0.02218 0.007660
0.02787 0.00792
0.03505 0.00815
0.04367 0.008280
0.05336 0.00823
0.06379 0.00795
0.07487 0.00745
0.0865 0.00682
0.09851 0.00611
0.11069 0.00537
0.12283 0.00465
0.134840 0.00397
0.14666 0.00337
0.158280 0.00288
0.16972 0.00252
0.18097 0.00232
0.192060 0.00229
0.203 0.00245
0.21381 0.00282
0.22452 0.0034
0.23512 0.00421
0.24564 0.00525
0.25608 0.00653
0.26646 0.00805
0.27675 0.00981
0.28695 0.01181
0.29701 0.014040
0.30685 0.01647
0.31631 0.01908
0.32519 0.02179
0.33323 0.02452
0.340280 0.02723
0.34629 0.02986
0.35136 0.03243
0.35559 0.03490
0.35988 0.03783
-Inserting Flap s1223rtl-
0.51658 0.15543
0.51604 0.15404
0.51526 0.15201
0.51422 0.1499
0.51282 0.14768
0.51101 0.14523
0.50874 0.14246
0.50599 0.13935
0.5028 0.13593
0.49925 0.13231
0.49544 0.12857
0.49147 0.12479
0.48739 0.12103
0.48326 0.11732
0.47907 0.113690
0.47484 0.11015
0.47054 0.10667
0.46616 0.10325
0.46167 0.09987
0.45707 0.09649
0.45234 0.09311
0.4475 0.08969
0.44257 0.08626
0.4376 0.08282
0.43266 0.07943
0.42783 0.07613
0.42315 0.07301
0.41872 0.07013
0.41455 0.06757
0.41061 0.06533
0.406840 0.06342
0.40319 0.06180
0.399610 0.06046
0.39607 0.05937
0.39258 0.05855
0.38914 0.05796
0.38575 0.05761
0.38245 0.05749
0.37929 0.057580
0.37634 0.05784
0.37368 0.05822
0.37134 0.05869
0.36932 0.0592
0.3676 0.05975
0.36614 0.06032
0.36488 0.0609
0.363810 0.06148
0.36288 0.06205
0.36209 0.062620
0.36141 0.06319
0.36082 0.06375
0.36033 0.06431
0.35994 0.06487
0.35963 0.06545
0.35946 0.06608
0.3595 0.06675
0.3598 0.06738
0.36029 0.06796
0.36091 0.06851
0.36166 0.06907
0.362550 0.06966
0.3636 0.07032
0.36488 0.07106
0.36646 0.07193
0.36846 0.07297
0.371 0.07425
0.37424 0.07581
0.37815 0.077630
0.38258 0.07958
0.38741 0.08157
0.39257 0.0836
0.39801 0.08567
0.40364 0.08779
0.40935 0.08993
0.41505 0.092070
0.42067 0.0942
0.42619 0.096330
0.4316 0.09847
0.43689 0.10063
0.44207 0.102830
0.44714 0.10507
0.45211 0.107370
0.45697 0.10974
0.461750 0.11218
0.466420 0.11471
0.47102 0.117320
0.47553 0.12003
0.47996 0.12283
0.4843 0.12573
0.48855 0.12872
0.4927 0.13178
0.49669 0.13489
0.50049 0.13801
0.50399 0.14105
0.50711 0.14394
0.50978 0.1466
0.51199 0.14903
0.51378 0.15123
0.51521 0.15322
0.51658 0.15543
-Inserting Flap s1223rtl-
0.65898 0.29381
0.658730 0.29234
0.65838 0.29019
0.65779 0.28792
0.656870 0.28546
0.65559 0.2827
0.65392 0.27952
0.65186 0.27592
0.64942 0.27193
0.64668 0.26766
0.64371 0.26323
0.64058 0.25872
0.63735 0.25421
0.63405 0.249750
0.630690 0.24535
0.627260 0.24102
0.62375 0.23674
0.62015 0.23251
0.61644 0.22829
0.61262 0.22405
0.60867 0.21978
0.604620 0.21546
0.60048 0.2111
0.59631 0.20673
0.59217 0.20241
0.58809 0.19820
0.58415 0.1942
0.58039 0.19048
0.57682 0.18713
0.57342 0.18414
0.57012 0.18151
0.56686 0.17918
0.56363 0.17714
0.56039 0.17537
0.557140 0.17385
0.55388 0.17258
0.55063 0.17156
0.547420 0.17077
0.54431 0.17022
0.54137 0.16987
0.538690 0.16971
0.5363 0.16969
0.5342200 0.16979
0.532430 0.16998
0.53088 0.17024
0.529530 0.17056
0.52836 0.1709
0.52734 0.17128
0.52645 0.17168
0.52566 0.17209
0.52498 0.17252
0.52439 0.17297
0.52389 0.17344
0.52347 0.17395
0.52317 0.17453
0.52308 0.175190
0.52324 0.17587
0.5236 0.17654
0.5241 0.1772
0.52472 0.1779
0.52547 0.17866
0.52638 0.17952
0.52748 0.18051
0.528850 0.18168
0.53059 0.1831
0.53283 0.18487
0.53568 0.187050
0.53914 0.18962
0.54309 0.19243
0.54741 0.19535
0.55205 0.19838
0.55697 0.20151
0.56205 0.204730
0.56721 0.20798
0.57236 0.21122
0.57743 0.214450
0.5824 0.21765
0.58727 0.22084
0.59202 0.22403
0.59665 0.22723
0.60116 0.23045
0.60556 0.2337
0.60985 0.23701
0.61402 0.240360
0.61809 0.243780
0.62206 0.24727
0.62593 0.25084
0.6297 0.25448
0.63337 0.25819
0.63693 0.26198
0.64037 0.26582
0.64366 0.26967
0.64674 0.27349
0.64956 0.27718
0.65203 0.28064
0.65410 0.28379
0.65578 0.28661
0.65709 0.28913
0.658080 0.29137
0.65898 0.29381
*.*.Setup: s1223rtl.txt as Flap 1, Inverted: y, Scale = 1.0, AoA = 6.0, Reposition from (0,0) = (0, 0)*.*.
*.*.Setup: s1223rtl.txt as Flap 2, Inverted: y, Scale = 0.5, AoA = 30.0, Reposition from previous T.E. = (0.0, 0.075), Reposition from (0,0) = (0.9945, 0.1795)*.*.
*.*.Setup: s1223rtl.txt as Flap 3, Inverted: y, Scale = 0.5, AoA = 41.666666666666664, Reposition from previous T.E. = (0.02, 0.05), Reposition from (0,0) = (1.4475, 0.4795)*.*.
*.*.Setup: Scale Ratio = 0.36187*.*.