0.37094 0.00768
0.370220 0.00684
0.36876 0.005210
0.36659 0.00280
0.36385 -0.00021
0.36065 -0.003610
0.35715 -0.00719
0.3535 -0.01073
0.3498 -0.01406
0.34609 -0.01717
0.34237 -0.02009
0.33863 -0.02286
0.33488 -0.02551
0.33113 -0.02806
0.32738 -0.030530
0.32361 -0.03291
0.31984 -0.035210
0.316070 -0.03744
0.31229 -0.0396
0.30851 -0.04169
0.30472 -0.04372
0.300930 -0.04569
0.29713 -0.0476
0.29333 -0.04946
0.28953 -0.05126
0.28572 -0.0530
0.28191 -0.05468
0.27809 -0.05629
0.27427 -0.05783
0.27045 -0.05932
0.26662 -0.06076
0.26278 -0.06215
0.25895 -0.06351
0.25511 -0.06485000
0.25128 -0.06616
0.24743 -0.06743
0.24359 -0.06866
0.23974 -0.06984
0.235890 -0.07097
0.232040 -0.07205
0.22818 -0.07308
0.22432 -0.07407
0.22046 -0.075010
0.21659 -0.0759
0.21272 -0.07676
0.20885 -0.07757
0.20497 -0.07835
0.20109 -0.07908
0.19721 -0.07979
0.19333 -0.08045
0.18944 -0.08107
0.18556 -0.08165
0.181660 -0.08219
0.17777 -0.08268
0.17387 -0.08312
0.16997 -0.08352
0.16606 -0.08386
0.16215 -0.08416
0.15824 -0.08442
0.154330 -0.08462
0.15041 -0.08478
0.14649 -0.08489
0.14256 -0.08494
0.13863 -0.08495
0.1347 -0.0849
0.13076 -0.08481
0.12682 -0.08468
0.12288 -0.08451
0.11894 -0.0843
0.11499 -0.08405
0.111040 -0.08375
0.10708 -0.08337
0.10312 -0.08292
0.09915 -0.08237
0.09518 -0.08174
0.0912 -0.081020
0.08721 -0.0802
0.08322 -0.0793
0.079220 -0.07831
0.07522 -0.07721
0.0712 -0.076
0.06718 -0.07465
0.06314 -0.07315
0.0591 -0.07149
0.05504 -0.06967
0.05097 -0.067690
0.04689 -0.06556
0.0428 -0.06328
0.0387 -0.0608500
0.034590 -0.05819
0.03045 -0.05524
0.02629 -0.05191
0.0221 -0.04813
0.01789 -0.04385
0.01382 -0.039210
0.01005 -0.03437
0.00675 -0.02948
0.00409 -0.02472
0.0022 -0.02024
0.00088 -0.01257
0.00146 -0.009590
0.00287 -0.00732
0.0051 -0.00582
0.008 -0.0050
0.01141 -0.004720
0.01517 -0.00487
0.0191 -0.00531
0.02307 -0.00591
0.02706 -0.00667
0.03105 -0.00756
0.03505 -0.008590
0.03906 -0.00973
0.04308 -0.01099
0.0471 -0.01235
0.05113 -0.01380
0.05517 -0.01532
0.05921 -0.01689
0.06325 -0.01851
0.0673 -0.02015
0.07134 -0.02182
0.07539 -0.02349
0.07944 -0.02516
0.08348 -0.02682
0.08752 -0.02846
0.09157 -0.03007
0.09561 -0.03166
0.09965 -0.03321
0.10368 -0.034730
0.107720 -0.03621
0.11175 -0.03766
0.11577 -0.0390600
0.1198 -0.04042
0.12382 -0.04174
0.12784 -0.04301
0.13185 -0.04423
0.13587 -0.04541
0.13987 -0.04655
0.14388 -0.047630
0.147880 -0.04866
0.151880 -0.04965
0.15587 -0.05057
0.15987 -0.051450
0.16385 -0.05227
0.16784 -0.053040
0.17181 -0.05374
0.175790 -0.05439
0.17976 -0.05498
0.18373 -0.0555
0.187690 -0.05597
0.19165 -0.05638
0.1956 -0.05674
0.19955 -0.05706
0.2035 -0.05733
0.2074500 -0.05756
0.21139 -0.05773
0.21533 -0.05783
0.21926 -0.05787
0.223190 -0.05784
0.22711 -0.05773
0.23103 -0.05755
0.23494 -0.0573
0.23884 -0.056980
0.24275 -0.05659
0.24664 -0.05613
0.25054 -0.05559
0.25442 -0.05498
0.25831 -0.05429
0.26218 -0.05353
0.26605 -0.05268
0.269920 -0.05175
0.27377 -0.05073
0.27763 -0.04963
0.28147 -0.04844
0.285310 -0.04716
0.28915 -0.04578
0.292970 -0.044310
0.29679 -0.04273
0.3006 -0.04105
0.30441 -0.03926
0.3082100 -0.03738
0.312 -0.03541
0.315790 -0.03336
0.31957 -0.031230
0.32334 -0.02902
0.32711 -0.02673
0.330880 -0.02437
0.33463 -0.02194
0.33839 -0.01942
0.34214 -0.016820
0.34588 -0.0141
0.34961 -0.01126
0.35333 -0.00825
0.35701 -0.00511
0.36054 -0.00197
0.36376 0.00099
0.36654 0.0036
0.36873 0.00568
0.3702 0.00708
0.37094 0.00768
-Inserting Flap Ga2-
0.50879 0.098140
0.50866 0.09771
0.50838 0.096880
0.50796 0.09566
0.50741 0.09412
0.50677 0.09237
0.50604 0.090510
0.50525 0.08863
0.50441 0.08683
0.50353 0.0851
0.50261 0.08344
0.50167 0.08184
0.50071 0.08028
0.49972 0.07875
0.49873 0.07726
0.49771 0.07579
0.49668 0.07435
0.49564 0.07294
0.49459 0.07156
0.49352 0.0702
0.49245 0.06886
0.49136 0.06754
0.49026 0.06624
0.48915 0.06496
0.48803 0.06371
0.4869 0.06247
0.48576 0.06126
0.48460 0.06007
0.48344 0.0589
0.48226 0.05776
0.48108 0.05663
0.47988 0.05552
0.47869 0.05442
0.477480 0.05332
0.47627 0.05224
0.47506 0.05118
0.47383 0.05012
0.4726 0.04909
0.47136 0.04807
0.47011 0.047070
0.46885 0.04608
0.46759 0.04512
0.46631 0.04417
0.46503 0.04323
0.463730 0.04231
0.46244 0.04141
0.46113 0.04052
0.45982 0.03964
0.4585 0.03878
0.45717 0.03793
0.45584 0.03709
0.4545 0.03627
0.45315 0.03546
0.45179 0.03467
0.45042 0.0339
0.449050 0.03314
0.44766 0.03241
0.446270 0.03168
0.444870 0.03098
0.44346 0.03029
0.44204 0.02962
0.44062 0.02897
0.439180 0.02834
0.43773 0.02772
0.4362800 0.027120
0.43482 0.026540
0.43334 0.02597
0.43187 0.02542
0.430380 0.02488
0.42889 0.02435
0.42739 0.02385
0.42587 0.02337
0.42434 0.02292
0.4228 0.02250
0.42123 0.02211
0.41966 0.02175
0.41806 0.02143
0.41645 0.02114
0.4148200 0.02088
0.41318 0.02066
0.41151 0.02048
0.40982 0.02034
0.4081 0.02027
0.40635 0.02024
0.40457 0.02028
0.40276 0.02037
0.40093 0.02052
0.39906 0.02072
0.39717 0.02098
0.395240 0.02131
0.39326 0.02175
0.39121 0.02233
0.38907 0.02306
0.38686 0.02398
0.38463 0.02505
0.38249 0.02625
0.3805100 0.02753
0.37878 0.02887
0.37739 0.03022
0.3757 0.03284
0.37545 0.03403
0.37561 0.03509
0.3762 0.03599
0.37714 0.03674
0.378350 0.03737
0.37976 0.03791
0.38128 0.03836
0.38283 0.03876
0.38442 0.0391
0.38603 0.0394
0.38766 0.03965
0.38932 0.039850
0.39099 0.04002
0.392690 0.04014
0.3944 0.04024
0.39612 0.04031
0.39785 0.04037
0.39960 0.0404
0.40134 0.04043
0.40309 0.04045
0.40484 0.04046
0.40659 0.04048
0.40834 0.0405
0.41009 0.04053
0.41183 0.04057
0.41356 0.04062
0.41529 0.04068
0.41702 0.04075
0.41873 0.04083
0.420440 0.04093
0.42215 0.04104
0.42384 0.04117
0.42553 0.041320
0.42721 0.04148
0.42888 0.04165
0.43054 0.04184
0.43219 0.04205
0.43383 0.04228
0.43547 0.04253
0.4371 0.04279
0.43871 0.04307
0.4403200 0.043370
0.44191 0.04369
0.4435 0.04403
0.445080 0.0444
0.44664 0.04478
0.44819 0.04518
0.44974 0.04561
0.45127 0.04606
0.45279 0.04652
0.45430 0.04701
0.455810000 0.04751
0.4573 0.0480300
0.45879 0.04856
0.46027 0.04911
0.46174 0.04969
0.46319 0.05029
0.464630 0.05092
0.46606 0.05157
0.46747 0.052250
0.46887 0.052950
0.47026 0.05368
0.47164 0.05443
0.473 0.05521
0.47435 0.05602
0.47569 0.05685
0.47701 0.05771
0.47831 0.05860
0.47961 0.05952
0.480880 0.06046
0.48215 0.06144
0.48339 0.06245
0.48462 0.06349
0.48584 0.06456
0.48703 0.06567
0.48821 0.06681
0.48937 0.06798
0.49051 0.0692
0.49163 0.07045
0.49274 0.07174
0.49383 0.07305
0.4949 0.0744
0.49596 0.07578
0.497 0.07718
0.49803 0.07861
0.49905 0.08007
0.50005 0.08156
0.50104 0.08307
0.50202 0.08461
0.50297 0.0862
0.5039 0.08783
0.5048 0.08951
0.50566 0.09125
0.50647 0.09295
0.5072 0.09455
0.50781 0.0959400
0.50829 0.09705
0.50862 0.0978
0.50879 0.098140
-Inserting Flap Ga2-
0.61505 0.22003
0.61505 0.21959
0.61504 0.21871
0.61502 0.21742
0.61498 0.21579
0.614910 0.21392
0.61479 0.21193
0.61462 0.2099
0.61438 0.20792
0.614070 0.20601
0.61372 0.20415
0.61332 0.20233
0.612880 0.20055
0.61242 0.1988
0.61193 0.19707
0.61142 0.19536
0.61088 0.19368
0.61033 0.19201
0.60976 0.190370
0.60916 0.18874
0.60855 0.187140
0.607930 0.18555
0.60728 0.18397
0.60662 0.18242
0.60594 0.18088
0.60525 0.17935
0.60454 0.17784
0.60381 0.17636
0.60306 0.17489
0.6023 0.17343
0.60152 0.1720
0.60073 0.170570
0.59993 0.16915
0.59912 0.167740
0.59831 0.16634
0.59748 0.16495
0.59664 0.16357
0.59579 0.1622
0.59493 0.16085
0.59405 0.15951
0.59315 0.15819
0.59224 0.15688
0.59132 0.15558
0.59039 0.15429
0.589450 0.15302
0.58849 0.15176
0.58753 0.15051
0.58655 0.14927
0.58556 0.14804
0.58456 0.14682
0.58355 0.14561
0.58253 0.14441
0.5815 0.14323
0.580450 0.14206
0.57939 0.1409
0.57832 0.13976
0.57723 0.13863
0.57613 0.13752
0.57501 0.13641
0.57388 0.13532
0.57274 0.13425
0.571590 0.13319
0.57042 0.13214
0.56923 0.13111
0.56803 0.13009
0.56682 0.129080
0.5656 0.12809
0.56436 0.12711
0.56312 0.12613
0.56186 0.12517
0.56059 0.12423
0.55929 0.1233
0.55798 0.1224
0.55664 0.12152
0.55527 0.12067
0.553880 0.11985
0.55246 0.11905
0.55102 0.11827
0.54955 0.11752
0.54806 0.1168
0.54653 0.11611
0.54496 0.115460
0.54335 0.11486
0.54169 0.1143
0.53999 0.11378
0.53824 0.11331
0.53645 0.112880
0.53462 0.11250
0.53274 0.112160
0.5308 0.11188
0.52878 0.11169
0.52665 0.1116
0.52439 0.11164
0.522 0.11183
0.51955 0.11216
0.517140 0.11263
0.51486 0.11324
0.51281 0.11398
0.51107 0.11484
0.50865 0.1168100
0.50804 0.11786
0.50787 0.11891
0.50815 0.11995
0.50881 0.12096
0.50977 0.12194
0.51095 0.12288
0.51225 0.12378
0.513610 0.12464
0.51501 0.12546
0.51645 0.12624
0.51792 0.12698
0.51943 0.12768
0.52098 0.128360
0.52255 0.129
0.52415 0.12962
0.52576 0.130220
0.52740 0.13081
0.52904 0.13138
0.53069 0.13195
0.53235 0.1325
0.53401 0.13306
0.53567 0.13362
0.53733 0.13418
0.53898 0.13475
0.54062 0.13532
0.54226 0.1359
0.54389 0.136490
0.5455 0.137090
0.54711 0.13771
0.5487 0.13833
0.55029 0.13896
0.55186 0.13961
0.55342 0.14026
0.55497 0.14093
0.5565 0.14162
0.55802 0.14231
0.55953 0.14303
0.56102 0.14375
0.5625 0.1444900
0.56397 0.14524
0.565420 0.14601
0.56685 0.14679
0.56827 0.147590
0.56967 0.1484
0.571060 0.149230
0.57243 0.15008
0.57378 0.15095
0.57512 0.15183
0.57644 0.15273
0.57774 0.15364
0.57903 0.15457
0.5803 0.15551
0.58157 0.15647
0.58282 0.15743
0.58405 0.158420
0.58527 0.159420
0.58647 0.16044
0.587640 0.16148
0.5888 0.16254
0.58993 0.16362
0.59105 0.16473
0.59214 0.16585
0.59322 0.16699
0.59428 0.16815
0.59531 0.16933
0.59632 0.17054
0.59731 0.171770
0.59828 0.173010
0.59923 0.17429
0.60015 0.17558
0.60105 0.1769
0.60192 0.17824
0.60277 0.17961
0.6036 0.18101
0.60439 0.18243
0.60516 0.18388
0.60590 0.18536
0.60661 0.18687
0.60729 0.1884
0.60794 0.18997
0.60857 0.19156
0.60917 0.19317
0.60976 0.1948
0.61031 0.19646
0.61085 0.19814
0.61137 0.19984
0.61187 0.20156
0.61234 0.20331
0.61279 0.20508
0.6132 0.20688
0.61358 0.20872
0.61392 0.2106
0.61421 0.21251
0.61445 0.21439
0.61464 0.21613
0.6148 0.21764
0.61491 0.21885
0.614990 0.21966
0.61505 0.22003
*.*.Setup: Ga2.txt as Flap 1, Inverted: y, Scale = 1.0, AoA = 4.0, Reposition from (0,0) = (0, 0)*.*.
*.*.Setup: Ga2.txt as Flap 2, Inverted: y, Scale = 0.4, AoA = 27.0, Reposition from previous T.E. = (0.0067, 0.08), Reposition from (0,0) = (1.0077, 0.1007)*.*.
*.*.Setup: Ga2.txt as Flap 3, Inverted: y, Scale = 0.4, AoA = 45.0, Reposition from previous T.E. = (-0.01, 0.06), Reposition from (0,0) = (1.363, 0.3248)*.*.
*.*.Setup: Scale Ratio = 0.37058*.*.