0.38545 -0.03246
0.3846 -0.033250
0.38291 -0.03478
0.38040 -0.03705
0.37723 -0.03987
0.373540 -0.04304
0.36953 -0.04637
0.36535 -0.04964
0.36116 -0.052690
0.35697 -0.05552
0.35279 -0.05814
0.34861 -0.060610
0.34444 -0.062950
0.34027 -0.06518
0.33611 -0.06733
0.33195 -0.06939
0.32779 -0.07136
0.32363 -0.07326
0.31948 -0.07509
0.31533 -0.07685
0.31118 -0.07854
0.30704 -0.08017
0.30289 -0.08174
0.29875 -0.08325
0.29461 -0.0847
0.29047 -0.08609
0.28634 -0.08741
0.2822 -0.08867
0.27807 -0.08985
0.27394 -0.09098
0.26982 -0.09205
0.26569 -0.09308
0.26157 -0.09407
0.25744 -0.09504
0.25332 -0.09598
0.2492 -0.09688
0.24508 -0.09773
0.24096 -0.09854
0.23685 -0.09929
0.23274 -0.09999
0.22862 -0.10064
0.22451 -0.10124
0.2204 -0.1018
0.2163 -0.1023
0.21219 -0.10277
0.20809 -0.103190
0.203990 -0.10357
0.19988 -0.10391
0.19578 -0.10422
0.19169 -0.10448
0.18759 -0.1047
0.18349 -0.10488
0.1794 -0.10501
0.17531 -0.10510
0.17122 -0.10513
0.16713 -0.10511
0.16304 -0.10505
0.15895 -0.10494
0.15487 -0.10477
0.15079 -0.10456
0.14671 -0.10429
0.14263 -0.10398
0.13855 -0.10361
0.13448 -0.10318
0.13041 -0.10271
0.12634 -0.10218
0.12227 -0.10162
0.1182 -0.10101
0.11413 -0.1003700
0.11007 -0.09968
0.106 -0.09893
0.10194 -0.09811
0.09788 -0.09721
0.09383 -0.09621
0.08978 -0.09512
0.08573 -0.09394
0.08169 -0.092660
0.07764 -0.09129
0.07361 -0.08983
0.06957 -0.08825
0.06554 -0.086560
0.06152 -0.08472
0.0575 -0.08273
0.05348 -0.08056
0.049480 -0.07823
0.04547 -0.07574
0.04148 -0.07308
0.03748 -0.07028
0.0335 -0.06731
0.02952 -0.06411
0.02556 -0.060590
0.0216 -0.05669
0.01767 -0.05231
0.01377 -0.04742
0.01006 -0.042160
0.00668 -0.03673
0.00379 -0.0313
0.00154 -0.02608
8e-05 -0.02123
-0.00046 -0.013130
0.00047 -0.0101
0.00218 -0.0079
0.00465 -0.00658
0.00775 -0.00605
0.01132 -0.00614
0.0152 -0.0067
0.01923 -0.00758
0.02328 -0.008650
0.02733 -0.00986
0.03137 -0.01122
0.03541 -0.01272
0.03944 -0.01435
0.04347 -0.01609
0.04749 -0.01794
0.05151 -0.01988
0.05553 -0.021890
0.05955 -0.02397
0.06356 -0.02608
0.06758 -0.02823
0.07159 -0.0304
0.07561 -0.03258
0.07962 -0.034750
0.08363 -0.03691
0.08765 -0.03904
0.09166 -0.04116
0.09568 -0.04324
0.0997 -0.04529
0.10372 -0.04731
0.10774 -0.04928
0.11176 -0.05122
0.11578 -0.05311
0.11981 -0.05496
0.12383 -0.05677
0.12786 -0.05852
0.13189 -0.06023
0.13592 -0.06189
0.13996 -0.0635
0.14399 -0.065060
0.14803 -0.06657
0.15206 -0.06803
0.15611 -0.06942
0.16015 -0.07077
0.16419 -0.07205
0.16824 -0.07328
0.17229 -0.07445
0.17634 -0.07555
0.180390 -0.07659
0.18445 -0.07757
0.1885 -0.07848
0.19256 -0.079340
0.19662 -0.08015
0.20069 -0.08091
0.20475 -0.08162
0.20882 -0.08228
0.21289 -0.08289
0.21696 -0.08343
0.22103 -0.0839
0.22511 -0.08429
0.22918 -0.08461
0.23326 -0.084850
0.23735 -0.08501
0.24143 -0.08511
0.24552 -0.085130
0.24961 -0.0850700
0.253710 -0.08494
0.2578 -0.084730
0.2619 -0.08444
0.26601 -0.08407
0.27011 -0.08361
0.27422 -0.08307
0.27833 -0.08243
0.28245 -0.08171
0.28656 -0.0809
0.29068 -0.07999
0.29481 -0.07898
0.29894 -0.07787
0.30307 -0.07665
0.30721 -0.07532
0.31134 -0.07388
0.3154900 -0.07235
0.31963 -0.07072
0.32378 -0.069
0.32794 -0.0672
0.33209 -0.06532
0.33625 -0.06336
0.34041 -0.06133
0.344570 -0.05921
0.34874 -0.05702
0.35291 -0.05472
0.35708 -0.05232
0.36126 -0.04977
0.36544 -0.04706
0.3696 -0.04421
0.3736 -0.04134
0.37727 -0.03862
0.38043 -0.03622
0.38293 -0.0343
0.38461 -0.033
0.38545 -0.03246
-Inserting Flap Ga2-
0.50341 0.05412
0.50326 0.05368
0.50297 0.05281
0.50253 0.05153
0.50197 0.04993
0.50130 0.0481
0.50054 0.04616
0.49971 0.04421
0.49883 0.04233
0.497910 0.04053
0.49696 0.0388
0.495980 0.03712
0.49497 0.0355
0.49395 0.03391
0.49291 0.03235
0.49185 0.03082
0.49078 0.02932
0.4897 0.02785
0.48860 0.02641
0.48749 0.024990
0.48636 0.02359
0.48523 0.022220
0.48408 0.02087
0.48293 0.01953
0.48176 0.018220
0.48058 0.01694
0.479390 0.01567
0.47819 0.01443
0.47697 0.01321
0.47575 0.01202
0.47451 0.010840
0.473270 0.00968
0.47202 0.00854
0.47076 0.0074
0.4695 0.00627
0.46823 0.00516
0.46696 0.00406
0.465670 0.00298
0.46438 0.00192
0.46308 0.00087
0.461760 -0.00015
0.4604400 -0.00116
0.45911 -0.00215
0.45777 -0.00312
0.45643 -0.00408
0.45507 -0.00502000
0.45371 -0.00595
0.45234 -0.00687
0.45097 -0.00777
0.44959 -0.00866
0.448200 -0.00953
0.4468 -0.010380
0.445390 -0.01122
0.44398 -0.01205
0.44255 -0.01285
0.44112 -0.01364
0.43968 -0.01441
0.43822 -0.01516
0.43676 -0.0159
0.43529 -0.01661
0.43382 -0.01731
0.43233 -0.01799
0.43083 -0.01865
0.42932 -0.01929
0.4278 -0.01992
0.42628 -0.02052
0.4247500 -0.02112
0.42321 -0.02169
0.42166 -0.02226
0.42010 -0.0228
0.41853 -0.02333
0.41696 -0.02383
0.41536 -0.0243
0.41375 -0.02474
0.41212 -0.02514
0.410470 -0.02551
0.40881 -0.02585
0.40713 -0.02616
0.40543 -0.02643
0.40372 -0.02666
0.40198 -0.026850
0.40021 -0.02698
0.39842 -0.02707
0.3966 -0.02709
0.39474 -0.02705
0.392860 -0.02695
0.39095 -0.0268
0.38901 -0.02659
0.38704 -0.02633
0.38502 -0.02598
0.38296 -0.02552
0.38082 -0.02492
0.37859 -0.02415
0.37628 -0.02319
0.37396 -0.02207
0.37172 -0.02083
0.36966 -0.01949
0.36786 -0.0181
0.36641 -0.01669
0.36465 -0.013960
0.36439 -0.01272
0.36456 -0.01162
0.36517 -0.01068
0.36615 -0.00989
0.36742 -0.009230
0.36888 -0.00867
0.37046 -0.0082
0.37209 -0.00779
0.37374 -0.00743
0.37542 -0.00712
0.37712 -0.00686
0.37884 -0.00665
0.38059 -0.00648
0.38236 -0.00634
0.38414 -0.00624
0.38594 -0.006170
0.38774 -0.006110
0.38956 -0.00607
0.39138 -0.00605
0.39321 -0.0060300
0.39503 -0.00601
0.39686 -0.00599
0.39868 -0.00597
0.4005 -0.00594
0.40231 -0.0059
0.40412 -0.00585
0.405930 -0.005790
0.40772 -0.00571
0.40951 -0.00562
0.4113 -0.00552
0.41307 -0.0054
0.41484 -0.00527
0.4166 -0.00512
0.41835 -0.00495
0.42009 -0.004770
0.42182 -0.004570
0.42354 -0.00435
0.42526 -0.00411
0.42696 -0.003860
0.42866 -0.00358
0.43034 -0.00329
0.43202 -0.00298
0.43368 -0.002640
0.43533 -0.002290
0.43698 -0.00191
0.438610 -0.00151
0.44023 -0.00109
0.44183 -0.00064
0.44343 -0.000180
0.44502 0.0003100
0.4466 0.00081
0.44816 0.001340
0.44972 0.00188
0.45128 0.00243
0.45282 0.00301
0.45435 0.00361
0.455860 0.00424
0.45736 0.00489
0.45885 0.00557
0.46033 0.00628
0.46179 0.00701
0.46323 0.00777
0.46467 0.00856
0.46609 0.00937
0.4675 0.01021
0.46889 0.01108
0.47027 0.01197
0.47163 0.0129
0.472980 0.013850
0.47431 0.01484
0.47562 0.01586
0.47692 0.01691
0.47821 0.01799
0.47947 0.01911
0.48072 0.02026
0.48195 0.02145
0.48316 0.02268
0.48434 0.02395
0.48552 0.02525
0.48667 0.02659
0.4878 0.02797
0.48892 0.02937
0.49002 0.03081
0.49111 0.032270
0.49219 0.03376
0.493250 0.03528
0.49429 0.03683
0.495330 0.038410
0.49634 0.04002
0.49733 0.04167
0.49830 0.04337
0.49924 0.04513
0.50014 0.04693
0.50098 0.04871
0.50174 0.05038
0.50238 0.05183
0.50288 0.05298
0.50322 0.05376
0.50341 0.05412
-Inserting Flap Ga2-
0.59487 0.18507
0.59487 0.1846
0.59486 0.18369
0.59484 0.18234
0.59479 0.18064
0.59472 0.17870
0.5946 0.17661
0.594420 0.1745
0.59416 0.17244
0.59385 0.17044
0.59347 0.1685
0.59306 0.16661
0.5926 0.164750
0.59212 0.16292
0.59161 0.16112
0.59108 0.15934
0.59052 0.15758
0.58995 0.1558500
0.589350 0.15414
0.588730 0.152440
0.58809 0.15077
0.58744 0.14911
0.58677 0.14747
0.58608 0.14585
0.58537 0.14424
0.58465 0.14265
0.58391 0.14108
0.58315 0.13953
0.58237 0.138
0.58157 0.13648
0.58076 0.13498
0.57994 0.13349
0.57910 0.13202
0.57826 0.13055
0.57741 0.12909
0.576550 0.12763
0.575670 0.1262
0.57479 0.12477
0.57388 0.12336
0.57297 0.12197
0.57204 0.12059
0.57109 0.11922
0.57013 0.11787
0.56916 0.11653
0.56817 0.1152
0.56718 0.11389
0.56617 0.11258
0.56515 0.11129
0.564120 0.11001
0.56308 0.10873
0.56203 0.10747
0.56096 0.10623
0.55989 0.10499
0.55879 0.10377
0.55769 0.10257
0.55657 0.10138
0.555430 0.1002
0.55429 0.099040
0.55312 0.09788
0.55195 0.09675
0.55076 0.095630
0.54955 0.09452
0.54833 0.09343
0.5471 0.09235
0.54585 0.09129
0.54458 0.09024
0.54331 0.08921
0.54202 0.08818
0.54072 0.08717
0.5394100 0.08617
0.53808 0.08518
0.53674 0.08422
0.53537 0.08328
0.533970 0.08236
0.53254 0.08148
0.53109 0.080610
0.52962 0.07978
0.52811 0.07897
0.52658 0.07819
0.52502 0.07744
0.52343 0.07672
0.52179 0.07605
0.52011 0.07541
0.51838 0.07483
0.51661 0.07429
0.514790 0.0738
0.51292 0.07336
0.51101 0.07295
0.50905 0.0726
0.507030 0.07231
0.50492 0.07211
0.50270 0.07202
0.50035 0.07206
0.49785 0.07225
0.49530 0.0726
0.49279 0.0731
0.49042 0.07373
0.48827 0.0745
0.48646 0.07539
0.48394 0.07744
0.483310 0.07854
0.483130 0.07964
0.48342 0.08072
0.48411 0.08178
0.48511 0.0828
0.48633 0.08378
0.487690 0.084720
0.48911 0.08561
0.49057 0.08646
0.49207 0.08728
0.49361 0.08805
0.49518 0.08878
0.49679 0.08949
0.49843 0.09016
0.50009 0.09081
0.50178 0.09143
0.50348 0.09204
0.5052 0.09264
0.50692 0.09323
0.50865 0.093810
0.51038 0.09439
0.51211 0.09497
0.51384 0.09556
0.51556 0.09615
0.517270 0.09675
0.51898 0.09735
0.52067 0.09797
0.52236 0.0986
0.52403 0.09923
0.525700 0.09988
0.52735 0.10054
0.52899 0.10122
0.53061 0.1019
0.5322300 0.1026
0.533830 0.10331
0.53541 0.10404
0.53698 0.10478
0.53854 0.10553
0.54008 0.1063
0.54161 0.10709
0.54312 0.10789
0.54462 0.108710
0.5461 0.10954
0.54756 0.11039
0.549 0.11125
0.55043 0.11214
0.55184 0.11304
0.55323 0.11396
0.55461 0.1149
0.55597 0.115850
0.557310 0.11682
0.55864 0.1178
0.55996 0.118790
0.56126 0.1198
0.56255 0.12083
0.563820 0.12187
0.56507 0.12293
0.56629 0.12402
0.5675 0.12513
0.56868 0.12625
0.56984 0.1274
0.57099 0.12857
0.57211 0.12976
0.57321 0.13098
0.57429 0.13221
0.57534 0.13346
0.57637 0.13474
0.57739 0.13604
0.57837 0.13737
0.57933 0.13872
0.58027 0.1401
0.58118 0.1415
0.58206 0.142920
0.58292 0.14438
0.58375 0.14586
0.58455 0.14737
0.58532 0.14891
0.58606 0.15048
0.58677 0.15209
0.58745 0.15372
0.58811 0.15537
0.58874 0.15706
0.58935 0.15876
0.58993 0.160490
0.59049 0.16224
0.59103 0.16401
0.59155 0.16581
0.59204 0.16763
0.592510 0.16947
0.59294 0.17135
0.59334 0.173270
0.593690 0.17523
0.59399 0.17723
0.59424 0.17918
0.59444 0.18099
0.5946 0.18257
0.594720 0.18383
0.5948 0.18467
0.59487 0.18507
*.*.Setup: Ga2.txt as Flap 1, Inverted: y, Scale = 1.0, AoA = -2.0, Reposition from (0,0) = (0, 0)*.*.
*.*.Setup: Ga2.txt as Flap 2, Inverted: y, Scale = 0.4, AoA = 27.0, Reposition from previous T.E. = (-0.06, 0.06), Reposition from (0,0) = (0.9377, -0.024)*.*.
*.*.Setup: Ga2.txt as Flap 3, Inverted: y, Scale = 0.4, AoA = 45.0, Reposition from previous T.E. = (-0.06, 0.07), Reposition from (0,0) = (1.243, 0.2101)*.*.
*.*.Setup: Scale Ratio = 0.38634*.*.