0.37535 0.05945
0.37324 0.057130
0.37019 0.05374
0.36657 0.05038
0.36215 0.04708
0.35675 0.04364
0.35021 0.03991
0.34248 0.03588
0.33365 0.031590
0.32396 0.02715
0.31368 0.02268
0.30304 0.01826
0.29222 0.01395
0.28133 0.0098
0.27039 0.00584
0.25941 0.00207
0.24837 -0.00151
0.2372 -0.00492
0.22586 -0.00818
0.2143 -0.01133
0.20248 -0.01441
0.19041 -0.01746
0.17816 -0.02048
0.16583 -0.02348
0.1536 -0.02642
0.14163 -0.02924
0.13012 -0.031850
0.11925 -0.03415
0.10914 -0.03604
0.09974 -0.03746
0.09092 -0.03838
0.08253 -0.0388
0.07449 -0.03874
0.06676 -0.03820
0.05929 -0.0372
0.05209 -0.03575
0.04518 -0.03388
0.03862 -0.03163
0.03249 -0.02909
0.0269 -0.02636
0.02197 -0.023610
0.017730 -0.02093
0.01417 -0.0184
0.011210 -0.01603
0.00877 -0.01381
0.006750 -0.011740
0.00507 -0.00979
0.00369 -0.00797
0.00256 -0.00626
0.00164 -0.0046400
0.00092 -0.0031
0.00039 -0.001630
0.000086 -0.00023
-0.00013 0.00114000
0.000005 0.00251
0.00059 0.003790
0.00165 0.0048
0.00304 0.00556
0.00468 0.00618
0.00657 0.006710
0.00876 0.00721
0.01133 0.0077
0.01439 0.00819
0.01815 0.00871
0.02284 0.00925
0.0288 0.00984
0.03631 0.01047
0.04535 0.01108
0.05551 0.01156
0.066460 0.01184
0.078110 0.01193
0.09034 0.0119
0.102980 0.01182
0.11579 0.01172
0.12857 0.01163
0.14119 0.01158
0.153620 0.0116
0.16584 0.01172
0.17785 0.011970
0.189660 0.01238
0.20129 0.01296
0.21276 0.01373
0.22408 0.01471
0.2352700 0.01591
0.24635 0.01734
0.25732 0.01901
0.26821 0.02093
0.2790 0.02309
0.2897 0.0255
0.30029 0.02816
0.31072 0.03105
0.3209 0.03414
0.33068 0.03739
0.33984 0.04072
0.34813 0.04404
0.35537 0.04726
0.36153 0.05035
0.3667 0.05332
0.371 0.05614
0.37535 0.05945
-Inserting Flap s1223rtl-
0.5539 0.14344
0.55309 0.1421
0.55191 0.14014
0.55046 0.13815
0.5486 0.13611
0.54628 0.13391
0.54343 0.13145
0.54002 0.12873
0.536090 0.12579
0.53176 0.12268
0.52714 0.11951
0.52234 0.11632
0.51744 0.11318
0.51249 0.1101
0.5075 0.10711
0.502470 0.10421
0.49739 0.1014
0.49224 0.098670
0.48698 0.095980
0.48161 0.09333
0.4761 0.09069
0.47047 0.08805
0.46474 0.08540
0.45898 0.08275
0.45325 0.080140
0.44765 0.07761
0.44225 0.07523
0.43713 0.07307
0.43235 0.07117
0.42788 0.06958
0.42363 0.06829
0.41955 0.06728
0.4156 0.06654
0.41176 0.06607
0.40799 0.06585
0.40432 0.06587
0.40075 0.06613
0.39732 0.06661
0.39407 0.06727
0.39106 0.06808
0.38838 0.068960
0.38605 0.06987
0.38406 0.07077
0.38238 0.07165
0.380970 0.07251
0.37978 0.07333
0.37877 0.07413
0.37792 0.07489
0.3772 0.07562
0.3766 0.07633
0.37610 0.07702
0.37569 0.07769
0.37538 0.078340
0.37517 0.079
0.375110 0.07968
0.37527 0.08036
0.3757 0.08096
0.376310 0.08147
0.37705 0.08193
0.37793 0.08237
0.378960 0.08282
0.38017 0.08331
0.38163 0.08384
0.38342 0.08445
0.38567 0.08517
0.38854 0.08603
0.39217 0.08705
0.39655 0.08821
0.401490 0.08942
0.40684 0.0906
0.412540 0.09176
0.41855 0.092910
0.42476 0.09408
0.43106 0.09525
0.43734 0.09642
0.44354 0.0976
0.44964 0.0988
0.45562 0.10003
0.46149 0.1013
0.46725 0.10262
0.472910 0.10401
0.47846 0.10549
0.48392 0.10705
0.4893 0.1087
0.4946 0.11046
0.49983 0.11233
0.50499 0.11431
0.51008 0.1164
0.5151 0.11861
0.52005 0.12092
0.52489 0.12333
0.529590 0.12582
0.53408 0.12835
0.538260 0.13086
0.54201 0.13328
0.54526 0.13555
0.54799 0.13766
0.55024 0.1396
0.552080 0.1414
0.5539 0.14344
-Inserting Flap s1223rtl-
0.65786 0.2968
0.65769 0.2952400
0.65745 0.29297
0.65697 0.29055
0.65615 0.28792
0.65498 0.28494
0.65343 0.281510
0.65149 0.27760
0.64918 0.27327
0.64656 0.26863
0.643720 0.2638
0.640710 0.25889
0.6376 0.25397
0.63441 0.24908
0.631160 0.24427
0.62782 0.23952
0.62441 0.23482
0.62089 0.23016
0.61727 0.22551
0.61351 0.220840
0.60964 0.216120
0.60565 0.21134
0.60158 0.20651
0.59748 0.20168
0.59339 0.19689
0.58938 0.192240
0.58549 0.1878
0.58177 0.18367
0.57824 0.17993
0.57485 0.1766
0.57155 0.17363
0.56828 0.171
0.56502 0.16866
0.56173 0.1666
0.55841 0.16481
0.55507 0.163290
0.55173 0.16201
0.54841 0.16099
0.54519 0.16022
0.54213 0.15968
0.53932 0.15935
0.53682 0.15918
0.53464 0.15916
0.53274 0.15925
0.5311 0.15943
0.529670 0.159670
0.52843 0.15997
0.52733 0.1603
0.52637 0.16066
0.525520 0.16105
0.52478 0.16146
0.52413 0.16189
0.52358 0.16236
0.52311 0.162860
0.52276 0.16346
0.52262 0.164140
0.52275 0.16487
0.523090 0.165580
0.52357 0.166310
0.52418 0.16708
0.52492 0.16793
0.52582 0.16888
0.52691 0.16998
0.52828 0.17129
0.53001 0.17289
0.53225 0.174880
0.53511 0.17735
0.53858 0.18025
0.54255 0.18343
0.54690 0.186760
0.55159 0.19022
0.55654 0.19381
0.56168 0.19749
0.56689 0.20121
0.57209 0.20493
0.577210 0.20862
0.58223 0.21228
0.58714 0.21592
0.59192 0.21955
0.59658 0.22319
0.60111 0.22684
0.60552 0.23052
0.60982 0.23425
0.61399 0.23802
0.61805 0.24185
0.622 0.24576
0.62584 0.24973
0.62957 0.25378
0.63319 0.2579
0.63669 0.26208
0.64006 0.26632
0.64327 0.27056
0.64627 0.27475
0.649 0.27879
0.65138 0.28256
0.65336 0.286
0.65494 0.28906
0.65616 0.29178
0.65707 0.29418
0.65786 0.2968
*.*.Setup: s1223rtl.txt as Flap 1, Inverted: y, Scale = 1.0, AoA = 9.0, Reposition from (0,0) = (0, 0)*.*.
*.*.Setup: s1223rtl.txt as Flap 2, Inverted: y, Scale = 0.5, AoA = 20.0, Reposition from previous T.E. = (0.0, 0.05), Reposition from (0,0) = (0.9877, 0.2064)*.*.
*.*.Setup: s1223rtl.txt as Flap 3, Inverted: y, Scale = 0.5, AoA = 45.0, Reposition from previous T.E. = (-0.08, 0.05), Reposition from (0,0) = (1.3775, 0.4274)*.*.
*.*.Setup: Scale Ratio = 0.38002*.*.