0.38149 -0.005410
0.38071 -0.00625
0.37915 -0.00788
0.376840 -0.010280
0.37391 -0.01327
0.3705 -0.01665
0.36678 -0.0202
0.3629 -0.02371
0.35898 -0.027
0.35505 -0.03006
0.351120 -0.03294
0.34718 -0.03565
0.34324 -0.03824
0.33929 -0.04072
0.33534 -0.04312
0.33139 -0.04543
0.32743 -0.04767
0.32348 -0.049820
0.319520 -0.0519
0.315550 -0.05392
0.31159 -0.05587
0.30762 -0.05776
0.30365 -0.05959
0.29968 -0.06136
0.2957 -0.06307
0.29173 -0.06472
0.28775 -0.06631
0.28377 -0.06783
0.27979 -0.06928
0.2758 -0.070670
0.27182 -0.07201
0.267830 -0.0733
0.26384 -0.07457
0.25985 -0.0758
0.25586 -0.07701
0.25186 -0.07817
0.24787 -0.0793
0.243870 -0.08038
0.23988 -0.0814
0.23588 -0.08237
0.23188 -0.0833
0.22787 -0.084170
0.22387 -0.085
0.21986 -0.0857800
0.21585 -0.08652
0.21184 -0.08721
0.20783 -0.08787
0.20382 -0.08849
0.19981 -0.08907
0.19579 -0.08961
0.19178 -0.09012
0.18776 -0.09057
0.18374 -0.09098
0.17972 -0.09135
0.1757 -0.09166
0.17167 -0.09193
0.16765 -0.09214
0.16362 -0.09231
0.15959 -0.09243
0.15556 -0.0925
0.15153 -0.09253
0.14749 -0.09249
0.14346 -0.09241
0.13942 -0.09227
0.13538 -0.092080
0.13134 -0.09185
0.12729 -0.09157
0.12325 -0.09126
0.1192 -0.090910
0.11516 -0.09051
0.111110 -0.09005
0.10706 -0.08952
0.103 -0.08891
0.09894 -0.08821
0.094880 -0.08742
0.09082 -0.08653
0.08675 -0.08555
0.08268 -0.08448
0.0786 -0.08332
0.07453 -0.08205
0.07044 -0.080660
0.06636 -0.07913
0.06227 -0.07744
0.05817 -0.07559
0.05406 -0.07357
0.04995 -0.07139
0.04584 -0.06906
0.04172 -0.06657
0.03759 -0.06392
0.03346 -0.06105
0.02931 -0.05786
0.02516 -0.05429
0.02098 -0.05025
0.01682 -0.045710
0.0128 -0.04079
0.0091 -0.03568
0.005880 -0.03054
0.00331 -0.02555
0.00154 -0.02088
0.00045 -0.012950
0.00115 -0.00991
0.00269 -0.00762
0.00503 -0.00616
0.00804 -0.00542
0.01156 -0.00527
0.01541 -0.00555
0.01944 -0.00614
0.0235 -0.00691
0.027570 -0.00782
0.03164 -0.00889
0.03571 -0.01008
0.03979 -0.0114
0.04388 -0.01284
0.04796 -0.01439
0.05205 -0.01602
0.056150 -0.01772
0.06024 -0.019480
0.06434 -0.02129
0.068440 -0.02313
0.07253 -0.02498
0.07663 -0.026850
0.08073 -0.02871
0.084830 -0.03056
0.08893 -0.03239
0.09302 -0.03419
0.09712 -0.03596
0.10121 -0.03771
0.10531 -0.03941
0.1094 -0.04108
0.11349 -0.04271
0.11758 -0.04429
0.12166 -0.04584
0.12575 -0.04734
0.12983 -0.04879
0.13392 -0.05019
0.138 -0.05155
0.14208 -0.05285
0.14615 -0.05411
0.15023 -0.05532
0.1543 -0.056470
0.158370 -0.05757
0.16244 -0.05861
0.16651 -0.0596
0.17058 -0.06053
0.1746400 -0.06140
0.1787 -0.06220
0.18276 -0.06295
0.18682 -0.06363
0.19088 -0.06425
0.19493 -0.06482
0.19898 -0.06533
0.20303 -0.0658
0.207080 -0.06622
0.21112 -0.0666
0.21517 -0.06691
0.219210 -0.067160
0.22325 -0.06734
0.22729 -0.06745
0.23132 -0.06748
0.23535 -0.06744
0.23938 -0.06732
0.24341 -0.067130
0.24744 -0.06687
0.251460 -0.06653
0.25548 -0.06612
0.25949 -0.06563
0.2635100 -0.06507
0.26752 -0.06442
0.27152 -0.063680
0.27553 -0.06287
0.27953 -0.06196
0.28353 -0.06097
0.28753 -0.05988
0.291520 -0.0587
0.29551 -0.05743
0.29949 -0.05605
0.30347 -0.05456
0.30745 -0.05297
0.31143 -0.05127
0.3154 -0.04948
0.31936 -0.047590
0.32333 -0.045620
0.32729 -0.04356
0.33125 -0.04143
0.33521 -0.03921
0.33916 -0.03692
0.34311 -0.034550
0.34706 -0.03211
0.351 -0.02956
0.35494 -0.02691
0.35888 -0.024110
0.36281 -0.02116
0.36671 -0.01807
0.37045 -0.01497
0.37387 -0.01204
0.37681 -0.00946
0.37914 -0.0074
0.3807 -0.00601
0.38149 -0.005410
-Inserting Flap Ga2-
0.51726 0.09568
0.51716 0.09524
0.51694 0.09436
0.51662 0.09307
0.51621 0.09144
0.5157 0.089590
0.51512 0.087620
0.51448 0.08563
0.51378 0.0837
0.51303 0.08186
0.51225 0.08007
0.51142 0.07835
0.51058 0.07666
0.50971 0.07501
0.508820 0.07339
0.50791 0.0718
0.50699 0.07023
0.50605 0.0687
0.50509 0.06718
0.50412 0.065690
0.50314 0.06422
0.502140 0.06278
0.50113 0.06135
0.5001100 0.05994
0.49908 0.05855
0.49803 0.05719
0.49697 0.05584
0.49589 0.05452
0.4948 0.05322
0.4937 0.05194
0.49259 0.05068
0.49147 0.04943
0.49034 0.04820
0.4892 0.04697
0.48806 0.04576
0.48691 0.04455
0.48575 0.04336
0.48458 0.04219
0.4834 0.04104
0.48221 0.0399
0.48101 0.03878
0.4798 0.03768
0.47858 0.036590
0.47734 0.03552
0.4761 0.03446
0.47485 0.03342
0.4736 0.03239
0.47233 0.03137
0.47106 0.03037
0.46977 0.02938
0.46848 0.0284
0.46718 0.02744000
0.46587 0.02649
0.46455 0.02556
0.46322 0.024650
0.46188 0.02375
0.46053 0.02287
0.45917 0.02201
0.4578 0.02116
0.45642 0.02033
0.45502 0.01951
0.45362 0.018720
0.4522 0.01794
0.45078 0.01718
0.449340 0.01644
0.44789 0.01571
0.44644 0.015
0.444970 0.0143
0.4435 0.01361
0.44202 0.01294
0.44053 0.01229
0.43902 0.01166
0.43749 0.01106
0.43594 0.010490
0.43438 0.00995
0.43279 0.00945
0.43119 0.00897
0.42956 0.00853
0.42792 0.00812
0.42625 0.00774
0.42456 0.00741
0.42284 0.00712
0.42108 0.00689
0.41929 0.00671
0.41747 0.00659
0.41561 0.00652
0.41372 0.00651
0.41179 0.006540
0.40983 0.00664
0.40783 0.0068
0.40575 0.00708
0.4036 0.00748
0.401340 0.008050
0.39899 0.00879
0.39662 0.00969
0.39431 0.01072
0.39217 0.01186
0.39028 0.01307
0.38874 0.01433
0.38677 0.01686
0.38641 0.01806
0.38648 0.01916
0.387 0.020130
0.3879 0.02099
0.38908 0.021750
0.39048 0.02242
0.39199 0.02302
0.393550 0.02357
0.39514 0.02406
0.39676 0.02451
0.39841 0.02491
0.40009 0.02527
0.40179 0.02559
0.40352 0.02587
0.40526 0.026120
0.40702 0.02635
0.40879 0.02656
0.41057 0.02675
0.41236 0.02694
0.41415 0.02711
0.41594 0.02728
0.417730 0.02746
0.41952 0.02764
0.42131 0.02783
0.42309 0.02802
0.42486 0.02823
0.426630 0.02844
0.42839 0.02867
0.43014 0.02891
0.43188 0.02916
0.43361 0.02943
0.43534 0.02971
0.43705 0.03001
0.43876 0.03033
0.44045 0.03066
0.44214 0.031
0.44381 0.031370
0.44548 0.03175
0.44713 0.03214
0.448770 0.03256
0.4504 0.03299
0.45202 0.03344
0.45363 0.03392
0.45522 0.03441
0.4568 0.03492
0.45837 0.03545
0.45993 0.03601
0.46147000 0.03658
0.463 0.037180
0.46452 0.03779
0.46602 0.03842
0.46752 0.03907
0.469 0.03974
0.47048 0.04042
0.47195 0.04111
0.4734 0.04184
0.47483 0.04258
0.47625 0.04335
0.47765 0.04415
0.47904 0.04497
0.48041 0.04582
0.48177 0.046690
0.4831100 0.047580
0.484440 0.0485
0.48575 0.04945
0.48704 0.05042
0.48832 0.05142
0.489580 0.05245
0.49082 0.0535
0.492050 0.05459
0.49325 0.0557
0.49444 0.05685
0.4956 0.05802
0.49675 0.05923
0.49788 0.06047
0.49898 0.06174
0.50007 0.06305
0.50112 0.0644
0.50216 0.06578
0.50318 0.0672
0.50418 0.06865
0.505150 0.07012
0.50612 0.07163
0.507060 0.07316
0.50799 0.07472
0.5089 0.0763
0.50979 0.07791
0.51067 0.07955
0.51153 0.08122
0.51236 0.08293
0.51317 0.08468
0.51394 0.08649
0.51467 0.08834
0.51535 0.090160
0.51595 0.09186
0.51645 0.093350
0.51684 0.09452
0.51711 0.09532
0.51726 0.09568
-Inserting Flap Ga2-
0.60747 0.22484
0.60747 0.22438
0.60746 0.22348
0.60744 0.22215
0.6074 0.22047
0.60733 0.21856
0.60721 0.2165
0.60703 0.21442
0.60678 0.21239
0.60647 0.21042
0.60610 0.20851
0.60569 0.20664
0.60524 0.20481
0.60476 0.2030
0.60426 0.20122
0.60374 0.19947
0.6031900 0.19774
0.60262 0.19602
0.60203 0.19433
0.60142 0.19266
0.60079 0.19101
0.60014 0.189380
0.59948 0.18776
0.5988 0.18616
0.59811 0.18457
0.59739 0.18301
0.596660 0.18146
0.59591 0.17993
0.59514 0.17841
0.594360 0.17692
0.59356 0.17544
0.59274 0.17397
0.59192 0.17252
0.59109 0.17107
0.59025 0.16963
0.5894 0.16819
0.58854 0.16678
0.58767 0.165370
0.58678 0.16398
0.58587 0.1626
0.58495 0.161240
0.5840200 0.1599
0.58307 0.15856
0.58211 0.15724
0.58114 0.15593
0.58016 0.15463
0.57917 0.15335
0.578160 0.152070
0.57715 0.150810
0.57612 0.149550
0.57508 0.1483100
0.57403 0.14708
0.5729700 0.145860
0.57189 0.14466
0.57080 0.14347
0.5697 0.1423
0.56858 0.14113
0.56745 0.13999
0.5663 0.13885
0.56514 0.13773
0.56396 0.13662
0.56278 0.13553
0.56157 0.13446
0.56035 0.1334
0.55912 0.13235
0.55787 0.13131
0.55662 0.13029
0.55535 0.12928
0.55407 0.12828
0.55277 0.12729
0.551470 0.12632
0.55014 0.12537
0.54878 0.12444
0.5474 0.12354
0.546 0.12267
0.54457 0.12182
0.543110 0.12099
0.54163 0.1202
0.54012 0.11942
0.53858 0.11868
0.53701 0.1179800
0.53539 0.11731
0.53374 0.11669
0.53203 0.11611
0.530280 0.11558
0.52849 0.1151
0.52664 0.114660
0.52476 0.11426
0.52283 0.11391
0.52084 0.11362
0.51876 0.11343
0.51657 0.11334
0.514240 0.11338
0.51178 0.11357
0.50927 0.11391
0.50679 0.1144
0.50445 0.11503
0.50234 0.11578
0.50054 0.11667
0.49806 0.118690
0.49744 0.11977
0.49726 0.12086
0.49755 0.12193
0.49823 0.12296
0.499210 0.12397
0.50042 0.12494
0.50176 0.12586
0.50315 0.12675
0.50459 0.12759
0.50608 0.12839
0.50759 0.12915
0.50915 0.12987
0.51074 0.13057
0.51235 0.13123
0.51399 0.13187
0.51566 0.13249
0.51733 0.13309
0.519030 0.13368
0.52073 0.13426
0.52243 0.13483
0.52414 0.13541
0.52585 0.13598
0.52755 0.13656
0.529250 0.13714
0.53094 0.13773
0.532620 0.13833
0.53429 0.13894
0.53595 0.13955
0.5376100 0.14018
0.53925 0.14082
0.540880 0.14147
0.54249 0.14214
0.5441 0.14281
0.54569 0.1435
0.54726 0.1442
0.54883 0.14492
0.55038 0.14565
0.55191 0.1464
0.55343 0.14716
0.55494 0.14793
0.55643 0.14872
0.55791 0.14952
0.55937 0.15034
0.56081 0.15118
0.56224 0.15204
0.56364 0.15291
0.56503 0.153800
0.56641 0.15471
0.567760 0.15563
0.5691 0.15657
0.57043 0.157520
0.57174 0.15849
0.57304 0.15947
0.57433 0.16047
0.57559 0.16148
0.57685 0.16251
0.57808 0.16356
0.57929 0.16463
0.58048 0.16572
0.58164 0.16683
0.58279 0.16797
0.58392 0.169120
0.58502 0.17029
0.58611 0.17149
0.58717 0.172710
0.58821 0.173940
0.589230 0.17521
0.59023 0.17649
0.5912 0.1778
0.59215 0.17913
0.59307 0.18049
0.59397 0.18187
0.59484 0.18327
0.59569 0.18471
0.59651 0.18617
0.5973 0.18766
0.59806 0.18918
0.59879 0.19073
0.59949 0.19231
0.60016 0.19392
0.60081 0.19556
0.60143 0.19721
0.60203 0.1989
0.6026 0.2006
0.60315 0.20233
0.60369 0.20408
0.6042 0.20585
0.60468 0.20764
0.60514 0.20946
0.60557 0.21131
0.605960 0.2132
0.60631 0.21514
0.6066 0.21711
0.60685 0.21903
0.60705 0.22082
0.60721 0.22238
0.60733 0.22362
0.60741 0.22445
0.60747 0.22484
*.*.Setup: Ga2.txt as Flap 1, Inverted: y, Scale = 1.0, AoA = 2.0, Reposition from (0,0) = (0, 0)*.*.
*.*.Setup: Ga2.txt as Flap 2, Inverted: y, Scale = 0.4, AoA = 32.0, Reposition from previous T.E. = (0.0067, 0.07), Reposition from (0,0) = (1.0078, 0.0558)*.*.
*.*.Setup: Ga2.txt as Flap 3, Inverted: y, Scale = 0.4, AoA = 45.0, Reposition from previous T.E. = (-0.06, 0.07), Reposition from (0,0) = (1.2974, 0.3211)*.*.
*.*.Setup: Scale Ratio = 0.38106*.*.