0.3533 0.03713
0.351220 0.03507
0.3482 0.03205
0.34466 0.0291
0.34038 0.02623
0.335170 0.023290
0.32888 0.02013
0.32146 0.01673
0.313010 0.01316
0.303750 0.0095
0.29393 0.00583
0.28379 0.00222
0.273480 -0.001270
0.2631 -0.00461
0.2527 -0.00778
0.24227 -0.010760
0.23178 -0.01356
0.22119 -0.0162
0.2104500 -0.01869
0.1995 -0.02106
0.18831 -0.02336
0.1769 -0.02561
0.16531 -0.02783
0.15366 -0.030030
0.14209 -0.03218
0.13078 -0.03422
0.11991 -0.0361
0.10965 -0.03771
0.10012 -0.03899
0.09128 -0.03985
0.08299 -0.04027
0.07514 -0.04026
0.06764 -0.03981
0.06045 -0.03893
0.05353 -0.03763
0.04687 -0.03592
0.040520 -0.03384
0.0345 -0.03142
0.0289 -0.02874
0.02382 -0.02593
0.01935 -0.023110
0.01553 -0.02041
0.01233 -0.01787
0.00968 -0.01551
0.00751 -0.01332
0.005720 -0.01129
0.00426 -0.009390
0.00306 -0.00762
0.00208 -0.00597
0.00131 -0.004410
0.00071 -0.00294
0.00028 -0.00154
0.000055 -0.00021
-6e-05 0.00107
0.00013 0.00235
0.00074 0.0035
0.00178 0.0044
0.003110 0.00505
0.00467 0.005540
0.00646 0.00594
0.00853 0.0063
0.01095 0.00663
0.01384 0.00694
0.01737 0.00724
0.02177 0.007520
0.02736 0.00778
0.03441 0.008
0.04288 0.008120
0.05239 0.00808
0.06262 0.0078
0.0735 0.00732
0.08492 0.00669
0.09671 0.006
0.10866 0.00528
0.12059 0.00456
0.132370 0.0039
0.14397 0.00331
0.155390 0.00283
0.16661 0.00248
0.17766 0.00228
0.188540 0.00225
0.19928 0.00241
0.2099 0.00277
0.22041 0.00334
0.23082 0.00414
0.24115 0.00516
0.2514 0.00641
0.26158 0.0079
0.27169 0.00963
0.2817 0.01159
0.29158 0.013780
0.30123 0.01617
0.31052 0.01873
0.31924 0.02139
0.32714 0.02408
0.334050 0.02673
0.33996 0.02932
0.34492 0.03183
0.34908 0.034260
0.3533 0.03713
-Inserting Flap s1223rtl-
0.50712 0.14371
0.50659 0.14234
0.50583 0.14035
0.50481 0.13828
0.50344 0.1361
0.50166 0.13369
0.49943 0.13097
0.49673 0.12791
0.4936 0.12457
0.49011 0.12101
0.48637 0.11733
0.48247 0.11362
0.47847 0.10993
0.47441 0.10629
0.4703 0.102730
0.46615 0.09925
0.46193 0.09584
0.45762 0.09248
0.45322 0.08916
0.44871 0.08584
0.44406 0.08252
0.43931 0.07917
0.43447 0.0758
0.42959 0.07243
0.42475 0.06909
0.42 0.06586
0.41541 0.06279
0.41105 0.05997
0.40696 0.05745
0.4031 0.05526
0.39940 0.05338
0.39581 0.051790
0.392290 0.05047
0.38883 0.04941
0.3854 0.04859
0.38201 0.04802
0.37869 0.04768
0.37545 0.04756
0.37234 0.047650
0.36945 0.0479
0.36684 0.04827
0.36454 0.04873
0.36256 0.04924
0.36088 0.04978
0.35944 0.05034
0.35821 0.0509
0.357150 0.05147
0.35624 0.05204
0.35546 0.052590
0.35479 0.05315
0.35422 0.0537
0.35374 0.05425
0.35335 0.0548
0.35305 0.05537
0.35288 0.05599
0.35292 0.05665
0.35321 0.05727
0.35369 0.05783
0.3543 0.05837
0.35504 0.05892
0.355910 0.05951
0.35695 0.06015
0.35821 0.06088
0.35976 0.06173
0.36171 0.06276
0.36421 0.06401
0.36739 0.06555
0.37123 0.067330
0.37558 0.06924
0.38031 0.0712
0.38538 0.07318
0.39073 0.07522
0.39625 0.0773
0.40186 0.0794
0.40745 0.08150
0.41297 0.0836
0.41839 0.085690
0.4237 0.08779
0.4289 0.08991
0.43398 0.092060
0.43896 0.09427
0.44384 0.096520
0.44861 0.09885
0.453290 0.10125
0.457890 0.10373
0.4624 0.106290
0.46682 0.10895
0.47117 0.1117
0.47544 0.11455
0.47961 0.11748
0.48368 0.12049
0.4876 0.12354
0.49133 0.1266
0.49477 0.12959
0.49783 0.13242
0.50045 0.13504
0.50262 0.13742
0.50438 0.13958
0.50578 0.14154
0.50712 0.14371
-Inserting Flap s1223rtl-
0.65973 0.26335
0.65932 0.26194
0.65873 0.25989
0.6579 0.25774
0.65672 0.255450
0.65515 0.252900
0.65317 0.24999
0.65075 0.24671
0.64792 0.2431
0.644760 0.23925
0.641350 0.23527
0.63779 0.23123
0.63413 0.2272
0.6304 0.223230
0.62662 0.21932
0.622780 0.21549
0.61887 0.21172
0.61488 0.208
0.61079 0.20431
0.60658 0.20062
0.602240 0.1969
0.59779 0.19315
0.59327 0.18937
0.5887 0.18558
0.584170 0.18184
0.57972 0.1782
0.57541 0.17475
0.57132 0.17155
0.56746 0.16869
0.5638 0.16617
0.56028 0.16397
0.55685 0.16208
0.55346 0.16046
0.5501 0.1591
0.54676 0.157990
0.54343 0.15712
0.54015 0.15649
0.53693 0.15609
0.53383 0.15591
0.53093 0.1559
0.52829 0.15605
0.52596 0.15631
0.52395 0.15664
0.52222 0.15703
0.52074 0.15746
0.519470 0.15792
0.51836 0.15839
0.51741 0.15888
0.516580 0.15936
0.51587 0.15986
0.51525 0.16036
0.51472 0.16086
0.51429 0.16138
0.51394 0.16192
0.51371 0.16252
0.51370 0.16318
0.51394 0.16382
0.51437 0.16443
0.51493 0.16502
0.51561 0.16563
0.51643 0.16629
0.51741 0.16702
0.5186 0.16786
0.52007 0.16884
0.52192 0.17003
0.524310 0.1715
0.52734 0.17331
0.531010 0.17541
0.535180 0.1777
0.53972 0.18006
0.54459 0.18248
0.54974 0.18498
0.55506 0.18753
0.56047 0.19011
0.56585 0.1927
0.57117 0.19526
0.57639 0.19782
0.58149 0.20037
0.58649 0.20294
0.591370 0.20553
0.59613 0.208150
0.60079 0.21083
0.60535 0.21356
0.60980 0.216360
0.61416 0.21923
0.61843 0.22218
0.62261 0.22521
0.6267 0.22833
0.6307 0.23154
0.63461 0.23482
0.6384 0.23817
0.64204 0.24156
0.64548 0.24493
0.64865 0.24821
0.65145 0.2513
0.653830 0.25413
0.65579 0.2567
0.657350 0.259
0.65858 0.2610700
0.65973 0.26335
*.*.Setup: s1223rtl.txt as Flap 1, Inverted: y, Scale = 1.0, AoA = 6.0, Reposition from (0,0) = (0, 0)*.*.
*.*.Setup: s1223rtl.txt as Flap 2, Inverted: y, Scale = 0.5, AoA = 30.0, Reposition from previous T.E. = (0.0, 0.05), Reposition from (0,0) = (0.9945, 0.1545)*.*.
*.*.Setup: s1223rtl.txt as Flap 3, Inverted: y, Scale = 0.5, AoA = 35.0, Reposition from previous T.E. = (0.02, 0.05), Reposition from (0,0) = (1.4475, 0.4545)*.*.
*.*.Setup: Scale Ratio = 0.35524*.*.