0.36121 0.03796
0.359090 0.03585
0.356 0.03277
0.35238 0.02975
0.348 0.02682
0.342680 0.023810
0.33625 0.02058
0.32866 0.01711
0.320020 0.01346
0.310550 0.00971
0.30051 0.00596
0.29014 0.00227
0.27960 -0.00130
0.26899 -0.00472
0.25836 -0.00795
0.24769 -0.0110
0.23697 -0.01387
0.22614 -0.01656
0.2151600 -0.01911
0.20397 -0.02154
0.19253 -0.02388
0.18086 -0.02618
0.16901 -0.02846
0.1571 -0.03070
0.14527 -0.0329
0.13371 -0.03499
0.12259 -0.03691
0.1121 -0.03856
0.10236 -0.03986
0.09332 -0.04074
0.08485 -0.04118
0.07682 -0.04116
0.06916 -0.0407
0.0618 -0.0398
0.05472 -0.03847
0.04792 -0.03673
0.041430 -0.0346
0.03528 -0.03212
0.02955 -0.02938
0.02436 -0.02651
0.01979 -0.023630
0.01588 -0.02086
0.01261 -0.01827
0.0099 -0.01586
0.00768 -0.01362
0.005850 -0.01154
0.00435 -0.00960
0.00312 -0.00779
0.00213 -0.0061
0.00134 -0.004510
0.00073 -0.003
0.00029 -0.00158
0.000055 -0.00022
-6e-05 0.00109
0.00013 0.0024
0.00075 0.00358
0.00182 0.0045
0.003180 0.00516
0.00478 0.005660
0.00661 0.00608
0.00872 0.00644
0.01119 0.00678
0.01415 0.0071
0.01775 0.0074
0.02226 0.007690
0.02798 0.00795
0.03518 0.00818
0.04384 0.008310
0.05356 0.00826
0.06403 0.00798
0.07514 0.00748
0.08682 0.00684
0.09887 0.00613
0.11109 0.00539
0.12329 0.00467
0.135340 0.00399
0.1472 0.00339
0.158870 0.00289
0.17034 0.00253
0.18164 0.00233
0.192760 0.0023
0.20375 0.00246
0.2146 0.00283
0.22534 0.00342
0.23599 0.00423
0.24655 0.00527
0.25703 0.00656
0.26744 0.00808
0.27777 0.00985
0.28801 0.01185
0.29811 0.014090
0.30798 0.01653
0.31748 0.01915
0.32639 0.02187
0.33446 0.02462
0.341540 0.02733
0.34757 0.02997
0.35265 0.03255
0.3569 0.035030
0.36121 0.03796
-Inserting Flap s1223rtl-
0.53912 0.11824
0.53835 0.116950
0.53722 0.11509
0.53583 0.11318
0.53406 0.11123
0.53184 0.10913
0.52912 0.10678000
0.525860 0.10418
0.5221 0.10136
0.51796 0.0984
0.51355 0.09537
0.50896 0.09232
0.50428 0.08931
0.49955 0.08637
0.49478 0.08352
0.48997 0.08075
0.48512 0.07806
0.48019 0.07545
0.47517 0.07288
0.47003 0.070350
0.46477 0.06783
0.45939 0.0653
0.453910 0.06276
0.4484 0.06023
0.44293 0.05774
0.43758 0.055320
0.43241 0.05305
0.42753 0.05098
0.422960 0.04917
0.41868 0.04765
0.41462 0.04641
0.410720 0.04545
0.40695 0.04474
0.403270 0.04429
0.39968 0.04408
0.396170 0.0441
0.392760 0.04435
0.38947 0.04481
0.38637 0.045440
0.3835 0.04621
0.380930 0.04705
0.3787 0.04792
0.3768 0.048790
0.3752 0.04963
0.37385 0.05045
0.372710 0.05123
0.37175 0.05199
0.37093 0.05272
0.37025 0.053420
0.369670 0.0541
0.36919 0.054760
0.36881 0.05540
0.36851 0.05602
0.36831 0.05665
0.36825 0.0573
0.36841 0.05795
0.36881 0.05853
0.36939 0.05901
0.37011 0.05945
0.37094 0.05987
0.37193 0.0603
0.37309 0.06077
0.37448 0.06128
0.37619 0.06186
0.37834 0.06255
0.38108 0.06337
0.384550 0.06435
0.38874 0.06546
0.39346 0.0666100
0.39857 0.067740
0.40402 0.06884
0.40977 0.06995
0.41570 0.07106
0.42172 0.07218
0.427720 0.0733
0.43365 0.07443
0.43948 0.07557
0.4452 0.07675
0.45081 0.07796
0.45631 0.079220
0.46172 0.08056
0.46702 0.08196
0.47225 0.08346
0.477390 0.08504
0.48245 0.086720
0.48745 0.08851
0.49238 0.0904
0.49724 0.0924
0.502040 0.0945
0.50677 0.09671
0.51140 0.099020
0.51589 0.1014
0.520180 0.10382
0.52417 0.10621
0.52776 0.10852
0.53086 0.1107
0.533470 0.11271
0.53563 0.114570
0.53738 0.11629
0.53912 0.11824
-Inserting Flap s1223rtl-
0.65882 0.24601
0.65841 0.24457
0.6578 0.24247
0.65695 0.24027
0.65575 0.237930
0.65415 0.235320
0.65212 0.23235
0.64965 0.229
0.64675 0.2253
0.64352 0.22137
0.64004 0.2173
0.6364 0.21317
0.63265 0.20905
0.62884 0.204990
0.62498 0.20099
0.62105 0.19707
0.61706 0.19322
0.61298 0.18942
0.60879 0.18564
0.60448 0.18187
0.60005 0.17807
0.59551 0.17423
0.59088 0.17037
0.58621 0.1665
0.58157 0.16267
0.57702 0.15895
0.57262 0.15542
0.56844 0.15216
0.56449 0.14923
0.56075 0.14665
0.55715 0.14441
0.553640 0.14247
0.55018 0.14081
0.54674 0.13942
0.54332 0.138280
0.53993 0.1374
0.53657 0.13676
0.53328 0.13635
0.530110 0.13616
0.52714 0.13616
0.52445 0.13631
0.522070 0.13657
0.52001 0.13691
0.51824 0.13731
0.51673 0.13775
0.51542 0.13822
0.5143 0.1387
0.51332 0.13919
0.51248 0.13969
0.51174 0.1402
0.51111 0.14071
0.51057 0.14122
0.51013 0.14175
0.50977 0.14231
0.50954 0.14292
0.50953 0.14359
0.50977 0.14425
0.51021 0.14487
0.51078 0.14548
0.51148 0.1461
0.51232 0.14677
0.51332 0.14752
0.51453 0.14838
0.51604 0.1493800
0.51794 0.1506
0.52037 0.1521
0.52347 0.15395
0.52722 0.1561
0.53149 0.15844
0.53613 0.16085
0.54111 0.16333
0.54638 0.16588
0.55182 0.16849
0.55734 0.17113
0.56285 0.17377
0.56828 0.17639
0.57362 0.17901
0.57884 0.18162
0.58394 0.18424
0.58893 0.18689
0.59381 0.189580
0.59857 0.19231
0.603230 0.1951
0.60778 0.197960
0.61224 0.2009
0.61661 0.20391
0.62088 0.20702
0.62506 0.21021
0.62915 0.21348
0.63314 0.21684
0.63702 0.22027
0.64074 0.22373
0.64426 0.227170
0.6475 0.23052
0.65036 0.23368
0.6528 0.23658
0.6548 0.2392
0.65639 0.24156
0.657650 0.243670
0.65882 0.24601
*.*.Setup: s1223rtl.txt as Flap 1, Inverted: y, Scale = 1.0, AoA = 6.0, Reposition from (0,0) = (0, 0)*.*.
*.*.Setup: s1223rtl.txt as Flap 2, Inverted: y, Scale = 0.5, AoA = 20.0, Reposition from previous T.E. = (0.02, 0.05), Reposition from (0,0) = (1.0145, 0.1545)*.*.
*.*.Setup: s1223rtl.txt as Flap 3, Inverted: y, Scale = 0.5, AoA = 35.0, Reposition from previous T.E. = (-0.08, 0.065), Reposition from (0,0) = (1.4044, 0.3905)*.*.
*.*.Setup: Scale Ratio = 0.3632*.*.