0.35064 0.05554
0.34868 0.053370
0.34582 0.0502
0.34244 0.04706
0.33832 0.04398
0.33327 0.04077
0.32716 0.03729
0.31994 0.03351
0.31169 0.029510
0.30263 0.02537
0.29303 0.02119
0.2831 0.01706
0.27299 0.01303
0.26281 0.00916
0.25259 0.00545
0.24234 0.00193
0.23202 -0.00141
0.22159 -0.0046
0.211 -0.00764
0.20019 -0.01059
0.18915 -0.01347
0.17788 -0.01631
0.16643 -0.01913
0.15492 -0.02193
0.14349 -0.02468
0.13231 -0.02732
0.12155 -0.029750
0.1114 -0.0319
0.10196 -0.03367
0.09318 -0.03499
0.08493 -0.03585
0.07709 -0.03625
0.06959 -0.03619
0.06236 -0.035690
0.05538 -0.03475
0.04866 -0.0334
0.04221 -0.03165
0.03608 -0.02955
0.03035 -0.02717
0.02513 -0.02463
0.02052 -0.022050
0.016560 -0.01955
0.01324 -0.01719
0.010480 -0.01498
0.00819 -0.0129
0.00630 -0.010960
0.00474 -0.00915
0.00345 -0.00745
0.00239 -0.00584
0.00154 -0.0043300
0.00086 -0.00289
0.00036 -0.001520
0.000086 -0.00021
-0.00012 0.00107000
0.000005 0.00235
0.00055 0.003540
0.00154 0.00448
0.00284 0.0052
0.00437 0.00577
0.00614 0.006270
0.00818 0.00673
0.01058 0.00719
0.01345 0.00765
0.01695 0.00813
0.02133 0.00864
0.0269 0.00919
0.03392 0.00978
0.04236 0.01035
0.05186 0.0108
0.062090 0.01106
0.072970 0.01115
0.0844 0.01112
0.09620 0.01104
0.10816 0.01095
0.1201 0.01086
0.1319 0.01082
0.143510 0.01084
0.15492 0.01095
0.16614 0.011190
0.177180 0.01156
0.18804 0.0121
0.19875 0.01283
0.20933 0.01374
0.2197900 0.01486
0.23013 0.0162
0.24039 0.01776
0.25055 0.01955
0.260640 0.02157
0.27063 0.02382
0.28052 0.0263
0.29027 0.029
0.29978 0.03189
0.30891 0.03493
0.31747 0.03804
0.32521 0.04114
0.33198 0.04415
0.33773 0.04704
0.34256 0.04981
0.34658 0.05245
0.35064 0.05554
-Inserting Flap s1223rtl-
0.51146 0.17979
0.51094 0.178420
0.51017 0.17643
0.50915 0.17436
0.50778 0.172190
0.506 0.16978
0.50377 0.167060
0.50108 0.16401
0.49795 0.16066
0.49446 0.1571
0.49073 0.15343
0.48683 0.14973
0.48283 0.14604
0.47877 0.1424
0.47467 0.13884
0.47051 0.135360
0.4663 0.13195
0.462 0.1286
0.4576 0.12528
0.45309 0.12197
0.44845 0.1186400
0.44369 0.1153
0.43886 0.11193
0.43398 0.10856
0.42914 0.10523
0.424390 0.10199
0.41981 0.09893
0.41546 0.09611
0.41137 0.09359
0.4075 0.0914
0.40381 0.08952
0.40022 0.08793
0.39671 0.08661
0.39324 0.08555
0.38982 0.08474
0.38644 0.08417
0.38311 0.08383
0.37987 0.083710
0.37677 0.08379
0.37388 0.08404
0.37127 0.08442
0.36898 0.08488
0.367 0.08538
0.36531 0.08592
0.36387 0.08648
0.36265 0.0870500
0.36159 0.08762
0.36068 0.08818
0.3599 0.08874
0.35923 0.08929
0.35866 0.08984
0.35818 0.09039
0.35779 0.09094
0.35749 0.09151
0.35732 0.09213
0.35736 0.09279
0.35766 0.09341
0.35813 0.09397
0.35875 0.09451
0.35948 0.09506
0.36035 0.09565
0.36139 0.09629
0.36265 0.09702
0.36419 0.09787
0.36615 0.09889
0.36865 0.10015
0.37182 0.10168
0.37566 0.10346
0.38001 0.10537
0.38474 0.10733
0.3898 0.10931
0.39514 0.11135
0.40066 0.11343
0.40627 0.11553
0.41186 0.11763
0.41737 0.11972
0.42279 0.12181
0.42809 0.12391
0.43329 0.12603000
0.43837 0.12818
0.44335 0.13038
0.44822 0.13264
0.45299 0.13496
0.45767 0.13736
0.46226 0.13983
0.46677 0.1424
0.47119 0.1450600
0.47554 0.14781
0.4798 0.15065
0.48397 0.15358
0.488040 0.15659
0.49196 0.15964
0.495680 0.16269
0.499120 0.16568
0.50217 0.16851
0.50479 0.17113
0.50696 0.17351
0.508720 0.17567
0.510120 0.17762
0.51146 0.17979
-Inserting Flap s1223rtl-
0.64622 0.29935
0.64581 0.29795
0.64522 0.2959
0.64439 0.29375
0.64321 0.29146
0.64165 0.28891
0.63967 0.28601
0.63725 0.28273
0.63442 0.27912
0.63126 0.27527
0.62786 0.27129
0.6243 0.26726
0.62064 0.26323
0.61691 0.25926
0.61313 0.255360
0.6093 0.25152
0.60539 0.24776
0.6014 0.24404
0.59731 0.240350
0.5931 0.23666
0.58877 0.23295
0.584320 0.2292
0.5798 0.22542
0.57524 0.22164
0.57071 0.2179
0.56626 0.21426
0.56196 0.21081
0.55787 0.20762
0.55401 0.20476
0.55036 0.20224
0.54684 0.20004
0.5434 0.19815
0.54002 0.19653
0.53666 0.19517
0.53332 0.19406
0.53 0.1932
0.526720 0.19257
0.5235 0.19217
0.52041 0.19198
0.51750 0.19198
0.51487 0.19213
0.51254 0.19238
0.51053 0.19272
0.5088 0.19311
0.50732 0.19354
0.50605 0.19399
0.50495 0.19447
0.50399 0.19495
0.50317 0.19544
0.502450 0.1959300
0.50184 0.19643
0.5013100 0.196930
0.50087 0.19745
0.50053 0.19799
0.5003 0.1986
0.50029 0.19925
0.50052 0.19989
0.50095 0.2005
0.50151 0.20109
0.5022 0.20170
0.5030100 0.20236
0.50399 0.20309
0.50518 0.20393
0.50665 0.20491
0.50851 0.2061
0.51089 0.20757
0.51391 0.20937
0.51758 0.21148
0.52175 0.21376
0.52629 0.21612
0.53116 0.21854
0.5363 0.22104
0.54162 0.22359
0.54702 0.22617
0.552410 0.22875
0.557720 0.23131
0.56293 0.23386
0.56803 0.23642
0.573020 0.23898
0.5779 0.24157
0.58267 0.2442
0.587320 0.24687
0.59187 0.2496
0.59633 0.25239
0.60068 0.25526
0.60495 0.25821
0.60913 0.26124
0.61321 0.26436
0.617210 0.26756
0.62111 0.27085
0.6249 0.2742
0.628540 0.27758
0.63198 0.28095
0.63515 0.28422
0.63795 0.28731
0.64033 0.29014
0.64228 0.29271
0.64384 0.29501
0.64507 0.29707
0.64622 0.29935
*.*.Setup: s1223rtl.txt as Flap 1, Inverted: y, Scale = 1.0, AoA = 9.0, Reposition from (0,0) = (0, 0)*.*.
*.*.Setup: s1223rtl.txt as Flap 2, Inverted: y, Scale = 0.5, AoA = 30.0, Reposition from previous T.E. = (0.02, 0.1), Reposition from (0,0) = (1.0077, 0.2564)*.*.
*.*.Setup: s1223rtl.txt as Flap 3, Inverted: y, Scale = 0.5, AoA = 35.0, Reposition from previous T.E. = (-0.03, 0.05), Reposition from (0,0) = (1.4107, 0.5564)*.*.
*.*.Setup: Scale Ratio = 0.35501*.*.