0.36451 -0.03069
0.36371 -0.031440
0.36211 -0.03289
0.359740 -0.03503
0.35674 -0.0377
0.353250 -0.04071
0.34946 -0.04385
0.34551 -0.04695
0.34154 -0.049830
0.33758 -0.0525
0.33363 -0.05499
0.32968 -0.057320
0.32573 -0.059530
0.32179 -0.06164
0.31785 -0.06367
0.31392 -0.06562
0.30999 -0.06749
0.30606 -0.06929
0.30213 -0.07101
0.2982 -0.07268
0.29428 -0.07428
0.29036 -0.07582
0.28644 -0.0773
0.28252 -0.07873
0.27861 -0.0801
0.27469 -0.08141
0.27078 -0.08266
0.26687 -0.08385
0.26297 -0.08497
0.25906 -0.08604
0.25516 -0.08705
0.25126 -0.08802
0.24736 -0.08896
0.24346 -0.08988
0.23956 -0.09076
0.23567 -0.09161
0.23177 -0.09242
0.22788 -0.09319
0.22398 -0.0939
0.22009 -0.09456
0.21621 -0.09518
0.21232 -0.09574
0.20843 -0.09627
0.20455 -0.09675
0.20067 -0.09718
0.19679 -0.097580
0.192910 -0.09794
0.18903 -0.09827
0.18515 -0.09856
0.18127 -0.09881
0.1774 -0.09902
0.17353 -0.09919
0.16965 -0.09931
0.16578 -0.099390
0.16192 -0.09942
0.15805 -0.09941
0.15418 -0.09934
0.15032 -0.09924
0.14646 -0.09908
0.1426 -0.09888
0.13874 -0.09863
0.13488 -0.09833
0.13103 -0.09798
0.12718 -0.09758
0.12332 -0.09713
0.11947 -0.09663
0.11563 -0.0961
0.11178 -0.09553
0.10793 -0.0949200
0.10409 -0.09427
0.10025 -0.09356
0.09641 -0.09278
0.09257 -0.09193
0.08873 -0.09099
0.0849 -0.08996
0.08107 -0.08884
0.07725 -0.087630
0.07343 -0.08633
0.06961 -0.08495
0.06579 -0.08346
0.06198 -0.081850
0.05818 -0.08012
0.05437 -0.07823
0.05058 -0.07619
0.046790 -0.07398
0.043 -0.07162
0.03922 -0.06912
0.03545 -0.06646
0.03168 -0.06365
0.02792 -0.06062
0.02417 -0.05730
0.02043 -0.05361
0.01671 -0.04947
0.01303 -0.04484
0.00951 -0.039870
0.00632 -0.03473
0.00358 -0.0296
0.00146 -0.02466
7e-05 -0.02008
-0.00043 -0.012420
0.00044 -0.00955
0.00206 -0.00747
0.0044 -0.00623
0.00733 -0.00572
0.0107 -0.00581
0.01437 -0.00634
0.01818 -0.00717
0.02202 -0.008180
0.02584 -0.00933
0.02966 -0.01061
0.03348 -0.01203
0.0373 -0.01357
0.04111 -0.01522
0.04491 -0.01697
0.04872 -0.0188
0.05252 -0.02070
0.05631 -0.02266
0.06011 -0.02467
0.06391 -0.0267
0.0677 -0.02875
0.0715 -0.03081
0.07529 -0.032860
0.07909 -0.0349
0.08289 -0.03692
0.08668 -0.03892
0.09048 -0.04089
0.09428 -0.04283
0.09808 -0.04474
0.10188 -0.04661
0.10569 -0.04844
0.10949 -0.05023
0.1133 -0.05198
0.11711 -0.05368
0.12092 -0.05535
0.12473 -0.05696
0.12854 -0.05853
0.13235 -0.06006
0.13617 -0.061530
0.13999 -0.06296
0.14381 -0.06433
0.14763 -0.06565
0.15145 -0.06692
0.15527 -0.06814
0.1591 -0.0693
0.16293 -0.0704
0.16676 -0.07145
0.170590 -0.07243
0.17443 -0.07336
0.17826 -0.07422
0.1821 -0.075030
0.18594 -0.0758
0.18979 -0.07651
0.19363 -0.07719
0.19748 -0.07782
0.20132 -0.07839
0.20517 -0.0789
0.20902 -0.07934
0.21288 -0.07971
0.21673 -0.08001
0.22059 -0.080240
0.22446 -0.0804
0.22832 -0.08048
0.23219 -0.08050
0.23606 -0.0804500
0.239930 -0.08033
0.2438 -0.080130
0.24768 -0.07986
0.25156 -0.0795
0.25544 -0.07907
0.25933 -0.07855
0.26321 -0.07796
0.2671 -0.07727
0.271 -0.0765
0.2749 -0.07564
0.2788 -0.07469
0.2827 -0.07364
0.28661 -0.07248
0.29052 -0.07123
0.29443 -0.06987
0.2983500 -0.06842
0.30227 -0.06688
0.3062 -0.06526
0.31012 -0.06355
0.31405 -0.06178
0.31798 -0.05992
0.32192 -0.05799
0.325860 -0.05599
0.3298 -0.05392
0.33374 -0.05175
0.33768 -0.04947
0.34164 -0.04707
0.34559 -0.04451
0.34953 -0.04181
0.35331 -0.03909
0.35678 -0.03652
0.35977 -0.03425
0.36213 -0.03243
0.36372 -0.03121
0.36451 -0.03069
-Inserting Flap Ga2-
0.5126 0.05848
0.51246 0.05807
0.51219 0.05725
0.51177 0.05604
0.51124 0.05452
0.51060 0.0528
0.50988 0.05096
0.5091 0.04911
0.50827 0.04733
0.507410 0.04563
0.5065 0.044
0.505580 0.04242
0.50462 0.04088
0.50366 0.03937
0.50267 0.0379
0.50167 0.03646
0.50066 0.03504
0.49963 0.03365
0.498590 0.03228
0.49754 0.030940
0.49648 0.02962
0.49541 0.028320
0.49432 0.02704
0.49323 0.02578
0.49213 0.024540
0.49101 0.02332
0.489890 0.02213
0.48875 0.02095
0.4876 0.0198
0.48644 0.01867
0.48527 0.017560
0.48410 0.01647
0.48291 0.01538
0.48173 0.0143
0.48054 0.01324
0.47934 0.01219
0.47813 0.01115
0.476920 0.01012
0.47569 0.00912
0.47446 0.00813
0.473220 0.00717
0.4719700 0.00621
0.47071 0.00528
0.46945 0.00436
0.46817 0.00345
0.46689 0.00256000
0.4656 0.00168
0.46431 0.00081
0.46301 -4e-05
0.4617 -0.00088
0.4603900 -0.0017
0.45907 -0.002510
0.457740 -0.00331
0.4564 -0.00409
0.45505 -0.00485
0.45369 -0.00559
0.45233 -0.00632
0.45096 -0.00703
0.44958 -0.00773
0.44819 -0.0084
0.44679 -0.00906
0.44538 -0.00971
0.44396 -0.01033
0.44254 -0.01094
0.4411 -0.01153
0.43966 -0.0121
0.4382100 -0.01266
0.43675 -0.01321
0.43529 -0.01374
0.433820 -0.01426
0.43234 -0.01476
0.43084 -0.01523
0.42934 -0.01567
0.42781 -0.01609
0.42627 -0.01647
0.424710 -0.01682
0.42314 -0.01714
0.42155 -0.01743
0.41995 -0.01768
0.41833 -0.0179
0.41668 -0.018080
0.41501 -0.01821
0.41332 -0.01829
0.41159 -0.01831
0.40984 -0.01827
0.408060 -0.01818
0.40625 -0.01804
0.40441 -0.01784
0.40255 -0.01759
0.40065 -0.01726
0.39869 -0.01683
0.39667 -0.01626
0.39456 -0.01553
0.39238 -0.01463
0.39018 -0.01357
0.38807 -0.01239
0.38612 -0.01113
0.38442 -0.00981
0.38304 -0.00847
0.38138 -0.005890
0.38113 -0.00472
0.38129 -0.00368
0.38187 -0.00279
0.3828 -0.00205
0.38399 -0.001420
0.38538 -0.0009
0.38688 -0.00045
0.38841 -6e-05
0.38997 0.00028
0.39156 0.00057
0.39317 0.00082
0.3948 0.00102
0.39646 0.00118
0.39813 0.00131
0.39981 0.0014
0.40151 0.001480
0.40322 0.001530
0.40494 0.00156
0.40666 0.00159
0.40838 0.0016100
0.41011 0.00162
0.41184 0.00164
0.41356 0.00166
0.41528 0.00169
0.417 0.00173
0.41871 0.00178
0.420410 0.001830
0.42211 0.0019
0.42381 0.00199
0.42549 0.00208
0.42717 0.0022
0.42884 0.00232
0.4305 0.00246
0.43216 0.00262
0.43381 0.002790
0.43544 0.002980
0.43707 0.00319
0.43869 0.00342
0.44031 0.003660
0.44191 0.00392
0.4435 0.0042
0.44509 0.00449
0.44666 0.004810
0.44822 0.005140
0.44978 0.0055
0.451320 0.00588
0.45285 0.00628
0.45437 0.0067
0.45588 0.007140
0.45738 0.007600
0.45887 0.00808
0.46036 0.008570
0.46183 0.00908
0.4633 0.00961
0.46476 0.01015
0.4662 0.01072
0.467640 0.01131
0.46906 0.01193
0.47046 0.01257
0.47186 0.01324
0.47324 0.01394
0.47461 0.01465
0.47596 0.0154
0.47731 0.01617
0.47864 0.01696
0.47996 0.01778
0.48126 0.01863
0.48255 0.0195
0.483820 0.020410
0.48508 0.02134
0.48633 0.02231
0.48755 0.0233
0.48877 0.02432
0.48996 0.02538
0.49114 0.02647
0.49231 0.0276
0.49345 0.02876
0.49457 0.02996
0.49568 0.03119
0.49677 0.03246
0.49784 0.03376
0.4989 0.03508
0.49994 0.03644
0.50097 0.037830
0.50199 0.03924
0.502990 0.04067
0.50398 0.04214
0.504960 0.043630
0.50592 0.04515
0.50686 0.04671
0.507770 0.04832
0.50866 0.04998
0.50951 0.05169
0.51031 0.05337
0.51102 0.05495
0.51163 0.05632
0.5121 0.05741
0.51242 0.05815
0.5126 0.05848
-Inserting Flap Ga2-
0.59548 0.20982
0.59564 0.20941
0.59592 0.2086
0.59634 0.20739
0.59685 0.20586
0.597410 0.20411
0.59798 0.20222
0.5985 0.20029
0.59894 0.19837
0.59930 0.1965
0.5996 0.19465
0.59984 0.19284
0.60004 0.19104
0.60020 0.18926
0.600330 0.18749
0.60044 0.18574
0.60051 0.184
0.60056 0.18227
0.60058 0.18055
0.60058 0.17885
0.60055 0.17715
0.60051 0.17547
0.60044 0.17379
0.6003600 0.17213
0.60025 0.17047
0.60012 0.168820
0.59997 0.16719
0.5998 0.16556
0.5996 0.163950
0.599380 0.162350
0.59914 0.16075
0.59889 0.15916
0.59863 0.15758
0.59836 0.156
0.59807 0.15443
0.59778 0.15286
0.59747 0.1513
0.59714 0.14975
0.59679 0.1482
0.59643 0.146670
0.59605 0.14514
0.59565 0.14362
0.59523 0.14211
0.5948 0.1406
0.59436 0.1391
0.5939 0.13761
0.59343 0.13613
0.59294 0.13465
0.59244 0.13317
0.59192 0.13171
0.5914 0.13025
0.590850 0.1288
0.590290 0.12735
0.58972 0.12591
0.589130 0.12449
0.58852 0.12306
0.58789 0.12165
0.58725 0.12024
0.58659 0.11885
0.58591 0.11746
0.585210 0.11608
0.5845 0.1147
0.58377 0.11334
0.58302 0.11198
0.58225 0.11063
0.58147 0.109290
0.58067 0.10796
0.57986 0.10663
0.57903 0.10531
0.578190 0.104
0.57733 0.10269
0.57644 0.1014
0.57553 0.10012
0.57458 0.09886
0.5736 0.09761
0.57259 0.09637
0.57155 0.095150
0.57048 0.09395
0.56937 0.09276
0.56823 0.09159
0.56704 0.09043
0.5658 0.08930
0.56452 0.0882
0.56317 0.08712
0.56177 0.08607
0.56031 0.08505
0.55879 0.08405
0.55722 0.08307
0.5556 0.08212
0.5539 0.08121
0.55209 0.08035
0.55014 0.07955
0.54804 0.078830
0.54576 0.07819
0.54338 0.07768
0.54099 0.0773
0.53867 0.07710
0.536520 0.07709
0.53462 0.07729
0.53172 0.07831
0.5308 0.07907
0.53028 0.08
0.53019 0.08105
0.53047 0.08221
0.53102 0.08344
0.53179 0.08471
0.53269 0.08598
0.533660 0.08723
0.53469 0.08846
0.53576 0.08967
0.536880 0.09085
0.53804 0.09202
0.53924 0.093160
0.54048 0.09429
0.54175 0.0954
0.54304 0.09651
0.54436 0.0976
0.54569 0.09868
0.54703 0.09976
0.54838 0.10084
0.54973 0.10192
0.55108 0.10299
0.55242 0.10407
0.55376 0.10515
0.55509 0.10624
0.55641 0.10733
0.5577200 0.10843
0.55902 0.10953
0.5603 0.11064
0.56157 0.11175
0.56282 0.11287
0.56406 0.1140
0.56528 0.11513
0.56649 0.11628
0.56768 0.11743
0.56885 0.11859
0.57001 0.11975
0.57115 0.12093
0.57227 0.12211
0.573370 0.12330
0.57446 0.1245
0.57552 0.12571
0.57657 0.12693
0.5776 0.12816
0.5786 0.12939
0.57958 0.13064
0.58054 0.13190
0.58148 0.133170
0.5824 0.13444
0.58330 0.13573
0.58418 0.13702
0.58505 0.13833
0.5859 0.13964
0.58673 0.14095
0.58754 0.14228
0.58833 0.14362
0.5891 0.14497
0.58983 0.14633
0.59055 0.1477
0.59123 0.14909
0.5919 0.15049
0.59253 0.15189
0.59314 0.15332
0.593730 0.15475
0.59429 0.15619
0.59482 0.15765
0.59533 0.159120
0.5958 0.16060
0.59625 0.1621
0.59667 0.16361
0.59705 0.16514
0.59741 0.16668
0.59774 0.16823
0.59803 0.1698
0.59829 0.17139
0.59851 0.17299
0.5987 0.17461
0.59884 0.17624
0.59896 0.1779
0.59903 0.179570
0.59908 0.181250
0.5991 0.18295
0.59908 0.18466
0.59904 0.18639
0.59897 0.1881200
0.59888 0.189870
0.59876 0.19164
0.598610 0.19341
0.59843 0.1952
0.59821 0.19701
0.59794 0.19884
0.59761 0.2007
0.59723 0.202570
0.59683 0.20439
0.59642 0.20606
0.596050 0.20752
0.5957500 0.20867
0.59555 0.20945
0.59548 0.20982
*.*.Setup: Ga2.txt as Flap 1, Inverted: y, Scale = 1.0, AoA = -2.0, Reposition from (0,0) = (0, 0)*.*.
*.*.Setup: Ga2.txt as Flap 2, Inverted: y, Scale = 0.4, AoA = 27.0, Reposition from previous T.E. = (0.04, 0.08), Reposition from (0,0) = (1.0377, -0.004)*.*.
*.*.Setup: Ga2.txt as Flap 3, Inverted: y, Scale = 0.4, AoA = 65.0, Reposition from previous T.E. = (0.04, 0.06), Reposition from (0,0) = (1.443, 0.2201)*.*.
*.*.Setup: Scale Ratio = 0.36536*.*.