0.365 0.03836
0.362850 0.03623
0.35973 0.03311
0.35607 0.03006
0.35165 0.0271
0.346270 0.024060
0.33977 0.02079
0.33211 0.01729
0.323380 0.0136
0.313810 0.00981
0.30367 0.00602
0.29319 0.00229
0.282530 -0.001310
0.27181 -0.00477
0.26107 -0.00804
0.25029 -0.011120
0.23946 -0.01401
0.22852 -0.01673
0.2174200 -0.01931
0.2061 -0.02176
0.19455 -0.02414
0.18276 -0.02646
0.17079 -0.02876
0.15875 -0.031030
0.1468 -0.03325
0.13511 -0.03536
0.12388 -0.03729
0.11328 -0.03896
0.10344 -0.04028
0.0943 -0.04117
0.08574 -0.04161
0.07763 -0.04159
0.06989 -0.04113
0.06245 -0.04022
0.0553 -0.03888
0.04843 -0.03711
0.041860 -0.03496
0.03564 -0.03246
0.02986 -0.02969
0.02461 -0.02679
0.01999 -0.023880
0.01604 -0.02108
0.01274 -0.01846
0.01001 -0.01603
0.00776 -0.01376
0.005910 -0.01166
0.0044 -0.00970
0.00316 -0.00787
0.00215 -0.00616
0.00135 -0.004550
0.00074 -0.00303
0.00029 -0.00159
0.000055 -0.00022
-6e-05 0.00111
0.00013 0.00242
0.00076 0.00362
0.00184 0.00455
0.003210 0.00521
0.00483 0.005720
0.00667 0.00614
0.00881 0.00651
0.01131 0.00685
0.0143 0.00717
0.01794 0.00748
0.02249 0.007770
0.02827 0.00804
0.03555 0.00826
0.04429 0.008390
0.05412 0.00835
0.0647 0.00806
0.07593 0.00756
0.08773 0.00691
0.09991 0.0062
0.11226 0.00545
0.12458 0.00472
0.136750 0.00403
0.14874 0.00342
0.160530 0.00292
0.17213 0.00256
0.18354 0.00235
0.194790 0.00232
0.20588 0.00249
0.21685 0.00286
0.22771 0.00345
0.23846 0.00427
0.24913 0.00533
0.25972 0.00663
0.27024 0.00817
0.28069 0.00995
0.29103 0.01198
0.30123 0.014240
0.31121 0.0167
0.32081 0.01935
0.32981 0.0221
0.33797 0.02487
0.345120 0.02761
0.35122 0.03029
0.35635 0.03289
0.36064 0.035390
0.365 0.03836
-Inserting Flap s1223rtl-
0.53744 0.12865
0.53665 0.127360
0.53552 0.12547
0.53411 0.12354
0.53232 0.12157
0.53008 0.11944
0.52732 0.11708000
0.524030 0.11445
0.52024 0.1116
0.51605 0.10861
0.51159 0.10554
0.50696 0.10247
0.50223 0.09943
0.49744 0.09646
0.49263 0.09357
0.48777 0.09077
0.48286 0.08806
0.47789 0.08541
0.47281 0.08282
0.46762 0.080260
0.4623 0.07771
0.45686 0.07516
0.451330 0.0726
0.44577 0.07004
0.44024 0.06752
0.43482 0.065080
0.42961 0.06278
0.42467 0.06069
0.420050 0.05886
0.41573 0.05732
0.41163 0.05607
0.407690 0.0551
0.40388 0.05439
0.400160 0.05393
0.39653 0.05372
0.392980 0.05374
0.389540 0.05399
0.38622 0.05445
0.38308 0.05510
0.38018 0.05587
0.377590 0.05672
0.37533 0.0576
0.37341 0.058470
0.37179 0.05932
0.37043 0.06015
0.369280 0.06095
0.3683 0.06171
0.36748 0.06245
0.36679 0.063160
0.36620 0.06384
0.36572 0.064510
0.36533 0.065150
0.36503 0.06578
0.36483 0.06642
0.36477 0.06708
0.36493 0.06774
0.36534 0.06832
0.36593 0.06881
0.36665 0.06925
0.36749 0.06967
0.36848 0.07011
0.36966 0.07058
0.37107 0.0711
0.3728 0.07169
0.37497 0.07238
0.37774 0.07321
0.381240 0.0742
0.38547 0.07532
0.39025 0.0764800
0.39541 0.077630
0.40092 0.07874
0.40672 0.07986
0.412720 0.08098
0.4188 0.08211
0.424870 0.08325
0.43086 0.08439
0.43675 0.08554
0.44253 0.08673
0.4482 0.08795
0.45376 0.089230
0.45922 0.09058
0.46458 0.092
0.46986 0.09351
0.475050 0.09511
0.48017 0.096810
0.48522 0.09861
0.4902 0.10052
0.49512 0.10254
0.499970 0.10467
0.50474 0.1069
0.509420 0.109230
0.51396 0.11164
0.51830 0.11408
0.52233 0.1165
0.52595 0.11884
0.52909 0.12103
0.531730 0.12307
0.5339 0.124950
0.53568 0.12668
0.53744 0.12865
-Inserting Flap s1223rtl-
0.65839 0.26327
0.65797 0.26181
0.65736 0.25969
0.6565 0.25747
0.65529 0.25510
0.65367 0.252470
0.65162 0.24947
0.64912 0.24608
0.64619 0.24235
0.64293 0.23837
0.63941 0.23425
0.63573 0.23008
0.63195 0.22592
0.6281 0.221820
0.62419 0.21778
0.62022 0.21382
0.61619 0.20993
0.61206 0.20609
0.60783 0.20227
0.60348 0.19846
0.599 0.19462
0.59441 0.19074
0.58973 0.18684
0.58502 0.18292
0.58033 0.17906
0.57573 0.1753
0.57129 0.17173
0.56706 0.16843
0.56307 0.16547
0.55929 0.16287
0.55566 0.1606
0.552110 0.15864
0.54861 0.15697
0.54513 0.15556
0.54168 0.154420
0.53825 0.15352
0.53486 0.15287
0.53153 0.15246
0.528330 0.15226
0.52533 0.15226
0.52261 0.15242
0.52020 0.15268
0.51812 0.15302
0.51634 0.15343
0.5148 0.15387
0.51349 0.15435
0.51235 0.15484
0.51136 0.15533
0.51051 0.15584
0.50977 0.15635
0.50913 0.15686
0.50859 0.15739
0.50814 0.15792
0.50778 0.15848
0.50754 0.1591
0.50753 0.15978
0.50778 0.16044
0.50822 0.16107
0.5088 0.16168
0.50951 0.16231
0.51035 0.16299
0.51136 0.16375
0.51259 0.16461
0.51411 0.1656300
0.51603 0.16686
0.51849 0.16838
0.52162 0.17024
0.52541 0.17242
0.52972 0.17478
0.53441 0.17722
0.53945 0.17972
0.54476 0.1823
0.55026 0.18494
0.55585 0.18761
0.56141 0.19027
0.5669 0.19292
0.57229 0.19556
0.57757 0.1982
0.58273 0.20086
0.58777 0.20353
0.59269 0.206240
0.59751 0.20901
0.602210 0.21183
0.60682 0.214720
0.61132 0.21768
0.61573 0.22073
0.62005 0.22387
0.62428 0.22709
0.62841 0.2304
0.63244 0.2338
0.63636 0.23726
0.64012 0.24075
0.64368 0.244240
0.64695 0.24762
0.64984 0.25081
0.6523 0.25375
0.65432 0.25639
0.65594 0.25877
0.657210 0.260910
0.65839 0.26327
*.*.Setup: s1223rtl.txt as Flap 1, Inverted: y, Scale = 1.0, AoA = 6.0, Reposition from (0,0) = (0, 0)*.*.
*.*.Setup: s1223rtl.txt as Flap 2, Inverted: y, Scale = 0.5, AoA = 20.0, Reposition from previous T.E. = (0.0, 0.075), Reposition from (0,0) = (0.9945, 0.1795)*.*.
*.*.Setup: s1223rtl.txt as Flap 3, Inverted: y, Scale = 0.5, AoA = 35.0, Reposition from previous T.E. = (-0.08, 0.08), Reposition from (0,0) = (1.3844, 0.4305)*.*.
*.*.Setup: Scale Ratio = 0.36701*.*.