0.37363 0.00774
0.37290 0.00689
0.37143 0.005250
0.36925 0.002820
0.36648 -0.00021
0.36326 -0.003640
0.35974 -0.00724
0.35606 -0.0108
0.35233 -0.01416
0.34859 -0.01729
0.34484 -0.02024
0.34108 -0.02303
0.33731 -0.0257
0.33353 -0.02827
0.32975 -0.030750
0.32596 -0.03315
0.32216 -0.035470
0.318360 -0.03771
0.31455 -0.03989
0.31074 -0.042
0.30693 -0.04404
0.303110 -0.04602
0.29928 -0.04795
0.29546 -0.04982
0.29163 -0.05163
0.28779 -0.053380
0.28395 -0.05507
0.28011 -0.0567
0.27626 -0.05825
0.2724 -0.05975
0.26855 -0.0612
0.26469 -0.0626
0.26082 -0.06397
0.25696 -0.06532000
0.25309 -0.06664
0.24923 -0.06792
0.24535 -0.06915
0.24148 -0.07035
0.23760 -0.07149
0.233720 -0.07257
0.22983 -0.07361
0.22594 -0.07461
0.22205 -0.075550
0.21816 -0.07645
0.21426 -0.07731
0.21036 -0.07813
0.20646 -0.07891
0.20255 -0.07966
0.19864 -0.08036
0.19473 -0.08103
0.19082 -0.08166
0.1869 -0.08224
0.182980 -0.08278
0.17905 -0.08328
0.17513 -0.08372
0.1712 -0.08412
0.16726 -0.08447
0.16333 -0.08477
0.15939 -0.08503
0.155440 -0.08524
0.1515 -0.08539
0.14755 -0.0855
0.14359 -0.08556
0.13963 -0.08556
0.13567 -0.08551
0.13171 -0.08542
0.12774 -0.08529
0.12377 -0.08512
0.1198 -0.08491
0.11582 -0.08466
0.111840 -0.08435
0.10786 -0.08398
0.10387 -0.08352
0.09987 -0.08297
0.09587 -0.08233
0.09186 -0.08160
0.08784 -0.08078
0.08382 -0.07987
0.079790 -0.07887
0.07576 -0.07777
0.07172 -0.07655
0.06766 -0.07519
0.0636 -0.07368
0.05952 -0.07201
0.05544 -0.07017
0.05134 -0.068180
0.04723 -0.06603
0.04311 -0.06374
0.03898 -0.0612900
0.034840 -0.05861
0.03067 -0.05564
0.02648 -0.05229
0.02226 -0.04848
0.01802 -0.04417
0.01392 -0.039490
0.01013 -0.03461
0.0068 -0.02969
0.00412 -0.0249
0.00222 -0.02039
0.00089 -0.01266
0.00147 -0.009660
0.00289 -0.00737
0.00513 -0.00586
0.00806 -0.005030
0.01149 -0.004760
0.01528 -0.00491
0.01924 -0.00534
0.02324 -0.00596
0.02725 -0.00672
0.03127 -0.00762
0.0353 -0.008650
0.03934 -0.0098
0.04339 -0.01107
0.04744 -0.01244
0.0515 -0.01390
0.05557 -0.01543
0.05964 -0.01701
0.06371 -0.01864
0.06778 -0.0203
0.07186 -0.02198
0.07593 -0.02366
0.08001 -0.02535
0.08408 -0.02701
0.08816 -0.02866
0.09223 -0.03029
0.0963 -0.03189
0.10037 -0.03345
0.10443 -0.034980
0.108490 -0.03647
0.11255 -0.03793
0.11661 -0.0393400
0.12067 -0.04071
0.12472 -0.04204
0.12876 -0.04332
0.13281 -0.04455
0.13685 -0.04574
0.14089 -0.04688
0.14492 -0.047970
0.148950 -0.04902
0.152980 -0.05
0.157 -0.05094
0.16102 -0.051820
0.16504 -0.05265
0.16905 -0.053420
0.17306 -0.05413
0.177060 -0.05478
0.18106 -0.05538
0.18506 -0.0559
0.189050 -0.05637
0.19303 -0.05679
0.19702 -0.05715
0.201 -0.05747
0.20498 -0.05775
0.2089500 -0.05797
0.21292 -0.05814
0.21689 -0.05825
0.22085 -0.05829
0.22480 -0.05826
0.22875 -0.05815
0.2327 -0.05797
0.23664 -0.05772
0.24057 -0.057390
0.2445 -0.057
0.24843 -0.05653
0.25235 -0.05599
0.25626 -0.05538
0.26017 -0.05469
0.26408 -0.05391
0.26798 -0.05306
0.271870 -0.05212
0.27576 -0.0511
0.27964 -0.04999
0.28351 -0.04879
0.287380 -0.0475
0.29124 -0.04611
0.295090 -0.044630
0.29894 -0.04304
0.30278 -0.04134
0.30661 -0.03955
0.3104400 -0.03765
0.31426 -0.03567
0.318070 -0.0336
0.32188 -0.031450
0.32568 -0.02923
0.32948 -0.02692
0.333270 -0.02455
0.33706 -0.02209
0.34084 -0.01956
0.34461 -0.016940
0.34838 -0.01421
0.35214 -0.01134
0.35588 -0.00831
0.35959 -0.00515
0.36315 -0.00199
0.36639 0.00099
0.36919 0.00362
0.37139 0.00572
0.37288 0.00713
0.37363 0.00774
-Inserting Flap Ga2-
0.51248 0.091380
0.51234 0.09095
0.51206 0.090120
0.51163 0.08889
0.51109 0.08734
0.51044 0.08557
0.5097 0.08370
0.50891 0.08181
0.50806 0.07999
0.50717 0.07825
0.50625 0.07658
0.5053 0.07496
0.50433 0.07339
0.50334 0.07186
0.50233 0.07035
0.50131 0.06888
0.50028 0.06743
0.49923 0.06601
0.49817 0.06461
0.49709 0.06324
0.49601 0.06189
0.49491 0.06056
0.49381 0.05926
0.49269 0.05797
0.49156 0.0567
0.49042 0.05546
0.48927 0.05424
0.488110 0.05304
0.48694 0.05186
0.48575 0.05071
0.48456 0.04957
0.48336 0.04845
0.48215 0.04735
0.480940 0.04625
0.47972 0.04516
0.4785 0.04408
0.47726 0.04302
0.47602 0.04198
0.47477 0.04095
0.47351 0.039940
0.47225 0.03895
0.47097 0.03798
0.46968 0.03702
0.46839 0.03608
0.467090 0.03516
0.46578 0.03424
0.46447 0.03335
0.46314 0.03246
0.46182 0.03159
0.46048 0.03073
0.45914 0.02989
0.45779 0.02906
0.45643 0.02825
0.45506 0.02746
0.45368 0.02668
0.45230 0.02592
0.4509 0.02518
0.44950 0.02445
0.448090 0.02374
0.44667 0.02305
0.44524 0.02237
0.44381 0.02171
0.442360 0.02108
0.4409 0.02046
0.4394400 0.019850
0.43796 0.019270
0.43648 0.0187
0.43499 0.01814
0.43350 0.01759
0.43199 0.01706
0.43048 0.01656
0.42895 0.01607
0.42741 0.01562
0.42586 0.01520
0.42428 0.0148
0.42269 0.01445
0.42109 0.01412
0.41946 0.01383
0.4178200 0.01357
0.41617 0.01334
0.41449 0.01316
0.41278 0.01303
0.41105 0.01295
0.40929 0.01293
0.4075 0.01296
0.40568 0.01306
0.40383 0.0132
0.40195 0.0134
0.40005 0.01366
0.39810 0.014
0.39611 0.01444
0.39404 0.01502
0.39189 0.01577
0.38966 0.01669
0.38742 0.01777
0.38525 0.01897
0.3832600 0.02026
0.38152 0.02161
0.38012 0.02297
0.37842 0.02561
0.37817 0.02681
0.37833 0.02787
0.37892 0.02878
0.37987 0.02954
0.381090 0.03018
0.38251 0.03072
0.38404 0.03118
0.3856 0.03157
0.3872 0.03192
0.38882 0.03222
0.39047 0.03247
0.39213 0.032670
0.39382 0.03284
0.395530 0.03297
0.39725 0.03307
0.39899 0.03314
0.40073 0.03319
0.402490 0.03323
0.40425 0.03325
0.40601 0.03327
0.40777 0.03329
0.40954 0.03331
0.4113 0.03333
0.41306 0.03336
0.41481 0.0334
0.41656 0.03345
0.4183 0.03351
0.42004 0.03358
0.42176 0.03366
0.423490 0.03376
0.4252 0.03388
0.42691 0.034
0.42861 0.034150
0.4303 0.03431
0.43198 0.03449
0.43365 0.03468
0.43532 0.03489
0.43697 0.03512
0.43862 0.03537
0.44026 0.03563
0.44189 0.03592
0.443500 0.036220
0.44511 0.03654
0.44671 0.03689
0.44830 0.03725
0.44987 0.03764
0.45144 0.03804
0.45299 0.03847
0.45453 0.03893
0.45607 0.0394
0.457590 0.03988
0.459110000 0.04039
0.46061 0.0409100
0.46211 0.04145
0.4636 0.042
0.46508 0.04258
0.46654 0.04319
0.467990 0.04382
0.46943 0.04448
0.47086 0.045160
0.47227 0.045870
0.47367 0.0466
0.47505 0.04736
0.47642 0.04815
0.47778 0.04896
0.47913 0.0498
0.48046 0.05066
0.48178 0.051560
0.48308 0.05248
0.484360 0.05344
0.48564 0.05442
0.48689 0.05544
0.48813 0.05648
0.48935 0.05756
0.49056 0.05868
0.49174 0.05982
0.49291 0.06101
0.49406 0.06224
0.49519 0.0635
0.4963 0.06479
0.4974 0.06612
0.49848 0.06748
0.49955 0.06886
0.5006 0.07028
0.50164 0.07172
0.50266 0.07319
0.50367 0.07468
0.50467 0.0762
0.50565 0.07776
0.50661 0.07935
0.50754 0.081
0.50845 0.0827
0.50932 0.08444
0.51014 0.08616
0.51087 0.08777
0.51149 0.0891700
0.51197 0.09029
0.5123 0.09104
0.51248 0.091380
-Inserting Flap Ga2-
0.61203 0.237
0.61214 0.23656
0.61233 0.2357
0.612610 0.23443
0.612950 0.23282
0.61331 0.23098
0.61366 0.22899
0.613960 0.22696
0.61418 0.22497
0.61433 0.22303
0.61441 0.22112
0.61444 0.21925
0.61443 0.2174
0.61438 0.21557
0.6143 0.21376
0.6142 0.21197
0.61407 0.2102
0.61391 0.20844
0.61373 0.20669
0.61353 0.20496
0.6133 0.20325
0.61306 0.20154
0.61279 0.19985
0.6125 0.19817
0.6122 0.1965
0.61187 0.19485
0.61153 0.19321
0.61116 0.19158
0.61077 0.18996
0.61036 0.18836
0.60993 0.18677
0.60948 0.18519
0.60903 0.18362
0.60856 0.18205
0.60809 0.18048
0.6076 0.17893
0.6071 0.17738
0.60659 0.17584
0.60605 0.17432
0.6055 0.1728
0.60493 0.1713
0.60435 0.1698
0.603750 0.16832
0.60313 0.16684
0.6025 0.16537
0.60186 0.16391
0.6012 0.16246
0.60053 0.16102
0.59985 0.15959
0.59916 0.15816
0.598450 0.15674
0.59772 0.155330
0.59698 0.15393
0.59623 0.15254
0.59546 0.15116
0.59467 0.14979
0.59387 0.14843
0.59305 0.14708
0.59221 0.14574
0.59136 0.14441
0.59049 0.14309
0.5896 0.14178
0.5887 0.14048
0.58778 0.1392
0.586840 0.13792
0.58588 0.13665
0.584920 0.1354
0.58393 0.13415
0.58294 0.1329
0.58193 0.13167
0.58090 0.13045
0.57985 0.12924
0.57877 0.12805
0.57766 0.12688
0.57652 0.12573
0.57535 0.1246
0.57415 0.12348
0.57291 0.122390
0.57165 0.12131
0.57035 0.12026
0.569010 0.11923
0.56762 0.11823
0.56618 0.11726
0.56469 0.11633
0.56314 0.115430
0.56154 0.11456
0.55988 0.11372
0.55818 0.11292
0.55642 0.11215
0.55458 0.11143
0.55264 0.11077
0.55057 0.11019
0.54835 0.1097
0.54596 0.10933
0.543490 0.10909
0.54102 0.10899
0.53864 0.10906
0.53646 0.10931
0.53455 0.109740
0.53173 0.11111
0.53089 0.112
0.53048 0.113
0.53051 0.11408
0.53092 0.11522
0.531630 0.1164
0.53256 0.1176
0.53363 0.11878
0.53476 0.11994
0.53595 0.121070
0.53718 0.12216
0.53845 0.12323
0.53977 0.12427
0.54112 0.12529
0.54252 0.12629
0.54394 0.12727
0.54538 0.12824
0.54684 0.12919
0.54832 0.13013
0.54981 0.13107
0.551310 0.132
0.55281 0.13293
0.5543 0.13387
0.5558 0.1348
0.55728 0.13574
0.55876 0.13668
0.56023 0.13763
0.56169 0.13859
0.56313 0.13955
0.56456 0.14053
0.56598 0.14151
0.5673900 0.1425
0.56878 0.14349
0.57015 0.1445
0.57152 0.14552
0.572860 0.14654
0.574190 0.14758
0.5755 0.14863
0.5768 0.14968
0.57807 0.15075
0.57934 0.15183
0.58058 0.15292
0.5818 0.154020
0.58301 0.155130
0.58419 0.15625
0.58536 0.15739
0.58651 0.15854
0.58763 0.1597
0.58873 0.16088
0.58982 0.16206
0.59088 0.16326
0.591930 0.16447
0.59296 0.16569
0.59398 0.16692
0.59498 0.16816
0.59596 0.16941
0.59692 0.17067
0.597860 0.17195
0.59877 0.17324
0.59965 0.17455
0.60052 0.17588
0.60135 0.17722
0.60217 0.178570
0.60295 0.17994
0.60372 0.18132
0.60446 0.18272
0.60517 0.18414
0.60586 0.18557
0.60652 0.18702
0.60715 0.18849
0.60775 0.189970
0.60833 0.19147
0.60887 0.19299
0.60938 0.19453
0.60987 0.19609
0.61032 0.19767
0.61073 0.19926
0.61111 0.20089
0.61146 0.20253
0.61177 0.20419
0.61205 0.20588
0.61229 0.20758
0.61251 0.2093
0.6127 0.21104
0.61286 0.2128
0.613 0.214570
0.61311 0.21635
0.6132 0.21816
0.61326 0.21997
0.61329 0.22181
0.61327 0.22368
0.61322 0.22557
0.61311 0.22749
0.61295 0.22943
0.61275 0.23132
0.61254 0.23307
0.61234 0.2346
0.61217 0.2358
0.61206 0.23661
0.61203 0.237
*.*.Setup: Ga2.txt as Flap 1, Inverted: y, Scale = 1.0, AoA = 4.0, Reposition from (0,0) = (0, 0)*.*.
*.*.Setup: Ga2.txt as Flap 2, Inverted: y, Scale = 0.4, AoA = 27.0, Reposition from previous T.E. = (0.0067, 0.06), Reposition from (0,0) = (1.0077, 0.0807)*.*.
*.*.Setup: Ga2.txt as Flap 3, Inverted: y, Scale = 0.4, AoA = 58.333333333333336, Reposition from previous T.E. = (0.04, 0.06), Reposition from (0,0) = (1.413, 0.3048)*.*.
*.*.Setup: Scale Ratio = 0.37326*.*.