0.36493 -0.005180
0.36419 -0.00598
0.3627 -0.00754
0.360490 -0.009830
0.35768 -0.0127
0.35443 -0.01593
0.35087 -0.01933
0.34715 -0.02268
0.3434 -0.02583
0.33965 -0.02876
0.335880 -0.03151
0.33212 -0.0341
0.32834 -0.03658
0.32457 -0.03896
0.32079 -0.04125
0.31701 -0.04346
0.31322 -0.0456
0.30944 -0.047660
0.305650 -0.04965
0.301860 -0.05158
0.29806 -0.05345
0.29427 -0.05525
0.29047 -0.057
0.28667 -0.05869
0.28287 -0.06033
0.27907 -0.06191
0.27526 -0.06343
0.27146 -0.06488
0.26765 -0.06627
0.26383 -0.06760
0.26002 -0.06888
0.25620 -0.07012
0.25239 -0.07133
0.24857 -0.07251
0.24475 -0.07366
0.24093 -0.07478
0.23711 -0.07586
0.233290 -0.07689
0.22947 -0.07787
0.22564 -0.0788
0.22181 -0.07968
0.21798 -0.080520
0.21415 -0.08131
0.21032 -0.0820600
0.20649 -0.08276
0.20265 -0.08343
0.19881 -0.08406
0.19498 -0.08465
0.19114 -0.08521
0.1873 -0.08573
0.18346 -0.0862
0.17961 -0.08664
0.17577 -0.08704
0.17192 -0.08738
0.16807 -0.08768
0.16422 -0.08794
0.16037 -0.08815
0.15652 -0.08831
0.15267 -0.08842
0.14881 -0.08849
0.14495 -0.08851
0.14109 -0.08848
0.13723 -0.0884
0.13337 -0.08827
0.1295 -0.088090
0.12564 -0.08786
0.12177 -0.0876
0.1179 -0.0873
0.11403 -0.086960
0.11016 -0.08658
0.106290 -0.08614
0.10241 -0.08564
0.09853 -0.08505
0.09465 -0.08438
0.090760 -0.08362
0.08688 -0.08278
0.08298 -0.08184
0.07909 -0.08082
0.07519 -0.0797
0.07129 -0.07849
0.06739 -0.077160
0.06348 -0.07569
0.05956 -0.07408
0.05564 -0.07231
0.05172 -0.07038
0.04779 -0.06829
0.04385 -0.06606
0.03991 -0.06368
0.03596 -0.06115
0.03201 -0.0584
0.02804 -0.05535
0.02406 -0.05194
0.02007 -0.04807
0.01609 -0.043730
0.01224 -0.03902
0.0087 -0.03413
0.005620 -0.02921
0.00317 -0.02444
0.00147 -0.01998
0.00043 -0.012390
0.0011 -0.00948
0.00257 -0.00729
0.00481 -0.00589
0.00769 -0.00519
0.01106 -0.00504
0.01474 -0.00531
0.0186 -0.00587
0.02248 -0.00661
0.026370 -0.00748
0.03026 -0.0085
0.03416 -0.00964
0.03807 -0.01091
0.04197 -0.01229
0.04588 -0.01376
0.04979 -0.01532
0.053710 -0.01695
0.05763 -0.018640
0.06155 -0.02037
0.065470 -0.02212
0.06939 -0.0239
0.07331 -0.025680
0.07723 -0.02747
0.081150 -0.02923
0.08507 -0.03098
0.08899 -0.03271
0.0929 -0.0344
0.09682 -0.03607
0.10074 -0.0377
0.10465 -0.0393
0.10856 -0.04085
0.11247 -0.04237
0.11638 -0.04385
0.12029 -0.04528
0.1242 -0.04667
0.1281 -0.04801
0.13201 -0.04931
0.13591 -0.05056
0.13981 -0.05176
0.14371 -0.05292
0.14761 -0.054020
0.15150 -0.05507
0.15539 -0.05607
0.15929 -0.05701
0.16318 -0.0579
0.1670600 -0.058730
0.17095 -0.059510
0.17483 -0.06022
0.17871 -0.06087
0.18259 -0.06147
0.18647 -0.06201
0.19035 -0.0625
0.19422 -0.06295
0.198090 -0.06335
0.20196 -0.06371
0.20583 -0.06401
0.20970 -0.064250
0.21356 -0.06442
0.21742 -0.06452
0.22128 -0.06455
0.22514 -0.06451
0.229 -0.0644
0.23285 -0.064220
0.2367 -0.06396
0.240540 -0.06364
0.24439 -0.06325
0.24823 -0.06279
0.2520700 -0.06224
0.25591 -0.06162
0.25974 -0.060920
0.26357 -0.06014
0.2674 -0.05927
0.27123 -0.05832
0.27505 -0.05728
0.278870 -0.05615
0.28268 -0.05493
0.2865 -0.05361
0.2903 -0.05219
0.29411 -0.05067
0.29791 -0.04905
0.30171 -0.04733
0.30551 -0.045530
0.3093 -0.043640
0.31309 -0.04167
0.31687 -0.03963
0.32066 -0.03751
0.32444 -0.03532
0.32822 -0.033050
0.332 -0.03071
0.33577 -0.02828
0.33954 -0.02574
0.34331 -0.023070
0.34707 -0.02024
0.35079 -0.01728
0.35437 -0.01432
0.35764 -0.01152
0.36046 -0.00905
0.36268 -0.00708
0.36418 -0.00575
0.36493 -0.005180
-Inserting Flap Ga2-
0.50696 0.09517
0.50687 0.09475
0.50666 0.09391
0.50636 0.09267
0.50596 0.09112
0.50547 0.089350
0.50492 0.087460
0.5043 0.08556
0.503640 0.08372
0.50292 0.08195
0.50217 0.08024
0.50138 0.07859
0.50057 0.07698
0.49974 0.0754
0.49889 0.07385
0.49802 0.07233
0.49714 0.07083
0.49624 0.06936
0.49532 0.06791
0.49439 0.066490
0.49345 0.06508
0.4925 0.0637
0.49153 0.06233
0.49056 0.06098
0.489570 0.05966
0.48857 0.05835
0.48755 0.05706
0.48652 0.0558
0.48548 0.05455
0.48443 0.05333
0.48336 0.05212
0.482290 0.05093
0.48121 0.049750
0.48012 0.04858
0.479030 0.04741
0.47793 0.04626
0.47682 0.04513
0.4757 0.04401
0.47458 0.0429
0.47344 0.04181
0.47229 0.04074
0.47113 0.03969
0.46996 0.038650
0.46878 0.03762
0.46759 0.03661
0.4664 0.03561
0.4652 0.03463
0.46398 0.03365
0.46277 0.03269
0.46154 0.03175
0.46030 0.03081
0.45906 0.02989000
0.457810 0.02899
0.45654 0.0281
0.45527 0.027220
0.45399 0.02636
0.45270 0.02552
0.45139 0.0247
0.45008 0.02389
0.448760 0.02309
0.44743 0.02231
0.44608 0.021550
0.44473 0.02081
0.44337 0.02008
0.44199 0.01937
0.44061 0.01867
0.43921 0.01799
0.43781 0.01732
0.43641 0.01666
0.43499 0.01602
0.43356 0.0154
0.43212 0.0148
0.43066 0.01422
0.42918 0.013680
0.42768 0.01317
0.42616 0.01268
0.42463 0.01223
0.42307 0.01181
0.4215 0.01141
0.41991 0.01105
0.41829 0.01073
0.41664 0.01046
0.41496 0.01023
0.41325 0.01006
0.4115 0.00995
0.40972 0.00988
0.407910 0.00987
0.40607 0.00990
0.4042 0.00999
0.40228 0.01015
0.4003 0.01042
0.39824 0.0108
0.39608 0.011340
0.39383 0.01205
0.391560 0.01291
0.38935 0.0139
0.3873 0.01499
0.3855 0.01615
0.38402 0.01736
0.38214 0.01978
0.38179 0.02092
0.38186 0.02197
0.38236 0.02290
0.38321 0.02372
0.38435 0.024450
0.38568 0.02509
0.38713000 0.02567
0.38862 0.02619
0.39014 0.02666
0.3917 0.02709
0.39327 0.02747
0.39488 0.02782
0.39651 0.02812
0.39816 0.02839
0.39983 0.028630
0.40151 0.02885
0.4032 0.02905
0.40491 0.02924
0.40661 0.02941
0.40833 0.02958
0.41004 0.02975
0.41176 0.02991
0.41347 0.03009
0.41518 0.03026
0.41688 0.03045
0.41858 0.03065
0.42027 0.03085
0.421950 0.03107
0.42362 0.0313
0.42529 0.03154
0.42695 0.0318
0.4286 0.03207
0.43024 0.03236
0.43187 0.03266
0.43349 0.03297
0.4351 0.0333
0.43671 0.033650
0.4383 0.03401
0.43988 0.03439
0.44145 0.03479
0.44301 0.03521
0.44456 0.03564
0.44609 0.03609
0.44762 0.03656
0.44913 0.03705
0.45063 0.03756
0.45212 0.03809
0.45359 0.03864
0.45506 0.039210
0.45651 0.0398
0.45795 0.0404
0.45938 0.04102
0.4608 0.04166
0.46222 0.04231
0.46362 0.04298
0.465 0.04367
0.4663800 0.04438
0.46773 0.04512
0.46908 0.04588
0.47041 0.04666
0.47172 0.04747
0.47302 0.048310
0.4743 0.049160
0.47557 0.05004
0.47682 0.05095
0.47806 0.05188
0.47928 0.05284
0.48049 0.05382
0.48167 0.05483
0.48284 0.05586
0.484 0.05693
0.48513 0.05802
0.48625 0.05915
0.48735 0.0603
0.48842 0.06149
0.48948 0.06271
0.49052 0.06396
0.49153 0.06525
0.49252 0.06657
0.49349 0.06793
0.49445 0.06931
0.49538 0.07073
0.4963 0.07216
0.49721 0.07363
0.49809 0.07512
0.49897 0.07664
0.49982 0.07818
0.50066 0.07974
0.50148 0.08134
0.50228 0.08297
0.50305 0.08465
0.50379 0.08638
0.50449 0.08815
0.50513 0.08990
0.50571 0.09152
0.50619 0.092940
0.50656 0.09407
0.506820 0.09483
0.50696 0.09517
-Inserting Flap Ga2-
0.61149 0.22237
0.61149 0.22194
0.61148 0.22108
0.61146 0.2198
0.61142 0.2182
0.61135 0.21636
0.61123 0.2144
0.61106 0.2124
0.61082 0.21046
0.61052 0.20858
0.61017 0.20675
0.60978 0.20496
0.60935 0.20321
0.6089 0.201480
0.60842 0.19978
0.60791 0.1981
0.60739 0.19645
0.60684 0.19481
0.60628 0.19319
0.6057 0.19159
0.60509 0.19001
0.60448 0.188450
0.60384 0.1869
0.60319 0.18537
0.60253 0.18385
0.60185 0.18235
0.60115 0.18087
0.60043 0.17941
0.59969 0.17796
0.59894 0.17653
0.59818 0.17512
0.5974 0.17372
0.59661 0.17232
0.595820 0.17093
0.59501 0.16956
0.5942 0.16819
0.59338 0.16683
0.59254 0.165480
0.59169 0.16415
0.59082 0.16284
0.58995 0.161540
0.58905 0.16025
0.58815 0.15897
0.58723 0.15771
0.5863 0.15645
0.58536 0.15521
0.5844100 0.15398
0.58345 0.152760
0.58248 0.151550
0.5815 0.150350
0.5805 0.1491600
0.5795 0.14799
0.57848 0.146820
0.57745 0.14567
0.57641 0.14454
0.57535 0.14341
0.57428 0.1423
0.5732 0.1412
0.5721 0.14012
0.57099 0.13904
0.56987 0.13799
0.56873 0.13694
0.56758 0.13591
0.56641 0.1349
0.56523 0.1339
0.56404 0.13291
0.56284 0.13193
0.561620 0.13096
0.5604 0.13
0.55916 0.12906
0.55791 0.12813
0.55664 0.12722
0.55535 0.12633
0.55403 0.12547
0.55268 0.12463
0.55131 0.12382
0.54992 0.12303
0.5485 0.12227
0.54706 0.12153
0.54559 0.12082
0.54408 0.1201500
0.54254 0.11951
0.540950 0.11891
0.53932 0.11836
0.53765 0.11786
0.53593 0.11739
0.53417 0.116970
0.53237 0.11659
0.53052 0.11626
0.52861 0.11598
0.52662 0.11579
0.52453 0.11571
0.5223 0.11575
0.51995 0.11593
0.51755 0.11626
0.51517 0.11673
0.51293 0.11732
0.51091 0.11805
0.50920 0.11889
0.50683 0.120830
0.50623 0.12186
0.50606 0.1229
0.506330 0.12393
0.50698 0.12492
0.50793 0.12588
0.50908 0.12681
0.51036 0.12769
0.5117 0.12854
0.51307 0.12934
0.51449 0.13011
0.51594 0.13083
0.51743 0.13153
0.51895 0.13219
0.5205 0.13283
0.52207 0.13344
0.52366 0.13403
0.52526 0.1346
0.52688 0.13517
0.52851 0.13572
0.53014 0.13627
0.53177 0.13682
0.5334 0.13737
0.535030 0.13792
0.53666 0.13848
0.53827 0.13904
0.53988 0.13962
0.54148 0.1402
0.54307 0.14079
0.54465 0.14139
0.54622 0.142
0.54778 0.14262
0.54933 0.14326
0.55086 0.14391
0.55238 0.14457
0.55389 0.14524
0.55539 0.14592
0.556870 0.14662
0.558340 0.14733
0.5598 0.14806
0.56124 0.1488
0.56266 0.14956
0.56407 0.15033
0.56547 0.15111
0.56685 0.15191
0.56821 0.15273
0.56956 0.15356
0.57089 0.1544100
0.5722 0.15528
0.5735 0.15617
0.574780 0.15707
0.57605 0.157980
0.57731 0.15891
0.57855 0.15984
0.57978 0.1608
0.58099 0.16176
0.58219 0.16275
0.58337 0.16375
0.58453 0.16477
0.58566 0.16582
0.58678 0.16688
0.58788 0.16797
0.58895 0.169070
0.59001 0.1702
0.59105 0.17134
0.59207 0.17250
0.59306 0.173690
0.59404 0.17489
0.59499 0.17612
0.595920 0.17737
0.59683 0.17865
0.59771 0.17994
0.598570 0.18127
0.59941 0.18261
0.60022 0.18398
0.6010 0.18538
0.60176 0.18681
0.60248 0.18826
0.603180 0.18975
0.60385 0.19126
0.60449 0.1928
0.60511 0.19436
0.60571 0.19595
0.60628 0.19756
0.60683 0.19919
0.60736 0.20084
0.60787 0.20251
0.608350 0.20421
0.60882 0.20592
0.60926 0.20766
0.60967 0.20943
0.61004 0.21124
0.61037 0.21309
0.61066 0.21498
0.61089 0.21682
0.61109 0.21853
0.61124 0.22002
0.61135 0.22121
0.61142 0.222
0.61149 0.22237
*.*.Setup: Ga2.txt as Flap 1, Inverted: y, Scale = 1.0, AoA = 2.0, Reposition from (0,0) = (0, 0)*.*.
*.*.Setup: Ga2.txt as Flap 2, Inverted: y, Scale = 0.4, AoA = 32.0, Reposition from previous T.E. = (0.04, 0.08), Reposition from (0,0) = (1.0411, 0.0658)*.*.
*.*.Setup: Ga2.txt as Flap 3, Inverted: y, Scale = 0.4, AoA = 45.0, Reposition from previous T.E. = (-0.01, 0.08), Reposition from (0,0) = (1.3807, 0.3411)*.*.
*.*.Setup: Scale Ratio = 0.36453*.*.