0.37828 -0.03185
0.37745 -0.032630
0.37579 -0.03414
0.373340 -0.03636
0.37022 -0.03913
0.36660 -0.04224
0.36266 -0.04551
0.35856 -0.04872
0.35444 -0.051710
0.35033 -0.05448
0.34623 -0.05706
0.34213 -0.059480
0.33804 -0.061780
0.33395 -0.06397
0.32986 -0.06608
0.32578 -0.0681
0.3217 -0.07004
0.31762 -0.0719
0.31354 -0.0737
0.30947 -0.07542
0.3054 -0.07708
0.30133 -0.07868
0.29726 -0.08022
0.2932 -0.0817
0.28913 -0.08313
0.28507 -0.08449
0.28101 -0.08579
0.27696 -0.08702
0.2729 -0.08818
0.26885 -0.08929
0.2648 -0.09034
0.26075 -0.09135
0.25671 -0.09233
0.25266 -0.09327
0.24861 -0.09419
0.24457 -0.09508
0.24053 -0.09592
0.23649 -0.09671
0.23245 -0.09745
0.22841 -0.09814
0.22437 -0.09877
0.22034 -0.09936
0.21631 -0.0999
0.21228 -0.1004
0.20825 -0.10086
0.20422 -0.101270
0.200190 -0.10164
0.19617 -0.10198
0.19215 -0.10228
0.18812 -0.10254
0.1841 -0.10276
0.18008 -0.10293
0.17606 -0.10306
0.17205 -0.103140
0.16803 -0.10318
0.16402 -0.10316
0.16001 -0.1031
0.156 -0.10299
0.15199 -0.10283
0.14799 -0.10262
0.14398 -0.10236
0.13998 -0.10205
0.13598 -0.10168
0.13198 -0.10126
0.12798 -0.1008
0.12399 -0.10029
0.11999 -0.09973
0.116 -0.09914
0.11201 -0.0985100
0.10802 -0.09783
0.10403 -0.09709
0.10005 -0.09629
0.09607 -0.0954
0.09209 -0.09443
0.08811 -0.09335
0.08414 -0.09219
0.08017 -0.090940
0.0762 -0.08959
0.07224 -0.08816
0.06828 -0.08661
0.06432 -0.084950
0.06037 -0.08314
0.05643 -0.08119
0.05249 -0.07907
0.048560 -0.07678
0.04463 -0.07433
0.04071 -0.07173
0.03679 -0.06897
0.03288 -0.06606
0.02897 -0.06292
0.02508 -0.059470
0.0212 -0.05563
0.01734 -0.05134
0.01352 -0.04654
0.00987 -0.041380
0.00655 -0.03604
0.00372 -0.03072
0.00151 -0.02559
8e-05 -0.02083
-0.00045 -0.012890
0.00046 -0.00991
0.00214 -0.00775
0.00456 -0.00646
0.00761 -0.00594
0.01111 -0.00603
0.01491 -0.00658
0.01887 -0.00744
0.02285 -0.008490
0.02682 -0.00968
0.03079 -0.01102
0.03475 -0.01249
0.03871 -0.01408
0.04266 -0.01579
0.04661 -0.01761
0.05056 -0.01951
0.0545 -0.021490
0.05844 -0.02352
0.06238 -0.0256
0.06632 -0.02771
0.07026 -0.02983
0.0742 -0.03197
0.07814 -0.03410
0.08208 -0.03622
0.08602 -0.03832
0.08996 -0.04039
0.0939 -0.04244
0.09784 -0.04445
0.10179 -0.04643
0.10573 -0.04837
0.10968 -0.05027
0.11363 -0.05213
0.11758 -0.05394
0.12153 -0.05571
0.12548 -0.05744
0.12944 -0.05911
0.1334 -0.06074
0.13735 -0.06232
0.14131 -0.063850
0.14528 -0.06533
0.14924 -0.06676
0.1532 -0.06813
0.15717 -0.06945
0.16114 -0.07071
0.16511 -0.07192
0.16909 -0.07306
0.17306 -0.07415
0.177040 -0.07517
0.18102 -0.07613
0.185 -0.07703
0.18898 -0.077870
0.19297 -0.07866
0.19696 -0.07941
0.20095 -0.08011
0.20494 -0.08076
0.20893 -0.08135
0.21292 -0.08188
0.21692 -0.08234
0.22092 -0.08273
0.22492 -0.08304
0.22893 -0.083270
0.23294 -0.08343
0.23695 -0.08353
0.24096 -0.083540
0.24498 -0.0834900
0.248990 -0.08336
0.25301 -0.083160
0.25704 -0.08287
0.26106 -0.08251
0.26509 -0.08206
0.26912 -0.08152
0.27316 -0.0809
0.2772 -0.08019
0.28124 -0.07939
0.28528 -0.0785
0.28933 -0.07751
0.29338 -0.07642
0.29744 -0.07522
0.3015 -0.07392
0.30556 -0.07251
0.3096200 -0.071
0.31369 -0.06941
0.31777 -0.06772
0.32184 -0.06596
0.32592 -0.06411
0.33 -0.06219
0.33408 -0.06019
0.338170 -0.05811
0.34226 -0.05596
0.34635 -0.05371
0.35044 -0.05134
0.35454 -0.04884
0.35865 -0.04619
0.36274 -0.04339
0.36666 -0.04057
0.37026 -0.0379
0.37336 -0.03554
0.37581 -0.03366
0.37746 -0.03239
0.37828 -0.03185
-Inserting Flap Ga2-
0.4881 0.068740
0.488 0.068290
0.48779 0.06742
0.48747 0.06614
0.48705 0.064520
0.48655 0.06268
0.48598 0.06072
0.48533 0.05873
0.484640 0.05682
0.4839 0.054980
0.48311 0.05321
0.48229 0.0514900
0.48145 0.04981
0.48058 0.04817
0.4797 0.04656
0.4788 0.04498
0.477880 0.04342
0.47694 0.04189
0.47599 0.04038
0.47503 0.0389
0.47405 0.03744
0.47306 0.036
0.47205 0.03458
0.47104 0.03318
0.470010 0.0318
0.46896 0.03044
0.46791 0.0291
0.46684 0.02778
0.46576 0.02649
0.46466 0.02522
0.46355 0.02396
0.462430 0.02272
0.46131 0.02149
0.46018 0.02027
0.459050 0.01906
0.4579 0.01786
0.45675 0.01668
0.45559 0.01551
0.45441 0.014370
0.45323 0.01324
0.45203 0.01212
0.45083 0.01102
0.44961 0.00994
0.44838 0.00888
0.44715 0.00782
0.44591 0.00679
0.44466 0.00576
0.4434 0.00475
0.44213 0.00375
0.44085 0.00276
0.43957 0.00179
0.43827 0.00083
0.43697 -0.00011
0.43566 -0.00103
0.43433 -0.00194
0.433 -0.00283
0.431650 -0.00371
0.4303 -0.00457
0.42894 -0.00541
0.42756 -0.00624
0.42617 -0.007050
0.42478 -0.00784
0.42337 -0.00861
0.42195 -0.00937
0.42052 -0.01011
0.41908 -0.01083
0.41763 -0.01154
0.41617 -0.01224
0.41471 -0.01292
0.41324 -0.01359
0.41175 -0.01424
0.41025 -0.01486
0.40873 -0.01546
0.40719 -0.01603
0.40563 -0.01656
0.40405 -0.01706
0.40246 -0.017540
0.40084 -0.01798
0.39921 -0.01839
0.39755 -0.01876
0.39586 -0.01909
0.39415 -0.01938
0.3924 -0.01961
0.39062 -0.01979
0.38881 -0.01991
0.38696 -0.019980
0.385070 -0.01999
0.38316 -0.01995
0.38121 -0.01986
0.37921 -0.01969
0.37715 -0.01942
0.37501 -0.019020
0.37276 -0.01846
0.37042 -0.01772
0.368060 -0.01682
0.36577 -0.0158
0.36364 -0.01467
0.36176 -0.0134600
0.36022 -0.0122
0.35827 -0.00969
0.3579 -0.0085
0.35797 -0.0074
0.358490 -0.00643
0.35938 -0.00558
0.36056 -0.00483
0.36195 -0.00416
0.363450 -0.00356
0.36501 -0.00302
0.36659 -0.00252
0.3682 -0.00208
0.36985 -0.001680
0.37152 -0.00132
0.37321 -0.00101
0.37493 -0.00073
0.37666 -0.00047
0.37841 -0.000250
0.38017 -4e-05
0.38195 0.00015
0.38372 0.00034
0.38551 0.00051
0.38729 0.00068
0.38907 0.00086
0.39085 0.00104
0.39263 0.00122
0.3944 0.00142
0.39616 0.001620
0.39792 0.00183
0.399670 0.00206
0.40141 0.0023
0.40315 0.002550
0.40487 0.00282
0.40659 0.0031
0.4083 0.00340
0.40999 0.00371
0.41168 0.004040
0.41336 0.00438
0.41502 0.00474
0.41668 0.00512
0.41832 0.00552
0.41996 0.00593
0.42158 0.006360
0.423190 0.00681
0.42479 0.00728
0.42637 0.00777
0.427950 0.00828
0.42951 0.00881
0.43105 0.00936
0.43259 0.00993
0.43411 0.01053
0.43562 0.01114
0.43712 0.01177
0.43861 0.01241
0.44009 0.01307
0.44156 0.013750
0.44301 0.01444
0.44446 0.01516
0.445880 0.0159
0.4473 0.01667
0.44869 0.01746
0.45007 0.01828
0.45144 0.01912
0.45279 0.01999
0.45413 0.02088
0.45544 0.0218
0.45675 0.02274
0.45804 0.023710
0.45931 0.0247
0.46056 0.02572
0.46179 0.02677
0.46301 0.02785
0.46421 0.02896
0.46539 0.0301
0.46655 0.03127
0.4677 0.032470
0.46882 0.0337
0.46992 0.03497
0.47099 0.03627
0.47205 0.03761
0.47308 0.03899
0.47409 0.0404
0.47508 0.04184
0.47606 0.043310
0.47701 0.04481
0.47795 0.04633
0.47887 0.04788
0.47978 0.04946
0.48067 0.05106
0.48155 0.05269
0.4824 0.05435
0.48323 0.05605
0.48403 0.05779
0.4848 0.05959
0.48553 0.06144
0.4862 0.06325
0.48679 0.06494
0.4873 0.06641
0.48769 0.06759
0.487950 0.06838
0.4881 0.068740
-Inserting Flap Ga2-
0.59682 0.19346
0.59682 0.19301
0.59681 0.19211
0.59679 0.19079
0.59675 0.18912
0.59668 0.18721
0.59656 0.18517
0.59638 0.18309
0.59613 0.18107
0.59582 0.17911
0.59545 0.17721
0.59504 0.17535
0.5946 0.17353
0.59413 0.17173
0.59363 0.16996
0.5931 0.16822
0.59256 0.16649
0.59199 0.16479
0.5914 0.163110
0.5908 0.16145
0.59017 0.15980
0.58953 0.15818
0.58887 0.15657
0.58819 0.15497
0.5875 0.1534
0.58679 0.15184
0.58607 0.15029
0.58532 0.14877
0.58455 0.14727
0.58377 0.14578
0.58298 0.1443100
0.58217 0.142850
0.58135 0.1414
0.580520 0.139960
0.57969 0.13852
0.57884 0.1371
0.57798 0.13569
0.57711 0.13429
0.57623 0.13291
0.57533 0.13154
0.57441 0.13018
0.57349 0.12884
0.57254 0.12751
0.57159 0.1262
0.57062 0.1249
0.56965 0.1236
0.568660 0.12232
0.56766 0.12106
0.56665 0.1198
0.56563 0.11855
0.56459 0.11731
0.56355 0.11609
0.56249 0.11488
0.56142 0.11368
0.56033 0.1125
0.55923 0.11133
0.55812 0.11017
0.55699 0.10903
0.55585 0.1079
0.5547 0.10679
0.55353 0.10569
0.55235 0.1046
0.55115 0.10353
0.54994 0.10247
0.54871 0.10143
0.54747 0.100400
0.54622 0.09939
0.544960 0.09838
0.54368 0.09738
0.5424 0.0964
0.54109 0.09543
0.53977 0.09449
0.53843 0.09357
0.53705 0.09267
0.53566 0.0918
0.53423 0.09095
0.53278 0.09013
0.53131 0.08934
0.52981 0.08857
0.52827 0.08784
0.52671 0.08713
0.5251 0.086470
0.523450 0.08585
0.52176 0.08527
0.52002 0.08475
0.51823 0.08427
0.5164 0.08383
0.51452 0.083430
0.5126 0.083090
0.51062 0.0828
0.50855 0.0826
0.50637 0.082510
0.50406 0.08256
0.50161 0.08275
0.49911 0.08309
0.49664 0.08357
0.49431 0.08419
0.49221 0.08495
0.490420 0.08583
0.48796 0.08784
0.48733 0.08892
0.487160 0.09
0.48744 0.09106
0.48812 0.09209
0.4891 0.09309
0.4903 0.09406
0.49163 0.09498
0.49302 0.09586
0.49446 0.09669
0.495930 0.09749
0.49744 0.09825
0.49899 0.09897
0.50057 0.099660
0.50218 0.10032
0.50381 0.10096
0.50546 0.101570
0.50713 0.10217
0.50882 0.10276
0.51051 0.10333
0.5122 0.1039
0.5139 0.10447
0.5156 0.10504
0.51730 0.10562
0.51898 0.1062
0.52067 0.10679
0.52234 0.10738
0.524 0.1079900
0.52566 0.10860
0.5273 0.10923
0.52894 0.10986
0.53056 0.11051
0.53217 0.11117
0.53376 0.11184
0.53534 0.11253
0.53691 0.11323
0.53847 0.11394
0.540010 0.11467
0.541540 0.11541
0.54305 0.116160
0.54455 0.11693
0.54604 0.11772
0.5475 0.11852
0.54896 0.119340
0.55039 0.12017
0.55181 0.121020
0.55321 0.12189
0.5546 0.12277
0.55596 0.12368
0.55731 0.1246
0.558640 0.12553
0.55996 0.12648
0.56127 0.12745
0.56256 0.12842
0.56384 0.12941
0.5651 0.130420
0.566350 0.131440
0.56757 0.13248
0.56878 0.13355
0.56996 0.13464
0.57112 0.13574
0.57226 0.13687
0.57338 0.13802
0.57448 0.13919
0.57556 0.14038
0.57662 0.14159
0.57766 0.14282
0.57867 0.144070
0.57966 0.145350
0.580630 0.14665
0.58157 0.14798
0.58249 0.14933
0.58339 0.1507
0.58426 0.1521
0.5851 0.15353
0.585910 0.15498
0.5867 0.15647
0.58746 0.15798
0.58818 0.15952
0.58888 0.1611
0.58955 0.1627
0.59019 0.16432
0.59081 0.16597
0.5914 0.16765
0.59197 0.16934
0.59252 0.17106
0.59305 0.1728
0.593560 0.17456
0.594050 0.17635
0.5945 0.17816
0.59493 0.18
0.59532 0.18188
0.59566 0.18381
0.59596 0.18577
0.5962 0.18768
0.5964 0.18947
0.59656 0.19102
0.59668 0.19225
0.59676 0.19308
0.59682 0.19346
*.*.Setup: Ga2.txt as Flap 1, Inverted: y, Scale = 1.0, AoA = -2.0, Reposition from (0,0) = (0, 0)*.*.
*.*.Setup: Ga2.txt as Flap 2, Inverted: y, Scale = 0.4, AoA = 32.0, Reposition from previous T.E. = (-0.06, 0.07), Reposition from (0,0) = (0.9377, -0.014)*.*.
*.*.Setup: Ga2.txt as Flap 3, Inverted: y, Scale = 0.4, AoA = 45.0, Reposition from previous T.E. = (-0.01, 0.06), Reposition from (0,0) = (1.2773, 0.2413)*.*.
*.*.Setup: Scale Ratio = 0.37916*.*.