0.35412 0.05609
0.35214 0.05390
0.34925 0.0507
0.34584 0.04753
0.34168 0.04442
0.33658 0.04117
0.33041 0.03766
0.32312 0.03385
0.31479 0.02980
0.30564 0.02562
0.29594 0.0214
0.28591 0.01723
0.2757 0.01316
0.26542 0.00925
0.2551 0.00551
0.24475 0.00195
0.23432 -0.00143
0.22379 -0.00464
0.21309 -0.00772
0.20218 -0.01069
0.19103 -0.0136
0.17965 -0.01647
0.16808 -0.01932
0.15646 -0.02215
0.14491 -0.02493
0.13362 -0.02759
0.12276 -0.030050
0.11251 -0.03222
0.10297 -0.03401
0.0941 -0.03534
0.08577 -0.03621
0.07786 -0.03661
0.07028 -0.03655
0.06298 -0.036040
0.05593 -0.0351
0.04914 -0.03373
0.04263 -0.03196
0.03643 -0.02984
0.03065 -0.02744
0.02538 -0.02487
0.02073 -0.022270
0.016730 -0.01975
0.01337 -0.01736
0.010580 -0.01512
0.00827 -0.01303
0.006360 -0.011070
0.00479 -0.00924
0.00348 -0.00752
0.00241 -0.0059
0.00155 -0.0043700
0.00087 -0.00292
0.00037 -0.001540
0.000086 -0.00021
-0.00012 0.00108000
0.000005 0.00237
0.00056 0.003570
0.00156 0.00453
0.00287 0.00525
0.00442 0.00583
0.0062 0.006330
0.00826 0.0068
0.01069 0.00726
0.01358 0.00773
0.01712 0.00821
0.02154 0.00873
0.02717 0.00929
0.03426 0.00988
0.04278 0.01045
0.05237 0.01091
0.06270 0.01117
0.073690 0.01126
0.08524 0.01123
0.097150 0.01115
0.10924 0.01106
0.1213 0.01097
0.13321 0.01092
0.144930 0.01094
0.15646 0.01106
0.16779 0.01130
0.178940 0.01168
0.18991 0.01223
0.20073 0.01295
0.21141 0.01388
0.2219700 0.01501
0.23242 0.01636
0.24277 0.01794
0.25304 0.01974
0.263230 0.02178
0.27332 0.02406
0.28331 0.02657
0.29315 0.02929
0.30275 0.03221
0.31198 0.03528
0.32062 0.03842
0.32844 0.04155
0.33528 0.04459
0.34109 0.04751
0.34596 0.0503
0.35002 0.05297
0.35412 0.05609
-Inserting Flap s1223rtl-
0.50937 0.17261
0.50884 0.171230
0.50807 0.16922
0.50704 0.16713
0.50565 0.164930
0.50386 0.16251
0.50161 0.159760
0.49889 0.15667
0.49572 0.15329
0.4922 0.1497
0.48843 0.146
0.48449 0.14225
0.48046 0.13852
0.47636 0.13485
0.47221 0.13126
0.46802 0.127740
0.46376 0.1243
0.45942 0.12091
0.45498 0.11756
0.45042 0.11421
0.44573 0.1108600
0.44093 0.10748
0.43604 0.10408
0.43112 0.10067
0.42623 0.09731
0.421440 0.09404
0.41681 0.09095
0.41241 0.0881
0.40828 0.08555
0.40438 0.08334
0.40065 0.08145
0.39703 0.07984
0.39348 0.07851
0.38998 0.07744
0.38652 0.07662
0.38311 0.07604
0.37975 0.07569
0.37648 0.075580
0.37335 0.07566
0.37043 0.07591
0.36779 0.07629
0.36547 0.07676
0.36347 0.07727
0.36177 0.07781
0.36032 0.07838
0.35908 0.0789500
0.35801 0.07952
0.3571 0.08009
0.35631 0.08065
0.35563 0.08121
0.35505 0.08177
0.35457 0.08233
0.35418 0.08288
0.35387 0.08346
0.3537 0.08409
0.35374 0.08474
0.35404 0.08537
0.35452 0.08594
0.35514 0.08649
0.35588 0.08704
0.35676 0.08763
0.35781 0.08828
0.35908 0.08902
0.36064 0.08988
0.36262 0.09091
0.36514 0.09218
0.36834 0.09373
0.37222 0.09552
0.37661 0.09745
0.38139 0.09943
0.3865 0.10144
0.3919 0.10349
0.39747 0.10559
0.40313 0.10771
0.40878 0.10983
0.41435 0.11195
0.41982 0.11406
0.42518 0.11618
0.43042 0.118320000
0.43556 0.12049
0.44058 0.12271
0.4455 0.12499
0.45032 0.12734
0.45505 0.12976
0.45968 0.13226
0.46423 0.13485
0.4687 0.1375300
0.47309 0.14031
0.4774 0.14318
0.48161 0.14614
0.485710 0.14918
0.48967 0.15226
0.493430 0.15535
0.49690 0.15836
0.49999 0.16122
0.50264 0.16387
0.50483 0.16627
0.50660 0.16845
0.508020 0.17042
0.50937 0.17261
-Inserting Flap s1223rtl-
0.66339 0.29336
0.66298 0.29194
0.66239 0.28987
0.66155 0.2877
0.66036 0.28539
0.65878 0.28282
0.65678 0.27988
0.65433 0.27657
0.65148 0.27293
0.64828 0.26904
0.64485 0.26502
0.64125 0.26095
0.63756 0.25688
0.6338 0.25287
0.62998 0.248930
0.6261 0.24506
0.62216 0.24126
0.61813 0.2375
0.614 0.233780
0.60975 0.23005
0.60537 0.2263
0.600890 0.22251
0.59632 0.2187
0.59171 0.21488
0.58713 0.2111
0.58264 0.20743
0.5783 0.20394
0.57417 0.20072
0.57027 0.19783
0.56658 0.19528
0.56303 0.19307
0.55956 0.19115
0.55614 0.18952
0.55275 0.18815
0.54937 0.18703
0.54602 0.18615
0.542710 0.18552
0.53946 0.18511
0.53633 0.18493
0.53340 0.18492
0.53074 0.18507
0.52839 0.18533
0.52636 0.18567
0.52461 0.18606
0.52312 0.1865
0.52183 0.18696
0.52072 0.18744
0.51976 0.18792
0.51892 0.18842
0.51820 0.1889100
0.51758 0.18942
0.5170500 0.189930
0.51661 0.19045
0.51625 0.191
0.51603 0.1916
0.51601 0.19227
0.51625 0.19292
0.51668 0.19353
0.51725 0.19413
0.51794 0.194740
0.5187700 0.19541
0.51975 0.19614
0.52095 0.19699
0.52244 0.19798
0.52431 0.19918
0.52672 0.20067
0.52977 0.20249
0.53348 0.20461
0.53769 0.20692
0.54227 0.2093
0.54719 0.21175
0.55239 0.21427
0.55776 0.21685
0.56321 0.21945
0.568650 0.22206
0.574010 0.22465
0.57928 0.22722
0.58443 0.2298
0.589470 0.23239
0.5944 0.23501
0.59921 0.23766
0.603910 0.24036
0.60851 0.24311
0.61301 0.24594
0.61741 0.24883
0.62172 0.25181
0.62593 0.25487
0.63006 0.25802
0.63410 0.26126
0.63804 0.26457
0.64186 0.26796
0.645540 0.27137
0.64902 0.27477
0.65221 0.27808
0.65504 0.2812
0.65744 0.28406
0.65942 0.28665
0.66099 0.28898
0.66223 0.29106
0.66339 0.29336
*.*.Setup: s1223rtl.txt as Flap 1, Inverted: y, Scale = 1.0, AoA = 9.0, Reposition from (0,0) = (0, 0)*.*.
*.*.Setup: s1223rtl.txt as Flap 2, Inverted: y, Scale = 0.5, AoA = 30.0, Reposition from previous T.E. = (0.0, 0.075), Reposition from (0,0) = (0.9877, 0.2314)*.*.
*.*.Setup: s1223rtl.txt as Flap 3, Inverted: y, Scale = 0.5, AoA = 35.0, Reposition from previous T.E. = (0.02, 0.05), Reposition from (0,0) = (1.4407, 0.5314)*.*.
*.*.Setup: Scale Ratio = 0.35854*.*.