0.34711 0.05498
0.34516 0.052830
0.34233 0.04969
0.33899 0.04659
0.33491 0.04354
0.32991 0.04036
0.32387 0.03691
0.31671 0.03318
0.30855 0.029210
0.29959 0.02511
0.29008 0.02098
0.28024 0.01689
0.27024 0.0129
0.26016 0.00906
0.25005 0.0054
0.2399 0.00191
0.22968 -0.0014
0.21936 -0.00455
0.20887 -0.00757
0.19818 -0.01048
0.18725 -0.01333
0.17609 -0.01614
0.16475 -0.01894
0.15336 -0.02171
0.14204 -0.02443
0.13097 -0.02704
0.12033 -0.029450
0.11028 -0.03158
0.10093 -0.03333
0.09224 -0.03464
0.08408 -0.03549
0.07632 -0.03588
0.06889 -0.03583
0.06173 -0.035330
0.05483 -0.0344
0.04817 -0.03306
0.04178 -0.03133
0.03571 -0.02925
0.03004 -0.0269
0.02488 -0.02438
0.02031 -0.021830
0.01640 -0.01936
0.01311 -0.01702
0.010370 -0.01482
0.00811 -0.01277
0.006240 -0.010850
0.00469 -0.00906
0.00341 -0.00737
0.00237 -0.00579
0.00152 -0.0042900
0.00086 -0.00286
0.00036 -0.001510
0.000086 -0.00021
-0.00012 0.00105000
0.000005 0.00232
0.00055 0.00350
0.00153 0.00444
0.00281 0.00515
0.00433 0.00571
0.00607 0.006210
0.0081 0.00667
0.01047 0.00712
0.01331 0.00757
0.01678 0.00805
0.02112 0.00856
0.02663 0.0091
0.03358 0.00968
0.04194 0.01025
0.05134 0.01069
0.061460 0.01095
0.072230 0.01103
0.08355 0.01101
0.095230 0.01093
0.10707 0.01084
0.11889 0.01075
0.13057 0.01071
0.142060 0.01073
0.15336 0.01084
0.16447 0.011070
0.175390 0.01145
0.18615 0.01198
0.19675 0.0127
0.20722 0.0136
0.2175700 0.01471
0.22781 0.01604
0.23796 0.01758
0.24803 0.01935
0.258010 0.02135
0.26791 0.02358
0.2777 0.02604
0.28734 0.02871
0.29676 0.03157
0.3058 0.03458
0.31427 0.03766
0.32194 0.04072
0.32863 0.0437
0.33433 0.04656
0.33911 0.04931
0.34309 0.05192
0.34711 0.05498
-Inserting Flap s1223rtl-
0.51925 0.15022
0.51851 0.14898
0.51742 0.14717
0.51607 0.14533
0.51436 0.14344
0.51221 0.1414
0.50957 0.13913
0.50642 0.13662
0.502790 0.13389
0.49878 0.13103
0.49451 0.12809
0.49007 0.12514
0.48554 0.12223
0.48096 0.11939
0.47635 0.11662
0.47170 0.11395
0.467 0.11135
0.46223 0.108810
0.45737 0.106330
0.4524 0.10388
0.44731 0.10144
0.4421 0.099
0.43681 0.096540
0.43148 0.09409
0.42618 0.091680
0.421 0.08934
0.416 0.08714
0.41127 0.08514
0.40685 0.08339
0.40271 0.08192
0.39879 0.08072
0.39502 0.07979
0.39136 0.07911
0.3878 0.07867
0.38433 0.07846
0.38093 0.07849
0.37763 0.07873
0.37445 0.07917
0.37145 0.07978
0.36867 0.08053
0.36619 0.081340
0.36403 0.08218
0.36219 0.08302
0.36064 0.08383
0.359330 0.08462
0.35823 0.08539
0.3573 0.08612
0.35651 0.08683
0.35585 0.08751
0.35529 0.08816
0.354830 0.0888
0.35445 0.08941
0.35417 0.090020
0.35398 0.09063
0.353910 0.09126
0.35407 0.09189
0.35446 0.09244
0.355020 0.09291
0.35571 0.09334
0.35652 0.09375
0.357470 0.09416
0.3586 0.09461
0.35995 0.09511
0.3616 0.09567
0.36368 0.09633
0.36634 0.09713
0.36969 0.09808
0.37374 0.09915
0.378310 0.10027
0.38326 0.10136
0.388530 0.10243
0.39409 0.103490
0.39983 0.10457
0.40565 0.10565
0.41146 0.10674
0.4172 0.10783
0.42284 0.10894
0.42837 0.11007
0.4338 0.11125
0.43913 0.11247
0.444360 0.11376
0.44949 0.11512
0.45454 0.11657
0.45952 0.1181
0.46442 0.11972
0.46925 0.12145
0.47402 0.12328
0.47873 0.12522
0.48338 0.12725
0.48795 0.12939
0.49243 0.13162
0.496780 0.13393
0.50093 0.13626
0.504790 0.13858
0.50826 0.14082
0.51126 0.14292
0.51379 0.14487
0.51587 0.14667
0.517570 0.14833
0.51925 0.15022
-Inserting Flap s1223rtl-
0.66412 0.28205
0.66380 0.28063
0.66333 0.27858
0.662630 0.2764
0.6616 0.27407
0.6602 0.27146
0.65841 0.26848
0.656210 0.26510
0.65362 0.26137
0.65072 0.25739
0.64759 0.25326
0.6443 0.24907
0.64092 0.24488
0.6374600 0.24074
0.63395 0.236660
0.63038 0.23266
0.62674 0.22871
0.62301 0.22481
0.61918 0.220920
0.61523 0.21704
0.61117 0.213120
0.606990 0.20916
0.60274 0.20516
0.59845 0.2011600
0.59418 0.1972
0.59 0.19336
0.58595 0.1897
0.58209 0.18631
0.57844 0.18325
0.57497 0.18056
0.57162 0.17819
0.56834 0.17611
0.565090 0.17432
0.56185 0.17278
0.55861 0.17149
0.55538 0.17045
0.55217 0.16964
0.54901 0.16906
0.54597 0.1687
0.5431 0.16853
0.54049 0.16852
0.53817 0.16864
0.53616 0.16885
0.53444 0.16914
0.53295 0.16948
0.53166 0.16986
0.53055 0.17026
0.52958 0.17068
0.52873 0.17112
0.528 0.17156
0.52736 0.17202
0.52681 0.17249
0.52635 0.17298
0.52597 0.173490
0.52571 0.17407
0.52566 0.17472
0.52586 0.17537
0.52625 0.17599
0.526770 0.17661
0.52741 0.17725
0.52818 0.17795
0.52911 0.17873
0.53023 0.17962
0.53163 0.18068
0.53339 0.18196
0.535660 0.18355
0.53855 0.18551
0.54205 0.1878
0.54604 0.1903
0.55039 0.19289
0.55506 0.19556
0.56 0.198320
0.56511 0.20115
0.5703 0.20401
0.57547 0.20687
0.58057 0.209710
0.58558 0.21253
0.59048 0.21535
0.59526 0.21817
0.59993 0.221010
0.60449 0.223880
0.60894 0.22679
0.61328 0.22975
0.61752 0.23277
0.62166 0.23585
0.6257 0.23901
0.62966 0.242250
0.63352 0.245570
0.637290 0.24896
0.64095 0.25243
0.6445 0.25596
0.6479 0.25951
0.651110 0.26304
0.65405 0.26645
0.65664 0.269670
0.65883 0.27261
0.660610 0.27525
0.66202 0.27762
0.66311 0.27973
0.66412 0.28205
*.*.Setup: s1223rtl.txt as Flap 1, Inverted: y, Scale = 1.0, AoA = 9.0, Reposition from (0,0) = (0, 0)*.*.
*.*.Setup: s1223rtl.txt as Flap 2, Inverted: y, Scale = 0.5, AoA = 20.0, Reposition from previous T.E. = (0.02, 0.1), Reposition from (0,0) = (1.0077, 0.2564)*.*.
*.*.Setup: s1223rtl.txt as Flap 3, Inverted: y, Scale = 0.5, AoA = 38.333333333333336, Reposition from previous T.E. = (0.02, 0.065), Reposition from (0,0) = (1.4975, 0.4924)*.*.
*.*.Setup: Scale Ratio = 0.35143*.*.