0.35597 -0.02997
0.35519 -0.030710
0.35363 -0.03212
0.351320 -0.03421
0.34838 -0.03682
0.344980 -0.03975
0.34128 -0.04283
0.33742 -0.04585
0.33354 -0.048660
0.32968 -0.05127
0.32581 -0.0537
0.32196 -0.055980
0.31811 -0.058130
0.31426 -0.0602
0.31041 -0.06218
0.30657 -0.06408
0.30273 -0.06591
0.29889 -0.06766
0.29505 -0.06935
0.29122 -0.07097
0.28739 -0.07254
0.28356 -0.07404
0.27973 -0.07549
0.27591 -0.07688
0.27208 -0.07822
0.26826 -0.07951
0.26444 -0.08073
0.26063 -0.08189
0.25681 -0.08298
0.253 -0.08402
0.24919 -0.08501
0.24538 -0.08596
0.24157 -0.08688
0.23776 -0.08777
0.23395 -0.08864
0.23015 -0.08947
0.22634 -0.09026
0.22254 -0.09101
0.21874 -0.0917
0.21494 -0.09235
0.21114 -0.09295
0.20735 -0.0935
0.20355 -0.09401
0.19976 -0.09448
0.19597 -0.09491
0.19218 -0.09530
0.188390 -0.09565
0.1846 -0.09597
0.18081 -0.09625
0.17703 -0.09649
0.17325 -0.0967
0.16946 -0.09686
0.16568 -0.09699
0.1619 -0.097060
0.15813 -0.09709
0.15435 -0.09708
0.15057 -0.09702
0.1468 -0.09691
0.14303 -0.09676
0.13926 -0.09657
0.13549 -0.09632
0.13173 -0.09603
0.12796 -0.09569
0.1242 -0.09529
0.12044 -0.09485
0.11668 -0.09437
0.11292 -0.09385
0.10916 -0.09329
0.10541 -0.092700
0.10165 -0.09206
0.0979 -0.09137
0.09415 -0.09061
0.0904 -0.08978
0.08666 -0.08886
0.08291 -0.08785
0.07918 -0.08676
0.07544 -0.085580
0.07171 -0.08431
0.06798 -0.08296
0.06425 -0.08151
0.06053 -0.079940
0.05681 -0.07824
0.0531 -0.0764
0.04939 -0.0744
0.045690 -0.07225
0.042 -0.06995
0.03831 -0.0675
0.03462 -0.0649
0.03094 -0.06216
0.02726 -0.05921
0.0236 -0.055960
0.01995 -0.05235
0.01632 -0.04831
0.01272 -0.04379
0.00929 -0.038940
0.00617 -0.03392
0.0035 -0.02891
0.00143 -0.02408
7e-05 -0.01961
-0.00042 -0.012130
0.00043 -0.00933
0.00201 -0.00729
0.00429 -0.00608
0.00716 -0.00559
0.01045 -0.00567
0.01403 -0.00619
0.01776 -0.007
0.0215 -0.007990
0.02524 -0.00911
0.02897 -0.01037
0.0327 -0.01175
0.03642 -0.01325
0.04014 -0.01486
0.04386 -0.01657
0.04757 -0.01836
0.05129 -0.020220
0.055 -0.02213
0.0587 -0.02409
0.06241 -0.02607
0.06612 -0.02807
0.06983 -0.03008
0.07353 -0.032090
0.07724 -0.03408
0.08095 -0.03606
0.08465 -0.03801
0.08836 -0.03994
0.09207 -0.04183
0.09579 -0.04369
0.0995 -0.04552
0.10321 -0.0473
0.10693 -0.04905
0.11065 -0.05076
0.11436 -0.05243
0.11808 -0.05405
0.12181 -0.05563
0.12553 -0.05716
0.12925 -0.05865
0.13298 -0.060090
0.13671 -0.06148
0.14044 -0.06282
0.14417 -0.06412
0.1479 -0.06536
0.15164 -0.06654
0.15538 -0.06768
0.15911 -0.06876
0.16286 -0.06977
0.16660 -0.07074
0.17034 -0.07164
0.17409 -0.07248
0.17784 -0.073280
0.18159 -0.07402
0.18534 -0.07472
0.1891 -0.07538
0.19285 -0.07599
0.19661 -0.07655
0.20037 -0.07705
0.20413 -0.07749
0.20789 -0.07785
0.21166 -0.07814
0.21543 -0.078360
0.2192 -0.07851
0.22297 -0.0786
0.22675 -0.078620
0.23053 -0.0785700
0.234310 -0.07845
0.23809 -0.078250
0.24188 -0.07799
0.24567 -0.07764
0.24946 -0.07722
0.25325 -0.07672
0.25705 -0.07613
0.26085 -0.07546
0.26465 -0.07471
0.26846 -0.07387
0.27227 -0.07294
0.27608 -0.07191
0.2799 -0.07079
0.28372 -0.06956
0.28754 -0.06823
0.2913700 -0.06682
0.2952 -0.06531
0.29903 -0.06373
0.30286 -0.06207
0.3067 -0.06033
0.31054 -0.05852
0.31438 -0.05664
0.318230 -0.05468
0.32207 -0.05266
0.32592 -0.05054
0.32978 -0.04832
0.33364 -0.04596
0.3375 -0.04346
0.34135 -0.04083
0.34504 -0.03818
0.34842 -0.03567
0.35135 -0.03345
0.35365 -0.03168
0.3552 -0.03048
0.35597 -0.02997
-Inserting Flap Ga2-
0.5006 0.05712
0.50047 0.05671
0.50019 0.05591
0.49979 0.05473
0.49927 0.05325
0.498650 0.05156
0.49795 0.04977
0.49718 0.04796
0.49637 0.04623
0.495530 0.04456
0.49465 0.04297
0.493740 0.04142
0.49281 0.03992
0.49186 0.03845
0.4909 0.03701
0.48993 0.0356
0.48894 0.03422
0.48793 0.03286
0.486920 0.03153
0.48589 0.030210
0.48486 0.02892
0.48381 0.027660
0.48275 0.02641
0.48168 0.02518
0.4806 0.023970
0.47952 0.02278
0.478420 0.02161
0.47731 0.02046
0.47618 0.01934
0.47505 0.01824
0.47391 0.017150
0.472760 0.01608
0.47161 0.01502
0.47045 0.01397
0.46928 0.01293
0.46811 0.0119
0.46694 0.01089
0.465750 0.00989
0.46456 0.00891
0.46335 0.00794
0.462140 0.007
0.4609200 0.00607
0.45969 0.00515
0.45845 0.00425
0.45721 0.00337
0.45596 0.0025000
0.4547 0.00164
0.45344 0.00079
0.45217 -4e-05
0.45089 -0.00086
0.4496100 -0.00166
0.44832 -0.002450
0.447020 -0.00323
0.44571 -0.00399
0.44439 -0.00473
0.44307 -0.00546
0.44174 -0.00617
0.4404 -0.00687
0.43905 -0.00755
0.43769 -0.00821
0.43633 -0.00885
0.43495 -0.00948
0.43357 -0.01009
0.43218 -0.01068
0.43078 -0.01126
0.42937 -0.01182
0.4279500 -0.01237
0.42653 -0.0129
0.4251 -0.01342
0.423660 -0.01392
0.42221 -0.01441
0.42076 -0.01487
0.41928 -0.01531
0.41779 -0.01571
0.41629 -0.01609
0.414770 -0.01643
0.41323 -0.01674
0.41168 -0.01702
0.41012 -0.01727
0.40853 -0.01748
0.40693 -0.017660
0.4053 -0.01779
0.40364 -0.01786
0.40196 -0.01788
0.40024 -0.01785
0.39850 -0.01776
0.39674 -0.01762
0.39494 -0.01742
0.39313 -0.01718
0.39127 -0.01686
0.38936 -0.01643
0.38738 -0.01588
0.38532 -0.01517
0.38319 -0.01428
0.38105 -0.01325
0.37898 -0.0121
0.37708 -0.01087
0.37542 -0.00958
0.37407 -0.00828
0.37245 -0.005760
0.37221 -0.00461
0.37237 -0.00359
0.37293 -0.00272
0.37383 -0.002
0.375 -0.001390
0.37636 -0.00087
0.37782 -0.00044
0.37932 -5e-05
0.38084 0.00028
0.38239 0.00056
0.38396 0.0008
0.38556 0.001
0.38717 0.00115
0.3888 0.00128
0.39045 0.00137
0.39211 0.001440
0.39378 0.001490
0.39546 0.00153
0.39714 0.00155
0.39882 0.0015700
0.40051 0.00159
0.40219 0.0016
0.40388 0.00162
0.40556 0.00165
0.40723 0.00169
0.40891 0.00173
0.410570 0.001790
0.41223 0.00186
0.41388 0.00194
0.41553 0.00204
0.41717 0.00214
0.4188 0.00227
0.42042 0.00241
0.42204 0.00256
0.42365 0.002730
0.42525 0.002920
0.42684 0.00312
0.42842 0.00334
0.43 0.003570
0.43156 0.00383
0.43312 0.0041
0.43466 0.00439
0.4362 0.00470
0.43773 0.005020
0.43925 0.00537
0.440750 0.00574
0.44225 0.00613
0.44373 0.00654
0.44521 0.006970
0.44667 0.0074200
0.44813 0.00789
0.44958 0.008370
0.45102 0.00887
0.45245 0.00938
0.45388 0.00992
0.45529 0.01047
0.456690 0.01105
0.45807 0.01165
0.45945 0.01228
0.46081 0.01293
0.46216 0.01361
0.4635 0.01431
0.46482 0.01504
0.46613 0.01579
0.46743 0.01656
0.46872 0.01736
0.46999 0.01819
0.47125 0.01905
0.472490 0.019930
0.47372 0.02084
0.47494 0.02178
0.47614 0.02275
0.47732 0.02375
0.47849 0.02479
0.47964 0.02585
0.48078 0.02695
0.4819 0.02808
0.48299 0.02925
0.48407 0.03046
0.48514 0.0317
0.48619 0.03297
0.48722 0.03426
0.48824 0.03559
0.48924 0.036940
0.49024 0.03832
0.491220 0.03972
0.49218 0.04115
0.493140 0.042610
0.49407 0.04409
0.49499 0.04562
0.495880 0.04719
0.49675 0.04881
0.49758 0.05048
0.49836 0.05212
0.49906 0.05366
0.49965 0.055
0.50011 0.05607
0.50042 0.05679
0.5006 0.05712
-Inserting Flap Ga2-
0.60291 0.17805
0.60291 0.17762
0.6029 0.17678
0.60288 0.17553
0.60284 0.17396
0.60277 0.172170
0.60266 0.17025
0.602490 0.16829
0.60226 0.16639
0.60196 0.16455
0.60162 0.16276
0.60123 0.16101
0.60081 0.159290
0.60037 0.1576
0.5999 0.15594
0.59941 0.15429
0.59889 0.15267
0.59836 0.1510700
0.597810 0.14949
0.597240 0.147920
0.59665 0.14638
0.59604 0.14485
0.59542 0.14333
0.59479 0.14183
0.59414 0.14035
0.59347 0.13888
0.59279 0.13743
0.59208 0.136
0.59136 0.13458
0.59063 0.13318
0.58988 0.1318
0.58911 0.13042
0.588340 0.12906
0.58757 0.1277
0.58678 0.12635
0.585990 0.12501
0.585180 0.12368
0.58436 0.12237
0.58353 0.12107
0.58268 0.11978
0.58182 0.1185
0.58095 0.11724
0.58006 0.11599
0.57916 0.11475
0.57825 0.11353
0.57733 0.11231
0.5764 0.11111
0.57546 0.10992
0.574510 0.10873
0.57355 0.10756
0.57258 0.10639
0.57159 0.10524
0.5706 0.1041
0.56959 0.10298
0.56857 0.10186
0.56753 0.10076
0.566490 0.09967
0.56543 0.09860
0.56435 0.09754
0.56327 0.09649
0.56217 0.095450
0.56106 0.09443
0.55993 0.09342
0.55879 0.09243
0.55763 0.09145
0.55647 0.09048
0.55529 0.08952
0.5541 0.08858
0.5529 0.08764
0.5516900 0.08671
0.55046 0.08581
0.54922 0.08491
0.54795 0.08405
0.546660 0.0832
0.54535 0.08238
0.54401 0.081590
0.54264 0.08082
0.54125 0.08007
0.53984 0.07935
0.5384 0.07865
0.53693 0.07799
0.53542 0.07737
0.53386 0.07678
0.53227 0.07624
0.53063 0.07575
0.528950 0.0753
0.52722 0.07488
0.52546 0.07451
0.52365 0.07418
0.521790 0.07392
0.51984 0.07373
0.517790 0.07365
0.51561 0.07369
0.51331 0.07387
0.510950 0.07419
0.50863 0.07464
0.50644 0.07523
0.50446 0.07594
0.50278 0.07676
0.50046 0.07866
0.499880 0.07967
0.499710 0.08069
0.49998 0.08169
0.50062 0.08266
0.50154 0.0836
0.50267 0.08451
0.503920 0.085380
0.50523 0.0862
0.50658 0.08699
0.50796 0.08774
0.50939 0.08845
0.51084 0.08913
0.51233 0.08978
0.51384 0.0904
0.51538 0.091
0.51693 0.09158
0.51851 0.09214
0.52009 0.09269
0.52168 0.09324
0.52328 0.093780
0.52488 0.09431
0.52648 0.09485
0.52807 0.09539
0.52966 0.09593
0.531240 0.09649
0.53282 0.09705
0.53438 0.09762
0.53594 0.09819
0.53749 0.09878
0.5390200 0.09938
0.54055 0.09999
0.54206 0.10061
0.54356 0.10125
0.5450500 0.10189
0.546530 0.10255
0.548 0.10322
0.54945 0.1039
0.55088 0.1046
0.55231 0.10531
0.55372 0.10604
0.55511 0.10678
0.5565 0.107530
0.55786 0.1083
0.55921 0.10908
0.56055 0.10988
0.56187 0.1107
0.56317 0.11153
0.56446 0.11238
0.56573 0.11325
0.56698 0.114130
0.568220 0.11502
0.56945 0.11593
0.57067 0.116850
0.57187 0.11778
0.57306 0.11872
0.574230 0.11969
0.57538 0.12067
0.57652 0.12167
0.57763 0.12269
0.57872 0.12374
0.57979 0.1248
0.58085 0.12588
0.58189 0.12698
0.5829 0.1281
0.5839 0.12924
0.58487 0.1304
0.58583 0.13158
0.58676 0.13278
0.58767 0.134
0.58856 0.13525
0.58942 0.13652
0.59026 0.13781
0.59108 0.139130
0.59187 0.14047
0.59264 0.14184
0.59338 0.14324
0.59409 0.14466
0.59477 0.14612
0.59543 0.14759
0.59606 0.1491
0.59666 0.15063
0.59725 0.15218
0.59781 0.15376
0.59834 0.155360
0.59886 0.15697
0.59936 0.15861
0.59984 0.16027
0.60029 0.16195
0.600730 0.16365
0.60113 0.16538
0.60149 0.167160
0.601810 0.16897
0.60209 0.17081
0.60232 0.17261
0.60251 0.17429
0.60266 0.17575
0.602770 0.17691
0.60284 0.17769
0.60291 0.17805
*.*.Setup: Ga2.txt as Flap 1, Inverted: y, Scale = 1.0, AoA = -2.0, Reposition from (0,0) = (0, 0)*.*.
*.*.Setup: Ga2.txt as Flap 2, Inverted: y, Scale = 0.4, AoA = 27.0, Reposition from previous T.E. = (0.04, 0.08), Reposition from (0,0) = (1.0377, -0.004)*.*.
*.*.Setup: Ga2.txt as Flap 3, Inverted: y, Scale = 0.4, AoA = 45.0, Reposition from previous T.E. = (-0.01, 0.07), Reposition from (0,0) = (1.393, 0.2301)*.*.
*.*.Setup: Scale Ratio = 0.3568*.*.