0.3683900000 -0.0181
0.36762 -0.01889
0.36606 -0.0204
0.36374 -0.02264
0.36081 -0.02544
0.35741 -0.02859
0.35369 -0.03189
0.34982 -0.03515
0.34592 -0.0382
0.342030 -0.04103
0.33813 -0.04367
0.33423 -0.04616
0.33033 -0.04852
0.32644 -0.05079
0.32254 -0.05298
0.31864 -0.05508
0.31475 -0.0571
0.31085 -0.05905
0.30695 -0.06093
0.30306 -0.06274
0.29916 -0.06449
0.29526 -0.06618
0.29136 -0.06781
0.28747 -0.06939
0.28357 -0.070910
0.27967 -0.07237
0.275780 -0.07377
0.27188 -0.07511
0.26798 -0.07637
0.26409 -0.07758
0.26019 -0.07874
0.25629 -0.07986
0.252390 -0.08094
0.2485 -0.082
0.2446 -0.083030
0.2407 -0.08403
0.23681 -0.08498
0.23291 -0.08589
0.229010 -0.08674
0.22512 -0.087550
0.22122 -0.0883
0.21732 -0.08901
0.21342 -0.08967
0.20953 -0.09029
0.20563 -0.09087
0.20173 -0.09141
0.19784 -0.09191
0.19394 -0.09237
0.19004 -0.0928
0.18615 -0.09319
0.18225 -0.09354
0.17835 -0.09384
0.17445 -0.0941
0.17056 -0.09432
0.16666 -0.09449
0.16276 -0.09461
0.15887 -0.09468
0.15497 -0.09471
0.15107 -0.09469
0.14718 -0.09462
0.14328 -0.09451
0.139380 -0.09434
0.13549 -0.09412
0.13159 -0.09385
0.12769 -0.09354
0.12379 -0.09317
0.1199 -0.09277
0.1160 -0.09233
0.1121 -0.09185
0.10821 -0.09133
0.10431 -0.09075
0.10041 -0.090110
0.09652 -0.089380
0.092620 -0.08857
0.08872 -0.08766
0.08482 -0.08667
0.08093 -0.08558
0.07703 -0.08441
0.07313 -0.08315
0.06924 -0.08179
0.06534 -0.0803
0.06144 -0.07869
0.05755 -0.0769200
0.05365 -0.07499
0.04975 -0.0729100
0.04585 -0.070660
0.04196 -0.06827
0.03806 -0.06572
0.03416 -0.06303
0.03027 -0.06011
0.026370 -0.05689
0.02247 -0.05330
0.01858 -0.04926
0.0147 -0.04473
0.01099 -0.03984
0.00759 -0.03478
0.00465 -0.0297
0.00234 -0.0248
0.00078 -0.02023
0.000000 -0.01253
0.00078 -0.00961
0.00234 -0.00745
0.00465 -0.00612
0.00759 -0.00551
0.01099 -0.00548
0.0147 -0.00588
0.01858 -0.00659
0.02247 -0.00746
0.026370 -0.00849
0.03027 -0.00965
0.03416 -0.01095
0.03806 -0.01236
0.04196 -0.01389
0.04585 -0.01552
0.04975 -0.01723
0.05365 -0.01902
0.05755 -0.02086
0.06144 -0.02274
0.06534 -0.02465
0.06924 -0.02659
0.07313 -0.02853
0.07703 -0.03046
0.08093 -0.03239
0.08482 -0.03429
0.08872 -0.03617
0.092620 -0.03802
0.09652 -0.03984
0.10041 -0.04163
0.10431 -0.04338
0.10821 -0.04509
0.1121 -0.04676
0.1160 -0.04839
0.1199 -0.04998
0.12379 -0.051520
0.12769 -0.05301
0.13159 -0.05446
0.13549 -0.055860
0.139380 -0.0572100
0.14328 -0.05851
0.14718 -0.05977
0.15107 -0.06096
0.15497 -0.06211
0.15887 -0.0632
0.16276 -0.06423
0.16666 -0.06521
0.17056 -0.06613
0.17445 -0.06699
0.17835 -0.06778
0.18225 -0.06852
0.18615 -0.06920
0.19004 -0.069840
0.19394 -0.07042
0.19784 -0.07097
0.20173 -0.071460
0.20563 -0.07191
0.20953 -0.07229
0.21342 -0.0726
0.21732 -0.07284
0.22122 -0.073
0.22512 -0.0731
0.229010 -0.07312
0.23291 -0.07307
0.23681 -0.07295
0.2407 -0.07276
0.2446 -0.07250
0.2485 -0.07217
0.252390 -0.07175
0.25629 -0.07126
0.26019 -0.07069
0.26409 -0.07003
0.26798 -0.06929
0.27188 -0.06847
0.275780 -0.06756
0.27967 -0.06655
0.28357 -0.06545
0.28747 -0.06425
0.29136 -0.06295
0.29526 -0.06155
0.29916 -0.06005
0.30306 -0.05845
0.30695 -0.05676
0.31085 -0.05498
0.31475 -0.05313
0.31864 -0.05120
0.32254 -0.04919
0.32644 -0.04711
0.33033 -0.04496
0.33423 -0.04273
0.33813 -0.04041
0.342030 -0.03797
0.34592 -0.03541
0.34982 -0.032690
0.35369 -0.02983
0.35741 -0.02696
0.36081 -0.02425
0.36374 -0.02185
0.36606 -0.019940
0.36762 -0.01865
0.3683900000 -0.0181
-Inserting Flap Ga2-
0.49965 0.083320
0.49956 0.082890
0.49935 0.08204
0.49904 0.08079
0.49864 0.07922
0.49815 0.077430
0.49759 0.07552
0.49697 0.0736
0.496290 0.07174
0.495570 0.069950
0.49481 0.06823
0.49401 0.066560
0.49319 0.06493
0.49235 0.06333
0.49149 0.06177
0.49062 0.06023
0.489720 0.05872
0.48881 0.05723
0.48789 0.05577
0.48695 0.05432
0.4860 0.0529
0.48504 0.0515
0.48406 0.05012
0.48307 0.04876
0.48207 0.04742
0.48106 0.0461
0.480040 0.0448
0.479 0.04352
0.477940 0.04227
0.47688 0.04103
0.4758 0.03981
0.474720 0.0386
0.47363 0.037410
0.47253 0.03623
0.47142 0.03505
0.47031 0.03389
0.46919 0.03274
0.46806 0.0316
0.46692 0.03049
0.46577 0.02939
0.46461 0.02831
0.46344 0.02724
0.46226 0.026190
0.46107 0.02515
0.45987 0.02413
0.458660 0.02312
0.45744 0.02213
0.45622 0.02114
0.45499 0.02017
0.45375 0.01921
0.4525 0.01827
0.45124 0.01734
0.44998 0.01643
0.4487 0.01553
0.44741 0.014640
0.44612 0.01378
0.44481 0.01293
0.4435 0.01209
0.44217 0.01127
0.44083 0.01047
0.43949 0.00968
0.43813 0.008910
0.43676 0.00816
0.43538 0.00742
0.43399 0.00671
0.43259 0.006
0.43119 0.00531
0.42977 0.00464
0.42835 0.00397
0.42692 0.00332
0.42547 0.00269
0.42401 0.00209
0.42254 0.00151
0.42104 0.00096
0.4195300 0.00044
0.4180 -5e-05
0.41644 -0.00051
0.41487 -0.00094
0.41328 -0.00134
0.41167 -0.0017
0.41004 -0.00202
0.40837 -0.0023
0.40668 -0.00253
0.40495 -0.0027
0.40318 -0.00282
0.40138 -0.00288
0.39955 -0.00289
0.397690 -0.002860
0.3958 -0.00277
0.39386 -0.00261
0.39186 -0.00234
0.38977 -0.001950
0.38759 -0.00140
0.38532 -0.00069
0.38302 0.00018
0.3808 0.00118
0.378720 0.00228
0.3769 0.003450
0.3754 0.00467
0.37351 0.00712
0.37315 0.00827
0.37322 0.00934
0.373730 0.01028
0.37459 0.01111
0.37574 0.01184
0.37709 0.01249
0.37855 0.01307
0.38006 0.0136
0.3816 0.01408
0.383160 0.01451
0.38476 0.01490
0.38638 0.01524
0.38803 0.01555
0.38969 0.01582
0.39138 0.016070
0.39308 0.01629
0.39479 0.01649
0.39651 0.01668
0.39824 0.01686
0.39997 0.01703
0.40171 0.01719
0.40344 0.01736
0.40517 0.01754
0.40689 0.01772
0.40861 0.01791
0.41033 0.01810
0.41204 0.01831
0.41374 0.01853
0.41543 0.01876
0.41711 0.0190100
0.41879 0.01927
0.42046 0.01954
0.42212 0.019830
0.42376 0.02013
0.4254 0.02045
0.42703 0.02079
0.42865 0.02114
0.43026 0.02151
0.43186 0.02189
0.43344 0.02229
0.43502 0.022710
0.4365800 0.02315
0.43814 0.0236
0.4396800 0.02408
0.441210 0.02457
0.44272 0.02509
0.44423 0.02562
0.44572 0.02618
0.4472 0.02676
0.44866 0.02735
0.45012 0.02796
0.45157 0.02859
0.4530 0.02923
0.45443 0.029890
0.45585 0.03056
0.45725 0.03126
0.45864 0.03198
0.46001 0.03273
0.461370 0.0335
0.46271 0.03429
0.46403 0.03511
0.46535 0.03595
0.46664 0.03682
0.46793 0.03771
0.46919 0.03862
0.47044 0.039560
0.47168 0.04053
0.4729 0.04152
0.4741 0.04254
0.47528 0.04359
0.47644 0.04467
0.477590 0.04577
0.47872 0.04691
0.47983 0.04808
0.48092 0.04927
0.48199 0.05051
0.48303 0.05177
0.48406 0.05308
0.48506 0.05441
0.486040 0.05578
0.48701 0.05718
0.48795 0.058610
0.48888 0.06006
0.48979 0.06154
0.49069 0.06305
0.49157 0.06458
0.49244 0.06614
0.49329 0.06772
0.49412 0.06933
0.49492 0.07099
0.4957 0.07268
0.49644 0.07443
0.49715 0.07622
0.4978 0.07798
0.49838 0.07962
0.49887 0.08106
0.49925 0.0822
0.4995100 0.08296
0.49965 0.083320
-Inserting Flap Ga2-
0.60529 0.2045
0.60529 0.20406
0.60528 0.20318
0.60526 0.2019
0.60522 0.20028
0.60515 0.19842
0.60503 0.19644
0.604860 0.19442
0.60462 0.19246
0.60431 0.19056
0.60396 0.18871
0.60356 0.1869
0.60313 0.18513
0.60267 0.18338
0.60218 0.18166
0.60167 0.17997
0.60114 0.17829
0.60059 0.17664
0.600020 0.175010
0.599430 0.17339
0.59883 0.171790
0.5982 0.170210
0.59756 0.16865
0.59691 0.1671
0.59623 0.16557
0.59554 0.16405
0.59484 0.16256
0.59411 0.16108
0.59337 0.15962
0.59261 0.15817
0.59183 0.15674
0.59105 0.15532
0.590250 0.15391
0.58945 0.15251
0.58864 0.15112
0.587820 0.14973
0.586990 0.14836
0.58614 0.1470
0.58528 0.14566
0.5844 0.14433
0.58352 0.143010
0.58261 0.14171
0.5817 0.14042
0.58077 0.13914
0.57983 0.13788
0.57888 0.13662
0.57792 0.13538
0.57695 0.134150
0.57597 0.13292
0.57498 0.131710
0.57397 0.13051
0.57296 0.12932
0.57193 0.12815
0.57089 0.12698
0.56983 0.12583
0.56877 0.1247
0.567690 0.12357
0.56659 0.12246
0.56548 0.12137
0.56436 0.12028
0.56323 0.11921
0.56208 0.11816
0.56091 0.11712
0.55974 0.11609
0.55854 0.11508
0.55734 0.11408
0.55612 0.11309
0.5549 0.11212
0.55366 0.11115
0.5524100 0.11019
0.55114 0.10925
0.54986 0.10833
0.54855 0.10744
0.54722 0.10657
0.54586 0.10572
0.54448 0.1049
0.54307 0.1041
0.54163 0.10333
0.54017 0.10259
0.53869 0.10187
0.53716 0.10119
0.53561 0.100540
0.534 0.09994
0.53236 0.09938
0.53066 0.09887
0.528930 0.0984
0.52715 0.097980
0.52533 0.09760
0.52346 0.09726
0.52153 0.09698
0.51952 0.09679
0.51740 0.0967
0.51516 0.09674
0.51278 0.09693
0.510350 0.09726
0.50795 0.09773
0.50569 0.09833
0.50365 0.09907
0.50191 0.09992
0.49951 0.101880
0.498910 0.10292
0.498740 0.10397
0.49902 0.105
0.49967 0.10601
0.50063 0.10698
0.50179 0.10791
0.503090 0.10881
0.50444 0.10966
0.50583 0.11048
0.507260 0.11125
0.50873 0.11199
0.51023 0.11269
0.51177 0.113360
0.51333 0.114
0.51492 0.11462
0.51652 0.115220
0.51815 0.1158
0.51978 0.11637
0.52142 0.11693
0.52307 0.11748
0.52472 0.11804
0.52637 0.11859
0.52802 0.11915
0.52966 0.11971
0.53130 0.12028
0.53292 0.12086
0.53454 0.121450
0.53615 0.122050
0.53774 0.12265
0.53933000 0.12327
0.5409 0.1239
0.54247 0.12454
0.54402 0.1252
0.5455600 0.12586
0.547080 0.12654
0.54859 0.12724
0.55009 0.12794
0.55158 0.12866
0.55305 0.12940
0.5545 0.13014
0.55594 0.13091
0.55737 0.13168
0.55878 0.132480
0.56018 0.13329
0.56155 0.134110
0.56292 0.13496
0.56426 0.13582
0.56559 0.13669
0.5669 0.13759
0.56819 0.1385
0.569480 0.13942
0.57074 0.14036
0.572 0.1413
0.57324 0.14227
0.57447 0.143240
0.575680 0.144240
0.57687 0.14525
0.57804 0.14629
0.57919 0.14734
0.58032 0.14842
0.58143 0.14951
0.58251 0.15063
0.58358 0.15176
0.58463 0.15292
0.58566 0.1541
0.58667 0.15529
0.58765 0.156510
0.58862 0.15775
0.589560 0.15902
0.59047 0.16031
0.59137 0.16162
0.59224 0.16295
0.59308 0.16431
0.5939 0.1657
0.59469 0.16711
0.59545 0.16855
0.59619 0.17002
0.59689 0.17152
0.59757 0.17305
0.59822 0.17461
0.59884 0.17619
0.59944 0.17779
0.60002 0.17942
0.60058 0.18106
0.60111 0.18273
0.60163 0.18442
0.602120 0.18614
0.602590 0.18787
0.603040 0.18963
0.60345 0.19142
0.60383 0.19325
0.60416 0.19512
0.60445 0.19702
0.60469 0.19888
0.60488 0.20061
0.60503 0.20212
0.605150 0.20332
0.60522 0.20412
0.60529 0.2045
*.*.Setup: Ga2.txt as Flap 1, Inverted: y, Scale = 1.0, AoA = 0.0, Reposition from (0,0) = (0, 0)*.*.
*.*.Setup: Ga2.txt as Flap 2, Inverted: y, Scale = 0.4, AoA = 32.0, Reposition from previous T.E. = (0.0067, 0.08), Reposition from (0,0) = (1.0067, 0.0309)*.*.
*.*.Setup: Ga2.txt as Flap 3, Inverted: y, Scale = 0.4, AoA = 45.0, Reposition from previous T.E. = (-0.01, 0.06), Reposition from (0,0) = (1.3463, 0.2862)*.*.
*.*.Setup: Scale Ratio = 0.36839*.*.