0.36825 0.0387
0.366080 0.03655
0.36294 0.03341
0.35924 0.03033
0.35478 0.02734
0.349350 0.024270
0.3428 0.02098
0.33507 0.01744
0.326260 0.01372
0.31660 0.0099
0.30637 0.00608
0.2958 0.00231
0.285050 -0.001330
0.27423 -0.00481
0.26339 -0.00811
0.25252 -0.011220
0.24159 -0.01414
0.23055 -0.01688
0.2193500 -0.01948
0.20794 -0.02196
0.19628 -0.02435
0.18438 -0.02669
0.17231 -0.02901
0.16016 -0.03130
0.1481 -0.03354
0.13632 -0.03567
0.12498 -0.03763
0.11429 -0.03931
0.10436 -0.04064
0.09514 -0.04154
0.08651 -0.04198
0.07832 -0.04196
0.07051 -0.04149
0.06301 -0.04058
0.05579 -0.03922
0.04886 -0.03744
0.042230 -0.03527
0.03596 -0.03275
0.03013 -0.02996
0.02483 -0.02702
0.02017 -0.024090
0.01619 -0.02127
0.01285 -0.01863
0.01009 -0.01617
0.00783 -0.01389
0.005970 -0.01176
0.00444 -0.009790
0.00319 -0.00794
0.00217 -0.00622
0.00136 -0.00460
0.00074 -0.00306
0.00029 -0.00161
0.000055 -0.00022
-7e-05 0.00112
0.00013 0.00245
0.00077 0.00365
0.00185 0.00459
0.003240 0.00526
0.00487 0.005770
0.00673 0.0062
0.00889 0.00657
0.01141 0.00691
0.01442 0.00724
0.0181 0.00755
0.02269 0.007840
0.02852 0.00811
0.03586 0.00834
0.04469 0.008470
0.0546 0.00842
0.06527 0.00813
0.07661 0.00763
0.08851 0.00698
0.1008 0.00625
0.11326 0.0055
0.12569 0.00476
0.137970 0.00407
0.15007 0.00345
0.161960 0.00295
0.17366 0.00258
0.18518 0.00237
0.196520 0.00234
0.20772 0.00251
0.21878 0.00289
0.22974 0.00348
0.24058 0.00431
0.25135 0.00538
0.26204 0.00668
0.27265 0.00824
0.28318 0.01004
0.29362 0.01208
0.30392 0.014360
0.31398 0.01685
0.32366 0.01952
0.33275 0.02229
0.34098 0.02509
0.348190 0.02786
0.35434 0.03056
0.35952 0.03318
0.36385 0.035710
0.36825 0.0387
-Inserting Flap s1223rtl-
0.53599 0.15904
0.53544 0.15762
0.53464 0.15555
0.53358 0.15339
0.53215 0.15111
0.53029 0.14861
0.52797 0.14577
0.52516 0.14258
0.52189 0.13909
0.51825 0.13538
0.51436 0.13156
0.51029 0.12769
0.50613 0.12384
0.50189 0.12005
0.49761 0.116340
0.49328 0.11271
0.48888 0.10915
0.4844 0.10565
0.47981 0.10219
0.4751 0.09873
0.47026 0.09527
0.4653 0.09178
0.46026 0.08826
0.45518 0.08475
0.45012 0.08127
0.44517 0.0779
0.44039 0.07471
0.43585 0.07176
0.43159 0.06914
0.42756 0.06685
0.42370 0.06489
0.41996 0.063240
0.41630 0.06186
0.41268 0.06075
0.40911 0.05991
0.40559 0.05931
0.40212 0.05895
0.39874 0.05883
0.39551 0.058920
0.39249 0.05918
0.38977 0.05957
0.38737 0.06005
0.38531 0.06058
0.38355 0.06114
0.38205 0.06172
0.38077 0.06232
0.379670 0.06291
0.37872 0.06349
0.37791 0.064080
0.37721 0.06465
0.37661 0.06523
0.37611 0.0658
0.37571 0.06638
0.3754 0.06697
0.37522 0.06762
0.37526 0.0683
0.37557 0.06895
0.37607 0.06954
0.3767 0.0701
0.37747 0.07067
0.378380 0.07128
0.37946 0.07195
0.38077 0.07271
0.38239 0.0736
0.38442 0.07467
0.38703 0.07598
0.39034 0.07758
0.39434 0.079430
0.39888 0.08143
0.40381 0.08347
0.40909 0.08554
0.41467 0.08766
0.42042 0.08983
0.42627 0.09202
0.4321 0.094210
0.43785 0.09639
0.4435 0.098570
0.44903 0.10076
0.45445 0.10297
0.45975 0.105220
0.46494 0.10751
0.47002 0.109860
0.475 0.11229
0.479880 0.11479
0.484670 0.11737
0.48937 0.120050
0.49398 0.12282
0.49852 0.12569
0.50296 0.12865
0.50731 0.13171
0.51155 0.13484
0.51564 0.13803
0.51952 0.14121
0.52311 0.14433
0.5263 0.14728
0.52903 0.15001
0.53129 0.1525
0.53312 0.15475
0.53459 0.15678
0.53599 0.15904
-Inserting Flap s1223rtl-
0.65802 0.2893
0.6576 0.28784
0.65698 0.2857
0.65612 0.28346
0.65489 0.281070
0.65326 0.2784100
0.65119 0.27538
0.64867 0.27196
0.64572 0.2682
0.642420 0.26419
0.638870 0.26003
0.63516 0.25583
0.63134 0.25163
0.62746 0.247490
0.62351 0.24341
0.619510 0.23942
0.61544 0.23549
0.61128 0.23162
0.60701 0.22777
0.60262 0.22392
0.59810 0.22004
0.59347 0.21613
0.58875 0.21219
0.58399 0.20825
0.579260 0.20435
0.57463 0.20056
0.57014 0.19695
0.56587 0.19363
0.56185 0.19064
0.55804 0.18801
0.55437 0.18572
0.55079 0.18375
0.54726 0.18206
0.54375 0.18064
0.54027 0.179480
0.53681 0.17858
0.53338 0.17793
0.53003 0.17751
0.5268 0.17731
0.52378 0.17731
0.52103 0.17747
0.5186 0.17773
0.5165 0.17808
0.5147 0.17849
0.51315 0.17894
0.511830 0.17941
0.51068 0.17991
0.50968 0.18041
0.508820 0.18092
0.50808 0.18143
0.50743 0.18195
0.50688 0.18248
0.50643 0.18302
0.50607 0.18358
0.50583 0.18421
0.505820 0.1849
0.50606 0.18557
0.50651 0.1862
0.5071 0.18682
0.50781 0.18745
0.50866 0.18814
0.50968 0.1889
0.51092 0.18977
0.51245 0.1908
0.51439 0.19204
0.516870 0.19357
0.52003 0.19545
0.523860 0.19765
0.52820 0.20003
0.53294 0.20249
0.53802 0.20502
0.54338 0.20762
0.54893 0.21028
0.55456 0.21297
0.56018 0.21566
0.56572 0.21834
0.57115 0.221
0.57648 0.22366
0.58168 0.22634
0.586770 0.22904
0.59174 0.231770
0.59659 0.23456
0.60134 0.23741
0.605990 0.240320
0.61053 0.24332
0.61498 0.24639
0.61934 0.24955
0.6236 0.25281
0.62777 0.25615
0.63184 0.25957
0.63579 0.26306
0.63959 0.26659
0.64318 0.27011
0.64648 0.27352
0.6494 0.27674
0.651880 0.2797
0.65392 0.28237
0.655540 0.28477
0.65682 0.2869300
0.65802 0.2893
*.*.Setup: s1223rtl.txt as Flap 1, Inverted: y, Scale = 1.0, AoA = 6.0, Reposition from (0,0) = (0, 0)*.*.
*.*.Setup: s1223rtl.txt as Flap 2, Inverted: y, Scale = 0.5, AoA = 30.0, Reposition from previous T.E. = (0.02, 0.075), Reposition from (0,0) = (1.0145, 0.1795)*.*.
*.*.Setup: s1223rtl.txt as Flap 3, Inverted: y, Scale = 0.5, AoA = 35.0, Reposition from previous T.E. = (-0.08, 0.065), Reposition from (0,0) = (1.3675, 0.4945)*.*.
*.*.Setup: Scale Ratio = 0.37028*.*.