0.36179 -0.005140
0.36105 -0.00593
0.35958 -0.00747
0.357390 -0.009750
0.3546 -0.01259
0.35138 -0.01579
0.34785 -0.01916
0.34416 -0.02248
0.34045 -0.0256
0.33672 -0.02851
0.332990 -0.03124
0.32926 -0.03381
0.32552 -0.03626
0.32178 -0.03862
0.31803 -0.0409
0.31428 -0.04309
0.31053 -0.0452
0.30678 -0.047250
0.303020 -0.04922
0.299260 -0.05114
0.2955 -0.05299
0.29174 -0.05478
0.28797 -0.05651
0.28421 -0.05819
0.28044 -0.05981
0.27667 -0.06138
0.27289 -0.06288
0.26912 -0.06432
0.26534 -0.0657
0.26156 -0.067020
0.25778 -0.06829
0.2540 -0.06952
0.25022 -0.07072
0.24643 -0.07189
0.24265 -0.07303
0.23886 -0.07414
0.23507 -0.07521
0.231280 -0.07623
0.22749 -0.0772
0.2237 -0.07812
0.2199 -0.079
0.21611 -0.079820
0.21231 -0.08061
0.20851 -0.0813500
0.20471 -0.08205
0.20091 -0.08271
0.1971 -0.08333
0.1933 -0.08392
0.18949 -0.08447
0.18569 -0.08499
0.18188 -0.08546
0.17807 -0.0859
0.17426 -0.08629
0.17044 -0.08663
0.16663 -0.08693
0.16281 -0.08718
0.15899 -0.08739
0.15517 -0.08755
0.15135 -0.08766
0.14753 -0.08773
0.14371 -0.08775
0.13988 -0.08772
0.13605 -0.08764
0.13222 -0.08751
0.12839 -0.087330
0.12456 -0.08711
0.12072 -0.08685
0.11689 -0.08655
0.11305 -0.086210
0.10921 -0.08584
0.105370 -0.0854
0.10153 -0.0849
0.09768 -0.08432
0.09383 -0.08366
0.089980 -0.0829
0.08613 -0.08206
0.08227 -0.08113
0.07841 -0.08012
0.07455 -0.07902
0.07068 -0.07781
0.06681 -0.076490
0.06293 -0.07504
0.05905 -0.07344
0.05516 -0.07169
0.05127 -0.06977
0.04737 -0.06771
0.04347 -0.06549
0.03956 -0.06313
0.03565 -0.06062
0.03173 -0.05789
0.0278 -0.05488
0.02386 -0.05149
0.0199 -0.04766
0.01595 -0.043350
0.01214 -0.03869
0.00863 -0.03384
0.005580 -0.02896
0.00314 -0.02423
0.00146 -0.0198
0.00043 -0.012280
0.00109 -0.0094
0.00255 -0.00723
0.00477 -0.00584
0.00763 -0.00514
0.01096 -0.00499
0.01462 -0.00526
0.01844 -0.00582
0.02229 -0.00655
0.026140 -0.00742
0.03 -0.00843
0.03387 -0.00956
0.03774 -0.01082
0.04161 -0.01218
0.04549 -0.01364
0.04937 -0.01519
0.053250 -0.01681
0.05713 -0.018480
0.06102 -0.02019
0.06490 -0.02193
0.06879 -0.02369
0.07268 -0.025460
0.07656 -0.02723
0.080450 -0.02898
0.08433 -0.03071
0.08822 -0.03242
0.0921 -0.03411
0.09599 -0.03576
0.09987 -0.03738
0.10375 -0.03896
0.10763 -0.0405
0.11151 -0.04201
0.11538 -0.04347
0.11926 -0.04489
0.12313 -0.04627
0.127 -0.0476
0.13087 -0.04889
0.13474 -0.05013
0.13861 -0.05132
0.14247 -0.05246
0.14634 -0.053550
0.15020 -0.0546
0.15406 -0.05559
0.15792 -0.05652
0.16177 -0.0574
0.1656300 -0.058230
0.16948 -0.058990
0.17333 -0.0597
0.17718 -0.06035
0.18102 -0.06094
0.18486 -0.06147
0.18871 -0.06196
0.19255 -0.0624
0.196390 -0.0628
0.20022 -0.06316
0.20406 -0.06346
0.207890 -0.06370
0.21173 -0.06387
0.21555 -0.06397
0.21938 -0.064
0.2232 -0.06395
0.22703 -0.06384
0.23084 -0.063660
0.23466 -0.06341
0.238470 -0.0631
0.24229 -0.06271
0.2461 -0.06225
0.249900 -0.06171
0.25371 -0.06109
0.25751 -0.06040
0.26131 -0.05962
0.2651 -0.05876
0.26889 -0.05782
0.27268 -0.05679
0.276470 -0.05567
0.28025 -0.05446
0.28403 -0.05315
0.28781 -0.05175
0.29158 -0.05023
0.29535 -0.04863
0.29911 -0.04692
0.30288 -0.045130
0.30664 -0.043260
0.31039 -0.04131
0.31415 -0.03929
0.3179 -0.03719
0.32165 -0.03501
0.3254 -0.032770
0.32914 -0.03045
0.33288 -0.02804
0.33662 -0.02552
0.34035 -0.022870
0.34408 -0.02007
0.34778 -0.01713
0.35132 -0.0142
0.35456 -0.01142
0.35736 -0.00897
0.35956 -0.00702
0.36105 -0.0057
0.36179 -0.005140
-Inserting Flap Ga2-
0.49056 0.08713
0.49046 0.0867
0.49026 0.08588
0.48995 0.08465
0.48956 0.08311
0.48908 0.081350
0.48853 0.079480
0.48792 0.07759
0.48726 0.07577
0.48655 0.07402
0.4858 0.07233
0.48502 0.07069
0.48422 0.06909
0.48339 0.06752
0.482550 0.06599
0.48169 0.06448
0.48081 0.06299
0.47992 0.06154
0.47901 0.0601
0.47809 0.058690
0.47716 0.05729
0.476220 0.05592
0.47526 0.05457
0.4742900 0.05323
0.47331 0.05192
0.47232 0.05062
0.47131 0.04934
0.47029 0.04809
0.46926 0.04686
0.46821 0.04564
0.46716 0.04445
0.46609 0.04327
0.46502 0.042090
0.46394 0.04093
0.46286 0.03978
0.46177 0.03864
0.46067 0.03751
0.45956 0.0364
0.45845 0.0353
0.45732 0.03423
0.45618 0.03316
0.45503 0.03212
0.45387 0.031090
0.4527 0.03007
0.45152 0.02907
0.45034 0.02808
0.44915 0.0271
0.44795 0.02614
0.44674 0.02518
0.44552 0.02425
0.4443 0.02332
0.44306 0.02241000
0.44182 0.02151
0.44057 0.02063
0.43931 0.019760
0.43804 0.01891
0.43675 0.01807
0.43546 0.01726
0.43416 0.01645
0.43285 0.01566
0.43153 0.01489
0.4302 0.014140
0.42886 0.0134
0.4275 0.01268
0.426140 0.01197
0.42477 0.01128
0.42339 0.01061
0.4220 0.00994
0.4206 0.00929
0.4192 0.00866
0.41778 0.00804
0.41635 0.00744
0.4149 0.00687
0.41344 0.006340
0.41195 0.00583
0.41045 0.00535
0.40893 0.0049
0.40739 0.00448
0.40583 0.00409
0.40425 0.00373
0.40264 0.00341
0.40101 0.00314
0.39934 0.00292
0.39765 0.00275
0.39592 0.00263
0.39415 0.00257
0.39236 0.00256
0.39053 0.002590
0.38867 0.00268
0.38677 0.00284
0.38481 0.0031
0.38276 0.00348
0.380620 0.004020
0.37839 0.00472
0.37614 0.00557
0.37396 0.00655
0.37192 0.00763
0.37014 0.00878
0.36867 0.00998
0.36681 0.01238
0.36646 0.01351
0.36653 0.01455
0.36702 0.015480
0.36787 0.01629
0.369 0.017010
0.37032 0.01765
0.37175 0.01822
0.373230 0.01874
0.37474 0.01921
0.37628 0.01963
0.37784 0.02001
0.37944 0.02035
0.38105 0.02065
0.38269 0.02092
0.38434 0.021160
0.38601 0.02138
0.38769 0.02157
0.38937 0.02176
0.39107 0.02193
0.39277 0.0221
0.39447 0.02226
0.396170 0.02243
0.39786 0.0226
0.39956 0.02278
0.40125 0.02296
0.40293 0.02315
0.40460 0.02336
0.40627 0.02357
0.40793 0.0238
0.40958 0.02404
0.41123 0.0243
0.41286 0.02457
0.41449 0.02485
0.41611 0.02515
0.41772 0.02546
0.41931 0.02579
0.4209 0.026130
0.42248 0.02649
0.42405 0.02687
0.42560 0.02726
0.42715 0.02767
0.42868 0.0281
0.43021 0.02855
0.43172 0.02902
0.43322 0.0295
0.43471 0.03001
0.43618 0.03053
0.43764000 0.03108
0.4391 0.031640
0.44053 0.03223
0.44196 0.03283
0.44338 0.03344
0.44479 0.03407
0.44619 0.03471
0.44758 0.03538
0.44896 0.03606
0.45032 0.03677
0.45166 0.0375
0.45299 0.03826
0.45431 0.03903
0.45561 0.03984
0.4569 0.040660
0.4581700 0.041510
0.459430 0.04239
0.46067 0.04328
0.4619 0.04421
0.46311 0.04515
0.46430 0.04613
0.46548 0.04713
0.466640 0.04816
0.46779 0.04921
0.46891 0.0503
0.47002 0.05141
0.47111 0.05256
0.47217 0.05373
0.47322 0.05494
0.47425 0.05618
0.47525 0.05746
0.47624 0.05877
0.4772 0.06012
0.47815 0.06149
0.479070 0.06289
0.47999 0.06432
0.480880 0.06577
0.48176 0.06725
0.48263 0.06875
0.48347 0.07028
0.48431 0.07183
0.48512 0.07341
0.48591 0.07503
0.48668 0.0767
0.48741 0.07841
0.4881 0.08017
0.48874 0.081890
0.48931 0.08351
0.48979 0.084910
0.49016 0.08603
0.49041 0.08678
0.49056 0.08713
-Inserting Flap Ga2-
0.61225 0.206
0.61225 0.20557
0.61224 0.20472
0.61222 0.20345
0.61218 0.20186
0.61211 0.20005
0.612 0.1981
0.61183 0.19612
0.61159 0.19419
0.61129 0.19233
0.610950 0.19051
0.61056 0.18874
0.61013 0.187
0.60968 0.185290
0.6092 0.18361
0.60871 0.18194
0.6081900 0.1803
0.60764 0.17868
0.60708 0.17707
0.60651 0.17549
0.60591 0.17392
0.6053 0.172370
0.60467 0.17084
0.60403 0.16932
0.60337 0.16782
0.60269 0.16633
0.6020 0.16486
0.60129 0.16341
0.60056 0.16198
0.599810 0.16056
0.59905 0.15916
0.59828 0.15776
0.5975 0.15638
0.59671 0.15501
0.59592 0.15364
0.59511 0.15228
0.5943 0.15094
0.59347 0.149610
0.59262 0.14829
0.59176 0.14698
0.59089 0.145690
0.5900100 0.14441
0.58911 0.14315
0.5882 0.14189
0.58728 0.14065
0.58635 0.13942
0.58541 0.1382
0.584450 0.136990
0.58349 0.135790
0.58252 0.13460
0.58153 0.1334300
0.58054 0.13226
0.5795300 0.131110
0.57851 0.12996
0.577470 0.12884
0.57642 0.12772
0.57536 0.12662
0.57429 0.12553
0.5732 0.12446
0.5721 0.12339
0.57099 0.12234
0.56986 0.12131
0.56872 0.12029
0.56756 0.11928
0.56639 0.11829
0.56521 0.11731
0.56402 0.11634
0.56282 0.11538
0.5616 0.11443
0.56038 0.11349
0.559130 0.11257
0.55787 0.11167
0.55659 0.11079
0.55528 0.10994
0.55395 0.10911
0.55259 0.1083
0.551210 0.10752
0.54981 0.10676
0.54837 0.10603
0.54691 0.10533
0.54542 0.1046600
0.54389 0.10403
0.54232 0.10343
0.5407 0.10289
0.539040 0.10239
0.53734 0.10193
0.53559 0.101510
0.53381 0.10113
0.53198 0.1008
0.53009 0.10053
0.52811 0.10034
0.52604 0.10026
0.523830 0.1003
0.5215 0.10048
0.51912 0.10081
0.51677 0.10127
0.51454 0.10186
0.51254 0.10258
0.51084 0.10341
0.50849 0.105330
0.50789 0.10636
0.50773 0.10739
0.508 0.1084
0.50864 0.10939
0.509580 0.11034
0.51072 0.11126
0.51199 0.11214
0.51332 0.11298
0.51468 0.11377
0.51609 0.11453
0.51753 0.11525
0.519 0.11594
0.52051 0.1166
0.52204 0.11723
0.5236 0.11783
0.52517 0.11842
0.52676 0.11899
0.528370 0.11955
0.52998 0.1201
0.5316 0.12065
0.53322 0.12119
0.53484 0.12173
0.53645 0.12228
0.538060 0.12283
0.53966 0.12339
0.541260 0.12396
0.54285 0.12454
0.54442 0.12512
0.5459900 0.12572
0.54755 0.12632
0.549090 0.12694
0.55062 0.12757
0.55214 0.12821
0.55365 0.12887
0.55515 0.12953
0.55663 0.13021
0.5581 0.1309
0.55956 0.13161
0.561 0.13233
0.56243 0.13306
0.56384 0.13381
0.56524 0.13458
0.56663 0.13536
0.568 0.13615
0.56935 0.13696
0.57068 0.13779
0.572 0.1386300
0.5733 0.13949
0.574590 0.14037
0.57586 0.14126
0.57712 0.142160
0.57836 0.14308
0.5796 0.14401
0.58081 0.14496
0.58202 0.14591
0.5832 0.14689
0.58437 0.14789
0.58552 0.1489
0.58665 0.14994
0.58775 0.15099
0.58884 0.15207
0.58991 0.153160
0.59096 0.15428
0.59199 0.15541
0.593 0.156560
0.59398 0.157740
0.594950 0.15893
0.5959 0.16015
0.59682 0.16139
0.59772 0.16265
0.59859 0.16394
0.59945 0.16525
0.60027 0.16659
0.60108 0.16795
0.60185 0.16933
0.6026 0.17074
0.60332 0.17219
0.60401 0.17366
0.60468 0.17516
0.60531 0.17668
0.60593 0.17823
0.60652 0.17981
0.60708 0.1814
0.60763 0.18302
0.60815 0.18466
0.60866 0.18631
0.60914 0.18799
0.6096 0.18969
0.61004 0.19142
0.61045 0.19318
0.610820 0.19497
0.61114 0.1968
0.61142 0.19867
0.61166 0.2005
0.61185 0.2022
0.612 0.20367
0.61211 0.20485
0.61219 0.20564
0.61225 0.206
*.*.Setup: Ga2.txt as Flap 1, Inverted: y, Scale = 1.0, AoA = 2.0, Reposition from (0,0) = (0, 0)*.*.
*.*.Setup: Ga2.txt as Flap 2, Inverted: y, Scale = 0.4, AoA = 32.0, Reposition from previous T.E. = (0.0067, 0.06), Reposition from (0,0) = (1.0078, 0.0458)*.*.
*.*.Setup: Ga2.txt as Flap 3, Inverted: y, Scale = 0.4, AoA = 45.0, Reposition from previous T.E. = (0.04, 0.06), Reposition from (0,0) = (1.3974, 0.3011)*.*.
*.*.Setup: Scale Ratio = 0.36139*.*.