0.362 0.03805
0.359870 0.03593
0.35678 0.03284
0.35315 0.02981
0.34876 0.02688
0.343420 0.023860
0.33698 0.02062
0.32938 0.01715
0.320720 0.01349
0.311230 0.00973
0.30117 0.00597
0.29078 0.00228
0.280210 -0.00130
0.26958 -0.00473
0.25892 -0.00797
0.24823 -0.011030
0.23749 -0.0139
0.22664 -0.0166
0.2156300 -0.01915
0.20441 -0.02158
0.19295 -0.02394
0.18125 -0.02624
0.16938 -0.02852
0.15744 -0.030770
0.14559 -0.03297
0.134 -0.03507
0.12286 -0.03699
0.11235 -0.03864
0.10259 -0.03995
0.09353 -0.04083
0.08504 -0.04127
0.07699 -0.04125
0.06931 -0.04079
0.06194 -0.03989
0.05484 -0.03856
0.04803 -0.03681
0.041520 -0.03467
0.03535 -0.03219
0.02962 -0.02945
0.02441 -0.02657
0.01983 -0.023680
0.01591 -0.02091
0.01263 -0.01831
0.00992 -0.0159
0.00769 -0.01365
0.005860 -0.01156
0.00436 -0.009620
0.00313 -0.00781
0.00213 -0.00611
0.00134 -0.004520
0.00073 -0.00301
0.00029 -0.00158
0.000055 -0.00022
-6e-05 0.0011
0.00013 0.0024
0.00075 0.00359
0.00182 0.00451
0.003190 0.00517
0.00479 0.005670
0.00662 0.00609
0.00874 0.00646
0.01122 0.00679
0.01418 0.00711
0.01779 0.00742
0.02231 0.007710
0.02804 0.00797
0.03526 0.00819
0.04393 0.008320
0.05368 0.00828
0.06417 0.008
0.07531 0.0075
0.08701 0.00686
0.09909 0.00615
0.11134 0.0054
0.12356 0.00468
0.135630 0.004
0.14752 0.00339
0.159210 0.0029
0.17071 0.00254
0.18203 0.00233
0.193190 0.0023
0.20419 0.00247
0.21507 0.00284
0.22584 0.00342
0.2365 0.00424
0.24709 0.00528
0.25759 0.00657
0.26802 0.0081
0.27838 0.00987
0.28864 0.01188
0.29876 0.014120
0.30865 0.01657
0.31817 0.01919
0.3271 0.02191
0.33519 0.02467
0.342280 0.02739
0.34833 0.03004
0.35342 0.03262
0.35768 0.03510
0.362 0.03805
-Inserting Flap s1223rtl-
0.52689 0.15635
0.52635 0.15495
0.52557 0.15291
0.52453 0.15078
0.52312 0.14855
0.52129 0.14609
0.51901 0.1433
0.51625 0.14017
0.51303 0.13673
0.50946 0.13309
0.50563 0.12932
0.50164 0.12552
0.49754 0.12174
0.49338 0.11801
0.48917 0.114360
0.48491 0.11079
0.48058 0.1073
0.47618 0.10386
0.47167 0.10045
0.46704 0.09706
0.46228 0.09365
0.45741 0.09022
0.45245 0.08677
0.44745 0.08331
0.44249 0.0799
0.43762 0.07658
0.43292 0.07344
0.42846 0.07054
0.42426 0.06796
0.4203 0.06572
0.416510 0.06379
0.41284 0.062160
0.409230 0.06081
0.40568 0.05972
0.40217 0.05889
0.3987 0.0583
0.39529 0.05795
0.39197 0.05783
0.3888 0.057920
0.38583 0.05818
0.38315 0.05856
0.3808 0.05903
0.37877 0.05955
0.37704 0.0601
0.37557 0.06068
0.37431 0.06126
0.373230 0.06184
0.3723 0.06242
0.3715 0.062990
0.37081 0.06356
0.37022 0.06412
0.36973 0.06468
0.36933 0.06525
0.36903 0.06584
0.36885 0.06647
0.36889 0.06714
0.36919 0.06778
0.36968 0.06836
0.37031 0.06891
0.37106 0.06948
0.371960 0.07007
0.37302 0.07073
0.37431 0.07148
0.3759 0.07235
0.3779 0.0734
0.38046 0.07469
0.38372 0.07626
0.38765 0.078080
0.39211 0.08004
0.39696 0.08205
0.40215 0.08409
0.40763 0.08617
0.41329 0.08831
0.41904 0.09046
0.42477 0.092610
0.43042 0.09476
0.43597 0.09690
0.44141 0.09905
0.44674 0.10122
0.45195 0.103430
0.45705 0.10569
0.46205 0.1080
0.46694 0.11038
0.471740 0.11284
0.476450 0.11538
0.48107 0.118010
0.4856 0.12073
0.49006 0.12355
0.49443 0.12647
0.49871 0.12947
0.50287 0.13255
0.50689 0.13568
0.51071 0.13882
0.51423 0.14188
0.51737 0.14478
0.52005 0.14747
0.52228 0.14991
0.52408 0.15212
0.52552 0.15412
0.52689 0.15635
-Inserting Flap s1223rtl-
0.65873 0.29289
0.65840 0.29142
0.65792 0.28929
0.65720 0.28704
0.65613 0.28463
0.65468 0.28192
0.65283 0.27883
0.650540 0.27533
0.64786 0.27147
0.64486 0.26735
0.64161 0.26307
0.63821 0.25873
0.63471 0.25439
0.6311300 0.2501
0.62749 0.24588
0.62379 0.24173
0.62002 0.237640
0.61616 0.2336
0.61219 0.22958
0.6081 0.22555
0.60389 0.22149
0.599570 0.21739
0.59516 0.213250
0.59072 0.20911
0.5863 0.20501
0.58196 0.20103
0.57777 0.19723
0.57377 0.19372
0.57 0.19056
0.56641 0.18777
0.56293 0.18531
0.55953 0.18317
0.556160 0.18131
0.55281 0.17972
0.54945 0.17838
0.54611 0.1773
0.54279 0.17646
0.53952 0.17586
0.53636 0.17548
0.53339 0.17531
0.53068 0.17530
0.52829 0.17543
0.52621 0.17565
0.52442 0.17594
0.52287 0.1763
0.52154 0.17669
0.52039 0.17711
0.51938 0.17754
0.51851 0.17799
0.51775 0.178460
0.51709 0.17893
0.51652 0.17942
0.51604 0.17992
0.51565 0.18045
0.51538 0.18106
0.51533 0.181720
0.51554 0.1824
0.51594 0.18304
0.516480 0.18368
0.51714 0.184350
0.51794 0.185070
0.5189 0.18588
0.52006 0.1868
0.52151 0.18790
0.52334 0.18923
0.525690 0.19087
0.52868 0.1929
0.53231 0.19527
0.53644 0.19786
0.54094 0.20054
0.54578 0.20331
0.5509 0.20617
0.55619 0.20910
0.56157 0.2120600
0.56692 0.21502
0.57221 0.21796
0.57739 0.220890
0.58246 0.22381
0.58742 0.22673
0.59225 0.22967
0.59697 0.23264
0.60158 0.235650
0.60608 0.23872
0.61047 0.24185
0.61476 0.24504
0.61895 0.24831
0.62304 0.25167
0.62704 0.2551
0.630940 0.25862
0.63474 0.26221
0.63842 0.26586
0.64194 0.26955
0.645260 0.2732
0.6483 0.27674
0.65099 0.28007
0.65325 0.28311
0.65510 0.28585
0.65656 0.28830
0.6577 0.29049
0.65873 0.29289
*.*.Setup: s1223rtl.txt as Flap 1, Inverted: y, Scale = 1.0, AoA = 6.0, Reposition from (0,0) = (0, 0)*.*.
*.*.Setup: s1223rtl.txt as Flap 2, Inverted: y, Scale = 0.5, AoA = 30.0, Reposition from previous T.E. = (0.02, 0.075), Reposition from (0,0) = (1.0145, 0.1795)*.*.
*.*.Setup: s1223rtl.txt as Flap 3, Inverted: y, Scale = 0.5, AoA = 38.333333333333336, Reposition from previous T.E. = (-0.03, 0.065), Reposition from (0,0) = (1.4175, 0.4945)*.*.
*.*.Setup: Scale Ratio = 0.36399*.*.