0.3629 0.05748
0.36087 0.055230
0.35791 0.05196
0.35441 0.04871
0.35015 0.04552
0.34493 0.04219
0.3386 0.03859
0.33113 0.03469
0.32259 0.030540
0.31322 0.02625
0.30328 0.02193
0.293 0.01766
0.28254 0.01349
0.272 0.00948
0.26142 0.00564
0.25081 0.002
0.24013 -0.00146
0.22934 -0.00476
0.21838 -0.00791
0.2072 -0.01096
0.19577 -0.01394
0.1841 -0.01688
0.17225 -0.0198
0.16033 -0.0227
0.1485 -0.02555
0.13693 -0.02827
0.1258 -0.030790
0.11529 -0.03302
0.10552 -0.03485
0.09644 -0.03622
0.0879 -0.03711
0.07979 -0.03752
0.07202 -0.03746
0.06454 -0.036940
0.05732 -0.03597
0.05036 -0.03457
0.04368 -0.03276
0.03734 -0.03058
0.03141 -0.02812
0.02601 -0.02549
0.02124 -0.022820
0.017140 -0.02024
0.0137 -0.01779
0.010840 -0.0155
0.00848 -0.01335
0.006520 -0.011350
0.0049 -0.00947
0.00357 -0.00771
0.00247 -0.00605
0.00159 -0.0044800
0.00089 -0.003
0.00038 -0.001580
0.000086 -0.00022
-0.00012 0.0011000
0.000005 0.00243
0.00057 0.003660
0.0016 0.00464
0.00294 0.00538
0.00452 0.00597
0.00635 0.006490
0.00847 0.00697
0.01095 0.00744
0.01392 0.00792
0.01754 0.00842
0.02208 0.00895
0.02784 0.00952
0.03511 0.01012
0.04384 0.01071
0.05367 0.01118
0.064260 0.01145
0.075520 0.01154
0.08735 0.01151
0.099560 0.01143
0.11195 0.01133
0.1243 0.01124
0.13651 0.01119
0.148530 0.01122
0.16034 0.01133
0.17195 0.011580
0.183370 0.01197
0.19462 0.01253
0.20571 0.01327
0.21665 0.01422
0.2274700 0.01538
0.23818 0.01677
0.24879 0.01838
0.25931 0.02023
0.269750 0.02232
0.2801 0.02466
0.29033 0.02722
0.30042 0.03002
0.31026 0.03301
0.31972 0.03615
0.32857 0.03937
0.33659 0.04258
0.34359 0.04569
0.34954 0.04868
0.35454 0.05155
0.3587 0.05428
0.3629 0.05748
-Inserting Flap s1223rtl-
0.5294 0.16268
0.52873 0.16132
0.52776 0.15933
0.52653 0.15729
0.52492 0.15517
0.52287 0.15285
0.52033 0.15025
0.51727 0.14734
0.51374 0.14417
0.50982 0.14082
0.50564 0.137370
0.50129 0.1339
0.49684 0.13046
0.49233 0.12708
0.48777 0.12378
0.48317 0.12056
0.47852 0.11743
0.47378 0.11436
0.46895 0.11133
0.464 0.10832
0.45891 0.10532
0.453710 0.1023
0.44842 0.09926
0.44309 0.09622
0.4378 0.09322
0.43261 0.09032
0.42761 0.087570
0.42287 0.08505
0.41842 0.08283
0.41424 0.080920
0.410260 0.07932
0.40642 0.0780
0.40268 0.07696
0.39901 0.07618
0.39541 0.07565
0.39187 0.07536
0.38841 0.075310
0.38506 0.07548
0.38187 0.07585
0.37892 0.07637
0.37625 0.07699
0.37393 0.07767
0.37194 0.0783700
0.37025 0.07908
0.36882 0.07978
0.3676 0.08048
0.36656 0.081160
0.36568 0.08182
0.36492 0.08247
0.36428 0.0831
0.36374 0.08372
0.3633 0.08433
0.36295 0.084930
0.36269 0.085550
0.36257 0.0862
0.36267 0.08687
0.36303 0.08749
0.36357 0.08803
0.36425 0.08853
0.36506 0.08903
0.366010 0.08955
0.36714 0.09012
0.3685 0.09076
0.37017 0.0915
0.37228 0.09238
0.37497 0.09345
0.37838 0.09474
0.3825 0.09623
0.38716 0.09781
0.39221 0.09939
0.39761 0.100990
0.4033 0.1026
0.40918 0.104250
0.41514 0.10591
0.4211 0.10757
0.426970 0.10923
0.43274 0.11089
0.4384 0.11258
0.44395 0.1143
0.44939 0.11606
0.454710 0.11788
0.45994 0.11976
0.46507 0.12173
0.47011 0.123780
0.47507 0.12592
0.47995 0.12816
0.484750 0.1305
0.48948 0.13294
0.49413 0.135490
0.49869 0.13813
0.50315 0.14086
0.50747 0.14366
0.51158 0.14647
0.5154 0.14924
0.518810 0.15189
0.52174 0.154350
0.52419 0.156610
0.5262 0.15867
0.52782 0.16056
0.5294 0.16268
-Inserting Flap s1223rtl-
0.662480 0.29499
0.66215 0.29351
0.66166 0.29136
0.66093 0.2890900
0.65985 0.286650
0.65839 0.28393
0.65652 0.28081
0.65422 0.27727
0.65151 0.273370
0.64848 0.26921
0.6452 0.26489
0.64177 0.26051
0.63823 0.25613
0.63462 0.2518
0.63095 0.24754
0.62722 0.24335
0.62341 0.23923
0.61951 0.235150
0.6155 0.23109
0.61138 0.22702
0.60712 0.22292
0.60276 0.21878
0.59831 0.21461
0.59383 0.21042
0.58937 0.20629
0.58499 0.20226
0.58076 0.19844
0.57672 0.19489
0.572910 0.1917
0.56929 0.18888
0.565780 0.1864
0.56235 0.18424
0.55895 0.18236
0.55556 0.18075
0.55217 0.17941
0.5488 0.17831
0.54544 0.17747
0.54214 0.17686
0.53896 0.17648
0.53596 0.17631
0.53323 0.1763
0.53081 0.17642
0.52871 0.17665
0.5269 0.17695
0.52534 0.1773
0.524 0.1777
0.52283 0.17812
0.52182 0.17856
0.52094 0.17902
0.52017 0.17948
0.519500 0.17996
0.51893 0.18045
0.51845 0.18096
0.51805 0.18150
0.51778 0.18211
0.517730 0.18278
0.51794 0.18346
0.51834 0.18411
0.51889 0.18476
0.51956 0.18543
0.52036 0.18616
0.52133 0.18697
0.5225 0.18791
0.52396 0.18901
0.52581 0.19035
0.52818 0.19201
0.5312 0.19406
0.53487 0.19645
0.53903 0.19907
0.54358 0.20178
0.54847 0.20457
0.55363 0.20746
0.55898 0.21042
0.5644 0.21341
0.56981 0.21639
0.57514 0.21936
0.58037 0.22232
0.58549 0.22526
0.59050 0.22821
0.59538 0.23118
0.60014 0.23418
0.604790 0.23722
0.60933 0.24031
0.61376 0.24347
0.618090 0.2467
0.62232 0.25
0.626460 0.25338
0.63049 0.25685
0.63443 0.2604
0.638260 0.26403
0.64197 0.26772
0.64553 0.27143
0.64889 0.27512
0.65196 0.27869
0.65466 0.28205
0.65695 0.28512
0.65882 0.28789
0.66029 0.29036
0.66144 0.29257
0.662480 0.29499
*.*.Setup: s1223rtl.txt as Flap 1, Inverted: y, Scale = 1.0, AoA = 9.0, Reposition from (0,0) = (0, 0)*.*.
*.*.Setup: s1223rtl.txt as Flap 2, Inverted: y, Scale = 0.5, AoA = 25.0, Reposition from previous T.E. = (0.0, 0.075), Reposition from (0,0) = (0.9877, 0.2314)*.*.
*.*.Setup: s1223rtl.txt as Flap 3, Inverted: y, Scale = 0.5, AoA = 38.333333333333336, Reposition from previous T.E. = (-0.03, 0.05), Reposition from (0,0) = (1.4108, 0.4927)*.*.
*.*.Setup: Scale Ratio = 0.36742*.*.