0.3685800000 -0.01811
0.3678 -0.0189
0.36624 -0.02042
0.36393 -0.02266
0.36099 -0.02545
0.35759 -0.0286
0.35387 -0.03191
0.35 -0.03517
0.3461 -0.03822
0.34220 -0.04105
0.3383 -0.04369
0.3344 -0.04618
0.3305 -0.04855
0.3266 -0.05082
0.32271 -0.053
0.31881 -0.05511
0.31491 -0.05713
0.31101 -0.05908
0.30711 -0.06096
0.30321 -0.06277
0.29931 -0.06453
0.29541 -0.06622
0.29151 -0.06785
0.28761 -0.06943
0.28372 -0.070950
0.27982 -0.07241
0.275920 -0.07381
0.27202 -0.07514
0.26812 -0.07641
0.26422 -0.07762
0.26032 -0.07878
0.25642 -0.0799
0.252520 -0.08099
0.24863 -0.08205
0.24473 -0.083080
0.24083 -0.08407
0.23693 -0.08502
0.23303 -0.08593
0.229130 -0.08679
0.22523 -0.087590
0.22133 -0.08835
0.21743 -0.08906
0.21353 -0.08972
0.20964 -0.09034
0.20574 -0.09092
0.20184 -0.09146
0.19794 -0.09196
0.19404 -0.09242
0.19014 -0.09285
0.18624 -0.09324
0.18234 -0.09358
0.17844 -0.09389
0.17454 -0.09415
0.17065 -0.09437
0.16675 -0.09454
0.16285 -0.09466
0.15895 -0.09473
0.15505 -0.09476
0.15115 -0.09474
0.14725 -0.09467
0.14335 -0.09456
0.139450 -0.09439
0.13555 -0.09417
0.13166 -0.0939
0.12776 -0.09358
0.12386 -0.09322
0.11996 -0.09282
0.116060 -0.09238
0.11216 -0.0919
0.10826 -0.09138
0.10436 -0.0908
0.10046 -0.090150
0.09656 -0.089430
0.092670 -0.08861
0.08877 -0.08771
0.08487 -0.08671
0.08097 -0.08563
0.07707 -0.08446
0.07317 -0.08319
0.06927 -0.08183
0.06537 -0.08035
0.06147 -0.07873
0.05758 -0.0769600
0.05368 -0.07503
0.04978 -0.0729400
0.04588 -0.07070
0.04198 -0.0683
0.03808 -0.06576
0.03418 -0.06306
0.03028 -0.06014
0.026380 -0.05692
0.02248 -0.053330
0.01859 -0.04929
0.01471 -0.04475
0.011 -0.03986
0.00759 -0.0348
0.00465 -0.02972
0.00234 -0.02481
0.00078 -0.02024
0.000000 -0.01254
0.00078 -0.00962
0.00234 -0.00746
0.00465 -0.00612
0.00759 -0.00551
0.011 -0.00548
0.01471 -0.00589
0.01859 -0.00659
0.02248 -0.00747
0.026380 -0.00849
0.03028 -0.00966
0.03418 -0.01095
0.03808 -0.01237
0.04198 -0.0139
0.04588 -0.01553
0.04978 -0.01724
0.05368 -0.01903
0.05758 -0.02087
0.06147 -0.02275
0.06537 -0.02467
0.06927 -0.0266
0.07317 -0.02854
0.07707 -0.03048
0.08097 -0.0324
0.08487 -0.03431
0.08877 -0.03619
0.092670 -0.03804
0.09656 -0.03987
0.10046 -0.04165
0.10436 -0.0434
0.10826 -0.04512
0.11216 -0.04679
0.116060 -0.04842
0.11996 -0.05
0.12386 -0.051540
0.12776 -0.05304
0.13166 -0.05449
0.13555 -0.055890
0.139450 -0.0572400
0.14335 -0.05854
0.14725 -0.0598
0.15115 -0.061
0.15505 -0.06214
0.15895 -0.06323
0.16285 -0.06427
0.16675 -0.06525
0.17065 -0.06616
0.17454 -0.06702
0.17844 -0.06782
0.18234 -0.06855
0.18624 -0.069240
0.19014 -0.069870
0.19404 -0.07046
0.19794 -0.07101
0.20184 -0.07150
0.20574 -0.07194
0.20964 -0.07232
0.21353 -0.07264
0.21743 -0.07287
0.22133 -0.07304
0.22523 -0.07313
0.229130 -0.07315
0.23303 -0.07311
0.23693 -0.07299
0.24083 -0.0728
0.24473 -0.072540
0.24863 -0.0722
0.252520 -0.07179
0.25642 -0.0713
0.26032 -0.07073
0.26422 -0.07007
0.26812 -0.06933
0.27202 -0.0685
0.275920 -0.06759
0.27982 -0.06659
0.28372 -0.06549
0.28761 -0.06429
0.29151 -0.06299
0.29541 -0.06158
0.29931 -0.06008
0.30321 -0.05848
0.30711 -0.05679
0.31101 -0.05501
0.31491 -0.05316
0.31881 -0.051230
0.32271 -0.04922
0.3266 -0.04714
0.3305 -0.04498
0.3344 -0.04275
0.3383 -0.04043
0.34220 -0.03799
0.3461 -0.03542
0.35 -0.03270
0.35387 -0.02984
0.35759 -0.02697
0.36099 -0.02426
0.36393 -0.02186
0.36624 -0.019950
0.3678 -0.01866
0.3685800000 -0.01811
-Inserting Flap Ga2-
0.48112 0.06817
0.48099 0.06775
0.48071 0.06692
0.48029 0.0657
0.47975 0.06417
0.47911 0.06243
0.47838 0.06058
0.4776 0.05871
0.476760 0.05692
0.47588 0.0552
0.47497 0.05355
0.47404 0.05196
0.4730800 0.0504
0.4721 0.04889
0.47111 0.0474
0.47010 0.04594
0.46908 0.04451
0.46804 0.04311
0.46699 0.04173
0.46593 0.040380
0.46486 0.03905
0.46378 0.03774
0.46269 0.03645
0.46158 0.03517
0.46047 0.033920
0.45935 0.0327
0.45821 0.03149
0.45706 0.03030
0.4559 0.02915
0.45473 0.02801
0.45356 0.026880
0.45237 0.02578
0.45118 0.02468
0.44998 0.0236
0.44878 0.02252
0.44757 0.02146
0.44635 0.02041
0.44513 0.01938
0.44389 0.01837
0.44265 0.01737
0.4414 0.0164
0.44014 0.01543
0.43887 0.01449
0.43759 0.01356
0.4363 0.01265
0.43501 0.01175
0.43371 0.01086
0.43241 0.00999
0.4311 0.00913
0.42978 0.00828
0.42845 0.00745
0.42712 0.006630
0.42577 0.00583
0.4244200 0.00504
0.42307 0.00428
0.4217 0.00353
0.42032 0.00279
0.41894 0.00207
0.41754 0.00137
0.41614 0.00069
0.41473 0.000059
0.41331 -0.00063
0.41188 -0.00126
0.41044 -0.00187
0.409 -0.00246
0.40754 -0.00304
0.40608 -0.00361
0.40461 -0.00416
0.40313 -0.0047
0.40165 -0.00522
0.40015 -0.00572
0.398650 -0.0062
0.39712 -0.00665
0.39559 -0.00706
0.39403 -0.00745
0.39246 -0.0078
0.39088 -0.00813
0.38927 -0.00842
0.38765 -0.00867
0.38602 -0.0089
0.38436 -0.009070
0.382670 -0.00921
0.38096 -0.00928
0.37922 -0.00931
0.377460 -0.00927
0.37566 -0.00918
0.37383 -0.00903
0.371980 -0.00883
0.37010 -0.00858
0.36818 -0.00825
0.36621 -0.00781
0.36417 -0.00723
0.36204 -0.0065
0.35984 -0.00559
0.35763 -0.00452
0.35549 -0.00333
0.35352 -0.00206
0.35181 -0.000730
0.35042 0.00062
0.34875 0.00322
0.34849 0.0044
0.34866 0.00546
0.34924 0.00635
0.35018 0.0071
0.35138 0.00773
0.35278 0.00826
0.35429 0.00872
0.35584 0.00911
0.35741 0.00945
0.35902 0.00975
0.36064 0.00999
0.36229 0.0102
0.36395 0.01036
0.36564 0.01049
0.36734 0.01058
0.36905 0.01066
0.37078 0.01071
0.37251 0.01074
0.37425 0.01077
0.37599 0.01079
0.37773 0.0108
0.37947 0.010820
0.38121 0.01084
0.38295 0.01087
0.38468 0.01091
0.3864 0.01096
0.38812 0.01102
0.38984 0.01109
0.39155 0.011170
0.39325 0.01127
0.39494 0.01138
0.39663 0.01151
0.3983 0.01165
0.39997 0.01181
0.40163 0.01199
0.403290 0.01218
0.404930 0.01239
0.40657 0.01261
0.40819 0.012860
0.40981 0.013120
0.41142 0.0134
0.41301 0.0137
0.4146 0.014020
0.41618 0.014360
0.41775 0.01472
0.4193 0.0151
0.42085 0.0155
0.42238 0.01592
0.42391 0.016370
0.42542 0.01683
0.42692 0.01731
0.42842 0.017810
0.429910 0.01833
0.43139 0.01886
0.43286 0.01941
0.434320 0.01998
0.43576 0.02058
0.4372 0.0212
0.43862 0.02185
0.44002 0.02253
0.4414200 0.02323
0.4428 0.02395
0.44417 0.0247
0.44552 0.02548
0.44686 0.02628
0.44819 0.0271
0.44951 0.02796
0.45081 0.02884
0.45209 0.02976
0.45336 0.0307
0.45462 0.03167
0.455860 0.03267
0.4570800 0.03371
0.45829 0.03477
0.45948 0.03587
0.46065 0.03701
0.4618 0.03818
0.462940 0.039390
0.46405 0.04063
0.46515000 0.04191
0.46624 0.04322
0.4673 0.04456
0.468360 0.04593
0.4694 0.0473300
0.470420 0.04875
0.47143 0.0502
0.47243 0.05168
0.47341 0.05318
0.47438 0.05472
0.47533 0.05629
0.47625 0.05791
0.47715 0.05959
0.478010 0.06131
0.478810 0.06301
0.47953 0.06460
0.48015 0.06599
0.480620 0.06709
0.48094 0.06783
0.48112 0.06817
-Inserting Flap Ga2-
0.60524 0.19678
0.60524 0.19634
0.605230 0.19547
0.60521 0.19418
0.60517 0.19256
0.6051 0.1907
0.60498 0.188720
0.60481 0.1867
0.60457 0.18474
0.60426 0.18283
0.60391 0.18098
0.60351 0.17918
0.60308 0.17740
0.60262 0.17566
0.60213 0.17394
0.60162 0.17224
0.60109 0.17056
0.60054 0.16891
0.59997 0.16728
0.59938 0.165660
0.59877 0.16406
0.59815 0.16248
0.59751 0.16092
0.59685 0.15937
0.59618 0.15783
0.59549 0.15632
0.59478 0.15482
0.59406 0.15334
0.59331 0.15188
0.59255 0.15043
0.59178 0.149
0.59099 0.14758
0.5902 0.14617
0.58939 0.14477
0.58858 0.14338
0.58776 0.14199
0.58693 0.14062
0.58608 0.13926
0.58522 0.13792
0.58434 0.13658
0.58346 0.13527
0.58255 0.13396
0.58164 0.13267
0.580710 0.1314
0.57977 0.13013
0.57882 0.12887
0.57786 0.12763
0.57689 0.1264
0.57591 0.12517
0.574910 0.12396
0.57391 0.12276
0.57289 0.12157
0.57186 0.12039
0.57082 0.11923
0.56977 0.11808
0.5687 0.11694
0.56762 0.11582
0.56652 0.114710
0.56541 0.11361
0.56429 0.11253
0.56316 0.111460
0.56201 0.1104
0.56084 0.10936
0.55966 0.10833
0.55847 0.10732
0.55727 0.10632
0.55605 0.10533
0.55482 0.10435
0.55358 0.10338
0.55233 0.10243
0.55107 0.10149
0.5497800 0.10057
0.54847 0.09967
0.54714 0.0988
0.54578 0.09795
0.5444 0.09713
0.54299 0.09634
0.54155 0.09556
0.54009 0.09482
0.5386 0.0941
0.53708 0.09342
0.53552 0.09277
0.53392 0.09217
0.53227 0.09161
0.53058 0.0911
0.52884 0.09063
0.52706 0.09021
0.525240 0.08983
0.52337 0.08949
0.52144 0.08921
0.51943 0.08902
0.51731 0.08893
0.51506 0.08897
0.51268 0.08916
0.51025 0.08949
0.50785 0.08996
0.50559 0.09056
0.50355 0.0913
0.50181 0.09215
0.49941 0.09411
0.49881 0.09515
0.49864 0.09621
0.49891 0.09724
0.499570 0.09824
0.50053 0.09921
0.50169 0.10015
0.50299 0.10105
0.50434 0.1019
0.505730 0.10271
0.50716 0.10349
0.50863 0.104220
0.51013 0.10493
0.51167 0.1056
0.51323 0.10624
0.51482 0.10686
0.51643 0.10745
0.51805 0.10804
0.51969 0.10861
0.521330 0.10917
0.52298 0.10972
0.52463 0.11028
0.52629 0.11083
0.52793 0.11139
0.52957 0.11195
0.53121 0.11253
0.53284 0.11310
0.53445 0.11369
0.53606 0.11429
0.53766 0.1149
0.53925 0.11551
0.54082 0.11614
0.54239 0.11679
0.543940 0.11744
0.54548 0.11811
0.547 0.11879
0.54851 0.11948
0.55001 0.12019
0.5515 0.12091
0.55297 0.12164
0.55443 0.12239
0.55587 0.12315
0.5573 0.12393
0.55871 0.12473
0.5601 0.12554
0.56148 0.12636
0.56285 0.12721
0.56419 0.12807
0.5655200 0.12894
0.56683 0.12984
0.56813 0.13075
0.56941 0.13167
0.57068 0.13261
0.57193 0.13356
0.573180 0.13452
0.57441 0.1355
0.57562 0.13649
0.57681 0.13751
0.57798 0.13854
0.579130 0.13960
0.58026 0.14067
0.58136 0.14177
0.58245 0.14289
0.583520 0.14402
0.58457 0.14518
0.5856 0.14636
0.58661 0.14755
0.5876 0.14877
0.58856 0.15002
0.5895 0.15128
0.59042 0.15257
0.59131 0.15388
0.59218 0.15522
0.59302 0.156580
0.59384 0.15797
0.59464 0.15938
0.5954 0.160820
0.59613 0.162290
0.59684 0.163790
0.59752 0.16532
0.59817 0.16688
0.59879 0.16846
0.59939 0.17006
0.599970 0.17169
0.60053 0.17334
0.60106 0.17501
0.60158 0.1767
0.60207 0.17841
0.60254 0.18015
0.60299 0.18191
0.6034 0.1837
0.60378 0.18553
0.60411 0.1874
0.60440 0.1893
0.604640 0.191170
0.604830 0.1929
0.60498 0.19441
0.6051 0.1956
0.60517 0.19641
0.60524 0.19678
*.*.Setup: Ga2.txt as Flap 1, Inverted: y, Scale = 1.0, AoA = 0.0, Reposition from (0,0) = (0, 0)*.*.
*.*.Setup: Ga2.txt as Flap 2, Inverted: y, Scale = 0.4, AoA = 27.0, Reposition from previous T.E. = (-0.06, 0.07), Reposition from (0,0) = (0.94, 0.0209)*.*.
*.*.Setup: Ga2.txt as Flap 3, Inverted: y, Scale = 0.4, AoA = 45.0, Reposition from previous T.E. = (0.04, 0.08), Reposition from (0,0) = (1.3453, 0.2649)*.*.
*.*.Setup: Scale Ratio = 0.36858*.*.