0.35393 0.0372
0.351850 0.03513
0.34882 0.03211
0.34528 0.02915
0.34099 0.02628
0.335770 0.023330
0.32947 0.02016
0.32204 0.01676
0.313570 0.01319
0.304290 0.00952
0.29446 0.00584
0.2843 0.00222
0.273970 -0.001270
0.26357 -0.00462
0.25315 -0.00779
0.2427 -0.010780
0.23219 -0.01359
0.22159 -0.01623
0.2108200 -0.01872
0.19985 -0.0211
0.18865 -0.0234
0.17721 -0.02566
0.16561 -0.02788
0.15393 -0.030090
0.14235 -0.03224
0.13102 -0.03429
0.12012 -0.03616
0.10984 -0.03778
0.1003 -0.03906
0.09144 -0.03992
0.08314 -0.04035
0.07528 -0.04033
0.06777 -0.03988
0.06056 -0.039
0.05362 -0.0377
0.04696 -0.03599
0.040590 -0.0339
0.03456 -0.03147
0.02896 -0.02879
0.02387 -0.02597
0.01939 -0.023150
0.01556 -0.02044
0.01235 -0.0179
0.0097 -0.01554
0.00752 -0.01335
0.005730 -0.01131
0.00426 -0.009410
0.00306 -0.00763
0.00209 -0.00598
0.00131 -0.004420
0.00071 -0.00294
0.00028 -0.00154
0.000055 -0.00021
-6e-05 0.00107
0.00013 0.00235
0.00074 0.00351
0.00178 0.00441
0.003120 0.00505
0.00468 0.005550
0.00647 0.00595
0.00854 0.00631
0.01097 0.00664
0.01386 0.00695
0.0174 0.00725
0.02181 0.007530
0.02741 0.00779
0.03447 0.00801
0.04295 0.008140
0.05248 0.00809
0.06273 0.00782
0.07363 0.00733
0.08507 0.0067
0.09688 0.00601
0.10885 0.00528
0.1208 0.00457
0.132610 0.00391
0.14423 0.00332
0.155670 0.00284
0.16691 0.00248
0.17798 0.00228
0.188880 0.00225
0.19964 0.00241
0.21028 0.00277
0.2208 0.00335
0.23123 0.00414
0.24158 0.00517
0.25185 0.00642
0.26205 0.00792
0.27217 0.00965
0.28221 0.01161
0.2921 0.01380
0.30177 0.0162
0.31108 0.01876
0.31981 0.02143
0.32772 0.02412
0.334650 0.02678
0.34057 0.02937
0.34554 0.03189
0.3497 0.034320
0.35393 0.0372
-Inserting Flap s1223rtl-
0.50803 0.16176
0.5075 0.16039
0.50673 0.15839
0.50572 0.15632
0.50434 0.15414
0.50256 0.15173
0.50032 0.149
0.49762 0.14594
0.49448 0.14258
0.49099 0.13902
0.48724 0.13534
0.48334 0.13162
0.47933 0.12792
0.47526 0.12428
0.47115 0.120710
0.46698 0.11722
0.46275 0.1138
0.45844 0.11044
0.45404 0.10711
0.44951 0.10379
0.44486 0.10046
0.44009 0.09711
0.43525 0.09373
0.43036 0.09035
0.42551 0.08701
0.42075 0.08377
0.41615 0.0807
0.41179 0.07787
0.40769 0.07535
0.40382 0.07315
0.400110 0.07127
0.39652 0.069670
0.392990 0.06835
0.38952 0.06729
0.38609 0.06647
0.3827 0.0659
0.37937 0.06556
0.37612 0.06544
0.37301 0.065520
0.37011 0.06578
0.36749 0.06615
0.36519 0.06661
0.36321 0.06712
0.36152 0.06766
0.36008 0.06822
0.35885 0.06879
0.357790 0.06936
0.35688 0.06992
0.3561 0.070480
0.35543 0.07104
0.35485 0.07159
0.35437 0.07214
0.35398 0.07269
0.35368 0.07326
0.35351 0.07389
0.35355 0.07454
0.35385 0.07516
0.35433 0.07573
0.35494 0.07627
0.35568 0.07682
0.356550 0.07741
0.35759 0.07805
0.35885 0.07878
0.3604 0.07964
0.36236 0.08066
0.36487 0.08192
0.36805 0.08346
0.37189 0.085240
0.37626 0.08716
0.381 0.08912
0.38607 0.09111
0.39143 0.09315
0.39696 0.09523
0.40258 0.09734
0.40818 0.099440
0.41371 0.10154
0.41914 0.103640
0.42446 0.10574
0.42967 0.10787
0.43476 0.110020
0.43975 0.11223
0.44463 0.114490
0.44941 0.11682
0.454110 0.11922
0.458710 0.1217
0.46323 0.124280
0.46766 0.12694
0.47202 0.1297
0.47629 0.13255
0.48047 0.13548
0.48455 0.1385
0.48848 0.14156
0.49221 0.14462
0.49565 0.14761
0.49872 0.15045
0.50134 0.15308
0.50352 0.15546
0.50528 0.15763
0.50669 0.15958
0.50803 0.16176
-Inserting Flap s1223rtl-
0.65473 0.29525
0.65440 0.29382
0.65393 0.29174
0.653220 0.28954
0.65218 0.28718
0.65076 0.28454
0.64895 0.28152
0.646720 0.27809
0.6441 0.27432
0.64116 0.27028
0.63799 0.2661
0.63466 0.26186
0.63123 0.25762
0.6277400 0.25342
0.62418 0.2493
0.62057 0.24524
0.61688 0.241240
0.6131 0.23729
0.60922 0.23336
0.60523 0.22942
0.60111 0.22545
0.596880 0.22144
0.59257 0.21740
0.58823 0.21334
0.58391 0.20934
0.57967 0.20544
0.57557 0.20173
0.57166 0.1983
0.56797 0.19521
0.56446 0.19248
0.56106 0.19008
0.55774 0.18798
0.554440 0.18616
0.55116 0.18461
0.54788 0.1833
0.54461 0.18224
0.54136 0.18142
0.53817 0.18084
0.53508 0.18047
0.53218 0.1803
0.52953 0.180290
0.52719 0.18041
0.52515 0.18063
0.5234 0.18092
0.5219 0.18126
0.52059 0.18165
0.51946 0.18206
0.51848 0.18248
0.51763 0.18292
0.51688 0.183370
0.51624 0.18384
0.51568 0.18431
0.51521 0.1848
0.51484 0.18533
0.51457 0.18592
0.51452 0.186570
0.51472 0.18723
0.51511 0.18786
0.515640 0.18848
0.51629 0.189140
0.51707 0.189840
0.51801 0.19063
0.51915 0.19154
0.52056 0.192610
0.52235 0.19391
0.524650 0.19551
0.52757 0.19749
0.53112 0.19981
0.53516 0.20234
0.53956 0.20497
0.54429 0.20768
0.5493 0.21047
0.55447 0.213340
0.55972 0.2162300
0.56496 0.21913
0.57013 0.222
0.5752 0.224860
0.58015 0.22772
0.585 0.23057
0.58973 0.23345
0.59434 0.23635
0.59885 0.23930
0.60324 0.24229
0.60754 0.24535
0.61173 0.24848
0.61583 0.25168
0.61983 0.25495
0.62374 0.25831
0.627550 0.26175
0.63127 0.26526
0.63486 0.26884
0.63831 0.27243
0.641560 0.276
0.64453 0.27946
0.64715 0.28272
0.64937 0.2857
0.651170 0.28837
0.6526 0.290770
0.65371 0.29291
0.65473 0.29525
*.*.Setup: s1223rtl.txt as Flap 1, Inverted: y, Scale = 1.0, AoA = 6.0, Reposition from (0,0) = (0, 0)*.*.
*.*.Setup: s1223rtl.txt as Flap 2, Inverted: y, Scale = 0.5, AoA = 30.0, Reposition from previous T.E. = (0.0, 0.1), Reposition from (0,0) = (0.9945, 0.2045)*.*.
*.*.Setup: s1223rtl.txt as Flap 3, Inverted: y, Scale = 0.5, AoA = 38.333333333333336, Reposition from previous T.E. = (0.02, 0.065), Reposition from (0,0) = (1.4475, 0.5195)*.*.
*.*.Setup: Scale Ratio = 0.35588*.*.