0.3677 0.00762
0.366980 0.00678
0.36553 0.005160
0.36339 0.002780
0.36066 -0.00021
0.3575 -0.003580
0.35403 -0.00712
0.35041 -0.01063
0.34674 -0.01393
0.34306 -0.01702
0.33937 -0.01992
0.33567 -0.02266
0.33196 -0.02529
0.32824 -0.02782
0.32451 -0.030260
0.32078 -0.03262
0.31705 -0.03490
0.313310 -0.03711
0.30956 -0.03925
0.30581 -0.04133
0.30206 -0.04334
0.29830 -0.04529
0.29453 -0.04719
0.29077 -0.04903
0.287 -0.05081
0.28322 -0.052540
0.27944 -0.0542
0.27566 -0.0558
0.27187 -0.05733
0.26808 -0.0588
0.26428 -0.06023
0.26049 -0.06161
0.25669 -0.06296
0.25288 -0.06428000
0.24908 -0.06558
0.24527 -0.06684
0.24146 -0.06806
0.23765 -0.06923
0.233830 -0.07035
0.230010 -0.07142
0.22619 -0.07245
0.22236 -0.07342
0.21853 -0.074350
0.2147 -0.07524
0.21086 -0.07609
0.20702 -0.07689
0.20318 -0.07766
0.19934 -0.07839
0.19549 -0.07909
0.19164 -0.07975
0.18779 -0.08036
0.18393 -0.08094
0.180070 -0.08147
0.17621 -0.08196
0.17235 -0.08239
0.16848 -0.08279
0.16461 -0.08313
0.16074 -0.08343
0.15686 -0.08368
0.152980 -0.08388
0.14909 -0.08404
0.1452 -0.08414
0.14131 -0.0842
0.13742 -0.0842
0.13352 -0.08416
0.12962 -0.08407
0.12571 -0.08394
0.12181 -0.08377
0.1179 -0.08357
0.11398 -0.08332
0.110070 -0.08301
0.10615 -0.08264
0.10222 -0.08219
0.09829 -0.08165
0.09435 -0.08102
0.0904 -0.080310
0.08645 -0.0795
0.08249 -0.07861
0.078530 -0.07762
0.07456 -0.07654
0.07058 -0.07533
0.06659 -0.074
0.06259 -0.07251
0.05858 -0.07086
0.05456 -0.06906
0.05053 -0.06710
0.04648 -0.06499
0.04243 -0.06273
0.03837 -0.0603200
0.034290 -0.05768
0.03019 -0.05476
0.02606 -0.05146
0.0219 -0.04771
0.01774 -0.04347
0.0137 -0.038870
0.00996 -0.03406
0.00669 -0.02922
0.00405 -0.02451
0.00218 -0.02007
0.00087 -0.01246
0.00144 -0.009510
0.00284 -0.00725
0.00505 -0.00576
0.00793 -0.004950
0.01131 -0.004680
0.01504 -0.00483
0.01893 -0.00526
0.02287 -0.00586
0.02682 -0.00661
0.03078 -0.0075
0.03474 -0.008510
0.03872 -0.00965
0.0427 -0.0109
0.04669 -0.01225
0.05069 -0.013680
0.05469 -0.01518
0.05869 -0.01674
0.0627 -0.01835
0.06671 -0.01998
0.07072 -0.02163
0.07473 -0.02329
0.07874 -0.02494
0.08275 -0.02659
0.08676 -0.02821
0.09077 -0.02981
0.09477 -0.03138
0.09877 -0.03292
0.10277 -0.034430
0.106770 -0.0359
0.11077 -0.03733
0.11476 -0.0387200
0.11875 -0.04007
0.12274 -0.04137
0.12672 -0.04263
0.1307 -0.04385
0.13468 -0.04502
0.13865 -0.04614
0.14262 -0.047210
0.146590 -0.04824
0.150550 -0.04921
0.15451 -0.05013
0.15847 -0.0510
0.16242 -0.05181
0.16637 -0.052570
0.17031 -0.05327
0.174250 -0.05392
0.17819 -0.0545
0.18212 -0.05502
0.186050 -0.05548
0.18997 -0.05589
0.19389 -0.05625
0.19781 -0.05656
0.20172 -0.05683
0.2056300 -0.05705
0.20954 -0.05722
0.21344 -0.05733
0.21734 -0.05737
0.221230 -0.05733
0.22512 -0.05723
0.229 -0.05705
0.23288 -0.0568
0.23676 -0.056480
0.24062 -0.05609
0.24449 -0.05564
0.24835 -0.05511
0.2522 -0.0545
0.25605 -0.05382
0.25989 -0.05306
0.26372 -0.05222
0.267560 -0.05129
0.27138 -0.05029
0.2752 -0.04919
0.27901 -0.04802
0.282820 -0.04675
0.28662 -0.04538
0.290410 -0.043920
0.2942 -0.04235
0.29798 -0.04069
0.30175 -0.03892
0.3055100 -0.03706
0.30927 -0.0351
0.313020 -0.03307
0.31677 -0.030960
0.32051 -0.02876
0.32425 -0.0265
0.327980 -0.02416
0.33171 -0.02174
0.33543 -0.01925
0.33914 -0.016670
0.34285 -0.01398
0.34655 -0.01116
0.35024 -0.00818
0.35389 -0.00507
0.35738 -0.00196
0.36058 0.00098
0.36333 0.00356
0.3655 0.00563
0.36696 0.00702
0.3677 0.00762
-Inserting Flap Ga2-
0.4921 0.097280
0.49196 0.09686
0.49169 0.096040
0.49127 0.09482
0.49073 0.0933
0.49009 0.09156
0.48937 0.089710
0.48858 0.08786
0.48775 0.08607
0.486880 0.08436
0.48597 0.08271
0.48504 0.08112
0.48408 0.07957
0.48311 0.07806
0.482120 0.07658
0.48111 0.07513
0.4801 0.0737
0.47906 0.07231
0.47802 0.07093
0.47696 0.06958
0.47589 0.06826
0.47482 0.06695
0.47373 0.06566
0.47263 0.0644
0.471520 0.06315
0.47040 0.06193
0.46927 0.06072
0.46812 0.05954
0.46697 0.05839
0.4658 0.05725
0.46463 0.05613
0.463440 0.05503
0.46225 0.05394
0.46106 0.05286
0.45986 0.05179
0.45866 0.05073
0.45745 0.04968
0.456230 0.04866
0.455 0.04765
0.45376 0.046660
0.452510 0.04568
0.45125 0.04472
0.44999 0.04378
0.44871 0.04286
0.44743 0.04194
0.44615 0.04105
0.44485 0.04016
0.44355 0.03929
0.44224 0.03844
0.44093 0.03759
0.43961 0.03676
0.438280 0.03595
0.43694 0.03515
0.43559 0.03437
0.43424 0.0336
0.43288 0.03285
0.4315 0.03212
0.43013 0.03141
0.42874 0.03071
0.42734 0.03003
0.42593 0.02936
0.42452 0.02872
0.42309 0.02809
0.42166 0.02748
0.42022 0.026890
0.41877 0.026310
0.41731 0.02575
0.41585 0.0252
0.41437 0.02466
0.41289 0.02414
0.4114 0.02364
0.4099 0.02316
0.40839 0.02272
0.40685 0.02230
0.405310 0.02192
0.403740 0.02156
0.40216 0.02124
0.40056 0.02095
0.39895 0.0207
0.39732 0.02048
0.39566 0.0203
0.39399 0.02017
0.39228 0.02009
0.39055 0.02007
0.38878 0.0201
0.38699 0.0202
0.38517 0.02034
0.38333 0.02054
0.38146 0.02079
0.37954 0.02112
0.37758 0.02156
0.37554 0.02213
0.37342 0.02286
0.3712300 0.02377
0.36902 0.02483
0.3669 0.02602
0.36493 0.02729
0.36322 0.02861
0.361840 0.02996
0.36017 0.03255
0.35992 0.03373
0.36008 0.03478
0.36066 0.03567
0.36160 0.03642
0.3628 0.03705
0.36419 0.03758
0.3657 0.03803
0.36724 0.03842
0.36881 0.03876
0.37041 0.03905
0.37203 0.0393
0.373670 0.03950
0.37533 0.03967
0.37701 0.03979
0.3787 0.03989
0.38041 0.03996
0.38213 0.04001
0.38386 0.04005
0.385590 0.04007
0.38732 0.04009
0.389060 0.04011
0.39079 0.04013
0.39253 0.04015
0.39426 0.04018
0.39598 0.04022
0.3977 0.04026
0.399420 0.04032
0.40113 0.04039
0.40283 0.04048
0.40452 0.04057
0.406210 0.04068
0.40789 0.04081
0.40956 0.040950
0.41122 0.04111
0.41288 0.04129
0.41453 0.04148
0.41617 0.04169
0.4178 0.04191
0.41942 0.04215
0.42103 0.04241
0.42263 0.04269
0.42422 0.042990
0.4258 0.04331
0.42738 0.04365
0.42894 0.04401
0.43049 0.04439
0.43203 0.04479
0.43356 0.04521
0.43508 0.04565
0.43659 0.04612
0.43809 0.0466
0.43958 0.04709
0.44106 0.0476100
0.442530 0.04814
0.444 0.04868
0.44545 0.04926
0.44689 0.04985
0.44832 0.05047
0.44974 0.05112
0.45114 0.051790
0.45253 0.052490
0.4539 0.05321
0.45527 0.05396
0.45662 0.05473
0.45796 0.05553
0.45928 0.05635
0.46059 0.05721
0.46189 0.058090
0.463170 0.059
0.46443 0.05993
0.46568 0.0609
0.46692 0.0619
0.46814 0.06293
0.4693400 0.06399
0.47053 0.06509
0.4717 0.06622
0.47285 0.06739
0.47398 0.06859
0.47509 0.06983
0.47618 0.07111
0.47726 0.07242
0.47833 0.07375
0.47938 0.07512
0.48041 0.07651
0.48143 0.07793
0.482440 0.07937
0.48344 0.08084
0.48442 0.08234
0.48538 0.08387
0.48633 0.08544
0.487250 0.08706
0.488140 0.08873
0.489 0.09045
0.4898 0.09214
0.49052 0.09372
0.49113 0.095100
0.4916 0.0962
0.49192 0.09694
0.4921 0.097280
-Inserting Flap Ga2-
0.6158 0.22178
0.6158 0.22134
0.61579 0.22047
0.61577 0.21919
0.61573 0.21757
0.61565 0.21573
0.61554 0.21375
0.61537 0.21174
0.61513 0.20978
0.61482 0.20788
0.61447 0.20604
0.61407 0.20424
0.61364 0.20247
0.61318 0.20073
0.6127 0.19902
0.61219 0.19732
0.61166 0.19565
0.61111 0.19401
0.61055 0.192380
0.60996 0.19077
0.60935 0.189170
0.60873 0.1876
0.60809 0.18604
0.60744 0.18449
0.60677 0.18297
0.60608 0.18146
0.60538 0.17996
0.60465 0.17849
0.60391 0.17703
0.60315 0.17559
0.60238 0.174160
0.6016 0.172750
0.6008 0.17134
0.600 0.169950
0.59919 0.16856
0.598380 0.16718
0.59755 0.16581
0.5967 0.16446
0.59584 0.16312
0.59497 0.16179
0.59409 0.16048
0.59319 0.15918
0.59228 0.15789
0.59135 0.15662
0.59042 0.15536
0.58947 0.15411
0.588510 0.15287
0.58754 0.15164
0.58656 0.15042
0.58557 0.14921
0.58457 0.14801
0.58356 0.14682
0.58253 0.14565
0.5815 0.14449
0.58044 0.14335
0.57938 0.14221
0.5783 0.14109
0.57721 0.13999
0.57611 0.13889
0.57499 0.13781
0.57386 0.13675
0.57271 0.13569
0.57155 0.13466
0.57037 0.13363
0.56919 0.13262
0.56798 0.131630
0.56677 0.13064
0.56555 0.12967
0.56431 0.1287
0.563070 0.12775
0.56181 0.12681
0.56052 0.1259
0.55922 0.125
0.55789 0.12413
0.55654 0.12329
0.55516 0.12247
0.55375 0.12168
0.55232 0.12091
0.55087 0.12017
0.54939 0.11945
0.54787 0.11877
0.54631 0.118130
0.544720 0.11753
0.54307 0.11697
0.54139 0.11646
0.53965 0.11599
0.53788 0.115570
0.53606 0.115190
0.5342 0.114850
0.53228 0.11457
0.53028 0.11438
0.52816 0.1143
0.52592 0.11434
0.52356 0.11452
0.52113 0.11485
0.51874 0.11532
0.51648 0.11592
0.51445 0.11666
0.512720 0.11751
0.51033 0.1194600
0.50972 0.1205
0.509550 0.12155
0.50983 0.12258
0.51049 0.12358
0.51144 0.12455
0.5126 0.12548
0.513890 0.12637
0.51524 0.12722
0.51662 0.12803
0.5180500 0.1288
0.51952 0.12954
0.52101 0.13024
0.52254 0.130910
0.5241 0.13155
0.52568 0.13216
0.52729 0.132760
0.5289 0.13334
0.53053 0.13391
0.53217 0.13447
0.53382 0.13502
0.53546 0.13557
0.53711 0.13612
0.538750 0.13668
0.54039 0.13724
0.54202 0.13781
0.54364 0.13839
0.54525 0.138970
0.54685 0.139570
0.54845 0.14017
0.55003 0.14079
0.5516 0.14142
0.55316 0.14206
0.5547 0.14271
0.556240 0.14338
0.55776 0.14405
0.55926 0.14474
0.560760 0.14545
0.562240 0.14617
0.5637 0.146900
0.56516 0.14764
0.56659 0.1484
0.56802 0.14918
0.56942 0.149970
0.57081 0.15078
0.57219 0.15160
0.57355 0.15244
0.57489 0.1533
0.57621 0.15417
0.57752 0.15507
0.57881 0.15597
0.58009 0.15689
0.58135 0.15783
0.5826 0.15877
0.58384 0.15973
0.58507 0.160710
0.586270 0.16170
0.58746 0.16271
0.58863 0.16374
0.58977 0.16479
0.5909 0.16586
0.592 0.16696
0.59309 0.16807
0.59415 0.1692
0.5952 0.17035
0.59623 0.17153
0.59723 0.17272
0.59821 0.173940
0.59917 0.175170
0.600110 0.17643
0.60102 0.17772
0.60191 0.17903
0.60278 0.18036
0.60362 0.18172
0.60444 0.1831
0.60523 0.18451
0.60599 0.18594
0.60672 0.18741
0.60742 0.1889
0.6081 0.19043
0.60875 0.19198
0.60937 0.19355
0.60997 0.19515
0.61054 0.19677
0.6111 0.19842
0.61163 0.20008
0.61214 0.20177
0.612640 0.20347
0.613110 0.2052
0.61355 0.20696
0.61396 0.20874
0.61434 0.21057
0.61467 0.21243
0.61496 0.21433
0.61519 0.21619
0.61539 0.21791
0.61554 0.21941
0.61566 0.22061
0.61573 0.22141
0.6158 0.22178
*.*.Setup: Ga2.txt as Flap 1, Inverted: y, Scale = 1.0, AoA = 4.0, Reposition from (0,0) = (0, 0)*.*.
*.*.Setup: Ga2.txt as Flap 2, Inverted: y, Scale = 0.4, AoA = 27.0, Reposition from previous T.E. = (-0.0267, 0.08), Reposition from (0,0) = (0.9743, 0.1007)*.*.
*.*.Setup: Ga2.txt as Flap 3, Inverted: y, Scale = 0.4, AoA = 45.0, Reposition from previous T.E. = (0.04, 0.07), Reposition from (0,0) = (1.3797, 0.3348)*.*.
*.*.Setup: Scale Ratio = 0.36733*.*.