0.37424 0.00775
0.373510 0.0069
0.37204 0.005260
0.36986 0.002830
0.36708 -0.00021
0.36386 -0.003640
0.36033 -0.00725
0.35665 -0.01082
0.35292 -0.01418
0.34917 -0.01732
0.34541 -0.02027
0.34164 -0.02307
0.33787 -0.02574
0.33408 -0.02831
0.33029 -0.03080
0.32649 -0.0332
0.32269 -0.035530
0.318880 -0.03777
0.31507 -0.03995
0.31126 -0.04207
0.30743 -0.04411
0.303610 -0.0461
0.29978 -0.04803
0.29594 -0.0499
0.29211 -0.05172
0.28827 -0.053470
0.28442 -0.05516
0.28057 -0.05679
0.27671 -0.05835
0.27285 -0.05985
0.26899 -0.0613
0.26512 -0.06271
0.26125 -0.06408
0.25738 -0.06543000
0.25351 -0.06675
0.24964 -0.06803
0.24576 -0.06927
0.24188 -0.07046
0.237990 -0.0716
0.234110 -0.07269
0.23021 -0.07374
0.22632 -0.07473
0.22242 -0.075680
0.21852 -0.07658
0.21461 -0.07744
0.21071 -0.07826
0.2068 -0.07904
0.20288 -0.07979
0.19897 -0.0805
0.19505 -0.08117
0.19113 -0.08179
0.18721 -0.08238
0.183280 -0.08292
0.17935 -0.08341
0.17542 -0.08386
0.17148 -0.08426
0.16754 -0.08461
0.1636 -0.08491
0.15965 -0.08517
0.15570 -0.08538
0.15175 -0.08554
0.14779 -0.08564
0.14383 -0.0857
0.13986 -0.0857
0.1359 -0.08566
0.13193 -0.08557
0.12795 -0.08543
0.12398 -0.08526
0.12 -0.08506
0.11601 -0.0848
0.112030 -0.08449
0.10804 -0.08411
0.10404 -0.08366
0.10004 -0.08311
0.09603 -0.08247
0.09201 -0.081740
0.08799 -0.08092
0.08396 -0.08001
0.079930 -0.079
0.07588 -0.0779
0.07183 -0.07667
0.06777 -0.07531
0.0637 -0.0738
0.05962 -0.07213
0.05553 -0.07029
0.05143 -0.068290
0.04731 -0.06614
0.04319 -0.06385
0.03905 -0.0613900
0.03490 -0.05871
0.03072 -0.05573
0.02652 -0.05237
0.02229 -0.04856
0.01805 -0.04424
0.01395 -0.039560
0.01014 -0.03467
0.00681 -0.02974
0.00412 -0.02494
0.00222 -0.02042
0.00089 -0.01268
0.00147 -0.009680
0.00289 -0.00738
0.00514 -0.00587
0.00807 -0.005040
0.01151 -0.004770
0.0153 -0.00492
0.01927 -0.00535
0.02328 -0.00597
0.0273 -0.00673
0.03133 -0.00763
0.03536 -0.008660
0.03941 -0.00982
0.04346 -0.01109
0.04752 -0.01246
0.05159 -0.013920
0.05566 -0.01545
0.05974 -0.01704
0.06381 -0.01867
0.0679 -0.02033
0.07198 -0.02201
0.07606 -0.0237
0.08014 -0.02539
0.08422 -0.02706
0.0883 -0.02871
0.09238 -0.03034
0.09646 -0.03194
0.10053 -0.03351
0.1046 -0.035040
0.108670 -0.03653
0.11274 -0.03799
0.1168 -0.0394100
0.12086 -0.04078
0.12492 -0.04211
0.12898 -0.04339
0.13303 -0.04463
0.13708 -0.04582
0.14112 -0.04696
0.14516 -0.048050
0.14920 -0.0491
0.153230 -0.05009
0.15726 -0.05102
0.16129 -0.051910
0.16531 -0.05274
0.16933 -0.053510
0.17334 -0.05422
0.177350 -0.05487
0.18136 -0.05547
0.18536 -0.056
0.189360 -0.05647
0.19335 -0.05688
0.19734 -0.05725
0.20133 -0.05757
0.20531 -0.05784
0.2092900 -0.05807
0.21327 -0.05824
0.21724 -0.05835
0.22121 -0.05839
0.225170 -0.05836
0.22913 -0.05825
0.23308 -0.05806
0.23703 -0.05781
0.24097 -0.057490
0.24491 -0.05709
0.24884 -0.05663
0.25277 -0.05609
0.25669 -0.05547
0.2606 -0.05478
0.26451 -0.054
0.26842 -0.05315
0.272320 -0.05221
0.27621 -0.05118
0.2801 -0.05007
0.28398 -0.04887
0.287850 -0.04758
0.29172 -0.04619
0.295580 -0.04470
0.29943 -0.04311
0.30328 -0.04141
0.30712 -0.03961
0.3109500 -0.03772
0.31478 -0.03573
0.31860 -0.03366
0.32241 -0.031510
0.32622 -0.02928
0.33002 -0.02697
0.333820 -0.02459
0.33761 -0.02213
0.3414 -0.0196
0.34518 -0.016970
0.34896 -0.01423
0.35272 -0.01136
0.35647 -0.00833
0.36019 -0.00516
0.36375 -0.00199
0.367 0.001
0.3698 0.00363
0.37201 0.00573
0.37349 0.00714
0.37424 0.00775
-Inserting Flap Ga2-
0.4884 0.091530
0.488260 0.0911
0.48798 0.090270
0.48755 0.08903
0.48701 0.08748
0.48636 0.08571
0.485620 0.083830
0.484820 0.08194
0.48397 0.08012
0.48308 0.07838
0.48216 0.07671
0.48121 0.07509
0.48024 0.07351
0.47925 0.07197
0.47824 0.07047
0.47722 0.06899
0.47618 0.06754
0.475130 0.06612
0.47407 0.06472
0.472990 0.06334
0.4719 0.06199
0.47081 0.06066
0.469700 0.05935
0.46858 0.05807
0.46745 0.0568
0.46631 0.05555
0.46516 0.05433
0.46399 0.05313
0.46282 0.05195
0.46163 0.05079
0.46044 0.04966
0.45923 0.04853
0.45802 0.04742
0.45681 0.04632
0.455590 0.04523
0.454360 0.04415
0.453130 0.04309
0.45189 0.04204
0.45063 0.04102
0.44937 0.040010
0.4481 0.03902
0.44682 0.03804
0.44554 0.03708
0.44424 0.03614
0.44294 0.03521
0.44163 0.0343
0.44031 0.0334
0.43899 0.03252
0.43765 0.03164
0.43632 0.03079
0.43497 0.02994
0.43362 0.02911
0.43226 0.0283
0.43089 0.0275
0.42951 0.02672
0.42812 0.02596
0.426720 0.02522
0.42532 0.02449
0.42391 0.02378
0.422490 0.02308
0.42105 0.02241
0.41961 0.02175
0.41816 0.02111
0.416710 0.02049
0.41524 0.019890
0.41376 0.01930
0.41228 0.01873
0.41079 0.01817
0.40929 0.01762
0.40778 0.01709
0.40627 0.01658
0.40474 0.0161
0.40319 0.01564
0.40164 0.015220
0.40006 0.01483
0.39847 0.01447
0.39686 0.01414
0.39523 0.01385
0.39359 0.01359
0.391930 0.01336
0.39025 0.01318
0.38854 0.01305
0.3868 0.01297
0.38504 0.01295
0.38324 0.01298
0.38142 0.01308
0.37957 0.01323
0.37769 0.01343
0.37579 0.01368
0.37384 0.01402
0.37184 0.01447
0.36976 0.01505
0.36761 0.01579
0.36537 0.01672
0.36313 0.0178
0.36097 0.019
0.35897 0.0203
0.35723 0.02165
0.35582 0.02301
0.35412 0.02565
0.35387 0.02685
0.35403 0.02792
0.35462 0.02883
0.35557 0.02959
0.3568 0.03023
0.35822 0.03077
0.35975 0.03123
0.36132 0.03163
0.36292 0.03197
0.36454 0.03227
0.36619 0.03252
0.36786 0.032730
0.369550 0.03289
0.37126 0.03302
0.37298 0.03312
0.37472 0.03319
0.37647 0.03325
0.37823 0.03328
0.37999 0.03331
0.381760 0.03333
0.38352 0.03335
0.38529 0.03336
0.38705 0.03339
0.38881 0.03342
0.39057 0.03345
0.39232 0.0335
0.39407 0.03356
0.3958 0.03363
0.397540 0.03372
0.39926 0.03382
0.40098 0.03393
0.402690 0.03406
0.40439 0.034210
0.40608 0.03437
0.40777 0.03454
0.40945 0.03474
0.41111 0.03495
0.41277 0.03518
0.41442 0.03543
0.41606 0.03569
0.41769 0.03598
0.41931 0.036280
0.42092 0.0366
0.42252 0.03695
0.42411 0.03731
0.42569 0.0377
0.42726 0.03811
0.428810 0.03854
0.43036 0.03899
0.4319 0.03946
0.43342 0.03995
0.43494 0.04046
0.43645 0.0409800
0.43795 0.04152
0.43944 0.04207
0.44092 0.04265
0.44239 0.04326
0.44384 0.04389
0.44528 0.04455
0.44671 0.045240
0.44812 0.045950
0.44952 0.04668
0.45091 0.04744
0.45229 0.04823
0.453650 0.04904
0.455 0.04988
0.45633 0.05075
0.45765 0.051640
0.45895 0.05257
0.46024 0.05352
0.46151 0.05451
0.46277 0.05553
0.46401 0.05658
0.46524 0.05766
0.46644 0.05877
0.46763 0.05992
0.4688 0.06111
0.46995 0.06234
0.47109 0.0636
0.4722 0.0649
0.4733 0.06623
0.47438 0.06759
0.47545 0.06898
0.4765 0.07039
0.47754 0.07184
0.47857 0.07331
0.47958 0.0748
0.48058 0.07633
0.48156 0.07789
0.48252 0.07949
0.48346 0.08113
0.48437 0.08283
0.48524 0.08458
0.48606 0.0863
0.48679 0.08791
0.48741 0.0893200
0.48789 0.09044
0.48822 0.09119
0.4884 0.091530
-Inserting Flap Ga2-
0.6143 0.21452
0.6143 0.21407
0.61429 0.21318
0.61427 0.21188
0.61423 0.21023
0.61415 0.20835
0.61404 0.20634
0.61386 0.20429
0.61361 0.2023
0.61331 0.20037
0.612950 0.19849
0.61254 0.19666
0.6121 0.19486
0.61164 0.19309
0.61115 0.19134
0.61063 0.18962
0.610090 0.18792
0.60953 0.18624
0.60895 0.184590
0.60836 0.18295
0.60774 0.181330
0.60711 0.17972
0.60646 0.17813
0.60579 0.17656
0.60511 0.17501
0.60441 0.17347
0.60369 0.17195
0.60296 0.17045
0.6022 0.16897
0.60143 0.1675
0.60064 0.166050
0.59985 0.164610
0.59904 0.16318
0.59822 0.161760
0.5974 0.16034
0.59657 0.15894
0.59572 0.15755
0.594860 0.15617
0.59399 0.1548
0.59310 0.15345
0.5922 0.15212
0.591290 0.1508
0.59036 0.14949
0.58942 0.14819
0.58846 0.14691
0.5875 0.14563
0.58653 0.14437
0.585540 0.14312
0.58454 0.14188
0.58354 0.14065
0.58252 0.13943
0.58149 0.13822
0.580440 0.13703
0.57939 0.13585
0.578320 0.13468
0.57723 0.13353
0.57613 0.13239
0.57502 0.13126
0.5739 0.13015
0.57276 0.12905
0.57161 0.12796
0.57044 0.12689
0.56926 0.12584
0.56807 0.1248
0.566860 0.12377
0.56563 0.122750
0.5644 0.12175
0.56315 0.12076
0.5619 0.11978
0.56063 0.11881
0.559350 0.11786
0.55804 0.11692
0.55671 0.11601
0.55536 0.11513
0.55398 0.11427
0.55258 0.11344
0.551150 0.11263
0.5497 0.11185
0.54821 0.11109
0.5467 0.11036
0.54516 0.10967
0.54358 0.109010
0.54195 0.1084
0.54028 0.10784
0.538560 0.10732
0.5368 0.10684
0.53499 0.106410
0.53314 0.106020
0.53125 0.105680
0.5293 0.1054
0.52725 0.1052
0.5251 0.10511
0.5228300 0.10516
0.520410 0.10535
0.51794 0.10568
0.51551 0.10616
0.51322 0.10677
0.51114 0.10752
0.50938 0.10838
0.50695 0.1103700
0.50634 0.11143
0.50616 0.1125
0.50645 0.11354
0.50711 0.11456
0.508080 0.11555
0.50926 0.1165
0.51058 0.11741
0.51195 0.11827
0.51336 0.1191
0.51481 0.11988
0.5163 0.12063
0.517830 0.12134
0.51938 0.122020
0.52097 0.12267
0.52258 0.1233
0.52421 0.123910
0.52586 0.1245
0.52752 0.12507
0.52919 0.12564
0.53086 0.12621
0.532540 0.12677
0.53421 0.12733
0.53588 0.1279
0.537540 0.12847
0.5392 0.12905
0.54085 0.12964
0.5425 0.130230
0.54413 0.130840
0.545750 0.13145
0.54736 0.13208
0.548960 0.13272
0.55054 0.13337
0.55212 0.13403
0.55368 0.13471
0.55522 0.1354
0.556760 0.1361
0.55828 0.13682
0.55979 0.13755
0.56128 0.138300
0.56276 0.13906
0.56422 0.13983
0.56567 0.14062
0.5671 0.141430
0.56851 0.14225
0.56991 0.143090
0.571290 0.14394
0.57266 0.14481
0.57401 0.1457
0.57534 0.14661
0.57665 0.14753
0.57795 0.14847
0.57924 0.14942
0.58051 0.15038
0.58178 0.15136
0.58302 0.152350
0.58425 0.153360
0.58546 0.15439
0.58664 0.15544
0.58781 0.15651
0.58895 0.1576
0.59008 0.15871
0.59118 0.15985
0.59227 0.161
0.59333 0.16217
0.59438 0.16336
0.5954 0.16458
0.59640 0.165820
0.59738 0.167080
0.59833 0.16836
0.59926 0.16967
0.60017 0.171
0.60105 0.17235
0.60191 0.17373
0.60274 0.17514
0.60354 0.17658
0.604320 0.17804
0.60506 0.17953
0.60578 0.18105
0.60646 0.1826
0.60712 0.18418
0.60776 0.18578
0.60837 0.18741
0.60895 0.18906
0.60952 0.19073
0.61006 0.19243
0.61058 0.19414
0.61108 0.19588
0.61156 0.19764
0.61201 0.19943
0.61243 0.20124
0.61281 0.2031
0.61315 0.205
0.61344 0.20693
0.61369 0.20882
0.61388 0.21057
0.61404 0.2121
0.61415 0.21332
0.61423 0.21413
0.6143 0.21452
*.*.Setup: Ga2.txt as Flap 1, Inverted: y, Scale = 1.0, AoA = 4.0, Reposition from (0,0) = (0, 0)*.*.
*.*.Setup: Ga2.txt as Flap 2, Inverted: y, Scale = 0.4, AoA = 27.0, Reposition from previous T.E. = (-0.06, 0.06), Reposition from (0,0) = (0.941, 0.0807)*.*.
*.*.Setup: Ga2.txt as Flap 3, Inverted: y, Scale = 0.4, AoA = 45.0, Reposition from previous T.E. = (0.04, 0.06), Reposition from (0,0) = (1.3463, 0.3048)*.*.
*.*.Setup: Scale Ratio = 0.37387*.*.