0.35896 0.05685
0.35696 0.054630
0.35403 0.05139
0.35057 0.04818
0.34635 0.04502
0.34118 0.04174
0.33493 0.03817
0.32753 0.03431
0.31909 0.030210
0.30982 0.02597
0.29999 0.02169
0.28982 0.01746
0.27947 0.01334
0.26905 0.00937
0.25859 0.00558
0.24809 0.00198
0.23753 -0.00145
0.22685 -0.00471
0.21601 -0.00783
0.20495 -0.01084
0.19364 -0.01378
0.1821 -0.01669
0.17038 -0.01959
0.1586 -0.02246
0.14689 -0.02527
0.13545 -0.02796
0.12444 -0.030460
0.11404 -0.03266
0.10438 -0.03447
0.09539 -0.03583
0.08695 -0.0367
0.07893 -0.03711
0.07124 -0.03705
0.06384 -0.036540
0.0567 -0.03558
0.04981 -0.03419
0.04321 -0.0324
0.03693 -0.03025
0.03107 -0.02782
0.02573 -0.02521
0.02101 -0.022580
0.016960 -0.02002
0.01355 -0.0176
0.010730 -0.01533
0.00839 -0.01321
0.006450 -0.011220
0.00485 -0.00936
0.00353 -0.00762
0.00245 -0.00598
0.00157 -0.0044300
0.00088 -0.00296
0.00037 -0.001560
0.000086 -0.00022
-0.00012 0.00109000
0.000005 0.0024
0.00056 0.003620
0.00158 0.00459
0.00291 0.00532
0.00448 0.00591
0.00628 0.006420
0.00838 0.00689
0.01083 0.00736
0.01377 0.00783
0.01735 0.00833
0.02184 0.00885
0.02754 0.00941
0.03473 0.01001
0.04337 0.0106
0.05309 0.01106
0.063560 0.01133
0.07470 0.01141
0.0864 0.01138
0.098480 0.01131
0.11073 0.01121
0.12295 0.01112
0.13503 0.01107
0.146920 0.01109
0.1586 0.01121
0.17009 0.011450
0.181390 0.01184
0.19251 0.01239
0.20347 0.01313
0.2143 0.01407
0.2250100 0.01522
0.2356 0.01658
0.24609 0.01818
0.2565 0.02001
0.266830 0.02208
0.27706 0.02439
0.28719 0.02693
0.29716 0.02969
0.30689 0.03265
0.31625 0.03576
0.32501 0.03894
0.33294 0.04211
0.33986 0.0452
0.34575 0.04816
0.35069 0.05099
0.35481 0.05369
0.35896 0.05685
-Inserting Flap s1223rtl-
0.52366 0.15182
0.523 0.15048
0.52204 0.14852
0.52082 0.1465
0.51923 0.1444
0.5172 0.14211
0.51468 0.13953
0.51166 0.13666
0.50817 0.13352
0.5043 0.13021
0.50016 0.12680
0.49585 0.12336
0.49145 0.11996
0.48699 0.11661
0.48248 0.11335
0.47793 0.11017
0.47333 0.10707
0.46864 0.10403
0.46386 0.10104
0.45896 0.09806
0.45394 0.09509
0.448790 0.0921
0.44356 0.08909
0.43829 0.08609
0.43305 0.08313
0.42792 0.08025
0.42297 0.077540
0.41828 0.07505
0.41388 0.07284
0.40975 0.070950
0.405810 0.06937
0.40201 0.068070
0.39831 0.06704
0.39468 0.06626
0.39112 0.06574
0.38762 0.06546
0.3842 0.065410
0.38088 0.06558
0.37773 0.06594
0.37481 0.06645
0.37217 0.06707
0.36987 0.06774
0.3679 0.0684400
0.36623 0.06914
0.36482 0.06983
0.36361 0.07052
0.36259 0.071190
0.36171 0.07185
0.36097 0.07249
0.36033 0.07311
0.3598 0.07372
0.35936 0.07433
0.35901 0.074930
0.35876 0.075530
0.35863 0.07618
0.35874 0.07684
0.35909 0.07745
0.35963 0.07799
0.3603 0.07848
0.3611 0.07898
0.362040 0.07949
0.36316 0.08006
0.3645 0.08069
0.36616 0.08142
0.36824 0.08229
0.3709 0.08335
0.37428 0.08462
0.37835 0.0861
0.38296 0.08766
0.38795 0.08923
0.39329 0.090810
0.39892 0.09241
0.40474 0.094030
0.41064 0.09567
0.41653 0.09732
0.422340 0.09896
0.42805 0.10061
0.43365 0.10227
0.43914 0.10397
0.44451 0.10571
0.449780 0.10751
0.45495 0.10938
0.46003 0.11132
0.46501 0.113350
0.46991 0.11547
0.47474 0.11768
0.479490 0.12
0.48417 0.12241
0.48877 0.124930
0.49328 0.12755
0.4977 0.13025
0.50197 0.13301
0.50604 0.1358
0.50981 0.13854
0.513180 0.14115
0.51608 0.143590
0.51851 0.145820
0.52049 0.14787
0.5221 0.14973
0.52366 0.15182
-Inserting Flap s1223rtl-
0.64125 0.29849
0.64109 0.297
0.640860 0.29483
0.6404 0.29252
0.63962 0.29
0.6385 0.28715
0.63702 0.28387
0.63516 0.28014
0.63295 0.27599
0.63045 0.27156
0.62773 0.26694
0.62486 0.262240
0.62188 0.25753
0.61883 0.25286
0.61572 0.24825
0.61253 0.24371
0.60926 0.239220
0.6059 0.23476
0.60243 0.23031
0.59884 0.22584
0.59514 0.22133
0.59132 0.21676
0.58743 0.21215
0.58351 0.20752
0.5796 0.20295
0.57576 0.19849
0.57204 0.19425
0.56849 0.1903
0.565110 0.18673
0.56187 0.18354
0.55871 0.1807
0.55559 0.17818
0.55246 0.17595
0.54932 0.17398
0.54615 0.17227
0.54295 0.17081
0.53976 0.16959
0.536590 0.168610
0.5335 0.16788
0.53057 0.16736
0.52789 0.16704
0.5255 0.16688
0.52341 0.16686
0.5216 0.16695
0.52003 0.16712
0.51866 0.16735
0.51747 0.16763
0.51642 0.16795
0.5155 0.1683
0.51469 0.168660
0.51398 0.16906
0.51336 0.16948
0.51283 0.16992
0.51239 0.1704
0.51205 0.17097
0.51192 0.17163
0.512050 0.172320
0.51237 0.173
0.51283 0.1737
0.51341 0.17444
0.514120 0.17525
0.51497 0.17616
0.516020 0.17721
0.51733 0.17846
0.51899 0.17999
0.52113 0.1819
0.52386 0.18425
0.52718 0.18703
0.53098 0.19007
0.53514 0.19326
0.53962 0.19657
0.54436 0.19999
0.549270 0.20351
0.55425 0.207070
0.55922 0.21063
0.56412 0.21416
0.568920 0.21766
0.57362 0.22114
0.578190 0.224620
0.58265 0.22809
0.58698 0.23159
0.5912 0.23511
0.59531 0.23867
0.59930 0.24228
0.60318 0.24595
0.60696 0.24968
0.61063 0.25348
0.6142 0.25735
0.61766 0.261290
0.62101 0.26529
0.624230 0.26934
0.6273 0.27340
0.63017 0.2774
0.63278 0.28127
0.63505 0.28488
0.63695 0.28816
0.63846 0.29109
0.63963 0.29369
0.6405 0.29599
0.64125 0.29849
*.*.Setup: s1223rtl.txt as Flap 1, Inverted: y, Scale = 1.0, AoA = 9.0, Reposition from (0,0) = (0, 0)*.*.
*.*.Setup: s1223rtl.txt as Flap 2, Inverted: y, Scale = 0.5, AoA = 25.0, Reposition from previous T.E. = (0.0, 0.05), Reposition from (0,0) = (0.9877, 0.2064)*.*.
*.*.Setup: s1223rtl.txt as Flap 3, Inverted: y, Scale = 0.5, AoA = 45.0, Reposition from previous T.E. = (-0.03, 0.05), Reposition from (0,0) = (1.4108, 0.4677)*.*.
*.*.Setup: Scale Ratio = 0.36344*.*.