0.35884 -0.03022
0.35806 -0.030950
0.35648 -0.03238
0.354150 -0.03449
0.35119 -0.03712
0.347760 -0.04007
0.34403 -0.04317
0.34014 -0.04622
0.33623 -0.049060
0.33233 -0.05168
0.32844 -0.05413
0.32455 -0.056430
0.32067 -0.05860
0.31679 -0.06068
0.31291 -0.06268
0.30904 -0.0646
0.30517 -0.06644
0.3013 -0.06821
0.29743 -0.06991
0.29357 -0.07155
0.28971 -0.07312
0.28585 -0.07464
0.28199 -0.0761
0.27813 -0.0775
0.27428 -0.07886
0.27043 -0.08015
0.26658 -0.08138
0.26273 -0.08255
0.25888 -0.08365
0.25504 -0.0847
0.2512 -0.0857
0.24736 -0.08666
0.24352 -0.08758
0.23968 -0.08848
0.23584 -0.08935
0.232 -0.09019
0.22817 -0.09099
0.22434 -0.09174
0.2205 -0.09244
0.21667 -0.09309
0.21285 -0.0937
0.20902 -0.09426
0.20519 -0.09477
0.20137 -0.09524
0.19755 -0.09567
0.19373 -0.096070
0.189910 -0.09642
0.18609 -0.09674
0.18227 -0.09702
0.17846 -0.09727
0.17464 -0.09748
0.17083 -0.09764
0.16702 -0.09777
0.16321 -0.097840
0.1594 -0.09787
0.15559 -0.09786
0.15179 -0.0978
0.14798 -0.09769
0.14418 -0.09754
0.14038 -0.09734
0.13658 -0.0971
0.13279 -0.0968
0.12899 -0.09646
0.1252 -0.09606
0.12141 -0.09562
0.11762 -0.09513
0.11383 -0.09461
0.11004 -0.09404
0.10626 -0.0934500
0.10247 -0.0928
0.09869 -0.09211
0.09491 -0.09134
0.09113 -0.0905
0.08735 -0.08957
0.08358 -0.08856
0.07981 -0.08746
0.07605 -0.086270
0.07229 -0.08499
0.06853 -0.08363
0.06477 -0.08216
0.06102 -0.080580
0.05727 -0.07887
0.05353 -0.07702
0.04979 -0.075
0.046060 -0.07283
0.04233 -0.07051
0.03861 -0.06804
0.0349 -0.06543
0.03119 -0.06266
0.02748 -0.05968
0.02379 -0.056410
0.02011 -0.05278
0.01645 -0.0487
0.01282 -0.04415
0.00937 -0.039250
0.00622 -0.03419
0.00353 -0.02914
0.00144 -0.02428
7e-05 -0.01976
-0.00043 -0.012230
0.00043 -0.00941
0.00203 -0.00735
0.00433 -0.00613
0.00721 -0.00563
0.01054 -0.00572
0.01415 -0.00624
0.0179 -0.00706
0.02167 -0.008050
0.02544 -0.00918
0.0292 -0.01045
0.03296 -0.01184
0.03672 -0.01336
0.04047 -0.01498
0.04421 -0.0167
0.04796 -0.01851
0.0517 -0.020380
0.05544 -0.02231
0.05918 -0.02428
0.06291 -0.02628
0.06665 -0.0283
0.07039 -0.03033
0.07412 -0.032350
0.07786 -0.03436
0.0816 -0.03635
0.08534 -0.03832
0.08908 -0.04026
0.09282 -0.04217
0.09656 -0.04404
0.1003 -0.04588
0.10405 -0.04769
0.10779 -0.04945
0.11154 -0.05117
0.11529 -0.05285
0.11904 -0.05449
0.12279 -0.05608
0.12654 -0.05762
0.1303 -0.05912
0.13405 -0.060570
0.13781 -0.06198
0.14157 -0.06333
0.14533 -0.06463
0.1491 -0.06588
0.15286 -0.06708
0.15663 -0.06822
0.1604 -0.06931
0.16417 -0.07034
0.167940 -0.07131
0.17172 -0.07222
0.17549 -0.07307
0.17927 -0.073870
0.18305 -0.07462
0.18684 -0.07533
0.19062 -0.07599
0.19441 -0.07661
0.19819 -0.07717
0.20198 -0.07767
0.20578 -0.07811
0.20957 -0.07848
0.21337 -0.07877
0.21717 -0.078990
0.22097 -0.07915
0.22477 -0.07923
0.22858 -0.079250
0.23239 -0.079200
0.23620 -0.07908
0.24001 -0.078890
0.24383 -0.07862
0.24765 -0.07827
0.25147 -0.07784
0.2553 -0.07733
0.25912 -0.07675
0.26295 -0.07607
0.26679 -0.07531
0.27062 -0.07447
0.27446 -0.07353
0.27831 -0.07249
0.28215 -0.07136
0.286 -0.07012
0.28986 -0.06878
0.2937200 -0.06735
0.29758 -0.06584
0.30144 -0.06424
0.3053 -0.06257
0.30917 -0.06082
0.31304 -0.05899
0.31692 -0.05709
0.320790 -0.05512
0.32467 -0.05308
0.32855 -0.05095
0.33244 -0.04871
0.33633 -0.04633
0.34022 -0.04381
0.3441 -0.04116
0.34782 -0.03848
0.35123 -0.03595
0.35418 -0.03372
0.3565 -0.03193
0.35807 -0.03073
0.35884 -0.03022
-Inserting Flap Ga2-
0.49899 0.061610
0.49889 0.061190
0.49869 0.06036
0.49839 0.05914
0.49799 0.057610
0.49752 0.05586
0.49697 0.054
0.49636 0.05212
0.49570 0.0503
0.495 0.048560
0.49426 0.04688
0.49348 0.0452500
0.49268 0.04366
0.49186 0.0421
0.49102 0.04057
0.49016 0.03907
0.489290 0.03759
0.4884 0.03614
0.4875 0.03471
0.48659 0.0333
0.48566 0.03192
0.48472 0.03055
0.48377 0.0292
0.4828 0.02787
0.481820 0.02656
0.48084 0.02527
0.47984 0.024
0.47882 0.02276
0.47779 0.02153
0.47675 0.02032
0.4757 0.01913
0.474640 0.01796
0.47358 0.01679
0.4725 0.01563
0.471430 0.01449
0.47034 0.01335
0.46925 0.01223
0.46814 0.01112
0.46703 0.010030
0.46591 0.00896
0.46477 0.0079
0.46363 0.00686
0.46248 0.00583
0.46131 0.00482
0.46014 0.00382
0.45896 0.00284
0.45778 0.00187
0.45658 0.00091
0.45538 -4e-05
0.45417 -0.00098
0.45295 -0.0019
0.45172 -0.00281
0.45049 -0.0037
0.44924 -0.00458
0.44798 -0.00544
0.44672 -0.00628
0.445440 -0.00712
0.44416 -0.00793
0.44286 -0.00873
0.44156 -0.00952
0.44024 -0.010280
0.43892 -0.01103
0.43758 -0.01177
0.43624 -0.01249
0.43488 -0.01319
0.43351 -0.01387
0.43214 -0.01455
0.43076 -0.01521
0.42937 -0.01586
0.42797 -0.01649
0.42656 -0.0171
0.42514 -0.0177
0.42369 -0.01826
0.42224 -0.0188
0.42076 -0.01931
0.41926 -0.01978
0.41775 -0.020230
0.41621 -0.02065
0.41466 -0.02104
0.41309 -0.02139
0.41149 -0.02171
0.40987 -0.02198
0.40821 -0.0222
0.40652 -0.02237
0.4048 -0.02249
0.40304 -0.022550
0.401260 -0.02256
0.39944 -0.02253
0.39759 -0.02244
0.3957 -0.02228
0.39374 -0.02202
0.39171 -0.021640
0.38958 -0.02111
0.38736 -0.02041
0.385120 -0.01956
0.38294 -0.01858
0.38092 -0.01751
0.37914 -0.0163700
0.37768 -0.01517
0.37582 -0.01279
0.37548 -0.01166
0.37555 -0.01062
0.376040 -0.0097
0.37688 -0.00889
0.378 -0.00818
0.37932 -0.00754
0.380750 -0.00697
0.38222 -0.00646
0.38372 -0.00599
0.38525 -0.00557
0.38681 -0.005190
0.3884 -0.00485
0.39 -0.00455
0.39163 -0.00428
0.39328 -0.00405
0.39494 -0.003830
0.39661 -0.00363
0.39829 -0.00345
0.39997 -0.00328
0.40166 -0.00311
0.40336 -0.00295
0.40505 -0.00278
0.40674 -0.00261
0.40842 -0.00244
0.4101 -0.00225
0.41178 -0.002060
0.41344 -0.00186
0.41510 -0.00164
0.41676 -0.00142
0.4184 -0.001180
0.42004 -0.00092
0.42167 -0.00066
0.42328 -0.000370
0.42489 -8e-05
0.42649 0.000230
0.42808 0.00056
0.42966 0.0009
0.43123 0.00126
0.4328 0.00164
0.43434 0.00203
0.43588 0.002440
0.437410 0.00287
0.43893 0.00331
0.44043 0.00377
0.441930 0.00426
0.44341 0.00476
0.44487 0.00528
0.44633 0.00583
0.44777 0.00639
0.4492 0.00697
0.45063 0.00757
0.45204 0.00818
0.45344 0.0088
0.45484 0.009450
0.45622 0.01011
0.45759 0.01079
0.458940 0.01149
0.46028 0.01222
0.46161 0.01297
0.46292 0.01374
0.46421 0.01454
0.46549 0.01537
0.46676 0.01621
0.46801 0.01708
0.46925 0.01797
0.47047 0.018890
0.47167 0.01983
0.47286 0.0208
0.47403 0.0218
0.47519 0.02282
0.47633 0.02387
0.47745 0.02495
0.47855 0.02606
0.47963 0.02720
0.48069 0.02837
0.48174 0.02958
0.48276 0.03081
0.48376 0.03208
0.48474 0.03339
0.4857 0.03473
0.48664 0.03609
0.48756 0.037490
0.48847 0.03891
0.48936 0.04035
0.49024 0.04182
0.4911 0.04332
0.49194 0.04484
0.49277 0.04638
0.49358 0.04796
0.49437 0.04957
0.49513 0.05123
0.49586 0.05293
0.49655 0.05468
0.49718 0.0564
0.49775 0.058
0.49822 0.05941
0.4986 0.06052
0.498840 0.06127
0.49899 0.061610
-Inserting Flap Ga2-
0.60212 0.17992
0.60213 0.17949
0.60211 0.17864
0.60209 0.17739
0.60206 0.1758
0.60199 0.17399
0.60187 0.17206
0.6017 0.17009
0.60147 0.16817
0.60117 0.16631
0.60083 0.16451
0.60044 0.16274
0.60001 0.16101
0.59957 0.15931
0.59909 0.15763
0.5986 0.15598
0.59808 0.15434
0.59754 0.15273
0.59698 0.151130
0.59641 0.14955
0.59581 0.147990
0.59521 0.14645
0.59458 0.14492
0.59394 0.14341
0.59328 0.14192
0.59261 0.14044
0.59192 0.13897
0.59121 0.13753
0.59049 0.1361
0.58974 0.13469
0.58899 0.133300
0.58822 0.131910
0.58744 0.13054
0.586660 0.129170
0.58587 0.12781
0.58507 0.12646
0.58425 0.12512
0.58343 0.12379
0.58259 0.12248
0.58173 0.12118
0.58087 0.1199
0.57999 0.11862
0.57909 0.11736
0.57819 0.11612
0.57727 0.11488
0.57634 0.11366
0.575410 0.11244
0.57446 0.11124
0.5735 0.11004
0.57253 0.10886
0.57155 0.10769
0.57056 0.10653
0.56956 0.10538
0.56854 0.10424
0.56751 0.10312
0.56647 0.10201
0.56541 0.10092
0.56434 0.09983
0.56326 0.09876
0.56217 0.0977
0.56106 0.09666
0.55993 0.09563
0.5588 0.09461
0.55765 0.09361
0.55648 0.09262
0.55531 0.0916500
0.55412 0.09068
0.552920 0.08973
0.55171 0.08878
0.55049 0.08785
0.54926 0.08693
0.548 0.08604
0.54673 0.08516
0.54543 0.08431
0.5441 0.08348
0.54275 0.08268
0.54137 0.0819
0.53997 0.08115
0.53855 0.08042
0.5371 0.07973
0.53561 0.07906
0.53409 0.078430
0.532530 0.07784
0.53092 0.0773
0.52926 0.0768
0.52757 0.07634
0.52583 0.07593
0.52405 0.075550
0.52223 0.075220
0.52035 0.07495
0.51839 0.07476
0.51632 0.074680
0.51412 0.07472
0.51181 0.0749
0.50943 0.07522
0.50709 0.07568
0.50488 0.07627
0.50289 0.07699
0.501190 0.07782
0.49885 0.07973
0.49826 0.08075
0.49810 0.08178
0.49837 0.08278
0.49901 0.08376
0.49994 0.08471
0.50108 0.08563
0.50234 0.0865
0.50366 0.08734
0.50502 0.08813
0.506420 0.08888
0.50785 0.0896
0.50932 0.09029
0.51081 0.090940
0.51234 0.09157
0.51389 0.09217
0.51546 0.092750
0.51704 0.09332
0.51864 0.09388
0.52024 0.09443
0.52185 0.09497
0.52347 0.09551
0.52508 0.09605
0.526680 0.0966
0.52829 0.09715
0.52988 0.0977
0.53147 0.09827
0.53305 0.0988400
0.53462 0.099420
0.53618 0.10002
0.53773 0.10062
0.53926 0.10123
0.54079 0.10186
0.5423 0.1025
0.5438 0.10315
0.54529 0.10381
0.54677 0.10449
0.548230 0.10518
0.549680 0.10588
0.55112 0.10660
0.55254 0.10733
0.55395 0.10807
0.55534 0.10883
0.55672 0.109610
0.55808 0.1104
0.55942 0.111210
0.56075 0.11203
0.56207 0.11287
0.56336 0.11372
0.56464 0.1146
0.565910 0.11548
0.56716 0.11639
0.5684 0.1173
0.56962 0.11823
0.57084 0.11916
0.57203 0.120120
0.573220 0.121090
0.57438 0.12208
0.57552 0.12309
0.57664 0.12412
0.57774 0.12517
0.57883 0.12624
0.57989 0.12733
0.58093 0.12844
0.58196 0.12957
0.58296 0.13072
0.58394 0.13188
0.58491 0.133070
0.58585 0.134290
0.586760 0.13552
0.58766 0.13678
0.58853 0.13806
0.58938 0.13936
0.5902 0.14069
0.591 0.14204
0.591780 0.14342
0.59252 0.14483
0.59324 0.14627
0.59393 0.14773
0.59459 0.14922
0.59522 0.15074
0.59583 0.15228
0.59642 0.15385
0.59698 0.15544
0.59752 0.15705
0.59805 0.15868
0.59855 0.16033
0.599030 0.162
0.599490 0.16369
0.59993 0.16541
0.60033 0.16716
0.6007 0.16894
0.60102 0.17077
0.6013 0.17263
0.60154 0.17444
0.60173 0.17613
0.60188 0.1776
0.60199 0.17877
0.60206 0.17956
0.60212 0.17992
*.*.Setup: Ga2.txt as Flap 1, Inverted: y, Scale = 1.0, AoA = -2.0, Reposition from (0,0) = (0, 0)*.*.
*.*.Setup: Ga2.txt as Flap 2, Inverted: y, Scale = 0.4, AoA = 32.0, Reposition from previous T.E. = (0.04, 0.06), Reposition from (0,0) = (1.0377, -0.024)*.*.
*.*.Setup: Ga2.txt as Flap 3, Inverted: y, Scale = 0.4, AoA = 45.0, Reposition from previous T.E. = (-0.01, 0.06), Reposition from (0,0) = (1.3773, 0.2313)*.*.
*.*.Setup: Scale Ratio = 0.35968*.*.