0.38407 0.00796
0.383320 0.00709
0.38181 0.005390
0.37957 0.00290
0.37672 -0.00022
0.37341 -0.003740
0.36979 -0.00744
0.36601 -0.0111
0.36218 -0.01455
0.35834 -0.01778
0.35448 -0.0208
0.35061 -0.02367
0.34673 -0.02642
0.34285 -0.02906
0.33896 -0.031610
0.33506 -0.03407
0.33116 -0.036460
0.327260 -0.03877
0.32334 -0.041
0.31943 -0.04317
0.3155 -0.04527
0.311580 -0.04731
0.30765 -0.04929
0.30371 -0.05121
0.29977 -0.05307
0.29583 -0.054880
0.29188 -0.05661
0.28793 -0.05828
0.28398 -0.05988
0.28002 -0.06142
0.27605 -0.06291
0.27208 -0.06435
0.26811 -0.06576
0.26414 -0.06715000
0.26017 -0.0685
0.25619 -0.06981
0.25221 -0.07109
0.24823 -0.07231
0.244240 -0.07348
0.240250 -0.0746
0.23626 -0.07567
0.23226 -0.07669
0.22826 -0.077660
0.22425 -0.07859
0.22025 -0.07947
0.21624 -0.08032
0.21223 -0.08112
0.20821 -0.08188
0.20419 -0.08261
0.20017 -0.0833
0.19615 -0.08394
0.19212 -0.08454
0.188090 -0.0851
0.18406 -0.0856
0.18002 -0.08606
0.17598 -0.08647
0.17194 -0.08683
0.16789 -0.08714
0.16384 -0.08741
0.159790 -0.08762
0.15573 -0.08778
0.15167 -0.08789
0.1476 -0.08795
0.14354 -0.08795
0.13946 -0.0879
0.13539 -0.08781
0.13131 -0.08768
0.12723 -0.0875
0.12315 -0.08729
0.11906 -0.08703
0.114970 -0.08671
0.11087 -0.08632
0.10677 -0.08585
0.10266 -0.08529
0.09855 -0.08463
0.09443 -0.083880
0.0903 -0.08304
0.08617 -0.08211
0.082020 -0.08108
0.07788 -0.07994
0.07372 -0.07869
0.06955 -0.07729
0.06538 -0.07574
0.06119 -0.07402
0.05699 -0.07213
0.05278 -0.070080
0.04855 -0.06788
0.04432 -0.06552
0.04007 -0.06300
0.035810 -0.06025
0.03153 -0.0572
0.02722 -0.05375
0.02288 -0.04983
0.01853 -0.0454
0.01431 -0.04060
0.01041 -0.03558
0.00699 -0.03052
0.00423 -0.0256
0.00228 -0.02096
0.00091 -0.01302
0.00151 -0.009930
0.00297 -0.00758
0.00528 -0.00602
0.00828 -0.005170
0.01182 -0.004890
0.01571 -0.00504
0.01978 -0.00549
0.02389 -0.00612
0.02801 -0.0069
0.03215 -0.00783
0.03629 -0.008890
0.04044 -0.01008
0.0446 -0.01138
0.04877 -0.01279
0.05294 -0.014290
0.05712 -0.01586
0.0613 -0.01749
0.06549 -0.01916
0.06968 -0.02087
0.07387 -0.02259
0.07806 -0.02433
0.08225 -0.02605
0.08643 -0.02777
0.09062 -0.02946
0.09481 -0.03113
0.09899 -0.03278
0.10317 -0.03439
0.10735 -0.035960
0.111530 -0.03749
0.1157 -0.03899
0.11987 -0.0404400
0.12404 -0.04185
0.1282 -0.04321
0.13236 -0.04453
0.13652 -0.0458
0.14067 -0.04702
0.14482 -0.04819
0.14897 -0.049320
0.153110 -0.05039
0.157250 -0.0514
0.16139 -0.05236
0.16552 -0.053270
0.16965 -0.05412
0.17377 -0.054910
0.17789 -0.05565
0.182010 -0.05632
0.18612 -0.05692
0.19023 -0.05747
0.194330 -0.05795
0.19843 -0.05838
0.20252 -0.05875
0.20662 -0.05908
0.2107 -0.05936
0.2147900 -0.05959
0.21887 -0.05977
0.22295 -0.05988
0.22702 -0.05992
0.231080 -0.05989
0.23514 -0.05978
0.2392 -0.05959
0.24325 -0.05933
0.2473 -0.0590
0.25134 -0.05859
0.25537 -0.05811
0.2594 -0.05756
0.26343 -0.05693
0.26745 -0.05621
0.27146 -0.05542
0.27547 -0.05454
0.279470 -0.05358
0.28346 -0.05253
0.28745 -0.05139
0.29143 -0.05015
0.295410 -0.04883
0.29938 -0.0474
0.303340 -0.045870
0.30729 -0.04424
0.31124 -0.0425
0.31518 -0.04065
0.3191100 -0.03871
0.32304 -0.03667
0.326960 -0.03454
0.33087 -0.032330
0.33478 -0.03005
0.33869 -0.02768
0.342580 -0.02523
0.34648 -0.02271
0.35036 -0.02011
0.35424 -0.017420
0.35811 -0.0146
0.36198 -0.01165
0.36583 -0.00855
0.36964 -0.00529
0.37329 -0.00204
0.37663 0.00102
0.37951 0.00372
0.38177 0.00588
0.3833 0.00733
0.38407 0.00796
-Inserting Flap Ga2-
0.51401 0.093930
0.51387 0.0935
0.51358 0.092640
0.51314 0.09137
0.51258 0.08978
0.51191 0.08796
0.51116 0.086030
0.51034 0.08409
0.50947 0.08223
0.508560 0.08044
0.50761 0.07872
0.50663 0.07706
0.50563 0.07544
0.50462 0.07386
0.503580 0.07232
0.50253 0.0708
0.50147 0.06931
0.50039 0.06785
0.4993 0.06642
0.4982 0.06501
0.49708 0.06362
0.49595 0.06226
0.49482 0.06091
0.49367 0.05959
0.492510 0.05829
0.491340 0.05701
0.49016 0.05575
0.48896 0.05452
0.48776 0.05331
0.48654 0.05213
0.48531 0.05096
0.484080 0.04981
0.48283 0.04867
0.48159 0.04754
0.48034 0.04642
0.47908 0.04531
0.47781 0.04422
0.476540 0.04315
0.47525 0.04209
0.47396 0.041060
0.472650 0.04004
0.47134 0.03904
0.47002 0.03806
0.46869 0.03709
0.46735 0.03614
0.46601 0.0352
0.46466 0.03428
0.4633 0.03337
0.46193 0.03247
0.46056 0.03159
0.45918 0.03073
0.457790 0.02988
0.45639 0.02904
0.45499 0.02823
0.45357 0.02743
0.45215 0.02664
0.45072 0.02588
0.44927 0.02513
0.44782 0.0244
0.44636 0.02369
0.4449 0.023
0.44342 0.02232
0.44193 0.02166
0.44043 0.02103
0.43893 0.020410
0.43741 0.019810
0.43589 0.01922
0.43436 0.01864
0.43282 0.01809
0.43128 0.01754
0.42972 0.01702
0.42815 0.01652
0.42657 0.01605
0.42497 0.015620
0.423350 0.01522
0.421720 0.01485
0.42006 0.01452
0.4184 0.01421
0.41671 0.01394
0.41501 0.01371
0.41328 0.01353
0.41153 0.01339
0.40975 0.01331
0.40793 0.01329
0.40609 0.01333
0.40422 0.01342
0.40232 0.01357
0.4004 0.01378
0.39844 0.01404
0.39644 0.01439
0.39439 0.01485
0.39226 0.01544
0.39005 0.01621
0.3877600 0.01716
0.38545 0.01827
0.38323 0.0195
0.38118 0.02083
0.3794 0.02221
0.377950 0.02362
0.37621 0.02633
0.37594 0.02756
0.37611 0.02865
0.37672 0.02959
0.377690 0.03037
0.37895 0.03102
0.38041 0.03158
0.38198 0.03205
0.38359 0.03246
0.38523 0.03281
0.3869 0.03312
0.38859 0.03338
0.39030 0.033590
0.39204 0.03376
0.39379 0.03389
0.39556 0.03399
0.39735 0.03407
0.39914 0.03412
0.40095 0.03416
0.402750 0.03418
0.40457 0.0342
0.406380 0.03422
0.40819 0.03424
0.41 0.03426
0.41181 0.03429
0.41361 0.03433
0.41541 0.03438
0.41720 0.03444
0.41898 0.03452
0.42076 0.0346
0.42253 0.03471
0.424290 0.03482
0.42605 0.03495
0.42779 0.03510
0.42953 0.03527
0.43126 0.03545
0.43298 0.03565
0.43469 0.03587
0.4364 0.0361
0.43809 0.03636
0.43977 0.03663
0.44145 0.03692
0.44311 0.037230
0.44476 0.03757
0.4464 0.03792
0.44803 0.03829
0.44966 0.03869
0.45126 0.03911
0.45286 0.03955
0.45445 0.04001
0.45602 0.0405
0.45759 0.041
0.45915 0.04152
0.4607 0.0420500
0.462240 0.04261
0.46377 0.04318
0.46529 0.04377
0.46679 0.0444
0.46828 0.04504
0.46976 0.04572
0.47122 0.046420
0.47267 0.047150
0.47411 0.04791
0.47554 0.04869
0.47695 0.04949
0.47834 0.05033
0.47973 0.05119
0.4811 0.05208
0.48245 0.0530
0.483790 0.05395
0.48511 0.05493
0.48642 0.05594
0.48771 0.05698
0.48898 0.05806
0.4902400 0.05917
0.49148 0.06031
0.4927 0.0615
0.4939 0.06272
0.49508 0.06397
0.49624 0.06527
0.49738 0.0666
0.49851 0.06797
0.49962 0.06936
0.50072 0.07079
0.5018 0.07224
0.50287 0.07372
0.503920 0.07523
0.50496 0.07677
0.50598 0.07833
0.50699 0.07993
0.50798 0.08157
0.508940 0.08326
0.509870 0.08501
0.51077 0.0868
0.5116 0.08857
0.51235 0.09022
0.51299 0.0916600
0.51349 0.09281
0.51382 0.09358
0.51401 0.093930
-Inserting Flap Ga2-
0.61128 0.23267
0.61133 0.23221
0.611430 0.23131
0.6115600 0.22997
0.61171 0.22829
0.61186 0.22637
0.61198 0.2243
0.61205 0.22219
0.61204 0.22013
0.61196 0.21813
0.61181 0.21617
0.61162 0.21425
0.61138 0.21237
0.61112 0.21051
0.61083 0.20867
0.610510 0.20685
0.61016 0.205060
0.60979 0.20328
0.60940 0.20152
0.60898 0.19978
0.60855 0.19805
0.60809 0.19634
0.60762 0.19465
0.60713 0.19297
0.60662 0.1913
0.60609 0.18965
0.60554 0.18802
0.60497 0.1864
0.60437 0.1848
0.60376 0.18321
0.60313 0.18164
0.60249 0.18007
0.60184 0.17852
0.60118 0.17697
0.60051 0.17543
0.59983 0.1739
0.59913 0.17238
0.59842 0.17088
0.59769 0.16938
0.59695 0.1679
0.59619 0.16643
0.59541 0.16498
0.59462 0.16353
0.59382 0.16210
0.593 0.16067
0.59217 0.15926
0.59133 0.15786
0.59047 0.15647
0.5896 0.15508
0.588720 0.15371
0.58783 0.15234
0.58692 0.15099
0.586 0.14965
0.58507 0.14832
0.58411 0.147
0.58315 0.1457
0.58216 0.14441
0.58116 0.14313
0.580150 0.14186
0.57912 0.1406
0.57808 0.13936
0.57702 0.138130000
0.57594 0.13691
0.57484 0.135710
0.573730 0.13452
0.57261 0.133340
0.57147 0.13217
0.57032 0.131010
0.56915 0.12986
0.567980 0.12872
0.56678 0.12759
0.56556 0.12649
0.56432 0.1254
0.56305 0.124340
0.56174 0.12330
0.56041 0.12228
0.55905 0.12129
0.55766 0.120320
0.55624 0.11937
0.55479 0.11845
0.5533 0.117560
0.55176 0.11670
0.55018 0.115890
0.54854 0.11511
0.54685 0.11438
0.54511 0.11368
0.54332 0.11303
0.54148 0.11241
0.5396 0.11183
0.537640 0.11131
0.53558 0.11087
0.5334 0.11053
0.53107 0.1103
0.52859 0.1102
0.52603 0.11025
0.52350 0.11045
0.52108 0.1108
0.51888 0.111310
0.51698 0.11198
0.51427 0.11372
0.51351 0.11473
0.51321 0.11579
0.51337 0.11689
0.51393 0.11801
0.5148 0.11913
0.51589 0.12024
0.517120 0.12132
0.51842 0.12237
0.519760 0.12338
0.52115 0.12435
0.52258 0.12529
0.52405 0.1262
0.52555 0.12708
0.52709 0.12793
0.52866 0.128760
0.53025 0.12957
0.53186 0.13037
0.53348 0.13116
0.53511 0.13194
0.53675 0.13271
0.53839 0.13348
0.54003 0.13426
0.54167 0.13503
0.54329 0.13582
0.54492 0.1366
0.546530 0.1374
0.54813 0.13820
0.54972 0.13901
0.5513 0.13983
0.55287 0.14067
0.55442 0.14151
0.55596 0.142360
0.55748 0.14322
0.55899 0.1441
0.56049 0.14499
0.56197 0.145890
0.563430 0.1468
0.56488 0.14772
0.56632 0.14866
0.56773 0.14961
0.56913 0.15057
0.57051 0.15155
0.57187 0.15254
0.57322 0.15355
0.574550 0.15457
0.57585 0.15561
0.577140 0.15666
0.57841 0.15773
0.57965 0.15881
0.58089 0.15991
0.5821 0.16102
0.5833 0.16214
0.58448 0.16327
0.58565 0.16441
0.5868 0.16557
0.58793 0.16675
0.58904 0.16794
0.59013 0.16915
0.59119 0.17039
0.59223 0.17163
0.59324 0.1729
0.59423 0.17419
0.5952 0.17549
0.59615 0.17681
0.59707 0.17815
0.59797 0.17951
0.598840 0.1809
0.59968 0.1823
0.6005 0.183720
0.6013 0.18516
0.60206 0.18663
0.6028 0.18811
0.603510 0.18962
0.60419 0.19115
0.60483 0.19271
0.60545 0.19429
0.60603 0.1959
0.60658 0.19754
0.607090 0.19920
0.60758 0.20089
0.60803 0.2026
0.60846 0.20433
0.60886 0.20608
0.60924 0.20786
0.60959 0.20965
0.60992 0.21146
0.61022 0.21329
0.61050 0.21514
0.61075 0.21701
0.61096 0.21892
0.61113 0.22085
0.61124 0.22283
0.61131 0.22483
0.61133 0.22679
0.61133 0.2286
0.6113 0.23018
0.61127 0.23143
0.61126 0.23227
0.61128 0.23267
*.*.Setup: Ga2.txt as Flap 1, Inverted: y, Scale = 1.0, AoA = 4.0, Reposition from (0,0) = (0, 0)*.*.
*.*.Setup: Ga2.txt as Flap 2, Inverted: y, Scale = 0.4, AoA = 27.0, Reposition from previous T.E. = (-0.0267, 0.06), Reposition from (0,0) = (0.9743, 0.0807)*.*.
*.*.Setup: Ga2.txt as Flap 3, Inverted: y, Scale = 0.4, AoA = 51.666666666666664, Reposition from previous T.E. = (-0.01, 0.06), Reposition from (0,0) = (1.3297, 0.3048)*.*.
*.*.Setup: Scale Ratio = 0.38369*.*.