0.35391 0.0372
0.351840 0.03513
0.34881 0.03211
0.34526 0.02915
0.34097 0.02628
0.335750 0.023330
0.32946 0.02016
0.32203 0.01676
0.313560 0.01319
0.304280 0.00952
0.29444 0.00584
0.28428 0.00222
0.273950 -0.001270
0.26356 -0.00462
0.25314 -0.00779
0.24269 -0.010780
0.23218 -0.01359
0.22158 -0.01623
0.2108100 -0.01872
0.19985 -0.0211
0.18864 -0.0234
0.17721 -0.02566
0.1656 -0.02788
0.15393 -0.030080
0.14234 -0.03224
0.13101 -0.03428
0.12012 -0.03616
0.10984 -0.03778
0.1003 -0.03906
0.09144 -0.03992
0.08314 -0.04034
0.07527 -0.04033
0.06776 -0.03988
0.06055 -0.039
0.05362 -0.03769
0.04696 -0.03599
0.040590 -0.0339
0.03456 -0.03147
0.02895 -0.02879
0.02386 -0.02597
0.01939 -0.023150
0.01556 -0.02044
0.01235 -0.0179
0.0097 -0.01554
0.00752 -0.01335
0.005730 -0.0113
0.00426 -0.009410
0.00306 -0.00763
0.00209 -0.00598
0.00131 -0.004420
0.00071 -0.00294
0.00028 -0.00154
0.000055 -0.00021
-6e-05 0.00107
0.00013 0.00235
0.00074 0.00351
0.00178 0.00441
0.003120 0.00505
0.00468 0.005550
0.00647 0.00595
0.00854 0.00631
0.01097 0.00664
0.01386 0.00695
0.0174 0.00725
0.02181 0.007530
0.02741 0.00779
0.03447 0.00801
0.04295 0.008140
0.05248 0.00809
0.06273 0.00782
0.07363 0.00733
0.08507 0.0067
0.09688 0.00601
0.10885 0.00528
0.1208 0.00457
0.13260 0.00391
0.14423 0.00332
0.155660 0.00284
0.1669 0.00248
0.17797 0.00228
0.188870 0.00225
0.19963 0.00241
0.21027 0.00277
0.22079 0.00335
0.23122 0.00414
0.24157 0.00517
0.25184 0.00642
0.26204 0.00792
0.27216 0.00965
0.28219 0.01161
0.29209 0.01380
0.30176 0.0162
0.31107 0.01876
0.31979 0.02142
0.32771 0.02412
0.334640 0.02678
0.34055 0.02937
0.34553 0.03189
0.34969 0.034320
0.35391 0.0372
-Inserting Flap s1223rtl-
0.50679 0.15705
0.50638 0.15564
0.505790 0.15359
0.50495 0.15143
0.50377 0.149140
0.502210 0.1465800
0.50022 0.14367
0.497790 0.14038
0.49496 0.13677
0.49179 0.13291
0.48838 0.12892
0.48481 0.12488
0.48114 0.12084
0.47741 0.116860
0.47362 0.11295
0.46978 0.10911
0.4658600 0.10533
0.46186 0.10161
0.45776 0.09791
0.45354 0.09421
0.4492 0.09048
0.44475 0.08673
0.44021 0.08294
0.435640 0.07915
0.43109 0.0754
0.426630 0.07176
0.422330 0.06829
0.41822 0.0651
0.41436 0.06222
0.41070 0.0597
0.40717 0.0575
0.40373 0.0556
0.40033 0.05398
0.39697 0.05262
0.39362 0.05150
0.39029 0.05064
0.387 0.05001
0.38378 0.04961
0.38067 0.04942
0.37776 0.04942
0.37512 0.04957
0.37279 0.04982
0.37077 0.05016
0.369040 0.05055
0.36756 0.05098
0.36628 0.05144
0.36518 0.05191
0.36422 0.05239
0.36339 0.05288
0.362680 0.05338
0.36206 0.05388
0.36153 0.05438
0.36109 0.0549
0.36074 0.05544
0.36052 0.05605
0.3605 0.05671
0.36074 0.05735
0.361170 0.05796
0.36173 0.05855
0.362420 0.05916
0.36324 0.05982
0.36422 0.06055
0.365410 0.06139
0.36688 0.06238
0.368740 0.06357
0.37113 0.06504
0.37416 0.06685
0.37784 0.06896
0.38202 0.07125
0.38657 0.07362
0.39145 0.07604
0.39661 0.07854
0.40194 0.0811
0.40735 0.08369
0.41275 0.08627
0.41807 0.08884
0.4233 0.0914
0.42842 0.09396
0.43342 0.09653
0.43831 0.09913
0.44308 0.101760
0.44775 0.10444
0.45231 0.10717
0.45678 0.109980
0.461140 0.11285
0.46542 0.11581
0.469610 0.11885
0.4737 0.12197
0.47771 0.12518
0.48162 0.12848
0.48542 0.13183
0.48907 0.13522
0.49252 0.1386
0.49569 0.14188
0.4985 0.14498
0.50088 0.14782
0.50284 0.15039
0.5044 0.15269
0.50563 0.1547700
0.50679 0.15705
-Inserting Flap s1223rtl-
0.65966 0.2769
0.65925 0.27549
0.65866 0.27344
0.65782 0.27128
0.65664 0.26899
0.65508 0.26643
0.65309 0.26352
0.65066 0.26023
0.64783 0.256620
0.64466 0.25276
0.64125 0.24877
0.63768 0.24473
0.634010 0.24069
0.63028 0.23671
0.62649 0.2328
0.62265 0.22896
0.61873 0.22518
0.61473 0.221460
0.61063 0.21776
0.60641 0.21406
0.60207 0.21034
0.59762 0.20658
0.59308 0.20279
0.58851 0.199
0.58396 0.19525
0.57951 0.19161
0.5752 0.18814
0.57109 0.18495
0.56723 0.18207
0.56357 0.17955
0.56004 0.17735
0.55660 0.17545
0.5532 0.17383
0.54984 0.17247
0.54649 0.17135
0.54316 0.17049
0.53987 0.169860
0.53665 0.16946
0.533540 0.16927
0.53064 0.16927
0.52799 0.169420
0.525660 0.16967
0.52364 0.170010
0.52191 0.1704
0.52043 0.17083
0.51915 0.171290
0.51805 0.17176
0.51709 0.17225
0.51626 0.17273
0.51555 0.17323
0.51493 0.17373
0.5144 0.17424
0.51396 0.17475
0.51362 0.1753
0.51339 0.17590
0.51337 0.17656
0.51361 0.1772
0.51404 0.17781
0.5146 0.1784
0.51529 0.17901
0.51611 0.17967
0.51709 0.180410
0.51828 0.18124
0.51975 0.18223
0.52161 0.183420
0.524 0.18489
0.52703 0.18670
0.53071 0.18881
0.53489 0.1911
0.53944 0.19347
0.54432 0.19589
0.54948 0.19839
0.55481 0.20095
0.56022 0.20354
0.56562 0.20612
0.57094 0.20869
0.57617 0.21125
0.581290 0.21381
0.58629 0.21638
0.59118 0.21898
0.59595 0.22161
0.60062 0.22429
0.6051800 0.22702
0.60965 0.22983
0.61401 0.2327
0.61829 0.23566
0.62248 0.2387
0.62657 0.24182
0.63058 0.24504
0.63449 0.24833
0.63829 0.25168
0.64194 0.25507
0.64539 0.25845
0.64856 0.26173
0.65137 0.264830
0.65375 0.26767
0.65571 0.27024
0.65728 0.27254
0.658510 0.27462
0.65966 0.2769
*.*.Setup: s1223rtl.txt as Flap 1, Inverted: y, Scale = 1.0, AoA = 6.0, Reposition from (0,0) = (0, 0)*.*.
*.*.Setup: s1223rtl.txt as Flap 2, Inverted: y, Scale = 0.5, AoA = 35.0, Reposition from previous T.E. = (0.02, 0.05), Reposition from (0,0) = (1.0145, 0.1545)*.*.
*.*.Setup: s1223rtl.txt as Flap 3, Inverted: y, Scale = 0.5, AoA = 35.0, Reposition from previous T.E. = (0.02, 0.05), Reposition from (0,0) = (1.4441, 0.4913)*.*.
*.*.Setup: Scale Ratio = 0.35586*.*.