0.35618 0.03744
0.354080 0.03535
0.35104 0.03231
0.34747 0.02933
0.34315 0.02645
0.33790 0.023480
0.33156 0.02029
0.32408 0.01687
0.315560 0.01327
0.306220 0.00958
0.29633 0.00588
0.2861 0.00224
0.27570 -0.001280
0.26524 -0.00465
0.25476 -0.00784
0.24424 -0.010850
0.23367 -0.01367
0.22299 -0.01633
0.2121600 -0.01884
0.20112 -0.02124
0.18985 -0.02355
0.17834 -0.02582
0.16666 -0.02806
0.15491 -0.030280
0.14325 -0.03244
0.13185 -0.0345
0.12088 -0.03639
0.11054 -0.03802
0.10094 -0.0393
0.09202 -0.04017
0.08367 -0.0406
0.07575 -0.04059
0.0682 -0.04013
0.06094 -0.03925
0.05396 -0.03794
0.04726 -0.03622
0.040850 -0.03411
0.03478 -0.03167
0.02914 -0.02898
0.02402 -0.02614
0.01951 -0.02330
0.01566 -0.02057
0.01243 -0.01802
0.00976 -0.01564
0.00757 -0.01343
0.005770 -0.01138
0.00429 -0.009470
0.00308 -0.00768
0.0021 -0.00601
0.00132 -0.004440
0.00072 -0.00296
0.00029 -0.00155
0.000055 -0.00022
-6e-05 0.00108
0.00013 0.00237
0.00074 0.00353
0.00179 0.00444
0.003140 0.00509
0.00471 0.005580
0.00651 0.00599
0.0086 0.00635
0.01104 0.00668
0.01395 0.007
0.01751 0.0073
0.02195 0.007580
0.02759 0.00784
0.03469 0.00806
0.04322 0.008190
0.05281 0.00815
0.06313 0.00787
0.0741 0.00738
0.08561 0.00675
0.09749 0.00605
0.10955 0.00532
0.12157 0.0046
0.133450 0.00393
0.14515 0.00334
0.156650 0.00285
0.16797 0.0025
0.1791 0.0023
0.190080 0.00227
0.20091 0.00243
0.21161 0.00279
0.2222 0.00337
0.2327 0.00417
0.24311 0.0052
0.25345 0.00647
0.26371 0.00797
0.2739 0.00971
0.284 0.01169
0.29395 0.013890
0.30369 0.0163
0.31305 0.01888
0.32184 0.02156
0.3298 0.02427
0.336770 0.02695
0.34273 0.02956
0.34773 0.03209
0.35192 0.034540
0.35618 0.03744
-Inserting Flap s1223rtl-
0.51847 0.14893
0.51782 0.1476
0.51687 0.14567
0.51567 0.14368
0.5141 0.14161
0.5121 0.13935
0.50962 0.13681
0.50664 0.13398
0.5032 0.13089
0.49939 0.12763
0.49531 0.12426
0.49107 0.12088
0.48673 0.11752
0.482330 0.11423
0.47789 0.11101
0.47341 0.10788
0.468870 0.10482
0.46426 0.101830
0.45954 0.09888
0.45471 0.09595
0.44976 0.093020
0.44469 0.09007
0.43953 0.08711
0.43434 0.08415
0.42918 0.08123
0.42412 0.07840
0.41925 0.07572
0.41462 0.07327
0.41029 0.0711
0.40622 0.06924
0.40234 0.06767
0.3986 0.06639
0.39495 0.06538
0.39137 0.064620
0.38786 0.0641
0.38441 0.0638200
0.381040 0.06377
0.37778 0.06394
0.37467 0.06429
0.37178 0.06480
0.36919 0.06541
0.36693 0.06607
0.364990 0.06675
0.36334 0.06744
0.361940 0.068130
0.36076 0.06881
0.35975 0.06947
0.35888 0.07012
0.35815 0.07075
0.35752 0.07136
0.357 0.07197
0.35656 0.07256
0.35622 0.07315
0.35597 0.07375
0.35585 0.07439
0.35595 0.075040
0.3563 0.07564
0.35683 0.07616
0.3574900 0.07666
0.35828 0.07714
0.35921 0.077650
0.36031 0.07821
0.36163 0.07883
0.36326 0.079550
0.36532 0.08041
0.36794 0.08145
0.37126 0.08271
0.37528 0.08416
0.37982 0.0857
0.38474 0.087250
0.39 0.0888
0.39555 0.09038
0.40128 0.09198
0.40710 0.09360
0.4129 0.09521
0.41862 0.09683
0.42425 0.09846
0.42977 0.1001
0.43518 0.10177
0.44048 0.10349
0.44567 0.10526
0.45076 0.1071
0.455760 0.10902
0.46068 0.11101
0.4655100 0.113100
0.47026 0.11528
0.47494 0.11756
0.47955 0.11994
0.48408 0.12243
0.48853 0.12501
0.492880 0.12767
0.49709 0.13039
0.5011 0.13313
0.50482 0.13583
0.50814 0.13841
0.511 0.14081
0.51339 0.14301
0.51535 0.14503
0.51693 0.146860
0.51847 0.14893
-Inserting Flap s1223rtl-
0.6594 0.28588
0.65916 0.284420
0.6588 0.2823
0.65822 0.28005
0.65731 0.27762
0.65604 0.27488
0.6544 0.27174
0.65236 0.26817
0.64995 0.26422
0.64723 0.26
0.64429 0.255610
0.64119 0.251150
0.638 0.24669
0.63473 0.24227
0.6314 0.23792
0.62801 0.23363
0.624530 0.2294
0.62097 0.22521
0.6173 0.22103
0.61352 0.216840
0.60961 0.21261
0.6056 0.20834
0.60151 0.20402
0.59738 0.1997
0.59328 0.195420
0.58925 0.191260
0.58534 0.18729
0.58162 0.18362
0.57809 0.18029
0.57472 0.17734
0.57145 0.17473
0.56823 0.17243
0.56503 0.170410
0.56183 0.168660
0.55861 0.16716
0.55538 0.1659
0.55217 0.16489
0.54899 0.16411
0.54591 0.16356
0.54301 0.16322
0.54035 0.16306
0.53799 0.16304
0.53593 0.163140
0.53416 0.16333
0.53262 0.16359
0.53129 0.163890
0.53013 0.16424
0.52912 0.16461
0.52824 0.165
0.527460 0.165410
0.5267800 0.16584
0.5262 0.16629
0.5257 0.166750
0.52529 0.167250
0.52499 0.16783
0.5249 0.16849
0.52506 0.16916
0.52542 0.16981
0.52591 0.17047
0.52653 0.17117
0.52727 0.171920
0.52816 0.17277
0.52926 0.17374
0.53061 0.1749
0.53233 0.17631
0.534550 0.17806
0.53737 0.18022
0.5408 0.18276
0.54471 0.18554
0.54898 0.18844
0.55358 0.191430
0.55844 0.19453
0.56347 0.19771
0.56858 0.20093
0.57367 0.20414
0.57869 0.20734
0.58362 0.210510
0.58843 0.21366
0.59313 0.21682
0.59771 0.21998
0.60218 0.22317
0.60653 0.22639
0.610770 0.22966
0.61491 0.23298
0.61894 0.23637
0.62287 0.23982
0.6267 0.24335
0.6304300 0.24695
0.63406 0.25063
0.637580 0.25438
0.64099 0.258170
0.64424 0.26199
0.64729 0.26577
0.65008 0.26942
0.65252 0.27284
0.65458 0.27596
0.65623 0.27876
0.65753 0.28125
0.65851 0.28346
0.6594 0.28588
*.*.Setup: s1223rtl.txt as Flap 1, Inverted: y, Scale = 1.0, AoA = 6.0, Reposition from (0,0) = (0, 0)*.*.
*.*.Setup: s1223rtl.txt as Flap 2, Inverted: y, Scale = 0.5, AoA = 25.0, Reposition from previous T.E. = (0.0, 0.1), Reposition from (0,0) = (0.9945, 0.2045)*.*.
*.*.Setup: s1223rtl.txt as Flap 3, Inverted: y, Scale = 0.5, AoA = 41.666666666666664, Reposition from previous T.E. = (0.02, 0.05), Reposition from (0,0) = (1.4677, 0.4658)*.*.
*.*.Setup: Scale Ratio = 0.35814*.*.