0.35257 0.03706
0.35050 0.03499
0.34748 0.03199
0.34395 0.02904
0.33967 0.02618
0.334480 0.023240
0.3282 0.02009
0.3208 0.0167
0.312370 0.01314
0.303120 0.00948
0.29332 0.00582
0.2832 0.00222
0.272910 -0.001270
0.26256 -0.0046
0.25217 -0.00776
0.24177 -0.010740
0.2313 -0.01353
0.22073 -0.01616
0.2100100 -0.01865
0.19908 -0.02102
0.18792 -0.02331
0.17653 -0.02556
0.16497 -0.02778
0.15334 -0.029970
0.1418 -0.03211
0.13051 -0.03415
0.11966 -0.03602
0.10942 -0.03764
0.09991 -0.03891
0.09109 -0.03977
0.08282 -0.04019
0.07499 -0.04018
0.06751 -0.03973
0.06032 -0.03885
0.05341 -0.03755
0.04678 -0.03585
0.040440 -0.03377
0.03443 -0.03135
0.02884 -0.02868
0.02377 -0.02587
0.01931 -0.023060
0.0155 -0.02037
0.0123 -0.01784
0.00966 -0.01548
0.00749 -0.01329
0.005710 -0.01126
0.00425 -0.009370
0.00305 -0.00761
0.00208 -0.00595
0.00131 -0.00440
0.00071 -0.00293
0.00028 -0.00154
0.000055 -0.00021
-6e-05 0.00107
0.00012 0.00234
0.00073 0.0035
0.00177 0.00439
0.003110 0.00504
0.00466 0.005530
0.00645 0.00593
0.00851 0.00629
0.01093 0.00662
0.01381 0.00693
0.01733 0.00722
0.02173 0.00750
0.02731 0.00776
0.03434 0.00798
0.04279 0.008110
0.05228 0.00806
0.06249 0.00779
0.07334 0.0073
0.08474 0.00668
0.09651 0.00599
0.10844 0.00526
0.12034 0.00455
0.13210 0.00389
0.14368 0.00331
0.155070 0.00282
0.16627 0.00247
0.17729 0.00227
0.188150 0.00224
0.19887 0.0024
0.20947 0.00276
0.21995 0.00333
0.23034 0.00413
0.24065 0.00515
0.25088 0.0064
0.26104 0.00789
0.27113 0.00961
0.28112 0.01157
0.29098 0.013750
0.30061 0.01614
0.30988 0.01869
0.31858 0.02134
0.32646 0.02403
0.333360 0.02667
0.33925 0.02926
0.34421 0.03177
0.34836 0.034190
0.35257 0.03706
-Inserting Flap s1223rtl-
0.52031 0.13856
0.51966 0.13724
0.51873 0.13533
0.51754 0.13336
0.51598 0.13131
0.514 0.12908
0.51155 0.12657
0.5086 0.12376
0.50519 0.1207
0.50142 0.11747
0.49738 0.11414
0.49318 0.11079
0.48889 0.10747
0.484530 0.10421
0.48014 0.10103
0.4757 0.09792
0.471210 0.0949
0.46664 0.091940
0.46198 0.08901
0.4572 0.08611
0.4523 0.083210
0.44728 0.0803
0.44217 0.07737
0.43703 0.07444
0.43192 0.07155
0.42692 0.068740
0.42209 0.06609
0.41752 0.06366
0.41323 0.06152
0.4092 0.05967
0.40536 0.05813
0.40165 0.05686
0.39804 0.05585
0.3945 0.05510
0.39102 0.05459
0.38761 0.0543100
0.384270 0.05426
0.38104 0.05443
0.37796 0.05478
0.37511 0.055280
0.37254 0.05588
0.3703 0.05654
0.368380 0.05722
0.36675 0.0579
0.365360 0.058580
0.36419 0.05925
0.36319 0.05991
0.36234 0.06055
0.36161 0.06117
0.36099 0.06178
0.36047 0.06237
0.36004 0.06296
0.3597 0.06355
0.35945 0.06414
0.35934 0.06477
0.35944 0.065420
0.35978 0.06601
0.36031 0.06653
0.3609600 0.06702
0.36174 0.0675
0.36266 0.0680
0.36375 0.06855
0.36506 0.06917
0.36667 0.069880
0.36871 0.07073
0.3713 0.07176
0.37459 0.07301
0.37857 0.07444
0.38306 0.07597
0.38793 0.07750
0.39314 0.07904
0.39863 0.0806
0.40431 0.08218
0.410070 0.083780
0.41581 0.08539
0.42147 0.08699
0.42704 0.0886
0.43251 0.09022
0.43786 0.09188
0.4431 0.09358
0.44824 0.09533
0.45329 0.09715
0.458240 0.09905
0.4631 0.10103
0.4678800 0.1030900
0.47259 0.10525
0.47722 0.10751
0.48178 0.10987
0.48627 0.11232
0.49068 0.11488
0.494980 0.11751
0.49915 0.12021
0.50312 0.12292
0.50679 0.12559
0.51008 0.12815
0.51292 0.13052
0.51528 0.1327
0.51722 0.1347
0.51878 0.136510
0.52031 0.13856
-Inserting Flap s1223rtl-
0.65981 0.27944
0.65957 0.2780
0.65922 0.2759
0.65865 0.27367
0.65774 0.27126
0.65649 0.26855
0.65486 0.26544
0.65284 0.26191
0.65045 0.258
0.64776 0.25382
0.64485 0.249480
0.64179 0.245060
0.63863 0.24065
0.63539 0.23627
0.6321 0.23196
0.62873 0.22772
0.62530 0.22353
0.62177 0.21938
0.61814 0.21525
0.61439 0.21110
0.61053 0.20691
0.60656 0.20268
0.60251 0.19841
0.59842 0.19413
0.59436 0.189890
0.59037 0.185770
0.5865 0.18185
0.58282 0.17821
0.57932 0.17492
0.57599 0.172
0.57276 0.16942
0.56957 0.16714
0.5664 0.165140
0.56323 0.16340
0.56004 0.16192
0.55685 0.16067
0.55367 0.15967
0.55052 0.1589
0.54747 0.15836
0.5446 0.15802
0.54196 0.15786
0.53963 0.15784
0.53759 0.157940
0.53583 0.15813
0.53432 0.15838
0.533 0.158690
0.53185 0.15903
0.53085 0.1594
0.52998 0.15979
0.529210 0.160190
0.5285400 0.16062
0.52796 0.16106
0.52747 0.161520
0.52706 0.162010
0.52676 0.16259
0.52667 0.16323
0.52684 0.1639
0.52719 0.16455
0.52768 0.1652
0.52829 0.16589
0.52902 0.166630
0.52991 0.16747
0.53099 0.16844
0.53233 0.16959
0.53403 0.17098
0.536220 0.17271
0.53902 0.17485
0.54241 0.17737
0.54628 0.18012
0.55051 0.18298
0.55506 0.185950
0.55987 0.18902
0.56485 0.19217
0.56991 0.19535
0.57495 0.19853
0.57992 0.20169
0.5848 0.204830
0.58956 0.20795
0.59421 0.21108
0.59875 0.21421
0.60317 0.21736
0.60748 0.22055
0.611680 0.22379
0.61577 0.22708
0.61976 0.23043
0.62365 0.23385
0.62744 0.23734
0.6311300 0.24091
0.63473 0.24455
0.638220 0.24825
0.64158 0.252010
0.6448 0.25579
0.64783 0.25953
0.65058 0.26314
0.653 0.26653
0.65504 0.26962
0.65668 0.27239
0.65796 0.27485
0.65893 0.27704
0.65981 0.27944
*.*.Setup: s1223rtl.txt as Flap 1, Inverted: y, Scale = 1.0, AoA = 6.0, Reposition from (0,0) = (0, 0)*.*.
*.*.Setup: s1223rtl.txt as Flap 2, Inverted: y, Scale = 0.5, AoA = 25.0, Reposition from previous T.E. = (0.02, 0.075), Reposition from (0,0) = (1.0145, 0.1795)*.*.
*.*.Setup: s1223rtl.txt as Flap 3, Inverted: y, Scale = 0.5, AoA = 41.666666666666664, Reposition from previous T.E. = (0.02, 0.065), Reposition from (0,0) = (1.4877, 0.4558)*.*.
*.*.Setup: Scale Ratio = 0.35451*.*.