0.37202 0.0391
0.369840 0.03693
0.36666 0.03375
0.36293 0.03064
0.35842 0.02762
0.352930 0.024520
0.34631 0.02119
0.3385 0.01762
0.32960 0.01386
0.319850 0.01
0.30951 0.00614
0.29883 0.00234
0.287970 -0.001340
0.27705 -0.00486
0.26609 -0.00819
0.25511 -0.011330
0.24407 -0.01428
0.23291 -0.01706
0.221600 -0.01968
0.21007 -0.02218
0.19829 -0.0246
0.18627 -0.02697
0.17407 -0.02931
0.1618 -0.031620
0.14962 -0.03389
0.13771 -0.03604
0.12626 -0.03801
0.11546 -0.03971
0.10543 -0.04105
0.09612 -0.04196
0.08739 -0.04241
0.07912 -0.04239
0.07123 -0.04192
0.06365 -0.04099
0.05636 -0.03962
0.04936 -0.03783
0.042670 -0.03563
0.03633 -0.03308
0.03044 -0.03026
0.02509 -0.0273
0.02038 -0.024340
0.01635 -0.02149
0.01298 -0.01882
0.0102 -0.01634
0.00791 -0.01403
0.006030 -0.01188
0.00448 -0.009890
0.00322 -0.00802
0.00219 -0.00628
0.00138 -0.004640
0.00075 -0.00309
0.0003 -0.00162
0.000055 -0.00022
-7e-05 0.00113
0.00013 0.00247
0.00078 0.00369
0.00187 0.00463
0.003280 0.00531
0.00492 0.005830
0.0068 0.00626
0.00898 0.00663
0.01153 0.00698
0.01457 0.00731
0.01829 0.00762
0.02292 0.007920
0.02881 0.00819
0.03623 0.00842
0.04515 0.008560
0.05516 0.00851
0.06594 0.00822
0.07739 0.0077
0.08942 0.00705
0.10183 0.00632
0.11442 0.00555
0.12698 0.00481
0.139390 0.00411
0.15161 0.00349
0.163620 0.00298
0.17544 0.00261
0.18707 0.0024
0.198540 0.00237
0.20985 0.00254
0.22103 0.00292
0.23209 0.00352
0.24305 0.00435
0.25393 0.00543
0.26472 0.00675
0.27545 0.00832
0.28609 0.01014
0.29663 0.01221
0.30703 0.014510
0.3172 0.01703
0.32698 0.01972
0.33616 0.02252
0.34448 0.02535
0.351760 0.02815
0.35798 0.03087
0.36321 0.03352
0.36758 0.036080
0.37202 0.0391
-Inserting Flap s1223rtl-
0.55526 0.12178
0.55447 0.120460
0.55331 0.11853
0.55187 0.11657
0.55005 0.11456
0.54776 0.11239
0.54496 0.10998000
0.54160 0.1073
0.53774 0.1044
0.53347 0.10135
0.52892 0.09822
0.5242 0.09509
0.51938 0.09199
0.5145 0.08896
0.50959 0.08602
0.50464 0.08317
0.49964 0.0804
0.49457 0.0777
0.4894 0.07506
0.4841 0.072450
0.47868 0.06986
0.47314 0.06725
0.46750 0.06464
0.46183 0.06203
0.45619 0.05946
0.45068 0.056980
0.44536 0.05464
0.44032 0.0525
0.435620 0.05064
0.43121 0.04907
0.42703 0.0478
0.423020 0.04681
0.41913 0.04608
0.415340 0.04562
0.41164 0.0454
0.408030 0.04542
0.404520 0.04568
0.40113 0.04615
0.39793 0.04680
0.39498 0.04759
0.392340 0.04846
0.39004 0.04936
0.38808 0.050250
0.38643 0.05111
0.38504 0.05196
0.383870 0.05277
0.38288 0.05355
0.38204 0.0543
0.38133 0.055020
0.380740 0.05572
0.38024 0.05640
0.37985 0.057050
0.37954 0.0577
0.37934 0.05834
0.37927 0.05902
0.37944 0.05969
0.37985 0.06028
0.38045 0.06078
0.38119 0.06123
0.38205 0.06166
0.38306 0.06211
0.38425 0.06259
0.38569 0.06311
0.38745 0.06372
0.38967 0.06442
0.39249 0.06526
0.396070 0.06627
0.40037 0.06742
0.40524 0.0686100
0.4105 0.069770
0.41612 0.0709
0.42204 0.07204
0.428150 0.07319
0.43434 0.07434
0.440530 0.0755
0.44663 0.07666
0.45263 0.07784
0.45853 0.07904
0.46431 0.08029
0.46997 0.08160
0.47554 0.08297
0.48101 0.08442
0.48638 0.08595
0.491680 0.08759
0.4969 0.089320
0.50204 0.09116
0.50712 0.0931
0.51213 0.09516
0.517070 0.09733
0.52194 0.09961
0.526710 0.101980
0.53134 0.10443
0.535760 0.10692
0.53987 0.10939
0.54356 0.11177
0.54676 0.11401
0.549440 0.11608
0.55166 0.1180
0.55347 0.11977
0.55526 0.12178
-Inserting Flap s1223rtl-
0.65759 0.28396
0.65743 0.28242
0.65719 0.28019
0.65672 0.27781
0.65592 0.27521
0.65476 0.27228
0.65324 0.26891
0.651330 0.26506
0.64905 0.2608
0.64647 0.25623
0.64367 0.25148
0.64072 0.24664
0.637660 0.24179
0.63452 0.23699
0.63131 0.23225
0.62803 0.22757
0.62467 0.22295
0.62121 0.21836
0.61764 0.21378
0.613940 0.20918
0.610130 0.20454
0.6062 0.19983
0.6022 0.19509
0.59816 0.19033
0.59414 0.18561
0.59019 0.18103
0.58636 0.17666
0.58270 0.1726
0.57922 0.16892
0.57589 0.16564
0.572640 0.16272
0.569420 0.160130
0.56621 0.15783
0.562970 0.1558
0.55971 0.15404
0.55642 0.15253
0.55313 0.15128
0.54986 0.15028
0.54669 0.14952
0.54368 0.148990
0.54091 0.14866
0.538450 0.1485
0.5363 0.14847
0.53444 0.14856
0.53282 0.14874
0.53142 0.14898
0.530190 0.14927
0.52911 0.14960
0.52817 0.14995
0.52733 0.15033
0.5266 0.15074
0.52596 0.15116
0.52542 0.15162
0.52496 0.15212
0.52461 0.1527
0.524480 0.15338
0.52461 0.15409
0.52494 0.1548
0.52541 0.15551
0.52601 0.15627
0.52674 0.1571
0.52762 0.15804
0.5287 0.15913
0.530040 0.16042
0.531750 0.16199
0.53396 0.16395
0.53677 0.16637
0.54019 0.16923
0.54409 0.17236
0.54837 0.17564
0.552990 0.17905
0.55787 0.18258
0.56292 0.1862
0.56805 0.18986
0.57316 0.19352
0.57821 0.19716
0.58315 0.20076
0.58798 0.204350
0.59269 0.20792
0.59727 0.2115
0.60174 0.21509
0.60608 0.218720
0.61030 0.22238
0.61441 0.2261
0.61841 0.22987
0.62230 0.23371
0.62608 0.23762
0.629750 0.24161
0.63331 0.24566
0.636760 0.249780
0.64008 0.25395
0.64323 0.25813
0.64619 0.262250
0.64887 0.26623
0.65121 0.26995
0.65316 0.27332
0.65472 0.27634
0.65592 0.27901
0.65682 0.28138
0.65759 0.28396
*.*.Setup: s1223rtl.txt as Flap 1, Inverted: y, Scale = 1.0, AoA = 6.0, Reposition from (0,0) = (0, 0)*.*.
*.*.Setup: s1223rtl.txt as Flap 2, Inverted: y, Scale = 0.5, AoA = 20.0, Reposition from previous T.E. = (0.02, 0.05), Reposition from (0,0) = (1.0145, 0.1545)*.*.
*.*.Setup: s1223rtl.txt as Flap 3, Inverted: y, Scale = 0.5, AoA = 45.0, Reposition from previous T.E. = (-0.08, 0.08), Reposition from (0,0) = (1.4044, 0.4055)*.*.
*.*.Setup: Scale Ratio = 0.37407*.*.