0.35286 -0.005010
0.35214 -0.00578
0.3507 -0.00729
0.348560 -0.009510
0.34585 -0.01228
0.3427 -0.0154
0.33926 -0.01869
0.33567 -0.02193
0.33204 -0.02497
0.32841 -0.02781
0.324770 -0.03047
0.32113 -0.03298
0.31748 -0.03537
0.31383 -0.03767
0.31018 -0.03989
0.30652 -0.04202
0.30286 -0.04409
0.2992 -0.046080
0.295540 -0.04801
0.291870 -0.04987
0.28821 -0.05168
0.28454 -0.05342
0.28086 -0.05511
0.27719 -0.05675
0.27352 -0.05834
0.26984 -0.05986
0.26616 -0.06133
0.26248 -0.06274
0.25879 -0.06408
0.25511 -0.065370
0.25142 -0.0666
0.247730 -0.0678
0.24404 -0.06897
0.24035 -0.07011
0.23666 -0.07123
0.23296 -0.07231
0.22927 -0.07335
0.225570 -0.07435
0.22188 -0.07529
0.21818 -0.07619
0.21448 -0.07705
0.21077 -0.077850
0.20707 -0.07862
0.20336 -0.0793400
0.19966 -0.08002
0.19595 -0.08067
0.19224 -0.08128
0.18853 -0.08185
0.18482 -0.08239
0.1811 -0.08289
0.17739 -0.08335
0.17367 -0.08378
0.16995 -0.08416
0.16624 -0.08449
0.16251 -0.08478
0.15879 -0.08503
0.15507 -0.08523
0.15134 -0.08539
0.14762 -0.0855
0.14389 -0.08556
0.14016 -0.08558
0.13643 -0.08555
0.13269 -0.08548
0.12896 -0.08535
0.12522 -0.085170
0.12148 -0.08496
0.11774 -0.0847
0.114 -0.08441
0.11026 -0.084090
0.10652 -0.08372
0.102770 -0.08329
0.09902 -0.08281
0.09527 -0.08224
0.09152 -0.08159
0.087760 -0.08086
0.084 -0.08004
0.08024 -0.07913
0.07647 -0.07814
0.07271 -0.07707
0.06893 -0.07589
0.06516 -0.07460
0.06138 -0.07319
0.05759 -0.07163
0.0538 -0.06992
0.05001 -0.06805
0.0462 -0.06603
0.0424 -0.06388
0.03859 -0.06157
0.03477 -0.05913
0.03095 -0.05647
0.02711 -0.05352
0.02327 -0.05022
0.01941 -0.04648
0.01555 -0.042280
0.01184 -0.03773
0.00841 -0.033
0.005440 -0.02825
0.00306 -0.02364
0.00142 -0.01932
0.00042 -0.011980
0.00107 -0.00916
0.00248 -0.00705
0.00465 -0.0057
0.00744 -0.00501
0.01069 -0.00487
0.01426 -0.00513
0.01798 -0.00568
0.02174 -0.00639
0.02550 -0.00724
0.02926 -0.00822
0.03303 -0.00932
0.03681 -0.01055
0.04058 -0.01188
0.04436 -0.01331
0.04815 -0.01482
0.051930 -0.01639
0.05572 -0.018020
0.05951 -0.01969
0.06330 -0.02139
0.06709 -0.02311
0.07088 -0.024840
0.07467 -0.02656
0.078460 -0.02827
0.08225 -0.02996
0.08604 -0.03162
0.08983 -0.03326
0.09362 -0.03488
0.0974 -0.03645
0.10119 -0.038
0.10497 -0.0395
0.10875 -0.04097
0.11253 -0.0424
0.11631 -0.04378
0.12009 -0.04513
0.12387 -0.04642
0.12764 -0.04768
0.13141 -0.04889
0.13519 -0.05005
0.13896 -0.05117
0.14272 -0.052230
0.146490 -0.05325
0.15025 -0.05421
0.15402 -0.05513
0.15778 -0.05599
0.1615400 -0.056790
0.16529 -0.057540
0.16905 -0.05823
0.1728 -0.05886
0.17655 -0.05943
0.1803 -0.05996
0.18405 -0.06043
0.1878 -0.06086
0.191540 -0.06125
0.19528 -0.0616
0.19902 -0.06189
0.202760 -0.062120
0.2065 -0.06229
0.21023 -0.06239
0.21396 -0.06242
0.21769 -0.06238
0.22142 -0.06227
0.22515 -0.062090
0.22887 -0.06185
0.232590 -0.06154
0.23631 -0.06116
0.24002 -0.06071
0.2437300 -0.06018
0.24744 -0.05958
0.25115 -0.05890
0.25485 -0.05815
0.25856 -0.05731
0.26225 -0.05639
0.26595 -0.05539
0.269640 -0.0543
0.27333 -0.05312
0.27702 -0.05184
0.2807 -0.05047
0.28438 -0.04899
0.28806 -0.04743
0.29173 -0.04577
0.2954 -0.044020
0.29907 -0.042190
0.30273 -0.04029
0.30639 -0.03832
0.31005 -0.03627
0.31371 -0.03415
0.31736 -0.031960
0.32102 -0.0297
0.32466 -0.02735
0.32831 -0.02489
0.33195 -0.02230
0.33559 -0.01957
0.33919 -0.01671
0.34265 -0.01384
0.34581 -0.01114
0.34854 -0.00875
0.35069 -0.00684
0.35213 -0.00556
0.35286 -0.005010
-Inserting Flap Ga2-
0.49573 0.08102
0.4956 0.08062
0.49533 0.07983
0.49493 0.07867
0.49441 0.0772
0.4938 0.07554
0.49311 0.07377
0.49235 0.07198
0.49155 0.07027
0.490720 0.06863
0.48985 0.067050
0.488950 0.06552
0.48803 0.06404
0.4871 0.06259
0.48615 0.06116
0.48518 0.05977
0.48421 0.058400
0.48322 0.05706
0.4822100 0.05574
0.4812 0.05445
0.48018 0.05318
0.47914 0.05192
0.4781 0.05069
0.47704 0.04947
0.47598 0.04828
0.4749 0.0471
0.473820 0.04595
0.47272 0.044820
0.47161 0.04371
0.47049 0.04262
0.46936 0.04155
0.468230 0.04049
0.46709 0.03944
0.46594 0.0384
0.46479 0.03737
0.46364 0.03636
0.46247 0.03536
0.46130 0.03437
0.46012 0.0334
0.45893 0.03245
0.457740 0.03151
0.45653 0.0306
0.45532 0.02969
0.4541 0.0288
0.45287 0.027930
0.45163 0.02707
0.45039 0.02622
0.44914 0.02539
0.44789 0.02456
0.44662 0.02375
0.445360 0.02296
0.44408 0.02218
0.4428 0.02141
0.44151 0.02066
0.44021 0.01993
0.4389 0.01921
0.43758 0.01851
0.43626 0.01782
0.43493 0.01715
0.43359 0.01649
0.43224 0.01586
0.43088 0.01524
0.42951 0.01463
0.42814 0.01405
0.42675 0.01348
0.42536 0.01293
0.423960 0.01239
0.42256 0.01186
0.42114 0.01135
0.419730 0.01085
0.4183 0.01037
0.41685 0.00991
0.4154 0.00948
0.41393 0.00908
0.412440 0.00871
0.410940 0.00837
0.40942 0.00807
0.40789 0.00779
0.40634 0.00754
0.40478 0.00733
0.40319 0.00716
0.40158 0.00703
0.39995 0.006960
0.39828 0.00694
0.39659 0.00697
0.3948700 0.00706
0.39313 0.0072
0.39136 0.00739
0.38956 0.00763
0.38772 0.00795
0.38584 0.00837
0.38388 0.0089200
0.38185 0.009620
0.37974 0.01049
0.37763 0.01151
0.37559 0.01265
0.37371 0.01387
0.37207 0.015140
0.37074 0.01643
0.36914 0.01892
0.36889 0.02005
0.36905 0.02105
0.36961 0.02191
0.37050 0.02263
0.37166 0.02323
0.373 0.02374
0.37444 0.02417
0.37592 0.02455
0.37743 0.02488
0.37896 0.02516
0.38051 0.02539
0.382080 0.02559
0.38368 0.02574
0.38529 0.02586
0.38692 0.02596
0.38856 0.02603
0.39021 0.02608
0.39186 0.02611
0.39352 0.02613
0.39519 0.02615
0.396850 0.02617
0.39852 0.026190
0.40018 0.02621
0.40184 0.026230
0.4035 0.02627
0.40515 0.026320
0.406790 0.02637
0.40843 0.02644
0.41007 0.026520
0.41169 0.02661
0.41331 0.026720
0.41492 0.02684
0.41653 0.02698
0.41812 0.02713
0.41971 0.0273
0.42129 0.02748
0.42286 0.02768
0.42443 0.0279
0.42598 0.02813
0.42753 0.028380
0.42907 0.02865
0.43059 0.02894
0.43211 0.02924
0.43362 0.02956
0.43512 0.02991
0.43661 0.03027
0.43809 0.030660
0.43955 0.03106
0.44101 0.03149
0.44246 0.03193
0.4439 0.03239
0.44533 0.03287
0.44675 0.03336
0.44817 0.03387
0.44957 0.0344
0.45097 0.03494
0.45235 0.03552
0.45372 0.03611
0.45508 0.03673
0.45642 0.03738
0.45776 0.03805
0.45908 0.038740
0.46038 0.03946
0.46168 0.0402
0.46296 0.040960
0.46423 0.04176
0.46549 0.04257
0.46674 0.04342
0.467960 0.04429
0.46918 0.04519
0.47038 0.04612
0.47157 0.047080
0.47274 0.04807
0.47389 0.04909
0.47503 0.05014
0.47615 0.05122
0.47725 0.052350
0.47834 0.05350
0.4794 0.05469
0.48045 0.05591
0.48149 0.05717
0.48251 0.05845
0.48352 0.05976
0.48451 0.06109
0.48549 0.06245
0.486460 0.06384
0.48741 0.065250
0.48835 0.06669
0.48928 0.06816
0.49019 0.06967
0.491070 0.07122
0.491930 0.07282
0.49275 0.07447
0.49352 0.07609
0.49421 0.077610
0.49479 0.07894
0.49525 0.07999
0.49556 0.0807
0.49573 0.08102
-Inserting Flap Ga2-
0.61442 0.20402
0.61442 0.20359
0.61441 0.20276
0.61439 0.201530
0.61435 0.199980
0.61428 0.1982
0.61417 0.19630
0.614000 0.19438
0.61377 0.1925
0.61348 0.19068
0.61314 0.18891
0.61276 0.18718
0.61235 0.18548
0.61191 0.18381
0.61145 0.18217
0.61096 0.18055
0.61045 0.17894
0.60992 0.17736
0.609380 0.1758
0.608810 0.17425
0.60823 0.17273
0.60764 0.17121
0.60702 0.16972
0.6064 0.16824
0.60575 0.16677
0.60509 0.16532
0.60442 0.16389
0.60372 0.16247
0.60301 0.16107
0.60229 0.15969
0.60154 0.15832
0.60079 0.15697
0.600030 0.15562
0.59926 0.15428
0.59849 0.15294
0.59770 0.15162
0.59690 0.15031
0.5961 0.14901
0.59527 0.14772
0.59444 0.14645
0.59359 0.14519
0.59272 0.14394
0.59185 0.14271
0.59096 0.14149
0.59006 0.14028
0.58915 0.13908
0.58823 0.13789
0.58731 0.13671
0.58637 0.13554
0.58542 0.13438
0.58446 0.13323
0.58348 0.13209
0.5825 0.13097
0.5815 0.12985
0.5805 0.12875
0.57947 0.12767
0.5784400 0.12659
0.57739 0.12553
0.57633 0.12448
0.57526 0.12344
0.57417 0.12242
0.57307 0.12141
0.57196 0.120410
0.57083 0.11943
0.56969 0.11846
0.56854 0.11751
0.56738 0.11656
0.5662 0.11563
0.56502 0.1147
0.563820 0.113790
0.56261 0.11289
0.56138 0.11201
0.56013 0.11115
0.55886 0.11032
0.55756 0.10951
0.55623 0.10872
0.55488 0.10796
0.55351 0.10722
0.55212 0.10651
0.55069 0.10582
0.54924 0.10517
0.54775 0.10455
0.54621 0.10398
0.54464 0.10344
0.54302 0.10296
0.541360 0.10251
0.53965 0.1021
0.53791 0.10173
0.53613 0.10141
0.53428 0.10115
0.53236 0.10096
0.530330 0.10088
0.52818 0.10092
0.52591 0.1011
0.523580 0.101410
0.52129 0.10186
0.51912 0.10244
0.51717 0.10314
0.51551 0.10396
0.51322 0.10583
0.512640 0.10683
0.512470 0.10784
0.51274 0.10882
0.51337 0.10978
0.51428 0.11071
0.5154 0.11161
0.516630 0.11247
0.51793 0.11328
0.51926 0.11406
0.520630 0.114800
0.52203 0.115500
0.52347 0.11618
0.52494 0.11682
0.52643 0.11743
0.52795 0.11802
0.52949 0.11859
0.53104 0.11915
0.53261 0.11969
0.53418 0.12023
0.53576 0.12076
0.53734 0.12129
0.53891 0.12182
0.54049 0.12236
0.54206 0.1229
0.543620 0.12344
0.54518 0.1240
0.54673 0.12456
0.54826 0.12513
0.54979 0.12571
0.551310 0.1263
0.55282 0.12690
0.55431 0.12752
0.55579 0.12814
0.557270 0.12878
0.558730 0.129430
0.56017 0.13009
0.56161 0.13077
0.56303 0.13146
0.56443 0.13216
0.56583 0.13288
0.56721 0.13361
0.56857 0.13435
0.56992 0.13511
0.57125 0.13588
0.57257 0.13667
0.57388 0.137480
0.57516 0.1383
0.57643 0.13914
0.57769 0.14
0.57893 0.14087
0.580150 0.14175
0.58137 0.14265
0.58257 0.14355
0.58376 0.144470
0.58493 0.14541
0.5860900 0.14636
0.58723 0.14733
0.58835 0.14832
0.58945 0.149330
0.59052 0.150360
0.59159 0.15141
0.59263 0.15248
0.59365 0.15356
0.59465 0.15467
0.59564 0.15579
0.5966 0.15694
0.59754 0.15811
0.59847 0.15929
0.599370 0.1605
0.60024 0.161730
0.6011 0.162990
0.60193 0.16427
0.60274 0.16557
0.60352 0.1669
0.60428 0.16825
0.60501 0.169630
0.60571 0.171030
0.60638 0.172470
0.60703 0.17393
0.60765 0.17542
0.60825 0.17693
0.60882 0.178460
0.60938 0.18002
0.60991 0.1816
0.61042 0.18319
0.61091 0.18481
0.611380 0.18645
0.611840 0.18811
0.612260 0.18979
0.61266 0.1915
0.61302 0.19325
0.61334 0.19504
0.61361 0.19686
0.61384 0.198650
0.61403 0.2003
0.61417 0.20174
0.614280 0.20289
0.61435 0.20366
0.61442 0.20402
*.*.Setup: Ga2.txt as Flap 1, Inverted: y, Scale = 1.0, AoA = 2.0, Reposition from (0,0) = (0, 0)*.*.
*.*.Setup: Ga2.txt as Flap 2, Inverted: y, Scale = 0.4, AoA = 27.0, Reposition from previous T.E. = (0.04, 0.08), Reposition from (0,0) = (1.0411, 0.0658)*.*.
*.*.Setup: Ga2.txt as Flap 3, Inverted: y, Scale = 0.4, AoA = 45.0, Reposition from previous T.E. = (0.04, 0.08), Reposition from (0,0) = (1.4464, 0.3099)*.*.
*.*.Setup: Scale Ratio = 0.35247*.*.