0.3655100000 -0.01796
0.36474 -0.01874
0.36319 -0.02025
0.3609 -0.02247
0.35799 -0.02524
0.35461 -0.02837
0.35092 -0.03164
0.34708 -0.03487
0.34322 -0.0379
0.339350 -0.0407
0.33548 -0.04333
0.33162 -0.0458
0.32775 -0.04814
0.32388 -0.0504
0.32002 -0.05256
0.31615 -0.05465
0.31228 -0.05665
0.30842 -0.05859
0.30455 -0.06045
0.30068 -0.06225
0.29682 -0.06399
0.29295 -0.06566
0.28909 -0.06728
0.28522 -0.06885
0.28135 -0.070360
0.27749 -0.07181
0.273620 -0.07319
0.26975 -0.07452
0.26589 -0.07578
0.26202 -0.07698
0.25815 -0.07813
0.25429 -0.07923
0.250420 -0.08031
0.24655 -0.08136
0.24269 -0.082380
0.23882 -0.08337
0.23495 -0.08431
0.23109 -0.08521
0.227220 -0.08606
0.22335 -0.086860
0.21949 -0.08761
0.21562 -0.08831
0.21176 -0.08897
0.20789 -0.08959
0.20402 -0.09016
0.20016 -0.0907
0.19629 -0.09119
0.19242 -0.09165
0.18856 -0.09207
0.18469 -0.09246
0.18082 -0.0928
0.17696 -0.09311
0.17309 -0.09337
0.16922 -0.09358
0.16536 -0.09375
0.16149 -0.09387
0.15762 -0.09394
0.15376 -0.09397
0.14989 -0.09395
0.14602 -0.09388
0.14216 -0.09377
0.138290 -0.0936
0.13443 -0.09339
0.13056 -0.09312
0.12669 -0.0928
0.12283 -0.09244
0.11896 -0.09204
0.115090 -0.09161
0.11123 -0.09113
0.10736 -0.09062
0.10349 -0.09004
0.09963 -0.08940
0.09576 -0.088680
0.091890 -0.08787
0.08803 -0.08697
0.08416 -0.08599
0.08029 -0.08491
0.07643 -0.08375
0.07256 -0.0825
0.06869 -0.08115
0.06483 -0.07968
0.06096 -0.07807
0.0571 -0.0763200
0.05323 -0.07441
0.04936 -0.0723400
0.0455 -0.070110
0.04163 -0.06773
0.03776 -0.06521
0.0339 -0.06253
0.03003 -0.05964
0.026160 -0.05645
0.0223 -0.052890
0.01843 -0.04887
0.01459 -0.04438
0.0109 -0.03953
0.00753 -0.03451
0.00461 -0.02947
0.00232 -0.02461
0.00077 -0.02007
0.000000 -0.01243
0.00077 -0.00954
0.00232 -0.0074
0.00461 -0.00607
0.00753 -0.00547
0.0109 -0.00543
0.01459 -0.00584
0.01843 -0.00653
0.0223 -0.00741
0.026160 -0.00842
0.03003 -0.00958
0.0339 -0.01086
0.03776 -0.01226
0.04163 -0.01378
0.0455 -0.0154
0.04936 -0.0171
0.05323 -0.01887
0.0571 -0.02069
0.06096 -0.02256
0.06483 -0.02446
0.06869 -0.02638
0.07256 -0.0283
0.07643 -0.03023
0.08029 -0.03213
0.08416 -0.03402
0.08803 -0.03589
0.091890 -0.03773
0.09576 -0.03953
0.09963 -0.04131
0.10349 -0.04304
0.10736 -0.04474
0.11123 -0.0464
0.115090 -0.04801
0.11896 -0.04959
0.12283 -0.051110
0.12669 -0.0526
0.13056 -0.05403
0.13443 -0.055420
0.138290 -0.0567600
0.14216 -0.05806
0.14602 -0.0593
0.14989 -0.06049
0.15376 -0.06162
0.15762 -0.06271
0.16149 -0.06373
0.16536 -0.0647
0.16922 -0.06561
0.17309 -0.06646
0.17696 -0.06725
0.18082 -0.06798
0.18469 -0.068660
0.18856 -0.069290
0.19242 -0.06987
0.19629 -0.07041
0.20016 -0.070910
0.20402 -0.07134
0.20789 -0.07172
0.21176 -0.07203
0.21562 -0.07227
0.21949 -0.07243
0.22335 -0.07252
0.227220 -0.07255
0.23109 -0.0725
0.23495 -0.07238
0.23882 -0.0722
0.24269 -0.071940
0.24655 -0.0716
0.250420 -0.07119
0.25429 -0.07071
0.25815 -0.07014
0.26202 -0.06949
0.26589 -0.06875
0.26975 -0.06793
0.273620 -0.06703
0.27749 -0.06603
0.28135 -0.06494
0.28522 -0.06375
0.28909 -0.06246
0.29295 -0.06107
0.29682 -0.05958
0.30068 -0.05799
0.30455 -0.05631
0.30842 -0.05455
0.31228 -0.05271
0.31615 -0.05080
0.32002 -0.04881
0.32388 -0.04674
0.32775 -0.04461
0.33162 -0.04239
0.33548 -0.04009
0.339350 -0.03768
0.34322 -0.03513
0.34708 -0.032430
0.35092 -0.02959
0.35461 -0.02675
0.35799 -0.02406
0.3609 -0.02168
0.36319 -0.019790
0.36474 -0.01851
0.3655100000 -0.01796
-Inserting Flap Ga2-
0.50122 0.08988
0.50116 0.08944
0.501030 0.08859
0.50083 0.08733
0.50057 0.085740
0.50024 0.08393
0.49985 0.08199
0.49941 0.08004
0.4989 0.078140
0.49834 0.07631
0.49774 0.07454
0.49709 0.07282
0.49642 0.07114
0.49573 0.06949
0.49502 0.06787
0.49428 0.06627
0.49353 0.0647
0.49276 0.063150
0.49198 0.06163
0.49117 0.06012
0.49036 0.05864
0.48953 0.05717
0.488680 0.05572
0.48782 0.05429
0.48695 0.05288
0.48606 0.05148
0.48516 0.05011
0.48425 0.04876
0.48331 0.04742
0.48237 0.04611
0.48141 0.04481
0.48044 0.04353
0.47946 0.04225
0.478480 0.04099
0.47749 0.03973
0.47649 0.03848
0.47549 0.03725
0.474470 0.03603
0.47344 0.03483
0.47239 0.03364
0.471340 0.03247
0.47027 0.03132
0.4692 0.03018
0.46811 0.02905
0.46701 0.027940
0.46591 0.02683
0.46479 0.02575
0.46367 0.02467
0.46253 0.0236
0.461390 0.02255
0.46024 0.021510
0.45908 0.02048
0.4579 0.01947
0.45672 0.01847
0.45553 0.017480
0.45432 0.01651
0.4531 0.01556
0.451870 0.01462
0.45063 0.0137
0.44938 0.012790
0.44812000 0.01189
0.44684 0.01101
0.445560 0.01015
0.44426 0.00931
0.44295 0.008480
0.44162 0.00766
0.44029 0.00686
0.43895 0.00607
0.4376 0.00529
0.43624 0.004520
0.43487 0.00377
0.43348 0.003050
0.43207 0.00235
0.43064 0.00167
0.42919 0.001030
0.42772 0.00042
0.42622 -0.00017
0.42471 -0.00073
0.42317 -0.00126
0.42161 -0.00176
0.42002 -0.00222
0.4184 -0.00264
0.41674 -0.00301
0.41505 -0.00333
0.41332 -0.0036
0.41154 -0.003820
0.40974 -0.003990
0.40789 -0.00412
0.406020 -0.00419
0.40408 -0.0042
0.40208 -0.00411
0.39999 -0.0039
0.39779 -0.00355
0.39548 -0.00304
0.39313 -0.00238
0.39084 -0.00159
0.3887 -0.00068
0.3868 0.00032
0.38521 0.00140
0.38313 0.00365
0.38268 0.00476
0.38266 0.00582
0.38307 0.0068
0.38385 0.00769
0.38492 0.00851
0.3862 0.00927
0.38759 0.00997
0.38904 0.01063
0.39052 0.011230
0.39203 0.01179
0.39358 0.01232
0.39515 0.0128
0.39675 0.01324
0.39837 0.01366
0.40002 0.01405
0.40168 0.01441
0.403350 0.01476
0.40504 0.01509
0.40673 0.01542
0.40843 0.01573
0.41013 0.01605
0.41182 0.016370
0.41352 0.01669
0.41521 0.01702
0.416890 0.017350
0.418570 0.017690
0.420240 0.01805
0.4219 0.01841
0.42356 0.01879
0.4252 0.01918
0.42683 0.01958
0.42846 0.01999
0.43007 0.020420
0.43167 0.02086
0.43327 0.02132
0.43485 0.02179
0.43642 0.02228
0.437980 0.02278
0.439520 0.0233
0.44106 0.02383
0.442580 0.02438
0.44409 0.02495
0.445580 0.02554
0.44706 0.02614
0.44853 0.02676
0.44999 0.0274
0.45143 0.028060
0.452850 0.02874
0.45426 0.02944
0.45566 0.03015
0.457050 0.03088
0.45842 0.03162
0.45979 0.03238
0.46114 0.03316
0.4624800 0.03395
0.46381 0.03476
0.46512 0.03559
0.46641 0.03644
0.46769 0.03732
0.46894 0.03822
0.47018 0.03915
0.47141 0.04009
0.47261 0.04106
0.4738 0.042050
0.47498 0.04307
0.47613 0.04410
0.47727 0.04516
0.478390 0.04625
0.47949 0.04736
0.48056 0.0485
0.48162 0.04967
0.48266 0.05086
0.48368 0.05208
0.48467 0.05333
0.48565 0.05461
0.48659 0.05592
0.48752 0.05726
0.48842 0.05864
0.48929 0.06004
0.49015 0.061480
0.49098 0.06295
0.49179 0.06444
0.492580 0.06596
0.49336 0.0675
0.49411 0.06907
0.49485 0.07066
0.49557 0.07227
0.496280 0.07391
0.49696 0.07558
0.49761 0.07728
0.49823 0.0790200
0.49882 0.08082
0.49936 0.08265
0.49985 0.08444
0.500280 0.08612
0.50064 0.08758
0.50092 0.08873
0.50111 0.08952
0.50122 0.08988
-Inserting Flap Ga2-
0.60603 0.21742
0.60603 0.21698
0.60602 0.21612
0.606 0.21484
0.60596 0.21323
0.60589 0.21139
0.60577 0.20942
0.6056 0.20742
0.60536 0.20547
0.60506 0.20359
0.60471 0.20175
0.60432 0.19996
0.60389 0.1982
0.603430 0.196470
0.60295 0.19476
0.60244 0.19308
0.60192 0.19142
0.601370 0.18978
0.6008 0.188160
0.60022 0.18656
0.59962 0.18497
0.599 0.18340
0.598360 0.18185
0.59771 0.18032
0.59705 0.1788
0.59636 0.17729
0.59566 0.17581
0.59494 0.17434
0.59420 0.17289
0.59345 0.17146
0.59268 0.17004
0.59190 0.16863
0.59111 0.16723
0.59032 0.16584
0.589510 0.16446
0.5887 0.16308
0.58787 0.16172
0.58703 0.160380
0.586180 0.15904
0.58531 0.15772
0.58443 0.156420
0.58353 0.15513
0.58263 0.15385
0.58171 0.15258
0.58077 0.15132
0.579830 0.15008
0.57888 0.14884
0.57791 0.147620
0.57694 0.146410
0.57596 0.14520
0.57496 0.14401000
0.57395 0.14283
0.57293 0.141670
0.5719 0.14051
0.57085 0.13937
0.56979 0.13824
0.56872 0.13713
0.567630 0.13603
0.56654 0.13494
0.565420 0.13386
0.5643 0.1328
0.56316 0.13176
0.562 0.13072
0.56083 0.12971
0.55965 0.1287
0.55845 0.12771
0.55725 0.12673
0.55603 0.12576
0.5548 0.1248
0.55356 0.12385
0.55231 0.12292
0.55103 0.12201
0.54973 0.12112
0.54841 0.12025
0.54706 0.11941
0.54569 0.1186
0.54429 0.11781
0.54287 0.11704
0.54142 0.11631
0.53995 0.11559
0.53844 0.1149200
0.536890 0.114280
0.5353 0.11368
0.53367 0.11313
0.53199 0.11262
0.53026 0.11216
0.52850 0.111730
0.52669 0.11135
0.52484 0.11102
0.52293 0.11074
0.520930 0.11055
0.51883 0.11046
0.5166 0.11051
0.51425 0.11069
0.51183 0.11102
0.50945 0.11149
0.507210 0.11209
0.505180 0.11281
0.50346 0.11366
0.50108 0.11560
0.50048 0.11664
0.50031 0.11768
0.50059 0.1187
0.50124 0.1197
0.50219 0.12066
0.503340 0.12159
0.50463 0.12248
0.50597 0.12333
0.50735 0.12413
0.50877 0.1249
0.51023 0.12563
0.51172 0.12633
0.51324 0.12699
0.51479 0.12763
0.51636 0.12824
0.51796 0.12884
0.51957 0.12941
0.52119 0.12998
0.52282 0.13053
0.52446 0.13109
0.5261 0.13163
0.52773 0.13218
0.52937 0.13274
0.53099 0.1333
0.53261 0.13386
0.53423 0.13444
0.53583 0.13502
0.537430 0.13561
0.53901 0.13621
0.54059 0.13683
0.54215 0.13745
0.5437 0.13809
0.54524 0.13874
0.54676 0.1394
0.54828 0.14007
0.54978 0.14076
0.55126 0.14146
0.55274 0.14218
0.5542 0.14290
0.55564 0.14365
0.55707 0.1444
0.55849 0.14518
0.559890 0.14596
0.56127 0.14677
0.56264 0.14759
0.56399 0.14842
0.56532 0.14928
0.56664 0.15015
0.56794 0.15103
0.56923 0.15193
0.5705 0.152850
0.57176 0.15378
0.573 0.15472
0.57423 0.15567
0.57545 0.15664
0.57665 0.15763
0.57783 0.15864
0.57899 0.15966
0.58013 0.16071
0.58125 0.16178
0.582350 0.16287
0.58343 0.163970
0.58449 0.1651
0.58554 0.16625
0.58656 0.167410
0.58756 0.16860
0.58853 0.16981
0.589490 0.17104
0.59042 0.1723
0.59133 0.17357
0.59222 0.17487
0.59308 0.1762
0.59392 0.17755
0.59473 0.17893
0.59551 0.18033
0.59627 0.18176
0.597 0.18322
0.5977 0.1847
0.59837 0.18622
0.59901 0.18776
0.59963 0.18933
0.60023 0.19092
0.6008 0.19253
0.60136 0.19417
0.60189 0.19583
0.6024 0.1975
0.60289 0.1992
0.60335 0.20092
0.60379 0.20267
0.60421 0.20444
0.60458 0.20626
0.60491 0.20811
0.60519 0.21
0.60543 0.21185
0.60562 0.21357
0.60578 0.21506
0.60589 0.21625
0.60596 0.21705
0.60603 0.21742
*.*.Setup: Ga2.txt as Flap 1, Inverted: y, Scale = 1.0, AoA = 0.0, Reposition from (0,0) = (0, 0)*.*.
*.*.Setup: Ga2.txt as Flap 2, Inverted: y, Scale = 0.4, AoA = 37.0, Reposition from previous T.E. = (0.04, 0.07), Reposition from (0,0) = (1.04, 0.0209)*.*.
*.*.Setup: Ga2.txt as Flap 3, Inverted: y, Scale = 0.4, AoA = 45.0, Reposition from previous T.E. = (-0.01, 0.08), Reposition from (0,0) = (1.3613, 0.3259)*.*.
*.*.Setup: Scale Ratio = 0.36551*.*.