0.34986 -0.02946
0.34909 -0.030180
0.34756 -0.03157
0.345280 -0.03363
0.3424 -0.03619
0.339050 -0.03907
0.33541 -0.04209
0.33162 -0.04506
0.32781 -0.047830
0.32401 -0.05039
0.32021 -0.05278
0.31642 -0.055010
0.31264 -0.057130
0.30886 -0.05916
0.30508 -0.06111
0.3013 -0.06298
0.29752 -0.06478
0.29375 -0.0665
0.28998 -0.06816
0.28622 -0.06975
0.28245 -0.07129
0.27869 -0.07277
0.27493 -0.07419
0.27117 -0.07556
0.26741 -0.07688
0.26365 -0.07814
0.2599 -0.07934
0.25615 -0.08048
0.2524 -0.08156
0.24865 -0.08258
0.2449 -0.08355
0.24116 -0.08449
0.23742 -0.08539
0.23367 -0.08627
0.22993 -0.08712
0.22619 -0.08793
0.22245 -0.08871
0.21872 -0.08944
0.21498 -0.09013
0.21125 -0.09076
0.20751 -0.09135
0.20378 -0.0919
0.20005 -0.0924
0.19633 -0.09286
0.1926 -0.09328
0.18887 -0.093660
0.185150 -0.09401
0.18143 -0.09432
0.17771 -0.09459
0.17399 -0.09483
0.17027 -0.09504
0.16655 -0.0952
0.16283 -0.09532
0.15912 -0.095390
0.15541 -0.09542
0.1517 -0.09541
0.14799 -0.09535
0.14428 -0.09525
0.14057 -0.0951
0.13687 -0.09491
0.13316 -0.09466
0.12946 -0.09438
0.12576 -0.09404
0.12206 -0.09366
0.11837 -0.09322
0.11467 -0.09275
0.11098 -0.09224
0.10729 -0.09169
0.10359 -0.091100
0.0999 -0.09048
0.09622 -0.0898
0.09253 -0.08905
0.08885 -0.08823
0.08517 -0.08733
0.08149 -0.08634
0.07782 -0.08526
0.07414 -0.084110
0.07048 -0.08286
0.06681 -0.08153
0.06315 -0.0801
0.05949 -0.078560
0.05584 -0.0769
0.05219 -0.07509
0.04855 -0.07312
0.044910 -0.07101
0.04127 -0.06874
0.03765 -0.06634
0.03402 -0.06379
0.03041 -0.06109
0.0268 -0.05819
0.0232 -0.0550
0.01961 -0.05145
0.01603 -0.04748
0.0125 -0.04304
0.00913 -0.038270
0.00606 -0.03334
0.00344 -0.02841
0.0014 -0.02367
7e-05 -0.01927
-0.00042 -0.011920
0.00042 -0.00917
0.00198 -0.00717
0.00422 -0.00598
0.00703 -0.00549
0.01027 -0.00558
0.01379 -0.00609
0.01745 -0.00688
0.02113 -0.007850
0.0248 -0.00895
0.02847 -0.01019
0.03214 -0.01155
0.0358 -0.01302
0.03945 -0.01461
0.04311 -0.01629
0.04676 -0.01805
0.0504 -0.019870
0.05405 -0.02175
0.0577 -0.02367
0.06134 -0.02562
0.06498 -0.02759
0.06862 -0.02957
0.07227 -0.031540
0.07591 -0.0335
0.07956 -0.03544
0.0832 -0.03736
0.08685 -0.03925
0.09049 -0.04111
0.09414 -0.04294
0.09779 -0.04473
0.10144 -0.04649
0.10509 -0.04821
0.10874 -0.04989
0.1124 -0.05153
0.11606 -0.05312
0.11971 -0.05467
0.12337 -0.05618
0.12703 -0.05764
0.13069 -0.059060
0.13436 -0.06042
0.13802 -0.06174
0.14169 -0.06301
0.14536 -0.06423
0.14903 -0.0654
0.15271 -0.06651
0.15638 -0.06757
0.16006 -0.06858
0.163740 -0.06952
0.16742 -0.07041
0.1711 -0.07124
0.17478 -0.072020
0.17847 -0.07275
0.18216 -0.07344
0.18585 -0.07409
0.18954 -0.07469
0.19323 -0.07524
0.19692 -0.07573
0.20062 -0.07615
0.20432 -0.07651
0.20802 -0.0768
0.21173 -0.077010
0.21543 -0.07716
0.21914 -0.07725
0.22285 -0.077270
0.22657 -0.0772200
0.230280 -0.0771
0.234 -0.076910
0.23772 -0.07665
0.24145 -0.07631
0.24517 -0.07589
0.2489 -0.0754
0.25263 -0.07482
0.25637 -0.07417
0.2601 -0.07343
0.26385 -0.0726
0.26759 -0.07169
0.27134 -0.07068
0.27509 -0.06957
0.27884 -0.06836
0.2826 -0.06706
0.2863600 -0.06567
0.29012 -0.06419
0.29389 -0.06263
0.29766 -0.061
0.30143 -0.05929
0.3052 -0.05751
0.30898 -0.05566
0.312760 -0.05374
0.31654 -0.05175
0.32032 -0.04967
0.32411 -0.04749
0.3279 -0.04517
0.3317 -0.04272
0.33548 -0.04013
0.33911 -0.03752
0.34244 -0.03505
0.34531 -0.03287
0.34757 -0.03113
0.3491 -0.02996
0.34986 -0.02946
-Inserting Flap Ga2-
0.48649 0.067080
0.4864 0.066670
0.4862 0.06586
0.4859 0.06468
0.48552 0.063180
0.48506 0.06148
0.48452 0.05966
0.48393 0.05783
0.483290 0.05606
0.4826 0.054360
0.48188 0.05272
0.48112 0.0511300
0.48034 0.04958
0.47954 0.04806
0.47872 0.04657
0.47789 0.0451
0.477040 0.04366
0.47617 0.04225
0.47529 0.04085
0.4744 0.03948
0.47349 0.03813
0.47258 0.0368
0.47165 0.03549
0.47071 0.03419
0.469760 0.03291
0.46879 0.03165
0.46782 0.03042
0.46683 0.0292
0.46582 0.028
0.46481 0.02683
0.46379 0.02567
0.462750 0.02452
0.46171 0.02338
0.46067 0.02226
0.459620 0.02114
0.45856 0.02003
0.45749 0.01893
0.45642 0.01786
0.45533 0.016790
0.45424 0.01575
0.45313 0.01472
0.45202 0.0137
0.45089 0.0127
0.44976 0.01172
0.44862 0.01074
0.44747 0.00978
0.44631 0.00883
0.44514 0.0079
0.44397 0.00697
0.44279 0.00606
0.4416 0.00516
0.44041 0.00428
0.4392 0.00341
0.43799 0.00255
0.43676 0.00171
0.43553 0.00089
0.434290 8e-05
0.43303 -0.00072
0.43177 -0.0015
0.4305 -0.00226
0.42922 -0.003010
0.42792 -0.00374
0.42662 -0.00446
0.42531 -0.00516
0.42399 -0.00584
0.42266 -0.00651
0.42132 -0.00717
0.41997 -0.00781
0.41861 -0.00845
0.41725 -0.00906
0.41588 -0.00966
0.41449 -0.01024
0.41308 -0.01079
0.41166 -0.01132
0.41022 -0.01181
0.40876 -0.01228
0.40728 -0.012710
0.40579 -0.01312
0.40428 -0.0135
0.40274 -0.01384
0.40118 -0.01415
0.3996 -0.01442
0.39798 -0.01463
0.39634 -0.0148
0.39466 -0.01491
0.39295 -0.014970
0.391210 -0.01498
0.38943 -0.01495
0.38763 -0.01486
0.38578 -0.01471
0.38388 -0.01446
0.38189 -0.014080
0.37982 -0.01356
0.37766 -0.01288
0.375470 -0.01205
0.37335 -0.0111
0.37138 -0.01006
0.36964 -0.0089400
0.36822 -0.00778
0.36641 -0.00545
0.36607 -0.00435
0.36614 -0.00334
0.366620 -0.00244
0.36744 -0.00165
0.36854 -0.00096
0.36982 -0.00034
0.371210 0.00022
0.37265 0.00072
0.37411 0.00117
0.3756 0.00158
0.37712 0.001950
0.37867 0.00228
0.38023 0.00258
0.38182 0.00284
0.38342 0.00307
0.38504 0.003280
0.38667 0.00347
0.38831 0.00365
0.38996 0.00382
0.3916 0.00398
0.39325 0.00414
0.3949 0.0043
0.39655 0.00447
0.39819 0.00464
0.39983 0.00482
0.40146 0.0050
0.40309 0.0052
0.404710 0.00541
0.40632 0.00563
0.40792 0.005870
0.40952 0.00611
0.4111 0.00637
0.41268 0.006650
0.41425 0.00694
0.41581 0.007240
0.41736 0.00756
0.4189 0.00789
0.42043 0.00824
0.42195 0.00861
0.42347 0.00899
0.42497 0.009390
0.426450 0.00981
0.42793 0.01024
0.4294 0.01069
0.430860 0.01116
0.4323 0.01165
0.43373 0.01216
0.43515 0.01269
0.43656 0.01324
0.43795 0.01381
0.43934 0.01439
0.44072 0.01499
0.44208 0.0156
0.44344 0.016220
0.44479 0.01687
0.44612 0.01753
0.447450 0.01822
0.44875 0.01892
0.45004 0.01966
0.45132 0.02041
0.45258 0.02119
0.45383 0.02199
0.45507 0.02282
0.45629 0.02367
0.45749 0.02454
0.45868 0.025430
0.45986 0.02635
0.46102 0.0273
0.46216 0.02827
0.46329 0.02926
0.4644 0.03029
0.46549 0.03134
0.46656 0.03242
0.46762 0.033530
0.46865 0.03468
0.46967 0.03585
0.47067 0.03705
0.47164 0.03829
0.4726 0.03957
0.47353 0.04087
0.47445 0.0422
0.47535 0.043560
0.47623 0.04495
0.4771 0.04635
0.47796 0.04779
0.4788 0.04925
0.47962 0.05073
0.48043 0.05224
0.48122 0.05377
0.48198 0.05534
0.48273 0.05696
0.48344 0.05862
0.48411 0.06033
0.48473 0.062
0.48528 0.06357
0.48575 0.06493
0.48611 0.06601
0.486350 0.06675
0.48649 0.067080
-Inserting Flap Ga2-
0.60458 0.18594
0.60458 0.18552
0.60457 0.18469
0.60455 0.18346
0.60451 0.18192
0.60444 0.18016
0.60433 0.17827
0.60416 0.17635
0.60394 0.17448
0.60365 0.17267
0.60331 0.17091
0.60293 0.16919
0.60252 0.1675
0.60208 0.16584
0.60162 0.1642
0.60114 0.16259
0.60063 0.16099
0.60011 0.15942
0.59956 0.157870
0.599 0.15633
0.59842 0.154810
0.59783 0.1533
0.59722 0.15181
0.5966 0.15034
0.59596 0.14888
0.5953 0.14744
0.59463 0.14601
0.59394 0.14461
0.59323 0.14321
0.59251 0.14184
0.59177 0.1404800
0.59102 0.139130
0.59026 0.13779
0.58950 0.136450
0.58873 0.13513
0.58795 0.13381
0.58715 0.1325
0.58635 0.13121
0.58553 0.12993
0.5847 0.12867
0.58385 0.12741
0.58299 0.12617
0.58212 0.12495
0.58124 0.12373
0.58035 0.12252
0.57944 0.12133
0.578530 0.12015
0.5776 0.11897
0.57667 0.11781
0.57572 0.11665
0.57477 0.11551
0.5738 0.11438
0.57282 0.11326
0.57183 0.11215
0.57083 0.11106
0.56981 0.10998
0.56878 0.10891
0.56774 0.10785
0.56669 0.10681
0.56562 0.10578
0.56454 0.10476
0.56344 0.10375
0.56234 0.10276
0.56121 0.10179
0.56008 0.10082
0.55893 0.0998700
0.55777 0.09893
0.556610 0.098
0.55543 0.09708
0.55424 0.09617
0.55303 0.09528
0.55181 0.0944
0.55057 0.09355
0.5493 0.09272
0.54801 0.09191
0.54669 0.09113
0.54535 0.09037
0.54398 0.08964
0.54259 0.08893
0.54118 0.08825
0.53973 0.0876
0.53824 0.086980
0.536720 0.08641
0.53515 0.08588
0.53354 0.08539
0.53189 0.08495
0.53019 0.08454
0.52846 0.084180
0.52668 0.083860
0.52485 0.08359
0.52293 0.08341
0.52092 0.083330
0.51878 0.08337
0.51652 0.08354
0.5142 0.08386
0.51192 0.08431
0.50977 0.08488
0.50782 0.08558
0.506170 0.08639
0.50389 0.08825
0.50331 0.08925
0.503150 0.09025
0.50342 0.09123
0.50404 0.09219
0.50495 0.09311
0.50606 0.094
0.50729 0.09485
0.50858 0.09567
0.5099 0.09644
0.511260 0.09718
0.51266 0.09788
0.51409 0.09855
0.51555 0.099180
0.51704 0.09979
0.51855 0.10038
0.52008 0.100950
0.52163 0.1015
0.52318 0.10205
0.52475 0.10258
0.52632 0.10311
0.52789 0.10364
0.52946 0.10416
0.531030 0.1047
0.53259 0.10523
0.53414 0.10578
0.53569 0.10633
0.53723 0.1068800
0.53876 0.107450
0.54028 0.10803
0.54179 0.10862
0.54329 0.10922
0.54478 0.10983
0.54625 0.11045
0.54772 0.11109
0.54917 0.11173
0.55061 0.11239
0.552030 0.11306
0.553450 0.11375
0.55485 0.114450
0.55623 0.11516
0.5576 0.11589
0.55896 0.11663
0.56031 0.117380
0.56163 0.11815
0.56295 0.118940
0.56424 0.11974
0.56552 0.12056
0.56678 0.1214
0.56803 0.12225
0.569270 0.12311
0.57049 0.12399
0.57169 0.12488
0.57289 0.12578
0.57407 0.1267
0.57524 0.127630
0.576390 0.128580
0.57752 0.12954
0.57864 0.13053
0.57973 0.13153
0.58081 0.13256
0.58186 0.1336
0.5829 0.13466
0.58392 0.13574
0.58491 0.13684
0.58589 0.13796
0.58685 0.1391
0.58779 0.140260
0.58871 0.141440
0.58960 0.14265
0.59047 0.14387
0.59132 0.14512
0.59215 0.14639
0.59295 0.14769
0.59373 0.14901
0.594490 0.15035
0.59521 0.15172
0.59591 0.15312
0.59658 0.15455
0.59723 0.156
0.59785 0.15748
0.59844 0.15899
0.59901 0.16052
0.59956 0.16206
0.60009 0.16363
0.6006 0.16522
0.60109 0.16683
0.601560 0.16846
0.602010 0.17011
0.60243 0.17178
0.60283 0.17349
0.60318 0.17523
0.6035 0.17701
0.60377 0.17882
0.604 0.18059
0.60419 0.18224
0.60433 0.18368
0.60444 0.18481
0.60451 0.18558
0.60458 0.18594
*.*.Setup: Ga2.txt as Flap 1, Inverted: y, Scale = 1.0, AoA = -2.0, Reposition from (0,0) = (0, 0)*.*.
*.*.Setup: Ga2.txt as Flap 2, Inverted: y, Scale = 0.4, AoA = 32.0, Reposition from previous T.E. = (0.04, 0.08), Reposition from (0,0) = (1.0377, -0.004)*.*.
*.*.Setup: Ga2.txt as Flap 3, Inverted: y, Scale = 0.4, AoA = 45.0, Reposition from previous T.E. = (0.04, 0.07), Reposition from (0,0) = (1.4273, 0.2613)*.*.
*.*.Setup: Scale Ratio = 0.35067*.*.