0.35886 0.03772
0.356750 0.03562
0.35368 0.03256
0.35008 0.02955
0.34573 0.02664
0.340440 0.023650
0.33406 0.02044
0.32652 0.017
0.317940 0.01337
0.308530 0.00965
0.29856 0.00592
0.28825 0.00226
0.277780 -0.001290
0.26724 -0.00469
0.25667 -0.0079
0.24608 -0.010930
0.23543 -0.01378
0.22467 -0.01645
0.2137600 -0.01898
0.20264 -0.0214
0.19128 -0.02373
0.17968 -0.02601
0.16791 -0.02827
0.15608 -0.03050
0.14433 -0.03269
0.13284 -0.03476
0.12179 -0.03667
0.11137 -0.03831
0.1017 -0.0396
0.09272 -0.04048
0.0843 -0.04091
0.07632 -0.04089
0.06871 -0.04044
0.0614 -0.03954
0.05437 -0.03822
0.04761 -0.03649
0.041160 -0.03437
0.03505 -0.03191
0.02936 -0.02919
0.0242 -0.02634
0.01966 -0.023480
0.01577 -0.02073
0.01252 -0.01815
0.00984 -0.01576
0.00763 -0.01353
0.005810 -0.01146
0.00432 -0.009540
0.0031 -0.00774
0.00212 -0.00606
0.00133 -0.004480
0.00072 -0.00298
0.00029 -0.00157
0.000055 -0.00022
-6e-05 0.00109
0.00013 0.00238
0.00075 0.00356
0.00181 0.00447
0.003160 0.00512
0.00474 0.005630
0.00656 0.00604
0.00866 0.0064
0.01112 0.00673
0.01406 0.00705
0.01764 0.00735
0.02211 0.007640
0.02779 0.0079
0.03495 0.00812
0.04355 0.008250
0.05321 0.00821
0.06361 0.00793
0.07465 0.00743
0.08626 0.0068
0.09823 0.00609
0.11037 0.00536
0.12248 0.00464
0.134450 0.00396
0.14624 0.00337
0.157830 0.00287
0.16923 0.00252
0.18045 0.00231
0.191510 0.00228
0.20242 0.00245
0.2132 0.00281
0.22388 0.00339
0.23445 0.0042
0.24494 0.00524
0.25535 0.00651
0.2657 0.00803
0.27596 0.00978
0.28614 0.01178
0.29617 0.0140
0.30597 0.01642
0.31541 0.01902
0.32426 0.02172
0.33228 0.02445
0.339310 0.02715
0.34531 0.02978
0.35035 0.03233
0.35457 0.03480
0.35886 0.03772
-Inserting Flap s1223rtl-
0.5284 0.11747
0.52763 0.116190
0.52651 0.11434
0.52513 0.11244
0.52337 0.11051
0.52116 0.10841
0.51845 0.10609000
0.515210 0.1035
0.51149 0.1007
0.50737 0.09776
0.50299 0.09475
0.49843 0.09172
0.49378 0.08873
0.48908 0.08581
0.48434 0.08297
0.47957 0.08022
0.47474 0.07755
0.46985 0.07495
0.46486 0.07241
0.45976 0.069890
0.45453 0.06738
0.44918 0.06487
0.443740 0.06235
0.43827 0.05984
0.43283 0.05736
0.42751 0.054960
0.42238 0.0527
0.41753 0.05065
0.412990 0.04885
0.40874 0.04734
0.4047 0.04611
0.400830 0.04515
0.39708 0.04445
0.393430 0.044
0.38986 0.04379
0.386370 0.04382
0.382980 0.04406
0.37972 0.04452
0.37663 0.045150
0.37378 0.04591
0.371230 0.04675
0.36902 0.04761
0.36713 0.048470
0.36554 0.0493
0.3642 0.05012
0.363060 0.0509
0.36211 0.05166
0.3613 0.05238
0.36062 0.053080
0.360040 0.05375
0.35957 0.05440
0.35919 0.055030
0.35889 0.05566
0.3587 0.05628
0.35863 0.05693
0.35879 0.05758
0.35919 0.05815
0.35977 0.05863
0.36048 0.05906
0.36131 0.05948
0.36229 0.05991
0.36344 0.06037
0.36482 0.06088
0.36653 0.06146
0.36866 0.06214
0.37139 0.06295
0.374830 0.06393
0.37899 0.06503
0.38368 0.0661800
0.38876 0.06730
0.39418 0.0684
0.39988 0.06949
0.405780 0.0706
0.41176 0.07171
0.417720 0.07282
0.42361 0.07395
0.4294 0.07508
0.43508 0.07625
0.44066 0.07745
0.44613 0.078710
0.45149 0.08003
0.45677 0.08143
0.46195 0.08291
0.467060 0.08449
0.47209 0.086160
0.47706 0.08793
0.48196 0.08981
0.48679 0.09179
0.491560 0.09389
0.49625 0.09608
0.500850 0.098370
0.50531 0.10074
0.509580 0.10314
0.51355 0.10552
0.51711 0.10782
0.52019 0.10997
0.522780 0.11198
0.52492 0.113830
0.52667 0.11553
0.5284 0.11747
-Inserting Flap s1223rtl-
0.65909 0.25282
0.65876 0.25137
0.65829 0.24926
0.65757 0.24703
0.65651 0.24463
0.655070 0.24196
0.65323 0.23889
0.65097 0.23542
0.648320 0.23159
0.645340 0.2275
0.64212 0.22326
0.63875 0.21896
0.635270 0.21466
0.63173 0.21041
0.62812 0.20622
0.62446 0.20211
0.62072 0.198060
0.61689 0.19405
0.61295 0.19006
0.6089 0.18607
0.60473 0.18205
0.60044 0.17798
0.59607 0.173880
0.59167 0.16977
0.58729 0.16571
0.58299 0.16176
0.57883 0.158
0.57487 0.15452
0.57112 0.15139
0.56756 0.14861
0.56412 0.14618
0.56075 0.14405
0.55741 0.14221
0.55408 0.14063
0.550760 0.13931
0.54744 0.13824
0.54415 0.13741
0.54091 0.13681
0.53778 0.13644
0.53484 0.13626
0.53215 0.136260
0.52978 0.13638
0.52772 0.1366
0.52594 0.13689
0.52441 0.13724
0.52309 0.13763
0.52195 0.13805
0.520950 0.13848
0.52008 0.13893
0.51933 0.139380
0.51867 0.13985
0.51811 0.14034
0.51764 0.1408300
0.51725 0.14136
0.516990 0.14196
0.51693 0.14262
0.51714 0.14329
0.51754 0.14393
0.51807 0.14457
0.51873 0.145230
0.51952 0.14594
0.52047 0.14674
0.5216200 0.14766
0.523060 0.148740
0.52487 0.15006
0.5272 0.15169
0.53016 0.1537
0.53376 0.15605
0.53786 0.15862
0.54232 0.16128
0.54712 0.16402
0.55219 0.16686
0.55744 0.16976
0.56277 0.17270
0.568080 0.17563
0.57331 0.17855
0.57845 0.181450
0.58348 0.18434
0.58839 0.18724
0.59319 0.19015
0.5978700 0.1931
0.60243 0.196080
0.606890 0.19912
0.61125 0.20222
0.6155 0.20539
0.61965 0.20864
0.62371 0.21196
0.62767 0.21537
0.63154 0.21885
0.63531 0.22241
0.63895 0.22603
0.642450 0.22968
0.64574 0.2333
0.64875 0.23681
0.65141 0.24011
0.65366 0.24313
0.65549 0.24584
0.65694 0.248270
0.65806 0.25044
0.65909 0.25282
*.*.Setup: s1223rtl.txt as Flap 1, Inverted: y, Scale = 1.0, AoA = 6.0, Reposition from (0,0) = (0, 0)*.*.
*.*.Setup: s1223rtl.txt as Flap 2, Inverted: y, Scale = 0.5, AoA = 20.0, Reposition from previous T.E. = (0.0, 0.05), Reposition from (0,0) = (0.9945, 0.1545)*.*.
*.*.Setup: s1223rtl.txt as Flap 3, Inverted: y, Scale = 0.5, AoA = 38.333333333333336, Reposition from previous T.E. = (-0.03, 0.065), Reposition from (0,0) = (1.4344, 0.3905)*.*.
*.*.Setup: Scale Ratio = 0.36083*.*.