0.3679800000 -0.01808
0.36721 -0.01887
0.36565 -0.02038
0.36334 -0.02262
0.36041 -0.02541
0.35701 -0.02856
0.3533 -0.03186
0.34943 -0.03511
0.34554 -0.03815
0.341640 -0.04098
0.33775 -0.04362
0.33386 -0.04611
0.32997 -0.04847
0.32607 -0.05074
0.32218 -0.05292
0.31829 -0.05502
0.3144 -0.05704
0.3105 -0.05898
0.30661 -0.06086
0.30272 -0.06267
0.29883 -0.06442
0.29493 -0.06611
0.29104 -0.06774
0.28715 -0.06931
0.28325 -0.070830
0.27936 -0.07229
0.275470 -0.07369
0.27158 -0.07502
0.26768 -0.07629
0.26379 -0.0775
0.2599 -0.07865
0.25601 -0.07977
0.252110 -0.08085
0.24822 -0.08191
0.24433 -0.082940
0.24044 -0.08393
0.23654 -0.08488
0.23265 -0.08579
0.228760 -0.08664
0.22487 -0.087450
0.22097 -0.0882
0.21708 -0.08891
0.21319 -0.08957
0.20929 -0.09019
0.2054 -0.09077
0.20151 -0.09131
0.19762 -0.09181
0.19372 -0.09227
0.18983 -0.0927
0.18594 -0.09308
0.18205 -0.09343
0.17815 -0.09374
0.17426 -0.094
0.17037 -0.09421
0.16648 -0.09438
0.16258 -0.0945
0.15869 -0.09458
0.1548 -0.0946
0.1509 -0.09459
0.14701 -0.09452
0.14312 -0.0944
0.139230 -0.09423
0.13533 -0.09402
0.13144 -0.09375
0.12755 -0.09343
0.12366 -0.09307
0.11976 -0.09267
0.115870 -0.09223
0.11198 -0.09175
0.10809 -0.09123
0.10419 -0.09065
0.1003 -0.090010
0.09641 -0.089280
0.092510 -0.08847
0.08862 -0.08756
0.08473 -0.08657
0.08084 -0.08549
0.07694 -0.08432
0.07305 -0.08306
0.06916 -0.0817
0.06527 -0.08021
0.06137 -0.0786
0.05748 -0.0768400
0.05359 -0.07491
0.0497 -0.0728200
0.0458 -0.070580
0.04191 -0.06819
0.03802 -0.06565
0.03413 -0.06296
0.03023 -0.06004
0.026340 -0.05683
0.02245 -0.053240
0.01855 -0.04921
0.01469 -0.04468
0.01098 -0.0398
0.00758 -0.03474
0.00465 -0.02967
0.00234 -0.02477
0.00078 -0.02021
0.000000 -0.01252
0.00078 -0.0096
0.00234 -0.00745
0.00465 -0.00611
0.00758 -0.0055
0.01098 -0.00547
0.01469 -0.00588
0.01855 -0.00658
0.02245 -0.00746
0.026340 -0.00848
0.03023 -0.00964
0.03413 -0.01093
0.03802 -0.01235
0.04191 -0.01387
0.0458 -0.0155
0.0497 -0.01721
0.05359 -0.01899
0.05748 -0.02083
0.06137 -0.02271
0.06527 -0.02463
0.06916 -0.02656
0.07305 -0.0285
0.07694 -0.03043
0.08084 -0.03235
0.08473 -0.03425
0.08862 -0.03613
0.092510 -0.03798
0.09641 -0.0398
0.1003 -0.04159
0.10419 -0.04333
0.10809 -0.04504
0.11198 -0.04671
0.115870 -0.04834
0.11976 -0.04992
0.12366 -0.051460
0.12755 -0.05295
0.13144 -0.0544
0.13533 -0.05580
0.139230 -0.0571500
0.14312 -0.05845
0.14701 -0.0597
0.1509 -0.0609
0.1548 -0.06204
0.15869 -0.06313
0.16258 -0.06416
0.16648 -0.06514
0.17037 -0.06606
0.17426 -0.06691
0.17815 -0.06771
0.18205 -0.06844
0.18594 -0.069130
0.18983 -0.069760
0.19372 -0.07035
0.19762 -0.07089
0.20151 -0.071390
0.2054 -0.07183
0.20929 -0.07221
0.21319 -0.07252
0.21708 -0.07276
0.22097 -0.07292
0.22487 -0.07301
0.228760 -0.07304
0.23265 -0.07299
0.23654 -0.07287
0.24044 -0.07268
0.24433 -0.072420
0.24822 -0.07209
0.252110 -0.07167
0.25601 -0.07118
0.2599 -0.07061
0.26379 -0.06996
0.26768 -0.06922
0.27158 -0.06839
0.275470 -0.06748
0.27936 -0.06648
0.28325 -0.06538
0.28715 -0.06418
0.29104 -0.06288
0.29493 -0.06148
0.29883 -0.05998
0.30272 -0.05838
0.30661 -0.05669
0.3105 -0.05492
0.3144 -0.05307
0.31829 -0.051140
0.32218 -0.04914
0.32607 -0.04706
0.32997 -0.04491
0.33386 -0.04268
0.33775 -0.04036
0.341640 -0.03793
0.34554 -0.03537
0.34943 -0.032650
0.3533 -0.02979
0.35701 -0.02693
0.36041 -0.02422
0.36334 -0.02183
0.36565 -0.019920
0.36721 -0.01863
0.3679800000 -0.01808
-Inserting Flap Ga2-
0.50487 0.06806
0.50474 0.06764
0.50446 0.06681
0.50404 0.0656
0.50350 0.06407
0.502860 0.06233
0.50214 0.06048
0.50135 0.05862
0.50052 0.05683
0.49964 0.05511
0.49873 0.05346
0.4978 0.05187
0.49684 0.05032
0.49587 0.04881
0.49487 0.04732
0.49387 0.04587
0.49285 0.04444
0.49181 0.04304
0.49077 0.04167
0.48971 0.040310
0.48864 0.03898
0.487560 0.03767
0.48647 0.03639
0.48536 0.03512
0.48425 0.033870
0.48313 0.03264
0.482 0.03144
0.48085 0.030260
0.47969 0.0291
0.47853 0.02796
0.4773500 0.026840
0.47616 0.02574
0.47497 0.02464
0.47378 0.02356
0.47258 0.02249
0.47137 0.02142
0.47016 0.02038
0.46893 0.01935
0.4677 0.01834
0.46646 0.01734
0.46521 0.01637
0.463950 0.01541
0.46268 0.01447
0.46141 0.01354
0.46013 0.01263
0.45884 0.01173
0.45754 0.01084
0.45624 0.00997
0.45493 0.00911
0.45361 0.00827
0.45229 0.00744
0.45095 0.006620
0.449610 0.00582
0.44827 0.00504
0.44691 0.00427
0.44554 0.00352
0.44417 0.00279
0.44279 0.00207
0.4414 0.00137
0.44 0.00069
0.43859 0.000059
0.43717 -0.00063
0.43574 -0.00126
0.43431 -0.00187
0.43286 -0.00246
0.431410 -0.00304
0.42995 -0.0036
0.42848 -0.00415
0.42701 -0.00469
0.42553 -0.00521
0.42403 -0.00571
0.42253 -0.00619
0.42101 -0.00664
0.41948 -0.00705
0.41792 -0.00744
0.41636 -0.00779
0.41477 -0.00811
0.4131700 -0.0084
0.41156 -0.00866
0.40992 -0.00888
0.40827 -0.009060
0.40658 -0.00919
0.40488 -0.00927
0.40314 -0.00929
0.40137 -0.00925
0.39958 -0.00916
0.397760 -0.00902
0.39591 -0.00882
0.39403 -0.00856
0.39212 -0.00823
0.39015 -0.00779
0.38811 -0.00722
0.385990 -0.00649
0.38379 -0.00558
0.38158 -0.00451
0.37945 -0.00333
0.37748 -0.00205
0.37577 -0.000730
0.37438 0.00062
0.37271 0.00322
0.37246 0.0044
0.37262 0.00545
0.3732 0.00634
0.37414 0.00709
0.37534 0.00772
0.37674 0.00825
0.37825 0.0087
0.37979 0.0091
0.38137 0.00944
0.38296 0.00973
0.38459 0.00998
0.38623 0.01018
0.38789 0.01034
0.38958 0.01047
0.39128 0.01057
0.39299 0.01064
0.394710 0.01069
0.39644 0.01073
0.39817 0.01075
0.39991 0.01077
0.40165 0.01079
0.40339 0.01080
0.40512 0.01083
0.40686 0.01086
0.408580 0.01089
0.41031 0.01094
0.41203 0.011
0.41374 0.01107
0.41544 0.011150
0.41714 0.01125
0.41883 0.01136
0.42051 0.01149
0.42219 0.01163
0.42385 0.01179
0.42551 0.01197
0.42716 0.01216
0.4288 0.01237
0.43044 0.01259
0.43206 0.012840
0.43367 0.01310
0.43528 0.01338
0.43687 0.01368
0.43846 0.013990
0.44003 0.014330
0.4416 0.01469
0.443150 0.01507
0.4447 0.01547
0.44623 0.0159
0.44775 0.016340
0.44926 0.01681
0.45076 0.01729
0.45226 0.017780
0.45374 0.0183
0.45522 0.01883
0.45669 0.01938
0.45814 0.01995
0.459590 0.02055
0.46102 0.02117
0.462440 0.02182
0.46384 0.02249
0.46523 0.02319
0.46661 0.02391
0.46798 0.02466
0.46933 0.02543
0.47067 0.02623
0.47199 0.02706
0.47331 0.02791
0.47461 0.0288
0.47589 0.02971
0.47716 0.03065
0.47841 0.03162
0.47965 0.03262
0.48087 0.03365
0.48208 0.03471
0.483260 0.03581
0.484430 0.03695
0.48558 0.03812
0.48672 0.039320
0.48783 0.04057
0.48893 0.04184
0.49001 0.04315
0.4910800 0.04449
0.49213 0.04586
0.49316 0.0472500
0.49419 0.04867
0.4952 0.05012
0.49619 0.05159
0.497180 0.05309
0.49814 0.05463
0.49909 0.0562
0.50001 0.05782
0.5009 0.05949
0.50176 0.06121
0.50257 0.06291
0.50329 0.064490
0.5039 0.06588
0.50437 0.06698
0.504690 0.06772
0.50487 0.06806
-Inserting Flap Ga2-
0.60302 0.21162
0.60312 0.21119
0.60331 0.21034
0.60359 0.20908
0.60392 0.2075
0.604280 0.20568
0.60463 0.20372
0.60492 0.20172
0.60514 0.199760
0.60528 0.19784
0.60537 0.19596
0.6054 0.19411
0.60538 0.19229
0.60534 0.19049
0.60526 0.18871
0.60516 0.18694
0.60503 0.18519
0.604870 0.18346
0.6047 0.18174
0.6045 0.18003
0.60427 0.17834
0.60403 0.17666
0.60377 0.17499
0.60349 0.17334
0.60319 0.171690
0.60287 0.17006
0.60252 0.16844
0.60216 0.16684
0.60177 0.16525
0.60137 0.16367
0.60095 0.1621
0.60051 0.16054
0.60006 0.15899
0.5996 0.15744
0.59913 0.1559
0.59866 0.154370
0.59816 0.15284
0.59765 0.15133
0.59713 0.14982
0.59658 0.14833
0.59602 0.14684
0.59545 0.14537
0.59485 0.1439
0.594250 0.14245
0.59363 0.141
0.59299 0.13956
0.5923400 0.13813
0.59168 0.13671
0.59101 0.1353
0.59033 0.13389
0.58963 0.13249
0.58891 0.1311
0.5881900 0.12972
0.58744 0.12835
0.58668 0.12699
0.58591 0.12564
0.58511 0.1243
0.58431 0.12297
0.58348 0.12165
0.582640 0.12034
0.58178 0.11904
0.58091 0.11775
0.58002 0.11647
0.57911 0.1152
0.57818 0.11394
0.57724 0.11269
0.57629 0.11145
0.57532 0.11022
0.57434 0.10899
0.57335 0.10778
0.57233 0.106570
0.5713 0.10538
0.57023 0.10421
0.56914 0.10305
0.56801 0.10192
0.56686 0.1008
0.56567 0.0997
0.564460 0.09862
0.56321 0.09756
0.561930 0.09653
0.56061 0.09551
0.55924 0.09452
0.557820 0.09357
0.55635 0.09265
0.55482 0.09176
0.55324 0.09091
0.55161 0.09008
0.54993 0.08929
0.54819 0.08853
0.54638 0.08782
0.54447 0.08717
0.54243 0.0866
0.54024 0.08612
0.53789 0.08575
0.53545 0.08552
0.53301 0.08542
0.53067 0.08549
0.52852 0.08573
0.526630 0.08616
0.52385 0.08751
0.523020 0.08838
0.52262 0.08937
0.5226500 0.09043
0.52306 0.09156
0.52376 0.09272
0.52468 0.0939
0.52573 0.09507
0.52684 0.09621
0.52801 0.09732
0.52922 0.0984
0.53048 0.09946
0.53178 0.10049
0.53312 0.10149
0.53449 0.10247
0.53589 0.10344
0.53731 0.10439
0.53875 0.10533
0.54021 0.10626
0.54168 0.10718
0.54316 0.1081
0.54463 0.10902
0.54611 0.10994
0.54758 0.11086
0.54904 0.11179
0.5505 0.11272
0.55195 0.11366
0.553390 0.1146
0.55481 0.11555
0.55622 0.11651
0.55762 0.11747
0.55901 0.11845
0.56038 0.119430
0.56174 0.12043
0.56308 0.12143
0.5644 0.12244
0.56571 0.12346
0.56701 0.124490
0.56828 0.125530
0.56954 0.12659
0.57079 0.12765
0.57201 0.12872
0.57322 0.12981
0.57441 0.1309
0.57558 0.13201
0.57673 0.133130
0.57786 0.13427
0.57896 0.13541
0.58005 0.13657
0.58112 0.13774
0.58217 0.13892
0.5832 0.14011
0.58422 0.14132
0.58522 0.14253
0.58621 0.14375
0.58718 0.14498
0.58812 0.14623
0.58905 0.14749
0.589950 0.14876
0.59082 0.15005
0.59167 0.15136
0.59249 0.15268
0.59329 0.15401
0.59407 0.15536
0.59483 0.156730
0.59555 0.158110
0.59626 0.1595
0.59693 0.16092
0.59758 0.16234
0.59821 0.16379
0.5988 0.16525
0.59937 0.16673
0.5999 0.16823
0.600410 0.16975
0.60089 0.17128
0.60133 0.17284
0.60174 0.17442
0.60212 0.17601
0.60246 0.17763
0.60276 0.179270
0.603030 0.18094
0.603280 0.18262
0.60349 0.184310
0.60368 0.18603
0.603840 0.18776
0.60398 0.1895
0.60409 0.19126
0.60417 0.19304
0.60423 0.19483
0.60426 0.19665
0.60425 0.19848
0.60419 0.20035
0.60408 0.20224
0.60392 0.20416
0.60373 0.20602
0.60352 0.20775
0.60332 0.20925
0.60316 0.21044
0.60304 0.21124
0.60302 0.21162
*.*.Setup: Ga2.txt as Flap 1, Inverted: y, Scale = 1.0, AoA = 0.0, Reposition from (0,0) = (0, 0)*.*.
*.*.Setup: Ga2.txt as Flap 2, Inverted: y, Scale = 0.4, AoA = 27.0, Reposition from previous T.E. = (0.0067, 0.07), Reposition from (0,0) = (1.0067, 0.0209)*.*.
*.*.Setup: Ga2.txt as Flap 3, Inverted: y, Scale = 0.4, AoA = 58.333333333333336, Reposition from previous T.E. = (0.04, 0.06), Reposition from (0,0) = (1.412, 0.2449)*.*.
*.*.Setup: Scale Ratio = 0.36798*.*.