0.37157 -0.005270
0.37081 -0.00609
0.3693 -0.00767
0.367050 -0.010010
0.36419 -0.01293
0.36087 -0.01622
0.35725 -0.01968
0.35347 -0.02309
0.34965 -0.0263
0.34582 -0.02928
0.341990 -0.03208
0.33816 -0.03472
0.33432 -0.03724
0.33047 -0.03967
0.32663 -0.042
0.32278 -0.04425
0.31892 -0.04643
0.31507 -0.048530
0.311210 -0.05056
0.307350 -0.05252
0.30349 -0.05442
0.29962 -0.05626
0.29576 -0.05804
0.29189 -0.05976
0.28802 -0.06143
0.28415 -0.06304
0.28027 -0.06458
0.27639 -0.06606
0.27251 -0.06748
0.26863 -0.068830
0.26475 -0.07014
0.260870 -0.0714
0.25698 -0.07263
0.25309 -0.07383
0.24921 -0.075
0.24532 -0.07614
0.24143 -0.07724
0.237530 -0.07829
0.23364 -0.07929
0.22974 -0.08023
0.22585 -0.08113
0.22195 -0.081980
0.21805 -0.08279
0.21415 -0.0835500
0.21024 -0.08427
0.20634 -0.08495
0.20243 -0.08559
0.19852 -0.08619
0.19462 -0.08676
0.1907 -0.08728
0.18679 -0.08777
0.18288 -0.08822
0.17897 -0.08862
0.17505 -0.08897
0.17113 -0.08928
0.16721 -0.08954
0.16329 -0.08975
0.15937 -0.08991
0.15544 -0.09003
0.15152 -0.0901
0.14759 -0.09012
0.14366 -0.09009
0.13973 -0.09001
0.13579 -0.08987
0.13186 -0.089690
0.12792 -0.08946
0.12399 -0.08919
0.12005 -0.08889
0.11611 -0.088540
0.11216 -0.08816
0.108220 -0.08771
0.10427 -0.0872
0.10032 -0.0866
0.09637 -0.08592
0.092410 -0.08515
0.08846 -0.08428
0.08449 -0.08333
0.08053 -0.08229
0.07656 -0.08115
0.07259 -0.07992
0.06861 -0.078560
0.06463 -0.07707
0.06065 -0.07543
0.05665 -0.07362
0.05266 -0.07166
0.04865 -0.06954
0.04465 -0.06726
0.04063 -0.06484
0.03662 -0.06226
0.03259 -0.05946
0.02855 -0.05636
0.0245 -0.05288
0.02044 -0.04895
0.01638 -0.044520
0.01247 -0.03973
0.00886 -0.03475
0.005730 -0.02975
0.00323 -0.02489
0.0015 -0.02034
0.00044 -0.012620
0.00112 -0.00965
0.00262 -0.00742
0.0049 -0.006
0.00783 -0.00528
0.01126 -0.00513
0.01501 -0.00541
0.01894 -0.00598
0.02289 -0.00673
0.026850 -0.00762
0.03081 -0.00865
0.03478 -0.00982
0.03876 -0.01111
0.04273 -0.01251
0.04672 -0.01401
0.0507 -0.0156
0.054690 -0.01726
0.05868 -0.018980
0.06267 -0.02074
0.066660 -0.02253
0.07065 -0.02434
0.07464 -0.026150
0.07863 -0.02796
0.082620 -0.02976
0.08661 -0.03154
0.0906 -0.0333
0.09459 -0.03503
0.09858 -0.03673
0.10257 -0.03839
0.10655 -0.04001
0.11054 -0.0416
0.11452 -0.04314
0.1185 -0.04465
0.12248 -0.0461
0.12646 -0.04752
0.13044 -0.04889
0.13441 -0.05021
0.13838 -0.05148
0.14235 -0.0527
0.14632 -0.05388
0.15029 -0.0550
0.154260 -0.05607
0.15822 -0.05709
0.16218 -0.05805
0.16614 -0.05895
0.170100 -0.05980
0.17406 -0.060590
0.17801 -0.06131
0.18196 -0.06198
0.18591 -0.06258
0.18986 -0.06313
0.19381 -0.06364
0.19775 -0.06409
0.20170 -0.0645
0.20564 -0.06486
0.20958 -0.06517
0.213510 -0.065420
0.21745 -0.06559
0.22138 -0.0657
0.22531 -0.06573
0.22924 -0.06568
0.23316 -0.06557
0.23708 -0.065380
0.241 -0.06513
0.244920 -0.0648
0.24884 -0.0644
0.25275 -0.06393
0.2566600 -0.06337
0.26056 -0.06274
0.26447 -0.062030
0.26837 -0.06123
0.27227 -0.06035
0.27616 -0.05938
0.28005 -0.05832
0.283940 -0.05718
0.28783 -0.05593
0.29171 -0.05459
0.29559 -0.05314
0.29946 -0.05159
0.30333 -0.04994
0.3072 -0.04819
0.31106 -0.046350
0.31492 -0.044430
0.31878 -0.04243
0.32264 -0.04035
0.32649 -0.03819
0.33034 -0.03596
0.33419 -0.033650
0.33804 -0.03127
0.34188 -0.0288
0.34572 -0.02621
0.34955 -0.023490
0.35338 -0.02061
0.35718 -0.0176
0.36082 -0.01458
0.36415 -0.01173
0.36702 -0.00921
0.36928 -0.00721
0.3708 -0.00586
0.37157 -0.005270
-Inserting Flap Ga2-
0.48489 0.08532
0.48476 0.0849
0.48448 0.08406
0.48406 0.08284
0.48351 0.0813
0.48287 0.07954
0.48214 0.07768
0.48134 0.0758
0.4805 0.07399
0.479620 0.07226
0.4787 0.07060
0.477760 0.069
0.47679 0.06743
0.47581 0.0659
0.47481 0.06441
0.47379 0.06294
0.47277 0.061500
0.47172 0.06009
0.4706700 0.0587
0.4696 0.05734
0.46852 0.05599
0.46743 0.05468
0.46633 0.05338
0.46522 0.0521
0.4641 0.05084
0.46297 0.0496
0.461820 0.04838
0.46067 0.047190
0.4595 0.04602
0.45832 0.04488
0.45713 0.04375
0.455940 0.04263
0.45474 0.04153
0.45353 0.04044
0.45232 0.03936
0.4511 0.03829
0.44988 0.03723
0.448650 0.03619
0.4474 0.03517
0.44615 0.03417
0.444890 0.03319
0.44362 0.03222
0.44234 0.03127
0.44106 0.03033
0.43976 0.029410
0.43846 0.0285
0.43715 0.02761
0.43584 0.02673
0.43452 0.02587
0.43319 0.02501
0.431850 0.02418
0.43051 0.02335
0.42916 0.02255
0.4278 0.02176
0.42643 0.02098
0.42505 0.02023
0.42367 0.01949
0.42227 0.01876
0.42087 0.01806
0.41946 0.01737
0.41804 0.0167
0.41661 0.01604
0.41517 0.01541
0.41372 0.01479
0.41226 0.01419
0.4108 0.01361
0.409330 0.01304
0.40785 0.01249
0.40636 0.01195
0.404860 0.01142
0.40336 0.01092
0.40184 0.01044
0.40031 0.00998
0.39876 0.00956
0.39720 0.00917
0.395610 0.00882
0.39402 0.00849
0.3924 0.0082
0.39077 0.00794
0.38912 0.00772
0.38745 0.00754
0.38576 0.00741
0.38404 0.007330
0.38228 0.00731
0.3805 0.00734
0.3786900 0.00744
0.37686 0.00758
0.37499 0.00778
0.3731 0.00804
0.37117 0.00837
0.36918 0.00881
0.36712 0.0093900
0.36498 0.010130
0.36276 0.01105
0.36054 0.01212
0.35839 0.01332
0.3564 0.0146
0.35468 0.015940
0.35328 0.0173
0.35159 0.01992
0.35134 0.02111
0.3515 0.02217
0.35209 0.02307
0.353030 0.02383
0.35425 0.02446
0.35566 0.025
0.35718 0.02545
0.35874 0.02585
0.36032 0.02619
0.36193 0.02649
0.36357 0.02674
0.365230 0.02694
0.36691 0.02711
0.3686 0.02724
0.37032 0.02733
0.37204 0.02741
0.37378 0.02746
0.37552 0.02749
0.37727 0.02752
0.37903 0.02754
0.380780 0.02756
0.38253 0.027570
0.38428 0.0276
0.38603 0.027630
0.38778 0.02766
0.38951 0.027710
0.391250 0.02777
0.39297 0.02784
0.39469 0.027930
0.3964 0.02802
0.39811 0.028140
0.39981 0.02827
0.4015 0.02841
0.40318 0.02857
0.40485 0.02875
0.40651 0.02894
0.40817 0.02915
0.40982 0.02938
0.41145 0.02962
0.41308 0.029890
0.4147 0.03017
0.41631 0.03047
0.41791 0.03079
0.4195 0.03113
0.42108 0.03149
0.42264 0.03188
0.4242 0.032280
0.42574 0.03271
0.42728 0.03316
0.4288 0.03363
0.43032 0.03411
0.43182 0.03461
0.43332 0.03513
0.43481 0.03567
0.43629 0.03622
0.43776 0.0368
0.43922 0.0374
0.44066 0.03803
0.44209 0.03868
0.44351 0.03936
0.44491 0.04006
0.4463 0.040790
0.44768 0.04155
0.44904 0.04233
0.4504 0.043140
0.45173 0.04397
0.45306 0.04483
0.45437 0.04572
0.455660 0.04664
0.45694 0.04759
0.4582 0.04857
0.45945 0.049580
0.46069 0.05062
0.4619 0.05169
0.4631 0.0528
0.46428 0.05394
0.46544 0.055120
0.46658 0.056340
0.46771 0.05759
0.46881 0.05888
0.4699 0.0602
0.47098 0.06155
0.47204 0.06293
0.47309 0.06433
0.47412 0.06577
0.475140 0.06723
0.47614 0.068710
0.47713 0.07023
0.47811 0.07177
0.47906 0.07336
0.479990 0.07499
0.480890 0.07668
0.48176 0.07842
0.48257 0.08013
0.48329 0.081730
0.48391 0.08312
0.48439 0.08423
0.48472 0.08498
0.48489 0.08532
-Inserting Flap Ga2-
0.60988 0.21483
0.60988 0.21439
0.60987 0.21351
0.60985 0.212210
0.60981 0.210580
0.60974 0.20871
0.60962 0.206710
0.60944000 0.20468
0.6092 0.2027
0.6089 0.20079
0.60854 0.19892
0.60814 0.1971
0.6077 0.19532
0.60724 0.19356
0.60675 0.19183
0.60624 0.19012
0.6057 0.18843
0.60515 0.18677
0.604570 0.18512
0.603980 0.18349
0.60337 0.18188
0.60274 0.18029
0.60209 0.17872
0.60143 0.17716
0.60076 0.17561
0.60006 0.17409
0.59935 0.17258
0.59862 0.17109
0.59787 0.16961
0.5971 0.16816
0.59632 0.16672
0.59553 0.16529
0.594730 0.16387
0.59392 0.16246
0.5931 0.16105
0.592280 0.15966
0.591440 0.15828
0.59059 0.15691
0.58972 0.15555
0.58884 0.15422
0.58794 0.15289
0.58703 0.15158
0.58611 0.15028
0.58518 0.14899
0.58423 0.14771
0.58328 0.14645
0.58231 0.1452
0.58133 0.14396
0.58034 0.14272
0.57934 0.1415
0.57833 0.14029
0.57731 0.13909
0.57627 0.13791
0.57522 0.13674
0.57416 0.13558
0.57308 0.13443
0.5719900 0.1333
0.57089 0.13218
0.56977 0.13108
0.56864 0.12999
0.5675 0.12891
0.56634 0.12785
0.56517 0.12680
0.56398 0.12577
0.56278 0.12475
0.56157 0.12374
0.56034 0.12274
0.55911 0.12176
0.55786 0.12078
0.55660 0.119820
0.55533 0.11888
0.55403 0.11795
0.55271 0.11705
0.55137 0.11617
0.55 0.11531
0.54861 0.11449
0.54719 0.11369
0.54575 0.11291
0.54428 0.11216
0.54278 0.11144
0.54124 0.11075
0.53967 0.1101
0.53806 0.10949
0.5364 0.10893
0.53469 0.10841
0.532940 0.10794
0.53115 0.10752
0.52932 0.10713
0.52744 0.10679
0.52549 0.10651
0.52347 0.10631
0.521330 0.10623
0.51907 0.10627
0.51668 0.10646
0.514230 0.106790
0.51181 0.10726
0.50953 0.10787
0.50747 0.10861
0.50573 0.10947
0.50331 0.11144
0.50270 0.1125
0.502530 0.11355
0.50281 0.11459
0.50347 0.1156
0.50443 0.11658
0.50561 0.11753
0.506910 0.11843
0.50827 0.11929
0.50967 0.12011
0.511120 0.1208900
0.5126 0.1216300
0.51411 0.12234
0.51565 0.12301
0.51723 0.12366
0.51883 0.12428
0.52045 0.12488
0.52208 0.12547
0.52373 0.12604
0.52539 0.12661
0.52705 0.12717
0.52871 0.12772
0.53037 0.12828
0.53203 0.12884
0.53368 0.12941
0.535330 0.12999
0.53697 0.130570
0.5386 0.13116
0.54022 0.13176
0.54183 0.13237
0.543430 0.133
0.54501 0.133630
0.54659 0.13428
0.54815 0.13494
0.54970 0.13561
0.551230 0.136290
0.55276 0.13699
0.55427 0.1377
0.55576 0.13843
0.55724 0.13917
0.55871 0.13992
0.56016 0.14069
0.5616 0.14147
0.56302 0.14227
0.56443 0.14309
0.56582 0.14392
0.56719 0.144770
0.56854 0.14564
0.56988 0.14652
0.5712 0.14742
0.57251 0.14834
0.57380 0.14927
0.57508 0.15021
0.57634 0.15117
0.57759 0.152130
0.57883 0.15312
0.5800500 0.15412
0.58125 0.15514
0.58243 0.15619
0.58358 0.157250
0.58472 0.158330
0.58584 0.15944
0.58693 0.16056
0.58801 0.16171
0.58907 0.16287
0.5901 0.16405
0.59112 0.16526
0.59211 0.16649
0.59308 0.16774
0.594030 0.16901
0.59495 0.170310
0.59585 0.171630
0.59673 0.17298
0.59758 0.17435
0.5984 0.17574
0.5992 0.17717
0.59997 0.178620
0.60071 0.18010
0.60142 0.181610
0.6021 0.18315
0.60276 0.18472
0.60338 0.18631
0.60399 0.187930
0.60457 0.18956
0.60513 0.19122
0.60567 0.19291
0.60619 0.19461
0.606690 0.19633
0.607160 0.19808
0.607610 0.19985
0.60803 0.20166
0.60841 0.2035
0.60874 0.20538
0.60903 0.2073
0.60927 0.209180
0.60947 0.21092
0.60962 0.21244
0.609740 0.21364
0.60981 0.21445
0.60988 0.21483
*.*.Setup: Ga2.txt as Flap 1, Inverted: y, Scale = 1.0, AoA = 2.0, Reposition from (0,0) = (0, 0)*.*.
*.*.Setup: Ga2.txt as Flap 2, Inverted: y, Scale = 0.4, AoA = 27.0, Reposition from previous T.E. = (-0.06, 0.08), Reposition from (0,0) = (0.9411, 0.0658)*.*.
*.*.Setup: Ga2.txt as Flap 3, Inverted: y, Scale = 0.4, AoA = 45.0, Reposition from previous T.E. = (0.04, 0.08), Reposition from (0,0) = (1.3464, 0.3099)*.*.
*.*.Setup: Scale Ratio = 0.37116*.*.