0.35592 0.05637
0.35393 0.054170
0.35103 0.05096
0.3476 0.04777
0.34341 0.04464
0.33829 0.04138
0.33209 0.03785
0.32476 0.03402
0.31638 0.029950
0.30719 0.02575
0.29744 0.02151
0.28736 0.01732
0.2771 0.01323
0.26677 0.0093
0.2564 0.00554
0.24599 0.00196
0.23551 -0.00143
0.22493 -0.00467
0.21417 -0.00776
0.20321 -0.01075
0.192 -0.01367
0.18056 -0.01655
0.16894 -0.01942
0.15725 -0.02227
0.14565 -0.02505
0.1343 -0.02773
0.12338 -0.03020
0.11308 -0.03238
0.10349 -0.03418
0.09458 -0.03552
0.08621 -0.03639
0.07826 -0.03679
0.07064 -0.03674
0.0633 -0.036230
0.05622 -0.03528
0.04939 -0.0339
0.04284 -0.03213
0.03662 -0.02999
0.03081 -0.02758
0.02551 -0.025
0.02083 -0.022390
0.016810 -0.01985
0.01344 -0.01745
0.010630 -0.0152
0.00831 -0.0131
0.00640 -0.011130
0.00481 -0.00929
0.0035 -0.00756
0.00243 -0.00593
0.00156 -0.004400
0.00088 -0.00294
0.00037 -0.001550
0.000086 -0.00022
-0.00012 0.00108000
0.000005 0.00238
0.00056 0.003590
0.00157 0.00455
0.00288 0.00528
0.00444 0.00586
0.00623 0.006360
0.0083 0.00683
0.01074 0.0073
0.01365 0.00777
0.01721 0.00826
0.02165 0.00877
0.02731 0.00933
0.03443 0.00993
0.043 0.01051
0.05264 0.01097
0.063020 0.01123
0.074060 0.01131
0.08567 0.01129
0.097650 0.01121
0.10979 0.01111
0.12191 0.01103
0.13388 0.01098
0.145670 0.011
0.15726 0.01112
0.16865 0.011350
0.179850 0.01174
0.19087 0.01229
0.20175 0.01302
0.21248 0.01395
0.223100 0.01509
0.2336 0.01644
0.24401 0.01803
0.25433 0.01984
0.264560 0.02189
0.27471 0.02418
0.28475 0.0267
0.29464 0.02944
0.30429 0.03237
0.31357 0.03545
0.32225 0.03861
0.33011 0.04176
0.33698 0.04481
0.34282 0.04775
0.34772 0.05056
0.3518 0.05324
0.35592 0.05637
-Inserting Flap s1223rtl-
0.52642 0.15955
0.52577 0.15821
0.52482 0.15627
0.52361 0.15426
0.52203 0.15218
0.52002 0.14991
0.51752 0.14736
0.51453 0.14451
0.51106 0.1414
0.50722 0.13811
0.50312 0.134730
0.49885 0.13133
0.49449 0.12795
0.49006 0.12463
0.4856 0.1214
0.48109 0.11824
0.47652 0.11517
0.47188 0.11216
0.46714 0.10919
0.46228 0.10624
0.45729 0.10329
0.452190 0.10033
0.447 0.09735
0.44178 0.09437
0.43658 0.09143
0.4315 0.08858
0.42659 0.085890
0.42194 0.08342
0.41758 0.08123
0.41348 0.079360
0.409580 0.07779
0.40581 0.07650
0.40214 0.07548
0.39854 0.07471
0.39501 0.07419
0.39154 0.07391
0.38815 0.073860
0.38486 0.07403
0.38173 0.07439
0.37883 0.0749
0.37622 0.07551
0.37394 0.07618
0.37199 0.0768600
0.37033 0.07756
0.36893 0.07825
0.36774 0.07893
0.36672 0.07960
0.36585 0.08025
0.36511 0.08088
0.36448 0.0815
0.36395 0.08211
0.36352 0.08271
0.36317 0.08330
0.36292 0.08390
0.3628 0.08454
0.3629 0.0852
0.36325 0.0858
0.36379 0.08633
0.36445 0.08683
0.36524 0.08732
0.366180 0.08783
0.36728 0.08839
0.36862 0.08901
0.37026 0.08974
0.37233 0.0906
0.37496 0.09165
0.37831 0.09292
0.38235 0.09437
0.38692 0.09592
0.39187 0.09748
0.39717 0.099040
0.40275 0.10063
0.40851 0.102240
0.41437 0.10387
0.4202 0.1055
0.425960 0.10713
0.43162 0.10876
0.43718 0.11042
0.44262 0.1121
0.44795 0.11383
0.453170 0.11561
0.4583 0.11746
0.46333 0.11939
0.46827 0.12140
0.47314 0.1235
0.47792 0.12569
0.482630 0.12799
0.48727 0.13038
0.49183 0.132880
0.49631 0.13548
0.50068 0.13815
0.50492 0.14089
0.50895 0.14366
0.51269 0.14637
0.516030 0.14896
0.51891 0.151380
0.52132 0.153590
0.52328 0.15562
0.52487 0.15747
0.52642 0.15955
-Inserting Flap s1223rtl-
0.66321 0.28091
0.66279 0.27948
0.662190 0.2774
0.66135 0.27522
0.66016 0.2729
0.658570 0.27031
0.65656 0.26736
0.65410 0.2640300
0.65123 0.26037
0.64802 0.25647
0.64457 0.25242
0.64096 0.24833
0.63724 0.24425
0.63346 0.24021
0.62962 0.23625
0.62573 0.23236
0.62177 0.22854
0.61772 0.22477
0.61356 0.22102
0.6092900 0.21727
0.60489 0.2135
0.60038 0.2097
0.59579 0.20586
0.59116 0.20202
0.58656 0.19823
0.582040 0.19454
0.577680 0.19103
0.57353 0.18779
0.56961 0.18489
0.565900 0.18233
0.56233 0.18011
0.55885 0.17818
0.55541 0.17654
0.552 0.17516
0.54861 0.17403
0.54524 0.17315
0.54191 0.17252
0.53864 0.17211
0.5355 0.17192
0.53256 0.17192
0.52988 0.17207
0.52752 0.17233
0.52548 0.17267
0.523720 0.17306
0.52222 0.1735
0.52093 0.17396
0.51981 0.174440
0.51884 0.17493
0.518 0.17543
0.51728 0.17593
0.51665 0.17644
0.51612 0.176950
0.51567 0.17747
0.51532 0.17802
0.51509 0.17863
0.51508 0.17930
0.51532 0.17995
0.515750 0.18057
0.51632 0.18117
0.517020 0.18179
0.51785 0.18245
0.51884 0.1832
0.520040 0.18405
0.52154 0.18504
0.523420 0.18625
0.52584 0.18774
0.52891 0.18957
0.53263 0.19171
0.53687 0.19403
0.54147 0.19642
0.54642 0.19888
0.55164 0.20141
0.55704 0.204
0.56252 0.20662
0.56798 0.20924
0.57337 0.211840
0.57867 0.21444
0.58385 0.21703
0.58891 0.21963
0.59386 0.22226
0.5987 0.22492
0.60342 0.22763
0.60805 0.23041
0.61257 0.23324
0.616990 0.23615
0.62132 0.23915
0.625560 0.24223
0.62971 0.24539
0.63377 0.24864
0.637730 0.25197
0.64157 0.25537
0.64527 0.25881
0.64876 0.26223
0.65197 0.26555
0.65481 0.26868
0.65723 0.27156
0.65921 0.27416
0.6608 0.2765
0.66204 0.2786
0.66321 0.28091
*.*.Setup: s1223rtl.txt as Flap 1, Inverted: y, Scale = 1.0, AoA = 9.0, Reposition from (0,0) = (0, 0)*.*.
*.*.Setup: s1223rtl.txt as Flap 2, Inverted: y, Scale = 0.5, AoA = 25.0, Reposition from previous T.E. = (0.02, 0.075), Reposition from (0,0) = (1.0077, 0.2314)*.*.
*.*.Setup: s1223rtl.txt as Flap 3, Inverted: y, Scale = 0.5, AoA = 35.0, Reposition from previous T.E. = (-0.03, 0.05), Reposition from (0,0) = (1.4308, 0.4927)*.*.
*.*.Setup: Scale Ratio = 0.36036*.*.