0.3749700000 -0.01843
0.37418 -0.01922
0.37259 -0.02077
0.37024 -0.02305
0.36725 -0.02589
0.36379 -0.0291
0.36001 -0.03246
0.35607 -0.03578
0.3521 -0.03888
0.348130 -0.04176
0.34417 -0.04445
0.3402 -0.04698
0.33623 -0.04939
0.33227 -0.0517
0.3283 -0.05392
0.32433 -0.05606
0.32037 -0.05812
0.3164 -0.0601
0.31243 -0.06202
0.30847 -0.06386
0.3045 -0.06564
0.30053 -0.06736
0.29657 -0.06903
0.2926 -0.07063
0.28863 -0.072180
0.28467 -0.07367
0.28070 -0.07509
0.27673 -0.07645
0.27277 -0.07774
0.2688 -0.07897
0.26483 -0.08015
0.26087 -0.08129
0.25690 -0.08239
0.25293 -0.08347
0.24897 -0.084520
0.245 -0.08553
0.24104 -0.0865
0.23707 -0.08742
0.23310 -0.08829
0.22914 -0.089110
0.22517 -0.08988
0.2212 -0.0906
0.21724 -0.09127
0.21327 -0.09191
0.2093 -0.09249
0.20534 -0.09304
0.20137 -0.09355
0.1974 -0.09402
0.19344 -0.09446
0.18947 -0.09485
0.1855 -0.09521
0.18154 -0.09552
0.17757 -0.09578
0.1736 -0.096
0.16964 -0.09617
0.16567 -0.0963
0.1617 -0.09637
0.15774 -0.0964
0.15377 -0.09638
0.1498 -0.09631
0.14584 -0.09619
0.141870 -0.09602
0.1379 -0.0958
0.13394 -0.09553
0.12997 -0.09521
0.126 -0.09484
0.12204 -0.09443
0.118070 -0.09398
0.1141 -0.09349
0.11014 -0.09296
0.10617 -0.09237
0.10221 -0.091710
0.09824 -0.090980
0.094270 -0.09015
0.09031 -0.08923
0.08634 -0.08821
0.08237 -0.08711
0.07841 -0.08592
0.07444 -0.08464
0.07047 -0.08325
0.06651 -0.08174
0.06254 -0.08009
0.05857 -0.0782900
0.05461 -0.07633
0.05064 -0.0742100
0.04667 -0.071920
0.04271 -0.06949
0.03874 -0.0669
0.03477 -0.06415
0.03081 -0.06118
0.026840 -0.05791
0.02287 -0.054250
0.01891 -0.05014
0.01497 -0.04553
0.01119 -0.04056
0.00772 -0.0354
0.00473 -0.03023
0.00238 -0.02524
0.00079 -0.02059
0.000000 -0.01275
0.00079 -0.00978
0.00238 -0.00759
0.00473 -0.00623
0.00772 -0.00561
0.01119 -0.00557
0.01497 -0.00599
0.01891 -0.0067
0.02287 -0.0076
0.026840 -0.00864
0.03081 -0.00982
0.03477 -0.01114
0.03874 -0.01258
0.04271 -0.01414
0.04667 -0.01579
0.05064 -0.01754
0.05461 -0.01936
0.05857 -0.02123
0.06254 -0.02315
0.06651 -0.02509
0.07047 -0.02706
0.07444 -0.02904
0.07841 -0.03101
0.08237 -0.03296
0.08634 -0.0349
0.09031 -0.03682
0.094270 -0.0387
0.09824 -0.04056
0.10221 -0.04237
0.10617 -0.04416
0.11014 -0.0459
0.1141 -0.0476
0.118070 -0.04926
0.12204 -0.05087
0.126 -0.052440
0.12997 -0.05396
0.13394 -0.05543
0.1379 -0.056860
0.141870 -0.0582300
0.14584 -0.05956
0.1498 -0.06083
0.15377 -0.06205
0.15774 -0.06322
0.1617 -0.06433
0.16567 -0.06538
0.16964 -0.06638
0.1736 -0.06731
0.17757 -0.06818
0.18154 -0.06899
0.1855 -0.06974
0.18947 -0.070440
0.19344 -0.071080
0.1974 -0.07168
0.20137 -0.07224
0.20534 -0.072740
0.2093 -0.07319
0.21327 -0.07358
0.21724 -0.07389
0.2212 -0.07414
0.22517 -0.07431
0.22914 -0.0744
0.23310 -0.07442
0.23707 -0.07437
0.24104 -0.07425
0.245 -0.07406
0.24897 -0.07380
0.25293 -0.07346
0.25690 -0.07304
0.26087 -0.07254
0.26483 -0.07195
0.2688 -0.07128
0.27277 -0.07053
0.27673 -0.06969
0.28070 -0.06876
0.28467 -0.06774
0.28863 -0.06662
0.2926 -0.0654
0.29657 -0.06408
0.30053 -0.06265
0.3045 -0.06112
0.30847 -0.05949
0.31243 -0.05777
0.3164 -0.05596
0.32037 -0.05408
0.32433 -0.052110
0.3283 -0.05007
0.33227 -0.04795
0.33623 -0.04576
0.3402 -0.04349
0.34417 -0.04113
0.348130 -0.03865
0.3521 -0.03604
0.35607 -0.033270
0.36001 -0.03036
0.36379 -0.02744
0.36725 -0.02468
0.37024 -0.02224
0.37259 -0.02030
0.37418 -0.01899
0.3749700000 -0.01843
-Inserting Flap Ga2-
0.49608 0.081050
0.49598 0.080620
0.495770 0.07975
0.49545 0.07848
0.49504 0.07688
0.49455 0.075060
0.49398 0.07312
0.49334 0.07116
0.49265 0.06927
0.49192 0.067450
0.49114 0.0657
0.49033 0.0640
0.4895 0.06234
0.48864 0.06071
0.48777 0.05912
0.48688 0.05755
0.48597 0.05601
0.485040 0.0545
0.4841 0.05301
0.48315 0.05154
0.48218 0.0501
0.4812 0.04867
0.48021 0.04727
0.4792 0.04588
0.47818 0.04452
0.4771500 0.04317
0.47611 0.04185
0.47505 0.04055
0.47398 0.03927
0.47289 0.03801
0.4718 0.03677
0.47069 0.03554
0.46958 0.034330
0.46847 0.03312
0.46734 0.03193
0.46621 0.03074
0.46507 0.02957
0.46392 0.02842
0.46276 0.02728
0.46159 0.02616
0.46041 0.02506
0.45921 0.02398
0.45801 0.022910
0.45680 0.02185
0.45558 0.02081
0.45435 0.01979
0.45311 0.01877
0.45187 0.01777
0.450610 0.01678
0.44935 0.01581
0.44808 0.01485
0.4468 0.0139
0.44551 0.01297
0.44421 0.01205
0.4429 0.011160
0.44158 0.01027
0.44025 0.00941
0.43892 0.00856
0.43757 0.00772
0.43621 0.0069
0.43483 0.0061
0.43345 0.005320
0.43206 0.00456
0.43066 0.00381
0.42924 0.00308
0.42782 0.00236
0.42639 0.00166
0.42495 0.00097
0.4235 0.00029
0.422040 -0.00037
0.42057 -0.00101
0.41908 -0.00162
0.41758 -0.00221
0.41606 -0.00277
0.41452 -0.0033
0.41296 -0.0038
0.41138 -0.00427
0.40978 -0.0047
0.40816 -0.00511
0.40652 -0.00548
0.40486 -0.00581
0.40317 -0.00609
0.401440 -0.00632
0.39968 -0.0065
0.39788 -0.00662
0.39605 -0.00668
0.39419 -0.0067
0.3923 -0.006660
0.39037 -0.00657
0.38839 -0.0064
0.386350 -0.00613
0.38423 -0.005730
0.38202 -0.005180
0.37970 -0.00445
0.37736 -0.00356
0.3751 -0.00255
0.37299 -0.00143
0.37113 -0.000240
0.369610 0.00101
0.36768 0.0035
0.36732 0.00467
0.36739 0.00575
0.3679 0.00671
0.36878 0.00756
0.36995 0.0083
0.37132 0.00896
0.37281 0.00956
0.37434 0.01009
0.37591 0.01058
0.37751 0.01102
0.37913 0.011410
0.38078 0.01177
0.382460 0.01208
0.38415 0.01236
0.38587 0.012610
0.3876 0.01283
0.38934 0.01304
0.39109 0.01323
0.39285 0.01341
0.39462 0.01358
0.39638 0.01375
0.39814 0.01392
0.3999 0.0141
0.401660 0.01428
0.403410 0.01448
0.40516 0.014680
0.40689 0.01489
0.40863 0.01511
0.41035 0.01535
0.41206 0.015600
0.41377 0.01586
0.415470 0.01614
0.417150 0.016440
0.41883 0.01674
0.4205 0.01707
0.42216 0.01741
0.42381 0.01777
0.42544 0.01814
0.42707 0.01853
0.42868 0.01894
0.430290 0.019370
0.43188 0.01981
0.43346 0.02028
0.43503 0.02076
0.43659 0.02126
0.43813 0.02179
0.43966 0.02233
0.44118 0.0229
0.44268 0.02348
0.44418 0.02409
0.44566 0.02471
0.44713 0.02535
0.44859 0.026
0.450050 0.026670
0.45149 0.02736
0.45291 0.02807
0.45433 0.0288
0.45572 0.02956
0.45711 0.03035
0.45847 0.03115
0.45982 0.03199
0.461160 0.03284
0.46248 0.03373
0.46378 0.03463
0.465070 0.03556
0.46634 0.036520
0.4676 0.0375
0.46884 0.03851
0.47006 0.03955
0.47127 0.04062
0.47245 0.04171
0.47362 0.04284
0.474770 0.044
0.47590 0.04518
0.47701 0.0464
0.47809 0.04766
0.47916 0.04895
0.4802 0.05027
0.48122 0.05163
0.48222 0.05303
0.4832 0.05445
0.4841600 0.05590
0.48511 0.05739
0.48604 0.05889
0.48695 0.06043
0.48785 0.06199
0.48873 0.06357
0.489590 0.06518
0.49044 0.06682
0.491260 0.0685
0.49205 0.07023
0.49281 0.07201
0.49353 0.07383
0.49419 0.07562
0.49478 0.0773
0.49528 0.07876
0.49567 0.07991
0.49593 0.0807
0.49608 0.081050
-Inserting Flap Ga2-
0.60360 0.2119
0.6036 0.21145
0.60359 0.21056
0.60357 0.20925
0.60353 0.2076
0.60345 0.20572
0.60333 0.20369
0.60316 0.20164
0.60291 0.19964
0.6026 0.19771
0.60224 0.19582
0.601840 0.19399
0.6014 0.19218
0.60093 0.19041
0.60044 0.18866
0.5999200 0.18693
0.59938 0.18523
0.59882 0.18354
0.59824 0.181880
0.59764 0.18024
0.59702 0.178610
0.59638 0.1770
0.59573 0.17541
0.59506 0.17383
0.594380 0.17227
0.593680 0.17073
0.59296 0.16921
0.59222 0.1677
0.59147 0.16621
0.59069 0.16474
0.5899 0.16329
0.5891 0.16185
0.58829 0.16041
0.58748 0.15898
0.58665 0.15757
0.58582 0.15616
0.58497 0.15476
0.584110 0.153380
0.58323 0.15201
0.582340 0.15066
0.58144 0.149320
0.58052 0.14799
0.57959 0.14668
0.57864 0.14538
0.57769 0.14409
0.57672 0.14281
0.57574 0.14155
0.57475 0.140290
0.57376 0.13905
0.57275 0.137810
0.57172 0.13659
0.57069 0.13538
0.569640 0.13418
0.56858 0.133
0.56751 0.13183
0.56642 0.13067
0.56532 0.12953
0.56421 0.1284
0.56308 0.12728
0.56194 0.12618
0.56078 0.12509
0.55961 0.12402
0.55843 0.12296
0.55723 0.12192
0.556020 0.12088
0.554790 0.11987
0.55355 0.11886
0.5523 0.11787
0.551050 0.11688
0.54977 0.11591
0.54848 0.11496
0.54718 0.11402
0.54585 0.11311
0.54449 0.11222
0.54311 0.11136
0.5417 0.11052
0.54026 0.10971
0.538810 0.10893
0.53732 0.10817
0.53581 0.10744
0.53426 0.10674
0.53267 0.106090
0.53104 0.10547
0.52936 0.10491
0.52764 0.10439
0.52587 0.10391
0.52406 0.103480
0.52221 0.103090
0.52031 0.10274
0.51835 0.10246
0.5163 0.10226
0.51414 0.10218
0.51186 0.10222
0.5094400 0.10241
0.50696 0.10274
0.50452 0.10322
0.50222 0.10384
0.50014 0.10459
0.49838 0.10545
0.49593 0.107440
0.49532 0.10851
0.49515 0.10958
0.49543 0.11063
0.4961 0.11165
0.49707 0.11264
0.49825 0.11359
0.49957 0.1145
0.50095 0.11537
0.50236 0.1162
0.50382 0.11699
0.50531 0.11774
0.506840 0.11845
0.50841 0.119130
0.51 0.11979
0.51161 0.12041
0.51325 0.121020
0.5149 0.12161
0.51656 0.12219
0.51824 0.12276
0.51991 0.12333
0.521590 0.12389
0.52327 0.12446
0.52495 0.12503
0.52662 0.1256
0.52828 0.12618
0.52994 0.12677
0.53158 0.127370
0.53322 0.127970
0.53485 0.12859
0.53646 0.12922
0.53806 0.12986
0.53965 0.13052
0.54123 0.13118
0.5428 0.13186
0.54435 0.13255
0.545890 0.13326
0.54741 0.13398
0.54893 0.13471
0.55042 0.135460
0.5519 0.13622
0.55337 0.13699
0.55482 0.13779
0.55626 0.138590
0.55768 0.13942
0.55908 0.140260
0.560470 0.14112
0.561840 0.14199
0.56319 0.14288
0.56452 0.14379
0.56584 0.14472
0.56714 0.14566
0.568440 0.14661
0.569710 0.14758
0.57098 0.14856
0.57223 0.149550
0.57346 0.150560
0.57467 0.15159
0.57586 0.15265
0.57703 0.15372
0.57818 0.15482
0.57931 0.15593
0.580420 0.15707
0.5815 0.15822
0.582570 0.1594
0.58362 0.1606
0.58464 0.16182
0.58565 0.163060
0.58663 0.16432
0.58759 0.16561
0.58852 0.16692
0.589430 0.16825
0.59031 0.16961
0.59117 0.171
0.5920 0.17241
0.59281 0.17385
0.593590 0.17531
0.59433 0.17681
0.59505 0.17834
0.59574 0.17989
0.5964 0.18147
0.59704 0.18308
0.59765 0.18471
0.59824 0.18637
0.5988 0.18805
0.59935 0.18975
0.59987 0.19147
0.60037 0.19321
0.60085 0.19497
0.6013 0.19676
0.60173 0.19859
0.60211 0.20045
0.60245 0.20235
0.60274 0.20429
0.60298 0.20618
0.60318 0.20795
0.60334 0.20948
0.60345 0.2107
0.60353 0.21152
0.60360 0.2119
*.*.Setup: Ga2.txt as Flap 1, Inverted: y, Scale = 1.0, AoA = 0.0, Reposition from (0,0) = (0, 0)*.*.
*.*.Setup: Ga2.txt as Flap 2, Inverted: y, Scale = 0.4, AoA = 32.0, Reposition from previous T.E. = (-0.0267, 0.07), Reposition from (0,0) = (0.9733, 0.0209)*.*.
*.*.Setup: Ga2.txt as Flap 3, Inverted: y, Scale = 0.4, AoA = 45.0, Reposition from previous T.E. = (-0.01, 0.08), Reposition from (0,0) = (1.313, 0.2962)*.*.
*.*.Setup: Scale Ratio = 0.37497*.*.