0.35845 -0.03018
0.35767 -0.030920
0.3561 -0.03235
0.353770 -0.03445
0.35081 -0.03708
0.347390 -0.04003
0.34365 -0.04312
0.33977 -0.04617
0.33587 -0.0490
0.33197 -0.05163
0.32808 -0.05407
0.3242 -0.056370
0.32032 -0.058540
0.31645 -0.06062
0.31257 -0.06261
0.3087 -0.06453
0.30484 -0.06637
0.30097 -0.06813
0.29711 -0.06983
0.29325 -0.07147
0.28939 -0.07304
0.28554 -0.07456
0.28168 -0.07602
0.27783 -0.07742
0.27398 -0.07877
0.27013 -0.08006
0.26629 -0.08129
0.26244 -0.08246
0.2586 -0.08356
0.25476 -0.08461
0.25092 -0.0856
0.24709 -0.08656
0.24325 -0.08749
0.23942 -0.08839
0.23558 -0.08926
0.23175 -0.09009
0.22792 -0.09089
0.22409 -0.09164
0.22026 -0.09234
0.21644 -0.09299
0.21261 -0.0936
0.20879 -0.09415
0.20497 -0.09467
0.20115 -0.09514
0.19733 -0.09557
0.19352 -0.095960
0.18970 -0.09632
0.18589 -0.09664
0.18207 -0.09692
0.17826 -0.09716
0.17445 -0.09737
0.17064 -0.09754
0.16684 -0.09766
0.16303 -0.097740
0.15923 -0.09777
0.15542 -0.09775
0.15162 -0.09769
0.14782 -0.09759
0.14403 -0.09744
0.14023 -0.09724
0.13644 -0.09699
0.13264 -0.0967
0.12885 -0.09635
0.12506 -0.09596
0.12128 -0.09551
0.11749 -0.09503
0.1137 -0.0945
0.10992 -0.09394
0.10614 -0.0933400
0.10236 -0.0927
0.09858 -0.09201
0.0948 -0.09124
0.09103 -0.0904
0.08726 -0.08948
0.08349 -0.08846
0.07973 -0.08736
0.07597 -0.086170
0.07221 -0.0849
0.06845 -0.08354
0.0647 -0.08207
0.06095 -0.08050
0.05721 -0.07879
0.05347 -0.07693
0.04974 -0.07492
0.046010 -0.07275
0.04229 -0.07043
0.03857 -0.06797
0.03486 -0.06536
0.03115 -0.06259
0.02745 -0.05962
0.02377 -0.056350
0.02009 -0.05272
0.01643 -0.04865
0.01281 -0.0441
0.00936 -0.039210
0.00621 -0.03416
0.00352 -0.02911
0.00144 -0.02425
7e-05 -0.01974
-0.00043 -0.012210
0.00043 -0.0094
0.00203 -0.00735
0.00432 -0.00612
0.00721 -0.00563
0.01053 -0.00571
0.01413 -0.00624
0.01788 -0.00705
0.02165 -0.008040
0.02541 -0.00917
0.02917 -0.01044
0.03293 -0.01183
0.03668 -0.01334
0.04042 -0.01497
0.04417 -0.01669
0.04791 -0.01849
0.05164 -0.020360
0.05538 -0.02229
0.05911 -0.02426
0.06285 -0.02625
0.06658 -0.02827
0.07031 -0.03029
0.07404 -0.032310
0.07778 -0.03432
0.08151 -0.03631
0.08524 -0.03827
0.08898 -0.04021
0.09272 -0.04212
0.09645 -0.044
0.10019 -0.04583
0.10393 -0.04763
0.10767 -0.04939
0.11142 -0.05111
0.11516 -0.05279
0.11891 -0.05443
0.12265 -0.05602
0.1264 -0.05756
0.13015 -0.05906
0.13391 -0.060510
0.13766 -0.06191
0.14142 -0.06326
0.14517 -0.06456
0.14893 -0.06581
0.15269 -0.06701
0.15646 -0.06815
0.16022 -0.06923
0.16399 -0.07026
0.167760 -0.07123
0.17153 -0.07214
0.1753 -0.07299
0.17908 -0.073790
0.18286 -0.07454
0.18663 -0.07524
0.19041 -0.07591
0.1942 -0.07652
0.19798 -0.07709
0.20176 -0.07759
0.20555 -0.07803
0.20934 -0.07839
0.21313 -0.07868
0.21693 -0.078910
0.22073 -0.07906
0.22453 -0.07915
0.22833 -0.079170
0.23213 -0.0791200
0.235940 -0.07899
0.23975 -0.07880
0.24356 -0.07853
0.24738 -0.07818
0.2512 -0.07776
0.25502 -0.07725
0.25884 -0.07666
0.26267 -0.07599
0.2665 -0.07523
0.27033 -0.07439
0.27417 -0.07345
0.278 -0.07241
0.28185 -0.07128
0.28569 -0.07004
0.28954 -0.06871
0.293400 -0.06728
0.29725 -0.06577
0.30111 -0.06417
0.30497 -0.0625
0.30884 -0.06075
0.3127 -0.05893
0.31657 -0.05703
0.320440 -0.05506
0.32432 -0.05302
0.32819 -0.05089
0.33208 -0.04865
0.33596 -0.04628
0.33985 -0.04377
0.34372 -0.04111
0.34744 -0.03844
0.35085 -0.03591
0.35379 -0.03368
0.35611 -0.0319
0.35768 -0.03069
0.35845 -0.03018
-Inserting Flap Ga2-
0.50408 0.05392
0.50395 0.05351
0.50368 0.05271
0.50327 0.05152
0.50275 0.05003
0.502120 0.04833
0.50141 0.04652
0.50065 0.0447
0.49983 0.04296
0.498980 0.04128
0.49809 0.03967
0.497180 0.03812
0.49624 0.03661
0.49529 0.03513
0.49432 0.03368
0.49334 0.03226
0.49234 0.03086
0.49133 0.0295
0.490310 0.02815
0.48928 0.026830
0.48823 0.02553
0.48718 0.024260
0.48611 0.023
0.48504 0.02176
0.48395 0.020540
0.48286 0.01934
0.481750 0.01817
0.48063 0.01701
0.4795 0.01588
0.47836 0.01477
0.47721 0.013680
0.476050 0.0126
0.47489 0.01153
0.47373 0.01047
0.47255 0.00943
0.47137 0.00839
0.47019 0.00737
0.468990 0.00636
0.46779 0.00538
0.46658 0.00441
0.465360 0.00345
0.4641300 0.00252
0.46289 0.0016
0.46165 0.00069
0.4604 -0.0002
0.45914 -0.00108000
0.45787 -0.00194
0.4566 -0.00279
0.45532 -0.00363
0.45403 -0.00446
0.4527400 -0.00527
0.45144 -0.006060
0.450130 -0.00685
0.44882 -0.00761
0.44749 -0.00836
0.44616 -0.00909
0.44482 -0.00981
0.44347 -0.01051
0.44211 -0.01119
0.44074 -0.01186
0.43937 -0.01251
0.43798 -0.01314
0.43659 -0.01375
0.43519 -0.01435
0.43378 -0.01493
0.43236 -0.01549
0.4309300 -0.01604
0.4295 -0.01658
0.42806 -0.01711
0.426610 -0.01761
0.42516 -0.0181
0.42369 -0.01857
0.4222 -0.01901
0.42071 -0.01941
0.41919 -0.01979
0.417660 -0.02013
0.41611 -0.02045
0.41455 -0.02073
0.41297 -0.02098
0.41138 -0.0212
0.40976 -0.021370
0.40812 -0.0215
0.40645 -0.02158
0.40476 -0.0216
0.40303 -0.02156
0.401280 -0.02147
0.3995 -0.02133
0.3977 -0.02114
0.39586 -0.02089
0.39399 -0.02057
0.39207 -0.02014
0.39008 -0.01958
0.38801 -0.01887
0.38586 -0.01798
0.3837 -0.01694
0.38162 -0.01578
0.3797 -0.01453
0.37803 -0.01324
0.37668 -0.01193
0.37504 -0.009390
0.3748 -0.00824
0.37496 -0.00721
0.37553 -0.00634
0.37644 -0.0056
0.37762 -0.004990
0.37898 -0.00447
0.38045 -0.00403
0.38196 -0.00365
0.3835 -0.00331
0.38506 -0.00303
0.38664 -0.00279
0.38824 -0.00259
0.38987 -0.00243
0.39151 -0.00231
0.39317 -0.00221
0.39484 -0.002140
0.39652 -0.002090
0.39821 -0.00206
0.3999 -0.00203
0.4016 -0.0020100
0.4033 -0.002
0.405 -0.00198
0.40669 -0.00196
0.40838 -0.00193
0.41007 -0.00189
0.41175 -0.00185
0.413430 -0.001790
0.4151 -0.00172
0.41677 -0.00164
0.41842 -0.00154
0.42007 -0.00143
0.42172 -0.00131
0.42335 -0.00117
0.42498 -0.00101
0.4266 -0.000840
0.42821 -0.000660
0.42981 -0.00045
0.43141 -0.00023
0.43299 0.000010
0.43457 0.00026
0.43614 0.00053
0.43769 0.00082
0.43924 0.001140
0.44078 0.001470
0.44231 0.00182
0.443820 0.00219
0.44533 0.00258
0.44682 0.00299
0.44831 0.003430
0.44979 0.0038800
0.45125 0.00435
0.45271 0.004840
0.45416 0.00534
0.4556 0.00585
0.45704 0.00639
0.45846 0.00695
0.459870 0.00753
0.46127 0.00814
0.46265 0.00877
0.46402 0.00943
0.46538 0.01011
0.46672 0.01082
0.46806 0.01155
0.46938 0.0123
0.47069 0.01309
0.47198 0.01389
0.47326 0.01473
0.47453 0.01559
0.475790 0.016480
0.47702 0.01739
0.47825 0.01834
0.47946 0.01932
0.48065 0.02033
0.48183 0.02137
0.48298 0.02244
0.48413 0.02354
0.48525 0.02469
0.48636 0.02587
0.48745 0.02708
0.48852 0.02832
0.48957 0.0296
0.49061 0.03091
0.49164 0.03224
0.49265 0.03360
0.49365 0.03499
0.494640 0.03641
0.49561 0.03784
0.496570 0.039310
0.49751 0.04081
0.49844 0.04234
0.499340 0.04393
0.50021 0.04556
0.50105 0.04724
0.50183 0.04889
0.50253 0.05044
0.50313 0.05179
0.5036 0.05287
0.50391 0.05359
0.50408 0.05392
-Inserting Flap Ga2-
0.59991 0.19409
0.60001 0.19367
0.6002 0.19284
0.60047 0.19161
0.6008 0.190070
0.60114 0.18829
0.60148 0.18638
0.60177 0.18443
0.60198 0.18251
0.60212 0.18064
0.6022 0.1788
0.60223 0.177
0.602220 0.17522
0.60217 0.17346
0.6021 0.17172
0.602 0.17
0.601870 0.16829
0.601720 0.1666
0.60155 0.164920
0.601350 0.16325
0.60114 0.1616
0.6009 0.15996
0.60064 0.15833
0.600370 0.15671
0.60008 0.15511
0.59976 0.15352
0.59943 0.15194
0.59907 0.15037
0.5987 0.14881
0.5983 0.14727
0.59789 0.145740
0.59746 0.14422
0.59702 0.1427
0.59658 0.14119
0.59612 0.13969
0.59565 0.13819
0.59517 0.1367
0.59467 0.13522
0.59416 0.13375
0.59363 0.132290
0.59308 0.13085
0.59252 0.12941
0.59194 0.12798
0.59135 0.12656
0.59074 0.12514
0.59012 0.12374
0.58949 0.12234
0.58884 0.12095
0.58819 0.11957
0.58752 0.11820
0.58684 0.116830
0.58614 0.11548
0.58543 0.11413
0.5847 0.11279
0.583960 0.11146
0.5832 0.11014
0.58243 0.10884
0.58164 0.10754
0.58084 0.10625
0.58001 0.10497
0.579180 0.1037
0.57832 0.10244
0.57745 0.101190
0.57657 0.09995
0.57566 0.09872
0.57474 0.0975
0.57381 0.09629
0.57287 0.09508
0.57191 0.09389
0.57094 0.0927
0.56995 0.091530
0.56894 0.09036
0.5679 0.089220
0.56683 0.08809
0.56573 0.08698
0.5646 0.08589
0.56345 0.08482
0.56226 0.08377
0.56104 0.08273
0.559790 0.08172
0.5585 0.08073
0.55716 0.07976
0.55578 0.07883
0.55434 0.07793
0.55285 0.07707
0.55131 0.07623
0.54971 0.07543
0.54807 0.07465
0.54638 0.073910
0.54461 0.07322
0.542750 0.07258
0.54076 0.07202
0.53862 0.07156
0.536320 0.0712
0.53394 0.07097
0.53156 0.07087
0.52927 0.070940
0.52717 0.07117
0.525330 0.07159
0.52262 0.07291
0.52181 0.07377
0.52141 0.07473
0.52144 0.07577
0.52184 0.07687
0.52252 0.078
0.52342 0.079160
0.52445 0.0803
0.525540 0.08141
0.52667 0.08249
0.52786 0.08355
0.52909 0.08458
0.530350 0.08558
0.53166 0.08656
0.5330 0.08752
0.53437 0.08847
0.53576 0.0894
0.53717 0.09031
0.538590 0.09122
0.540020 0.09212
0.54146 0.09302
0.5429 0.09392
0.54435 0.09481
0.54578 0.09572
0.54721 0.09662
0.54864 0.09753
0.55005 0.09844
0.55145 0.09936
0.55284 0.10029
0.554220 0.10123
0.55559 0.10217
0.55694 0.10312
0.55828 0.10408
0.55960 0.10505
0.56091 0.10603
0.56221 0.10702
0.56349 0.10802
0.56475 0.109020
0.566 0.11004
0.56723 0.111070
0.56844 0.1121
0.56964 0.11315
0.57082 0.11421
0.57198 0.11528
0.57312 0.11636
0.57424 0.117460
0.57534 0.11856
0.57642 0.11968
0.57749 0.12081
0.57853 0.121960
0.57956 0.12311
0.58056 0.12428
0.58156 0.12545
0.58254 0.12663
0.5835 0.12782
0.58444 0.12903
0.58537 0.13024
0.58627 0.13147
0.587150 0.13272
0.588 0.13398
0.58883 0.13525
0.58963 0.13654
0.590420 0.13785
0.59118 0.13916
0.59191 0.14050
0.59262 0.141840
0.59331 0.14321
0.59397 0.144590
0.59461 0.14598
0.595210 0.147390
0.59579 0.14882
0.59635 0.15026
0.59687 0.15173
0.59736 0.15321
0.59783 0.15471
0.59826 0.15623
0.59866 0.15777
0.59903 0.15933
0.59936 0.16091
0.59966 0.162510
0.599930 0.16413
0.600160 0.16577
0.60037 0.16743000
0.60056 0.1691
0.60071 0.17079
0.60085 0.1725
0.60095 0.17422
0.60104 0.17595
0.60109 0.1777
0.60112 0.17947
0.60111 0.18126
0.60106 0.18308
0.60095 0.18493
0.60079 0.186810
0.6006 0.18863
0.6004 0.19031
0.60021 0.19178
0.60004 0.19294
0.59994 0.19372
0.59991 0.19409
*.*.Setup: Ga2.txt as Flap 1, Inverted: y, Scale = 1.0, AoA = -2.0, Reposition from (0,0) = (0, 0)*.*.
*.*.Setup: Ga2.txt as Flap 2, Inverted: y, Scale = 0.4, AoA = 27.0, Reposition from previous T.E. = (0.04, 0.07), Reposition from (0,0) = (1.0377, -0.014)*.*.
*.*.Setup: Ga2.txt as Flap 3, Inverted: y, Scale = 0.4, AoA = 58.333333333333336, Reposition from previous T.E. = (0.04, 0.06), Reposition from (0,0) = (1.443, 0.2101)*.*.
*.*.Setup: Scale Ratio = 0.35929*.*.