0.3718500000 -0.01827
0.37106 -0.01906
0.36949 -0.0206
0.36715 -0.02286
0.36419 -0.02568
0.36075 -0.02886
0.35701 -0.03219
0.3531 -0.03548
0.34916 -0.03855
0.345230 -0.04141
0.3413 -0.04408
0.33736 -0.04659
0.33343 -0.04898
0.3295 -0.05127
0.32556 -0.05347
0.32163 -0.05559
0.3177 -0.05763
0.31376 -0.0596
0.30983 -0.0615
0.3059 -0.06333
0.30196 -0.0651
0.29803 -0.0668
0.2941 -0.06845
0.29016 -0.07004
0.28623 -0.071580
0.28229 -0.07305
0.278360 -0.07446
0.27443 -0.07581
0.27049 -0.07709
0.26656 -0.07831
0.26263 -0.07948
0.25869 -0.08061
0.254760 -0.0817
0.25083 -0.08277
0.24689 -0.083810
0.24296 -0.08481
0.23903 -0.08578
0.23509 -0.08669
0.231160 -0.08755
0.22723 -0.088370
0.22329 -0.08913
0.21936 -0.08984
0.21542 -0.09051
0.21149 -0.09114
0.20756 -0.09172
0.20362 -0.09227
0.19969 -0.09277
0.19576 -0.09324
0.19182 -0.09367
0.18789 -0.09406
0.18396 -0.09441
0.18002 -0.09472
0.17609 -0.09499
0.17216 -0.0952
0.16822 -0.09537
0.16429 -0.0955
0.16036 -0.09557
0.15642 -0.0956
0.15249 -0.09558
0.14856 -0.09551
0.14462 -0.09539
0.140690 -0.09522
0.13676 -0.095
0.13282 -0.09473
0.12889 -0.09441
0.12495 -0.09405
0.12102 -0.09364
0.117090 -0.09319
0.11315 -0.09271
0.10922 -0.09219
0.10529 -0.0916
0.10135 -0.090950
0.09742 -0.090220
0.093490 -0.0894
0.08955 -0.08848
0.08562 -0.08748
0.08169 -0.08639
0.07775 -0.0852
0.07382 -0.08393
0.06989 -0.08255
0.06595 -0.08106
0.06202 -0.07942
0.05808 -0.0776400
0.05415 -0.0757
0.05022 -0.0735900
0.04628 -0.071320
0.04235 -0.06891
0.03842 -0.06634
0.03448 -0.06362
0.03055 -0.06067
0.026620 -0.05743
0.02268 -0.05380
0.01875 -0.04972
0.01484 -0.04515
0.01109 -0.04022
0.00766 -0.0351
0.00469 -0.02998
0.00236 -0.02503
0.00079 -0.02042
0.000000 -0.01265
0.00079 -0.0097
0.00236 -0.00752
0.00469 -0.00618
0.00766 -0.00556
0.01109 -0.00553
0.01484 -0.00594
0.01875 -0.00665
0.02268 -0.00753
0.026620 -0.00857
0.03055 -0.00974
0.03448 -0.01105
0.03842 -0.01248
0.04235 -0.01402
0.04628 -0.01566
0.05022 -0.01739
0.05415 -0.01919
0.05808 -0.02105
0.06202 -0.02295
0.06595 -0.02488
0.06989 -0.02684
0.07382 -0.02879
0.07775 -0.03075
0.08169 -0.03269
0.08562 -0.03461
0.08955 -0.03651
0.093490 -0.03838
0.09742 -0.04022
0.10135 -0.04202
0.10529 -0.04379
0.10922 -0.04551
0.11315 -0.0472
0.117090 -0.04884
0.12102 -0.05044
0.12495 -0.0520
0.12889 -0.05351
0.13282 -0.05497
0.13676 -0.056380
0.140690 -0.0577500
0.14462 -0.05906
0.14856 -0.06033
0.15249 -0.06154
0.15642 -0.06269
0.16036 -0.06379
0.16429 -0.06484
0.16822 -0.06582
0.17216 -0.06675
0.17609 -0.06761
0.18002 -0.06842
0.18396 -0.06916
0.18789 -0.069850
0.19182 -0.070490
0.19576 -0.07108
0.19969 -0.07163
0.20362 -0.072130
0.20756 -0.07258
0.21149 -0.07296
0.21542 -0.07328
0.21936 -0.07352
0.22329 -0.07369
0.22723 -0.07378
0.231160 -0.0738
0.23509 -0.07375
0.23903 -0.07364
0.24296 -0.07345
0.24689 -0.073180
0.25083 -0.07284
0.254760 -0.07243
0.25869 -0.07193
0.26263 -0.07135
0.26656 -0.07069
0.27049 -0.06994
0.27443 -0.06911
0.278360 -0.06819
0.28229 -0.06718
0.28623 -0.06607
0.29016 -0.06486
0.2941 -0.06354
0.29803 -0.06213
0.30196 -0.06061
0.3059 -0.05899
0.30983 -0.05729
0.31376 -0.0555
0.3177 -0.05363
0.32163 -0.051680
0.32556 -0.04965
0.3295 -0.04755
0.33343 -0.04538
0.33736 -0.04313
0.3413 -0.04078
0.345230 -0.03833
0.34916 -0.03574
0.3531 -0.032990
0.35701 -0.03011
0.36075 -0.02721
0.36419 -0.02447
0.36715 -0.02206
0.36949 -0.020130
0.37106 -0.01883
0.3718500000 -0.01827
-Inserting Flap Ga2-
0.49778 0.06877
0.49764 0.06835
0.49736 0.06751
0.49694 0.06628
0.49639 0.06474
0.49575 0.06298
0.49501 0.06111
0.49422 0.05923
0.49338 0.05742
0.49249 0.05569
0.49158 0.05403
0.49063 0.05242
0.48966 0.05085
0.48868 0.04932
0.48767 0.04782
0.48666 0.04635
0.48563 0.04491
0.48458 0.04349
0.48352 0.0421
0.48245 0.040740
0.48137 0.03939
0.48028 0.03807
0.47918 0.03677
0.47807 0.03549
0.47694 0.034220
0.47581 0.03299
0.47466 0.03177
0.4735 0.030570
0.472340 0.0294
0.47116 0.02825
0.46997 0.027120
0.46877 0.02601
0.46757 0.0249
0.46636 0.02381
0.46514 0.02272
0.46392 0.02165
0.4627 0.02059
0.46146 0.01955
0.46022 0.01853
0.45896 0.01753
0.4577 0.01654
0.45643 0.01557
0.45515 0.01462
0.453860 0.01368
0.45256 0.01276
0.451260 0.01185
0.44995 0.01096
0.44863 0.01008
0.44731 0.00921
0.44598 0.00835
0.44464 0.00751
0.44329 0.006690
0.44194 0.00588
0.44058 0.00509
0.43921 0.00431
0.43783 0.00356
0.43644 0.00282
0.43504 0.00209
0.43364 0.00138
0.43222 0.00069
0.4308 0.000059
0.42937 -0.00063
0.42792 -0.00127
0.42647 -0.00189
0.42501 -0.00249
0.42354 -0.00307
0.42207 -0.00364
0.420590 -0.0042
0.4191 -0.00474
0.4176 -0.00526
0.41609 -0.00577
0.41457 -0.00625
0.41304 -0.00671
0.41148 -0.00713
0.40992 -0.00752
0.40833 -0.00787
0.40673 -0.0082
0.40512 -0.00849
0.40348 -0.00875
0.40183 -0.00897
0.40016 -0.009150
0.39846 -0.00929
0.39673 -0.00937
0.39498 -0.00939
0.39319 -0.00935
0.39138 -0.00926
0.38954 -0.00911
0.38767 -0.00891
0.38577 -0.00865
0.38384 -0.00832
0.38185 -0.00788
0.379790 -0.0073
0.37764 -0.00656
0.37542 -0.00564
0.37319 -0.00456
0.37103 -0.00336
0.36905 -0.00208
0.36732 -0.000740
0.36592 0.00062
0.364230 0.00325
0.36397 0.00444
0.364140 0.0055
0.36473 0.00641
0.36567 0.00717
0.36689 0.0078
0.36830 0.00834
0.36982 0.00879
0.37138 0.00919
0.37297 0.00954
0.37459 0.00983
0.376230 0.01008
0.37789 0.01029
0.37957 0.01045
0.38127 0.01058
0.38299 0.01068
0.38472 0.01075
0.38646 0.0108
0.3882 0.01084
0.38996 0.01086
0.39171 0.01088
0.39347 0.0109
0.39523 0.010920
0.39698 0.01094
0.39873 0.01097
0.40048 0.01101
0.402220 0.01106
0.40396 0.01111
0.40569 0.01119
0.40741 0.011270
0.40912 0.01137
0.41083 0.01148
0.41253 0.01161
0.41422 0.01176
0.41591 0.01192
0.41758 0.01209
0.41925 0.01229
0.42091 0.0125
0.422560 0.01272
0.4242 0.012970
0.42583 0.013230
0.427450 0.01352
0.42907 0.01382
0.43067 0.014140
0.43226 0.014480
0.43384 0.01485
0.43541 0.01523
0.436970 0.01564
0.43852 0.01606
0.44005 0.016510
0.44158 0.01698
0.4431 0.01747
0.44461 0.017970
0.44611 0.01849
0.4476 0.01903
0.44909 0.01958
0.45056 0.02016
0.45202 0.02076
0.45346 0.02139
0.45489 0.02204
0.45631 0.02273
0.45772 0.02343
0.459110 0.02416
0.46049 0.02492
0.461860 0.0257
0.46321 0.02651
0.46455 0.02734
0.46588 0.02821
0.467190 0.0291
0.46849 0.03002
0.46977 0.03097
0.471040 0.03195
0.47229 0.03296
0.47352 0.034
0.47474 0.03508
0.47594 0.03619
0.47712 0.03733
0.47829 0.03852
0.47943 0.039740
0.48056 0.04099
0.48167 0.04228
0.48276 0.0436
0.48384 0.04496
0.4849 0.04634
0.48595 0.0477500
0.48698 0.04918
0.488 0.05064
0.48901 0.05213
0.49 0.05365
0.49098 0.0552
0.49193 0.05679
0.49286 0.05843
0.49377 0.06012
0.49464 0.06186
0.49545 0.06357
0.49617 0.065170
0.49679 0.06657
0.49727 0.06768
0.4976 0.06843
0.49778 0.06877
-Inserting Flap Ga2-
0.6044 0.19481
0.6044 0.19436
0.60439 0.19348
0.60437 0.19218
0.60433 0.19055
0.60426 0.18867
0.60414 0.186670
0.60396 0.18464
0.60372 0.18265
0.60342 0.18073
0.60306 0.17887
0.60266 0.17704
0.60222 0.175260
0.60176 0.17349
0.601270 0.17176
0.60075 0.17005
0.60022 0.16836
0.59966 0.16669
0.59909 0.16504
0.59849 0.163410
0.59788 0.1618
0.59725 0.1602
0.5966 0.15862
0.59594 0.15706
0.59526 0.15551
0.59457 0.15398
0.59385 0.15247
0.59312 0.15098
0.59237 0.1495
0.5916 0.14805
0.590820 0.1466
0.59003 0.14517
0.58922 0.14375
0.58841 0.14233
0.5876 0.14093
0.58677 0.13953
0.58593 0.13815
0.58507 0.13677
0.5842 0.13542
0.58332 0.13408
0.58242 0.13275
0.58151 0.13143
0.58059 0.13013
0.57966 0.12884
0.57871 0.12756
0.57775 0.1263
0.57678 0.12504
0.5758 0.1238
0.57481 0.12256
0.57381 0.12134
0.57279 0.12013
0.57177 0.11893
0.57073 0.11774
0.56968 0.11657
0.56861 0.11541
0.56754 0.11426
0.56645 0.11312
0.56534 0.1120
0.56422 0.1109
0.56309 0.1098
0.56194 0.108720
0.56078 0.10766
0.55961 0.10661
0.55842 0.10557
0.55722 0.10455
0.556 0.10354
0.55477 0.10254
0.55354 0.10156
0.55229 0.10058
0.55102 0.09962
0.54975 0.09867
0.54845 0.09774
0.54713 0.09684
0.54579 0.09596
0.544410 0.0951
0.54302 0.09427
0.5416 0.09347
0.54015 0.09269
0.538680 0.09194
0.537170 0.09122
0.535640 0.09053
0.53406 0.08988
0.53245 0.08927
0.53078 0.08871
0.52908 0.08819
0.52732 0.08772
0.52553 0.08729
0.52369 0.0869
0.52181 0.08656
0.51986 0.08628
0.51783 0.08609
0.51569 0.086
0.51343 0.08604
0.51103 0.08623
0.50857 0.08656
0.50615 0.08704
0.50387 0.08765
0.50181 0.08839
0.50006 0.08925
0.49764 0.09122
0.49702 0.09228
0.49685 0.09334
0.49713 0.09438
0.4978 0.09539
0.49876 0.09637
0.49994 0.09732
0.50124 0.09822
0.50261 0.09908
0.50401 0.0999
0.50546 0.10069
0.50694 0.101430
0.50845 0.10214
0.51 0.10281
0.51158 0.10346
0.51318 0.10408
0.5148 0.10469
0.51644 0.10527
0.51809 0.10585
0.51975 0.10642
0.52142 0.10698
0.52308 0.10753
0.524750 0.10809
0.52641 0.10866
0.52806 0.10923
0.52971 0.1098
0.53136 0.110390
0.53299 0.11098
0.53461 0.11158
0.53622 0.11219
0.53782 0.11282
0.53941 0.11345
0.54099 0.1141
0.54256 0.11476
0.54411 0.11544
0.54565 0.11612
0.54717 0.11682
0.54869 0.11753
0.55018 0.11826
0.551670 0.119
0.55314 0.11976
0.55459 0.12053
0.55603 0.12131
0.55746 0.12211
0.55886 0.12293
0.56026 0.12376
0.56163 0.12461
0.56299 0.12548
0.56433 0.12637
0.56565 0.12727
0.56696 0.12819
0.56825 0.12912
0.56953 0.13006
0.5708 0.13102
0.57205 0.13199
0.57329 0.13298
0.57451 0.13398
0.57572 0.13501
0.5769 0.13605
0.57806 0.137110
0.5792 0.1382
0.58031 0.13931
0.58141 0.14043
0.58249 0.14158
0.58355 0.14275
0.58459 0.14393
0.58561 0.14514
0.5866 0.14637
0.58757 0.14762
0.58852 0.1489
0.58945 0.1502
0.59035 0.15152
0.59123 0.15287
0.592080 0.154250
0.5929 0.15565
0.5937 0.15707
0.59447 0.158530
0.59521 0.160010
0.59593 0.161520
0.59661 0.16307
0.59726 0.16463
0.59789 0.16623
0.5985 0.16785
0.59908 0.16949
0.59965 0.17115
0.60019 0.17284
0.60070 0.17455
0.6012 0.17627
0.60168 0.17802
0.60213 0.1798
0.602550 0.18161
0.60293 0.18345
0.60326 0.18534
0.60355 0.18726
0.60379 0.189140
0.60399 0.19089
0.604140 0.19241
0.60426 0.19361
0.60434 0.19443
0.6044 0.19481
*.*.Setup: Ga2.txt as Flap 1, Inverted: y, Scale = 1.0, AoA = 0.0, Reposition from (0,0) = (0, 0)*.*.
*.*.Setup: Ga2.txt as Flap 2, Inverted: y, Scale = 0.4, AoA = 27.0, Reposition from previous T.E. = (-0.0267, 0.07), Reposition from (0,0) = (0.9733, 0.0209)*.*.
*.*.Setup: Ga2.txt as Flap 3, Inverted: y, Scale = 0.4, AoA = 45.0, Reposition from previous T.E. = (-0.01, 0.07), Reposition from (0,0) = (1.3287, 0.2549)*.*.
*.*.Setup: Scale Ratio = 0.37185*.*.