0.36138 0.00749
0.360670 0.00667
0.35925 0.005080
0.35714 0.002730
0.35446 -0.0002
0.35135 -0.003520
0.34794 -0.007
0.34438 -0.01045
0.34078 -0.01369
0.33717 -0.01673
0.33354 -0.01958
0.3299 -0.02228
0.32625 -0.02485
0.32259 -0.02734
0.31893 -0.029740
0.31527 -0.03206
0.3116 -0.03430
0.307920 -0.03648
0.30424 -0.03858
0.30055 -0.04062
0.29686 -0.0426
0.293170 -0.04451
0.28947 -0.04638
0.28577 -0.04819
0.28206 -0.04994
0.27835 -0.051630
0.27464 -0.05327
0.27092 -0.05484
0.2672 -0.05634
0.26347 -0.05779
0.25974 -0.05919
0.25601 -0.06055
0.25227 -0.06188
0.24854 -0.06318000
0.2448 -0.06445
0.24105 -0.06569
0.23731 -0.06689
0.23356 -0.06804
0.229810 -0.06914
0.226060 -0.07019
0.2223 -0.0712
0.21854 -0.07216
0.21477 -0.073070
0.21101 -0.07395
0.20724 -0.07478
0.20346 -0.07557
0.19969 -0.07633
0.19591 -0.07704
0.19213 -0.07773
0.18835 -0.07837
0.18456 -0.07898
0.18077 -0.07955
0.176980 -0.08007
0.17318 -0.08055
0.16939 -0.08098
0.16558 -0.08136
0.16178 -0.0817
0.15797 -0.08199
0.15416 -0.08224
0.150350 -0.08244
0.14653 -0.08259
0.14271 -0.0827
0.13888 -0.08275
0.13506 -0.08275
0.13122 -0.08271
0.12739 -0.08262
0.12355 -0.0825
0.11971 -0.08233
0.11587 -0.08213
0.11202 -0.08189
0.108180 -0.08159
0.10432 -0.08122
0.10046 -0.08078
0.0966 -0.08025
0.09273 -0.07963
0.08885 -0.078930
0.08496 -0.07813
0.08107 -0.07726
0.077180 -0.07629
0.07328 -0.07522
0.06936 -0.07404
0.06544 -0.07272
0.06151 -0.07126
0.05757 -0.06965
0.05362 -0.06787
0.04966 -0.065940
0.04568 -0.06387
0.0417 -0.06165
0.03771 -0.0592800
0.03370 -0.05669
0.02967 -0.05382
0.02561 -0.05057
0.02153 -0.04689
0.01743 -0.04272
0.01347 -0.03820
0.00979 -0.03348
0.00658 -0.02872
0.00398 -0.02409
0.00214 -0.01972
0.00086 -0.01225
0.00142 -0.009340
0.0028 -0.00713
0.00496 -0.00567
0.00779 -0.004870
0.01112 -0.00460
0.01478 -0.00475
0.01861 -0.00517
0.02248 -0.00576
0.02636 -0.0065
0.03025 -0.00737
0.03415 -0.008360
0.03805 -0.00948
0.04197 -0.01071
0.04589 -0.01204
0.04981 -0.013440
0.05375 -0.01492
0.05768 -0.01646
0.06162 -0.01803
0.06556 -0.01963
0.0695 -0.02126
0.07344 -0.02289
0.07739 -0.02452
0.08133 -0.02613
0.08527 -0.02772
0.08921 -0.02929
0.09314 -0.03084
0.09708 -0.03235
0.10101 -0.033830
0.104940 -0.03528
0.10886 -0.03668
0.11279 -0.0380500
0.11671 -0.03938
0.12063 -0.04066
0.12454 -0.0419
0.12845 -0.04309
0.13236 -0.04424
0.13627 -0.04535
0.14017 -0.04640
0.144070 -0.04741
0.147960 -0.04837
0.15186 -0.04927
0.15574 -0.050120
0.15963 -0.05092
0.16351 -0.051670
0.16738 -0.05236
0.171260 -0.05299
0.17513 -0.05356
0.17899 -0.05407
0.182850 -0.05453
0.18671 -0.05493
0.19056 -0.05528
0.19441 -0.05559
0.19826 -0.05585
0.202100 -0.05607
0.20594 -0.05624
0.20977 -0.05634
0.2136 -0.05638
0.217430 -0.05635
0.22125 -0.05624
0.22507 -0.05607
0.22888 -0.05582
0.23269 -0.055510
0.23649 -0.05513
0.24028 -0.05468
0.24408 -0.05416
0.24786 -0.05356
0.25164 -0.05289
0.25542 -0.05215
0.25919 -0.05132
0.262960 -0.05041
0.26671 -0.04942
0.27047 -0.04835
0.27422 -0.04719
0.277960 -0.04594
0.28169 -0.0446
0.285420 -0.043160
0.28914 -0.04163
0.29285 -0.03999
0.29656 -0.03825
0.3002600 -0.03642
0.30395 -0.0345
0.307640 -0.0325
0.31133 -0.030420
0.315 -0.02827
0.31868 -0.02604
0.322340 -0.02374
0.32601 -0.02137
0.32966 -0.01892
0.33331 -0.016390
0.33696 -0.01374
0.34059 -0.01097
0.34421 -0.00804
0.3478 -0.00498
0.35124 -0.00192
0.35438 0.00096
0.35709 0.0035
0.35922 0.00553
0.36065 0.0069
0.36138 0.00749
-Inserting Flap Ga2-
0.49567 0.088380
0.49554 0.08797
0.49527 0.087160
0.49486 0.08597
0.49433 0.08447
0.4937 0.08277
0.49299 0.080950
0.49222 0.07912
0.4914 0.07737
0.49054 0.07569
0.48965 0.07407
0.48873 0.07251
0.48779 0.07099
0.48684 0.0695
0.48586 0.06804
0.48488 0.06662
0.48388 0.06522
0.48286 0.06384
0.48184 0.06249
0.4808 0.06117
0.47975 0.05986
0.47869 0.05858
0.47762 0.05731
0.47654 0.05607
0.47545 0.05484
0.47434 0.05364
0.47323 0.05246
0.472110 0.0513
0.47097 0.05016
0.46983 0.04905
0.46867 0.04795
0.46751 0.04687
0.46634 0.04579
0.465170 0.04473
0.46399 0.04368
0.46281 0.04264
0.46162 0.04161
0.46042 0.0406
0.45921 0.03961
0.45799 0.038630
0.45676 0.03768
0.45553 0.03673
0.45428 0.03581
0.45303 0.0349
0.451780 0.034
0.45051 0.03312
0.44924 0.03225
0.44796 0.0314
0.44667 0.03056
0.44538 0.02973
0.44408 0.02891
0.44278 0.02811
0.44146 0.02733
0.44014 0.02656
0.43881 0.02581
0.437470 0.02507
0.43612 0.02435
0.434760 0.02365
0.43340 0.02296
0.43203 0.02229
0.43065 0.02164
0.42925 0.021
0.427850 0.02038
0.42645 0.01979
0.4250300 0.01920
0.4236 0.018640
0.42217 0.01808
0.42073 0.01754
0.419280 0.01702
0.41783 0.01651
0.41637 0.01601
0.41489 0.01555
0.4134 0.01511
0.41189 0.01470
0.41037 0.01432
0.40883 0.01397
0.40728 0.01366
0.40571 0.01337
0.4041200 0.01312
0.40252 0.0129
0.4009 0.01273
0.39925 0.0126
0.39757 0.01252
0.39587 0.0125
0.39413 0.01254
0.39237 0.01263
0.39059 0.01277
0.38877 0.01297
0.38693 0.01321
0.385050 0.01354
0.38312 0.01397
0.38112 0.01453
0.37904 0.01525
0.37688 0.01614
0.37471 0.01719
0.37262 0.01835
0.3706900 0.0196
0.36901 0.0209
0.36766 0.02222
0.36601 0.02477
0.36577 0.02593
0.36593 0.02696
0.3665 0.02784
0.36741 0.02857
0.36860 0.02919
0.36997 0.02971
0.37144 0.03015
0.37296 0.03054
0.37451 0.03088
0.37607 0.03116
0.37766 0.0314
0.37928 0.03160
0.38091 0.03176
0.382560 0.03189
0.38423 0.03198
0.38591 0.03205
0.38759 0.0321
0.389290 0.03214
0.39099 0.03216
0.3927 0.03218
0.3944 0.0322
0.39611 0.03222
0.39781 0.03224
0.39951 0.03227
0.40121 0.0323
0.4029 0.03235
0.40458 0.03241
0.40626 0.03248
0.40794 0.03256
0.40960 0.03265
0.41126 0.03277
0.41291 0.03289
0.41455 0.033030
0.41619 0.03319
0.41782 0.03336
0.41944 0.03354
0.42105 0.03375
0.42265 0.03397
0.42424 0.03421
0.42582 0.03447
0.4274 0.03474
0.4289600 0.035030
0.43052 0.03535
0.43206 0.03568
0.43360 0.03603
0.43512 0.0364
0.43664 0.0368
0.43814 0.03721
0.43963 0.03765
0.44111 0.0381
0.442590 0.03858
0.444050000 0.03906
0.44551 0.0395700
0.44696 0.04009
0.4484 0.04063
0.44983 0.04119
0.45125 0.04177
0.452650 0.04238
0.45404 0.04302
0.45542 0.043680
0.45678 0.044370
0.45814 0.04508
0.45948 0.04581
0.4608 0.04657
0.46212 0.04735
0.46342 0.04816
0.46471 0.049
0.46598 0.049870
0.46724 0.05076
0.468480 0.05168
0.46971 0.05264
0.47093 0.05362
0.47213 0.05463
0.47331 0.05567
0.47447 0.05675
0.47562 0.05786
0.47675 0.05901
0.47786 0.06019
0.47896 0.06141
0.48003 0.06267
0.48109 0.06395
0.48214 0.06526
0.48317 0.0666
0.48419 0.06797
0.48519 0.06937
0.48618 0.07079
0.48716 0.07223
0.48812 0.0737
0.48907 0.07521
0.49 0.07675
0.4909 0.07834
0.49178 0.07998
0.49262 0.08167
0.49341 0.08334
0.49412 0.08489
0.49472 0.0862500
0.49518 0.08733
0.4955 0.08805
0.49567 0.088380
-Inserting Flap Ga2-
0.61724 0.20714
0.61725 0.20671
0.61723 0.20585
0.61721 0.20459
0.61717 0.203
0.61710 0.20119
0.61699 0.19924
0.61682 0.19727
0.61658 0.19534
0.616290 0.19348
0.61594 0.19166
0.61555 0.18989
0.615130 0.18816
0.61468 0.18645
0.6142 0.18476
0.6137 0.1831
0.61318 0.18146
0.61264 0.17984
0.61208 0.178240
0.61151 0.17666
0.61091 0.175090
0.61030 0.17354
0.60967 0.17201
0.60903 0.17049
0.60837 0.16899
0.60769 0.16751
0.607 0.16604
0.60629 0.16459
0.60556 0.16316
0.60482 0.16174
0.60406 0.160340
0.60329 0.158950
0.60251 0.15757
0.60172 0.156190
0.60093 0.15483
0.60012 0.15347
0.59931 0.15213
0.59848 0.1508
0.59764 0.14948
0.59678 0.14818
0.59591 0.14689
0.59502 0.14561
0.59413 0.14435
0.59322 0.1431
0.59230 0.14185
0.59137 0.14063
0.59043 0.13941
0.58947 0.1382
0.58851 0.137
0.58754 0.13581
0.58656 0.13464
0.58556 0.13347
0.58455 0.13232
0.583530 0.13118
0.5825 0.13005
0.58145 0.12894
0.58039 0.12784
0.57932 0.12675
0.57824 0.12567
0.57714 0.12461
0.57602 0.12356
0.57490 0.12253
0.57376 0.12151
0.5726 0.12051
0.57143 0.11951
0.57025 0.118530
0.56906 0.11756
0.56786 0.11661
0.56665 0.11566
0.56542 0.11472
0.56418 0.1138
0.56292 0.1129
0.56164 0.11202
0.56034 0.11117
0.559 0.11034
0.557650 0.10954
0.55627 0.10876
0.55486 0.108
0.55343 0.10727
0.55198 0.10657
0.55048 0.1059
0.54896 0.105270
0.54739 0.10468
0.54577 0.10413
0.54411 0.10363
0.54241 0.10317
0.54067 0.102750
0.53888 0.102380
0.53705 0.102050
0.53516 0.10177
0.53319 0.10159
0.53112 0.1015
0.52892 0.10154
0.52659 0.10172
0.5242 0.10205
0.521860 0.10251
0.51964 0.1031
0.51764 0.10382
0.51594 0.10466
0.51359 0.1065700
0.51299 0.1076
0.51283 0.10863
0.5131 0.10964
0.51374 0.11062
0.51468 0.11157
0.51582 0.11249
0.51709 0.11337
0.518410 0.11421
0.51978 0.115
0.52118 0.11576
0.52262 0.11648
0.52409 0.11717
0.52559 0.117830
0.52713 0.11845
0.52868 0.11906
0.53026 0.119650
0.531850 0.12022
0.53345 0.12077
0.53506 0.12132
0.53667 0.12187
0.53829 0.12241
0.53991 0.12295
0.54152 0.1235
0.54313 0.12405
0.54473 0.12461
0.54633 0.12518
0.54791 0.125750
0.54949 0.126340
0.55105 0.12693
0.55261 0.12754
0.55415 0.12816
0.55568 0.12879
0.5572 0.12943
0.55871 0.13008
0.5602 0.13075
0.56168 0.13142
0.56315 0.13212
0.56461 0.13282
0.56605 0.1335400
0.56747 0.13427
0.568890 0.13502
0.57028 0.13579
0.57167 0.136560
0.57303 0.13736
0.574390 0.138170
0.57572 0.13899
0.57704 0.13983
0.57834 0.14069
0.57962 0.14157
0.58089 0.14246
0.58215 0.14336
0.58339 0.14428
0.58462 0.14521
0.58584 0.14615
0.58704 0.147110
0.58823 0.148090
0.58939 0.14908
0.590540 0.15009
0.59167 0.15113
0.59277 0.15218
0.59386 0.15326
0.59493 0.15435
0.59597 0.15546
0.597 0.1566
0.59801 0.15775
0.599 0.15892
0.59996 0.160120
0.60091 0.161330
0.60183 0.16257
0.60273 0.16383
0.6036 0.16512
0.60445 0.16643
0.60528 0.16776
0.60608 0.16912
0.60686 0.1705
0.6076 0.17192
0.608320 0.17336
0.60902 0.17483
0.60968 0.17632
0.61032 0.17785
0.61093 0.1794
0.61152 0.18097
0.61208 0.18256
0.61263 0.18418
0.61315 0.18581
0.61366 0.18747
0.61414 0.18915
0.6146 0.19084
0.61504 0.19257
0.61544 0.19432
0.61581 0.19611
0.61614 0.19795
0.61642 0.19981
0.61665 0.20164
0.61684 0.20333
0.61699 0.20481
0.61711 0.20598
0.617180 0.20677
0.61724 0.20714
*.*.Setup: Ga2.txt as Flap 1, Inverted: y, Scale = 1.0, AoA = 4.0, Reposition from (0,0) = (0, 0)*.*.
*.*.Setup: Ga2.txt as Flap 2, Inverted: y, Scale = 0.4, AoA = 27.0, Reposition from previous T.E. = (0.0067, 0.06), Reposition from (0,0) = (1.0077, 0.0807)*.*.
*.*.Setup: Ga2.txt as Flap 3, Inverted: y, Scale = 0.4, AoA = 45.0, Reposition from previous T.E. = (0.04, 0.06), Reposition from (0,0) = (1.413, 0.3048)*.*.
*.*.Setup: Scale Ratio = 0.36102*.*.