0.3685800000 -0.01811
0.3678 -0.0189
0.36624 -0.02042
0.36393 -0.02266
0.36099 -0.02545
0.35759 -0.0286
0.35387 -0.03191
0.35 -0.03517
0.3461 -0.03822
0.34220 -0.04105
0.3383 -0.04369
0.3344 -0.04618
0.3305 -0.04855
0.3266 -0.05082
0.32271 -0.053
0.31881 -0.05511
0.31491 -0.05713
0.31101 -0.05908
0.30711 -0.06096
0.30321 -0.06277
0.29931 -0.06453
0.29541 -0.06622
0.29151 -0.06785
0.28761 -0.06943
0.28372 -0.070950
0.27982 -0.07241
0.275920 -0.07381
0.27202 -0.07514
0.26812 -0.07641
0.26422 -0.07762
0.26032 -0.07878
0.25642 -0.0799
0.252520 -0.08099
0.24863 -0.08205
0.24473 -0.083080
0.24083 -0.08407
0.23693 -0.08502
0.23303 -0.08593
0.229130 -0.08679
0.22523 -0.087590
0.22133 -0.08835
0.21743 -0.08906
0.21353 -0.08972
0.20964 -0.09034
0.20574 -0.09092
0.20184 -0.09146
0.19794 -0.09196
0.19404 -0.09242
0.19014 -0.09285
0.18624 -0.09324
0.18234 -0.09358
0.17844 -0.09389
0.17454 -0.09415
0.17065 -0.09437
0.16675 -0.09454
0.16285 -0.09466
0.15895 -0.09473
0.15505 -0.09476
0.15115 -0.09474
0.14725 -0.09467
0.14335 -0.09456
0.139450 -0.09439
0.13555 -0.09417
0.13166 -0.0939
0.12776 -0.09358
0.12386 -0.09322
0.11996 -0.09282
0.116060 -0.09238
0.11216 -0.0919
0.10826 -0.09138
0.10436 -0.0908
0.10046 -0.090150
0.09656 -0.089430
0.092670 -0.08861
0.08877 -0.08771
0.08487 -0.08671
0.08097 -0.08563
0.07707 -0.08446
0.07317 -0.08319
0.06927 -0.08183
0.06537 -0.08035
0.06147 -0.07873
0.05758 -0.0769600
0.05368 -0.07503
0.04978 -0.0729400
0.04588 -0.07070
0.04198 -0.0683
0.03808 -0.06576
0.03418 -0.06306
0.03028 -0.06014
0.026380 -0.05692
0.02248 -0.053330
0.01859 -0.04929
0.01471 -0.04475
0.011 -0.03986
0.00759 -0.0348
0.00465 -0.02972
0.00234 -0.02481
0.00078 -0.02024
0.000000 -0.01254
0.00078 -0.00962
0.00234 -0.00746
0.00465 -0.00612
0.00759 -0.00551
0.011 -0.00548
0.01471 -0.00589
0.01859 -0.00659
0.02248 -0.00747
0.026380 -0.00849
0.03028 -0.00966
0.03418 -0.01095
0.03808 -0.01237
0.04198 -0.0139
0.04588 -0.01553
0.04978 -0.01724
0.05368 -0.01903
0.05758 -0.02087
0.06147 -0.02275
0.06537 -0.02467
0.06927 -0.0266
0.07317 -0.02854
0.07707 -0.03048
0.08097 -0.0324
0.08487 -0.03431
0.08877 -0.03619
0.092670 -0.03804
0.09656 -0.03987
0.10046 -0.04165
0.10436 -0.0434
0.10826 -0.04512
0.11216 -0.04679
0.116060 -0.04842
0.11996 -0.05
0.12386 -0.051540
0.12776 -0.05304
0.13166 -0.05449
0.13555 -0.055890
0.139450 -0.0572400
0.14335 -0.05854
0.14725 -0.0598
0.15115 -0.061
0.15505 -0.06214
0.15895 -0.06323
0.16285 -0.06427
0.16675 -0.06525
0.17065 -0.06616
0.17454 -0.06702
0.17844 -0.06782
0.18234 -0.06855
0.18624 -0.069240
0.19014 -0.069870
0.19404 -0.07046
0.19794 -0.07101
0.20184 -0.07150
0.20574 -0.07194
0.20964 -0.07232
0.21353 -0.07264
0.21743 -0.07287
0.22133 -0.07304
0.22523 -0.07313
0.229130 -0.07315
0.23303 -0.07311
0.23693 -0.07299
0.24083 -0.0728
0.24473 -0.072540
0.24863 -0.0722
0.252520 -0.07179
0.25642 -0.0713
0.26032 -0.07073
0.26422 -0.07007
0.26812 -0.06933
0.27202 -0.0685
0.275920 -0.06759
0.27982 -0.06659
0.28372 -0.06549
0.28761 -0.06429
0.29151 -0.06299
0.29541 -0.06158
0.29931 -0.06008
0.30321 -0.05848
0.30711 -0.05679
0.31101 -0.05501
0.31491 -0.05316
0.31881 -0.051230
0.32271 -0.04922
0.3266 -0.04714
0.3305 -0.04498
0.3344 -0.04275
0.3383 -0.04043
0.34220 -0.03799
0.3461 -0.03542
0.35 -0.03270
0.35387 -0.02984
0.35759 -0.02697
0.36099 -0.02426
0.36393 -0.02186
0.36624 -0.019950
0.3678 -0.01866
0.3685800000 -0.01811
-Inserting Flap Ga2-
0.48112 0.07185
0.48099 0.07143
0.48071 0.07061
0.48029 0.06939
0.47975 0.06786
0.47911 0.06612
0.47838 0.06426
0.4776 0.0624
0.476760 0.06061
0.47588 0.05889
0.47497 0.05724
0.47404 0.05564
0.4730800 0.05409
0.4721 0.05257
0.47111 0.05109
0.47010 0.04963
0.46908 0.0482
0.46804 0.0468
0.46699 0.04542
0.46593 0.044060
0.46486 0.04273
0.46378 0.04142
0.46269 0.04013
0.46158 0.03886
0.46047 0.037610
0.45935 0.03638
0.45821 0.03517
0.45706 0.033990
0.4559 0.03283
0.45473 0.03169
0.45356 0.030570
0.45237 0.02946
0.45118 0.02837
0.44998 0.02728
0.44878 0.02621
0.44757 0.02515
0.44635 0.0241
0.44513 0.02307
0.44389 0.02205
0.44265 0.02106
0.4414 0.02008
0.44014 0.01912
0.43887 0.01818
0.43759 0.01725
0.4363 0.01633
0.43501 0.01543
0.43371 0.01455
0.43241 0.01367
0.4311 0.01281
0.42978 0.01197
0.42845 0.01113
0.42712 0.010320
0.42577 0.00952
0.4244200 0.00873
0.42307 0.00796
0.4217 0.00721
0.42032 0.00648
0.41894 0.00576
0.41754 0.00506
0.41614 0.00437
0.41473 0.00371
0.41331 0.00306
0.41188 0.00243
0.41044 0.00182
0.409 0.00122
0.40754 0.00064
0.40608 8e-05
0.40461 -0.00047
0.40313 -0.00101
0.40165 -0.00153
0.40015 -0.00203
0.398650 -0.00251
0.39712 -0.00296
0.39559 -0.00338
0.39403 -0.00376
0.39246 -0.00412
0.39088 -0.00444
0.38927 -0.00473
0.38765 -0.00499
0.38602 -0.00521
0.38436 -0.005390
0.382670 -0.00552
0.38096 -0.0056
0.37922 -0.00562
0.377460 -0.00558
0.37566 -0.00549
0.37383 -0.00534
0.371980 -0.00515
0.37010 -0.00489
0.36818 -0.00456
0.36621 -0.00412
0.36417 -0.00355
0.36204 -0.00282
0.35984 -0.0019
0.35763 -0.00084
0.35549 0.00035
0.35352 0.00163
0.35181 0.002960
0.35042 0.0043
0.34875 0.00691
0.34849 0.00809
0.34866 0.00914
0.34924 0.01004
0.35018 0.01079
0.35138 0.01142
0.35278 0.01195
0.35429 0.0124
0.35584 0.0128
0.35741 0.01314
0.35902 0.01343
0.36064 0.01368
0.36229 0.01388
0.36395 0.01405
0.36564 0.01417
0.36734 0.01427
0.36905 0.01434
0.37078 0.01439
0.37251 0.01443
0.37425 0.01446
0.37599 0.01447
0.37773 0.01449
0.37947 0.014510
0.38121 0.01453
0.38295 0.01456
0.38468 0.0146
0.3864 0.01464
0.38812 0.0147
0.38984 0.01477
0.39155 0.014860
0.39325 0.01496
0.39494 0.01507
0.39663 0.0152
0.3983 0.01534
0.39997 0.0155
0.40163 0.01567
0.403290 0.01586
0.404930 0.01607
0.40657 0.0163
0.40819 0.016540
0.40981 0.01680
0.41142 0.01708
0.41301 0.01738
0.4146 0.01770
0.41618 0.018040
0.41775 0.0184
0.4193 0.01878
0.42085 0.01919
0.42238 0.01961
0.42391 0.020050
0.42542 0.02052
0.42692 0.021
0.42842 0.02150
0.429910 0.02201
0.43139 0.02254
0.43286 0.0231
0.434320 0.02367
0.43576 0.02426
0.4372 0.02489
0.43862 0.02554
0.44002 0.02621
0.4414200 0.02691
0.4428 0.02764
0.44417 0.02839
0.44552 0.02916
0.44686 0.02996
0.44819 0.03079
0.44951 0.03165
0.45081 0.03253
0.45209 0.03344
0.45336 0.03438
0.45462 0.03535
0.455860 0.03636
0.4570800 0.03739
0.45829 0.03846
0.45948 0.03956
0.46065 0.04069
0.4618 0.04186
0.462940 0.043070
0.46405 0.04432
0.46515000 0.0456
0.46624 0.04691
0.4673 0.04825
0.468360 0.04962
0.4694 0.0510100
0.470420 0.05244
0.47143 0.05389
0.47243 0.05536
0.47341 0.05686
0.47438 0.0584
0.47533 0.05998
0.47625 0.0616
0.47715 0.06328
0.478010 0.065
0.478810 0.0667
0.47953 0.068280
0.48015 0.06967
0.480620 0.07077
0.48094 0.07152
0.48112 0.07185
-Inserting Flap Ga2-
0.60524 0.20047
0.60524 0.20003
0.605230 0.19916
0.60521 0.19787
0.60517 0.19625
0.6051 0.19439
0.60498 0.19240
0.60481 0.19039
0.60457 0.18842
0.60426 0.18652
0.60391 0.18467
0.60351 0.18286
0.60308 0.181090
0.60262 0.17934
0.60213 0.17762
0.60162 0.17593
0.60109 0.17425
0.60054 0.1726
0.59997 0.17096
0.59938 0.169350
0.59877 0.16775
0.59815 0.16617
0.59751 0.1646
0.59685 0.16305
0.59618 0.16152
0.59549 0.16
0.59478 0.1585
0.59406 0.15702
0.59331 0.15556
0.59255 0.15412
0.59178 0.15269
0.59099 0.15127
0.5902 0.14986
0.58939 0.14846
0.58858 0.14706
0.58776 0.14568
0.58693 0.14431
0.58608 0.14295
0.58522 0.1416
0.58434 0.14027
0.58346 0.13895
0.58255 0.13765
0.58164 0.13636
0.580710 0.13508
0.57977 0.13382
0.57882 0.13256
0.57786 0.13132
0.57689 0.13008
0.57591 0.12886
0.574910 0.12765
0.57391 0.12644
0.57289 0.12526
0.57186 0.12408
0.57082 0.12291
0.56977 0.12176
0.5687 0.12063
0.56762 0.1195
0.56652 0.118390
0.56541 0.1173
0.56429 0.11621
0.56316 0.115140
0.56201 0.11409
0.56084 0.11305
0.55966 0.11202
0.55847 0.11101
0.55727 0.11001
0.55605 0.10902
0.55482 0.10804
0.55358 0.10707
0.55233 0.10612
0.55107 0.10518
0.5497800 0.10426
0.54847 0.10336
0.54714 0.10249
0.54578 0.10164
0.5444 0.10082
0.54299 0.10002
0.54155 0.09925
0.54009 0.09851
0.5386 0.09779
0.53708 0.09711
0.53552 0.09646
0.53392 0.09586
0.53227 0.0953
0.53058 0.09479
0.52884 0.09432
0.52706 0.09389
0.525240 0.09351
0.52337 0.09317
0.52144 0.09289
0.51943 0.0927
0.51731 0.09262
0.51506 0.09266
0.51268 0.09284
0.51025 0.09317
0.50785 0.09365
0.50559 0.09425
0.50355 0.09498
0.50181 0.09584
0.49941 0.09779
0.49881 0.09884
0.49864 0.09989
0.49891 0.10092
0.499570 0.10193
0.50053 0.1029
0.50169 0.10384
0.50299 0.10473
0.50434 0.10559
0.505730 0.1064
0.50716 0.10717
0.50863 0.107910
0.51013 0.10861
0.51167 0.10928
0.51323 0.10993
0.51482 0.11054
0.51643 0.11114
0.51805 0.11172
0.51969 0.11229
0.521330 0.11285
0.52298 0.11341
0.52463 0.11396
0.52629 0.11452
0.52793 0.11508
0.52957 0.11564
0.53121 0.11621
0.53284 0.116790
0.53445 0.11738
0.53606 0.11797
0.53766 0.11858
0.53925 0.1192
0.54082 0.11983
0.54239 0.12047
0.543940 0.12113
0.54548 0.12179
0.547 0.12247
0.54851 0.12317
0.55001 0.12387
0.5515 0.12459
0.55297 0.12533
0.55443 0.12608
0.55587 0.12684
0.5573 0.12762
0.55871 0.12841
0.5601 0.12922
0.56148 0.13005
0.56285 0.13089
0.56419 0.13175
0.5655200 0.13263
0.56683 0.13352
0.56813 0.13443
0.56941 0.13536
0.57068 0.13629
0.57193 0.13724
0.573180 0.1382
0.57441 0.13918
0.57562 0.14018
0.57681 0.14119
0.57798 0.14223
0.579130 0.143280
0.58026 0.14436
0.58136 0.14546
0.58245 0.14657
0.583520 0.14771
0.58457 0.14886
0.5856 0.15004
0.58661 0.15124
0.5876 0.15246
0.58856 0.1537
0.5895 0.15497
0.59042 0.15625
0.59131 0.15757
0.59218 0.1589
0.59302 0.160260
0.59384 0.16165
0.59464 0.16306
0.5954 0.164510
0.59613 0.165980
0.59684 0.167480
0.59752 0.16901
0.59817 0.17056
0.59879 0.17214
0.59939 0.17375
0.599970 0.17537
0.60053 0.17702
0.60106 0.17869
0.60158 0.18039
0.60207 0.1821
0.60254 0.18383
0.60299 0.18559
0.6034 0.18738
0.60378 0.18921
0.60411 0.19108
0.60440 0.19299
0.604640 0.194850
0.604830 0.19658
0.60498 0.19809
0.6051 0.19929
0.60517 0.20009
0.60524 0.20047
*.*.Setup: Ga2.txt as Flap 1, Inverted: y, Scale = 1.0, AoA = 0.0, Reposition from (0,0) = (0, 0)*.*.
*.*.Setup: Ga2.txt as Flap 2, Inverted: y, Scale = 0.4, AoA = 27.0, Reposition from previous T.E. = (-0.06, 0.08), Reposition from (0,0) = (0.94, 0.0309)*.*.
*.*.Setup: Ga2.txt as Flap 3, Inverted: y, Scale = 0.4, AoA = 45.0, Reposition from previous T.E. = (0.04, 0.08), Reposition from (0,0) = (1.3453, 0.2749)*.*.
*.*.Setup: Scale Ratio = 0.36858*.*.