0.3821400000 -0.01878
0.38133 -0.01959
0.37972 -0.02117
0.37732 -0.02349
0.37427 -0.02639
0.37074 -0.02966
0.36689 -0.03308
0.36287 -0.03646
0.35883 -0.03962
0.354790 -0.04256
0.35075 -0.0453
0.3467 -0.04788
0.34266 -0.05033
0.33862 -0.05269
0.33458 -0.05495
0.33053 -0.05713
0.32649 -0.05923
0.32245 -0.06125
0.31841 -0.0632
0.31436 -0.06508
0.31032 -0.0669
0.30628 -0.06865
0.30224 -0.07034
0.29819 -0.07198
0.29415 -0.073560
0.29011 -0.07507
0.286070 -0.07652
0.28202 -0.07791
0.27798 -0.07922
0.27394 -0.08048
0.2699 -0.08168
0.26585 -0.08284
0.261810 -0.08396
0.25777 -0.08506
0.25373 -0.086130
0.24969 -0.08716
0.24564 -0.08815
0.2416 -0.08909
0.237560 -0.08998
0.23352 -0.090810
0.22947 -0.0916
0.22543 -0.09233
0.22139 -0.09302
0.21735 -0.09366
0.2133 -0.09426
0.20926 -0.09482
0.20522 -0.09534
0.20118 -0.09582
0.19713 -0.09626
0.19309 -0.09666
0.18905 -0.09703
0.18501 -0.09734
0.18096 -0.09762
0.17692 -0.09784
0.17288 -0.09801
0.16884 -0.09814
0.1648 -0.09822
0.16075 -0.09824
0.15671 -0.09822
0.15267 -0.09815
0.14863 -0.09803
0.144580 -0.09786
0.14054 -0.09763
0.1365 -0.09736
0.13246 -0.09703
0.12841 -0.09665
0.12437 -0.09623
0.120330 -0.09577
0.11629 -0.09528
0.11224 -0.09474
0.1082 -0.09414
0.10416 -0.093470
0.10012 -0.092720
0.096070 -0.09187
0.09203 -0.09093
0.08799 -0.0899
0.08395 -0.08878
0.0799 -0.08756
0.07586 -0.08625
0.07182 -0.08484
0.06778 -0.0833
0.06374 -0.08162
0.05969 -0.0797900
0.05565 -0.07779
0.05161 -0.0756300
0.04757 -0.07330
0.04352 -0.07081
0.03948 -0.06818
0.03544 -0.06538
0.0314 -0.06235
0.027350 -0.05902
0.02331 -0.055290
0.01927 -0.0511
0.01525 -0.0464
0.0114 -0.04133
0.00787 -0.03607
0.00482 -0.03081
0.00243 -0.02573
0.00081 -0.02098
0.000000 -0.013
0.00081 -0.00997
0.00243 -0.00773
0.00482 -0.00635
0.00787 -0.00571
0.0114 -0.00568
0.01525 -0.0061
0.01927 -0.00683
0.02331 -0.00774
0.027350 -0.00881
0.0314 -0.01001
0.03544 -0.01135
0.03948 -0.01282
0.04352 -0.01441
0.04757 -0.0161
0.05161 -0.01787
0.05565 -0.01973
0.05969 -0.02164
0.06374 -0.02359
0.06778 -0.02557
0.07182 -0.02758
0.07586 -0.02959
0.0799 -0.0316
0.08395 -0.03359
0.08799 -0.03557
0.09203 -0.03752
0.096070 -0.03944
0.10012 -0.04133
0.10416 -0.04319
0.1082 -0.045
0.11224 -0.04677
0.11629 -0.04851
0.120330 -0.0502
0.12437 -0.05184
0.12841 -0.053440
0.13246 -0.05499
0.1365 -0.05649
0.14054 -0.057940
0.144580 -0.0593500
0.14863 -0.0607
0.15267 -0.062
0.15671 -0.06324
0.16075 -0.06443
0.1648 -0.06556
0.16884 -0.06663
0.17288 -0.06765
0.17692 -0.0686
0.18096 -0.06949
0.18501 -0.07031
0.18905 -0.07108
0.19309 -0.071790
0.19713 -0.072440
0.20118 -0.07305
0.20522 -0.07362
0.20926 -0.074130
0.2133 -0.07459
0.21735 -0.07498
0.22139 -0.07531
0.22543 -0.07555
0.22947 -0.07573
0.23352 -0.07582
0.237560 -0.07585
0.2416 -0.0758
0.24564 -0.07567
0.24969 -0.07548
0.25373 -0.075210
0.25777 -0.07486
0.261810 -0.07443
0.26585 -0.07392
0.2699 -0.07333
0.27394 -0.07265
0.27798 -0.07188
0.28202 -0.07102
0.286070 -0.07008
0.29011 -0.06903
0.29415 -0.06789
0.29819 -0.06665
0.30224 -0.0653
0.30628 -0.06385
0.31032 -0.06229
0.31436 -0.06063
0.31841 -0.05887
0.32245 -0.05703
0.32649 -0.05511
0.33053 -0.053110
0.33458 -0.05103
0.33862 -0.04887
0.34266 -0.04664
0.3467 -0.04432
0.35075 -0.04191
0.354790 -0.03939
0.35883 -0.03673
0.36287 -0.033910
0.36689 -0.03094
0.37074 -0.02797
0.37427 -0.02515
0.37732 -0.02267
0.37972 -0.020690
0.38133 -0.01935
0.3821400000 -0.01878
-Inserting Flap Ga2-
0.511290 0.09014
0.51122 0.08969
0.51109 0.0888
0.51088 0.08748
0.5106 0.085820
0.51026 0.08392
0.509860 0.0819
0.50939 0.07986
0.50886 0.077870
0.50827 0.07596
0.507640 0.07411
0.50697 0.07232
0.50627 0.07056
0.50555 0.06883
0.5048 0.06714
0.50403 0.06547
0.50325 0.06382
0.50244 0.06220
0.50162 0.06061
0.500780 0.05904
0.49993 0.05748
0.49906 0.05595
0.49817 0.05443
0.49728 0.05294
0.49636 0.05146
0.49544 0.05
0.4945 0.04857
0.49354 0.04715
0.49256 0.04576
0.49157 0.04439
0.49057 0.04303
0.48956 0.04169
0.48854 0.04035
0.48751 0.03903
0.486480 0.03771
0.4854300 0.03641
0.48438 0.03512
0.48332 0.03385
0.48224 0.03259
0.48115 0.03135
0.48004 0.03013
0.47893 0.02892
0.4778 0.02773
0.47667 0.02655
0.475520 0.025390
0.47436 0.02423
0.4732 0.0231
0.47202 0.02197
0.47084 0.02085
0.46964 0.01975
0.46844 0.018660
0.46722 0.01759
0.466 0.01653
0.46476 0.01549
0.46351 0.014460
0.46225 0.01344
0.46098 0.01245
0.45969 0.01146
0.4584 0.0105
0.45709 0.009550
0.45577 0.00861
0.45443 0.00769
0.45309 0.00679
0.45173 0.00591
0.45036 0.005040
0.44898 0.00419
0.44759 0.00335
0.44618 0.00252
0.44477 0.00171
0.44335 0.000910
0.441920 0.00012
0.44046 -0.000630
0.43899 -0.00137
0.4375 -0.00207
0.43598 -0.002740
0.43444 -0.00339
0.43288 -0.004
0.43129 -0.00459
0.42969 -0.00514
0.42805 -0.00566
0.4263900 -0.00614
0.4247 -0.00658
0.42297 -0.00697
0.42119 -0.0073
0.41938 -0.00759
0.41753 -0.007810
0.41564 -0.007990
0.41371 -0.00813
0.41175 -0.0082
0.409730 -0.00821
0.407630 -0.00812
0.40545 -0.0079
0.40314 -0.00753
0.40073 -0.007
0.39828 -0.00631
0.395890 -0.00548
0.393650 -0.00453
0.3916600 -0.00348
0.390 -0.002360
0.38782 -0.000004
0.38735 0.00116
0.38733 0.00226
0.38776 0.00328
0.38858 0.00422
0.3897 0.00508
0.39103 0.00587
0.39249 0.00661
0.394 0.00729
0.39555 0.007920
0.397130 0.00851
0.39874 0.00905
0.40039 0.00956
0.40206 0.01003
0.40376 0.01046
0.40548 0.01086
0.40722 0.01125
0.40897 0.01161
0.41073 0.01196
0.4125 0.0123
0.41427 0.01263
0.41605 0.01296
0.417820 0.013290
0.41959 0.01363
0.42136 0.01397
0.42312 0.014320
0.42488 0.014680
0.42662 0.01505
0.42836 0.01543
0.43009 0.01582
0.43181 0.01623
0.43351 0.01665
0.43521 0.01708
0.4369 0.017530
0.43858 0.01799
0.44024 0.01847
0.441890 0.01896
0.44353 0.01947
0.44516 0.02
0.44678 0.02054
0.44838 0.0211
0.44997 0.02167
0.45155 0.02227
0.45311 0.02288
0.45466 0.02351
0.4562 0.02416
0.45772 0.02483
0.45923 0.025520
0.46072 0.02623
0.46219 0.02695
0.46365 0.0277
0.4651 0.02846
0.46654 0.02924
0.46797 0.03003
0.46938 0.03084
0.47079 0.03167
0.47217 0.03252
0.47354 0.03339
0.47489 0.03428
0.4762200 0.0352
0.477540 0.03614
0.47884 0.03711
0.48012 0.0381
0.48138 0.03911
0.48262 0.040140
0.483850 0.0412
0.485060 0.042290
0.48624 0.0434
0.48741 0.04453
0.48856 0.0457
0.48969 0.04689
0.49079 0.04811
0.49188 0.04935
0.49294 0.05063
0.49398 0.05193
0.495 0.05327
0.49599 0.05464
0.49696 0.05605
0.4979 0.05748
0.49882 0.05896
0.49971 0.060460
0.50058 0.06199
0.50143 0.06355
0.50225 0.06514
0.50306 0.06675
0.50385 0.06839
0.50463 0.07005
0.50538 0.07174
0.50611 0.07345
0.50683 0.07519
0.50751 0.07697
0.508160 0.078800
0.50877 0.08067
0.50934 0.08259
0.50986 0.08446
0.51031 0.08621
0.51068 0.08774
0.51097 0.08895
0.51116 0.08977
0.511290 0.09014
-Inserting Flap Ga2-
0.60175 0.21585
0.60176 0.21539
0.60174 0.21448
0.60172 0.21315
0.6016800 0.21147
0.60161 0.20955
0.601490 0.20749
0.60131 0.20539
0.60106 0.20336
0.60074 0.20138
0.60038 0.19947
0.59996 0.19759
0.59951 0.19575
0.59904 0.193940
0.59853 0.19216
0.59801 0.1904
0.59746 0.18866
0.59688 0.18695
0.59629 0.185250
0.59568 0.18358
0.595050 0.18192
0.5944 0.180280
0.59374 0.17866
0.59306 0.17705
0.59236 0.17546
0.59165 0.17389
0.59091 0.17234
0.59016 0.1708
0.58939 0.16929
0.5886 0.16779
0.5878 0.16631
0.58698 0.16484
0.58616 0.16337
0.58533 0.16192
0.58448 0.16048
0.58363 0.15904
0.58277 0.15762
0.58189 0.156210
0.581 0.15481
0.58009 0.15343
0.579170 0.152070
0.57823 0.15072
0.577290 0.14938
0.57632 0.14805
0.57535 0.14674
0.57436 0.14544
0.57337 0.14415
0.57236 0.142870
0.57134 0.14160
0.57031 0.140350
0.569270 0.1391000
0.56822 0.13787
0.56715 0.136650
0.56607 0.13544
0.56498 0.13425
0.56387 0.13307
0.56275 0.1319
0.56161 0.13075
0.560460 0.12961
0.5593 0.12849
0.55812 0.12738
0.55693 0.12629
0.55572 0.12521
0.5545 0.12414
0.55326 0.12309
0.55202 0.12206
0.550750 0.12103
0.54948 0.12002
0.5482 0.11901
0.5469 0.11802
0.54559 0.11705
0.54425 0.1161
0.5429 0.11517
0.54152 0.11426
0.54011 0.11338
0.53867 0.11253
0.53721 0.11171
0.53572 0.11091
0.53421 0.11013
0.53267 0.10939
0.531090 0.1086800
0.52947 0.108010
0.52781 0.10739
0.5261 0.10681
0.52434 0.10628
0.52254 0.10579
0.5207 0.105350
0.51881 0.10495
0.516870 0.1046
0.51487 0.10432
0.51279 0.10412
0.51059 0.10403
0.50826 0.10407
0.5058 0.10426
0.50327 0.10461
0.50079 0.10509
0.49844 0.10572
0.49632 0.10648
0.49452 0.10737
0.492030 0.10940
0.49141 0.11048
0.49123 0.11157
0.49152 0.11264
0.4922 0.11368
0.49319 0.11469
0.4944 0.11566
0.49574 0.11659
0.49714 0.11747
0.49859 0.11832
0.50007 0.11912
0.50159 0.11988
0.50315 0.12061
0.50474 0.12131
0.506360 0.12197
0.50801 0.12261
0.509680 0.12323
0.51136 0.12384
0.51306 0.12443
0.51476 0.12501
0.516470 0.12559
0.51818 0.12616
0.5199 0.12673
0.5216 0.12731
0.52331 0.1279
0.525 0.12849
0.52669 0.12909
0.52837 0.1297
0.53003 0.13032
0.53169 0.13095
0.53333 0.13159
0.53497 0.13224
0.53659 0.13291
0.5382 0.13359
0.53979 0.13428
0.54138 0.13498
0.54294 0.1357
0.5445 0.13643
0.54604 0.13718
0.54756 0.137940
0.54907 0.13872
0.55057 0.13951
0.55205 0.14032
0.55351 0.14114
0.55496 0.14198
0.55639 0.14284
0.5578 0.14371
0.5592 0.1446
0.56057 0.14551
0.56193 0.14644
0.56328 0.14738
0.56461 0.148340
0.56592 0.14931
0.56722 0.15029
0.56851 0.15129
0.56979 0.15231
0.57104 0.15334
0.572280 0.15439
0.57349 0.15546
0.57468 0.15656
0.57585 0.15767
0.577 0.15881
0.57813 0.159970
0.57924 0.16115
0.58033 0.16234
0.58139 0.163560
0.58244 0.164810
0.58346 0.16607
0.58446 0.16736
0.58544 0.16867
0.58639 0.17001
0.58731 0.17137
0.588210 0.17275
0.589090 0.17416
0.58994 0.1756
0.59076 0.17707
0.59155 0.17856
0.59231 0.18009
0.59304 0.18164
0.59375 0.18323
0.5944200 0.18484
0.59507 0.18648
0.59569 0.18814
0.59629 0.18983
0.59687 0.19154
0.59742 0.19327
0.59796 0.19502
0.59847 0.1968
0.59896 0.1986
0.59942 0.20042
0.59985 0.20228
0.60024 0.20418
0.60058 0.20612
0.60088 0.20809
0.60113 0.21002
0.60133 0.21182
0.60149000 0.21338
0.60161 0.21462
0.60169 0.21546
0.60175 0.21585
*.*.Setup: Ga2.txt as Flap 1, Inverted: y, Scale = 1.0, AoA = 0.0, Reposition from (0,0) = (0, 0)*.*.
*.*.Setup: Ga2.txt as Flap 2, Inverted: y, Scale = 0.4, AoA = 37.0, Reposition from previous T.E. = (0.0067, 0.06), Reposition from (0,0) = (1.0067, 0.0109)*.*.
*.*.Setup: Ga2.txt as Flap 3, Inverted: y, Scale = 0.4, AoA = 45.0, Reposition from previous T.E. = (-0.06, 0.06), Reposition from (0,0) = (1.2779, 0.2959)*.*.
*.*.Setup: Scale Ratio = 0.38214*.*.