0.3679900000 -0.01808
0.36721 -0.01887
0.36565 -0.02038
0.36334 -0.02262
0.36041 -0.02541
0.35701 -0.02856
0.3533 -0.03186
0.34943 -0.03511
0.34554 -0.03815
0.341650 -0.04098
0.33775 -0.04362
0.33386 -0.04611
0.32997 -0.04847
0.32608 -0.05074
0.32218 -0.05292
0.31829 -0.05502
0.3144 -0.05704
0.3105 -0.05898
0.30661 -0.06086
0.30272 -0.06267
0.29883 -0.06442
0.29493 -0.06611
0.29104 -0.06774
0.28715 -0.06931
0.28326 -0.070830
0.27936 -0.07229
0.275470 -0.07369
0.27158 -0.07502
0.26769 -0.07629
0.26379 -0.0775
0.2599 -0.07865
0.25601 -0.07977
0.252110 -0.08085
0.24822 -0.08191
0.24433 -0.082940
0.24044 -0.08393
0.23654 -0.08489
0.23265 -0.08579
0.228760 -0.08664
0.22487 -0.087450
0.22097 -0.0882
0.21708 -0.08891
0.21319 -0.08957
0.2093 -0.09019
0.2054 -0.09077
0.20151 -0.09131
0.19762 -0.09181
0.19372 -0.09227
0.18983 -0.0927
0.18594 -0.09308
0.18205 -0.09343
0.17815 -0.09374
0.17426 -0.094
0.17037 -0.09421
0.16648 -0.09438
0.16258 -0.0945
0.15869 -0.09458
0.1548 -0.09461
0.15091 -0.09459
0.14701 -0.09452
0.14312 -0.0944
0.139230 -0.09424
0.13533 -0.09402
0.13144 -0.09375
0.12755 -0.09343
0.12366 -0.09307
0.11976 -0.09267
0.115870 -0.09223
0.11198 -0.09175
0.10809 -0.09123
0.10419 -0.09065
0.1003 -0.090010
0.09641 -0.089280
0.092520 -0.08847
0.08862 -0.08756
0.08473 -0.08657
0.08084 -0.08549
0.07694 -0.08432
0.07305 -0.08306
0.06916 -0.0817
0.06527 -0.08021
0.06137 -0.0786
0.05748 -0.0768400
0.05359 -0.07491
0.0497 -0.0728200
0.0458 -0.070580
0.04191 -0.06819
0.03802 -0.06565
0.03413 -0.06296
0.03023 -0.06004
0.026340 -0.05683
0.02245 -0.053240
0.01855 -0.04921
0.01469 -0.04468
0.01098 -0.0398
0.00758 -0.03474
0.00465 -0.02967
0.00234 -0.02477
0.00078 -0.02021
0.000000 -0.01252
0.00078 -0.0096
0.00234 -0.00745
0.00465 -0.00611
0.00758 -0.0055
0.01098 -0.00547
0.01469 -0.00588
0.01855 -0.00658
0.02245 -0.00746
0.026340 -0.00848
0.03023 -0.00964
0.03413 -0.01093
0.03802 -0.01235
0.04191 -0.01387
0.0458 -0.0155
0.0497 -0.01721
0.05359 -0.019
0.05748 -0.02083
0.06137 -0.02272
0.06527 -0.02463
0.06916 -0.02656
0.07305 -0.0285
0.07694 -0.03043
0.08084 -0.03235
0.08473 -0.03425
0.08862 -0.03613
0.092520 -0.03798
0.09641 -0.0398
0.1003 -0.04159
0.10419 -0.04333
0.10809 -0.04504
0.11198 -0.04671
0.115870 -0.04834
0.11976 -0.04992
0.12366 -0.051460
0.12755 -0.05295
0.13144 -0.0544
0.13533 -0.05580
0.139230 -0.0571500
0.14312 -0.05845
0.14701 -0.0597
0.15091 -0.0609
0.1548 -0.06204
0.15869 -0.06313
0.16258 -0.06416
0.16648 -0.06514
0.17037 -0.06606
0.17426 -0.06691
0.17815 -0.06771
0.18205 -0.06844
0.18594 -0.069130
0.18983 -0.069760
0.19372 -0.07035
0.19762 -0.07089
0.20151 -0.071390
0.2054 -0.07183
0.2093 -0.07221
0.21319 -0.07252
0.21708 -0.07276
0.22097 -0.07292
0.22487 -0.07301
0.228760 -0.07304
0.23265 -0.07299
0.23654 -0.07287
0.24044 -0.07268
0.24433 -0.072420
0.24822 -0.07209
0.252110 -0.07168
0.25601 -0.07118
0.2599 -0.07061
0.26379 -0.06996
0.26769 -0.06922
0.27158 -0.06839
0.275470 -0.06748
0.27936 -0.06648
0.28326 -0.06538
0.28715 -0.06418
0.29104 -0.06288
0.29493 -0.06148
0.29883 -0.05998
0.30272 -0.05838
0.30661 -0.05669
0.3105 -0.05492
0.3144 -0.05307
0.31829 -0.051140
0.32218 -0.04914
0.32608 -0.04706
0.32997 -0.04491
0.33386 -0.04268
0.33775 -0.04036
0.341650 -0.03793
0.34554 -0.03537
0.34943 -0.032650
0.3533 -0.02979
0.35701 -0.02693
0.36041 -0.02422
0.36334 -0.02183
0.36565 -0.019920
0.36721 -0.01863
0.3679900000 -0.01808
-Inserting Flap Ga2-
0.51137 0.083220
0.51127 0.082790
0.51106 0.08195
0.51075 0.0807
0.51035 0.07913
0.509860 0.077340
0.50930 0.07544
0.50868 0.07351
0.50801 0.07166
0.50728 0.069870
0.50652 0.06815
0.505730 0.066480
0.50491 0.06486
0.504070 0.06326
0.50321 0.0617
0.50234 0.06016
0.50145 0.05865
0.50054 0.05717
0.4996100 0.0557
0.49868 0.05426
0.49773 0.05285
0.49677 0.05145
0.49579 0.05007
0.4948 0.04871
0.49381 0.04737
0.49279 0.04605
0.49177 0.04475
0.49073 0.04347
0.48968 0.04222
0.48862 0.04098
0.48754 0.03977
0.48646 0.03856
0.485370 0.037370
0.48427 0.03619
0.48317 0.03501
0.48206 0.03385
0.48094 0.0327
0.47981 0.03157
0.47867 0.03045
0.47752 0.02936
0.47636 0.02828
0.47519 0.02721
0.47401 0.026160
0.47282 0.02512
0.47162 0.0241
0.47042 0.0231
0.4692 0.0221
0.467980 0.02112
0.46675 0.02015
0.46551 0.01919
0.46426 0.01825
0.46301 0.01732
0.46174 0.01641
0.460470 0.01551
0.45918 0.014630
0.457890 0.01376
0.45658 0.01291
0.45527 0.01208
0.45394 0.01126
0.45261 0.01046
0.45126 0.00967
0.44991 0.00890
0.44854 0.00815
0.44716 0.00742
0.44578 0.0067
0.44438 0.006
0.442970 0.00531
0.44156 0.00463
0.44014 0.00397
0.43871 0.00332
0.43726 0.00269
0.43581 0.00209
0.43433 0.00151
0.43284 0.00096
0.43133 0.00044
0.4298 -5e-05
0.42825 -0.00051
0.42668 -0.00094
0.42509 -0.00133
0.42348 -0.0017
0.421850 -0.00202
0.42019 -0.0023
0.41849 -0.00252
0.41676 -0.0027
0.4150 -0.00281
0.4132 -0.00288
0.41138 -0.00289
0.40952 -0.002860
0.40763 -0.00277
0.40569 -0.0026
0.40369 -0.00234
0.40161 -0.001950
0.39943 -0.00140
0.39716 -0.00069
0.39487 0.00018
0.39264 0.00118
0.39057 0.00228
0.38875 0.003450
0.38725 0.00467
0.38536 0.00711
0.385 0.00826
0.38508 0.00933
0.38558 0.01027
0.38644 0.0111
0.38759 0.01183
0.38893 0.01248
0.39039 0.01306
0.3919 0.01359
0.39344 0.01406
0.395 0.01449
0.3966 0.014880
0.39822 0.01523
0.39986 0.01553
0.40153 0.01581
0.40321 0.016050
0.40491 0.01627
0.40662 0.01647
0.40834 0.01666
0.410070 0.01684
0.4118 0.01701
0.41353 0.01718
0.41526 0.01734
0.41698 0.01752
0.41871 0.0177
0.42043 0.01789
0.42214 0.018080
0.42385 0.01829
0.42554 0.01851
0.42724 0.01874
0.42892 0.0189900
0.43059 0.01925
0.43226 0.01952
0.43391 0.019810
0.43556 0.02011
0.43720 0.02043
0.43882 0.02076
0.44044 0.02112
0.44205 0.02148
0.4436400 0.02187
0.44523 0.02227
0.4468 0.022690
0.44837 0.02312
0.449920 0.02358
0.45146 0.02405
0.45298 0.02455
0.454500 0.02506
0.456 0.0256
0.45749 0.02615
0.458970 0.02673
0.46043 0.02732
0.46189 0.02793
0.46333 0.02856
0.46477 0.0292
0.46619 0.029850
0.46761 0.03053
0.46901 0.03123
0.47039 0.03195
0.471770 0.03269
0.47312 0.03346
0.47446 0.03425
0.47579 0.03507
0.4771 0.03591
0.47839 0.03678
0.47967 0.03767
0.48094 0.03858
0.48219 0.039520
0.48342 0.04048
0.48464 0.04147
0.48584 0.04249
0.48702 0.04354
0.488180 0.04462
0.48933 0.04572
0.49045 0.04686
0.49156 0.04802
0.49265 0.04922
0.49372 0.05045
0.49476 0.05172
0.49579 0.05302
0.49679 0.05435
0.49777 0.05572
0.49873 0.05712
0.49968 0.058540
0.5006 0.06
0.50152 0.06148
0.50241 0.06298
0.50329 0.06451
0.50416 0.06607
0.505 0.06765
0.50583 0.06926
0.50664 0.07091
0.50742 0.0726
0.50816 0.07435
0.50887 0.07614
0.50952 0.0779
0.5101 0.07954
0.51058 0.08097
0.510960 0.08211
0.51122 0.08287
0.51137 0.083220
-Inserting Flap Ga2-
0.60466 0.21996
0.604710 0.21952
0.6048 0.21865
0.60493 0.21738
0.60507 0.21576
0.60522 0.21392
0.605330 0.21193
0.60539 0.20991
0.60538 0.20794
0.60531 0.20601
0.60517 0.20414
0.60498 0.2023
0.60476 0.20049
0.6045 0.19871
0.604220 0.19694
0.60391 0.1952
0.60358 0.19348
0.60323 0.19178
0.60285 0.19009
0.60245 0.18842
0.60204 0.18676
0.6016 0.18512
0.60115 0.1835
0.60068 0.18188
0.60019 0.18029
0.59968 0.1787
0.59915 0.17713
0.598600 0.17558
0.59803 0.174050
0.59745 0.17253
0.59685 0.17102
0.59623 0.16952
0.5956 0.16803
0.59497 0.16654
0.594330 0.16507
0.59367 0.1636
0.593010 0.16214
0.59232 0.1607
0.59163 0.15926
0.59091 0.15784
0.59018 0.15643
0.5894400 0.15504
0.58868 0.15365
0.58791 0.15228
0.58713 0.15091
0.58633 0.14956
0.58552 0.14821
0.5847 0.14688
0.58387 0.14555
0.58302 0.14423
0.58217 0.14292
0.5813 0.14163
0.58041 0.14034
0.579520 0.13906
0.5786 0.1378
0.57767 0.13655
0.57673 0.13531
0.57577 0.13408
0.5748 0.13287
0.57382 0.13166
0.57281 0.13047
0.5718 0.129290
0.57076 0.12812
0.56971 0.126970
0.56865 0.12582
0.56757 0.12469
0.56648 0.12357
0.56537 0.122460
0.56426 0.12136
0.56313 0.12026
0.56198 0.11919
0.56081 0.11812
0.55962 0.117080
0.5584 0.1160600
0.55715 0.115070
0.55587 0.114090
0.55457 0.113140
0.55323 0.112210
0.55187 0.1113
0.55048 0.110410
0.54905 0.109560
0.54758 0.1087400
0.54606 0.107960
0.54449 0.10721
0.54287 0.10651
0.5412 0.10584
0.53948 0.10521
0.53772 0.10462
0.53591 0.10407
0.53403 0.10357
0.532050 0.10315
0.52996 0.10282
0.5277300 0.1026
0.52535 0.10251
0.5229 0.10255
0.52047 0.1027400
0.51815 0.10308
0.51604 0.10357
0.51422 0.10421
0.51161 0.10588
0.51089 0.10685
0.5106 0.10787
0.510760 0.10892
0.51129 0.11
0.51213 0.11107
0.51317 0.11213
0.51435 0.11317
0.5156 0.11418
0.51688 0.11514
0.51821 0.11608
0.51958 0.11698
0.52099 0.11785
0.52244 0.11869
0.52391 0.11951
0.52542 0.12031
0.52694 0.12108
0.52848 0.12185
0.53004 0.1226
0.53161 0.12335
0.53318 0.12409
0.53475 0.12483
0.53632 0.12558
0.53789 0.12632
0.53945 0.12707
0.54101 0.12783
0.54256 0.12859
0.54409 0.129360
0.54562 0.13014
0.547130 0.13092
0.54863 0.13172
0.55012 0.13253
0.55160 0.133350
0.55306 0.13418
0.55451 0.13502
0.55595 0.13587
0.55736 0.136730
0.55877 0.1376
0.56016 0.13849
0.56153 0.13939
0.56289 0.1403
0.56423 0.14122
0.56556 0.14216
0.56686 0.14311
0.56816 0.14408
0.56943 0.145060
0.570680 0.14605
0.57191 0.14706
0.57313 0.14808
0.57433 0.14912
0.57551 0.15017
0.5766700 0.151240
0.57782 0.15231
0.57896 0.1534
0.580080 0.1545
0.581180 0.15561
0.58227 0.15674
0.58333 0.15788
0.58437 0.15905
0.58539 0.16023
0.58638 0.16142
0.58736 0.16264
0.58831 0.16387
0.58924 0.16512
0.590140 0.16639
0.59103 0.16768
0.59189 0.16898
0.59272 0.17031
0.59354 0.17165
0.59432 0.173010
0.59508 0.17440
0.59582 0.1758
0.59652 0.17723
0.5972 0.17867
0.59785 0.18014
0.59847 0.18164
0.59907 0.18316
0.59962 0.1847
0.60015 0.18627
0.60064 0.18786
0.60111 0.18948
0.60154 0.19112
0.60195 0.19278
0.60234 0.19446
0.6027 0.19616
0.60304 0.19788
0.6033500 0.19962
0.60364 0.20137
0.60391 0.20315
0.60415 0.20494
0.60435 0.20677
0.60451 0.20863
0.604620 0.21052
0.60469 0.21244
0.604710 0.214320
0.6047 0.21606
0.604680 0.21757
0.60465 0.21877
0.60463 0.21958
0.60466 0.21996
*.*.Setup: Ga2.txt as Flap 1, Inverted: y, Scale = 1.0, AoA = 0.0, Reposition from (0,0) = (0, 0)*.*.
*.*.Setup: Ga2.txt as Flap 2, Inverted: y, Scale = 0.4, AoA = 32.0, Reposition from previous T.E. = (0.04, 0.08), Reposition from (0,0) = (1.04, 0.0309)*.*.
*.*.Setup: Ga2.txt as Flap 3, Inverted: y, Scale = 0.4, AoA = 51.666666666666664, Reposition from previous T.E. = (-0.01, 0.07), Reposition from (0,0) = (1.3796, 0.2962)*.*.
*.*.Setup: Scale Ratio = 0.36799*.*.