0.34624 0.03639
0.344210 0.03437
0.34125 0.03141
0.33778 0.02851
0.33358 0.02571
0.328480 0.022820
0.32232 0.01972
0.31505 0.0164
0.306760 0.0129
0.297680 0.00931
0.28806 0.00571
0.27812 0.00218
0.268020 -0.001250
0.25785 -0.00452
0.24765 -0.00762
0.23743 -0.010550
0.22715 -0.01329
0.21677 -0.01587
0.2062400 -0.01832
0.19551 -0.02064
0.18455 -0.0229
0.17337 -0.0251
0.16201 -0.02728
0.15059 -0.029430
0.13926 -0.03154
0.12817 -0.03354
0.11751 -0.03538
0.10746 -0.03696
0.09812 -0.03821
0.08946 -0.03905
0.08134 -0.03947
0.07364 -0.03946
0.06629 -0.03901
0.05924 -0.03815
0.05246 -0.03688
0.04594 -0.03521
0.039710 -0.03316
0.03381 -0.03079
0.02833 -0.02817
0.02335 -0.02541
0.01897 -0.022650
0.01522 -0.02
0.01208 -0.01752
0.00949 -0.0152
0.00736 -0.01306
0.005610 -0.01106
0.00417 -0.00920
0.003 -0.00747
0.00204 -0.00585
0.00128 -0.004320
0.0007 -0.00288
0.00028 -0.00151
0.000055 -0.00021
-6e-05 0.00105
0.00012 0.0023
0.00072 0.00343
0.00174 0.00431
0.003050 0.00494
0.00458 0.005430
0.00633 0.00582
0.00836 0.00617
0.01073 0.0065
0.01356 0.0068
0.01702 0.00709
0.02134 0.007370
0.02682 0.00762
0.03372 0.00784
0.04202 0.007960
0.05134 0.00792
0.06137 0.00765
0.07203 0.00717
0.08322 0.00656
0.09478 0.00588
0.10649 0.00517
0.11818 0.00447
0.129730 0.00382
0.1411 0.00325
0.152280 0.00277
0.16328 0.00243
0.17411 0.00223
0.184780 0.0022
0.19531 0.00236
0.20571 0.00271
0.21601 0.00327
0.22621 0.00405
0.23633 0.00505
0.24638 0.00629
0.25636 0.00775
0.26626 0.00944
0.27608 0.01136
0.28576 0.01350
0.29522 0.01585
0.30432 0.01835
0.31286 0.02096
0.3206 0.0236
0.327380 0.0262
0.33317 0.02873
0.33804 0.0312
0.34211 0.033580
0.34624 0.03639
-Inserting Flap s1223rtl-
0.51097 0.12737
0.51034 0.12608
0.50942 0.1242
0.50825 0.12226
0.50673 0.12025
0.50478 0.11806
0.50237 0.11559
0.49948 0.11284
0.49613 0.10983
0.49242 0.10666
0.48846 0.10339
0.48434 0.1001
0.48012 0.09684
0.475840 0.09364
0.47153 0.09051
0.46717 0.08746
0.462760 0.08449
0.45827 0.081580
0.45369 0.07871
0.449 0.07587
0.44418 0.073020
0.43925 0.07015
0.43424 0.06728
0.42919 0.0644
0.42417 0.06156
0.41926 0.058810
0.41452 0.0562
0.41003 0.05382
0.40581 0.05171
0.40186 0.0499
0.39808 0.04838
0.39444 0.04713
0.3909 0.04615
0.38742 0.045410
0.38401 0.0449
0.38066 0.0446300
0.377380 0.04459
0.3742 0.04475
0.37118 0.04509
0.36838 0.045590
0.36586 0.04618
0.36366 0.04682
0.361770 0.04749
0.36017 0.04816
0.358810 0.048820
0.35766 0.04948
0.35668 0.05013
0.35584 0.05076
0.35512 0.05137
0.35452 0.05197
0.35401 0.05255
0.35358 0.05313
0.35325 0.0537
0.35301 0.05429
0.35289 0.05491
0.35299 0.055540
0.35333 0.05612
0.35384 0.05663
0.3544900 0.05711
0.35525 0.05758
0.35615 0.058080
0.35722 0.05862
0.35851 0.05922
0.3601 0.059920
0.36209 0.06076
0.36464 0.06177
0.36787 0.06299
0.37178 0.0644
0.37619 0.0659
0.38098 0.067410
0.38609 0.06891
0.39148 0.07045
0.39706 0.07201
0.402710 0.073580
0.40835 0.07515
0.41391 0.07672
0.41938 0.0783
0.42475 0.0799
0.43001 0.08153
0.43516 0.0832
0.4402 0.08492
0.44516 0.08671
0.450020 0.08857
0.45479 0.09051
0.4594900 0.0925400
0.46411 0.09466
0.46866 0.09688
0.47314 0.09919
0.47755 0.10161
0.48188 0.10411
0.48610 0.1067
0.4902 0.10935
0.49409 0.11201
0.4977 0.11464
0.50093 0.11714
0.50372 0.11948
0.50604 0.12162
0.50794 0.12358
0.50948 0.125360
0.51097 0.12737
-Inserting Flap s1223rtl-
0.66053 0.25506
0.66013 0.25369
0.65955 0.25168
0.65874 0.24957
0.65758 0.24732
0.65605 0.244820
0.6541100 0.241980
0.65173 0.23876
0.64896 0.235220
0.64586 0.23145
0.64252 0.227540
0.63903 0.22359
0.63544 0.21964
0.63179 0.21575
0.62808 0.21192
0.62432 0.20816
0.62049 0.2044700
0.61658 0.200820
0.612570 0.1972
0.60844 0.19358
0.60419 0.18994
0.59983 0.18627
0.5954 0.18256
0.59093 0.17885
0.58648 0.17518
0.58212 0.17162
0.5779 0.168230
0.573890 0.16510
0.57011 0.16229
0.56652 0.15983
0.56307 0.15767
0.5597 0.15582
0.55638 0.154230
0.55309 0.15289
0.54982 0.15181
0.54656 0.1509600
0.54334 0.15034
0.54019 0.14995
0.53715 0.149770
0.53431 0.14977
0.53172 0.14991
0.52944 0.15016
0.52747 0.150490
0.52577 0.15087
0.52432 0.15129
0.52307 0.15174
0.52199 0.15221
0.52106 0.15268
0.52025 0.15316
0.51954 0.15364
0.51894 0.15413
0.51842 0.15463
0.51799 0.15513
0.51765 0.15566
0.51743 0.15625
0.51742 0.1569
0.51765 0.15753
0.51807 0.15812
0.51862 0.1587
0.51929 0.1593
0.52009 0.15994
0.521050 0.16066
0.52222 0.16148
0.52366 0.16245
0.52548 0.16361
0.52782 0.16505
0.53078 0.16682
0.53438 0.16889
0.53847 0.171130
0.542920 0.17344
0.5477 0.17581
0.55274 0.17826
0.55796 0.180760
0.56325 0.18329
0.56853 0.185820
0.57374 0.18834
0.578850 0.19084
0.58386 0.19335
0.58875 0.19586
0.59354 0.1984
0.59821 0.20097
0.60277 0.20359
0.60724 0.20627
0.6116 0.20901
0.61588 0.211830
0.620060 0.21472
0.62416 0.21769
0.62817 0.22075
0.63209 0.22389
0.63591 0.22711
0.63963 0.23039
0.6432 0.23371
0.64657 0.23701
0.64967 0.240220000
0.65242 0.24325
0.65475 0.24603
0.65667 0.24855
0.6582 0.2508
0.6594 0.25283
0.66053 0.25506
*.*.Setup: s1223rtl.txt as Flap 1, Inverted: y, Scale = 1.0, AoA = 6.0, Reposition from (0,0) = (0, 0)*.*.
*.*.Setup: s1223rtl.txt as Flap 2, Inverted: y, Scale = 0.5, AoA = 25.0, Reposition from previous T.E. = (0.02, 0.05), Reposition from (0,0) = (1.0145, 0.1545)*.*.
*.*.Setup: s1223rtl.txt as Flap 3, Inverted: y, Scale = 0.5, AoA = 35.0, Reposition from previous T.E. = (0.02, 0.08), Reposition from (0,0) = (1.4877, 0.4458)*.*.
*.*.Setup: Scale Ratio = 0.34815*.*.