0.3552 0.03733
0.353110 0.03526
0.35007 0.03223
0.34651 0.02925
0.34221 0.02637
0.336970 0.023410
0.33065 0.02023
0.32319 0.01682
0.314690 0.01323
0.305380 0.00955
0.29551 0.00586
0.28531 0.00223
0.274950 -0.001280
0.26451 -0.00464
0.25405 -0.00782
0.24357 -0.010820
0.23303 -0.01364
0.22238 -0.01628
0.2115800 -0.01879
0.20057 -0.02118
0.18932 -0.02349
0.17785 -0.02575
0.1662 -0.02798
0.15448 -0.030190
0.14286 -0.03235
0.13148 -0.03441
0.12055 -0.03629
0.11024 -0.03792
0.10066 -0.0392
0.09177 -0.04006
0.08344 -0.04049
0.07555 -0.04048
0.06801 -0.04002
0.06077 -0.03914
0.05381 -0.03783
0.04713 -0.03612
0.040740 -0.03402
0.03469 -0.03159
0.02906 -0.0289
0.02395 -0.02607
0.01946 -0.023240
0.01561 -0.02052
0.0124 -0.01797
0.00974 -0.0156
0.00755 -0.01339
0.005750 -0.01135
0.00428 -0.009440
0.00307 -0.00766
0.00209 -0.006
0.00132 -0.004430
0.00072 -0.00295
0.00028 -0.00155
0.000055 -0.00021
-6e-05 0.00108
0.00013 0.00236
0.00074 0.00352
0.00179 0.00442
0.003130 0.00507
0.0047 0.005570
0.0065 0.00598
0.00857 0.00633
0.01101 0.00667
0.01391 0.00698
0.01746 0.00728
0.02189 0.007560
0.02751 0.00782
0.03459 0.00804
0.04311 0.008170
0.05267 0.00812
0.06296 0.00785
0.07389 0.00736
0.08538 0.00673
0.09723 0.00603
0.10924 0.0053
0.12123 0.00459
0.133080 0.00392
0.14475 0.00333
0.156220 0.00285
0.16751 0.00249
0.17861 0.00229
0.189560 0.00226
0.20036 0.00242
0.21103 0.00278
0.22159 0.00336
0.23206 0.00416
0.24244 0.00519
0.25275 0.00645
0.26299 0.00795
0.27315 0.00968
0.28322 0.01166
0.29314 0.013850
0.30285 0.01626
0.31219 0.01883
0.32095 0.0215
0.32889 0.02421
0.335850 0.02687
0.34178 0.02948
0.34678 0.032
0.35095 0.034440
0.3552 0.03733
-Inserting Flap s1223rtl-
0.53015 0.11627
0.52939 0.115010
0.52828 0.11317
0.52691 0.1113
0.52517 0.10938
0.52299 0.10731
0.52031 0.105000
0.51710 0.10245
0.51341 0.09968
0.50934 0.09676
0.505 0.09378
0.50049 0.09079
0.49588 0.08783
0.49123 0.08494
0.48654 0.08213
0.48181 0.0794
0.47704 0.07676
0.4722 0.07419
0.46726 0.07167
0.46221 0.069180
0.45703 0.0667
0.45174 0.06421
0.446360 0.06172
0.44094 0.05923
0.43556 0.05677
0.43029 0.05440
0.42521 0.05217
0.42041 0.05013
0.415920 0.04835
0.41171 0.04685
0.40772 0.04564
0.403890 0.04469
0.40017 0.044
0.396560 0.04355
0.39302 0.04335
0.389570 0.04337
0.386220 0.04361
0.38299 0.04406
0.37993 0.044690
0.37711 0.04544
0.374590 0.04627
0.3724 0.04712
0.37053 0.047970
0.36895 0.0488
0.36762 0.04961
0.36650 0.05038
0.36556 0.05113
0.36476 0.05184
0.36408 0.052530
0.363510 0.0532
0.36304 0.053840
0.36266 0.054470
0.36237 0.05509
0.36218 0.0557
0.36211 0.05635
0.36227 0.05699
0.36267 0.05755
0.36324 0.05803
0.36394 0.05846
0.36477 0.05887
0.36573 0.0593
0.36687 0.05976
0.36824 0.06026
0.36993 0.06083
0.37204 0.06151
0.37474 0.06231
0.378150 0.06328
0.38226 0.06437
0.38691 0.065500
0.39193 0.066610
0.3973 0.0677
0.40295 0.06878
0.408780 0.06988
0.4147 0.07098
0.42060 0.07208
0.42643 0.07319
0.43216 0.07431
0.43779 0.07547
0.4433 0.07666
0.44872 0.077910
0.45403 0.07922
0.45925 0.0806
0.46438 0.08207
0.469440 0.08362
0.47442 0.085280
0.47933 0.08703
0.48418 0.08889
0.48897 0.09086
0.493690 0.09293
0.49833 0.0951
0.502880 0.097370
0.5073 0.09971
0.511520 0.10209
0.51545 0.10444
0.51897 0.10672
0.52203 0.10885
0.524590 0.11083
0.52671 0.112660
0.52844 0.11435
0.53015 0.11627
-Inserting Flap s1223rtl-
0.65951 0.25024
0.65918 0.24881
0.65871 0.24671
0.658 0.24451
0.65695 0.24214
0.655530 0.23949
0.65371 0.23645
0.65147 0.23302
0.648840 0.22923
0.645890 0.22518
0.64271 0.22098
0.63937 0.21672
0.635930 0.21247
0.63242 0.20826
0.62886 0.20412
0.62523 0.20005
0.62153 0.196040
0.61774 0.19207
0.61384 0.18812
0.60983 0.18417
0.6057 0.18019
0.60145 0.17616
0.59713 0.17210
0.59277 0.16804
0.58844 0.16402
0.58418 0.16011
0.58007 0.15639
0.57614 0.15294
0.57244 0.14984
0.56892 0.1471
0.56551 0.14469
0.56217 0.14258
0.55887 0.14076
0.55557 0.1392
0.552280 0.13789
0.549 0.13683
0.54574 0.136
0.54253 0.13541
0.53944 0.13505
0.53652 0.13487
0.53387 0.134870
0.53151 0.13499
0.52947 0.13521
0.52772 0.1355
0.5262 0.13584
0.5249 0.13623
0.52376 0.13664
0.522780 0.13707
0.52192 0.13751
0.52117 0.137960
0.52052 0.13843
0.51997 0.1389
0.5195 0.139400
0.51912 0.13992
0.518850 0.14051
0.5188 0.14117
0.519 0.14183
0.5194 0.14246
0.51993 0.14309
0.52058 0.143740
0.52136 0.14445
0.5223 0.14524
0.5234400 0.14615
0.524860 0.147230
0.52666 0.14853
0.52896 0.15014
0.5319 0.15213
0.53546 0.15446
0.53951 0.157
0.54393 0.15963
0.54868 0.16235
0.5537 0.16516
0.55889 0.16803
0.56417 0.170940
0.569420 0.17384
0.57461 0.17673
0.57969 0.17960
0.58467 0.18246
0.58953 0.18533
0.59428 0.18821
0.5989100 0.19113
0.60343 0.194080
0.607840 0.19709
0.61215 0.20016
0.61636 0.2033
0.62047 0.20651
0.62449 0.2098
0.62841 0.21317
0.63224 0.21662
0.63597 0.22014
0.63957 0.22373
0.643030 0.22734
0.64629 0.23092
0.64928 0.2344
0.65191 0.23766
0.65413 0.24065
0.65594 0.24334
0.65738 0.245740
0.65849 0.24789
0.65951 0.25024
*.*.Setup: s1223rtl.txt as Flap 1, Inverted: y, Scale = 1.0, AoA = 6.0, Reposition from (0,0) = (0, 0)*.*.
*.*.Setup: s1223rtl.txt as Flap 2, Inverted: y, Scale = 0.5, AoA = 20.0, Reposition from previous T.E. = (0.02, 0.05), Reposition from (0,0) = (1.0145, 0.1545)*.*.
*.*.Setup: s1223rtl.txt as Flap 3, Inverted: y, Scale = 0.5, AoA = 38.333333333333336, Reposition from previous T.E. = (-0.03, 0.065), Reposition from (0,0) = (1.4544, 0.3905)*.*.
*.*.Setup: Scale Ratio = 0.35715*.*.