0.34699 0.05496
0.34505 0.052810
0.34222 0.04968
0.33887 0.04657
0.33479 0.04352
0.3298 0.04034
0.32376 0.0369
0.31661 0.03317
0.30844 0.02920
0.29948 0.0251
0.28998 0.02097
0.28015 0.01688
0.27015 0.0129
0.26007 0.00906
0.24996 0.0054
0.23981 0.00191
0.2296 -0.0014
0.21928 -0.00455
0.2088 -0.00756
0.19811 -0.01048
0.18718 -0.01332
0.17603 -0.01614
0.1647 -0.01893
0.1533 -0.02171
0.14199 -0.02443
0.13093 -0.02703
0.12029 -0.029440
0.11024 -0.03157
0.1009 -0.03332
0.09221 -0.03463
0.08405 -0.03548
0.07629 -0.03587
0.06887 -0.03581
0.06171 -0.035320
0.05481 -0.03439
0.04815 -0.03305
0.04177 -0.03132
0.0357 -0.02924
0.03003 -0.02689
0.02487 -0.02437
0.02031 -0.021820
0.016390 -0.01935
0.0131 -0.01701
0.010370 -0.01482
0.00811 -0.01277
0.006240 -0.010850
0.00469 -0.00905
0.00341 -0.00737
0.00237 -0.00578
0.00152 -0.0042900
0.00085 -0.00286
0.00036 -0.001510
0.000086 -0.00021
-0.00012 0.00105000
0.000005 0.00232
0.00055 0.00350
0.00153 0.00444
0.00281 0.00514
0.00433 0.00571
0.00607 0.00620
0.0081 0.00666
0.01047 0.00711
0.01331 0.00757
0.01677 0.00805
0.02111 0.00855
0.02662 0.0091
0.03357 0.00968
0.04192 0.01024
0.05132 0.01069
0.061440 0.01095
0.072210 0.01103
0.08352 0.011
0.09520 0.01093
0.10704 0.01083
0.11885 0.01075
0.13052 0.0107
0.142020 0.01072
0.15331 0.01084
0.16441 0.011070
0.175330 0.01144
0.18608 0.01198
0.19669 0.01269
0.20715 0.0136
0.217500 0.01471
0.22774 0.01603
0.23788 0.01757
0.24794 0.01935
0.257920 0.02135
0.26782 0.02357
0.2776 0.02603
0.28724 0.0287
0.29666 0.03156
0.3057 0.03457
0.31417 0.03764
0.32183 0.04071
0.32852 0.04369
0.33422 0.04655
0.33899 0.04929
0.34297 0.0519
0.34699 0.05496
-Inserting Flap s1223rtl-
0.51321 0.15554
0.51258 0.15424
0.51165 0.15235
0.51047 0.15039
0.50893 0.14837
0.50697 0.14615
0.50454 0.14366
0.50161 0.14088
0.49824 0.13785
0.4945 0.13465
0.4905 0.131350
0.48634 0.12803
0.48208 0.12474
0.47776 0.1215
0.47341 0.11835
0.46901 0.11528
0.46456 0.11228
0.46004 0.10934
0.45541 0.10645
0.45068 0.10357
0.44582 0.1007
0.440840 0.09781
0.43578 0.0949
0.43069 0.092
0.42563 0.08914
0.42067 0.08636
0.41589 0.083730
0.41135 0.08132
0.4071 0.0792
0.40311 0.077370
0.39930 0.07584
0.39563 0.074580
0.39205 0.07358
0.38854 0.07284
0.3851 0.07233
0.38171 0.07206
0.37841 0.072010
0.3752 0.07217
0.37215 0.07252
0.36933 0.07302
0.36678 0.07362
0.36456 0.07426
0.36266 0.0749400
0.36104 0.07561
0.35967 0.07629
0.35851 0.07695
0.35752 0.07760
0.35667 0.07824
0.35595 0.07885
0.35534 0.07946
0.35482 0.08005
0.3544 0.08063
0.35406 0.081210
0.35381 0.08180
0.3537 0.08242
0.3538 0.08306
0.35414 0.08365
0.35466 0.08417
0.35531 0.08465
0.35608 0.08513
0.356990 0.08562
0.35807 0.08617
0.35937 0.08678
0.36097 0.08749
0.36298 0.08833
0.36556 0.08935
0.36881 0.09058
0.37275 0.09201
0.37721 0.09352
0.38204 0.09504
0.3872 0.096560
0.39264 0.09811
0.39826 0.099680
0.40397 0.10126
0.40966 0.10285
0.415270 0.10444
0.42079 0.10603
0.42621 0.10764
0.43151 0.10929
0.43671 0.11097
0.44180 0.11271
0.4468 0.11451
0.4517 0.11639
0.45652 0.118350
0.46126 0.1204
0.46593 0.12254
0.470520 0.12478
0.47504 0.12711
0.47949 0.129550
0.48385 0.13208
0.48812 0.13469
0.49225 0.13736
0.49618 0.14005
0.49982 0.1427
0.503080 0.14523
0.50589 0.147580
0.50823 0.149740
0.51015 0.15172
0.5117 0.15352
0.51321 0.15554
-Inserting Flap s1223rtl-
0.66413 0.2844
0.66373 0.28301
0.663140 0.28098
0.66232 0.27885
0.66116 0.27659
0.659610 0.27407
0.65765 0.27119
0.655250 0.2679500
0.65245 0.26438
0.64933 0.26057
0.64596 0.25663
0.64244 0.25264
0.63882 0.24866
0.63513 0.24472
0.63139 0.24086
0.62759 0.23707
0.62373 0.23334
0.61978 0.22967
0.61573 0.22601
0.6115700 0.22236
0.60728 0.21869
0.60288 0.21498
0.5984 0.21124
0.59389 0.20749
0.58941 0.20379
0.5850 0.2002
0.580750 0.19678
0.5767 0.19362
0.57289 0.19079
0.5692700 0.1883
0.56579 0.18613
0.56239 0.18425
0.55904 0.18265
0.55571 0.1813
0.55241 0.1802
0.54912 0.17935
0.54588 0.17873
0.54269 0.17833
0.53963 0.17815
0.53676 0.17814
0.53415 0.17829
0.53185 0.17854
0.52986 0.17887
0.528150 0.17926
0.52668 0.17969
0.52542 0.18014
0.52433 0.180610
0.52339 0.18108
0.52257 0.18157
0.52186 0.18205
0.52125 0.18255
0.52073 0.183050
0.5203 0.18356
0.51996 0.1841
0.51973 0.18469
0.51972 0.185340
0.51995 0.18598
0.520380 0.18657
0.52093 0.18716
0.521610 0.18777
0.52242 0.18842
0.52339 0.18914
0.524560 0.18997
0.52601 0.19094
0.527850 0.19212
0.53021 0.19357
0.5332 0.19535
0.53683 0.19744
0.54096 0.1997
0.54545 0.20203
0.55027 0.20443
0.55536 0.2069
0.56063 0.20942
0.56597 0.21198
0.5713 0.21453
0.57655 0.217070
0.58171 0.21959
0.58676 0.22212
0.5917 0.22466
0.59653 0.22722
0.60124 0.22982
0.60585 0.23246
0.61035 0.23516
0.61476 0.23793
0.619070 0.24077
0.62329 0.24369
0.627430 0.24669
0.63147 0.24977
0.63543 0.25294
0.639290 0.25619
0.64304 0.2595
0.64664 0.26285
0.65004 0.26619
0.65317 0.26942
0.65595 0.27248
0.6583 0.27529
0.66023 0.27782
0.66178 0.2801
0.66299 0.28215
0.66413 0.2844
*.*.Setup: s1223rtl.txt as Flap 1, Inverted: y, Scale = 1.0, AoA = 9.0, Reposition from (0,0) = (0, 0)*.*.
*.*.Setup: s1223rtl.txt as Flap 2, Inverted: y, Scale = 0.5, AoA = 25.0, Reposition from previous T.E. = (0.02, 0.075), Reposition from (0,0) = (1.0077, 0.2314)*.*.
*.*.Setup: s1223rtl.txt as Flap 3, Inverted: y, Scale = 0.5, AoA = 35.0, Reposition from previous T.E. = (0.02, 0.08), Reposition from (0,0) = (1.4808, 0.5227)*.*.
*.*.Setup: Scale Ratio = 0.35131*.*.