0.3529200000 -0.01734
0.35217 -0.01809
0.35068 -0.01955
0.34846 -0.02169
0.34565 -0.02437
0.34239 -0.02739
0.33883 -0.03055
0.33512 -0.03367
0.33139 -0.03659
0.327660 -0.0393
0.32392 -0.04183
0.32019 -0.04422
0.31646 -0.04648
0.31272 -0.04866
0.30899 -0.05075
0.30526 -0.05276
0.30152 -0.0547
0.29779 -0.05657
0.29406 -0.05837
0.29032 -0.06011
0.28659 -0.06178
0.28286 -0.0634
0.27912 -0.06497
0.27539 -0.06648
0.27166 -0.067930
0.26792 -0.06933
0.264190 -0.07067
0.26046 -0.07195
0.25672 -0.07316
0.25299 -0.07432
0.24926 -0.07543
0.24552 -0.0765
0.241790 -0.07754
0.23806 -0.07856
0.23432 -0.079540
0.23059 -0.0805
0.22686 -0.08141
0.22312 -0.08228
0.219390 -0.0831
0.21566 -0.083870
0.21192 -0.08459
0.20819 -0.08527
0.20446 -0.08591
0.20072 -0.0865
0.19699 -0.08705
0.19326 -0.08757
0.18952 -0.08805
0.18579 -0.08849
0.18206 -0.0889
0.17833 -0.08927
0.17459 -0.08961
0.17086 -0.0899
0.16713 -0.09015
0.16339 -0.09036
0.15966 -0.09052
0.15593 -0.09063
0.15219 -0.0907
0.14846 -0.09073
0.14473 -0.09071
0.14099 -0.09065
0.13726 -0.09054
0.133530 -0.09038
0.12979 -0.09017
0.12606 -0.08991
0.12233 -0.08961
0.11859 -0.08926
0.11486 -0.08887
0.111130 -0.08845
0.10739 -0.08799
0.10366 -0.08749
0.09993 -0.08694
0.09619 -0.086320
0.09246 -0.085620
0.088730 -0.08484
0.08499 -0.08398
0.08126 -0.08303
0.07753 -0.08199
0.07379 -0.08087
0.07006 -0.07966
0.06633 -0.07835
0.06259 -0.07693
0.05886 -0.07538
0.05513 -0.0736900
0.05139 -0.07184
0.04766 -0.0698400
0.04393 -0.067690
0.04019 -0.0654
0.03646 -0.06296
0.03273 -0.06038
0.02899 -0.05758
0.025260 -0.0545
0.02153 -0.051060
0.0178 -0.04719
0.01409 -0.04285
0.01053 -0.03817
0.00727 -0.03332
0.00445 -0.02846
0.00224 -0.02376
0.00075 -0.01938
0.000000 -0.012
0.00075 -0.00921
0.00224 -0.00714
0.00445 -0.00586
0.00727 -0.00528
0.01053 -0.00525
0.01409 -0.00564
0.0178 -0.00631
0.02153 -0.00715
0.025260 -0.00813
0.02899 -0.00925
0.03273 -0.01049
0.03646 -0.01184
0.04019 -0.01331
0.04393 -0.01487
0.04766 -0.01651
0.05139 -0.01822
0.05513 -0.01998
0.05886 -0.02178
0.06259 -0.02362
0.06633 -0.02547
0.07006 -0.02733
0.07379 -0.02918
0.07753 -0.03103
0.08126 -0.03285
0.08499 -0.03465
0.088730 -0.03643
0.09246 -0.03817
0.09619 -0.03988
0.09993 -0.04156
0.10366 -0.0432
0.10739 -0.0448
0.111130 -0.04636
0.11486 -0.04788
0.11859 -0.049350
0.12233 -0.05078
0.12606 -0.05217
0.12979 -0.053510
0.133530 -0.0548100
0.13726 -0.05606
0.14099 -0.05725
0.14473 -0.0584
0.14846 -0.0595
0.15219 -0.06055
0.15593 -0.06154
0.15966 -0.06247
0.16339 -0.06335
0.16713 -0.06417
0.17086 -0.06493
0.17459 -0.06564
0.17833 -0.06630
0.18206 -0.06690
0.18579 -0.06747
0.18952 -0.06799
0.19326 -0.068460
0.19699 -0.06889
0.20072 -0.06925
0.20446 -0.06955
0.20819 -0.06978
0.21192 -0.06993
0.21566 -0.07002
0.219390 -0.07005
0.22312 -0.07
0.22686 -0.06989
0.23059 -0.06971
0.23432 -0.069460
0.23806 -0.06914
0.241790 -0.06874
0.24552 -0.06827
0.24926 -0.06772
0.25299 -0.06709
0.25672 -0.06638
0.26046 -0.06559
0.264190 -0.06472
0.26792 -0.06376
0.27166 -0.0627
0.27539 -0.06156
0.27912 -0.06031
0.28286 -0.05896
0.28659 -0.05752
0.29032 -0.05599
0.29406 -0.05437
0.29779 -0.05267
0.30152 -0.0509
0.30526 -0.049050
0.30899 -0.04713
0.31272 -0.04513
0.31646 -0.04307
0.32019 -0.04093
0.32392 -0.03871
0.327660 -0.03638
0.33139 -0.03392
0.33512 -0.031310
0.33883 -0.02857
0.34239 -0.02583
0.34565 -0.02323
0.34846 -0.02093
0.35068 -0.01910
0.35217 -0.01787
0.3529200000 -0.01734
-Inserting Flap Ga2-
0.49043 0.072760
0.49033 0.072340
0.49013 0.07153
0.48984 0.07034
0.48945 0.06883
0.488980 0.067120
0.488450 0.06529
0.48785 0.06345
0.4872 0.06166
0.48651 0.059950
0.48578 0.0583
0.485020 0.05670
0.48423 0.05514
0.483430 0.05361
0.48261 0.05211
0.48177 0.05064
0.48091 0.04919
0.48004 0.04777
0.4791600 0.04636
0.47826 0.04498
0.47735 0.04362
0.47642 0.04228
0.47549 0.04096
0.47454 0.03966
0.47358 0.03837
0.47261 0.03711
0.47163 0.03586
0.47064 0.03463
0.46963 0.03343
0.46861 0.03225
0.46758 0.03108
0.46654 0.02992
0.465490 0.028780
0.46444 0.02765
0.46338 0.02652
0.46232 0.02541
0.46124 0.0243
0.46016 0.02322
0.45907 0.02215
0.45797 0.0211
0.45685 0.02006
0.45573 0.01904
0.4546 0.018030
0.45346 0.01704
0.45231 0.01606
0.45115 0.01509
0.44999 0.01414
0.448820 0.0132
0.44764 0.01227
0.44645 0.01135
0.44525 0.01044
0.44405 0.00955
0.44284 0.00868
0.441610 0.00782
0.44038 0.006970
0.439140 0.00614
0.43789 0.00532
0.43663 0.00452
0.43536 0.00374
0.43408 0.00297
0.43279 0.00222
0.43149 0.001480
0.43017 0.00076
0.42885 5e-05
0.42752 -0.00063
0.42618 -0.00131
0.424830 -0.00197
0.42348 -0.00262
0.42212 -0.00325
0.42074 -0.00387
0.41936 -0.00448
0.41796 -0.00506
0.41655 -0.00561
0.41512 -0.00614
0.41367 -0.00664
0.4122 -0.00711
0.41071 -0.00755
0.40921 -0.00796
0.40768 -0.00834
0.40614 -0.00869
0.404570 -0.009
0.40298 -0.00926
0.40135 -0.00948
0.3997 -0.00964
0.398010 -0.00976
0.39628 -0.00982
0.39453 -0.00983
0.39275 -0.00980
0.39093 -0.00971
0.38908 -0.00955
0.38716 -0.0093
0.38516 -0.008930
0.38307 -0.00840
0.3809 -0.00772
0.3787 -0.00688
0.37656 -0.00593
0.37458 -0.00488
0.37283 -0.003750
0.37139 -0.00258
0.36958 -0.00024
0.36924 0.00087
0.36931 0.00189
0.36979 0.00279
0.37062 0.00358
0.37172 0.00428
0.37301 0.00491
0.37441 0.00546
0.37585 0.00597
0.37733 0.00643
0.37883 0.00684
0.38036 0.007210
0.38191 0.00755
0.38349 0.00784
0.38509 0.0081
0.3867 0.008340
0.38833 0.00855
0.38997 0.00874
0.39162 0.00892
0.393270 0.00909
0.39493 0.00925
0.39659 0.00941
0.39825 0.00958
0.39991 0.00974
0.40156 0.00991
0.40321 0.01009
0.40485 0.010280
0.40649 0.01048
0.40812 0.01069
0.40974 0.01092
0.41135 0.0111500
0.41296 0.0114
0.41456 0.01166
0.41614 0.011940
0.41772 0.01223
0.419290 0.01254
0.42085 0.01286
0.4224 0.01319
0.42395 0.01354
0.4254800 0.01391
0.427 0.0143
0.42851 0.01470
0.43001 0.01512
0.431490 0.01555
0.43297 0.01601
0.43444 0.01648
0.4358900 0.01698
0.43733 0.01749
0.43876 0.01802
0.440170 0.01857
0.44158 0.01914
0.44297 0.01973
0.44436 0.02033
0.44574 0.02094
0.4471 0.021570
0.44846 0.02222
0.4498 0.02289
0.45113 0.02358
0.452450 0.02429
0.45375 0.02503
0.45503 0.02579
0.4563 0.02658
0.45756 0.02738
0.4588 0.02821
0.46003 0.02906
0.46124 0.02994
0.46244 0.030840
0.46362 0.03177
0.46479 0.03272
0.46594 0.0337
0.46707 0.0347
0.468190 0.03573
0.46929 0.03679
0.47037 0.03788
0.47143 0.039
0.47248 0.04015
0.4735 0.04133
0.4745 0.04254
0.47548 0.04379
0.47644 0.04507
0.47738 0.04638
0.47831 0.04772
0.47921 0.049090
0.4801 0.05048
0.48098 0.0519
0.48184 0.05334
0.48268 0.05481
0.48351 0.0563
0.48432 0.05782
0.48512 0.05936
0.48589 0.06095
0.48664 0.06257
0.48735 0.06425
0.48803 0.06596
0.48865 0.06765
0.48921 0.06922
0.48968 0.07059
0.490040 0.07168
0.49028 0.07242
0.49043 0.072760
-Inserting Flap Ga2-
0.60927 0.19238
0.609270 0.19195
0.60926 0.19112
0.60924 0.18989
0.6092 0.18833
0.609130 0.18656
0.60902 0.18466
0.60885 0.18272
0.608620 0.18084
0.608330 0.17902
0.60799 0.17725
0.60761 0.17552
0.6072 0.17382
0.60676 0.17215
0.60629 0.1705
0.60581 0.16888
0.6053 0.16727
0.60477 0.16569
0.60422 0.164120
0.60366 0.16258
0.60308 0.161050
0.60248 0.159530
0.60187 0.15803
0.60124 0.15655
0.60059 0.15508
0.59993 0.15363
0.59926 0.1522
0.598560 0.15078
0.59785 0.14938
0.59712 0.148
0.59638 0.14663
0.59563 0.14527
0.59486 0.14392
0.59409 0.14257
0.59332 0.14124
0.59253 0.13991
0.59173 0.1386
0.59092 0.13730
0.5901 0.13601
0.58926 0.13474
0.58841 0.133480
0.58755 0.13223
0.58667 0.13099
0.58578 0.12977
0.58488 0.12856
0.58397 0.12735
0.58305 0.12616
0.58212 0.124980
0.58118 0.12381
0.58023 0.122650
0.57927 0.1215
0.5783 0.12036
0.57731 0.11923
0.57631000 0.11812
0.5753 0.11702
0.57428 0.11593
0.57324 0.11485
0.5722 0.11379
0.57113 0.11274
0.57006 0.1117
0.5689700 0.11068
0.567870 0.10967
0.56676 0.10867
0.56563 0.10769
0.56449 0.10672
0.56333 0.10576
0.56217 0.10481
0.56099 0.10388
0.55981 0.10295
0.55861 0.10203
0.5574 0.10114
0.55617 0.10025
0.554910 0.09939
0.55364 0.09856
0.55233 0.09775
0.55101 0.09696
0.54966 0.0962
0.54829 0.09546
0.54689 0.09475
0.54546 0.09406
0.54401 0.09341
0.54251 0.092790
0.54098 0.09221
0.5394 0.09168
0.53778 0.09119
0.53611 0.09074
0.53441 0.090330
0.53266 0.089970
0.53088 0.08964
0.52903 0.08938
0.5271 0.08919
0.52507 0.08911
0.52292 0.08915
0.52065 0.08933
0.51832 0.08964
0.516020 0.09009
0.51385 0.09067
0.5119 0.09138
0.51023 0.09219
0.50794 0.094070
0.50736 0.09507
0.5072 0.09608
0.50746 0.09706
0.50809 0.09802
0.509 0.09896
0.51012 0.09985
0.51136 0.10071
0.512650 0.10153
0.51399 0.10231
0.51536 0.10305
0.51677 0.10375
0.5182 0.10442
0.51967 0.105070
0.52117 0.10568
0.52269 0.10627
0.52423 0.106850
0.525790 0.1074
0.52735 0.10795
0.52893 0.10849
0.53051 0.10902
0.53209 0.10955
0.53367 0.11008
0.53525 0.11061
0.53682 0.11115
0.53838 0.1117
0.53994 0.11225
0.54149 0.112820
0.54303 0.113390
0.54456 0.11397
0.54608 0.11456
0.54759 0.11517
0.549090 0.11578
0.55057 0.11641
0.55204 0.11705
0.55351 0.1177
0.55495 0.11836
0.55639 0.11904
0.55781 0.11973
0.55922 0.120430
0.56062 0.12115
0.562 0.12188
0.56336 0.12262
0.56471 0.123380
0.56605 0.12416
0.567370 0.124950
0.56868 0.12576
0.56996 0.12658
0.571240 0.12742
0.57249 0.12828
0.57373 0.12915
0.57496 0.13003
0.57617 0.13093
0.57738 0.13184
0.57857 0.13276
0.579740 0.13370
0.5809 0.134650
0.58204 0.13562
0.583160 0.13661
0.58426 0.13762
0.58535 0.13865
0.58641 0.1397
0.58745 0.14077
0.58847 0.14186
0.58948 0.14297
0.59046 0.14409
0.59143 0.14524
0.59237 0.146410
0.5933 0.1476
0.5942 0.14881
0.59508 0.15004
0.59593 0.1513
0.59676 0.15258
0.59757 0.15388
0.59836 0.15521
0.59911 0.15656
0.59984 0.15794
0.60055 0.15935
0.60122 0.16079
0.60187 0.16225
0.60249 0.16374
0.603090 0.16525
0.603670 0.16679
0.60422 0.16835
0.604760 0.16993
0.60527 0.17153
0.60576 0.17315
0.60623 0.17479
0.60668 0.17645
0.60711 0.17813
0.60751 0.17985
0.60787 0.1816
0.60819 0.18339
0.60846 0.18522
0.60869 0.187
0.60888 0.18866
0.60902 0.1901
0.60913 0.19124
0.6092100 0.19202
0.60927 0.19238
*.*.Setup: Ga2.txt as Flap 1, Inverted: y, Scale = 1.0, AoA = 0.0, Reposition from (0,0) = (0, 0)*.*.
*.*.Setup: Ga2.txt as Flap 2, Inverted: y, Scale = 0.4, AoA = 32.0, Reposition from previous T.E. = (0.04, 0.06), Reposition from (0,0) = (1.04, 0.0109)*.*.
*.*.Setup: Ga2.txt as Flap 3, Inverted: y, Scale = 0.4, AoA = 45.0, Reposition from previous T.E. = (0.04, 0.07), Reposition from (0,0) = (1.4296, 0.2762)*.*.
*.*.Setup: Scale Ratio = 0.35292*.*.