0.3685800000 -0.01811
0.3678 -0.0189
0.36624 -0.02042
0.36393 -0.02266
0.36099 -0.02545
0.35759 -0.0286
0.35387 -0.03191
0.35 -0.03517
0.3461 -0.03822
0.34220 -0.04105
0.3383 -0.04369
0.3344 -0.04618
0.3305 -0.04855
0.3266 -0.05082
0.32271 -0.053
0.31881 -0.05511
0.31491 -0.05713
0.31101 -0.05908
0.30711 -0.06096
0.30321 -0.06277
0.29931 -0.06453
0.29541 -0.06622
0.29151 -0.06785
0.28761 -0.06943
0.28372 -0.070950
0.27982 -0.07241
0.275920 -0.07381
0.27202 -0.07514
0.26812 -0.07641
0.26422 -0.07762
0.26032 -0.07878
0.25642 -0.0799
0.252520 -0.08099
0.24863 -0.08205
0.24473 -0.083080
0.24083 -0.08407
0.23693 -0.08502
0.23303 -0.08593
0.229130 -0.08679
0.22523 -0.087590
0.22133 -0.08835
0.21743 -0.08906
0.21353 -0.08972
0.20964 -0.09034
0.20574 -0.09092
0.20184 -0.09146
0.19794 -0.09196
0.19404 -0.09242
0.19014 -0.09285
0.18624 -0.09324
0.18234 -0.09358
0.17844 -0.09389
0.17454 -0.09415
0.17065 -0.09437
0.16675 -0.09454
0.16285 -0.09466
0.15895 -0.09473
0.15505 -0.09476
0.15115 -0.09474
0.14725 -0.09467
0.14335 -0.09456
0.139450 -0.09439
0.13555 -0.09417
0.13166 -0.0939
0.12776 -0.09358
0.12386 -0.09322
0.11996 -0.09282
0.116060 -0.09238
0.11216 -0.0919
0.10826 -0.09138
0.10436 -0.0908
0.10046 -0.090150
0.09656 -0.089430
0.092670 -0.08861
0.08877 -0.08771
0.08487 -0.08671
0.08097 -0.08563
0.07707 -0.08446
0.07317 -0.08319
0.06927 -0.08183
0.06537 -0.08035
0.06147 -0.07873
0.05758 -0.0769600
0.05368 -0.07503
0.04978 -0.0729400
0.04588 -0.07070
0.04198 -0.0683
0.03808 -0.06576
0.03418 -0.06306
0.03028 -0.06014
0.026380 -0.05692
0.02248 -0.053330
0.01859 -0.04929
0.01471 -0.04475
0.011 -0.03986
0.00759 -0.0348
0.00465 -0.02972
0.00234 -0.02481
0.00078 -0.02024
0.000000 -0.01254
0.00078 -0.00962
0.00234 -0.00746
0.00465 -0.00612
0.00759 -0.00551
0.011 -0.00548
0.01471 -0.00589
0.01859 -0.00659
0.02248 -0.00747
0.026380 -0.00849
0.03028 -0.00966
0.03418 -0.01095
0.03808 -0.01237
0.04198 -0.0139
0.04588 -0.01553
0.04978 -0.01724
0.05368 -0.01903
0.05758 -0.02087
0.06147 -0.02275
0.06537 -0.02467
0.06927 -0.0266
0.07317 -0.02854
0.07707 -0.03048
0.08097 -0.0324
0.08487 -0.03431
0.08877 -0.03619
0.092670 -0.03804
0.09656 -0.03987
0.10046 -0.04165
0.10436 -0.0434
0.10826 -0.04512
0.11216 -0.04679
0.116060 -0.04842
0.11996 -0.05
0.12386 -0.051540
0.12776 -0.05304
0.13166 -0.05449
0.13555 -0.055890
0.139450 -0.0572400
0.14335 -0.05854
0.14725 -0.0598
0.15115 -0.061
0.15505 -0.06214
0.15895 -0.06323
0.16285 -0.06427
0.16675 -0.06525
0.17065 -0.06616
0.17454 -0.06702
0.17844 -0.06782
0.18234 -0.06855
0.18624 -0.069240
0.19014 -0.069870
0.19404 -0.07046
0.19794 -0.07101
0.20184 -0.07150
0.20574 -0.07194
0.20964 -0.07232
0.21353 -0.07264
0.21743 -0.07287
0.22133 -0.07304
0.22523 -0.07313
0.229130 -0.07315
0.23303 -0.07311
0.23693 -0.07299
0.24083 -0.0728
0.24473 -0.072540
0.24863 -0.0722
0.252520 -0.07179
0.25642 -0.0713
0.26032 -0.07073
0.26422 -0.07007
0.26812 -0.06933
0.27202 -0.0685
0.275920 -0.06759
0.27982 -0.06659
0.28372 -0.06549
0.28761 -0.06429
0.29151 -0.06299
0.29541 -0.06158
0.29931 -0.06008
0.30321 -0.05848
0.30711 -0.05679
0.31101 -0.05501
0.31491 -0.05316
0.31881 -0.051230
0.32271 -0.04922
0.3266 -0.04714
0.3305 -0.04498
0.3344 -0.04275
0.3383 -0.04043
0.34220 -0.03799
0.3461 -0.03542
0.35 -0.03270
0.35387 -0.02984
0.35759 -0.02697
0.36099 -0.02426
0.36393 -0.02186
0.36624 -0.019950
0.3678 -0.01866
0.3685800000 -0.01811
-Inserting Flap Ga2-
0.51798 0.06448
0.51785 0.06406
0.51757 0.06324
0.51715 0.06202
0.51661 0.06049
0.51597 0.05875
0.51524 0.05689
0.51445 0.05503
0.513620 0.05323
0.51274 0.05152
0.51183 0.04987
0.5109 0.04827
0.5099400 0.04672
0.50896 0.0452
0.50797 0.04371
0.506960 0.04226
0.50594 0.04083
0.5049 0.03943
0.50385 0.03805
0.50279 0.036690
0.50172 0.03536
0.50064 0.03405
0.49954 0.03276
0.49844 0.03149
0.49733 0.030240
0.4962 0.02901
0.49507 0.0278
0.49392 0.026620
0.49276 0.02546
0.49159 0.02432
0.49041 0.02320
0.48923 0.02209
0.48803 0.021
0.48684 0.01991
0.48563 0.01884
0.48443 0.01777
0.48321 0.01673
0.48198 0.01569
0.48075 0.01468
0.47951 0.01369
0.47825 0.01271
0.47699 0.01175
0.47572 0.0108
0.47445 0.00987
0.47316 0.00896
0.47187 0.00806
0.47057 0.00717
0.46927 0.0063
0.46795 0.00544
0.46664 0.00459
0.46531 0.00376
0.46398 0.002940
0.46263 0.00214
0.4612800 0.00136
0.45992 0.00059
0.45856 -0.00016
0.45718 -0.00089
0.4558 -0.00161
0.4544 -0.00231
0.453 -0.003
0.45159 -0.00366
0.45017 -0.00431
0.44874 -0.00494
0.4473 -0.00556
0.44585 -0.00615
0.4444 -0.00673
0.44294 -0.00729
0.44147 -0.00784
0.43999 -0.00838
0.43851 -0.0089
0.43701 -0.00941
0.43550 -0.00988
0.43398 -0.01033
0.43245 -0.01075
0.43089 -0.01114
0.42932 -0.01149
0.42773 -0.01181
0.42613 -0.0121
0.42451 -0.01236
0.42288 -0.01258
0.42122 -0.012760
0.419530 -0.01289
0.41782 -0.01297
0.41608 -0.01299
0.414310 -0.01295
0.41252 -0.01286
0.41069 -0.01272
0.408840 -0.01252
0.406960 -0.01226
0.40504 -0.01193
0.40307 -0.01149
0.40103 -0.01092
0.3989 -0.01019
0.3967 -0.00928
0.39449 -0.00821
0.39235 -0.00702
0.39038 -0.00574
0.38867 -0.004420
0.38728 -0.00307
0.3856 -0.00046
0.38535 0.00072
0.38552 0.00177
0.3861 0.00267
0.38703 0.00342
0.38824 0.00405
0.38964 0.00458
0.39115 0.00503
0.3927 0.00542
0.39427 0.00577
0.39587 0.00606
0.3975 0.00631
0.39915 0.00651
0.40081 0.00667
0.4025 0.0068
0.4042 0.0069
0.40591 0.00697
0.40764 0.00702
0.40937 0.00706
0.41111 0.00708
0.41285 0.0071
0.41459 0.00712
0.41633 0.007140
0.41807 0.00716
0.4198 0.00719
0.42154 0.00722
0.42326 0.00727
0.42498 0.00733
0.4267 0.0074
0.4284 0.007490
0.4301 0.00758
0.4318 0.0077
0.43348 0.00782
0.43516 0.00797
0.43683 0.00813
0.43849 0.0083
0.440140 0.00849
0.441790 0.0087
0.44342 0.00893
0.44505 0.009170
0.44667 0.009430
0.44827 0.00971
0.44987 0.01001
0.45146 0.010330
0.45304 0.010670
0.4546 0.01103
0.45616 0.01141
0.45771 0.01181
0.45924 0.01224
0.46076 0.012680
0.46228 0.01315
0.46378 0.01363
0.46528 0.014130
0.466770 0.01464
0.46825 0.01517
0.46972 0.01572
0.471180 0.0163
0.47262 0.01689
0.47405 0.01752
0.47547 0.01816
0.47688 0.01884
0.4782700 0.01954
0.47966 0.02027
0.48102 0.02101
0.48238 0.02179
0.48372 0.02259
0.48505 0.02342
0.48636 0.02427
0.48767 0.02516
0.48895 0.02607
0.49022 0.02701
0.49148 0.02798
0.492720 0.02899
0.4939400 0.03002
0.49515 0.03109
0.49634 0.03219
0.49751 0.03332
0.49866 0.03449
0.49980 0.03570
0.50091 0.03695
0.50201000 0.03822
0.50309 0.03953
0.50416 0.04088
0.505210 0.04224
0.50625 0.0436400
0.507280 0.04506
0.50829 0.04651
0.50929 0.04799
0.51027 0.04949
0.51124 0.05103
0.51219 0.05261
0.51311 0.05423
0.51401 0.05591
0.514870 0.05763
0.515670 0.05933
0.51639 0.060910
0.517 0.0623
0.517480 0.0634
0.5178 0.06414
0.51798 0.06448
-Inserting Flap Ga2-
0.60524 0.1931
0.60524 0.19265
0.605230 0.19178
0.60521 0.1905
0.60517 0.18887
0.6051 0.18702
0.60498 0.185030
0.60481 0.18302
0.60457 0.18105
0.60426 0.17915
0.60391 0.1773
0.60351 0.17549
0.60308 0.173720
0.60262 0.17197
0.60213 0.17025
0.60162 0.16855
0.60109 0.16688
0.60054 0.16522
0.59997 0.16359
0.59938 0.161970
0.59877 0.16038
0.59815 0.1588
0.59751 0.15723
0.59685 0.15568
0.59618 0.15415
0.59549 0.15263
0.59478 0.15113
0.59406 0.14965
0.59331 0.14819
0.59255 0.14675
0.59178 0.14532
0.59099 0.1439
0.5902 0.14249
0.58939 0.14108
0.58858 0.13969
0.58776 0.13831
0.58693 0.13693
0.58608 0.13557
0.58522 0.13423
0.58434 0.1329
0.58346 0.13158
0.58255 0.13028
0.58164 0.12899
0.580710 0.12771
0.57977 0.12644
0.57882 0.12519
0.57786 0.12394
0.57689 0.12271
0.57591 0.12149
0.574910 0.12027
0.57391 0.11907
0.57289 0.11788
0.57186 0.11671
0.57082 0.11554
0.56977 0.11439
0.5687 0.11326
0.56762 0.11213
0.56652 0.111020
0.56541 0.10992
0.56429 0.10884
0.56316 0.107770
0.56201 0.10671
0.56084 0.10567
0.55966 0.10465
0.55847 0.10363
0.55727 0.10263
0.55605 0.10164
0.55482 0.10067
0.55358 0.0997
0.55233 0.09874
0.55107 0.0978
0.5497800 0.09688
0.54847 0.09599
0.54714 0.09512
0.54578 0.09427
0.5444 0.09345
0.54299 0.09265
0.54155 0.09188
0.54009 0.09113
0.5386 0.09042
0.53708 0.08973
0.53552 0.08909
0.53392 0.08849
0.53227 0.08793
0.53058 0.08742
0.52884 0.08695
0.52706 0.08652
0.525240 0.08614
0.52337 0.0858
0.52144 0.08552
0.51943 0.08533
0.51731 0.08524
0.51506 0.08528
0.51268 0.08547
0.51025 0.0858
0.50785 0.08627
0.50559 0.08688
0.50355 0.08761
0.50181 0.08846
0.49941 0.09042
0.49881 0.09147
0.49864 0.09252
0.49891 0.09355
0.499570 0.09456
0.50053 0.09553
0.50169 0.09646
0.50299 0.09736
0.50434 0.09822
0.505730 0.09903
0.50716 0.0998
0.50863 0.100540
0.51013 0.10124
0.51167 0.10191
0.51323 0.10255
0.51482 0.10317
0.51643 0.10377
0.51805 0.10435
0.51969 0.10492
0.521330 0.10548
0.52298 0.10604
0.52463 0.10659
0.52629 0.10715
0.52793 0.1077
0.52957 0.10827
0.53121 0.10884
0.53284 0.109420
0.53445 0.11001
0.53606 0.1106
0.53766 0.11121
0.53925 0.11183
0.54082 0.11246
0.54239 0.1131
0.543940 0.11375
0.54548 0.11442
0.547 0.1151
0.54851 0.11579
0.55001 0.1165
0.5515 0.11722
0.55297 0.11796
0.55443 0.1187
0.55587 0.11947
0.5573 0.12025
0.55871 0.12104
0.5601 0.12185
0.56148 0.12268
0.56285 0.12352
0.56419 0.12438
0.5655200 0.12526
0.56683 0.12615
0.56813 0.12706
0.56941 0.12799
0.57068 0.12892
0.57193 0.12987
0.573180 0.13083
0.57441 0.13181
0.57562 0.13281
0.57681 0.13382
0.57798 0.13486
0.579130 0.135910
0.58026 0.13699
0.58136 0.13808
0.58245 0.1392
0.583520 0.14034
0.58457 0.14149
0.5856 0.14267
0.58661 0.14387
0.5876 0.14509
0.58856 0.14633
0.5895 0.14759
0.59042 0.14888
0.59131 0.15019
0.59218 0.15153
0.59302 0.152890
0.59384 0.15428
0.59464 0.15569
0.5954 0.157130
0.59613 0.158610
0.59684 0.160110
0.59752 0.16163
0.59817 0.16319
0.59879 0.16477
0.59939 0.16638
0.599970 0.168
0.60053 0.16965
0.60106 0.17132
0.60158 0.17301
0.60207 0.17473
0.60254 0.17646
0.60299 0.17822
0.6034 0.18001
0.60378 0.18184
0.60411 0.18371
0.60440 0.18562
0.604640 0.187480
0.604830 0.18921
0.60498 0.19072
0.6051 0.19191
0.60517 0.19272
0.60524 0.1931
*.*.Setup: Ga2.txt as Flap 1, Inverted: y, Scale = 1.0, AoA = 0.0, Reposition from (0,0) = (0, 0)*.*.
*.*.Setup: Ga2.txt as Flap 2, Inverted: y, Scale = 0.4, AoA = 27.0, Reposition from previous T.E. = (0.04, 0.06), Reposition from (0,0) = (1.04, 0.0109)*.*.
*.*.Setup: Ga2.txt as Flap 3, Inverted: y, Scale = 0.4, AoA = 45.0, Reposition from previous T.E. = (-0.06, 0.08), Reposition from (0,0) = (1.3453, 0.2549)*.*.
*.*.Setup: Scale Ratio = 0.36858*.*.