0.3886100000 -0.0191
0.38779 -0.01992
0.38615 -0.02152
0.38371 -0.02389
0.38061 -0.02684
0.37702 -0.03016
0.3731 -0.03364
0.36902 -0.03708
0.36491 -0.04029
0.36080 -0.04328
0.35669 -0.04607
0.35258 -0.04869
0.34846 -0.05119
0.34435 -0.05358
0.34024 -0.05588
0.33613 -0.0581
0.33202 -0.06023
0.32791 -0.06229
0.3238 -0.06427
0.31969 -0.06619
0.31558 -0.06803
0.31147 -0.06981
0.30736 -0.07154
0.30325 -0.0732
0.29913 -0.07480
0.29502 -0.07635
0.290910 -0.07782
0.2868 -0.07923
0.28269 -0.08057
0.27858 -0.08184
0.27447 -0.08306
0.27036 -0.08424
0.266250 -0.08539
0.26214 -0.0865
0.25803 -0.087590
0.25392 -0.08864
0.2498 -0.08964
0.24569 -0.0906
0.241580 -0.0915
0.23747 -0.092350
0.23336 -0.09315
0.22925 -0.0939
0.22514 -0.0946
0.22103 -0.09525
0.21692 -0.09586
0.21281 -0.09643
0.2087 -0.09695
0.20458 -0.09744
0.20047 -0.09789
0.19636 -0.0983
0.19225 -0.09867
0.18814 -0.09899
0.18403 -0.09927
0.17992 -0.0995
0.17581 -0.09967
0.1717 -0.0998
0.16759 -0.09988
0.16348 -0.09991
0.15937 -0.09989
0.15525 -0.09982
0.15114 -0.09969
0.147030 -0.09952
0.14292 -0.09929
0.13881 -0.099
0.1347 -0.09867
0.13059 -0.09829
0.12648 -0.09786
0.122370 -0.0974
0.11826 -0.09689
0.11415 -0.09634
0.11003 -0.09573
0.10592 -0.095050
0.10181 -0.094290
0.09770 -0.09343
0.09359 -0.09247
0.08948 -0.09142
0.08537 -0.09028
0.08126 -0.08905
0.07715 -0.08772
0.07304 -0.08628
0.06893 -0.08471
0.06481 -0.08301
0.0607 -0.0811400
0.05659 -0.07911
0.05248 -0.0769100
0.04837 -0.074540
0.04426 -0.07201
0.04015 -0.06933
0.03604 -0.06649
0.03193 -0.06341
0.027820 -0.06002
0.02371 -0.056230
0.0196 -0.05196
0.01551 -0.04718
0.01159 -0.04203
0.008 -0.03669
0.00491 -0.03133
0.00247 -0.02616
0.00082 -0.02134
0.000000 -0.01322
0.00082 -0.01014
0.00247 -0.00786
0.00491 -0.00646
0.008 -0.00581
0.01159 -0.00578
0.01551 -0.00621
0.0196 -0.00695
0.02371 -0.00787
0.027820 -0.00896
0.03193 -0.01018
0.03604 -0.01155
0.04015 -0.01304
0.04426 -0.01465
0.04837 -0.01637
0.05248 -0.01818
0.05659 -0.02006
0.0607 -0.022
0.06481 -0.02399
0.06893 -0.02601
0.07304 -0.02805
0.07715 -0.03009
0.08126 -0.03214
0.08537 -0.03416
0.08948 -0.03617
0.09359 -0.03816
0.09770 -0.04011
0.10181 -0.04203
0.10592 -0.04392
0.11003 -0.04576
0.11415 -0.04757
0.11826 -0.04933
0.122370 -0.05105
0.12648 -0.05272
0.13059 -0.054340
0.1347 -0.05592
0.13881 -0.05745
0.14292 -0.058930
0.147030 -0.0603500
0.15114 -0.06173
0.15525 -0.06305
0.15937 -0.06431
0.16348 -0.06552
0.16759 -0.06667
0.1717 -0.06776
0.17581 -0.06879
0.17992 -0.06976
0.18403 -0.07066
0.18814 -0.0715
0.19225 -0.07228
0.19636 -0.0730
0.20047 -0.073670
0.20458 -0.07429
0.2087 -0.07486
0.21281 -0.075390
0.21692 -0.07585
0.22103 -0.07625
0.22514 -0.07658
0.22925 -0.07683
0.23336 -0.07701
0.23747 -0.07711
0.241580 -0.07713
0.24569 -0.07708
0.2498 -0.07696
0.25392 -0.07676
0.25803 -0.076480
0.26214 -0.07613
0.266250 -0.07569
0.27036 -0.07517
0.27447 -0.07457
0.27858 -0.07388
0.28269 -0.0731
0.2868 -0.07223
0.290910 -0.07126
0.29502 -0.0702
0.29913 -0.06904
0.30325 -0.06778
0.30736 -0.06641
0.31147 -0.06493
0.31558 -0.06334
0.31969 -0.06165
0.3238 -0.05987
0.32791 -0.058
0.33202 -0.05605
0.33613 -0.054010
0.34024 -0.05189
0.34435 -0.0497
0.34846 -0.04743
0.35258 -0.04507
0.35669 -0.04262
0.36080 -0.04006
0.36491 -0.03735
0.36902 -0.034480
0.3731 -0.03146
0.37702 -0.02844
0.38061 -0.02558
0.38371 -0.02305
0.38615 -0.021040
0.38779 -0.01968
0.3886100000 -0.0191
-Inserting Flap Ga2-
0.52022 0.07187
0.52008 0.07143
0.51978 0.07056
0.51934 0.06927
0.51878 0.06766
0.5181 0.06582
0.51734 0.06387
0.5165 0.0619
0.51562 0.06001
0.5147 0.0582
0.51374 0.05646
0.51275 0.05478
0.51174 0.05314
0.51071 0.05154
0.50966 0.04998
0.5086 0.04844
0.50752 0.04693
0.50643 0.04545
0.50533 0.044
0.50421 0.042570
0.50308 0.04117
0.50194 0.03979
0.50079 0.03843
0.49962 0.03709
0.49845 0.035770
0.49726 0.03447
0.49607 0.0332
0.49486 0.031950
0.493630 0.03073
0.4924 0.02953
0.49116 0.028350
0.48991 0.02718
0.48865 0.02602
0.48739 0.02488
0.48612 0.02375
0.48484 0.02263
0.48356 0.02152
0.48227 0.02043
0.48097 0.01937
0.47966 0.01832
0.47834 0.01729
0.47701 0.01627
0.47567 0.01528
0.474320 0.0143
0.47297 0.01333
0.471610 0.01238
0.47024 0.01145
0.46886 0.01053
0.46748 0.00962
0.46609 0.00873
0.46469 0.00785
0.46328 0.006990
0.46187 0.00615
0.46044 0.00532
0.45901 0.00451
0.45757 0.00372
0.45612 0.00294
0.45466 0.00219
0.45319 0.00145
0.45171 0.00073
0.45022 0.000059
0.44873 -0.00066
0.44722 -0.00133
0.4457 -0.00197
0.44418 -0.0026
0.44264 -0.00321
0.4411 -0.0038
0.439550 -0.00438
0.43799 -0.00495
0.43643 -0.0055
0.43485 -0.00603
0.43326 -0.00653
0.43166 -0.00701
0.43004 -0.00745
0.4284 -0.00785
0.42674 -0.00823
0.42507 -0.00857
0.42338 -0.00887
0.42168 -0.00915
0.41995 -0.00938
0.4182 -0.009570
0.41643 -0.00971
0.41462 -0.00979
0.41279 -0.00981
0.41092 -0.00977
0.40903 -0.00968
0.4071 -0.00952
0.40515 -0.00931
0.40317 -0.00904
0.40115 -0.00869
0.39906 -0.00823
0.396910 -0.00763
0.39467 -0.00685
0.39235 -0.00589
0.39002 -0.00477
0.38777 -0.00352
0.38569 -0.00217
0.38388 -0.000770
0.38242 0.00065
0.380650 0.0034
0.38039 0.00464
0.380560 0.00575
0.38117 0.0067
0.38216 0.00749
0.38343 0.00815
0.384910 0.00871
0.3865 0.00919
0.38813 0.00961
0.38979 0.00997
0.39148 0.01028
0.393190 0.01054
0.39493 0.01075
0.39669 0.01092
0.39846 0.01106
0.40026 0.01116
0.40206 0.01123
0.40388 0.01129
0.40571 0.01133
0.40754 0.01135
0.40937 0.01137
0.41121 0.01139
0.41305 0.011410
0.41488 0.01143
0.41671 0.01146
0.41854 0.0115
0.420360 0.01155
0.42217 0.01162
0.42398 0.01169
0.42578 0.011780
0.42757 0.01188
0.42936 0.012
0.43113 0.01213
0.4329 0.01229
0.43466 0.01245
0.43641 0.01264
0.43816 0.01284
0.43989 0.01306
0.441610 0.0133
0.44333 0.013550
0.44503 0.013830
0.446730 0.01413
0.44841 0.01444
0.45009 0.014780
0.45175 0.015140
0.4534 0.01552
0.45504 0.01592
0.456670 0.01634
0.45829 0.01679
0.4599 0.017260
0.46149 0.01775
0.46308 0.01826
0.46466 0.018780
0.46623 0.01932
0.46779 0.01988
0.46934 0.02046
0.47087 0.02107
0.4724 0.0217
0.47391 0.02235
0.47541 0.02304
0.47689 0.02375
0.47836 0.02449
0.479810 0.02525
0.48126 0.02604
0.482690 0.02686
0.4841 0.0277
0.4855 0.02858
0.48689 0.02948
0.488260 0.03041
0.48961 0.03137
0.49095 0.03237
0.492280 0.03339
0.49358 0.03445
0.49487 0.03554
0.49615 0.03666
0.4974 0.03782
0.49864 0.03902
0.49985 0.04025
0.50105 0.041530
0.50223 0.04284
0.50339 0.04419
0.50453 0.04557
0.50565 0.04698
0.50676 0.04843
0.50786 0.049900
0.50894 0.0514
0.51001 0.05293
0.51106 0.05448
0.5121 0.05607
0.51312 0.05769
0.51412 0.05935
0.51509 0.06106
0.51603 0.06283
0.51694 0.06465
0.51779 0.06644
0.51855 0.068110
0.51919 0.06957
0.5197 0.07073
0.52003 0.07152
0.52022 0.07187
-Inserting Flap Ga2-
0.59931 0.21239
0.59937 0.21192
0.59946 0.21101
0.5996 0.2096600
0.59975 0.20795
0.59991 0.206
0.60003 0.20391
0.60009 0.20178
0.60008 0.19969
0.6 0.19766
0.59985 0.19568
0.59966 0.19374
0.599420 0.19183
0.59915 0.18994
0.59885 0.18808
0.59853 0.18624
0.59818 0.18442
0.5978 0.18262
0.59741 0.18084
0.59699 0.17908
0.59654 0.17733
0.596080 0.1756
0.5956 0.17388
0.59511 0.17218
0.59459 0.17049
0.59405 0.16882
0.5935 0.16716
0.59292 0.16552
0.59232 0.1639
0.5917 0.16229
0.59106 0.1607
0.59041 0.159120
0.58975 0.1575400
0.58908 0.15598
0.5884 0.15442
0.58771 0.15287
0.58701 0.15133
0.58629 0.1498
0.58555 0.14829
0.5848 0.14679
0.58403 0.1453
0.58324 0.14382
0.58244 0.142360
0.58163 0.14091
0.5808 0.13947
0.57996 0.13804
0.5791 0.13662
0.57824 0.13521
0.57736 0.1338
0.57647 0.132410
0.575560 0.13103
0.57464 0.129660
0.57371 0.1283
0.57276 0.12696
0.5718 0.12562
0.57082 0.1243
0.569820 0.12299
0.56881 0.1217
0.56778 0.12041
0.56674 0.11914
0.56568 0.11788
0.56461 0.11663
0.56352 0.1154
0.56241 0.11418
0.56128 0.11297
0.56014 0.11178
0.55899 0.11059
0.55782 0.10942
0.55665 0.10825
0.55545 0.1071
0.55424 0.10596
0.55301 0.10484
0.55175 0.10374
0.55046 0.10267
0.549140 0.10161
0.54779 0.10058
0.54641 0.09958
0.5450 0.09859
0.54357 0.09763
0.5421 0.0967
0.54059 0.0958
0.53903 0.09493
0.53743 0.0941
0.53577 0.09332
0.53406 0.092580
0.53229 0.09187
0.53048 0.09121
0.528620 0.09059
0.52671 0.09
0.52472 0.08948
0.52264 0.08903
0.52043 0.08868
0.51807 0.08845
0.51556 0.08835
0.51297 0.0884
0.5104 0.0886
0.50795 0.0889500
0.50573 0.08947
0.50381 0.09015
0.50105 0.09191
0.50029 0.09293
0.49999 0.09401
0.50015 0.09513
0.500710 0.09626
0.50159 0.09739
0.5027 0.09852
0.50395 0.099610
0.50526 0.10067
0.50662 0.1017
0.50802 0.10268
0.50947 0.103630
0.51096 0.10455
0.51248 0.10544
0.51404 0.1063
0.51563 0.10715
0.51724 0.10797
0.51887 0.108780
0.52051 0.10957
0.522170 0.11036
0.523830 0.11115
0.52549 0.11193
0.52715 0.11271
0.5288 0.11350
0.53045 0.11429
0.5321 0.115090
0.53373 0.11589
0.53535 0.11671
0.536960 0.117530
0.53856 0.118360
0.54015 0.1192
0.54172 0.12006
0.54328 0.12092
0.54483 0.12179
0.54636 0.12268
0.54787 0.12358000
0.54937 0.12449
0.55085 0.125410
0.55232 0.12635
0.55377 0.12730
0.5552 0.12826
0.55662 0.12924
0.55802 0.13023
0.5594 0.13123
0.56076 0.13225
0.56211 0.13328
0.56343 0.13433
0.56473 0.1354
0.56602 0.13648
0.56728 0.13758
0.568530 0.13869
0.56976 0.13981
0.57097 0.14095
0.57217 0.14210
0.57336 0.14326
0.57452 0.14443
0.57567 0.145620
0.57679 0.14683
0.577890 0.14806
0.57896 0.1493
0.58001 0.15057
0.58104 0.15185
0.58205 0.15316
0.583030 0.15448
0.58398 0.15582
0.58492 0.15717
0.58583 0.15855
0.58671 0.15995
0.58757 0.16137
0.58840 0.16281
0.5892 0.16427
0.589980 0.16575
0.59072 0.16726
0.59144 0.16879
0.59213 0.17034
0.59278 0.17192
0.593410 0.17352
0.594 0.17515
0.59455 0.17681
0.59507 0.17849
0.595560 0.180200
0.59602 0.18193
0.59646 0.183690
0.59686 0.18546
0.59724 0.18726
0.5976 0.18907
0.59793 0.19091
0.59824 0.19276
0.59852 0.19463
0.59877 0.196530
0.59899 0.19846
0.59916 0.20042
0.59928 0.20242
0.59934 0.20445
0.59937 0.20643
0.59936 0.208270
0.59933 0.20986
0.59931 0.21113
0.59929 0.21198
0.59931 0.21239
*.*.Setup: Ga2.txt as Flap 1, Inverted: y, Scale = 1.0, AoA = 0.0, Reposition from (0,0) = (0, 0)*.*.
*.*.Setup: Ga2.txt as Flap 2, Inverted: y, Scale = 0.4, AoA = 27.0, Reposition from previous T.E. = (-0.0267, 0.07), Reposition from (0,0) = (0.9733, 0.0209)*.*.
*.*.Setup: Ga2.txt as Flap 3, Inverted: y, Scale = 0.4, AoA = 51.666666666666664, Reposition from previous T.E. = (-0.06, 0.06), Reposition from (0,0) = (1.2787, 0.2449)*.*.
*.*.Setup: Scale Ratio = 0.38861*.*.