0.37604 0.03952
0.373830 0.03732
0.37062 0.03412
0.36685 0.03097
0.36229 0.02792
0.356750 0.024790
0.35006 0.02142
0.34216 0.01781
0.333160 0.01401
0.32330 0.01011
0.31285 0.0062
0.30206 0.00236
0.291080 -0.001350
0.28004 -0.00491
0.26897 -0.00828
0.25786 -0.011450
0.2467 -0.01444
0.23543 -0.01724
0.22400 -0.01989
0.21234 -0.02242
0.20044 -0.02487
0.18829 -0.02726
0.17595 -0.02963
0.16355 -0.031970
0.15124 -0.03425
0.1392 -0.03643
0.12763 -0.03842
0.11671 -0.04014
0.10657 -0.0415
0.09716 -0.04241
0.08834 -0.04287
0.07998 -0.04285
0.072 -0.04237
0.06434 -0.04144
0.05697 -0.04005
0.04989 -0.03824
0.043130 -0.03602
0.03672 -0.03344
0.03076 -0.03059
0.02536 -0.0276
0.0206 -0.02460
0.01653 -0.02172
0.01312 -0.01902
0.01031 -0.01651
0.00799 -0.01418
0.006090 -0.01201
0.00453 -0.009990
0.00325 -0.00811
0.00222 -0.00635
0.00139 -0.004690
0.00076 -0.00313
0.0003 -0.00164
0.000055 -0.00023
-7e-05 0.00114
0.00013 0.0025
0.00078 0.00373
0.00189 0.00468
0.003310 0.00537
0.00497 0.005890
0.00688 0.00633
0.00908 0.00671
0.01165 0.00706
0.01473 0.00739
0.01848 0.00771
0.02317 0.0080
0.02912 0.00828
0.03662 0.00851
0.04564 0.008650
0.05576 0.0086
0.06665 0.00831
0.07823 0.00779
0.09039 0.00712
0.10293 0.00638
0.11566 0.00561
0.12835 0.00486
0.140890 0.00415
0.15324 0.00353
0.165390 0.00301
0.17734 0.00264
0.1891 0.00242
0.200680 0.00239
0.21212 0.00256
0.22341 0.00295
0.2346 0.00356
0.24568 0.0044
0.25667 0.00549
0.26758 0.00683
0.27842 0.00841
0.28918 0.01025
0.29984 0.01234
0.31035 0.014670
0.32063 0.01721
0.33052 0.01993
0.33979 0.02276
0.3482 0.02563
0.355560 0.02845
0.36184 0.03121
0.36713 0.03388
0.37155 0.036470
0.37604 0.03952
-Inserting Flap s1223rtl-
0.5537 0.12309
0.55289 0.121760
0.55172 0.11981
0.55027 0.11783
0.54843 0.1158
0.54612 0.11361
0.54328 0.11117000
0.539890 0.10846
0.53598 0.10553
0.53167 0.10244
0.52707 0.09928
0.5223 0.09611
0.51743 0.09298
0.5125 0.08992
0.50753 0.08695
0.50253 0.08406
0.49748 0.08127
0.49235 0.07854
0.48712 0.07587
0.48177 0.073240
0.47629 0.07061
0.47069 0.06798
0.464990 0.06534
0.45926 0.0627
0.45356 0.06011
0.44798 0.057590
0.44261 0.05523
0.43752 0.05307
0.432760 0.05119
0.42831 0.0496
0.42408 0.04832
0.420030 0.04731
0.4161 0.04658
0.412270 0.04611
0.40853 0.04589
0.404870 0.04591
0.401320 0.04617
0.3979 0.04665
0.39467 0.047310
0.39168 0.04811
0.389010 0.04899
0.38669 0.04989
0.38471 0.050790
0.38304 0.05167
0.38164 0.05252
0.380450 0.05334
0.37945 0.05413
0.3786 0.05489
0.37789 0.055620
0.377290 0.05632
0.37679 0.0570
0.37639 0.057670
0.37608 0.05832
0.37587 0.05897
0.37581 0.05966
0.37597 0.06033
0.37639 0.06093
0.377 0.06144
0.37774 0.06189
0.37861 0.06233
0.37964 0.06278
0.38084 0.06326
0.3823 0.0638
0.38408 0.0644
0.38632 0.06512
0.38917 0.06597
0.392780 0.06699
0.39714 0.06814
0.40205 0.0693500
0.40738 0.070520
0.41305 0.07167
0.41903 0.07282
0.425210 0.07398
0.43147 0.07514
0.437720 0.07631
0.44389 0.07749
0.44996 0.07868
0.45592 0.0799
0.46176 0.08116
0.46749 0.082480
0.47311 0.08387
0.47864 0.08533
0.48408 0.08688
0.489430 0.08853
0.4947 0.090280
0.4999 0.09214
0.50503 0.09411
0.5101 0.09619
0.51510 0.09838
0.52002 0.10069
0.524830 0.103090
0.52951 0.10556
0.533980 0.10808
0.53814 0.11057
0.54187 0.11298
0.5451 0.11524
0.547820 0.11734
0.55006 0.119280
0.55189 0.12106
0.5537 0.12309
-Inserting Flap s1223rtl-
0.65713 0.28135
0.65697 0.2798
0.65673 0.27754
0.65625 0.27513
0.65544 0.27252
0.65427 0.26955
0.65273 0.26614
0.65080 0.26225
0.6485 0.25795
0.64589 0.25333
0.64306 0.24852
0.64008 0.24363
0.636980 0.23873
0.63381 0.23388
0.63057 0.22908
0.62725 0.22436
0.62385 0.21969
0.62036 0.21505
0.61675 0.21042
0.613010 0.20577
0.609160 0.20108
0.60519 0.19632
0.60114 0.19152
0.59706 0.18671
0.593 0.18195
0.589 0.17731
0.58513 0.1729
0.581430 0.16879
0.57792 0.16508
0.57455 0.16176
0.571260 0.15881
0.568010 0.156180
0.56476 0.15386
0.561490 0.15181
0.55819 0.15003
0.55487 0.14851
0.55154 0.14724
0.54824 0.14623
0.54503 0.14546
0.54199 0.144920
0.53919 0.14459
0.536710 0.14443
0.53453 0.14441
0.53265 0.1445
0.53102 0.14467
0.5296 0.14492
0.528350 0.14521
0.52727 0.145540
0.52631 0.1459
0.52547 0.14628
0.52473 0.14669
0.52408 0.14713
0.52353 0.14759
0.52307 0.14809
0.52272 0.14868
0.522580 0.14936
0.52271 0.15008
0.52305 0.1508
0.52353 0.15152
0.52413 0.15229
0.52487 0.15313
0.52576 0.15408
0.52685 0.15517
0.528210 0.15648
0.529940 0.15807
0.53216 0.16005
0.535 0.1625
0.53846 0.16539
0.54241 0.16856
0.54674 0.17187
0.55140 0.17531
0.55633 0.17888
0.56144 0.18254
0.56662 0.18624
0.57179 0.18994
0.57689 0.19361
0.58189 0.19726
0.58677 0.200880
0.59153 0.20449
0.59616 0.20811
0.60068 0.21174
0.60507 0.215410
0.609340 0.21911
0.61349 0.22287
0.61753 0.22668
0.621460 0.23057
0.62528 0.23452
0.628990 0.23855
0.63259 0.24265
0.636080 0.246810
0.63943 0.25102
0.64262 0.25524
0.64561 0.259410
0.64832 0.26343
0.65069 0.26719
0.65266 0.2706
0.65423 0.27365
0.65545 0.27636
0.65635 0.27875
0.65713 0.28135
*.*.Setup: s1223rtl.txt as Flap 1, Inverted: y, Scale = 1.0, AoA = 6.0, Reposition from (0,0) = (0, 0)*.*.
*.*.Setup: s1223rtl.txt as Flap 2, Inverted: y, Scale = 0.5, AoA = 20.0, Reposition from previous T.E. = (0.0, 0.05), Reposition from (0,0) = (0.9945, 0.1545)*.*.
*.*.Setup: s1223rtl.txt as Flap 3, Inverted: y, Scale = 0.5, AoA = 45.0, Reposition from previous T.E. = (-0.08, 0.065), Reposition from (0,0) = (1.3844, 0.3905)*.*.
*.*.Setup: Scale Ratio = 0.37811*.*.