0.35507 0.03732
0.352990 0.03524
0.34995 0.03221
0.34639 0.02924
0.34209 0.02636
0.336850 0.02340
0.33054 0.02023
0.32308 0.01682
0.314590 0.01323
0.305270 0.00955
0.29541 0.00586
0.28521 0.00223
0.274850 -0.001280
0.26442 -0.00464
0.25397 -0.00782
0.24348 -0.010810
0.23295 -0.01363
0.2223 -0.01628
0.211500 -0.01878
0.2005 -0.02117
0.18926 -0.02348
0.17779 -0.02574
0.16614 -0.02797
0.15443 -0.030180
0.14281 -0.03234
0.13144 -0.0344
0.12051 -0.03628
0.1102 -0.0379
0.10062 -0.03918
0.09174 -0.04005
0.08341 -0.04048
0.07552 -0.04046
0.06798 -0.04001
0.06075 -0.03913
0.05379 -0.03782
0.04711 -0.0361
0.040720 -0.03401
0.03468 -0.03157
0.02905 -0.02889
0.02394 -0.02606
0.01945 -0.023230
0.01561 -0.02051
0.01239 -0.01796
0.00973 -0.01559
0.00755 -0.01339
0.005750 -0.01134
0.00428 -0.009440
0.00307 -0.00766
0.00209 -0.006
0.00131 -0.004430
0.00072 -0.00295
0.00028 -0.00155
0.000055 -0.00021
-6e-05 0.00108
0.00013 0.00236
0.00074 0.00352
0.00179 0.00442
0.003130 0.00507
0.00469 0.005570
0.00649 0.00597
0.00857 0.00633
0.011 0.00666
0.01391 0.00698
0.01745 0.00728
0.02188 0.007560
0.0275 0.00782
0.03458 0.00804
0.04309 0.008170
0.05265 0.00812
0.06294 0.00784
0.07387 0.00735
0.08535 0.00673
0.09719 0.00603
0.10921 0.0053
0.12119 0.00459
0.133040 0.00392
0.1447 0.00333
0.156170 0.00284
0.16745 0.00249
0.17855 0.00229
0.189490 0.00226
0.20029 0.00242
0.21096 0.00278
0.22152 0.00336
0.23198 0.00416
0.24236 0.00518
0.25266 0.00645
0.2629 0.00794
0.27305 0.00968
0.28312 0.01165
0.29304 0.013850
0.30275 0.01625
0.31208 0.01882
0.32084 0.02149
0.32878 0.0242
0.335730 0.02686
0.34167 0.02946
0.34666 0.03199
0.35083 0.034430
0.35507 0.03732
-Inserting Flap s1223rtl-
0.524 0.13954
0.52336 0.13822
0.52241 0.13629
0.52121 0.13431
0.51965 0.13225
0.51766 0.13
0.51519 0.12747
0.51222 0.12464
0.50878 0.12156
0.50498 0.1183
0.50092 0.11495
0.49669 0.11158
0.49236 0.10823
0.487980 0.10495
0.48355 0.10174
0.47908 0.09862
0.474560 0.09557
0.46996 0.092590
0.46526 0.08965
0.46045 0.08673
0.45551 0.083810
0.45045 0.08087
0.44531 0.07792
0.44014 0.07497
0.43499 0.07205
0.42995 0.069230
0.42509 0.06656
0.42048 0.06412
0.41616 0.06195
0.4121 0.0601
0.40824 0.05854
0.4045 0.05726
0.40087 0.05625
0.3973 0.055490
0.3938 0.05497
0.39036 0.054700
0.3870 0.05465
0.38375 0.05481
0.38065 0.05517
0.37778 0.055680
0.37519 0.05628
0.37293 0.05694
0.3710 0.05762
0.36935 0.05831
0.367960 0.0590
0.36678 0.05967
0.36577 0.06033
0.36491 0.06098
0.36418 0.0616
0.36356 0.06222
0.36303 0.06282
0.3626 0.06341
0.36226 0.064
0.36201 0.0646
0.36189 0.06523
0.36199 0.065880
0.36234 0.06648
0.36287 0.067
0.3635300 0.06749
0.36431 0.06798
0.36524 0.068490
0.36633 0.06904
0.36765 0.06966
0.36928 0.070380
0.37133 0.07123
0.37394 0.07227
0.37725 0.07353
0.38126 0.07497
0.38578 0.07651
0.39069 0.078050
0.39594 0.0796
0.40147 0.08117
0.40718 0.08277
0.412980 0.084380
0.41876 0.08599
0.42447 0.08761
0.43008 0.08923
0.43558 0.09086
0.44097 0.09253
0.44625 0.09424
0.45143 0.09601
0.45651 0.09784
0.461490 0.09975
0.46639 0.10174
0.4712100 0.1038200
0.47595 0.106
0.48061 0.10827
0.48521 0.11065
0.48973 0.11312
0.49416 0.11569
0.49850 0.11835
0.5027 0.12106
0.50669 0.1238
0.5104 0.12649
0.51371 0.12906
0.51656 0.13145
0.51894 0.13364
0.52089 0.13565
0.52247 0.137490
0.524 0.13954
-Inserting Flap s1223rtl-
0.65952 0.2705
0.65912 0.26908
0.65852 0.26702
0.65769 0.26486
0.6565 0.26256
0.65493 0.259990
0.6529400 0.257070
0.6505 0.25377
0.64766 0.250150
0.64448 0.24628
0.64106 0.242270
0.63748 0.23822
0.6338 0.23417
0.63005 0.23017
0.62625 0.22625
0.62239 0.2224
0.61847 0.2186100
0.61445 0.214870
0.610340 0.21116
0.60611 0.20745
0.60175 0.20371
0.59728 0.19994
0.59273 0.19614
0.58814 0.19234
0.58358 0.18858
0.57911 0.18492
0.57479 0.181450
0.570670 0.178240
0.5668 0.17536
0.56312 0.17283
0.55958 0.17062
0.55613 0.16872
0.55272 0.167090
0.54934 0.16572
0.54599 0.1646
0.54265 0.1637300
0.53935 0.1631
0.53611 0.1627
0.533 0.162510
0.53008 0.16251
0.52743 0.16266
0.52509 0.16292
0.52307 0.163250
0.52133 0.16364
0.51984 0.16408
0.51856 0.16454
0.51745 0.16501
0.51649 0.1655
0.51566 0.16599
0.51494 0.16648
0.51432 0.16699
0.51379 0.16749
0.51335 0.16801
0.513 0.16856
0.51278 0.16916
0.51276 0.16982
0.513 0.17047
0.51343 0.17108
0.514 0.17167
0.51468 0.17229
0.51551 0.17295
0.516490 0.17368
0.51768 0.17453
0.51916 0.17552
0.52103 0.17671
0.52342 0.17819
0.52647 0.18
0.53016 0.18212
0.53435 0.184420
0.538910 0.18679
0.54381 0.18922
0.54899 0.19173
0.55434 0.19430
0.55977 0.19689
0.56518 0.199490
0.57052 0.20207
0.575760 0.20463
0.5809 0.2072
0.58592 0.20978
0.59082 0.21239
0.59561 0.21502
0.60029 0.21771
0.60487 0.22046
0.60935 0.22327
0.61373 0.226150
0.618020 0.22912
0.62222 0.23217
0.62633 0.2353
0.63036 0.23853
0.63428 0.24183
0.63809 0.24519
0.64175 0.2486
0.64521 0.25198
0.64839 0.25528000
0.65121 0.25838
0.6536 0.26123
0.65556 0.26381
0.65714 0.26613
0.65837 0.2682
0.65952 0.2705
*.*.Setup: s1223rtl.txt as Flap 1, Inverted: y, Scale = 1.0, AoA = 6.0, Reposition from (0,0) = (0, 0)*.*.
*.*.Setup: s1223rtl.txt as Flap 2, Inverted: y, Scale = 0.5, AoA = 25.0, Reposition from previous T.E. = (0.02, 0.075), Reposition from (0,0) = (1.0145, 0.1795)*.*.
*.*.Setup: s1223rtl.txt as Flap 3, Inverted: y, Scale = 0.5, AoA = 35.0, Reposition from previous T.E. = (-0.03, 0.08), Reposition from (0,0) = (1.4377, 0.4708)*.*.
*.*.Setup: Scale Ratio = 0.35703*.*.