0.36213 0.05736
0.3601 0.055110
0.35715 0.05184
0.35366 0.04861
0.3494 0.04542
0.34419 0.0421
0.33788 0.03851
0.33042 0.03461
0.3219 0.030480
0.31255 0.0262
0.30263 0.02188
0.29237 0.01762
0.28193 0.01346
0.27142 0.00946
0.26087 0.00563
0.25028 0.002
0.23962 -0.00146
0.22885 -0.00475
0.21791 -0.00789
0.20675 -0.01093
0.19535 -0.01391
0.18371 -0.01684
0.17188 -0.01976
0.15999 -0.02265
0.14819 -0.02549
0.13664 -0.02821
0.12553 -0.030730
0.11505 -0.03295
0.1053 -0.03478
0.09623 -0.03614
0.08771 -0.03703
0.07962 -0.03744
0.07187 -0.03738
0.0644 -0.036860
0.0572 -0.03589
0.05025 -0.03449
0.04359 -0.03269
0.03726 -0.03052
0.03134 -0.02806
0.02595 -0.02544
0.02119 -0.022780
0.017110 -0.0202
0.01367 -0.01775
0.010820 -0.01547
0.00846 -0.01333
0.006510 -0.011320
0.00489 -0.00945
0.00356 -0.00769
0.00247 -0.00604
0.00159 -0.0044700
0.00089 -0.00299
0.00037 -0.001570
0.000086 -0.00022
-0.00012 0.0011000
0.000005 0.00242
0.00057 0.003650
0.00159 0.00463
0.00293 0.00537
0.00452 0.00596
0.00634 0.006470
0.00845 0.00695
0.01093 0.00742
0.01389 0.0079
0.01751 0.0084
0.02203 0.00893
0.02778 0.0095
0.03503 0.0101
0.04375 0.01069
0.05356 0.01116
0.064120 0.01143
0.075360 0.01151
0.08716 0.01148
0.099350 0.01141
0.11171 0.01131
0.12404 0.01122
0.13622 0.01117
0.148210 0.01119
0.16 0.01131
0.17159 0.011550
0.182980 0.01194
0.1942 0.0125
0.20527 0.01325
0.21619 0.01419
0.2269900 0.01535
0.23767 0.01673
0.24826 0.01834
0.25876 0.02019
0.269180 0.02228
0.2795 0.0246
0.28972 0.02717
0.29978 0.02995
0.3096 0.03294
0.31904 0.03607
0.32787 0.03929
0.33587 0.04248
0.34286 0.04559
0.3488 0.04858
0.35379 0.05144
0.35793 0.05417
0.36213 0.05736
-Inserting Flap s1223rtl-
0.54173 0.14755
0.54095 0.14626
0.53981 0.14437
0.53841 0.14245
0.53662 0.14048
0.53438 0.13836
0.53163 0.13599
0.52834 0.13337
0.524550 0.13052
0.52037 0.12753
0.51591 0.12447
0.51128 0.12139
0.50656 0.11836
0.50178 0.11539
0.49696 0.11251
0.492110 0.10971
0.48721 0.107
0.48224 0.104360
0.47717 0.101770
0.47198 0.09921
0.46667 0.09667
0.46123 0.09411
0.45571 0.091550
0.45015 0.089
0.44463 0.086480
0.43922 0.08404
0.43401 0.08175
0.42907 0.07966
0.42446 0.07783
0.42014 0.0763
0.41605 0.07505
0.41211 0.07408
0.4083 0.07337
0.40459 0.07291
0.40096 0.07269
0.39742 0.07272
0.39397 0.07297
0.39066 0.07343
0.38752 0.07407
0.38463 0.07485
0.38204 0.07570
0.37979 0.07657
0.37787 0.07744
0.37625 0.07829
0.374890 0.07912
0.37374 0.07992
0.37277 0.08068
0.37194 0.08142
0.37125 0.08213
0.37067 0.08281
0.370180 0.08347
0.3698 0.08412
0.3695 0.084750
0.3693 0.08538
0.369230 0.08604
0.36939 0.0867
0.3698 0.08728
0.370390 0.08777
0.37111 0.08821
0.37195 0.08864
0.372950 0.08907
0.37412 0.08954
0.37552 0.09006
0.37725 0.09065
0.37942 0.09134
0.38219 0.09216
0.38569 0.09315
0.38992 0.09427
0.394680 0.09544
0.39984 0.09658
0.405350 0.09769
0.41115 0.098810
0.41714 0.09993
0.42321 0.10106
0.42927 0.10219
0.43526 0.10333
0.44114 0.10449
0.44691 0.10567
0.45258 0.10689
0.45813 0.10817
0.463590 0.10952
0.46895 0.11094
0.47422 0.11244
0.47941 0.11404
0.48452 0.11574
0.48956 0.11754
0.49454 0.11945
0.49945 0.12147
0.5043 0.12359
0.50907 0.12583
0.51374 0.12815
0.518280 0.13056
0.52261 0.133
0.526640 0.13542
0.53026 0.13775
0.53339 0.13994
0.53602 0.14197
0.5382 0.14385
0.539970 0.14559
0.54173 0.14755
-Inserting Flap s1223rtl-
0.66256 0.27103
0.66214 0.26958
0.66154 0.26747
0.66068 0.26525
0.65946 0.26288
0.65785 0.26025
0.6558 0.25725
0.6533 0.25386
0.65038 0.25014
0.647110 0.24617
0.64360 0.24205
0.63993 0.23789
0.63615 0.23373
0.6323 0.22963
0.6284 0.225600
0.624430 0.22164
0.6204 0.21775
0.61628 0.21391
0.61206 0.21010
0.60771 0.20629
0.603230 0.20245
0.59865 0.19858
0.59397 0.19468
0.58926 0.19077
0.584580 0.18691
0.57999 0.18316
0.57555 0.17959
0.57132 0.1763
0.56734 0.17334
0.56356 0.17074
0.55993 0.16847
0.55638 0.16651
0.55289 0.16484
0.54942 0.16344
0.54597 0.16229
0.54254 0.1614
0.53915 0.16075
0.53583 0.16034
0.53263 0.16014
0.52964 0.16014
0.52691 0.1603
0.52451 0.16056
0.52243 0.1609
0.52065 0.16131
0.51912 0.16175
0.51780 0.16222
0.51667 0.16271
0.51568 0.16321
0.514830 0.16371
0.51409 0.164220
0.51345 0.16474
0.51291 0.16526
0.51246 0.16579
0.5121 0.166350
0.51187 0.16698
0.511850 0.16765
0.5121 0.16832
0.51254 0.16894
0.51312 0.16955
0.51383 0.170180
0.51467 0.17086
0.51568 0.17162
0.51691 0.17248
0.51842 0.1735
0.52034 0.17473
0.52280 0.17624
0.52593 0.1781
0.529710 0.18028
0.534020 0.18264
0.53871 0.18508
0.54374 0.18758
0.54905 0.19015
0.554540 0.19279
0.56012 0.19545
0.56568 0.19811
0.57116 0.20076
0.57655 0.2034
0.58182 0.20604
0.58697 0.20869
0.592010 0.21136
0.59693 0.21407
0.60174 0.21683
0.60644 0.21965
0.611040 0.22254
0.61554 0.2255
0.61994 0.22854
0.62426 0.23168
0.62848 0.2349
0.63261 0.23821
0.63664 0.2416
0.64055 0.24505
0.64431 0.24855
0.64786 0.25203
0.65113 0.25541
0.65402 0.2586
0.656480 0.26152
0.6585 0.26417
0.660110 0.26655
0.66138 0.26868
0.66256 0.27103
*.*.Setup: s1223rtl.txt as Flap 1, Inverted: y, Scale = 1.0, AoA = 9.0, Reposition from (0,0) = (0, 0)*.*.
*.*.Setup: s1223rtl.txt as Flap 2, Inverted: y, Scale = 0.5, AoA = 20.0, Reposition from previous T.E. = (0.02, 0.075), Reposition from (0,0) = (1.0077, 0.2314)*.*.
*.*.Setup: s1223rtl.txt as Flap 3, Inverted: y, Scale = 0.5, AoA = 35.0, Reposition from previous T.E. = (-0.08, 0.05), Reposition from (0,0) = (1.3975, 0.4524)*.*.
*.*.Setup: Scale Ratio = 0.36664*.*.