0.35056 0.03685
0.34850 0.03479
0.3455 0.0318
0.34199 0.02887
0.33774 0.02603
0.332570 0.023110
0.32633 0.01997
0.31897 0.01661
0.310590 0.01306
0.301390 0.00943
0.29165 0.00578
0.28159 0.0022
0.271360 -0.001260
0.26106 -0.00458
0.25074 -0.00772
0.24039 -0.010680
0.22998 -0.01346
0.21948 -0.01607
0.2088200 -0.01854
0.19795 -0.0209
0.18685 -0.02318
0.17553 -0.02541
0.16403 -0.02762
0.15247 -0.02980
0.14099 -0.03193
0.12977 -0.03396
0.11898 -0.03582
0.1088 -0.03742
0.09934 -0.03869
0.09057 -0.03954
0.08235 -0.03996
0.07456 -0.03995
0.06712 -0.0395
0.05998 -0.03863
0.05311 -0.03734
0.04651 -0.03565
0.04020 -0.03358
0.03423 -0.03117
0.02868 -0.02852
0.02364 -0.02573
0.0192 -0.022930
0.01541 -0.02025
0.01223 -0.01773
0.00961 -0.01539
0.00745 -0.01322
0.005680 -0.0112
0.00422 -0.009320
0.00303 -0.00756
0.00207 -0.00592
0.0013 -0.004370
0.00071 -0.00291
0.00028 -0.00153
0.000055 -0.00021
-6e-05 0.00106
0.00012 0.00233
0.00073 0.00348
0.00176 0.00437
0.003090 0.00501
0.00463 0.00550
0.00641 0.0059
0.00846 0.00625
0.01086 0.00658
0.01373 0.00689
0.01723 0.00718
0.0216 0.007460
0.02715 0.00772
0.03414 0.00793
0.04254 0.008060
0.05198 0.00802
0.06214 0.00774
0.07293 0.00726
0.08426 0.00664
0.09596 0.00595
0.10782 0.00523
0.11965 0.00453
0.131340 0.00387
0.14286 0.00329
0.154180 0.00281
0.16532 0.00246
0.17628 0.00226
0.187080 0.00223
0.19774 0.00239
0.20827 0.00275
0.2187 0.00332
0.22903 0.0041
0.23928 0.00512
0.24945 0.00636
0.25955 0.00784
0.26958 0.00956
0.27952 0.0115
0.28932 0.013670
0.2989 0.01604
0.30812 0.01858
0.31676 0.02122
0.3246 0.02389
0.331460 0.02652
0.33732 0.02909
0.34225 0.03159
0.34637 0.033990
0.35056 0.03685
-Inserting Flap s1223rtl-
0.50198 0.15556
0.50158 0.15416
0.500990 0.15213
0.50016 0.14999
0.499 0.147720
0.497440 0.1451900
0.49548 0.14231
0.493070 0.13905
0.49026 0.13547
0.48713 0.13165
0.48375 0.1277
0.48022 0.12369
0.47658 0.1197
0.47288 0.115750
0.46913 0.11187
0.46532 0.10807
0.4614400 0.10433
0.45748 0.10064
0.45342 0.09698
0.44924 0.09331
0.44494 0.08963
0.44053 0.0859
0.43604 0.08215
0.431510 0.0784
0.42701 0.07468
0.422590 0.07108
0.418320 0.06765
0.41426 0.06448
0.41043 0.06163
0.40680 0.05913
0.40331 0.05696
0.3999 0.05507
0.39654 0.05347
0.3932 0.05212
0.38989 0.051020
0.38659 0.05016
0.38333 0.04953
0.38014 0.04914
0.37706 0.04895
0.37418 0.04895
0.37156 0.0491
0.36926 0.04935
0.36726 0.04968
0.365540 0.05007
0.36407 0.0505
0.36281 0.05095
0.36171 0.05142
0.36077 0.0519
0.35995 0.05238
0.359240 0.05287
0.35862 0.05337
0.3581 0.05387
0.35767 0.05438
0.35732 0.05492
0.3571 0.05552
0.35709 0.05617
0.35732 0.05681
0.357750 0.05741
0.3583 0.058
0.358980 0.0586
0.35979 0.05925
0.36076 0.05998
0.361940 0.06081
0.3634 0.06179
0.365250 0.06297
0.36761 0.06443
0.37062 0.06622
0.37426 0.06831
0.3784 0.07058
0.3829 0.07292
0.38774 0.07532
0.39285 0.0778
0.39813 0.08033
0.40349 0.08289
0.40884 0.08545
0.41411 0.088
0.41929 0.09054
0.42435 0.09307
0.42931 0.09562
0.43415 0.09819
0.43888 0.100790
0.4435 0.10345
0.44802 0.10616
0.45244 0.108930
0.456770 0.11178
0.46101 0.11471
0.465150 0.11772
0.46921 0.12082
0.47318 0.124
0.47706 0.12726
0.48082 0.13058
0.48443 0.13394
0.48785 0.13728
0.49099 0.14053
0.49377 0.1436
0.49613 0.14642
0.49807 0.14896
0.49962 0.15125
0.50084 0.153300
0.50198 0.15556
-Inserting Flap s1223rtl-
0.640690 0.29564
0.64045 0.29421
0.6401 0.29212
0.63953 0.2899
0.63864 0.28751
0.63739 0.28481
0.63577 0.28172
0.633760 0.27821
0.63139 0.27432
0.62871 0.27017
0.62582 0.26585
0.62277 0.26146
0.61963 0.25707
0.61641 0.25272
0.61313 0.2484300
0.60979 0.24422
0.60637 0.24005
0.60287 0.23593
0.59926 0.23182
0.59553 0.22769
0.59169 0.22353
0.58774 0.21932
0.58371 0.21507
0.57965 0.21082
0.57561 0.2066
0.571640 0.20251
0.5678 0.19861
0.56414 0.19499
0.56066 0.19172
0.55735 0.188810
0.55413 0.18625
0.550960 0.18398
0.54781 0.18199
0.54466 0.18027
0.54149 0.17879
0.538320 0.17755
0.5351500 0.17655
0.53202 0.17579
0.52899 0.17525
0.52613 0.174910
0.52352 0.174750
0.52119 0.17474
0.51917 0.17483
0.51742 0.17502
0.51591 0.17527
0.5146 0.17558
0.513460 0.17592
0.51247 0.176280
0.5116 0.17667
0.51083 0.17707
0.51017 0.17749
0.50959 0.17793
0.5091 0.17839
0.5087 0.17888
0.5084 0.17945
0.50831 0.1801
0.508470 0.18076
0.50882 0.181410
0.50931 0.18206
0.50991 0.18274
0.51064 0.18348
0.51153 0.18431
0.5126 0.18527
0.51394 0.18641
0.515630 0.1878
0.51781 0.18952
0.520590 0.19165
0.52396 0.19415
0.527810 0.19688
0.53201 0.19973
0.53654 0.20268
0.54132 0.205730
0.54627 0.20886
0.5513 0.21203
0.55631 0.21519
0.56126 0.21834
0.56610 0.22145
0.57084 0.22456
0.57547 0.227670
0.57998 0.23078
0.58437 0.23392
0.58866 0.23709
0.59283 0.240310
0.5969 0.24358
0.60087 0.24691
0.60473 0.25031
0.6085 0.25378
0.61218 0.25733
0.61575 0.26095
0.61922 0.26463
0.6225700 0.26837
0.62577 0.27213
0.62877 0.27585
0.63152 0.27944
0.63392 0.28281
0.63594 0.28588
0.63757 0.288630
0.63885 0.29108
0.63982 0.29326
0.640690 0.29564
*.*.Setup: s1223rtl.txt as Flap 1, Inverted: y, Scale = 1.0, AoA = 6.0, Reposition from (0,0) = (0, 0)*.*.
*.*.Setup: s1223rtl.txt as Flap 2, Inverted: y, Scale = 0.5, AoA = 35.0, Reposition from previous T.E. = (0.02, 0.05), Reposition from (0,0) = (1.0145, 0.1545)*.*.
*.*.Setup: s1223rtl.txt as Flap 3, Inverted: y, Scale = 0.5, AoA = 41.666666666666664, Reposition from previous T.E. = (0.02, 0.065), Reposition from (0,0) = (1.4441, 0.5063)*.*.
*.*.Setup: Scale Ratio = 0.35249*.*.