0.35825 0.03765
0.356140 0.03556
0.35308 0.0325
0.34949 0.0295
0.34515 0.0266
0.339860 0.023610
0.33349 0.02041
0.32597 0.01697
0.31740 0.01335
0.3080 0.00963
0.29805 0.00591
0.28776 0.00225
0.277310 -0.001290
0.26679 -0.00468
0.25624 -0.00789
0.24566 -0.010910
0.23503 -0.01375
0.22429 -0.01642
0.2133900 -0.01895
0.20229 -0.02136
0.19095 -0.02369
0.17938 -0.02597
0.16763 -0.02822
0.15581 -0.030450
0.14408 -0.03263
0.13261 -0.0347
0.12159 -0.0366
0.11118 -0.03824
0.10152 -0.03953
0.09256 -0.04041
0.08416 -0.04084
0.07619 -0.04082
0.06859 -0.04037
0.06129 -0.03948
0.05428 -0.03816
0.04753 -0.03643
0.041090 -0.03431
0.03499 -0.03186
0.02931 -0.02914
0.02416 -0.02629
0.01962 -0.023440
0.01575 -0.02069
0.0125 -0.01812
0.00982 -0.01573
0.00761 -0.01351
0.00580 -0.01144
0.00432 -0.009520
0.0031 -0.00773
0.00211 -0.00605
0.00133 -0.004470
0.00072 -0.00298
0.00029 -0.00156
0.000055 -0.00022
-6e-05 0.00109
0.00013 0.00238
0.00075 0.00355
0.0018 0.00446
0.003160 0.00512
0.00474 0.005620
0.00655 0.00603
0.00865 0.00639
0.0111 0.00672
0.01403 0.00704
0.01761 0.00734
0.02208 0.007630
0.02775 0.00789
0.03489 0.00811
0.04348 0.008240
0.05312 0.00819
0.0635 0.00791
0.07453 0.00742
0.08611 0.00679
0.09806 0.00608
0.11018 0.00535
0.12228 0.00463
0.134230 0.00395
0.14599 0.00336
0.157560 0.00287
0.16894 0.00251
0.18015 0.00231
0.191180 0.00228
0.20208 0.00244
0.21284 0.00281
0.2235 0.00339
0.23405 0.00419
0.24452 0.00523
0.25492 0.0065
0.26525 0.00802
0.27549 0.00977
0.28565 0.01176
0.29566 0.013970
0.30545 0.0164
0.31487 0.01899
0.32371 0.02169
0.33172 0.02441
0.338730 0.0271
0.34472 0.02973
0.34976 0.03228
0.35397 0.034740
0.35825 0.03765
-Inserting Flap s1223rtl-
0.52869 0.14979
0.52803 0.14846
0.52708 0.14652
0.52587 0.14451
0.52429 0.14243
0.52228 0.14016
0.51979 0.13761
0.51679 0.13476
0.51333 0.13165
0.5095 0.12837
0.5054 0.12499
0.50113 0.12158
0.49676 0.11821
0.492340 0.11489
0.48787 0.11166
0.48337 0.10851
0.47880 0.10543
0.47416 0.102420
0.46942 0.09945
0.46456 0.09651
0.45958 0.093560
0.45448 0.0906
0.44929 0.08762
0.44407 0.08464
0.43888 0.0817
0.4338 0.078860
0.42889 0.07616
0.42424 0.07369
0.41988 0.07151
0.41579 0.06964
0.41189 0.06807
0.40812 0.06678
0.40445 0.06576
0.40086 0.064990
0.39732 0.06447
0.39385 0.0641900
0.390460 0.06414
0.38718 0.06431
0.38405 0.06467
0.38115 0.065180
0.37854 0.06579
0.37626 0.06646
0.374310 0.06714
0.37266 0.06784
0.371250 0.068530
0.37006 0.06921
0.36904 0.06988
0.36818 0.07053
0.36744 0.07116
0.36681 0.07178
0.36628 0.07238
0.36584 0.07298
0.3655 0.07358
0.36525 0.07418
0.36512 0.07482
0.36523 0.075480
0.36558 0.07608
0.36611 0.07661
0.3667800 0.0771
0.36757 0.07759
0.3685 0.07810
0.36961 0.07866
0.37094 0.07929
0.37258 0.080010
0.37465 0.08087
0.37729 0.08192
0.38063 0.08319
0.38466 0.08465
0.38923 0.0862
0.39418 0.087750
0.39948 0.08931
0.40506 0.0909
0.41082 0.09251
0.416670 0.094140
0.42251 0.09577
0.42826 0.0974
0.43392 0.09903
0.43947 0.10068
0.44491 0.10236
0.45024 0.10409
0.45546 0.10587
0.46059 0.10772
0.465620 0.10965
0.47056 0.11166
0.4754200 0.1137600
0.4802 0.11595
0.48491 0.11825
0.48954 0.12064
0.4941 0.12314
0.49858 0.12573
0.502950 0.12841
0.50719 0.13115
0.51122 0.13391
0.51496 0.13662
0.5183 0.13922
0.52118 0.14163
0.52358 0.14384
0.52555 0.14587
0.52714 0.147720
0.52869 0.14979
-Inserting Flap s1223rtl-
0.65916 0.29032
0.65883 0.28887
0.65836 0.28676
0.65764 0.28454
0.65658 0.28215
0.65515 0.27947
0.65331 0.27642
0.65106 0.27295
0.6484 0.26913
0.64543 0.26505
0.64222 0.26081
0.63885 0.256520
0.63538 0.25222
0.63184 0.247980
0.62824 0.2438
0.62458 0.2397
0.620850 0.23565
0.61703 0.23165
0.6131 0.22767
0.60906 0.22368
0.60489 0.21967
0.60061 0.21561
0.59625 0.21151
0.59185 0.20741
0.58748 0.20336
0.58319 0.19941
0.57904 0.19566
0.57508 0.19219
0.57134 0.18906
0.56779 0.18629
0.56436 0.18386
0.56099 0.18174
0.55765 0.1799
0.55433 0.17833
0.55101 0.177010
0.5477 0.17593
0.54441 0.1751
0.54118 0.17451
0.53806 0.17414
0.53512 0.17396
0.53244 0.17396
0.53007 0.17408
0.52801 0.1743
0.52624 0.17459
0.52471 0.17494
0.52339 0.17533
0.52225 0.17574
0.52126 0.17617
0.52039 0.17662
0.519640 0.17708
0.51898 0.177550
0.51842 0.17803
0.517950 0.17853
0.51756 0.17905
0.5173 0.17965
0.51725 0.180310
0.51745 0.18098
0.51785 0.18162
0.51838 0.182250
0.51904 0.18291
0.51983 0.183620
0.52077 0.18442
0.52193 0.18534
0.52336 0.18642
0.52517 0.187740
0.52749 0.18936
0.53045 0.191370
0.53404 0.19372
0.53813 0.19628
0.54259 0.198940
0.54738 0.20168
0.55244 0.20451
0.557680 0.20740
0.5630 0.21034
0.5683 0.21327
0.57353 0.21618
0.57866 0.21907
0.583680 0.22196
0.58858 0.22485
0.59337 0.22776
0.59804 0.2307
0.6026 0.233680
0.60705 0.23672
0.6114 0.23981
0.61564 0.24297
0.61979 0.24621
0.62384 0.24953
0.6278 0.25293
0.63166 0.25641
0.63542 0.25997
0.63905 0.263580
0.64254 0.26722
0.64583 0.27084
0.648840 0.27434
0.651500 0.27763
0.65374 0.28065
0.65557 0.28336
0.65701 0.285780
0.65813 0.28795
0.65916 0.29032
*.*.Setup: s1223rtl.txt as Flap 1, Inverted: y, Scale = 1.0, AoA = 6.0, Reposition from (0,0) = (0, 0)*.*.
*.*.Setup: s1223rtl.txt as Flap 2, Inverted: y, Scale = 0.5, AoA = 25.0, Reposition from previous T.E. = (0.02, 0.1), Reposition from (0,0) = (1.0145, 0.2045)*.*.
*.*.Setup: s1223rtl.txt as Flap 3, Inverted: y, Scale = 0.5, AoA = 38.333333333333336, Reposition from previous T.E. = (-0.03, 0.08), Reposition from (0,0) = (1.4377, 0.4958)*.*.
*.*.Setup: Scale Ratio = 0.36022*.*.