0.38829 -0.005510
0.3875 -0.00636
0.38592 -0.00802
0.383570 -0.010460
0.38058 -0.01351
0.37711 -0.01695
0.37333 -0.02056
0.36937 -0.02413
0.36538 -0.02748
0.36139 -0.0306
0.357380 -0.03352
0.35338 -0.03629
0.34936 -0.03892
0.34535 -0.04145
0.34132 -0.04389
0.3373 -0.04624
0.33328 -0.04852
0.32925 -0.050710
0.325220 -0.05283
0.321180 -0.05488
0.31715 -0.05687
0.31311 -0.05879
0.30907 -0.06065
0.30502 -0.06245
0.30098 -0.06419
0.29693 -0.06588
0.29288 -0.06749
0.28883 -0.06904
0.28478 -0.07051
0.28072 -0.071930
0.27666 -0.07329
0.272610 -0.07461
0.26855 -0.0759
0.26448 -0.07715
0.26042 -0.07838
0.25636 -0.07957
0.25229 -0.08071
0.248220 -0.08181
0.24416 -0.08285
0.24008 -0.08384
0.23601 -0.08478
0.23194 -0.085670
0.22786 -0.08651
0.22378 -0.0873100
0.2197 -0.08806
0.21562 -0.08877
0.21154 -0.08944
0.20746 -0.09007
0.20337 -0.09066
0.19929 -0.09121
0.1952 -0.09172
0.19111 -0.09219
0.18702 -0.09261
0.18293 -0.09298
0.17883 -0.0933
0.17474 -0.09357
0.17064 -0.09379
0.16654 -0.09396
0.16244 -0.09408
0.15834 -0.09415
0.15423 -0.09418
0.15013 -0.09414
0.14602 -0.09406
0.14191 -0.09392
0.13779 -0.093730
0.13368 -0.09349
0.12957 -0.09321
0.12545 -0.09289
0.12133 -0.092530
0.11721 -0.09212
0.113090 -0.09166
0.10897 -0.09112
0.10484 -0.0905
0.10071 -0.08979
0.096570 -0.08898
0.09244 -0.08807
0.0883 -0.08708
0.08415 -0.08599
0.08001 -0.0848
0.07586 -0.08351
0.0717 -0.08210
0.06754 -0.08054
0.06338 -0.07882
0.0592 -0.07694
0.05503 -0.07488
0.05084 -0.07267
0.04666 -0.07029
0.04246 -0.06776
0.03826 -0.06506
0.03406 -0.06213
0.02984 -0.05889
0.0256 -0.05526
0.02136 -0.05115
0.01712 -0.046520
0.01303 -0.04152
0.00926 -0.03631
0.005980 -0.03108
0.00337 -0.02601
0.00156 -0.02126
0.00046 -0.013180
0.00117 -0.01008
0.00273 -0.00776
0.00512 -0.00627
0.00818 -0.00552
0.01176 -0.00536
0.01569 -0.00565
0.01979 -0.00625
0.02392 -0.00703
0.028060 -0.00796
0.0322 -0.00904
0.03635 -0.01026
0.0405 -0.01161
0.04466 -0.01307
0.04882 -0.01464
0.05298 -0.0163
0.057150 -0.01804
0.06132 -0.019830
0.06549 -0.02167
0.069660 -0.02354
0.07383 -0.02543
0.078 -0.027330
0.08217 -0.02922
0.086340 -0.0311
0.09051 -0.03296
0.09468 -0.0348
0.09885 -0.0366
0.10302 -0.03838
0.10718 -0.04012
0.11135 -0.04181
0.11551 -0.04347
0.11967 -0.04508
0.12383 -0.04665
0.12799 -0.04818
0.13215 -0.04966
0.13631 -0.05109
0.14046 -0.05247
0.14461 -0.0538
0.14876 -0.05508
0.15291 -0.0563
0.15706 -0.057480
0.16120 -0.0586
0.16534 -0.05966
0.16948 -0.06066
0.17362 -0.06161
0.1777600 -0.062490
0.18189 -0.063310
0.18602 -0.06407
0.19015 -0.06477
0.19428 -0.0654
0.19841 -0.06598
0.20253 -0.0665
0.20665 -0.06698
0.210770 -0.0674
0.21489 -0.06778
0.21901 -0.0681
0.223120 -0.068360
0.22723 -0.06855
0.23134 -0.06865
0.23545 -0.06868
0.23955 -0.06864
0.24365 -0.06852
0.24775 -0.068330
0.25185 -0.06806
0.255940 -0.06772
0.26003 -0.0673
0.26412 -0.0668
0.2682100 -0.06623
0.27229 -0.06557
0.27637 -0.064820
0.28045 -0.06399
0.28452 -0.06307
0.28859 -0.06205
0.29266 -0.06095
0.296720 -0.05975
0.30078 -0.05845
0.30484 -0.05705
0.30889 -0.05554
0.31294 -0.05391
0.31698 -0.05219
0.32102 -0.05036
0.32506 -0.048440
0.3291 -0.046430
0.33313 -0.04434
0.33716 -0.04216
0.34119 -0.03991
0.34521 -0.03758
0.34923 -0.035170
0.35325 -0.03268
0.35726 -0.03009
0.36128 -0.02739
0.36528 -0.024540
0.36928 -0.02154
0.37325 -0.01839
0.37705 -0.01523
0.38054 -0.01225
0.38354 -0.00963
0.3859 -0.00753
0.38749 -0.00612
0.38829 -0.005510
-Inserting Flap Ga2-
0.50672 0.0814
0.50657 0.08096
0.50628 0.08009
0.50584 0.07881
0.50527 0.0772
0.5046 0.07537
0.50384 0.07342
0.50301 0.07145
0.50213 0.06957
0.50120 0.06776
0.50025 0.066020
0.499260 0.06434
0.49825 0.06271
0.49722 0.06111
0.49618 0.05955
0.49512 0.05802
0.49404 0.0565100
0.49295 0.05504
0.4918500 0.05358
0.49073 0.05216
0.48961 0.05076
0.48847 0.04938
0.48732 0.04802
0.48616 0.04668
0.48498 0.04537
0.4838 0.04407
0.482610 0.0428
0.4814 0.041560
0.48018 0.04034
0.47895 0.03914
0.47771 0.03796
0.476460 0.0368
0.4752 0.03564
0.47394 0.0345
0.47268 0.03337
0.47141 0.03225
0.47013 0.03115
0.468840 0.03006
0.46754 0.029
0.46623 0.02795
0.464910 0.02692
0.46359 0.02591
0.46225 0.02492
0.46091 0.02394
0.45955 0.022980
0.45819 0.02203
0.45683 0.0211
0.45545 0.02018
0.45407 0.01927
0.45269 0.01838
0.451290 0.01751
0.44989 0.01665
0.44847 0.0158
0.44705 0.01498
0.44562 0.01417
0.44418 0.01338
0.44274 0.01261
0.44128 0.01185
0.43981 0.01111
0.43834 0.01039
0.43685 0.00969
0.43536 0.00901
0.43385 0.00835
0.43234 0.0077
0.43082 0.00708
0.42929 0.00647
0.427750 0.00587
0.4262 0.00529
0.42465 0.00473
0.423080 0.00418
0.42151 0.00365
0.41993 0.00315
0.41832 0.00267
0.41671 0.00224
0.415070 0.00183
0.413420 0.00146
0.41175 0.00112
0.41006 0.00081
0.40836 0.00054
0.40664 0.00031
0.40489 0.00012
0.40312 -0.000048
0.40132 -0.00010
0.39949 -0.00012
0.39763 -8e-05
0.3957400 0.000032
0.39382 0.00017
0.39187 0.00037
0.38989 0.00064
0.38787 0.00099
0.38579 0.00145
0.38364 0.0020600
0.38141 0.002830
0.37909 0.00379
0.37676 0.00491
0.37452 0.00616
0.37244 0.0075
0.37064 0.00890
0.36918 0.01032
0.36742 0.01306
0.36715 0.0143
0.36732 0.01541
0.36794 0.01635
0.368920 0.01714
0.37019 0.01781
0.37166 0.01836
0.37325 0.01884
0.37488 0.01926
0.37654 0.01962
0.37822 0.01993
0.37993 0.02019
0.381660 0.0204
0.38342 0.02057
0.38519 0.0207
0.38698 0.02081
0.38879 0.02088
0.3906 0.02094
0.39242 0.02097
0.39425 0.021
0.39608 0.02102
0.397920 0.02104
0.39975 0.021060
0.40158 0.02108
0.40341 0.021110
0.40523 0.02115
0.40704 0.02120
0.408850 0.02126
0.41066 0.02134
0.41246 0.021430
0.41424 0.02153
0.41603 0.021650
0.4178 0.02178
0.41956 0.02193
0.42132 0.0221
0.42307 0.02228
0.42481 0.02248
0.42654 0.0227
0.42826 0.02294
0.42997 0.0232
0.43167 0.023470
0.43336 0.02377
0.43505 0.02408
0.43672 0.02442
0.43838 0.02478
0.44003 0.02515
0.44166 0.02556
0.44329 0.025980
0.4449 0.02643
0.44651 0.02689
0.4481 0.02738
0.44968 0.02789
0.45126 0.02841
0.45282 0.02896
0.45438 0.02951
0.45593 0.03009
0.45746 0.0307
0.45899 0.03132
0.46049 0.03198
0.46199 0.03266
0.46347 0.03337
0.46493 0.03411
0.46639 0.034870
0.46783 0.03566
0.46925 0.03648
0.47067 0.037320
0.47206 0.03819
0.47345 0.03909
0.47482 0.04002
0.476170 0.04098
0.4775 0.04197
0.47883 0.043
0.48013 0.044050
0.48142 0.04514
0.48269 0.04626
0.48394 0.04742
0.48517 0.04861
0.48639 0.049840
0.48758 0.051120
0.48876 0.05243
0.48991 0.05377
0.49105 0.05515
0.49217 0.05656
0.49328 0.058
0.49438 0.05947
0.49545 0.06097
0.496520 0.06249
0.49757 0.064050
0.49861 0.06563
0.49962 0.06725
0.50062 0.0689
0.501590 0.07061
0.502530 0.07238
0.50344 0.07419
0.50429 0.07598
0.50504 0.077650
0.50569 0.07911
0.50619 0.08027
0.50653 0.08105
0.50672 0.0814
-Inserting Flap Ga2-
0.60504 0.22164
0.6051 0.22118
0.605190 0.22027
0.605330 0.21892
0.60549 0.21722
0.60564 0.21527
0.60576 0.21318
0.60582 0.21105
0.60581 0.20897
0.60573 0.20695
0.60558 0.20497
0.60539 0.20303
0.60515 0.20112
0.60488 0.19924
0.60459 0.19739
0.60426 0.19555
0.60391 0.19373
0.60354 0.19194
0.60314 0.19016
0.60272 0.1884
0.60228 0.18665
0.60182 0.18493
0.60135 0.18321
0.60085 0.18151
0.60033 0.17983
0.5998 0.17816
0.59924 0.17651
0.59866 0.17487
0.59807 0.17325
0.59745 0.171650
0.596810 0.17006
0.59616 0.16848
0.5955 0.16691
0.59484 0.16534
0.59416 0.16379
0.59347 0.16224
0.59277 0.16071
0.59205 0.15918
0.59131 0.15767
0.59056 0.156170
0.58979 0.15469
0.58901 0.15322
0.58821 0.151760
0.5874 0.15031
0.586570 0.14887
0.58573 0.14744
0.58488 0.14602
0.58401 0.14461
0.58313 0.143210
0.582240 0.14183
0.58134 0.14045
0.58042 0.139080
0.57949 0.13772
0.57855 0.13638
0.57758 0.13505
0.57661 0.13373
0.57561 0.13242
0.5746 0.13113
0.57358 0.12985
0.57254 0.12858
0.57148 0.12732
0.57041 0.12608
0.56932 0.12485
0.56821 0.12363
0.56709 0.12242
0.56595 0.12123
0.56480 0.12005
0.563640 0.11888
0.56246 0.11771
0.561270 0.11656
0.56006 0.11543
0.55883 0.11431
0.55757 0.11321
0.55629 0.11214
0.55497 0.11109
0.55362 0.11006
0.55225 0.10905
0.55084 0.10807
0.54941 0.10711
0.54794 0.10618
0.546430 0.10528
0.54488 0.10442
0.5432800 0.10359
0.54163 0.10281
0.53992 0.10207
0.53816 0.10136
0.53635 0.1007
0.53449 0.10008
0.532580 0.0995
0.53060 0.09897
0.52852 0.09852
0.52632 0.09817
0.52396 0.097940
0.52146 0.09785
0.51887 0.0979
0.51631 0.0981
0.51387 0.098450
0.51164 0.09897
0.50972 0.09965
0.50698 0.1014
0.50622 0.10242
0.50591 0.1035
0.50607 0.10461
0.50664 0.10574
0.50752 0.10687
0.50862 0.10799
0.50987 0.10909
0.51117 0.11015
0.51253 0.11117
0.51393 0.11215
0.51538 0.113100
0.51686 0.11402
0.51839 0.11491
0.51994 0.11577
0.52153 0.11661
0.52313 0.117430
0.524760 0.11824
0.5264 0.119030
0.52805 0.11982
0.52971 0.1206
0.531360 0.12138
0.53302 0.12216
0.53468 0.122950
0.53632 0.12374
0.53796 0.124540
0.539590 0.12534
0.54121 0.12615
0.54282 0.12697
0.54441 0.127800
0.546 0.12864
0.54757 0.12949
0.54912 0.13035
0.55066 0.13123
0.55219 0.13211
0.5537 0.13301
0.5552 0.13392
0.556680 0.13484
0.55814 0.13577
0.559590 0.1367200
0.561020 0.13768
0.56244 0.13866
0.56383 0.13964
0.56521 0.140650
0.56657 0.14166
0.56791 0.1427
0.56923 0.14374
0.57054 0.14481
0.57182 0.145890
0.57308 0.14698
0.57432 0.14809
0.57555 0.14921
0.57676 0.15035
0.57796 0.151490
0.57914 0.15265
0.5803 0.15382
0.58145 0.155010
0.58257 0.15622
0.58366 0.15744
0.58474 0.15868
0.58579 0.15995
0.58681 0.16123
0.58781 0.16253
0.58879 0.16385
0.58975 0.16518
0.59068 0.16654
0.59159 0.16791
0.59247 0.16931
0.59332 0.17072
0.59415 0.17216
0.59495 0.17362
0.59573 0.1751
0.59647 0.1766
0.59719 0.178130
0.597880 0.17968
0.59853 0.18125
0.59915 0.18285
0.59974 0.18448
0.60029 0.1861400
0.600820 0.18782
0.6013 0.18952
0.60176 0.19125
0.6022 0.19300
0.6026 0.19477
0.60298 0.19656
0.60334 0.19837
0.60367 0.20021
0.60397 0.20206
0.60426 0.20393
0.60451 0.205820
0.60472 0.20774
0.60489 0.2097
0.60501 0.2117
0.60508 0.21372
0.6051 0.2157
0.60509 0.217530
0.60507 0.21913
0.60504 0.22039
0.60502 0.22124
0.60504 0.22164
*.*.Setup: Ga2.txt as Flap 1, Inverted: y, Scale = 1.0, AoA = 2.0, Reposition from (0,0) = (0, 0)*.*.
*.*.Setup: Ga2.txt as Flap 2, Inverted: y, Scale = 0.4, AoA = 27.0, Reposition from previous T.E. = (-0.06, 0.06), Reposition from (0,0) = (0.9411, 0.0458)*.*.
*.*.Setup: Ga2.txt as Flap 3, Inverted: y, Scale = 0.4, AoA = 51.666666666666664, Reposition from previous T.E. = (-0.01, 0.06), Reposition from (0,0) = (1.2964, 0.2699)*.*.
*.*.Setup: Scale Ratio = 0.38786*.*.