0.36472 -0.005180
0.36397 -0.00598
0.36248 -0.00753
0.360280 -0.009830
0.35747 -0.01269
0.35422 -0.01592
0.35066 -0.01931
0.34695 -0.02267
0.3432 -0.02581
0.33944 -0.02874
0.335680 -0.03149
0.33192 -0.03408
0.32815 -0.03656
0.32438 -0.03893
0.3206 -0.04123
0.31682 -0.04344
0.31304 -0.04557
0.30926 -0.047630
0.305470 -0.04962
0.301680 -0.05155
0.29789 -0.05341
0.2941 -0.05522
0.2903 -0.05697
0.2865 -0.05866
0.2827 -0.0603
0.2789 -0.06188
0.2751 -0.06339
0.2713 -0.06484
0.26749 -0.06623
0.26368 -0.067560
0.25987 -0.06884
0.256050 -0.07008
0.25224 -0.07129
0.24842 -0.07247
0.24461 -0.07362
0.24079 -0.07474
0.23697 -0.07581
0.233150 -0.07684
0.22933 -0.07782
0.22551 -0.07875
0.22168 -0.07963
0.21785 -0.080470
0.21403 -0.08126
0.2102 -0.0820100
0.20636 -0.08271
0.20253 -0.08338
0.1987 -0.08401
0.19486 -0.0846
0.19103 -0.08516
0.18719 -0.08567
0.18335 -0.08615
0.17951 -0.08659
0.17566 -0.08698
0.17182 -0.08733
0.16797 -0.08763
0.16413 -0.08789
0.16028 -0.08809
0.15643 -0.08826
0.15258 -0.08837
0.14872 -0.08844
0.14487 -0.08846
0.14101 -0.08843
0.13715 -0.08835
0.13329 -0.08822
0.12943 -0.088040
0.12556 -0.08781
0.1217 -0.08755
0.11783 -0.08725
0.11396 -0.086910
0.11009 -0.08653
0.106220 -0.08609
0.10235 -0.08559
0.09847 -0.085
0.09459 -0.08433
0.090710 -0.08357
0.08682 -0.08273
0.08294 -0.08179
0.07904 -0.08077
0.07515 -0.07966
0.07125 -0.07844
0.06735 -0.077110
0.06344 -0.07565
0.05953 -0.07404
0.05561 -0.07227
0.05169 -0.07034
0.04776 -0.06825
0.04382 -0.06602
0.03988 -0.06364
0.03594 -0.06111
0.03199 -0.05836
0.02803 -0.05532
0.02405 -0.0519
0.02006 -0.04804
0.01608 -0.04370
0.01224 -0.039
0.0087 -0.03411
0.005620 -0.0292
0.00317 -0.02443
0.00147 -0.01996
0.00043 -0.012380
0.0011 -0.00947
0.00257 -0.00729
0.00481 -0.00589
0.00769 -0.00518
0.01105 -0.00503
0.01474 -0.00531
0.01859 -0.00587
0.02247 -0.0066
0.026350 -0.00748
0.03025 -0.0085
0.03414 -0.00964
0.03804 -0.0109
0.04195 -0.01228
0.04585 -0.01375
0.04976 -0.01531
0.053680 -0.01694
0.05759 -0.018630
0.06151 -0.02035
0.065430 -0.02211
0.06935 -0.02389
0.07326 -0.025670
0.07718 -0.02745
0.08110 -0.02921
0.08502 -0.03096
0.08893 -0.03269
0.09285 -0.03438
0.09676 -0.03605
0.10068 -0.03768
0.10459 -0.03927
0.1085 -0.04083
0.11241 -0.04235
0.11632 -0.04382
0.12022 -0.04525
0.12413 -0.04664
0.12803 -0.04798
0.13193 -0.04928
0.13583 -0.05053
0.13973 -0.05173
0.14362 -0.05289
0.14752 -0.053990
0.151410 -0.05504
0.1553 -0.05604
0.15919 -0.05698
0.16308 -0.05787
0.1669600 -0.05870
0.17085 -0.059470
0.17473 -0.06018
0.17861 -0.06083
0.18248 -0.06143
0.18636 -0.06197
0.19023 -0.06246
0.1941 -0.06291
0.197970 -0.06331
0.20184 -0.06367
0.20571 -0.06397
0.209570 -0.064210
0.21344 -0.06438
0.2173 -0.06449
0.22115 -0.06451
0.22501 -0.06447
0.22886 -0.06436
0.23271 -0.064180
0.23656 -0.06393
0.24040 -0.06361
0.24424 -0.06321
0.24808 -0.06275
0.2519200 -0.06221
0.25576 -0.06158
0.25959 -0.060880
0.26342 -0.0601
0.26724 -0.05924
0.27107 -0.05829
0.27489 -0.05725
0.27870 -0.05612
0.28252 -0.0549
0.28633 -0.05358
0.29013 -0.05216
0.29394 -0.05064
0.29774 -0.04902
0.30153 -0.0473
0.30532 -0.04550
0.30912 -0.043610
0.3129 -0.04165
0.31669 -0.0396
0.32047 -0.03749
0.32425 -0.0353
0.32803 -0.033030
0.3318 -0.03069
0.33557 -0.02826
0.33934 -0.02572
0.3431 -0.023050
0.34686 -0.02023
0.35059 -0.01727
0.35416 -0.01431
0.35743 -0.01151
0.36025 -0.00904
0.36247 -0.00707
0.36396 -0.00575
0.36472 -0.005180
-Inserting Flap Ga2-
0.50024 0.0801
0.5001 0.07969
0.49983 0.07887
0.49941 0.07767
0.49888 0.07615
0.49825 0.07443
0.49753 0.0726
0.49675 0.07076
0.49592 0.06898
0.49506 0.06729
0.494160 0.065660
0.49323 0.06408
0.49229 0.06255
0.49132 0.06105
0.49034 0.05958
0.48934 0.05814
0.488330 0.0567200
0.487310 0.05534
0.48627 0.05397
0.485220 0.05264
0.48417 0.05132
0.4831 0.05002
0.48202 0.04875
0.48092 0.04749
0.47982 0.04626
0.47871 0.04504
0.47759 0.04385
0.47646 0.042680
0.47531 0.04153
0.47415 0.04041
0.47299 0.0393
0.47182 0.0382
0.47064 0.03712
0.46945 0.03605
0.46827 0.03499
0.46707 0.03394
0.465870 0.0329
0.46466 0.03188
0.46344 0.03088
0.46221 0.0299
0.46097 0.02893
0.45972 0.02798
0.45847 0.02705
0.45721 0.02613
0.45594 0.025230
0.45466 0.02434
0.45338 0.02346
0.45209 0.0226
0.45079 0.02175
0.44949 0.02091
0.44818 0.02009
0.44686 0.01928
0.44553 0.01849
0.4442 0.01771
0.44285 0.01695
0.4415 0.01621
0.44014 0.01548
0.43877 0.01477
0.4374 0.01408
0.43601 0.01341
0.43462 0.01275
0.43321 0.01211
0.4318 0.01148
0.43038 0.01088
0.42895 0.01029
0.42751 0.00972
0.42606 0.00916
0.42461 0.00862
0.42315 0.00808
0.42168 0.00757
0.42021 0.00707
0.41872 0.0066
0.41721 0.00616
0.41569 0.00574
0.41416 0.00536
0.4126 0.00501
0.41104 0.00469
0.40945 0.00441
0.40785 0.00415
0.40623 0.00393
0.404590 0.00376
0.40293 0.00363
0.40124 0.003550
0.39952 0.00353
0.39777 0.00356
0.396 0.00365
0.39419 0.0038
0.39236 0.004
0.3905 0.00425
0.38861 0.00458
0.38666 0.00501
0.38464 0.0055700
0.38254 0.00630
0.38036 0.0072
0.37817 0.00826
0.37606 0.00943
0.37412 0.01069
0.372420 0.0120
0.37105 0.01334
0.36939 0.01591
0.36915 0.01708
0.36931 0.01812
0.36988 0.019
0.37081 0.01975
0.372 0.02037
0.37338 0.02089
0.374870 0.02134
0.37641 0.02173
0.37796 0.02207
0.37955 0.02236
0.38115 0.0226
0.38278 0.0228
0.38443 0.02296
0.38609 0.02309
0.38777 0.02319
0.38947 0.02326
0.39117 0.02331
0.39288 0.02334
0.3946 0.02337
0.39632 0.02339
0.39804 0.0234
0.39976 0.023420
0.401480 0.02344
0.4032 0.023470
0.40491 0.02351
0.40662 0.023560
0.40832 0.02361
0.41001 0.02368
0.41170 0.023770
0.41338 0.02386
0.41505 0.023980
0.416720 0.0241
0.41838 0.02424
0.42003 0.0244
0.42167 0.02457
0.4233 0.02476
0.42493 0.02497
0.42654 0.02519
0.42815 0.02543
0.42975 0.025690
0.43134 0.02597
0.43292 0.02626
0.43449 0.02658
0.43605 0.02692
0.4376 0.02727
0.43913 0.02765
0.44066 0.028040
0.44218 0.02846
0.44368 0.0289
0.44518 0.02936
0.44667 0.02984
0.44815 0.03033
0.44962 0.03084
0.45108 0.03137
0.45253 0.03191
0.45397 0.03248
0.4554 0.03307
0.45682 0.03368
0.45822 0.03432
0.45961 0.03499
0.46099 0.03568
0.46236 0.03640
0.46371 0.03714
0.46505 0.03791
0.46638 0.03870
0.46769 0.03952
0.46899 0.04036
0.47027 0.04123
0.47154 0.04214
0.4728 0.04307
0.47404 0.04403
0.47527 0.045020
0.47647 0.04604
0.47767 0.04709
0.47884 0.04818
0.48 0.0493
0.48114 0.050460
0.48226 0.051660
0.48337 0.05289
0.48445 0.05415
0.485520 0.05545
0.48658 0.05677
0.48762 0.05812
0.48865 0.0595
0.48966 0.06091
0.49066 0.06234
0.49165 0.06380
0.49262 0.06529
0.49358 0.06681
0.49451 0.06836
0.49542 0.06997
0.49631 0.07163
0.49716 0.07333
0.49795 0.07501
0.49867 0.076570
0.49927 0.07795
0.49974 0.07903
0.50006 0.07977
0.50024 0.0801
-Inserting Flap Ga2-
0.61081 0.21183
0.61086 0.21139
0.61095 0.21054
0.61108 0.20927
0.61123 0.20768
0.61137 0.20585
0.61148 0.20388
0.611540 0.20188
0.61153 0.19993
0.61145 0.19802
0.61132 0.19617
0.61113 0.19435
0.61091 0.19256
0.61066 0.19079
0.61038 0.18904
0.61008 0.18732
0.60975 0.18561
0.6094 0.18393
0.60902 0.18226
0.60863 0.1806
0.60822 0.17896
0.60779 0.17734
0.60734 0.17573
0.60687 0.17413
0.60639 0.17255
0.60588 0.17098
0.60536 0.16943
0.60482 0.1679
0.60426 0.16638
0.60367 0.164870
0.60308 0.16338
0.60247 0.16189
0.60185 0.16042
0.60122 0.15895
0.60059 0.15749
0.59994 0.15603
0.59928 0.15459
0.5986 0.15316
0.59791 0.15174
0.5972 0.150330
0.59648 0.14894
0.59575 0.14756
0.595 0.146180
0.59423 0.14482
0.59346 0.14347
0.592670 0.14213
0.59187 0.1408
0.59105 0.13948
0.590230 0.138160
0.58939 0.13686
0.5885500 0.13556
0.58769 0.134280
0.58681 0.133
0.58592 0.13174
0.58502 0.13049
0.5841 0.12925
0.58317 0.12803
0.58222 0.12681
0.58126 0.12561
0.58028 0.12441
0.57929 0.12323
0.57828 0.12206
0.57726 0.12091
0.57622 0.11977
0.57516 0.11863
0.57409 0.11751
0.57301 0.1164
0.57192 0.1153
0.57081 0.11421
0.5697 0.11313
0.568560 0.11206
0.5674 0.11101
0.56622 0.10998
0.56501 0.10897
0.56378 0.10798
0.56251 0.10702
0.56122 0.10607
0.55990 0.10515
0.55855 0.10425
0.55717 0.10338
0.55576 0.10253
0.5543 0.10172
0.5528 0.10094
0.55124 0.10021
0.54964 0.09951
0.54799 0.09885
0.54629 0.09823
0.54454 0.09765
0.54275 0.0971
0.54089 0.09661
0.53893 0.09619
0.53686 0.09586
0.53465 0.095640
0.5323 0.09555
0.52987 0.0956
0.52746 0.09578
0.525170 0.096120
0.52308 0.0966
0.52128 0.09724
0.51870 0.09889
0.517980 0.09984
0.5177 0.10086
0.51785 0.1019
0.51838 0.10296
0.51921 0.10403
0.52024 0.10508
0.52141 0.10611
0.522640 0.1071
0.52391 0.10806
0.52523 0.10898
0.52659 0.1098800
0.52798 0.11074
0.52941 0.11157
0.53087 0.11238
0.532360 0.11317
0.53387 0.113940
0.5354 0.1147
0.53694 0.115450
0.53849 0.11619
0.540050 0.11692
0.5416 0.11766
0.543160 0.11839
0.54471 0.119130
0.54626 0.11987
0.5478 0.120620
0.54933 0.12137
0.55085 0.12213
0.55236 0.1229
0.55386 0.1236800
0.55535 0.12447
0.55682 0.12527
0.55828 0.12608
0.55973 0.1269
0.56117 0.12773
0.56259 0.12858
0.5639900 0.12943
0.56538 0.1303
0.56676 0.13117
0.56812 0.1320600
0.56946 0.13297
0.57079 0.13388
0.5721 0.13481
0.5734 0.135750
0.57467 0.13671
0.57593 0.13768
0.57717 0.13866
0.5784 0.13966
0.57960 0.140670
0.58078 0.1417
0.58195 0.14274
0.58311 0.1438
0.58424 0.14486
0.58537 0.145940
0.58648 0.14702
0.58757 0.14812
0.58865 0.149240
0.5897 0.15037
0.59073 0.15152
0.59174 0.15269
0.59272 0.15388
0.59368 0.15508
0.59463 0.1563
0.59555 0.15754
0.59644 0.1588
0.59732 0.16007
0.59817 0.16136
0.599 0.16267
0.5998 0.164
0.60058 0.16535
0.60133 0.16672
0.60206 0.16811
0.60276 0.16952
0.60343 0.170960
0.60408 0.17241
0.60469 0.17389
0.60528 0.1754
0.60583 0.17692
0.60635 0.1784800
0.60684 0.18006
0.6073 0.18166
0.60773 0.18328
0.60814 0.1849300
0.60852 0.18659
0.60887 0.18827
0.60921 0.18997
0.60952 0.19169
0.60981 0.19343
0.61007 0.19519
0.61031 0.196970
0.61051 0.19877
0.61067 0.20061
0.61078 0.20249
0.61084 0.20439
0.61086 0.20625
0.61086 0.207970
0.61083 0.20947
0.61081 0.21065
0.61079 0.21145
0.61081 0.21183
*.*.Setup: Ga2.txt as Flap 1, Inverted: y, Scale = 1.0, AoA = 2.0, Reposition from (0,0) = (0, 0)*.*.
*.*.Setup: Ga2.txt as Flap 2, Inverted: y, Scale = 0.4, AoA = 27.0, Reposition from previous T.E. = (0.0067, 0.07), Reposition from (0,0) = (1.0078, 0.0558)*.*.
*.*.Setup: Ga2.txt as Flap 3, Inverted: y, Scale = 0.4, AoA = 51.666666666666664, Reposition from previous T.E. = (0.04, 0.06), Reposition from (0,0) = (1.4131, 0.2799)*.*.
*.*.Setup: Scale Ratio = 0.36431*.*.