0.35452 0.05615
0.35254 0.053960
0.34965 0.05076
0.34623 0.04758
0.34206 0.04447
0.33696 0.04122
0.33079 0.0377
0.32348 0.03389
0.31514 0.029840
0.30599 0.02565
0.29628 0.02142
0.28623 0.01725
0.27601 0.01318
0.26572 0.00926
0.25539 0.00551
0.24502 0.00195
0.23459 -0.00143
0.22404 -0.00465
0.21334 -0.00773
0.20241 -0.01071
0.19125 -0.01361
0.17985 -0.01649
0.16828 -0.01934
0.15663 -0.02218
0.14508 -0.02496
0.13377 -0.02762
0.1229 -0.030080
0.11263 -0.03226
0.10309 -0.03405
0.09421 -0.03538
0.08587 -0.03625
0.07795 -0.03665
0.07036 -0.03659
0.06305 -0.036080
0.056 -0.03514
0.0492 -0.03377
0.04267 -0.032
0.03648 -0.02988
0.03068 -0.02747
0.02541 -0.0249
0.02075 -0.02230
0.016750 -0.01977
0.01339 -0.01738
0.010590 -0.01514
0.00828 -0.01305
0.006370 -0.011080
0.00479 -0.00925
0.00349 -0.00753
0.00242 -0.00591
0.00155 -0.0043800
0.00087 -0.00293
0.00037 -0.001540
0.000086 -0.00021
-0.00012 0.00108000
0.000005 0.00237
0.00056 0.003580
0.00156 0.00453
0.00287 0.00526
0.00442 0.00584
0.0062 0.006340
0.00827 0.00681
0.0107 0.00727
0.0136 0.00774
0.01714 0.00822
0.02157 0.00874
0.0272 0.0093
0.0343 0.00989
0.04283 0.01047
0.05243 0.01092
0.062780 0.01119
0.073770 0.01127
0.08533 0.01124
0.097260 0.01117
0.10936 0.01107
0.12143 0.01098
0.13336 0.01094
0.14510 0.01096
0.15664 0.01107
0.16798 0.011310
0.179140 0.01169
0.19013 0.01224
0.20096 0.01297
0.21165 0.01389
0.2222200 0.01503
0.23268 0.01638
0.24305 0.01796
0.25333 0.01977
0.263530 0.02181
0.27363 0.02409
0.28363 0.0266
0.29348 0.02932
0.3031 0.03224
0.31234 0.03532
0.32099 0.03846
0.32882 0.04159
0.33566 0.04464
0.34148 0.04756
0.34636 0.05036
0.35042 0.05303
0.35452 0.05615
-Inserting Flap s1223rtl-
0.51718 0.15892
0.51653 0.15759
0.51558 0.15566
0.51438 0.15366
0.5128 0.15159
0.5108 0.14932
0.50832 0.14678
0.50533 0.14394
0.50188 0.14084
0.49806 0.13757
0.49397 0.13420
0.48972 0.13081
0.48537 0.12745
0.48096 0.12414
0.47651 0.12092
0.47202 0.11778
0.46747 0.11472
0.46285 0.11172
0.45813 0.10876
0.45329 0.10582
0.44832 0.10289
0.443240 0.09993
0.43807 0.09697
0.43286 0.094
0.42769 0.09107
0.42263 0.08823
0.41774 0.085550
0.41311 0.08309
0.40876 0.08092
0.40468 0.079050
0.400790 0.07748
0.39704 0.07620
0.39339 0.07518
0.3898 0.07442
0.38628 0.0739
0.38283 0.07362
0.37945 0.073570
0.37617 0.07374
0.37306 0.0741
0.37017 0.07461
0.36757 0.07521
0.3653 0.07588
0.36335 0.0765600
0.3617 0.07725
0.3603 0.07794
0.35912 0.07862
0.3581 0.079290
0.35724 0.07993
0.3565 0.08056
0.35587 0.08118
0.35535 0.08179
0.35491 0.08238
0.35457 0.082970
0.35432 0.083570
0.3542 0.08421
0.3543 0.08487
0.35465 0.08547
0.35518 0.08599
0.35585 0.08649
0.35663 0.08697
0.357560 0.08748
0.35866 0.08804
0.35999 0.08866
0.36163 0.08939
0.36369 0.09025
0.36632 0.09129
0.36965 0.09255
0.37367 0.094
0.37822 0.09555
0.38316 0.0971
0.38843 0.098660
0.39399 0.10024
0.39973 0.101840
0.40556 0.10346
0.41138 0.10509
0.417110 0.10671
0.42275 0.10834
0.42829 0.10998
0.4337 0.11166
0.43901 0.11338
0.444220 0.11516
0.44932 0.117
0.45434 0.11892
0.45926 0.120920
0.4641 0.12301
0.46887 0.1252
0.473560 0.12749
0.47818 0.12987
0.48272 0.132360
0.48718 0.13494
0.49154 0.13761
0.49576 0.14034
0.49978 0.14309
0.5035 0.1458
0.506830 0.14838
0.5097 0.150790
0.51209 0.152990
0.51405 0.15501
0.51564 0.15685
0.51718 0.15892
-Inserting Flap s1223rtl-
0.647190 0.29895
0.64687 0.29751
0.64639 0.29541
0.64568 0.2931900
0.64462 0.290810
0.6432 0.28814
0.64137 0.28509
0.63912 0.28164
0.63647 0.277830
0.63351 0.27377
0.63031 0.26955
0.62696 0.26527
0.6235 0.26099
0.61997 0.25676
0.61639 0.2526
0.61274 0.2485
0.60902 0.24448
0.60521 0.240490
0.6013 0.23652
0.59727 0.23255
0.59311 0.22855
0.58885 0.2245
0.5845 0.22042
0.58012 0.21634
0.57576 0.21229
0.57149 0.20836
0.56735 0.20463
0.56341 0.20116
0.559690 0.19805
0.55615 0.19529
0.552720 0.19287
0.54937 0.19075
0.54605 0.18892
0.54274 0.18735
0.53943 0.18604
0.53613 0.18497
0.53285 0.18414
0.52963 0.18355
0.52652 0.18318
0.52359 0.18301
0.52092 0.183
0.51856 0.18312
0.51651 0.18334
0.51474 0.18363
0.51322 0.18398
0.51191 0.18436
0.51077 0.18478
0.50978 0.18521
0.50892 0.18565
0.50816 0.18611
0.5075100 0.18657
0.50695 0.18705
0.50648 0.18755
0.5061 0.188080
0.50583 0.18867
0.505780 0.18933
0.50598 0.18999
0.50638 0.19063
0.50691 0.19126
0.50757 0.19192
0.50835 0.19263
0.5093 0.19342
0.51045 0.19434
0.51187 0.19542
0.51367 0.19673
0.51599 0.19835
0.51894 0.20035
0.52252 0.20269
0.52659 0.20524
0.53104 0.20789
0.53581 0.21062
0.54086 0.21344
0.54607 0.21633
0.55137 0.21925
0.55666 0.22217
0.56187 0.22507
0.56698 0.22795
0.57198 0.23083
0.576870 0.23371
0.58164 0.23661
0.58629 0.23954
0.590830 0.24251
0.59527 0.24553
0.5996 0.24862
0.603830 0.25177
0.60796 0.255
0.6120 0.2583
0.61594 0.26169
0.61979 0.26516
0.623530 0.2687
0.62716 0.2723
0.63063 0.27593
0.63391 0.27954
0.63691 0.28303
0.63956 0.28631
0.64179 0.28931
0.64361 0.29201
0.64505 0.29443
0.64617 0.29658
0.647190 0.29895
*.*.Setup: s1223rtl.txt as Flap 1, Inverted: y, Scale = 1.0, AoA = 9.0, Reposition from (0,0) = (0, 0)*.*.
*.*.Setup: s1223rtl.txt as Flap 2, Inverted: y, Scale = 0.5, AoA = 25.0, Reposition from previous T.E. = (0.0, 0.075), Reposition from (0,0) = (0.9877, 0.2314)*.*.
*.*.Setup: s1223rtl.txt as Flap 3, Inverted: y, Scale = 0.5, AoA = 38.333333333333336, Reposition from previous T.E. = (-0.03, 0.08), Reposition from (0,0) = (1.4108, 0.5227)*.*.
*.*.Setup: Scale Ratio = 0.35894*.*.