0.37848 -0.03187
0.37765 -0.032650
0.37599 -0.03416
0.373530 -0.03638
0.37041 -0.03915
0.36680 -0.04227
0.36285 -0.04553
0.35875 -0.04875
0.35463 -0.051740
0.35052 -0.05451
0.34641 -0.05709
0.34231 -0.059510
0.33822 -0.061810
0.33413 -0.06401
0.33004 -0.06611
0.32595 -0.06813
0.32187 -0.07008
0.31779 -0.07194
0.31371 -0.07374
0.30963 -0.07546
0.30556 -0.07712
0.30149 -0.07872
0.29742 -0.08026
0.29335 -0.08175
0.28929 -0.08317
0.28522 -0.08453
0.28116 -0.08583
0.2771 -0.08707
0.27305 -0.08823
0.26899 -0.08933
0.26494 -0.09039
0.26089 -0.0914
0.25684 -0.09237
0.25279 -0.09332
0.24875 -0.09424
0.2447 -0.09513
0.24065 -0.09597
0.23661 -0.09676
0.23257 -0.0975
0.22853 -0.09819
0.22449 -0.09882
0.22046 -0.09941
0.21642 -0.09996
0.21239 -0.10046
0.20836 -0.10091
0.20433 -0.101320
0.20030 -0.1017
0.19627 -0.10203
0.19225 -0.10233
0.18822 -0.10259
0.1842 -0.10281
0.18018 -0.10299
0.17616 -0.10312
0.17214 -0.10320
0.16812 -0.10323
0.16411 -0.10322
0.16009 -0.10315
0.15608 -0.10304
0.15207 -0.10288
0.14807 -0.10267
0.14406 -0.10241
0.14005 -0.1021
0.13605 -0.10174
0.13205 -0.10132
0.12805 -0.10085
0.12405 -0.10034
0.12006 -0.09978
0.11606 -0.09919
0.11207 -0.0985600
0.10808 -0.09788
0.10409 -0.09715
0.1001 -0.09634
0.09612 -0.09545
0.09213 -0.09448
0.08816 -0.0934
0.08418 -0.09224
0.08021 -0.090990
0.07624 -0.08964
0.07228 -0.0882
0.06832 -0.08666
0.06436 -0.084990
0.06041 -0.08319
0.05646 -0.08123
0.05252 -0.07911
0.048580 -0.07682
0.04465 -0.07437
0.04073 -0.07176
0.03681 -0.06901
0.03289 -0.06609
0.02899 -0.06295
0.02509 -0.05950
0.02121 -0.05566
0.01735 -0.05136
0.01353 -0.04656
0.00988 -0.04140
0.00656 -0.03606
0.00372 -0.03074
0.00152 -0.02561
8e-05 -0.02085
-0.00045 -0.012890
0.00046 -0.00992
0.00214 -0.00776
0.00457 -0.00647
0.00761 -0.00594
0.01111 -0.00603
0.01492 -0.00658
0.01888 -0.00745
0.02286 -0.008490
0.02683 -0.00968
0.0308 -0.01102
0.03477 -0.01249
0.03873 -0.01409
0.04268 -0.0158
0.04663 -0.01762
0.05058 -0.01952
0.05453 -0.02150
0.05847 -0.02353
0.06242 -0.02561
0.06636 -0.02772
0.0703 -0.02985
0.07424 -0.03199
0.07818 -0.034120
0.08212 -0.03624
0.08606 -0.03834
0.09001 -0.04041
0.09395 -0.04246
0.0979 -0.04448
0.10184 -0.04645
0.10579 -0.04839
0.10974 -0.0503
0.11369 -0.05215
0.11764 -0.05397
0.1216 -0.05574
0.12555 -0.05747
0.12951 -0.05915
0.13347 -0.06078
0.13743 -0.06236
0.14139 -0.063890
0.14535 -0.06537
0.14932 -0.0668
0.15329 -0.06817
0.15725 -0.06949
0.16123 -0.07075
0.1652 -0.07196
0.16917 -0.0731
0.17315 -0.07419
0.177130 -0.07521
0.18111 -0.07617
0.1851 -0.07707
0.18908 -0.077910
0.19307 -0.0787
0.19706 -0.07945
0.20105 -0.08015
0.20505 -0.0808
0.20904 -0.08139
0.21304 -0.08192
0.21704 -0.08238
0.22104 -0.08277
0.22504 -0.08308
0.22905 -0.083320
0.23306 -0.08348
0.23707 -0.08357
0.24109 -0.083590
0.2451 -0.0835400
0.249120 -0.08341
0.25315 -0.08320
0.25717 -0.08292
0.2612 -0.08255
0.26523 -0.0821
0.26927 -0.08157
0.2733 -0.08095
0.27734 -0.08024
0.28139 -0.07944
0.28543 -0.07854
0.28948 -0.07755
0.29354 -0.07646
0.29759 -0.07526
0.30166 -0.07396
0.30572 -0.07255
0.3097900 -0.07104
0.31386 -0.06944
0.31793 -0.06776
0.32201 -0.06599
0.32609 -0.06414
0.33017 -0.06222
0.33426 -0.06022
0.338350 -0.05814
0.34244 -0.05599
0.34653 -0.05374
0.35063 -0.05137
0.35473 -0.04887
0.35884 -0.04621
0.36293 -0.04341
0.36685 -0.04059
0.37045 -0.03792
0.37356 -0.03556
0.37601 -0.03368
0.37766 -0.03241
0.37848 -0.03187
-Inserting Flap Ga2-
0.50696 0.06073
0.50682 0.06029
0.50653 0.05944
0.5061 0.05819
0.50554 0.05662
0.50488 0.05482
0.50414 0.05292
0.50333 0.051
0.50247 0.04915
0.50157 0.04738
0.50063 0.04568
0.49966 0.04404
0.49868 0.04244
0.49767 0.04088
0.49665 0.03935
0.495610 0.03785
0.49456 0.03638
0.49349 0.03494
0.49241 0.03352
0.49132 0.032120
0.490220 0.03075
0.48911 0.02940
0.48798 0.02808
0.48685 0.02677
0.4857 0.025480
0.48454 0.02422
0.48338 0.02298
0.48219 0.02176
0.481 0.02056
0.4798 0.01939
0.47858 0.018240
0.47736 0.0171
0.47613 0.01597
0.47490 0.01485
0.47366 0.01375
0.47242 0.01265
0.47117 0.01157
0.46991 0.01051
0.46864 0.00947
0.46736 0.00845
0.46607 0.00744
0.46477 0.00645
0.463460 0.00548
0.46215 0.00452
0.460830 0.00358
0.4595 0.00266000
0.45816 0.00174
0.456820 0.00084
0.455470 -4e-05
0.45411 -0.00091
0.45274 -0.00177
0.45137 -0.002610
0.44999 -0.00343
0.4486 -0.00424
0.4472 -0.00503
0.44579 -0.00581
0.44438 -0.00656
0.44295 -0.0073
0.44152 -0.00802
0.44008 -0.00873
0.438620 -0.00941
0.43716 -0.01008
0.43569 -0.01073
0.43421 -0.01136
0.43272 -0.01197
0.43122 -0.01257
0.42972 -0.01315
0.42821 -0.01371
0.42669 -0.01427
0.42516 -0.01481
0.42362 -0.01532
0.42207 -0.01581
0.4205 -0.01628
0.418920 -0.01671
0.41732 -0.0171
0.4157 -0.01747
0.414070 -0.0178
0.41242 -0.0181
0.410760 -0.01836
0.40907 -0.01859
0.40736 -0.018770
0.40563 -0.01891
0.40387 -0.01899
0.40208 -0.01901
0.40026 -0.01897
0.39841 -0.01888
0.39653 -0.01873
0.39462 -0.01853
0.39269 -0.01826
0.39071 -0.01792
0.38868 -0.01747
0.38658 -0.01688
0.38439 -0.01613
0.38213 -0.01519
0.37985 -0.01409
0.37765 -0.01287
0.37563 -0.01155
0.37386 -0.01019
0.37243 -0.0088
0.37071 -0.006120
0.37045 -0.0049
0.37062 -0.00382
0.37122 -0.0029
0.37218 -0.00212
0.37342 -0.001480
0.37486 -0.00093
0.37641 -0.00046
0.378010 -6e-05
0.37963 0.00029
0.38128 0.0006
0.38295 0.00085
0.38465 0.00106
0.38636 0.00123
0.38810 0.00136
0.38985 0.00146
0.39161 0.001530
0.39339 0.001590
0.39517 0.00162
0.39696 0.00165
0.39875 0.0016700
0.40054 0.00169
0.40233 0.0017
0.40412 0.00173
0.40591 0.00176
0.40769 0.0018
0.40947 0.00184
0.41124 0.00190
0.413 0.00198
0.41476 0.00206
0.41651 0.00216
0.41825 0.00228
0.41999 0.00241
0.42172 0.00256
0.42343 0.00272
0.42514 0.00290
0.42684 0.00310
0.42854 0.00331
0.43022 0.00355
0.43189 0.00380
0.43356 0.00407
0.43521 0.00436
0.43686 0.00466
0.43849 0.004990
0.44011 0.005340
0.441730 0.00571
0.44333 0.0061
0.44492 0.00652
0.4465 0.00695
0.44807 0.007410
0.44962 0.0078900
0.45117 0.00839
0.45271 0.00890
0.45425 0.00943
0.45577 0.00998
0.45728 0.01054
0.45878 0.01113
0.46027 0.01175
0.46175 0.01239
0.46321 0.01306
0.46466 0.01375
0.46609 0.01447
0.46751 0.01522
0.46892 0.01599
0.47031 0.01679
0.4717 0.01761
0.47306 0.01846
0.47442 0.01934
0.47575 0.02025
0.47708 0.021190
0.47839 0.02216
0.47968 0.02316
0.48095 0.02419
0.48221 0.02526
0.48345 0.02635
0.48468 0.02749
0.48589 0.02865
0.48707 0.02986
0.48824000 0.0311
0.48939 0.03239
0.49052 0.0337
0.49163 0.03505
0.49273 0.03643
0.49382 0.03784
0.49489 0.039280
0.49594 0.04074
0.49698 0.04223
0.49801 0.04375
0.49902 0.04530
0.50002 0.04688
0.50099 0.0485
0.50194 0.05017
0.50287 0.0519
0.50375 0.05367
0.504580 0.05542
0.50532 0.05705
0.50595 0.05848
0.506440 0.05961
0.50677 0.06038
0.50696 0.06073
-Inserting Flap Ga2-
0.59677 0.18931
0.596770 0.18885
0.59676 0.18796
0.59674 0.18663
0.5967 0.18496
0.59662 0.183050
0.5965 0.18101
0.59632 0.17893
0.596070 0.17691
0.595760 0.17495
0.5954 0.17305
0.59499 0.17119
0.59454 0.169360
0.59407 0.16757
0.59357 0.1658
0.59305 0.16405
0.5925 0.16233
0.59193 0.1606200
0.59135 0.15894
0.59074 0.157280
0.59011 0.15563
0.58947 0.154
0.58881 0.15239
0.58814 0.1508
0.58744 0.14922
0.58673 0.14766
0.58601 0.14612
0.585260 0.1446
0.58449 0.14309
0.58371 0.1416
0.58291 0.14013
0.5821 0.13867
0.58128 0.13722
0.58046 0.13578
0.57962 0.13434
0.57878 0.13292
0.57792 0.1315
0.57705 0.1301
0.57616 0.12872
0.57526 0.12735
0.57435 0.126
0.57342 0.12465
0.57248 0.12333
0.57152 0.12201
0.57056 0.12071
0.56958 0.11942
0.56859 0.11813
0.56759 0.11686
0.56658 0.11561
0.56555 0.11436
0.56452 0.11312
0.56348 0.1119
0.56242 0.11068
0.5613400 0.10949
0.56026 0.1083
0.55916 0.10713
0.55804 0.10598
0.55692 0.104830
0.55578 0.1037
0.55462 0.10259
0.5534500 0.101490
0.552270 0.1004
0.55107 0.09933
0.54986 0.09827
0.54863 0.09723
0.54739 0.0962
0.54614 0.09518
0.54487 0.09418
0.5436 0.09318
0.54231 0.0922
0.54101 0.09123
0.53969 0.09028
0.538340 0.08936
0.53697 0.08846
0.53557 0.08759
0.53414 0.086750
0.53269 0.08593
0.53122 0.08513
0.52972 0.08436
0.52818 0.08363
0.52662 0.08292
0.52501 0.08226
0.52336 0.08164
0.52166 0.08106
0.51992 0.08054
0.51813 0.08006
0.5163 0.07962
0.51442 0.07922
0.5125 0.07887
0.51052 0.07859
0.50845 0.07839
0.50627 0.0783
0.50395 0.07834
0.50151 0.07854
0.499 0.07888
0.49653 0.07936
0.4942 0.07998
0.4921 0.08074
0.49031 0.08162
0.48784 0.08363
0.48722 0.08471
0.48705 0.08579
0.48733 0.08685
0.48801 0.08789
0.48899 0.08889
0.49019 0.08985
0.49152 0.090770
0.492910 0.09165
0.49435 0.09249
0.49582 0.09329
0.49733 0.09404
0.49888 0.09477
0.50046 0.09546
0.50207 0.09612
0.5037 0.09675
0.50536 0.09737
0.507030 0.09797
0.50871 0.09855
0.51041 0.09913
0.5121 0.09970
0.5138 0.10027
0.5155 0.10085
0.5172 0.10142
0.51889 0.102
0.52057 0.10259
0.52225 0.10318
0.52391 0.10379
0.52557 0.1044
0.52721 0.10503
0.52885 0.10566
0.53047 0.10631
0.532080 0.10697
0.53367 0.10765
0.53526 0.10833
0.53683 0.10903
0.53838 0.10975
0.53993 0.11047
0.54146 0.11121
0.54297 0.11197
0.54447 0.11274
0.54595 0.11353
0.54742 0.114330
0.54888 0.11515
0.55031 0.11598
0.551730 0.11683
0.55313 0.1177
0.55452 0.11858
0.555890 0.11949
0.55723 0.12041
0.55857 0.121340
0.55989 0.12229
0.56119 0.12326
0.56249 0.124230
0.56377 0.12522
0.565030 0.12623
0.56628 0.12726
0.5675 0.1283
0.568710 0.12937
0.56989 0.13045
0.57105 0.13156
0.57219 0.13269
0.57332 0.13384
0.57442 0.13501
0.5755 0.1362
0.57656 0.13741
0.57759 0.13864
0.57861 0.1399
0.5796 0.14117
0.58057 0.14248
0.58151 0.1438
0.58243 0.14515
0.58333 0.14653
0.5842 0.147930
0.58504 0.14936
0.58585 0.15081
0.58664 0.1523
0.5874 0.15381
0.58812 0.15535
0.58882 0.15693
0.58949 0.15853
0.590130 0.16016
0.590750 0.16181
0.591340 0.16348
0.591920 0.165180
0.59247 0.1669
0.593 0.16864
0.5935 0.1704
0.59399 0.17219
0.59445 0.174
0.59487 0.17584
0.59526 0.177720
0.59561 0.17965
0.5959 0.18161
0.59615 0.18353
0.596350 0.18531
0.59651 0.18686
0.59662 0.18809
0.596700 0.18892
0.59677 0.18931
*.*.Setup: Ga2.txt as Flap 1, Inverted: y, Scale = 1.0, AoA = -2.0, Reposition from (0,0) = (0, 0)*.*.
*.*.Setup: Ga2.txt as Flap 2, Inverted: y, Scale = 0.4, AoA = 27.0, Reposition from previous T.E. = (-0.0267, 0.08), Reposition from (0,0) = (0.971, -0.004)*.*.
*.*.Setup: Ga2.txt as Flap 3, Inverted: y, Scale = 0.4, AoA = 45.0, Reposition from previous T.E. = (-0.06, 0.07), Reposition from (0,0) = (1.2763, 0.2301)*.*.
*.*.Setup: Scale Ratio = 0.37936*.*.