0.3617 0.03802
0.359570 0.0359
0.35648 0.03282
0.35286 0.02979
0.34847 0.02686
0.343140 0.023840
0.3367 0.02061
0.32911 0.01713
0.320460 0.01348
0.310970 0.00973
0.30092 0.00597
0.29054 0.00227
0.279980 -0.00130
0.26936 -0.00472
0.25871 -0.00796
0.24803 -0.011020
0.23729 -0.01388
0.22645 -0.01658
0.2154500 -0.01913
0.20424 -0.02157
0.19279 -0.02392
0.1811 -0.02622
0.16924 -0.0285
0.15731 -0.030750
0.14547 -0.03294
0.13389 -0.03504
0.12276 -0.03696
0.11226 -0.03861
0.1025 -0.03991
0.09345 -0.0408
0.08497 -0.04123
0.07693 -0.04122
0.06925 -0.04076
0.06189 -0.03986
0.0548 -0.03852
0.04799 -0.03678
0.041480 -0.03464
0.03532 -0.03216
0.02959 -0.02942
0.02439 -0.02654
0.01981 -0.023660
0.0159 -0.02089
0.01262 -0.0183
0.00991 -0.01588
0.00769 -0.01364
0.005860 -0.01155
0.00436 -0.009610
0.00313 -0.0078
0.00213 -0.00611
0.00134 -0.004510
0.00073 -0.00301
0.00029 -0.00158
0.000055 -0.00022
-6e-05 0.0011
0.00013 0.0024
0.00075 0.00359
0.00182 0.0045
0.003190 0.00517
0.00478 0.005670
0.00661 0.00608
0.00873 0.00645
0.01121 0.00679
0.01417 0.00711
0.01778 0.00741
0.02229 0.00770
0.02801 0.00796
0.03523 0.00819
0.04389 0.008320
0.05363 0.00827
0.06411 0.00799
0.07524 0.00749
0.08694 0.00685
0.09901 0.00614
0.11124 0.0054
0.12345 0.00467
0.135520 0.00399
0.1474 0.00339
0.159080 0.0029
0.17057 0.00254
0.18188 0.00233
0.193030 0.0023
0.20402 0.00247
0.21489 0.00283
0.22565 0.00342
0.23631 0.00423
0.24688 0.00528
0.25738 0.00657
0.2678 0.00809
0.27815 0.00986
0.2884 0.01187
0.29851 0.014110
0.3084 0.01655
0.31791 0.01917
0.32683 0.0219
0.33492 0.02465
0.3420 0.02737
0.34804 0.03001
0.35313 0.03259
0.35738 0.035070
0.3617 0.03802
-Inserting Flap s1223rtl-
0.52651 0.14214
0.52585 0.1408
0.52489 0.13884
0.52367 0.13681
0.52207 0.13471
0.52004 0.13242
0.51752 0.12984
0.5145 0.12697
0.511 0.12383
0.50713 0.12051
0.50299 0.1171
0.49868 0.11366
0.49427 0.11025
0.489810 0.10691
0.4853 0.10364
0.48075 0.10046
0.476140 0.09736
0.47146 0.094320
0.46667 0.09132
0.46177 0.08835
0.45674 0.085370
0.45159 0.08238
0.44635 0.07937
0.44108 0.07637
0.43583 0.0734
0.4307 0.070520
0.42575 0.0678
0.42105 0.06531
0.41666 0.06311
0.41252 0.06122
0.40858 0.05963
0.40478 0.05833
0.40107 0.0573
0.39744 0.056520
0.39388 0.056
0.39037 0.0557200
0.386950 0.05567
0.38363 0.05584
0.38048 0.0562
0.37755 0.056710
0.37492 0.05733
0.37262 0.058
0.370650 0.0587
0.36897 0.0594
0.367550 0.06010
0.36635 0.06078
0.36532 0.06146
0.36445 0.06211
0.3637 0.06275
0.36307 0.06338
0.36253 0.06399
0.36209 0.06459
0.36174 0.06519
0.36149 0.0658
0.36137 0.06645
0.36147 0.067110
0.36183 0.06772
0.36236 0.06825
0.3630400 0.06875
0.36384 0.06925
0.36478 0.069760
0.36589 0.07033
0.36724 0.07096
0.3689 0.071690
0.37098 0.07256
0.37365 0.07362
0.37702 0.0749
0.3811 0.07637
0.38571 0.07793
0.39071 0.079510
0.39605 0.08108
0.40169 0.08268
0.40751 0.08431
0.413410 0.085950
0.4193 0.0876
0.42512 0.08924
0.43083 0.09089
0.43644 0.09256
0.44193 0.09426
0.44731 0.096
0.45258 0.0978
0.45775 0.09967
0.462830 0.10161
0.46782 0.10364
0.4727300 0.1057600
0.47755 0.10798
0.48231 0.11029
0.48699 0.11271
0.49159 0.11523
0.49611 0.11785
0.500530 0.12056
0.5048 0.12332
0.50887 0.12611
0.51265 0.12885
0.51602 0.13146
0.51893 0.1339
0.52135 0.13614
0.52334 0.13818
0.52494 0.140050
0.52651 0.14214
-Inserting Flap s1223rtl-
0.64418 0.29437
0.64402 0.29288
0.64379 0.290710
0.6433300 0.28839
0.64255 0.28587
0.64143 0.28302
0.63995 0.27974
0.63809 0.276
0.63588 0.271860
0.63337 0.26741
0.63065 0.26279
0.62778 0.25809
0.6248 0.25338
0.62175 0.24871
0.61863 0.24409
0.61544 0.23955
0.61217 0.23506
0.60881 0.2306
0.605340 0.22614
0.60175 0.22167
0.59804 0.21715
0.59422 0.21258
0.590330 0.20797
0.5864 0.20334
0.58249 0.19876
0.57865 0.1943
0.57493 0.19005
0.57137 0.1861
0.56799 0.18253
0.56475 0.17934
0.56159 0.1765
0.55846 0.17398
0.55533 0.171740
0.55218 0.16977
0.54901 0.16806
0.54582 0.16659
0.54262 0.16538
0.53944 0.1644
0.53635 0.16366
0.5334300 0.16314
0.53074 0.16282
0.52835 0.162670
0.52626 0.162650
0.52445 0.16273
0.522880 0.1629
0.52151 0.16314
0.52031 0.16342
0.51927 0.16374
0.51835 0.16408
0.51754 0.16445
0.51683 0.16485
0.516210 0.16526
0.51567 0.16571
0.51523 0.16619
0.51489 0.16676
0.51476 0.16742
0.51489 0.16811
0.51521 0.16879
0.51567 0.16949
0.51625 0.17023
0.51696 0.17104
0.51782 0.17195
0.51887 0.173
0.52017 0.17426
0.52183 0.17579
0.52398 0.17769
0.52671 0.18005
0.53004 0.18283
0.53383 0.18587
0.53799 0.18906
0.54248 0.19237
0.54722 0.1958
0.55214 0.19932
0.55712 0.20289
0.5621 0.206450
0.567 0.20998
0.5718 0.21348
0.5765 0.21697
0.58108 0.22044
0.58554 0.223920
0.58988 0.2274200
0.5941 0.23094
0.59821 0.2345
0.6022 0.23812
0.60609 0.241790
0.60987 0.24552
0.61354 0.249320
0.61711 0.2532
0.62057 0.25714
0.62393 0.26114
0.62715 0.2652
0.63022 0.26926
0.63309 0.27327
0.63570 0.27713
0.63798 0.28075
0.63988 0.28403
0.64139 0.28696
0.64256 0.28956
0.64343 0.291870
0.64418 0.29437
*.*.Setup: s1223rtl.txt as Flap 1, Inverted: y, Scale = 1.0, AoA = 6.0, Reposition from (0,0) = (0, 0)*.*.
*.*.Setup: s1223rtl.txt as Flap 2, Inverted: y, Scale = 0.5, AoA = 25.0, Reposition from previous T.E. = (0.0, 0.075), Reposition from (0,0) = (0.9945, 0.1795)*.*.
*.*.Setup: s1223rtl.txt as Flap 3, Inverted: y, Scale = 0.5, AoA = 45.0, Reposition from previous T.E. = (-0.03, 0.065), Reposition from (0,0) = (1.4177, 0.4558)*.*.
*.*.Setup: Scale Ratio = 0.36369*.*.