0.35257 0.03706
0.35050 0.03499
0.34748 0.03199
0.34395 0.02904
0.33967 0.02618
0.334480 0.023240
0.3282 0.02009
0.3208 0.0167
0.312370 0.01314
0.303120 0.00948
0.29332 0.00582
0.2832 0.00222
0.272910 -0.001270
0.26256 -0.0046
0.25217 -0.00776
0.24177 -0.010740
0.2313 -0.01353
0.22073 -0.01616
0.2100100 -0.01865
0.19908 -0.02102
0.18792 -0.02331
0.17653 -0.02556
0.16497 -0.02778
0.15334 -0.029970
0.1418 -0.03211
0.13051 -0.03415
0.11966 -0.03602
0.10942 -0.03764
0.09991 -0.03891
0.09109 -0.03977
0.08282 -0.04019
0.07499 -0.04018
0.06751 -0.03973
0.06032 -0.03885
0.05341 -0.03755
0.04678 -0.03585
0.040440 -0.03377
0.03443 -0.03135
0.02884 -0.02868
0.02377 -0.02587
0.01931 -0.023060
0.0155 -0.02037
0.0123 -0.01784
0.00966 -0.01548
0.00749 -0.01329
0.005710 -0.01126
0.00425 -0.009370
0.00305 -0.00761
0.00208 -0.00595
0.00131 -0.00440
0.00071 -0.00293
0.00028 -0.00154
0.000055 -0.00021
-6e-05 0.00107
0.00012 0.00234
0.00073 0.0035
0.00177 0.00439
0.003110 0.00504
0.00466 0.005530
0.00645 0.00593
0.00851 0.00629
0.01093 0.00662
0.01381 0.00693
0.01733 0.00722
0.02173 0.00750
0.02731 0.00776
0.03434 0.00798
0.04279 0.008110
0.05228 0.00806
0.06249 0.00779
0.07334 0.0073
0.08474 0.00668
0.09651 0.00599
0.10844 0.00526
0.12034 0.00455
0.13210 0.00389
0.14368 0.00331
0.155070 0.00282
0.16627 0.00247
0.17729 0.00227
0.188150 0.00224
0.19887 0.0024
0.20947 0.00276
0.21995 0.00333
0.23034 0.00413
0.24065 0.00515
0.25088 0.0064
0.26104 0.00789
0.27113 0.00961
0.28112 0.01157
0.29098 0.013750
0.30061 0.01614
0.30988 0.01869
0.31858 0.02134
0.32646 0.02403
0.333360 0.02667
0.33925 0.02926
0.34421 0.03177
0.34836 0.034190
0.35257 0.03706
-Inserting Flap s1223rtl-
0.52031 0.13856
0.51966 0.13724
0.51873 0.13533
0.51754 0.13336
0.51598 0.13131
0.514 0.12908
0.51155 0.12657
0.5086 0.12376
0.50519 0.1207
0.50142 0.11747
0.49738 0.11414
0.49318 0.11079
0.48889 0.10747
0.484530 0.10421
0.48014 0.10103
0.4757 0.09792
0.471210 0.0949
0.46664 0.091940
0.46198 0.08901
0.4572 0.08611
0.4523 0.083210
0.44728 0.0803
0.44217 0.07737
0.43703 0.07444
0.43192 0.07155
0.42692 0.068740
0.42209 0.06609
0.41752 0.06366
0.41323 0.06152
0.4092 0.05967
0.40536 0.05813
0.40165 0.05686
0.39804 0.05585
0.3945 0.05510
0.39102 0.05459
0.38761 0.0543100
0.384270 0.05426
0.38104 0.05443
0.37796 0.05478
0.37511 0.055280
0.37254 0.05588
0.3703 0.05654
0.368380 0.05722
0.36675 0.0579
0.365360 0.058580
0.36419 0.05925
0.36319 0.05991
0.36234 0.06055
0.36161 0.06117
0.36099 0.06178
0.36047 0.06237
0.36004 0.06296
0.3597 0.06355
0.35945 0.06414
0.35934 0.06477
0.35944 0.065420
0.35978 0.06601
0.36031 0.06653
0.3609600 0.06702
0.36174 0.0675
0.36266 0.0680
0.36375 0.06855
0.36506 0.06917
0.36667 0.069880
0.36871 0.07073
0.3713 0.07176
0.37459 0.07301
0.37857 0.07444
0.38306 0.07597
0.38793 0.07750
0.39314 0.07904
0.39863 0.0806
0.40431 0.08218
0.410070 0.083780
0.41581 0.08539
0.42147 0.08699
0.42704 0.0886
0.43251 0.09022
0.43786 0.09188
0.4431 0.09358
0.44824 0.09533
0.45329 0.09715
0.458240 0.09905
0.4631 0.10103
0.4678800 0.1030900
0.47259 0.10525
0.47722 0.10751
0.48178 0.10987
0.48627 0.11232
0.49068 0.11488
0.494980 0.11751
0.49915 0.12021
0.50312 0.12292
0.50679 0.12559
0.51008 0.12815
0.51292 0.13052
0.51528 0.1327
0.51722 0.1347
0.51878 0.136510
0.52031 0.13856
-Inserting Flap s1223rtl-
0.65981 0.27412
0.65957 0.272680
0.65922 0.27058
0.65865 0.26835
0.65774 0.26594
0.65649 0.26323
0.65486 0.26012
0.65284 0.25659
0.65045 0.25268
0.64776 0.2485
0.64485 0.244160
0.64179 0.239740
0.63863 0.23533
0.63539 0.23096
0.6321 0.22665
0.62873 0.2224
0.62530 0.21822
0.62177 0.21407
0.61814 0.20993
0.61439 0.205780
0.61053 0.2016
0.60656 0.19736
0.60251 0.19309
0.59842 0.18881
0.59436 0.184580
0.59037 0.180460
0.5865 0.17653
0.58282 0.17289
0.57932 0.16961
0.57599 0.16668
0.57276 0.1641
0.56957 0.16182
0.5664 0.159820
0.56323 0.158090
0.56004 0.1566
0.55685 0.15536
0.55367 0.15435
0.55052 0.15358
0.54747 0.15304
0.5446 0.1527
0.54196 0.15254
0.53963 0.15253
0.53759 0.152620
0.53583 0.15281
0.53432 0.15307
0.533 0.153370
0.53185 0.15371
0.53085 0.15408
0.52998 0.15447
0.529210 0.154870
0.5285400 0.1553
0.52796 0.15574
0.52747 0.15620
0.52706 0.15670
0.52676 0.15727
0.52667 0.15792
0.52684 0.15858
0.52719 0.15923
0.52768 0.15989
0.52829 0.16057
0.52902 0.161320
0.52991 0.16215
0.53099 0.16312
0.53233 0.16427
0.53403 0.16566
0.536220 0.1674
0.53902 0.16953
0.54241 0.17205
0.54628 0.1748
0.55051 0.17766
0.55506 0.180630
0.55987 0.1837
0.56485 0.18685
0.56991 0.19003
0.57495 0.19321
0.57992 0.19637
0.5848 0.199510
0.58956 0.20264
0.59421 0.20576
0.59875 0.20889
0.60317 0.21205
0.60748 0.21524
0.611680 0.21847
0.61577 0.22176
0.61976 0.22511
0.62365 0.22853
0.62744 0.23202
0.6311300 0.23559
0.63473 0.23923
0.638220 0.24294
0.64158 0.24670
0.6448 0.25047
0.64783 0.25421
0.65058 0.25783
0.653 0.26122
0.65504 0.2643
0.65668 0.26707
0.65796 0.26954
0.65893 0.27173
0.65981 0.27412
*.*.Setup: s1223rtl.txt as Flap 1, Inverted: y, Scale = 1.0, AoA = 6.0, Reposition from (0,0) = (0, 0)*.*.
*.*.Setup: s1223rtl.txt as Flap 2, Inverted: y, Scale = 0.5, AoA = 25.0, Reposition from previous T.E. = (0.02, 0.075), Reposition from (0,0) = (1.0145, 0.1795)*.*.
*.*.Setup: s1223rtl.txt as Flap 3, Inverted: y, Scale = 0.5, AoA = 41.666666666666664, Reposition from previous T.E. = (0.02, 0.05), Reposition from (0,0) = (1.4877, 0.4408)*.*.
*.*.Setup: Scale Ratio = 0.35451*.*.