0.35316 0.03712
0.351080 0.03505
0.34806 0.03204
0.34452 0.02908
0.34024 0.02622
0.335040 0.023280
0.32875 0.02012
0.32134 0.01673
0.312890 0.01316
0.303630 0.0095
0.29382 0.00583
0.28368 0.00222
0.273370 -0.001270
0.263 -0.00461
0.2526 -0.00778
0.24217 -0.010760
0.23169 -0.01356
0.2211 -0.01619
0.2103600 -0.01868
0.19942 -0.02106
0.18824 -0.02335
0.17683 -0.0256
0.16525 -0.02782
0.1536 -0.030020
0.14204 -0.03217
0.13073 -0.03421
0.11986 -0.03608
0.10961 -0.0377
0.10008 -0.03897
0.09124 -0.03983
0.08296 -0.04026
0.07511 -0.04024
0.06762 -0.03979
0.06042 -0.03891
0.0535 -0.03761
0.04686 -0.03591
0.04050 -0.03382
0.03449 -0.0314
0.02889 -0.02873
0.02381 -0.02592
0.01934 -0.02310
0.01552 -0.0204
0.01232 -0.01786
0.00968 -0.01551
0.00751 -0.01332
0.005720 -0.01128
0.00425 -0.009390
0.00306 -0.00762
0.00208 -0.00596
0.00131 -0.004410
0.00071 -0.00294
0.00028 -0.00154
0.000055 -0.00021
-6e-05 0.00107
0.00012 0.00235
0.00074 0.0035
0.00178 0.0044
0.003110 0.00504
0.00467 0.005540
0.00646 0.00594
0.00852 0.0063
0.01094 0.00663
0.01383 0.00694
0.01736 0.00724
0.02176 0.007520
0.02735 0.00778
0.0344 0.00799
0.04286 0.008120
0.05237 0.00808
0.0626 0.0078
0.07347 0.00731
0.08489 0.00669
0.09667 0.006
0.10862 0.00527
0.12054 0.00456
0.132320 0.0039
0.14392 0.00331
0.155330 0.00283
0.16655 0.00248
0.17759 0.00228
0.188470 0.00225
0.19921 0.00241
0.20982 0.00277
0.22032 0.00334
0.23073 0.00413
0.24105 0.00516
0.2513 0.00641
0.26148 0.0079
0.27158 0.00963
0.28159 0.01159
0.29146 0.013770
0.30112 0.01616
0.3104 0.01872
0.31911 0.02138
0.32701 0.02407
0.333920 0.02672
0.33982 0.02931
0.34479 0.03182
0.34894 0.034250
0.35316 0.03712
-Inserting Flap s1223rtl-
0.52 0.12448
0.51925 0.123220
0.51815 0.1214
0.51679 0.11954
0.51506 0.11763
0.51289 0.11557
0.51022 0.11328000
0.507030 0.11074
0.50337 0.10798
0.49932 0.10509
0.495 0.10212
0.49052 0.09914
0.48594 0.0962
0.48131 0.09333
0.47665 0.09053
0.47195 0.08783
0.4672 0.0852
0.46239 0.08264
0.45748 0.08013
0.45245 0.077660
0.44731 0.07519
0.44204 0.07272
0.436690 0.07024
0.43131 0.06777
0.42596 0.06533
0.42072 0.062970
0.41567 0.06074
0.41089 0.05872
0.406430 0.05695
0.40224 0.05546
0.39828 0.05426
0.394470 0.05331
0.39078 0.05262
0.387180 0.05218
0.38367 0.05197
0.380240 0.052
0.37690 0.05224
0.37369 0.05269
0.37065 0.053310
0.36785 0.05406
0.365340 0.05488
0.36316 0.05573
0.3613 0.056580
0.35973 0.0574
0.35841 0.0582
0.35730 0.05897
0.35636 0.05971
0.35556 0.06042
0.35489 0.061110
0.354330 0.06177
0.35386 0.062410
0.35348 0.063040
0.35319 0.06365
0.353 0.06426
0.35294 0.0649
0.35309 0.06554
0.35349 0.0661
0.35406 0.06657
0.35475 0.067
0.35557 0.06741
0.35653 0.06784
0.35767 0.06829
0.35903 0.06879
0.36071 0.06936
0.36281 0.07003
0.36549 0.07083
0.368880 0.07179
0.37297 0.07288
0.37759 0.07400
0.38259 0.075110
0.38792 0.07619
0.39353 0.07727
0.399330 0.07835
0.40522 0.07945
0.411090 0.08055
0.41688 0.08165
0.42258 0.08277
0.42817 0.08391
0.43366 0.0851
0.43904 0.086340
0.44432 0.08764
0.44951 0.08902
0.45462 0.09047
0.459640 0.09202
0.4646 0.093670
0.46948 0.09541
0.4743 0.09726
0.47906 0.09921
0.483750 0.10127
0.48837 0.10344
0.49290 0.105690
0.49729 0.10802
0.501490 0.11038
0.50539 0.11272
0.5089 0.11498
0.51193 0.11711
0.514480 0.11907
0.51658 0.12090
0.51831 0.12257
0.52 0.12448
-Inserting Flap s1223rtl-
0.65974 0.2656
0.6595 0.26415
0.65915 0.26205
0.65858 0.25981
0.65767 0.2574
0.65642 0.25469
0.65478 0.25157
0.65276 0.24804
0.65037 0.24412
0.64767 0.23994
0.64476 0.23558
0.64169 0.23116
0.63852 0.22674
0.63528 0.222360
0.63198 0.21804
0.62861 0.21379
0.62517 0.2096
0.62164 0.20544
0.618 0.2013
0.61425 0.19714
0.61038 0.19295
0.6064 0.18871
0.60234 0.18443
0.59825 0.18014
0.59418 0.1759
0.59018000 0.17178
0.58631 0.16785
0.58262 0.1642
0.57912 0.16091
0.57578 0.15798
0.57254 0.15539
0.569350 0.15311
0.56617 0.15111
0.563 0.14937
0.55981 0.14788
0.556610 0.14663
0.553420 0.14563
0.55027 0.14486
0.54722 0.14431
0.54434 0.14397
0.5417 0.14381
0.53936 0.1438
0.53732 0.1439
0.53556 0.14408
0.53404 0.14434
0.53272 0.14465
0.53157 0.14499
0.53057 0.14536
0.52969 0.14574
0.52892 0.14615
0.52825 0.14657
0.52767 0.14702
0.52718 0.14748
0.52677 0.14798
0.52647 0.14855
0.52638 0.14920
0.52655 0.14986
0.5269 0.15052
0.52739 0.15117
0.528 0.15186
0.52873 0.1526
0.52962 0.15344
0.5307 0.15441
0.53205 0.15556
0.533750 0.15696
0.53595 0.15869
0.53875 0.160830
0.54215 0.16335
0.546020 0.16611
0.55026 0.16898
0.55482 0.17195
0.559640 0.17502
0.56463 0.178180
0.56969 0.18137
0.574740 0.18455
0.579720 0.187720
0.58460 0.19086
0.58938 0.19399
0.594040 0.19712
0.59858 0.20026
0.60301 0.20342
0.60732 0.20661
0.61153 0.20985
0.61563 0.213150
0.61962 0.21650
0.62352 0.21993
0.62732 0.22343
0.63102 0.227
0.63462 0.23065
0.63811 0.23436
0.64149 0.23813
0.64471 0.24191
0.64774 0.24566
0.6505 0.24928
0.65292 0.25267
0.65496 0.25576
0.65660 0.25853
0.65789 0.261
0.65887 0.2632
0.65974 0.2656
*.*.Setup: s1223rtl.txt as Flap 1, Inverted: y, Scale = 1.0, AoA = 6.0, Reposition from (0,0) = (0, 0)*.*.
*.*.Setup: s1223rtl.txt as Flap 2, Inverted: y, Scale = 0.5, AoA = 20.0, Reposition from previous T.E. = (0.0, 0.075), Reposition from (0,0) = (0.9945, 0.1795)*.*.
*.*.Setup: s1223rtl.txt as Flap 3, Inverted: y, Scale = 0.5, AoA = 41.666666666666664, Reposition from previous T.E. = (0.02, 0.065), Reposition from (0,0) = (1.4844, 0.4155)*.*.
*.*.Setup: Scale Ratio = 0.3551*.*.