0.36512 -0.005180
0.36437 -0.00598
0.36288 -0.00754
0.360670 -0.009840
0.35786 -0.0127
0.35461 -0.01594
0.35104 -0.01933
0.34733 -0.02269
0.34358 -0.02584
0.33982 -0.02877
0.336050 -0.03152
0.33228 -0.03412
0.32851 -0.0366
0.32473 -0.03898
0.32095 -0.04127
0.31717 -0.04348
0.31338 -0.04562
0.3096 -0.047680
0.30580 -0.04968
0.302010 -0.05161
0.29822 -0.05347
0.29442 -0.05528
0.29062 -0.05703
0.28682 -0.05872
0.28302 -0.06036
0.27921 -0.06194
0.2754 -0.06346
0.27159 -0.06492
0.26778 -0.06631
0.26397 -0.067640
0.26015 -0.06892
0.256330 -0.07016
0.25252 -0.07137
0.2487 -0.07255
0.24488 -0.0737
0.24106 -0.07482
0.23723 -0.0759
0.233410 -0.07693
0.22958 -0.07791
0.22575 -0.07884
0.22193 -0.07972
0.21809 -0.080560
0.21426 -0.08135
0.21043 -0.082100
0.20659 -0.0828
0.20275 -0.08347
0.19892 -0.0841
0.19508 -0.08469
0.19124 -0.08525
0.18739 -0.08577
0.18355 -0.08625
0.1797 -0.08669
0.17586 -0.08708
0.17201 -0.08743
0.16816 -0.08773
0.16431 -0.08798
0.16045 -0.08819
0.1566 -0.08835
0.15274 -0.08847
0.14889 -0.08854
0.14503 -0.08855
0.14116 -0.08852
0.1373 -0.08844
0.13344 -0.08831
0.12957 -0.088130
0.1257 -0.08791
0.12183 -0.08764
0.11796 -0.08734
0.11409 -0.087010
0.11022 -0.08662
0.106340 -0.08619
0.10246 -0.08568
0.09858 -0.0851
0.0947 -0.08443
0.090810 -0.08367
0.08692 -0.08282
0.08303 -0.08188
0.07913 -0.08086
0.07523 -0.07974
0.07133 -0.07853
0.06742 -0.07720
0.06351 -0.07573
0.05959 -0.07412
0.05567 -0.07234
0.05174 -0.07041
0.04781 -0.06833
0.04387 -0.06609
0.03993 -0.06371
0.03598 -0.06118
0.03202 -0.05843
0.02806 -0.05538
0.02408 -0.05196
0.02008 -0.0481
0.01609 -0.043750
0.01225 -0.03904
0.00871 -0.03415
0.005630 -0.02923
0.00317 -0.02446
0.00147 -0.01999
0.00043 -0.01240
0.0011 -0.00948
0.00257 -0.00729
0.00481 -0.00589
0.0077 -0.00519
0.01106 -0.00504
0.01475 -0.00531
0.01861 -0.00587
0.02249 -0.00661
0.026380 -0.00749
0.03028 -0.0085
0.03418 -0.00965
0.03808 -0.01091
0.04199 -0.01229
0.0459 -0.01377
0.04982 -0.01533
0.053740 -0.01696
0.05766 -0.018650
0.06158 -0.02038
0.06550 -0.02214
0.06942 -0.02391
0.07334 -0.02570
0.07727 -0.02748
0.081190 -0.02925
0.08511 -0.031
0.08903 -0.03272
0.09295 -0.03442
0.09687 -0.03609
0.10079 -0.03772
0.1047 -0.03932
0.10862 -0.04088
0.11253 -0.04239
0.11644 -0.04387
0.12035 -0.0453
0.12426 -0.04669
0.12817 -0.04804
0.13208 -0.04934
0.13598 -0.05059
0.13988 -0.05179
0.14378 -0.05294
0.14768 -0.054050
0.151580 -0.0551
0.15547 -0.0561
0.15937 -0.05704
0.16326 -0.05793
0.1671500 -0.058760
0.17104 -0.059540
0.17492 -0.06025
0.1788 -0.0609
0.18269 -0.0615
0.18656 -0.06204
0.19044 -0.06253
0.19432 -0.06298
0.198190 -0.06338
0.20207 -0.06374
0.20594 -0.06404
0.20980 -0.064280
0.21367 -0.06445
0.21754 -0.06456
0.2214 -0.06459
0.22526 -0.06454
0.22911 -0.06443
0.23297 -0.064250
0.23682 -0.064
0.240670 -0.06368
0.24451 -0.06328
0.24836 -0.06282
0.252200 -0.06227
0.25604 -0.06165
0.25987 -0.060950
0.26371 -0.06017
0.26754 -0.0593
0.27136 -0.05835
0.27519 -0.05731
0.279010 -0.05618
0.28283 -0.05496
0.28664 -0.05364
0.29045 -0.05222
0.29426 -0.0507
0.29806 -0.04907
0.30186 -0.04736
0.30566 -0.045550
0.30946 -0.043660
0.31325 -0.04169
0.31704 -0.03965
0.32082 -0.03753
0.32461 -0.03533
0.32839 -0.033070
0.33217 -0.03073
0.33594 -0.0283
0.33971 -0.02575
0.34348 -0.023080
0.34724 -0.02025
0.35097 -0.01729
0.35455 -0.01433
0.35782 -0.01152
0.36064 -0.00905
0.36287 -0.00708
0.36436 -0.00575
0.36512 -0.005180
-Inserting Flap Ga2-
0.48863 0.08384
0.4885 0.08342
0.48822 0.0826
0.48781 0.0814
0.48727 0.07989
0.48664 0.07816
0.48592 0.07633
0.48514 0.07448
0.48431 0.07271
0.48345 0.07101
0.48255 0.069380
0.48162 0.0678
0.48067 0.06626
0.4797 0.06476
0.47872 0.06329
0.47772 0.06185
0.47671 0.0604300
0.47569 0.05904
0.47465 0.05768
0.4736 0.05634
0.472540 0.05502
0.47147 0.05373
0.47039 0.05245
0.4693 0.05119
0.46819 0.04995
0.46708 0.04874
0.46596 0.04754
0.46482 0.046370
0.46368 0.04523
0.46252 0.0441
0.46135 0.04299
0.46018 0.04189
0.459 0.04081
0.457810 0.03974
0.45662 0.03867
0.45543 0.03762
0.45422 0.03658
0.45301 0.03556
0.45179 0.03456
0.45056 0.03358
0.44932 0.03261
0.44807 0.03166
0.446820 0.03072
0.44555 0.0298
0.444280 0.02890
0.443 0.02801
0.44172 0.02713
0.4404300 0.02627
0.439130 0.02542
0.43782 0.02458
0.43651 0.02376
0.43519 0.02295
0.43386 0.02215
0.43253 0.02138
0.43118 0.02062
0.42983 0.01987
0.42847 0.01915
0.4271 0.01844
0.42572 0.01774
0.42433 0.01707
0.422940 0.01641
0.42153 0.01577
0.42012 0.01514
0.41869 0.01454
0.41726 0.01395
0.41582 0.01338
0.41437 0.01282
0.41292 0.01227
0.41146 0.01174
0.40999 0.01122
0.40851 0.01073
0.40702 0.01025
0.40551 0.00981
0.4039900 0.0094
0.40246 0.00901
0.4009 0.00866
0.399330 0.00835
0.39775 0.00806
0.396140 0.0078
0.39452 0.00758
0.39288 0.00741
0.39122 0.00728
0.38952 0.00720
0.3878 0.00718
0.38605 0.00722
0.38427 0.00731
0.38247 0.00745
0.38064 0.00765
0.37878 0.0079
0.376880 0.00823
0.37492 0.00866
0.3729 0.0092300
0.3708 0.009950
0.36862 0.01086
0.36643 0.01191
0.36432 0.01309
0.36237 0.01435
0.36067 0.015660
0.3593 0.017
0.35764 0.01957
0.35739 0.02074
0.35756 0.02178
0.35813 0.02267
0.35906 0.02341
0.36025 0.02404
0.36164 0.02456
0.36313 0.02501
0.364660 0.0254
0.36622 0.02574
0.36781 0.02603
0.36941 0.02627
0.37104 0.02648
0.37269 0.02664
0.374360 0.02676
0.37604 0.02686
0.37774 0.02693
0.37944 0.02698
0.38116 0.02702
0.38288 0.02704
0.3846 0.02706
0.38632 0.02708
0.38805 0.027090
0.38977 0.02712
0.39148 0.027150
0.3932 0.02718
0.39491 0.027230
0.39661 0.02729
0.3983 0.02736
0.39999 0.027440
0.40168 0.02754
0.40335 0.027650
0.40502 0.02778
0.40668 0.02792
0.40833 0.02807
0.40998 0.02825
0.41161 0.02844
0.41324 0.02864
0.41486 0.02887
0.41647 0.02911
0.41807 0.029370
0.41966 0.02964
0.42124 0.02994
0.42281 0.03026
0.42437 0.03059
0.425920 0.03095
0.42746 0.03132
0.42899 0.031720
0.43051 0.03214
0.43201 0.03258
0.43351 0.03304
0.435 0.03352
0.43648 0.03401
0.43795 0.03452
0.43942 0.03505
0.44087 0.03559
0.44232 0.03616
0.44375 0.03675
0.44517 0.03737
0.44657 0.03801
0.44796 0.03868
0.44934 0.03937
0.45071 0.040090
0.45206 0.04083
0.4534 0.04159
0.45473 0.042390
0.45605 0.04321
0.45735 0.04405
0.45863 0.04493
0.4599 0.04583
0.46116 0.04676
0.4624 0.04772
0.46363 0.048710
0.46484 0.04974
0.46604 0.05079
0.46721 0.05188
0.46837 0.053
0.46951 0.054160
0.470640 0.055360
0.47174 0.05659
0.47283 0.05786
0.4739 0.05915
0.47496 0.06048
0.476 0.06183
0.47703 0.06322
0.47804 0.06462
0.47904 0.06606
0.48003 0.067520
0.481 0.06901
0.48196 0.07053
0.4829 0.07209
0.48381 0.07369
0.4847 0.07535
0.48555 0.07706
0.48634 0.07874
0.48706 0.080310
0.48766 0.08168
0.48814 0.08277
0.48845 0.0835
0.48863 0.08384
-Inserting Flap Ga2-
0.61144 0.20745
0.611450 0.20702
0.61143 0.20616
0.61141 0.204880
0.61137 0.203280
0.61130 0.20144
0.61119 0.199480
0.61102 0.19748
0.610780 0.19554
0.610480 0.19365
0.61013 0.19182
0.60973 0.19003
0.6093 0.18828
0.60885 0.18655
0.60837 0.18485
0.60787 0.18317
0.60734 0.18151
0.6068 0.17988
0.60623 0.17826
0.60565 0.17666
0.60505 0.17508
0.60443 0.17351
0.60379 0.17197
0.60314 0.17043
0.60248 0.16892
0.6018 0.16741
0.6011 0.16593
0.600380 0.16447
0.59964 0.16302
0.59889 0.16159
0.59812 0.16018
0.59735 0.15877
0.59656 0.15738
0.59576 0.15599
0.59496 0.15461
0.59415 0.15324
0.59332 0.15188
0.59249 0.15054
0.59163 0.14921
0.59077 0.14789
0.58989 0.14659
0.589 0.1453
0.58809 0.14402
0.58717 0.14276
0.58624 0.1415
0.5853 0.14026
0.58435 0.13903
0.58339 0.13781
0.58242 0.1366
0.58144 0.1354
0.58044 0.13421
0.57944 0.13303
0.57842 0.13187
0.577390 0.13072
0.57634 0.12958
0.57529 0.12845
0.57422 0.12734
0.57313 0.12624
0.57204 0.12516
0.57093 0.12408
0.56980 0.12302
0.568660 0.12198
0.56751 0.120950
0.56635 0.11993
0.56517 0.11893
0.56397 0.11794
0.56277 0.11696
0.56155 0.116
0.56033 0.11504
0.55909 0.114090
0.55784 0.11316
0.55657 0.11225
0.555270 0.11137
0.55395 0.1105
0.55261 0.10966
0.55124 0.10885
0.54984 0.10806
0.54842 0.1073
0.54698 0.10656
0.54551 0.10585
0.544 0.10518
0.54246 0.10454
0.54087 0.10394
0.53924 0.10339
0.53756 0.10288
0.53584 0.10242
0.53408 0.102
0.53228 0.10162
0.53043 0.10129
0.52853 0.10101
0.52653 0.10082
0.52444 0.10073
0.52221 0.10078
0.51986 0.10096
0.51745 0.101290
0.515080 0.10175
0.51284 0.10235
0.51082 0.10308
0.5091 0.10392
0.50673 0.10586
0.50613 0.10689
0.50596 0.10794
0.50623 0.10896
0.50689 0.10995
0.50783 0.11091
0.50898 0.11184
0.51026 0.11273
0.51160 0.11357
0.51298 0.11437
0.5144 0.1151400
0.51585 0.1158700
0.51734 0.11656
0.51886 0.11723
0.5204 0.11786
0.52197 0.11847
0.52357 0.11907
0.525170 0.11964
0.52679 0.12021
0.52842 0.12076
0.53005 0.12131
0.53168 0.12186
0.53332 0.12241
0.53495 0.12296
0.53657 0.12352
0.53819 0.12408
0.5398 0.124660
0.5414 0.12524
0.54299 0.12583
0.54457 0.12643
0.54614 0.12704
0.5477 0.127660
0.549250 0.1283
0.55079 0.12895
0.55231 0.12961
0.55382 0.130280
0.55531 0.13097
0.5568 0.13166
0.55827 0.13238
0.55972 0.1331
0.56117 0.13384
0.56259 0.1346
0.564 0.13537
0.5654 0.13616
0.56678 0.13696
0.568150 0.13778
0.56949 0.138610
0.57083 0.13946
0.572140 0.14033
0.57344 0.14121
0.57472 0.14211
0.57599 0.14303
0.57724 0.14395
0.57849 0.14489
0.57972 0.145850
0.580930 0.14681
0.58213 0.1478
0.58331 0.1488
0.584470 0.14983
0.5856 0.150870
0.58672 0.151940
0.58782 0.15302
0.5889 0.15413
0.58996 0.15525
0.59099 0.15639
0.59201 0.15756
0.59301 0.15874
0.59399 0.15995
0.59494 0.16118
0.59587 0.16243
0.59678 0.163710
0.59766 0.1650
0.59852 0.16633
0.59936 0.16767
0.60017 0.16905
0.60095 0.17044
0.60171 0.171870
0.60243 0.173330
0.60313 0.174810
0.6038 0.17632
0.60444 0.17786
0.605060 0.17943
0.605660 0.181010
0.606230 0.18262
0.606780 0.18426
0.60731 0.18591
0.60782 0.18758
0.60831 0.18928
0.60877 0.19099
0.60921 0.19273
0.60962 0.19451
0.61 0.19632
0.61033 0.19817
0.61061 0.20005
0.61085 0.20190
0.61104 0.20361
0.61119 0.2051
0.6113 0.20629
0.611380 0.20708
0.61144 0.20745
*.*.Setup: Ga2.txt as Flap 1, Inverted: y, Scale = 1.0, AoA = 2.0, Reposition from (0,0) = (0, 0)*.*.
*.*.Setup: Ga2.txt as Flap 2, Inverted: y, Scale = 0.4, AoA = 27.0, Reposition from previous T.E. = (-0.0267, 0.08), Reposition from (0,0) = (0.9744, 0.0658)*.*.
*.*.Setup: Ga2.txt as Flap 3, Inverted: y, Scale = 0.4, AoA = 45.0, Reposition from previous T.E. = (0.04, 0.07), Reposition from (0,0) = (1.3798, 0.2999)*.*.
*.*.Setup: Scale Ratio = 0.36471*.*.