0.35975 0.05698
0.35774 0.054750
0.3548 0.0515
0.35134 0.04829
0.3471 0.04512
0.34193 0.04183
0.33566 0.03826
0.32825 0.03438
0.31979 0.030280
0.3105 0.02603
0.30064 0.02174
0.29045 0.0175
0.28008 0.01337
0.26964 0.0094
0.25915 0.0056
0.24863 0.00198
0.23805 -0.00145
0.22735 -0.00472
0.21648 -0.00784
0.2054 -0.01086
0.19407 -0.01382
0.1825 -0.01673
0.17076 -0.01963
0.15894 -0.0225
0.14722 -0.02532
0.13574 -0.02803
0.12471 -0.030530
0.11429 -0.03273
0.10461 -0.03455
0.0956 -0.0359
0.08714 -0.03678
0.0791 -0.03719
0.0714 -0.03713
0.06398 -0.036620
0.05682 -0.03566
0.04992 -0.03427
0.0433 -0.03247
0.03701 -0.03032
0.03114 -0.02788
0.02578 -0.02527
0.02105 -0.022630
0.0170 -0.02006
0.01358 -0.01764
0.010750 -0.01536
0.0084 -0.01324
0.006470 -0.011250
0.00486 -0.00939
0.00354 -0.00764
0.00245 -0.006
0.00158 -0.0044400
0.00089 -0.00297
0.00037 -0.001560
0.000086 -0.00022
-0.00012 0.00109000
0.000005 0.00241
0.00057 0.003630
0.00158 0.0046
0.00292 0.00533
0.00449 0.00592
0.0063 0.006430
0.00839 0.00691
0.01085 0.00738
0.0138 0.00785
0.01739 0.00834
0.02189 0.00887
0.0276 0.00943
0.0348 0.01003
0.04346 0.01062
0.05321 0.01108
0.06370 0.01135
0.074860 0.01144
0.08659 0.01141
0.09870 0.01133
0.11097 0.01123
0.12322 0.01114
0.13533 0.0111
0.147240 0.01112
0.15895 0.01124
0.17046 0.011480
0.181780 0.01186
0.19293 0.01242
0.20392 0.01316
0.21477 0.0141
0.225500 0.01525
0.23611 0.01662
0.24663 0.01822
0.25706 0.02006
0.267410 0.02213
0.27766 0.02444
0.28781 0.02699
0.29781 0.02976
0.30757 0.03272
0.31694 0.03584
0.32572 0.03903
0.33366 0.04221
0.3406 0.04529
0.34651 0.04826
0.35146 0.0511
0.35558 0.05381
0.35975 0.05698
-Inserting Flap s1223rtl-
0.53088 0.15569
0.53011 0.1544
0.52898 0.15253
0.52758 0.15062
0.52581 0.14866
0.52358 0.14655
0.52085 0.1442
0.51758 0.14159
0.513820 0.13877
0.50966 0.1358
0.50523 0.13276
0.50064 0.1297
0.49594 0.12669
0.49119 0.12374
0.48641 0.12087
0.481590 0.1181
0.47672 0.1154
0.47178 0.112780
0.46675 0.110210
0.4616 0.10767
0.45632 0.10514
0.45092 0.1026
0.44543 0.100060
0.43991 0.09752
0.43442 0.095020
0.42905 0.0926
0.42387 0.09032
0.41897 0.08824
0.41439 0.08643
0.4101 0.0849
0.40603 0.08366
0.40212 0.0827
0.39833 0.08199
0.39465 0.08153
0.39104 0.08132
0.38752 0.08135
0.3841 0.0816
0.38081 0.08205
0.37769 0.08269
0.37482 0.08346
0.37224 0.084310
0.37 0.08518
0.3681 0.08604
0.36649 0.08689
0.365140 0.08771
0.364 0.0885
0.36303 0.08926
0.36221 0.08999
0.36152 0.09069
0.36095 0.09137
0.360470 0.09203
0.36008 0.09267
0.35979 0.09330
0.35959 0.09393
0.359520 0.09458
0.35968 0.09524
0.36009 0.09581
0.360670 0.0963
0.36139 0.09674
0.36223 0.09716
0.363210 0.09759
0.36437 0.09806
0.36577 0.09857
0.36749 0.09916
0.36965 0.09984
0.3724 0.10066
0.37587 0.10165
0.38007 0.10276
0.384810 0.10392
0.38993 0.10505
0.39540 0.10616
0.40116 0.107260
0.40711 0.10838
0.41315 0.1095
0.41917 0.11063
0.42511 0.11176
0.43095 0.11291
0.43669 0.11408
0.44232 0.1153
0.44784 0.11657
0.453260 0.1179
0.45858 0.11932
0.46382 0.12081
0.46897 0.1224
0.47405 0.12409
0.47906 0.12588
0.484 0.12777
0.48889 0.12978
0.4937 0.13189
0.49844 0.13411
0.50308 0.13642
0.507580 0.1388
0.51189 0.14123
0.515890 0.14363
0.51949 0.14595
0.5226 0.14813
0.52522 0.15015
0.52738 0.15201
0.529140 0.15374
0.53088 0.15569
-Inserting Flap s1223rtl-
0.66281 0.28686
0.662480 0.28539
0.662 0.28326
0.661270 0.28101
0.6602 0.27859
0.65875 0.27589
0.6569 0.2728
0.654610 0.269290
0.65193 0.26543
0.64892 0.2613
0.64568 0.25702
0.64227 0.25267
0.63877 0.24834
0.6351900 0.24404
0.63155 0.239820
0.62785 0.23567
0.62407 0.23158
0.62021 0.22753
0.61624 0.223510
0.61215 0.21948
0.60793 0.215410
0.60360 0.21131
0.59919 0.20717
0.59475 0.2030200
0.59033 0.19892
0.58599 0.19494
0.58179 0.19114
0.57779 0.18763
0.57401 0.18447
0.57042 0.18167
0.56695 0.17921
0.56354 0.17707
0.560170 0.1752
0.55681 0.17361
0.55346 0.17228
0.55011 0.17119
0.54679 0.17035
0.54352 0.16975
0.54036 0.16938
0.53738 0.1692
0.53468 0.1692
0.53228 0.16932
0.5302 0.16954
0.5284 0.16984
0.52686 0.17019
0.52553 0.17058
0.52437 0.171
0.52337 0.17144
0.52249 0.17189
0.52173 0.17235
0.52107 0.17282
0.5205 0.17331
0.52002 0.17381
0.51964 0.174350
0.51937 0.17495
0.51931 0.17562
0.51952 0.17629
0.51992 0.17694
0.520460 0.17758
0.52112 0.17825
0.52192 0.17897
0.52288 0.17978
0.52405 0.1807
0.52549 0.1818
0.52732 0.18313
0.529680 0.18477
0.53267 0.1868
0.5363 0.18918
0.54043 0.19176
0.54494 0.19445
0.54979 0.19722
0.55491 0.200080
0.5602 0.20302
0.56558 0.20598
0.57094 0.20894
0.57622 0.211890
0.58141 0.21481
0.58649 0.21773
0.59145 0.22066
0.59629 0.22360
0.60101 0.226570
0.60562 0.22959
0.61012 0.23265
0.61451 0.23578
0.6188 0.23898
0.623 0.24225
0.62709 0.245610
0.6311 0.249050
0.6350 0.25257
0.6388 0.25616
0.64248 0.25982
0.64601 0.2635
0.649330 0.26715
0.65237 0.2707
0.65506 0.274030
0.65733 0.27707
0.659170 0.27981
0.66064 0.28226
0.66177 0.28445
0.66281 0.28686
*.*.Setup: s1223rtl.txt as Flap 1, Inverted: y, Scale = 1.0, AoA = 9.0, Reposition from (0,0) = (0, 0)*.*.
*.*.Setup: s1223rtl.txt as Flap 2, Inverted: y, Scale = 0.5, AoA = 20.0, Reposition from previous T.E. = (0.0, 0.1), Reposition from (0,0) = (0.9877, 0.2564)*.*.
*.*.Setup: s1223rtl.txt as Flap 3, Inverted: y, Scale = 0.5, AoA = 38.333333333333336, Reposition from previous T.E. = (-0.03, 0.05), Reposition from (0,0) = (1.4275, 0.4774)*.*.
*.*.Setup: Scale Ratio = 0.36423*.*.