0.35567 0.03738
0.353580 0.0353
0.35054 0.03227
0.34698 0.02929
0.34267 0.02641
0.337420 0.023440
0.33109 0.02026
0.32363 0.01685
0.315120 0.01325
0.305790 0.00956
0.29591 0.00587
0.2857 0.00224
0.275320 -0.001280
0.26487 -0.00464
0.2544 -0.00783
0.2439 -0.010830
0.23334 -0.01365
0.22268 -0.01631
0.2118600 -0.01881
0.20084 -0.02121
0.18958 -0.02352
0.17809 -0.02578
0.16642 -0.02802
0.15469 -0.030230
0.14305 -0.0324
0.13166 -0.03446
0.12071 -0.03634
0.11039 -0.03797
0.10079 -0.03925
0.09189 -0.04012
0.08355 -0.04054
0.07565 -0.04053
0.0681 -0.04008
0.06085 -0.03919
0.05389 -0.03788
0.04719 -0.03617
0.040790 -0.03407
0.03473 -0.03163
0.0291 -0.02893
0.02398 -0.0261
0.01948 -0.023270
0.01563 -0.02054
0.01241 -0.01799
0.00975 -0.01562
0.00756 -0.01341
0.005760 -0.01136
0.00428 -0.009450
0.00308 -0.00767
0.0021 -0.00601
0.00132 -0.004440
0.00072 -0.00296
0.00028 -0.00155
0.000055 -0.00021
-6e-05 0.00108
0.00013 0.00236
0.00074 0.00353
0.00179 0.00443
0.003130 0.00508
0.0047 0.005580
0.0065 0.00598
0.00859 0.00634
0.01102 0.00667
0.01393 0.00699
0.01748 0.00729
0.02192 0.007570
0.02755 0.00783
0.03464 0.00805
0.04316 0.008180
0.05274 0.00813
0.06304 0.00786
0.07399 0.00737
0.08549 0.00674
0.09736 0.00604
0.10939 0.00531
0.1214 0.00459
0.133260 0.00393
0.14494 0.00334
0.156430 0.00285
0.16773 0.00249
0.17885 0.00229
0.189810 0.00226
0.20063 0.00242
0.21131 0.00279
0.22189 0.00336
0.23237 0.00416
0.24277 0.00519
0.25309 0.00646
0.26334 0.00796
0.27352 0.0097
0.2836 0.01167
0.29354 0.013870
0.30326 0.01628
0.31261 0.01885
0.32138 0.02153
0.32934 0.02424
0.33630 0.02691
0.34224 0.02951
0.34724 0.03205
0.35143 0.034490
0.35567 0.03738
-Inserting Flap s1223rtl-
0.52371 0.11642
0.52294 0.115160
0.52184 0.11332
0.52047 0.11145
0.51872 0.10953
0.51654 0.10745
0.51385 0.10514000
0.510640 0.10258
0.50695 0.09981
0.50287 0.09689
0.49852 0.0939
0.49401 0.09091
0.4894 0.08795
0.48474 0.08505
0.48004 0.08224
0.47531 0.07951
0.47053 0.07687
0.46568 0.07429
0.46073 0.07176
0.45568 0.069270
0.45049 0.06679
0.44519 0.0643
0.43980 0.0618
0.43438 0.05931
0.42899 0.05685
0.42372 0.054470
0.41863 0.05224
0.41382 0.0502
0.409320 0.04841
0.40511 0.04692
0.40111 0.0457
0.397280 0.04475
0.39356 0.04406
0.389940 0.04361
0.3864 0.0434
0.382940 0.04343
0.379580 0.04367
0.37635 0.04412
0.37329 0.044750
0.37047 0.0455
0.367940 0.04633
0.36574 0.04719
0.36387 0.048040
0.36229 0.04887
0.36096 0.04967
0.359840 0.05045
0.3589 0.0512
0.35809 0.05191
0.35742 0.05260
0.356850 0.05327
0.35638 0.053920
0.356 0.054550
0.35571 0.05516
0.35551 0.05578
0.35545 0.05643
0.35561 0.05707
0.35601 0.05763
0.35658 0.05811
0.35728 0.05854
0.35811 0.05895
0.35907 0.05938
0.36021 0.05984
0.36159 0.06034
0.36327 0.06091
0.36539 0.06159
0.36809 0.0624
0.371510 0.06336
0.37563 0.06445
0.38028 0.0655900
0.38531 0.06670
0.39068 0.06779
0.39633 0.06887
0.402180 0.06997
0.4081 0.07107
0.414010 0.07218
0.41985 0.07329
0.42559 0.07441
0.43122 0.07557
0.43675 0.07676
0.44217 0.078010
0.44749 0.07932
0.45271 0.08071
0.45785 0.08218
0.462920 0.08374
0.4679 0.085390
0.47282 0.08715
0.47768 0.08901
0.48247 0.09098
0.48720 0.09305
0.49185 0.09523
0.496410 0.09750
0.50083 0.09984
0.505060 0.10222
0.50899 0.10458
0.51252 0.10686
0.51557 0.109
0.518140 0.11098
0.52026 0.112820
0.522 0.11451
0.52371 0.11642
-Inserting Flap s1223rtl-
0.65946 0.2476
0.65905 0.24618
0.65845 0.24412
0.65761 0.24195
0.65643 0.239650
0.65485 0.237080
0.65286 0.23415
0.65042 0.23085
0.64757 0.22722
0.64438 0.22334
0.64096 0.21933
0.63737 0.21527
0.63369 0.21121
0.62993 0.207210
0.62613 0.20328
0.62226 0.19942
0.61833 0.19563
0.61431 0.19188
0.61019 0.18816
0.60595 0.18444
0.60158 0.1807
0.59711 0.17693
0.59255 0.17312
0.58795 0.16931
0.58339 0.16554
0.57891 0.16188
0.57458 0.1584
0.57045 0.15519
0.56657 0.1523
0.56289 0.14977
0.55934 0.14756
0.555880 0.14565
0.55247 0.14402
0.54909 0.14265
0.54572 0.141530
0.54238 0.14066
0.53907 0.14002
0.53583 0.13962
0.532720 0.13943
0.52979 0.13943
0.52714 0.13958
0.524790 0.13984
0.52277 0.14017
0.52103 0.14057
0.51953 0.141
0.51825 0.14146
0.51714 0.14194
0.51618 0.14242
0.51535 0.14292
0.51463 0.14341
0.51401 0.14391
0.51348 0.14442
0.51304 0.14494
0.51269 0.14549
0.51246 0.1461
0.51245 0.14676
0.51269 0.1474
0.51312 0.14801
0.51368 0.14861
0.51437 0.14923
0.51519 0.14989
0.51618 0.15063
0.51738 0.15147
0.51886 0.1524600
0.52073 0.15366
0.52313 0.15514
0.52617 0.15695
0.52987 0.15907
0.53407 0.16138
0.53864 0.16375
0.54355 0.16619
0.54873 0.1687
0.55409 0.17127
0.55953 0.17387
0.56495 0.17647
0.5703 0.17905
0.57555 0.18163
0.5807 0.1842
0.58572 0.18678
0.59064 0.18939
0.59543 0.192030
0.60013 0.19473
0.604710 0.19748
0.6092 0.200290
0.61359 0.20318
0.61788 0.20615
0.62209 0.20921
0.62621 0.21235
0.63024 0.21558
0.63417 0.21888
0.63798 0.22226
0.64165 0.22566
0.64512 0.229060
0.6483 0.23235
0.65112 0.23547
0.65352 0.23832
0.65549 0.2409
0.65706 0.24322
0.65830 0.24530
0.65946 0.2476
*.*.Setup: s1223rtl.txt as Flap 1, Inverted: y, Scale = 1.0, AoA = 6.0, Reposition from (0,0) = (0, 0)*.*.
*.*.Setup: s1223rtl.txt as Flap 2, Inverted: y, Scale = 0.5, AoA = 20.0, Reposition from previous T.E. = (0.0, 0.05), Reposition from (0,0) = (0.9945, 0.1545)*.*.
*.*.Setup: s1223rtl.txt as Flap 3, Inverted: y, Scale = 0.5, AoA = 35.0, Reposition from previous T.E. = (-0.03, 0.08), Reposition from (0,0) = (1.4344, 0.4055)*.*.
*.*.Setup: Scale Ratio = 0.35763*.*.