0.3784 -0.005370
0.37763 -0.0062
0.37608 -0.00782
0.373790 -0.010190
0.37088 -0.01317
0.36751 -0.01652
0.36382 -0.02004
0.35996 -0.02352
0.35608 -0.02678
0.35218 -0.02982
0.348280 -0.03267
0.34437 -0.03536
0.34046 -0.03793
0.33655 -0.04039
0.33263 -0.04277
0.32871 -0.04507
0.32479 -0.04728
0.32086 -0.049420
0.316930 -0.05148
0.3130 -0.05348
0.30907 -0.05542
0.30513 -0.05729
0.30119 -0.0591
0.29725 -0.06086
0.29331 -0.06256
0.28937 -0.0642
0.28542 -0.06577
0.28147 -0.06728
0.27752 -0.06872
0.27357 -0.07010
0.26962 -0.07142
0.265660 -0.07271
0.2617 -0.07396
0.25775 -0.07519
0.25379 -0.07638
0.24983 -0.07754
0.24586 -0.07866
0.24190 -0.07973
0.23794 -0.08074
0.23397 -0.08171
0.23 -0.08262
0.22603 -0.083490
0.22206 -0.08431
0.21808 -0.0850800
0.21411 -0.08582
0.21013 -0.08651
0.20615 -0.08716
0.20217 -0.08777
0.19819 -0.08835
0.19421 -0.08889
0.19023 -0.08939
0.18624 -0.08984
0.18226 -0.09025
0.17827 -0.09061
0.17428 -0.09092
0.17029 -0.09118
0.16629 -0.0914
0.1623 -0.09157
0.1583 -0.09169
0.1543 -0.09176
0.1503 -0.09178
0.1463 -0.09175
0.1423 -0.09166
0.13829 -0.09153
0.13428 -0.091340
0.13027 -0.09111
0.12626 -0.09083
0.12225 -0.09052
0.11824 -0.090170
0.11423 -0.08978
0.110210 -0.08932
0.10619 -0.0888
0.10217 -0.08819
0.09814 -0.0875
0.094110 -0.08671
0.09008 -0.08583
0.08605 -0.08486
0.08201 -0.0838
0.07797 -0.08264
0.07392 -0.08138
0.06987 -0.080
0.06582 -0.07849
0.06176 -0.07681
0.0577 -0.07498
0.05363 -0.07298
0.04955 -0.07081
0.04547 -0.0685
0.04138 -0.06603
0.03729 -0.0634
0.03319 -0.06055
0.02908 -0.05739
0.02495 -0.05385
0.02081 -0.04985
0.01668 -0.045340
0.0127 -0.04046
0.00902 -0.03539
0.005830 -0.03029
0.00329 -0.02535
0.00152 -0.02071
0.00045 -0.012850
0.00114 -0.00983
0.00266 -0.00756
0.00499 -0.00611
0.00798 -0.00538
0.01146 -0.00522
0.01529 -0.00551
0.01928 -0.00609
0.02331 -0.00685
0.027340 -0.00776
0.03138 -0.00881
0.03542 -0.01
0.03947 -0.01131
0.04352 -0.01274
0.04757 -0.01427
0.05163 -0.01589
0.055690 -0.01758
0.05975 -0.019330
0.06382 -0.02112
0.067880 -0.02294
0.07195 -0.02478
0.07601 -0.026630
0.08008 -0.02848
0.084140 -0.03031
0.08821 -0.03212
0.09227 -0.03391
0.09633 -0.03567
0.10039 -0.0374
0.10445 -0.03909
0.10851 -0.04075
0.11257 -0.04236
0.11662 -0.04394
0.12068 -0.04547
0.12473 -0.04695
0.12878 -0.04839
0.13283 -0.04979
0.13688 -0.05113
0.14093 -0.05243
0.14497 -0.05367
0.14901 -0.05487
0.15305 -0.056010
0.157090 -0.0571
0.16113 -0.05814
0.16517 -0.05912
0.1692 -0.06004
0.1732300 -0.06090
0.17726 -0.06170
0.18128 -0.06244
0.18531 -0.06312
0.18933 -0.06373
0.19335 -0.0643
0.19737 -0.06481
0.20139 -0.06527
0.20540 -0.06569
0.20942 -0.06606
0.21343 -0.06637
0.217440 -0.066620
0.22145 -0.0668
0.22545 -0.06691
0.22945 -0.06693
0.23345 -0.06689
0.23745 -0.06677
0.24144 -0.066590
0.24543 -0.06633
0.249420 -0.06599
0.25341 -0.06559
0.25739 -0.0651
0.2613700 -0.06454
0.26535 -0.0639
0.26933 -0.063170
0.2733 -0.06236
0.27727 -0.06146
0.28124 -0.06047
0.2852 -0.0594
0.289160 -0.05823
0.29312 -0.05696
0.29707 -0.05559
0.30102 -0.05412
0.30496 -0.05254
0.30891 -0.05086
0.31285 -0.04908
0.31678 -0.047210
0.32071 -0.045250
0.32464 -0.04321
0.32857 -0.04109
0.33249 -0.03889
0.33642 -0.03662
0.34033 -0.034270
0.34425 -0.03185
0.34816 -0.02932
0.35207 -0.02669
0.35598 -0.023920
0.35987 -0.02099
0.36374 -0.01792
0.36745 -0.01485
0.37084 -0.01194
0.37377 -0.00938
0.37607 -0.00734
0.37762 -0.00596
0.3784 -0.005370
-Inserting Flap Ga2-
0.51874 0.10236
0.51868 0.101920
0.51854 0.10103
0.51834 0.09973
0.51806 0.0980900
0.51773 0.09621
0.51732 0.09421
0.51686 0.09219
0.51634 0.090230
0.51576 0.088340
0.51513 0.08651
0.51447 0.08473
0.51378 0.08299
0.51306 0.08129
0.51232 0.07961
0.51156 0.07796
0.510790 0.07633
0.50999 0.074730
0.50918 0.07315
0.50835 0.0716
0.5075 0.070060
0.50664 0.06854
0.50577 0.06704
0.50488 0.06557
0.50398 0.0641
0.50306 0.06266
0.50213 0.06124
0.50118 0.05984
0.50022 0.05846
0.49924 0.057110
0.49825 0.05576
0.49725 0.05443
0.49624 0.05312
0.49522 0.05181
0.4942 0.05051
0.49317 0.04922
0.49213 0.04794
0.49107 0.04668
0.49001 0.045440
0.48893 0.04421
0.48784 0.043
0.486730 0.04181
0.48562 0.04063
0.484500 0.03946
0.48336 0.03831
0.48222 0.03717
0.48106 0.03605
0.4799 0.03493
0.47873 0.03383
0.47755 0.03274
0.47636 0.031660
0.47516 0.0306
0.47394 0.02955
0.47272 0.02852
0.47148 0.0275
0.47024 0.0265
0.46898 0.02551
0.46771 0.02454
0.46642 0.02358
0.46513 0.02264
0.46382 0.02172
0.46251 0.02081
0.46117 0.01992
0.45983 0.01905
0.45847 0.018190
0.45711 0.01734
0.45573 0.01651
0.45434 0.0157
0.45295 0.01489
0.45154 0.014100
0.45012 0.01333
0.44869 0.01258
0.44723 0.01185
0.44575 0.01116
0.44425 0.010490
0.44273 0.00985
0.44118 0.00924
0.43962 0.00867
0.43803 0.00812
0.43641 0.0076
0.43477 0.00713
0.43309 0.00669
0.431380 0.00631
0.42963 0.00598
0.42783 0.00570
0.426 0.00547
0.42413 0.00530
0.42223 0.00517
0.42028 0.00509
0.41829 0.00508
0.41621 0.00517
0.41405 0.00539
0.41177 0.00575
0.40939 0.00628
0.40696 0.00696
0.4046 0.00778
0.40238 0.00872
0.40041 0.00976
0.39877 0.01087
0.39661 0.0132
0.39615 0.01435
0.39613 0.01544
0.39656 0.01645
0.39737 0.01738
0.39847 0.01823
0.39979 0.01901
0.40123 0.01974
0.40273 0.02041
0.404260 0.021040
0.40582 0.02162
0.40742 0.02216
0.40905 0.02266
0.4107 0.02312
0.41238 0.02355
0.41408 0.02395
0.4158 0.02433
0.41753 0.02468
0.41927 0.02503
0.42102 0.02537
0.42278 0.02569
0.42454 0.02602
0.42629 0.02635
0.42804 0.02668
0.42979 0.02702
0.43153 0.0273700
0.43327 0.027720
0.435 0.02809
0.43671 0.02846
0.43842 0.02885
0.44012 0.02925
0.44181 0.02967
0.44349 0.0301
0.44516 0.0305400
0.44682 0.031
0.44847 0.03147
0.4501 0.03196
0.45172 0.03246
0.45333 0.03298
0.45493 0.03352
0.45652 0.03407
0.45809 0.03464
0.45965 0.03523
0.4612 0.03583
0.46273 0.03645
0.46425 0.0371
0.46576 0.03776
0.46725 0.0384400
0.46872 0.03914
0.47018 0.03986
0.47162 0.0406
0.47306 0.04136
0.4744800 0.04213
0.47589 0.04291
0.47729 0.04371
0.47868 0.04453
0.48005 0.04537
0.4814 0.04623
0.48274 0.04711
0.48406 0.04802
0.48536 0.04895
0.48664 0.04991
0.48791 0.05088
0.48916 0.051890
0.490390 0.05291
0.4916 0.05396
0.49279 0.055030
0.49397 0.05613
0.49512 0.05725
0.49626 0.0584
0.49738 0.05958
0.49847 0.06078
0.49954 0.06202
0.50060 0.06328
0.50162 0.06457
0.50263 0.06589
0.50361 0.06725
0.5045700 0.068640
0.5055 0.07006
0.5064 0.07152
0.50729 0.0730
0.50815 0.07452
0.50899 0.07606
0.50981 0.07763
0.51061 0.07923
0.51139 0.08085
0.51215 0.08249
0.5129 0.084160
0.51362 0.085850
0.51433 0.0875800
0.515 0.08934
0.51565 0.09114
0.51625 0.093
0.5168100 0.09489
0.51732 0.09675
0.51777 0.09848
0.51814 0.09999
0.51843 0.10118
0.51862 0.10199
0.51874 0.10236
-Inserting Flap Ga2-
0.608220 0.2267
0.60822 0.22625
0.60821 0.2253500
0.60819 0.22403
0.60815 0.22237
0.60808 0.22047
0.60796 0.21843
0.60778 0.21636
0.60753 0.21435
0.60722 0.21239
0.60686 0.2105
0.606450 0.20864
0.60601 0.20683
0.60553 0.205040
0.6050400 0.20327
0.60451 0.20153
0.60397 0.19981
0.60341 0.19812
0.60282 0.19644
0.60221 0.19478
0.60159 0.19314
0.60095 0.19152
0.60029 0.18992
0.59962 0.18833
0.59893 0.18676
0.598220 0.1852
0.5975 0.18367
0.59676 0.18215
0.59599 0.18065
0.59521 0.179170
0.594420 0.1777
0.59361 0.17624
0.5928 0.1748
0.59197 0.17336
0.59114 0.17193
0.5903 0.17051
0.58944 0.1691
0.58858 0.16771
0.58769 0.16633
0.58679 0.16497
0.58588 0.16362
0.58496 0.16228
0.58402 0.16096
0.58307 0.15965
0.58211 0.15835
0.58113 0.15706
0.58014 0.15578
0.57915 0.15452
0.57814 0.153260
0.57712 0.15202
0.57609 0.150790
0.57505 0.14957
0.574 0.148360
0.57293 0.14717
0.57185 0.14599
0.57075 0.14482
0.56964 0.14367
0.56852 0.14253
0.56738 0.14141
0.56623 0.14029
0.56507 0.1392
0.56389 0.13812
0.56269 0.13705
0.56148 0.135990
0.56026 0.13496
0.559020 0.13393
0.55778 0.13292
0.55652 0.13191
0.555250 0.13092
0.55397 0.12994
0.55267 0.12898
0.55135 0.12803
0.55001 0.12711
0.54864 0.126220
0.547250 0.12535
0.54583 0.12451
0.54438 0.12369
0.542910 0.1229
0.541410 0.12214
0.539890 0.1214
0.53833 0.12070
0.53673 0.12004
0.53508 0.11942
0.53339 0.11885
0.53165 0.11832
0.52987 0.11784
0.52805 0.11741
0.52618 0.11702
0.52426 0.11667
0.52229 0.11638
0.52022 0.11619
0.51805 0.1161
0.51575 0.116140
0.51331 0.11633
0.51081 0.11667
0.50835 0.11715
0.50603 0.11777
0.50394 0.11852
0.50216 0.1194
0.4997 0.12141
0.49907 0.12248
0.4989 0.12356
0.49919 0.124620
0.49986 0.12565
0.50084 0.12664
0.50203 0.1276
0.50336 0.12852
0.50475 0.1294
0.50618 0.13023
0.50764 0.13103
0.50915 0.13178
0.51069 0.13250
0.51227 0.13319
0.51387 0.133850
0.5155 0.13448
0.51715 0.13509
0.51881 0.13569
0.52049 0.13627
0.52218 0.13685
0.52387 0.13742
0.52556 0.13799
0.527250 0.13856
0.52894 0.13913
0.53063 0.13971
0.5323 0.14029
0.53397 0.14089
0.53563 0.14149
0.53728 0.1421
0.53892 0.14273
0.54055 0.14336
0.54216 0.14401
0.54377 0.14466
0.54536 0.14533
0.54694 0.14602
0.5485 0.14672
0.55005 0.14743
0.55159 0.14815
0.55311 0.14889
0.554620 0.14964
0.55611 0.150410
0.55759 0.15119
0.55906 0.15199
0.5605 0.15281
0.56194 0.15364
0.56335 0.15448
0.56475 0.15535
0.56613 0.156230
0.56749 0.15713
0.56883 0.15805
0.57016 0.15898
0.57148 0.159930
0.572780 0.160890
0.574070 0.16186
0.57534 0.16285
0.5766 0.16385
0.57784 0.16487
0.57906 0.16591
0.58026 0.166970
0.58144 0.16806
0.5826 0.16916
0.58374 0.17029
0.58486 0.171430
0.58595 0.17259
0.58703 0.17378
0.58808 0.174990
0.58912 0.1762200
0.59013 0.17747
0.59112 0.17874
0.59208 0.180040
0.59302 0.18136
0.593940 0.1827
0.59483 0.18407
0.5957 0.18547
0.596530 0.18689
0.59735 0.18834
0.59813 0.18982
0.59888 0.19133
0.59961 0.19287
0.6003 0.19444
0.60097 0.19603
0.60161 0.19765
0.60223 0.1993
0.60282 0.200970
0.60339 0.20266
0.60394 0.20437
0.604470 0.2061
0.60497 0.20786
0.60545 0.20964
0.60591 0.21144
0.606340 0.21328
0.60672 0.21516
0.60706 0.21708
0.60736 0.21903
0.6076 0.22094
0.6078 0.22271
0.60796 0.22426
0.60808 0.22549
0.60816 0.22631
0.608220 0.2267
*.*.Setup: Ga2.txt as Flap 1, Inverted: y, Scale = 1.0, AoA = 2.0, Reposition from (0,0) = (0, 0)*.*.
*.*.Setup: Ga2.txt as Flap 2, Inverted: y, Scale = 0.4, AoA = 37.0, Reposition from previous T.E. = (0.04, 0.06), Reposition from (0,0) = (1.0411, 0.0458)*.*.
*.*.Setup: Ga2.txt as Flap 3, Inverted: y, Scale = 0.4, AoA = 45.0, Reposition from previous T.E. = (-0.06, 0.06), Reposition from (0,0) = (1.3124, 0.3308)*.*.
*.*.Setup: Scale Ratio = 0.37798*.*.