0.3751700000 -0.01844
0.37438 -0.01923
0.37279 -0.02078
0.37043 -0.02306
0.36744 -0.02591
0.36398 -0.02911
0.36019 -0.03248
0.35625 -0.0358
0.35228 -0.0389
0.348310 -0.04178
0.34435 -0.04447
0.34038 -0.04701
0.33641 -0.04942
0.33244 -0.05173
0.32847 -0.05395
0.3245 -0.05609
0.32053 -0.05815
0.31657 -0.06013
0.3126 -0.06205
0.30863 -0.0639
0.30466 -0.06568
0.30069 -0.0674
0.29672 -0.06906
0.29275 -0.07067
0.28878 -0.072220
0.28482 -0.0737
0.280850 -0.07513
0.27688 -0.07649
0.27291 -0.07778
0.26894 -0.07901
0.26497 -0.08019
0.261 -0.08133
0.257040 -0.08243
0.25307 -0.08351
0.2491 -0.084560
0.24513 -0.08557
0.24116 -0.08654
0.23719 -0.08747
0.233220 -0.08834
0.22926 -0.089160
0.22529 -0.08992
0.22132 -0.09065
0.21735 -0.09132
0.21338 -0.09195
0.20941 -0.09254
0.20544 -0.09309
0.20147 -0.0936
0.19751 -0.09407
0.19354 -0.09451
0.18957 -0.0949
0.1856 -0.09526
0.18163 -0.09557
0.17766 -0.09583
0.17369 -0.09605
0.16973 -0.09622
0.16576 -0.09635
0.16179 -0.09642
0.15782 -0.09645
0.15385 -0.09643
0.14988 -0.09636
0.14591 -0.09624
0.141950 -0.09607
0.13798 -0.09585
0.13401 -0.09558
0.13004 -0.09526
0.12607 -0.09489
0.1221 -0.09448
0.118130 -0.09403
0.11416 -0.09354
0.1102 -0.09301
0.10623 -0.09242
0.10226 -0.091760
0.09829 -0.091020
0.094320 -0.09019
0.09035 -0.08927
0.08638 -0.08826
0.08242 -0.08716
0.07845 -0.08596
0.07448 -0.08468
0.07051 -0.08329
0.06654 -0.08178
0.06257 -0.08013
0.0586 -0.0783400
0.05464 -0.07637
0.05067 -0.0742500
0.0467 -0.071960
0.04273 -0.06952
0.03876 -0.06693
0.03479 -0.06419
0.03082 -0.06121
0.026850 -0.05794
0.02289 -0.054280
0.01892 -0.05017
0.01497 -0.04555
0.01119 -0.04058
0.00773 -0.03542
0.00474 -0.03025
0.00238 -0.02526
0.00079 -0.0206
0.000000 -0.01276
0.00079 -0.00979
0.00238 -0.00759
0.00474 -0.00623
0.00773 -0.00561
0.01119 -0.00558
0.01497 -0.00599
0.01892 -0.00671
0.02289 -0.0076
0.026850 -0.00865
0.03082 -0.00983
0.03479 -0.01115
0.03876 -0.01259
0.04273 -0.01414
0.0467 -0.0158
0.05067 -0.01755
0.05464 -0.01937
0.0586 -0.02124
0.06257 -0.02316
0.06654 -0.02511
0.07051 -0.02708
0.07448 -0.02905
0.07845 -0.03102
0.08242 -0.03298
0.08638 -0.03492
0.09035 -0.03684
0.094320 -0.03872
0.09829 -0.04058
0.10226 -0.0424
0.10623 -0.04418
0.1102 -0.04592
0.11416 -0.04762
0.118130 -0.04928
0.1221 -0.0509
0.12607 -0.052460
0.13004 -0.05399
0.13401 -0.05546
0.13798 -0.056890
0.141950 -0.0582600
0.14591 -0.05959
0.14988 -0.06086
0.15385 -0.06209
0.15782 -0.06325
0.16179 -0.06436
0.16576 -0.06542
0.16973 -0.06641
0.17369 -0.06735
0.17766 -0.06822
0.18163 -0.06903
0.1856 -0.06978
0.18957 -0.070480
0.19354 -0.071120
0.19751 -0.07172
0.20147 -0.07227
0.20544 -0.072780
0.20941 -0.07323
0.21338 -0.07362
0.21735 -0.07393
0.22132 -0.07418
0.22529 -0.07434
0.22926 -0.07444
0.233220 -0.07446
0.23719 -0.07441
0.24116 -0.07429
0.24513 -0.0741
0.2491 -0.073840
0.25307 -0.07349
0.257040 -0.07307
0.261 -0.07257
0.26497 -0.07199
0.26894 -0.07132
0.27291 -0.07057
0.27688 -0.06973
0.280850 -0.0688
0.28482 -0.06778
0.28878 -0.06666
0.29275 -0.06544
0.29672 -0.06411
0.30069 -0.06268
0.30466 -0.06115
0.30863 -0.05952
0.3126 -0.0578
0.31657 -0.05599
0.32053 -0.05411
0.3245 -0.052140
0.32847 -0.0501
0.33244 -0.04798
0.33641 -0.04578
0.34038 -0.04351
0.34435 -0.04115
0.348310 -0.03867
0.35228 -0.03606
0.35625 -0.033290
0.36019 -0.03038
0.36398 -0.02746
0.36744 -0.02469
0.37043 -0.02225
0.37279 -0.020310
0.37438 -0.019
0.3751700000 -0.01844
-Inserting Flap Ga2-
0.51473 0.07314
0.51459 0.07271
0.51431 0.07187
0.51388 0.07063
0.513330 0.06907
0.512680 0.0673
0.51194 0.06541
0.51114 0.06351
0.51029 0.06169
0.5094 0.05994
0.50847 0.05826
0.50752 0.05664
0.50654 0.05506
0.50555 0.05351
0.50454 0.052
0.50351 0.05052
0.50247 0.04906
0.50141 0.04763
0.50035 0.04623
0.49927 0.044850
0.49818 0.0435
0.497080 0.04216
0.49596 0.04085
0.49484 0.03955
0.49371 0.038280
0.49256 0.03703
0.49141 0.0358
0.49024 0.03460
0.48906 0.03342
0.48787 0.03226
0.4866700 0.031120
0.48546 0.02999
0.48425 0.02888
0.48303 0.02777
0.48181 0.02668
0.48057 0.02559
0.47934 0.02453
0.47809 0.02348
0.47683 0.02245
0.47557 0.02143
0.47429 0.02044
0.473010 0.01946
0.47172 0.0185
0.47042 0.01755
0.46911 0.01662
0.4678 0.01571
0.46647 0.01481
0.46514 0.01392
0.46381 0.01304
0.46247 0.01218
0.46112 0.01133
0.45976 0.01050
0.458390 0.00969
0.45702 0.00889
0.45563 0.0081
0.45424 0.00734
0.45284 0.00659
0.45143 0.00586
0.45001 0.00515
0.44859 0.00445
0.44715 0.00377
0.44571 0.00311
0.44425 0.00247
0.44279 0.00185
0.44131 0.00124
0.439830 0.00065
0.43834 8e-05
0.43685 -0.00048
0.43535 -0.00103
0.43383 -0.00156
0.43231 -0.00207
0.43078 -0.00256
0.42923 -0.00301
0.42767 -0.00344
0.42608 -0.00383
0.42449 -0.00419
0.42287 -0.00452
0.4212400 -0.00481
0.41959 -0.00508
0.41793 -0.0053
0.41624 -0.005480
0.41452 -0.00562
0.41278 -0.0057
0.41101 -0.00572
0.40921 -0.00568
0.40738 -0.00559
0.405520 -0.00544
0.40364 -0.00524
0.40173 -0.00498
0.39977 -0.00464
0.39776 -0.0042
0.39568 -0.00361
0.393520 -0.00287
0.39128 -0.00194
0.38903 -0.00085
0.38686 0.00036
0.38485 0.00166
0.38311 0.003010
0.38169 0.00438
0.37999 0.00703
0.37973 0.00823
0.3799 0.0093
0.38049 0.01022
0.38144 0.01098
0.38267 0.01162
0.3841 0.01216
0.38563 0.01262
0.38721 0.01302
0.38881 0.01337
0.39044 0.01367
0.39209 0.01392
0.39377 0.01413
0.39547 0.0143
0.39718 0.01443
0.39891 0.01452
0.40066 0.0146
0.402410 0.01465
0.40418 0.01469
0.40594 0.01471
0.40772 0.01473
0.40949 0.01475
0.41126 0.014770
0.41303 0.01479
0.4148 0.01482
0.416560 0.01486
0.41832 0.01491
0.42007 0.01497
0.42181 0.01504
0.42355 0.015120
0.42528 0.01522
0.42701 0.01534
0.42872 0.01547
0.43043 0.01561
0.43213 0.01577
0.43382 0.01595
0.4355 0.01615
0.43718 0.01636
0.43884 0.01659
0.4405 0.016840
0.44214 0.01710
0.44378 0.01739
0.4454 0.01769
0.44702 0.018020
0.44863 0.018360
0.45022 0.01873
0.45180 0.01912
0.45338 0.01953
0.45494 0.01996
0.45649 0.020410
0.45803 0.02089
0.45956 0.02138
0.46109 0.021880
0.4626 0.02241
0.46411 0.02295
0.4656 0.02351
0.46709 0.02409
0.468560 0.0247
0.47002 0.02533
0.471460 0.02599
0.4729 0.02668
0.47431 0.02739
0.47572 0.02813
0.47711 0.02889
0.47849 0.02968
0.47986 0.0305
0.48121 0.03134
0.48255 0.03221
0.48387 0.03311
0.48518 0.03404
0.48647 0.035
0.48775 0.03599
0.48901 0.03701
0.49026 0.03806
0.49149 0.03914
0.49270 0.04026
0.493890 0.04142
0.49507 0.04261
0.49622 0.043840
0.49736 0.04511
0.49847 0.04641
0.49958 0.04774
0.5006600 0.04911
0.50173 0.0505
0.50279 0.0519200
0.50384 0.05337
0.50487 0.05485
0.50588 0.05635
0.506880 0.05788
0.50787 0.05944
0.50883 0.06105
0.50977 0.0627
0.51068 0.06441
0.51156 0.06616
0.51238 0.06789
0.51311 0.06950
0.51373 0.07092
0.51422 0.07204
0.514550 0.07279
0.51473 0.07314
-Inserting Flap Ga2-
0.60355 0.19655
0.60355 0.1961
0.60354 0.19521
0.603520 0.1939
0.60348 0.19225
0.6034 0.19036
0.60328 0.188340
0.60311 0.18629
0.60286 0.18429
0.60255 0.18235
0.60219 0.18046
0.60179 0.17862
0.60135 0.176820
0.600880 0.17504
0.60038 0.17329
0.59987 0.17157
0.59933 0.16986
0.598770 0.16818
0.59818 0.16651
0.59758 0.164870
0.59697 0.16324
0.59633 0.16163
0.595680 0.16004
0.59501 0.15846
0.59433 0.1569
0.59362 0.15536
0.5929 0.15383
0.59217 0.15233
0.59141 0.15084
0.59063 0.14937
0.58985 0.14791
0.589050 0.14647
0.58824 0.14503
0.58742 0.1436
0.586590 0.14219
0.58576 0.14078
0.58491 0.13938
0.58405 0.138
0.58317 0.13663
0.58228 0.13527
0.58137 0.13393
0.58046 0.13261
0.57952 0.13129
0.57858 0.12999
0.57762 0.1287
0.576660 0.12743
0.57568 0.12616
0.57469 0.1249
0.573690 0.12366
0.57268 0.12242
0.57166 0.1212
0.57062 0.11999
0.56958 0.11879
0.56852 0.11761
0.56744 0.11644
0.56635 0.11528
0.56525 0.11414
0.564140 0.1130
0.56301 0.11189
0.56187 0.11078
0.56071 0.10970
0.55954 0.10862
0.55836 0.10756
0.557160 0.10652
0.55594 0.10549
0.55472 0.10447
0.55348 0.10346
0.55223 0.10247
0.55097 0.10148
0.54969 0.10051
0.54841 0.09955
0.5471 0.09862
0.54577 0.0977
0.5444100 0.09681
0.54302 0.09595
0.54162 0.09512
0.54018 0.09431
0.53872 0.09352
0.53724 0.09276
0.53572 0.09203
0.53417 0.09134
0.532580 0.09068
0.53095 0.09007
0.529270 0.0895
0.52755 0.08898
0.52578 0.0885
0.523970 0.08807
0.52211 0.08768
0.52021 0.08733
0.518250 0.08705
0.51620 0.08685
0.51405 0.08677
0.51176 0.08681
0.50934 0.087
0.50686 0.08734
0.50442 0.08781
0.50211 0.08843
0.50004 0.08918
0.49827 0.09005
0.49583 0.09204
0.49521 0.0931
0.49504 0.09417
0.49532 0.09522
0.49599 0.09625
0.49696 0.09723
0.4981500 0.09819
0.49947 0.0991
0.50084 0.09997
0.50226 0.1008
0.50372 0.10158
0.50521 0.102330
0.50674 0.10305
0.508310 0.10373
0.5099 0.10439
0.511510 0.10501
0.51315 0.10562
0.5148 0.10621
0.51647 0.10679
0.51814 0.10737
0.51982 0.10793
0.5215 0.1085
0.52318 0.10906
0.52486 0.10963
0.52653 0.1102
0.52819 0.11078
0.52985 0.111370
0.5315 0.11197
0.533130 0.11258
0.53476 0.1132
0.53638 0.11383
0.53798 0.11447
0.53957 0.11512
0.54115 0.11579
0.54272 0.11647
0.54427 0.11716
0.54581 0.11786
0.54733 0.11858
0.54885 0.11932
0.55034 0.12006
0.55183 0.12083
0.5533 0.1216
0.554750 0.12239
0.55618 0.1232
0.5576 0.12403
0.55901 0.12487
0.5604 0.12573
0.56176 0.1266
0.56312 0.1275
0.56445 0.12841
0.56577 0.12933
0.56708 0.13027
0.56837 0.13122
0.56965 0.13219
0.57091 0.13317
0.57216 0.13417
0.57339 0.13518
0.57461 0.13621
0.5758 0.13726
0.57697 0.138340
0.578120 0.13944
0.57925 0.14055
0.58035 0.14169
0.58144 0.14284
0.58251 0.14402
0.58356 0.14522
0.584580 0.14644
0.58559 0.14768
0.58657 0.14894
0.58753 0.15023
0.588460 0.15154
0.58937 0.15288
0.59025 0.15424
0.59111 0.155620
0.59195 0.15704
0.59275 0.15847
0.59353 0.159940
0.59428 0.161440
0.595 0.162970
0.59569 0.16452
0.59635 0.16611
0.59698 0.16771
0.59759 0.16935
0.59818 0.171
0.59875 0.17268
0.59929 0.17438
0.59982 0.1761
0.60032 0.17785
0.6008 0.17961
0.60125 0.1814
0.60167 0.18323
0.60206 0.18509
0.60240 0.18699
0.60269 0.18893
0.60293 0.190830
0.60313 0.19259
0.60329 0.19413
0.6034 0.19534
0.60348 0.19616
0.60355 0.19655
*.*.Setup: Ga2.txt as Flap 1, Inverted: y, Scale = 1.0, AoA = 0.0, Reposition from (0,0) = (0, 0)*.*.
*.*.Setup: Ga2.txt as Flap 2, Inverted: y, Scale = 0.4, AoA = 27.0, Reposition from previous T.E. = (0.0067, 0.08), Reposition from (0,0) = (1.0067, 0.0309)*.*.
*.*.Setup: Ga2.txt as Flap 3, Inverted: y, Scale = 0.4, AoA = 45.0, Reposition from previous T.E. = (-0.06, 0.06), Reposition from (0,0) = (1.312, 0.2549)*.*.
*.*.Setup: Scale Ratio = 0.37517*.*.