0.36771 -0.03096
0.3669 -0.031720
0.36529 -0.03318
0.36290 -0.03534
0.35987 -0.03803
0.356350 -0.04106
0.35252 -0.04424
0.34854 -0.04736
0.34454 -0.050270
0.34054 -0.05296
0.33655 -0.05547
0.33257 -0.057820
0.32859 -0.060050
0.32461 -0.06218
0.32064 -0.06423
0.31667 -0.06619
0.31271 -0.06808
0.30874 -0.06989
0.30478 -0.07164
0.30082 -0.07331
0.29686 -0.07493
0.29291 -0.07648
0.28895 -0.07798
0.285 -0.07942
0.28105 -0.0808
0.2771 -0.08213
0.27316 -0.08339
0.26922 -0.08459
0.26528 -0.08572
0.26134 -0.08679
0.2574 -0.08781
0.25346 -0.0888
0.24953 -0.08974
0.2456 -0.09067
0.24166 -0.09156
0.23773 -0.09242
0.2338 -0.09323
0.22988 -0.09401
0.22595 -0.09472
0.22202 -0.09539
0.2181 -0.09601
0.21418 -0.09658
0.21026 -0.09711
0.20634 -0.0976
0.20243 -0.09804
0.19851 -0.098440
0.19460 -0.0988
0.19069 -0.09913
0.18677 -0.09942
0.18286 -0.09967
0.17896 -0.09989
0.17505 -0.10006
0.17114 -0.10018
0.16724 -0.100260
0.16334 -0.10029
0.15944 -0.10028
0.15554 -0.10022
0.15164 -0.10011
0.14774 -0.09995
0.14385 -0.09975
0.13996 -0.09949
0.13607 -0.09919
0.13218 -0.09884
0.12829 -0.09843
0.12441 -0.09798
0.12052 -0.09748
0.11664 -0.09694
0.11276 -0.09637
0.10888 -0.0957500
0.105 -0.09509
0.10112 -0.09438
0.09725 -0.0936
0.09338 -0.09274
0.08951 -0.09179
0.08565 -0.09075
0.08179 -0.08962
0.07793 -0.08840
0.07407 -0.08709
0.07022 -0.08569
0.06637 -0.08419
0.06253 -0.082570
0.05869 -0.08082
0.05485 -0.07892
0.05102 -0.07686
0.04720 -0.07463
0.04338 -0.07225
0.03957 -0.06972
0.03576 -0.06704
0.03196 -0.06421
0.02816 -0.06116
0.02438 -0.057810
0.02061 -0.05408
0.01685 -0.0499
0.01314 -0.04524
0.0096 -0.040220
0.00637 -0.03504
0.00361 -0.02986
0.00147 -0.02488
7e-05 -0.02025
-0.00044 -0.012530
0.00044 -0.00964
0.00208 -0.00753
0.00444 -0.00628
0.00739 -0.00577
0.0108 -0.00586
0.0145 -0.0064
0.01834 -0.00723
0.02221 -0.008250
0.02607 -0.00941
0.02993 -0.01071
0.03378 -0.01214
0.03762 -0.01369
0.04147 -0.01535
0.04531 -0.01712
0.04914 -0.01897
0.05298 -0.020890
0.05681 -0.02286
0.06064 -0.02488
0.06447 -0.02693
0.0683 -0.029
0.07213 -0.03108
0.07596 -0.033150
0.07978 -0.03521
0.08361 -0.03725
0.08744 -0.03926
0.09128 -0.04125
0.09511 -0.04321
0.09894 -0.04513
0.10278 -0.04702
0.10662 -0.04886
0.11045 -0.05067
0.11429 -0.05243
0.11813 -0.05415
0.12198 -0.05583
0.12582 -0.05746
0.12967 -0.05905
0.13351 -0.06058
0.13736 -0.062070
0.14121 -0.06351
0.14507 -0.06489
0.14892 -0.06623
0.15278 -0.06751
0.15664 -0.06874
0.1605 -0.06991
0.16436 -0.07102
0.16822 -0.07207
0.172090 -0.07307
0.17596 -0.074
0.17983 -0.07487
0.1837 -0.075690
0.18758 -0.07646
0.19145 -0.07719
0.19533 -0.07787
0.19921 -0.0785
0.20309 -0.07907
0.20697 -0.07959
0.21086 -0.08004
0.21475 -0.08041
0.21864 -0.08072
0.22253 -0.080940
0.22643 -0.0811
0.23032 -0.08119
0.23422 -0.081210
0.23813 -0.0811600
0.242030 -0.08103
0.24594 -0.080830
0.24985 -0.08056
0.25376 -0.0802
0.25768 -0.07976
0.2616 -0.07924
0.26552 -0.07864
0.26945 -0.07795
0.27338 -0.07717
0.27731 -0.07631
0.28124 -0.07534
0.28518 -0.07428
0.28912 -0.07312
0.29307 -0.07185
0.29702 -0.07048
0.3009700 -0.06902
0.30492 -0.06746
0.30888 -0.06583
0.31284 -0.06411
0.31681 -0.06232
0.32077 -0.06045
0.32474 -0.0585
0.328710 -0.05649
0.33269 -0.05439
0.33667 -0.05221
0.34065 -0.04991
0.34463 -0.04748
0.34862 -0.0449
0.3526 -0.04217
0.35641 -0.03943
0.35991 -0.03684
0.36293 -0.03455
0.3653 -0.03272
0.36691 -0.03148
0.36771 -0.03096
-Inserting Flap Ga2-
0.49903 0.063130
0.49893 0.06270
0.49872 0.06185
0.49841 0.0606
0.49801 0.059030
0.49752 0.05724
0.49696 0.05533
0.49634 0.05341
0.49566 0.05155
0.49494 0.049760
0.49418 0.04804
0.49338 0.0463700
0.49256 0.04474
0.49172 0.04314
0.49086 0.04157
0.48998 0.04003
0.48909 0.03852
0.48818 0.03703
0.48726 0.03557
0.48632 0.03413
0.48537 0.03271
0.484400 0.03131
0.48343 0.02992
0.482440 0.02856
0.48144 0.02722
0.48043 0.0259
0.4794 0.0246
0.47836 0.02332
0.47731 0.02206
0.47624 0.02082
0.47516 0.01961
0.47408 0.0184
0.47299 0.0172
0.47189 0.01602
0.47078 0.01484
0.46967 0.01368
0.46855 0.01253
0.46742 0.0114
0.46628 0.010280
0.46513 0.00918
0.46397 0.0081
0.46279 0.00703
0.46161 0.00598
0.460420 0.00494
0.45922 0.00392
0.45801 0.00291
0.4568 0.00191
0.45557 0.00093
0.454340 -4e-05
0.4531 -0.001
0.45185 -0.00194
0.45059 -0.00287
0.44933 -0.00379
0.44805 -0.00469
0.44676 -0.00557
0.44546 -0.00644
0.44416 -0.00729
0.44284 -0.00813
0.44151 -0.00895
0.44018 -0.00975
0.43883 -0.010540
0.43747 -0.01131
0.4361 -0.01206
0.43472 -0.0128
0.433330 -0.01351
0.43194 -0.01422
0.43053 -0.01491
0.42911 -0.01558
0.42769 -0.01625
0.42625 -0.0169
0.42481 -0.01753
0.42335 -0.01813
0.42187 -0.01871
0.42038 -0.01926
0.41886 -0.01978
0.41733 -0.02027
0.41578 -0.020730
0.41421 -0.02116
0.41262 -0.02156
0.411 -0.02192
0.40937 -0.02225
0.4077 -0.02252
0.40601 -0.02275
0.40427 -0.02292
0.40251 -0.02304
0.40071 -0.023110
0.39888 -0.02312
0.39702 -0.02308
0.39512 -0.02299
0.39318 -0.02283
0.39118 -0.02256
0.38909 -0.022170
0.386910 -0.02163
0.38464 -0.02091
0.38234 -0.02004
0.38011 -0.01904
0.37804 -0.01794
0.37622 -0.0167700
0.37472 -0.01555
0.37282 -0.0131
0.37247 -0.01195
0.37254 -0.01088
0.37304 -0.00994
0.37391 -0.00911
0.37505 -0.00838
0.3764 -0.00773
0.37786 -0.00714
0.37937 -0.00662
0.38091 -0.00614
0.38248 -0.00571
0.38408 -0.005320
0.3857 -0.00497
0.38735 -0.00466
0.38902 -0.00439
0.3907 -0.00415
0.3924 -0.003930
0.39412 -0.00372
0.39584 -0.00354
0.39757 -0.00336
0.3993 -0.00319
0.40103 -0.00302
0.40277 -0.00285
0.4045 -0.00268
0.40622 -0.0025
0.40794 -0.00231
0.40966 -0.002110
0.411370 -0.0019
0.41307 -0.00168
0.41476 -0.00145
0.41645 -0.001210
0.41813 -0.00095
0.41979 -0.00067
0.4214500 -0.000380
0.4231 -8e-05
0.42474 0.000240
0.42637 0.00057
0.42799 0.00093
0.4296 0.00129
0.4312 0.00168
0.43279 0.00208
0.43436 0.00250
0.43593 0.00294
0.43748 0.00339
0.43902 0.00387
0.44055 0.00436
0.44207 0.00488
0.44357 0.00541
0.445070 0.00597
0.44655 0.00655
0.44801 0.00714
0.44947 0.00775
0.45092 0.00838
0.45235 0.00902
0.45378 0.009680
0.4552 0.01036
0.4566 0.01105
0.45799 0.01177
0.45936 0.01252
0.46072 0.01329
0.46206 0.01408
0.46339 0.0149
0.4647 0.01575
0.4660 0.01661
0.46728 0.0175
0.46855 0.01842
0.4698 0.019360
0.47104 0.02032
0.472260 0.02132
0.47346 0.02234
0.474640 0.02339
0.47581 0.02446
0.47695 0.02557
0.47808 0.02671
0.47919 0.027870
0.48028 0.02907
0.48135 0.03031
0.4824 0.03157
0.48342 0.03288
0.48442 0.03421
0.48541 0.03558
0.48637 0.03698
0.487320 0.038410
0.48825 0.03987
0.489160 0.04135
0.49006 0.04286
0.49094 0.04439
0.49181 0.04595
0.49265 0.04753
0.49348 0.04914
0.49429 0.0508
0.49507 0.05249
0.49582 0.05424
0.49652 0.05603
0.49718 0.05779
0.49776 0.05944
0.49824 0.06087
0.49862 0.06201
0.49888 0.06278
0.49903 0.063130
-Inserting Flap Ga2-
0.59733 0.2106
0.59743 0.21017
0.59762 0.20932
0.5979 0.20807
0.59823 0.20648
0.59859 0.20466
0.598940 0.2027
0.59923 0.2007
0.59945 0.19873
0.59960 0.19681
0.59968 0.19492
0.599710 0.19307
0.5997 0.19125
0.59965 0.18944
0.59957 0.18766
0.59947 0.18589
0.59934 0.18414
0.59919 0.1824
0.59901 0.18068
0.59881 0.17897
0.59858 0.17728
0.59834 0.17559
0.598080 0.17392
0.5978 0.17226
0.59750 0.17062
0.59718 0.16898
0.596830 0.16736
0.59647 0.16575
0.59608 0.16416
0.59567 0.16258
0.59525 0.16101
0.59481 0.15945
0.594360 0.15789
0.59391 0.15634
0.59344 0.1548
0.59296 0.15326
0.59246 0.15173
0.591950 0.15022
0.59143 0.14871
0.59088 0.14721
0.59032 0.14573
0.58974 0.14425
0.58915 0.14278
0.58854 0.14133
0.58792 0.13988
0.58729 0.13844
0.58664 0.13701
0.58598 0.13558
0.5853 0.13416
0.58462 0.13276
0.58392 0.13135
0.5832 0.129960
0.58247 0.12858
0.58173 0.12721
0.58097 0.12585
0.58019 0.12449
0.57939 0.12315
0.57858 0.12182
0.57776 0.12049
0.57692 0.11918
0.57606 0.11788
0.57518 0.11659
0.57429 0.1153
0.57338 0.11403
0.57245 0.11277
0.57151 0.11152
0.57056 0.11028
0.56959 0.10904
0.56861 0.10782
0.56761 0.1066
0.56659 0.10539
0.56555 0.1042
0.56449 0.10303
0.56339 0.10187
0.56227 0.10073
0.56111 0.09961
0.55992 0.09851
0.5587 0.097430
0.55746 0.09637
0.55617 0.09533
0.55485 0.09431
0.55348 0.09333
0.55206 0.09237
0.55058 0.09145
0.54905 0.090560
0.54747 0.0897
0.54584 0.08888
0.54415 0.08809
0.54241 0.08733
0.5406 0.08661
0.53869 0.08596
0.53665 0.08539
0.53445 0.08491
0.53209 0.08454
0.52965 0.0843
0.52721 0.08421
0.52486 0.08427
0.522710 0.08452
0.52082 0.084950
0.51804 0.0863
0.51721 0.08718
0.5168 0.08816
0.51683 0.08923
0.51724 0.09036
0.51794 0.09152
0.51886 0.0927
0.51992 0.09387
0.52103 0.09502
0.5222 0.096130
0.523420 0.09721
0.52467 0.09827
0.52598 0.0993
0.527310 0.1003
0.52869 0.10129
0.53009 0.10226
0.53152 0.10321
0.53296 0.10415
0.53442 0.10508
0.53589 0.106010
0.53737 0.10693
0.53885 0.10785
0.54033 0.10877
0.5418 0.10969
0.54327 0.11062
0.54473 0.11155
0.546180 0.11249
0.54762 0.11343
0.54904 0.11439
0.55046 0.11534
0.55186 0.11631
0.55325 0.11729
0.55462 0.11827
0.55598 0.11927
0.557320 0.12027
0.55865 0.12129
0.55996 0.12231
0.56126 0.12334
0.56254 0.12439
0.5638 0.12544
0.56504 0.1265
0.56627 0.12758
0.56748 0.1286700
0.568670 0.129760
0.56984 0.13087
0.57099 0.132
0.57213 0.13313
0.57324 0.13428
0.57433 0.13544
0.5754 0.13661
0.57645 0.13779
0.57748 0.13899
0.5785 0.14019
0.5795 0.1414
0.58049 0.14263
0.58146 0.14386
0.58241 0.14511
0.58333 0.14637
0.58423 0.14765
0.58511 0.14894
0.58596 0.15025
0.58679 0.15157
0.58759 0.152910
0.58837 0.15426
0.58912 0.15563
0.58985 0.15701
0.59056 0.15841
0.59123 0.15982
0.59188 0.16125
0.59251 0.1627
0.5931 0.164170
0.59367 0.16565
0.59421 0.16715
0.59472 0.16867
0.59519 0.17021
0.59564 0.17176
0.59605 0.17334
0.59642 0.17494
0.59676 0.17657
0.59707 0.17821
0.59734 0.179870
0.59759 0.18156
0.5978 0.18326
0.59799 0.18497
0.59815 0.18671
0.59829 0.188450
0.59840 0.19022
0.59848 0.192
0.59854 0.19379
0.59857 0.19561
0.59856 0.19745
0.5985 0.19931
0.5984 0.20121
0.59823 0.20313
0.59804 0.205
0.59783 0.20673
0.59763 0.20823
0.59746 0.20942
0.59735 0.21022
0.59733 0.2106
*.*.Setup: Ga2.txt as Flap 1, Inverted: y, Scale = 1.0, AoA = -2.0, Reposition from (0,0) = (0, 0)*.*.
*.*.Setup: Ga2.txt as Flap 2, Inverted: y, Scale = 0.4, AoA = 32.0, Reposition from previous T.E. = (0.0067, 0.06), Reposition from (0,0) = (1.0043, -0.024)*.*.
*.*.Setup: Ga2.txt as Flap 3, Inverted: y, Scale = 0.4, AoA = 58.333333333333336, Reposition from previous T.E. = (0.04, 0.07), Reposition from (0,0) = (1.394, 0.2413)*.*.
*.*.Setup: Scale Ratio = 0.36856*.*.