0.36936 0.0585
0.36729 0.056210
0.36428 0.05288
0.36072 0.04958
0.35638 0.04633
0.35106 0.04295
0.34463 0.03928
0.33702 0.0353
0.32833 0.031080
0.31879 0.02672
0.30867 0.02232
0.29821 0.01797
0.28756 0.01373
0.27684 0.00965
0.26608 0.00574
0.25528 0.00204
0.24441 -0.00149
0.23342 -0.00484
0.22226 -0.00805
0.21088 -0.01115
0.19925 -0.01418
0.18737 -0.01718
0.17532 -0.02015
0.16319 -0.02311
0.15115 -0.026
0.13937 -0.02877
0.12804 -0.031340
0.11735 -0.03361
0.1074 -0.03547
0.09815 -0.03686
0.08947 -0.03777
0.08121 -0.03818
0.0733 -0.03812
0.06569 -0.037590
0.05834 -0.03661
0.05126 -0.03518
0.04446 -0.03334
0.038 -0.03113
0.03197 -0.02862
0.02647 -0.02594
0.02162 -0.023230
0.017450 -0.0206
0.01395 -0.01811
0.011040 -0.01578
0.00863 -0.01359
0.006640 -0.011550
0.00499 -0.00964
0.00363 -0.00784
0.00252 -0.00616
0.00162 -0.0045600
0.00091 -0.00305
0.00038 -0.00160
0.000086 -0.00022
-0.00012 0.00112000
0.000005 0.00247
0.00058 0.003720
0.00163 0.00472
0.00299 0.00548
0.00461 0.00608
0.00646 0.00660
0.00862 0.00709
0.01114 0.00757
0.01417 0.00806
0.01786 0.00857
0.02247 0.00911
0.02834 0.00968
0.03573 0.0103
0.04462 0.0109
0.05463 0.01138
0.06540 0.01165
0.076860 0.01174
0.0889 0.01171
0.101330 0.01163
0.11394 0.01153
0.12651 0.01144
0.13894 0.01139
0.151170 0.01141
0.1632 0.01154
0.17501 0.011780
0.186640 0.01218
0.19808 0.01275
0.20937 0.01351
0.22051 0.01447
0.2315200 0.01566
0.24242 0.01706
0.25322 0.01871
0.26393 0.02059
0.274550 0.02272
0.28508 0.02509
0.2955 0.02771
0.30576 0.03055
0.31578 0.03359
0.32541 0.03679
0.33442 0.04007
0.34258 0.04333
0.3497 0.0465
0.35576 0.04955
0.36085 0.05247
0.36508 0.05525
0.36936 0.0585
-Inserting Flap s1223rtl-
0.54506 0.14115
0.54427 0.13983
0.54311 0.13791
0.54168 0.13595
0.53985 0.13394
0.53757 0.13177
0.53476 0.12936
0.5314 0.12668
0.527540 0.12378
0.52328 0.12073
0.51873 0.1176
0.51401 0.11447
0.50919 0.11137
0.50431 0.10834
0.4994 0.1054
0.494460 0.10255
0.48946 0.09979
0.48439 0.097090
0.47922 0.094450
0.47393 0.09184
0.46851 0.08925
0.46296 0.08664
0.45733 0.084030
0.45166 0.08143
0.44602 0.078860
0.44051 0.07637
0.43519 0.07403
0.43016 0.0719
0.42546 0.07004
0.42105 0.06847
0.41687 0.0672
0.41286 0.06621
0.40897 0.06548
0.40519 0.06501
0.40149 0.0648
0.39787 0.06482
0.39436 0.06508
0.39098 0.06555
0.38778 0.0662
0.38483 0.06699
0.38218 0.067860
0.37989 0.06875
0.37793 0.06964
0.37628 0.07051
0.374890 0.07135
0.37372 0.07216
0.37273 0.07295
0.37189 0.0737
0.37118 0.07442
0.37059 0.07511
0.37010 0.07579
0.3697 0.07645
0.3694 0.077090
0.36919 0.07774
0.369120 0.07841
0.36929 0.07908
0.36971 0.07967
0.370310 0.08017
0.37104 0.08062
0.3719 0.08106
0.372910 0.0815
0.37411 0.08198
0.37554 0.08251
0.37731 0.08311
0.37952 0.08381
0.38234 0.08466
0.38591 0.08566
0.39022 0.08681
0.395080 0.088
0.40035 0.08916
0.405960 0.09029
0.41188 0.091430
0.41798 0.09258
0.42418 0.09373
0.43036 0.09488
0.43647 0.09605
0.44247 0.09722
0.44836 0.09843
0.45413 0.09968
0.4598 0.10098
0.465360 0.10236
0.47083 0.1038
0.47621 0.10534
0.4815 0.10697
0.48671 0.1087
0.49186 0.11054
0.49693 0.11249
0.50194 0.11454
0.50689 0.11671
0.51175 0.11899
0.51652 0.12136
0.521140 0.12381
0.52556 0.1263
0.529670 0.12877
0.53337 0.13115
0.53656 0.13339
0.53925 0.13546
0.54146 0.13738
0.543270 0.13915
0.54506 0.14115
-Inserting Flap s1223rtl-
0.66182 0.28143
0.661480 0.27993
0.66098 0.27774
0.660240 0.27542
0.65914 0.27294
0.65765 0.27017
0.65575 0.26699
0.65340 0.26340
0.65065 0.25943
0.64756 0.25519
0.64423 0.2508
0.64073 0.24634
0.63713 0.24188
0.6334600 0.23747
0.62972 0.233140
0.62592 0.22887
0.62205 0.22468
0.61808 0.22052
0.614 0.216390
0.6098 0.21225
0.60547 0.208080
0.601030 0.20387
0.5965 0.19962
0.59194 0.1953600
0.5874 0.19115
0.58294 0.18705
0.57863 0.18316
0.57453 0.17955
0.57065 0.1763
0.56696 0.17343
0.56339 0.17091
0.5599 0.16871
0.556440 0.1668
0.55299 0.16516
0.54954 0.16379
0.54611 0.16268
0.54269 0.16182
0.53934 0.1612
0.53609 0.16081
0.53304 0.16063
0.53026 0.16063
0.5278 0.16075
0.52566 0.16098
0.52382 0.16128
0.52224 0.16165
0.52087 0.16205
0.51968 0.16248
0.51865 0.16293
0.51775 0.16339
0.51697 0.16387
0.51629 0.16435
0.51571 0.16485
0.51522 0.16537
0.51482 0.165920
0.51454 0.16654
0.51449 0.16722
0.5147 0.16791
0.51511 0.16858
0.515660 0.16924
0.51635 0.16992
0.51717 0.17066
0.51815 0.17149
0.51935 0.17244
0.52083 0.17357
0.52271 0.17493
0.525130 0.17662
0.5282 0.1787
0.53193 0.18114
0.53617 0.1838
0.5408 0.18656
0.54577 0.1894
0.55103 0.192340
0.55647 0.19535
0.56199 0.19839
0.56749 0.20143
0.57292 0.204460
0.57824 0.20746
0.58346 0.21046
0.58855 0.21346
0.59352 0.216480
0.59837 0.219530
0.6031 0.22263
0.60772 0.22578
0.61223 0.22899
0.61664 0.23228
0.62094 0.23564
0.62515 0.239080
0.62926 0.242610
0.633260 0.24623
0.63717 0.24992
0.64094 0.25367
0.64456 0.25745
0.647980 0.2612
0.6511 0.26484
0.65386 0.268260
0.65619 0.27139
0.658080 0.2742
0.65959 0.27672
0.66075 0.27896
0.66182 0.28143
*.*.Setup: s1223rtl.txt as Flap 1, Inverted: y, Scale = 1.0, AoA = 9.0, Reposition from (0,0) = (0, 0)*.*.
*.*.Setup: s1223rtl.txt as Flap 2, Inverted: y, Scale = 0.5, AoA = 20.0, Reposition from previous T.E. = (0.0, 0.05), Reposition from (0,0) = (0.9877, 0.2064)*.*.
*.*.Setup: s1223rtl.txt as Flap 3, Inverted: y, Scale = 0.5, AoA = 38.333333333333336, Reposition from previous T.E. = (-0.08, 0.065), Reposition from (0,0) = (1.3775, 0.4424)*.*.
*.*.Setup: Scale Ratio = 0.37396*.*.