0.37138 -0.005270
0.37062 -0.00609
0.36911 -0.00767
0.366860 -0.010
0.364 -0.01292
0.36069 -0.01621
0.35706 -0.01967
0.35328 -0.02308
0.34947 -0.02628
0.34565 -0.02927
0.341820 -0.03206
0.33798 -0.03471
0.33414 -0.03722
0.3303 -0.03964
0.32646 -0.04198
0.32261 -0.04423
0.31876 -0.0464
0.3149 -0.04850
0.311050 -0.05053
0.307190 -0.05249
0.30333 -0.05439
0.29947 -0.05623
0.2956 -0.05801
0.29174 -0.05973
0.28787 -0.0614
0.284 -0.06301
0.28013 -0.06455
0.27625 -0.06603
0.27237 -0.06744
0.26849 -0.06880
0.26461 -0.0701
0.260730 -0.07136
0.25685 -0.07259
0.25296 -0.07379
0.24908 -0.07497
0.24519 -0.0761
0.2413 -0.0772
0.237410 -0.07825
0.23352 -0.07925
0.22963 -0.08019
0.22573 -0.08109
0.22183 -0.081940
0.21794 -0.08274
0.21404 -0.083500
0.21013 -0.08422
0.20623 -0.0849
0.20233 -0.08554
0.19842 -0.08614
0.19451 -0.08671
0.19061 -0.08724
0.1867 -0.08773
0.18279 -0.08817
0.17887 -0.08857
0.17496 -0.08893
0.17104 -0.08923
0.16713 -0.08949
0.16321 -0.0897
0.15929 -0.08987
0.15536 -0.08998
0.15144 -0.09005
0.14751 -0.09007
0.14359 -0.09004
0.13966 -0.08996
0.13572 -0.08983
0.13179 -0.089640
0.12786 -0.08942
0.12392 -0.08915
0.11998 -0.08884
0.11605 -0.08850
0.11211 -0.08811
0.108160 -0.08766
0.10422 -0.08715
0.10027 -0.08656
0.09632 -0.08587
0.092370 -0.0851
0.08841 -0.08424
0.08445 -0.08328
0.08049 -0.08224
0.07652 -0.08111
0.07255 -0.07987
0.06858 -0.078520
0.0646 -0.07703
0.06062 -0.07539
0.05663 -0.07359
0.05263 -0.07162
0.04863 -0.0695
0.04462 -0.06723
0.04061 -0.06481
0.0366 -0.06223
0.03257 -0.05943
0.02854 -0.05633
0.02449 -0.05285
0.02043 -0.04892
0.01637 -0.04450
0.01246 -0.03971
0.00886 -0.03473
0.005720 -0.02973
0.00322 -0.02488
0.0015 -0.02033
0.00044 -0.012610
0.00112 -0.00965
0.00261 -0.00742
0.0049 -0.006
0.00783 -0.00528
0.01125 -0.00513
0.015 -0.0054
0.01893 -0.00598
0.02288 -0.00672
0.026840 -0.00762
0.0308 -0.00865
0.03477 -0.00981
0.03874 -0.0111
0.04271 -0.0125
0.04669 -0.01401
0.05067 -0.01559
0.054660 -0.01725
0.05865 -0.018970
0.06263 -0.02073
0.066620 -0.02251
0.07061 -0.02432
0.0746 -0.026140
0.07859 -0.02795
0.082580 -0.02975
0.08657 -0.03153
0.09056 -0.03328
0.09454 -0.03501
0.09853 -0.03671
0.10251 -0.03837
0.1065 -0.03999
0.11048 -0.04158
0.11446 -0.04312
0.11844 -0.04462
0.12242 -0.04608
0.12639 -0.04749
0.13037 -0.04886
0.13434 -0.05018
0.13831 -0.05145
0.14228 -0.05268
0.14625 -0.05385
0.15021 -0.054970
0.154180 -0.05604
0.15814 -0.05706
0.1621 -0.05802
0.16606 -0.05892
0.1700100 -0.059770
0.17397 -0.060560
0.17792 -0.06128
0.18187 -0.06195
0.18582 -0.06255
0.18976 -0.0631
0.19371 -0.0636
0.19765 -0.06406
0.201590 -0.06447
0.20553 -0.06483
0.20947 -0.06514
0.21340 -0.065380
0.21734 -0.06556
0.22127 -0.06566
0.22519 -0.06569
0.22912 -0.06565
0.23304 -0.06553
0.23696 -0.065350
0.24088 -0.06509
0.244790 -0.06477
0.24871 -0.06437
0.25262 -0.06389
0.2565200 -0.06334
0.26043 -0.06271
0.26433 -0.0620
0.26823 -0.0612
0.27212 -0.06032
0.27602 -0.05935
0.27991 -0.05829
0.283790 -0.05715
0.28768 -0.0559
0.29156 -0.05456
0.29543 -0.05312
0.29931 -0.05157
0.30317 -0.04991
0.30704 -0.04817
0.3109 -0.046330
0.31476 -0.044410
0.31862 -0.04241
0.32247 -0.04033
0.32632 -0.03817
0.33017 -0.03594
0.33402 -0.033640
0.33786 -0.03125
0.3417 -0.02878
0.34554 -0.02619
0.34937 -0.023470
0.3532 -0.0206
0.35699 -0.01759
0.36063 -0.01457
0.36396 -0.01172
0.36683 -0.00921
0.36909 -0.0072
0.37061 -0.00585
0.37138 -0.005270
-Inserting Flap Ga2-
0.50355 0.08944
0.50345 0.089
0.50325 0.08815
0.50293 0.08689
0.50253 0.08531
0.50204 0.083510
0.50147 0.081590
0.50085 0.07965
0.50017 0.07778
0.49944 0.07598
0.49867 0.07424
0.49787 0.07256
0.49705 0.07092
0.4962 0.06931
0.495330 0.06774
0.49445 0.06619
0.49355 0.06466
0.49264 0.06317
0.49171 0.06169
0.49076 0.060240
0.48981 0.05881
0.488830 0.0574
0.48785 0.05601
0.4868600 0.05464
0.48585 0.05329
0.48483 0.05196
0.4838 0.05065
0.48275 0.04936
0.48169 0.0481
0.48062 0.04685
0.47953 0.04563
0.47844 0.04441
0.47734 0.043210
0.47624 0.04202
0.47513 0.04083
0.47401 0.03966
0.47288 0.0385
0.47174 0.03736
0.47059 0.03624
0.46943 0.03513
0.46826 0.03404
0.46708 0.03297
0.46589 0.031910
0.4647 0.03087
0.46349 0.02984
0.46227 0.02882
0.46105 0.02782
0.45981 0.02683
0.45857 0.02585
0.45733 0.02489
0.45607 0.02394
0.4548 0.023000
0.45353 0.02208
0.45224 0.02117
0.45095 0.020280
0.44964 0.01941
0.44833 0.01855
0.447 0.01771
0.44567 0.01689
0.44432 0.01608
0.44297 0.01529
0.4416 0.014510
0.44022 0.01375
0.43883 0.01301
0.437430 0.01229
0.43602 0.01158
0.43461 0.01089
0.433180 0.01021
0.43175 0.00954
0.43031 0.00889
0.42885 0.00825
0.42738 0.00764
0.4259 0.00706
0.42439 0.00650
0.42287 0.00598
0.42132 0.00549
0.41976 0.00503
0.41818 0.00459
0.41658 0.00419
0.41496 0.00383
0.41331 0.0035
0.41163 0.00322
0.40993 0.00299
0.40818 0.00282
0.40641 0.0027
0.4046 0.00264
0.40275 0.00262
0.40088 0.002660
0.39897 0.00275
0.39702 0.00291
0.395 0.00318
0.3929 0.00358
0.390710 0.004130
0.38842 0.00485
0.38611 0.00572
0.38387 0.00673
0.38178 0.00783
0.37994 0.00901
0.37843 0.01024
0.37653 0.01271
0.37617 0.01387
0.37624 0.01494
0.37675 0.015890
0.37762 0.01672
0.37877 0.017460
0.38013 0.01812
0.3816 0.0187
0.383120 0.01923
0.38467 0.01972
0.38625 0.02015
0.38786 0.02054
0.38949 0.02089
0.39115 0.0212
0.39283 0.02147
0.39452 0.021720
0.39624 0.02194
0.39796 0.02215
0.39969 0.02233
0.40143 0.02251
0.40318 0.02268
0.40492 0.02285
0.406670 0.02302
0.40841 0.0232
0.41014 0.02338
0.41188 0.02357
0.4136 0.02377
0.415320 0.02398
0.41704 0.0242
0.41874 0.02443
0.42044 0.02468
0.42213 0.02494
0.4238 0.02522
0.42547 0.02551
0.42713 0.02581
0.42878 0.02613
0.43042 0.02647
0.43205 0.026820
0.43367 0.02719
0.43528 0.02758
0.436880 0.02799
0.43847 0.02841
0.44004 0.02885
0.44161 0.02931
0.44316 0.02979
0.4447 0.03028
0.44623 0.0308
0.44774 0.03134
0.44924000 0.0319
0.45073 0.032480
0.45221 0.03308
0.45367 0.0337
0.45513 0.03433
0.45658 0.03497
0.45801 0.03563
0.45944 0.03632
0.46085 0.03702
0.46225 0.03774
0.46363 0.03849
0.465 0.03927
0.46635 0.04007
0.46769 0.04089
0.46901 0.041740
0.4703100 0.042610
0.47160 0.04351
0.47288 0.04443
0.47414 0.04538
0.47538 0.04635
0.476610 0.04735
0.47782 0.04838
0.479010 0.04943
0.48018 0.05052
0.48134 0.05163
0.48247 0.05277
0.48359 0.05395
0.48469 0.05516
0.48576 0.0564
0.48681 0.05767
0.48785 0.05898
0.48886 0.06033
0.48985 0.06171
0.49082 0.06312
0.491770 0.06456
0.4927 0.06602
0.493620 0.06751
0.49453 0.06903
0.49541 0.07057
0.49629 0.07214
0.49714 0.07373
0.49798 0.07536
0.49879 0.07702
0.49957 0.07873
0.50032 0.08049
0.50103 0.08229
0.50169 0.084060
0.50227 0.08572
0.50277 0.087160
0.50315 0.08831
0.5034 0.08908
0.50355 0.08944
-Inserting Flap Ga2-
0.60993 0.21888
0.60993 0.21844
0.60992 0.21756
0.60989 0.21627
0.60985 0.21463
0.60978 0.21277
0.60967 0.21077
0.60949 0.20874
0.60925 0.20676
0.60894 0.20484
0.608590 0.20298
0.60819 0.20116
0.60775 0.19938
0.60729 0.197620
0.6068 0.19589
0.60629 0.19418
0.6057500 0.1925
0.6052 0.19083
0.60462 0.18919
0.60403 0.18756
0.60342 0.18595
0.60279 0.184360
0.60214 0.18278
0.60148 0.18123
0.60081 0.17968
0.60011 0.17816
0.59940 0.17665
0.59867 0.17516
0.59792 0.17369
0.597160 0.17223
0.59638 0.17079
0.59559 0.16936
0.59478 0.16795
0.59398 0.16653
0.59316 0.16513
0.59233 0.16374
0.59149 0.16236
0.59064 0.160990
0.58978 0.15964
0.5889 0.1583
0.588 0.156970
0.5870900 0.15566
0.58617 0.15436
0.58524 0.15307
0.58429 0.1518
0.58334 0.15054
0.58237 0.14928
0.581390 0.148040
0.5804 0.146810
0.5794 0.145590
0.57839 0.1443800
0.57737 0.14318
0.5763300 0.1420
0.57529 0.14083
0.574220 0.13967
0.57315 0.13853
0.57206 0.13739
0.57096 0.13628
0.56984 0.13517
0.56871 0.13408
0.56757 0.133
0.56641 0.13194
0.56524 0.13089
0.56405 0.12986
0.56285 0.12884
0.56164 0.12783
0.56042 0.12684
0.55918 0.12586
0.55793 0.12488
0.55668 0.12392
0.55540 0.12297
0.55411 0.12205
0.55279 0.12115
0.55145 0.12027
0.55008 0.11942
0.54869 0.11859
0.547270 0.11779
0.54583 0.11701
0.54436 0.11626
0.54286 0.11554
0.54133 0.1148500
0.53976 0.1142
0.53814 0.11359
0.53648 0.11303
0.534780 0.11252
0.53303 0.11205
0.53124 0.111620
0.5294 0.11123
0.52753 0.11089
0.52558 0.11061
0.52356 0.11042
0.52143 0.11033
0.519160 0.11037
0.51677 0.11056
0.51432 0.1109
0.51191 0.11137
0.50963 0.11198
0.50757 0.11272
0.50583 0.11357
0.50341 0.115550
0.5028 0.1166
0.50263 0.11766
0.50291 0.1187
0.50357 0.11971
0.504530 0.12068
0.50571 0.12163
0.50701 0.12253
0.50837 0.12339
0.50977 0.12421
0.51121 0.12498
0.51269 0.12573
0.5142 0.12643
0.51575 0.12711
0.51732 0.12775
0.51892 0.12838
0.52054 0.12898
0.52217 0.12956
0.523820 0.13014
0.52548 0.1307
0.52714 0.13126
0.5288 0.13182
0.53046 0.13238
0.53212 0.13294
0.533770 0.13351
0.53542 0.13408
0.537050 0.13466
0.53868 0.13525
0.5403 0.13586
0.5419100 0.13647
0.54351 0.13709
0.545090 0.13772
0.54667 0.13837
0.54823 0.13903
0.54978 0.1397
0.55131 0.14038
0.55283 0.14108
0.55434 0.14179
0.55584 0.14252
0.55732 0.14326
0.55878 0.14401
0.56024 0.14478
0.56167 0.14556
0.56309 0.14636
0.5645 0.14718
0.56589 0.14801
0.56726 0.14886
0.56861 0.1497200
0.56995 0.15061
0.571270 0.15151
0.57257 0.15242
0.57386 0.153350
0.57514 0.15429
0.5764 0.15525
0.57766 0.15622
0.57889 0.1572
0.58011 0.1582
0.58131 0.15922
0.58249 0.16027
0.58364 0.16133
0.58478 0.16241
0.5859 0.16352
0.58699 0.164640
0.58807 0.16578
0.58913 0.16695
0.59016 0.168130
0.59118 0.169340
0.592170 0.17056
0.59314 0.17181
0.59408 0.17309
0.59501 0.17438
0.59591 0.1757
0.59678 0.17705
0.59763 0.17842
0.59846 0.17981
0.59925 0.18124
0.60002 0.18269
0.60076 0.18417
0.60147 0.18568
0.60215 0.18722
0.60281 0.18878
0.60343 0.19037
0.60404 0.19199
0.60462 0.19363
0.60518 0.19529
0.60572 0.19697
0.60624 0.19867
0.60673 0.20039
0.60721 0.20214
0.60766 0.20391
0.60807 0.20571
0.608450 0.20755
0.60879 0.20944
0.60908 0.21136
0.60932 0.21323
0.60951 0.21497
0.60967 0.21649
0.60978 0.21769
0.60986 0.2185
0.60993 0.21888
*.*.Setup: Ga2.txt as Flap 1, Inverted: y, Scale = 1.0, AoA = 2.0, Reposition from (0,0) = (0, 0)*.*.
*.*.Setup: Ga2.txt as Flap 2, Inverted: y, Scale = 0.4, AoA = 32.0, Reposition from previous T.E. = (0.0067, 0.06), Reposition from (0,0) = (1.0078, 0.0458)*.*.
*.*.Setup: Ga2.txt as Flap 3, Inverted: y, Scale = 0.4, AoA = 45.0, Reposition from previous T.E. = (-0.01, 0.08), Reposition from (0,0) = (1.3474, 0.3211)*.*.
*.*.Setup: Scale Ratio = 0.37097*.*.