0.3712400000 -0.01824
0.37045 -0.01903
0.36888 -0.02056
0.36655 -0.02282
0.36359 -0.02564
0.36016 -0.02881
0.35642 -0.03214
0.35252 -0.03542
0.34859 -0.03849
0.344670 -0.04134
0.34074 -0.04401
0.33681 -0.04651
0.33288 -0.0489
0.32896 -0.05119
0.32503 -0.05339
0.3211 -0.0555
0.31718 -0.05754
0.31325 -0.0595
0.30932 -0.0614
0.3054 -0.06323
0.30147 -0.06499
0.29754 -0.06669
0.29361 -0.06834
0.28969 -0.06993
0.28576 -0.071460
0.28183 -0.07293
0.277910 -0.07434
0.27398 -0.07569
0.27005 -0.07696
0.26612 -0.07818
0.2622 -0.07935
0.25827 -0.08048
0.254340 -0.08157
0.25042 -0.08264
0.24649 -0.083670
0.24256 -0.08468
0.23863 -0.08564
0.23471 -0.08655
0.230780 -0.08741
0.22685 -0.088220
0.22293 -0.08898
0.219 -0.0897
0.21507 -0.09037
0.21115 -0.09099
0.20722 -0.09157
0.20329 -0.09212
0.19936 -0.09262
0.19544 -0.09309
0.19151 -0.09352
0.18758 -0.09391
0.18366 -0.09426
0.17973 -0.09457
0.1758 -0.09483
0.17187 -0.09505
0.16795 -0.09522
0.16402 -0.09534
0.16009 -0.09541
0.15617 -0.09544
0.15224 -0.09542
0.14831 -0.09535
0.14439 -0.09524
0.140460 -0.09507
0.13653 -0.09485
0.1326 -0.09458
0.12868 -0.09426
0.12475 -0.09389
0.12082 -0.09349
0.11690 -0.09304
0.11297 -0.09256
0.10904 -0.09204
0.10511 -0.09145
0.10119 -0.09080
0.09726 -0.090070
0.093330 -0.08925
0.08941 -0.08834
0.08548 -0.08734
0.08155 -0.08624
0.07762 -0.08506
0.0737 -0.08379
0.06977 -0.08242
0.06584 -0.08092
0.06192 -0.07929
0.05799 -0.0775100
0.05406 -0.07557
0.05014 -0.0734700
0.04621 -0.071210
0.04228 -0.06879
0.03835 -0.06623
0.03443 -0.06351
0.0305 -0.06057
0.026570 -0.05733
0.02265 -0.053710
0.01872 -0.04964
0.01482 -0.04507
0.01107 -0.04015
0.00764 -0.03505
0.00469 -0.02993
0.00236 -0.02499
0.00079 -0.02038
0.000000 -0.01263
0.00079 -0.00969
0.00236 -0.00751
0.00469 -0.00617
0.00764 -0.00555
0.01107 -0.00552
0.01482 -0.00593
0.01872 -0.00664
0.02265 -0.00752
0.026570 -0.00856
0.0305 -0.00973
0.03443 -0.01103
0.03835 -0.01246
0.04228 -0.014
0.04621 -0.01564
0.05014 -0.01736
0.05406 -0.01916
0.05799 -0.02102
0.06192 -0.02292
0.06584 -0.02484
0.06977 -0.02679
0.0737 -0.02875
0.07762 -0.0307
0.08155 -0.03264
0.08548 -0.03455
0.08941 -0.03645
0.093330 -0.03832
0.09726 -0.04015
0.10119 -0.04195
0.10511 -0.04372
0.10904 -0.04544
0.11297 -0.04712
0.11690 -0.04876
0.12082 -0.05036
0.12475 -0.051910
0.12868 -0.05342
0.1326 -0.05488
0.13653 -0.056290
0.140460 -0.0576500
0.14439 -0.05897
0.14831 -0.06023
0.15224 -0.06143
0.15617 -0.06259
0.16009 -0.06369
0.16402 -0.06473
0.16795 -0.06572
0.17187 -0.06664
0.1758 -0.0675
0.17973 -0.06831
0.18366 -0.06905
0.18758 -0.069740
0.19151 -0.070380
0.19544 -0.07097
0.19936 -0.07152
0.20329 -0.072020
0.20722 -0.07246
0.21115 -0.07284
0.21507 -0.07316
0.219 -0.0734
0.22293 -0.07357
0.22685 -0.07366
0.230780 -0.07368
0.23471 -0.07363
0.23863 -0.07352
0.24256 -0.07333
0.24649 -0.073060
0.25042 -0.07272
0.254340 -0.07231
0.25827 -0.07181
0.2622 -0.07124
0.26612 -0.07057
0.27005 -0.06983
0.27398 -0.069
0.277910 -0.06808
0.28183 -0.06707
0.28576 -0.06596
0.28969 -0.06475
0.29361 -0.06344
0.29754 -0.06203
0.30147 -0.06051
0.3054 -0.0589
0.30932 -0.05719
0.31325 -0.05541
0.31718 -0.05354
0.3211 -0.051590
0.32503 -0.04957
0.32896 -0.04748
0.33288 -0.04531
0.33681 -0.04306
0.34074 -0.04072
0.344670 -0.03827
0.34859 -0.03568
0.35252 -0.032940
0.35642 -0.03006
0.36016 -0.02717
0.36359 -0.02443
0.36655 -0.02202
0.36888 -0.02010
0.37045 -0.0188
0.3712400000 -0.01824
-Inserting Flap Ga2-
0.49114 0.076530
0.49104 0.07610
0.490830 0.07525
0.49052 0.07399
0.49011 0.07241
0.48962 0.07060
0.48906 0.06868
0.48843 0.06674
0.48775 0.06487
0.48702 0.063070
0.48625 0.06133
0.48545 0.059650
0.48462 0.05801
0.48378 0.0564
0.48291 0.05482
0.48203 0.05327
0.48113 0.05174
0.480210 0.05025
0.47928 0.04877
0.47834 0.04732
0.47738 0.04589
0.47641 0.04448
0.47542 0.04309
0.47443 0.04172
0.47342 0.04036
0.472400 0.03903
0.47137 0.03772
0.47032 0.03643
0.46926 0.03517
0.46819 0.03392
0.4671 0.03269
0.46601 0.03148
0.46491 0.030270
0.4638 0.02908
0.46269 0.0279
0.46157 0.02672
0.46044 0.02557
0.4593 0.02442
0.45815 0.0233
0.45699 0.02219
0.45582 0.0211
0.45464 0.02003
0.45345 0.018970
0.452250 0.01792
0.45104 0.01689
0.44982 0.01588
0.4486 0.01487
0.44737 0.01388
0.446130 0.0129
0.44488 0.01194
0.44362 0.01099
0.44235 0.01005
0.44108 0.00913
0.43979 0.00822
0.43849 0.007330
0.43719 0.00646
0.43587 0.0056
0.43454 0.00476
0.43321 0.00393
0.43186 0.00312
0.4305 0.00233
0.42914 0.001560
0.42776 0.0008
0.42637 6e-05
0.42497 -0.00067
0.42356 -0.00138
0.42214 -0.00207
0.42071 -0.00275
0.41928 -0.00342
0.417840 -0.00408
0.41638 -0.00471
0.41491 -0.00532
0.41342 -0.00591
0.41192 -0.00646
0.41039 -0.00698
0.40885 -0.00748
0.40728 -0.00794
0.4057 -0.00837
0.4041 -0.00877
0.40248 -0.00914
0.40083 -0.00946
0.39915 -0.00974
0.397440 -0.00997
0.3957 -0.01014
0.39392 -0.01026
0.39211 -0.01033
0.39026 -0.01034
0.38839 -0.010310
0.38648 -0.01022
0.38452 -0.01005
0.382510 -0.00978
0.38041 -0.009390
0.37821 -0.008840
0.375920 -0.00812
0.37361 -0.00724
0.37136 -0.00624
0.36927 -0.00513
0.36744 -0.003950
0.365930 -0.00272
0.36402 -0.00025
0.36366 0.00091
0.36373 0.00198
0.36424 0.00293
0.36511 0.00377
0.36627 0.00451
0.36762 0.00516
0.3691 0.00575
0.37062 0.00628
0.37217 0.00676
0.37375 0.0072
0.37536 0.007590
0.37699 0.00794
0.378650 0.00825
0.38033 0.00852
0.38203 0.008770
0.38374 0.00899
0.38547 0.00919
0.3872 0.00938
0.38894 0.00956
0.39069 0.00973
0.39243 0.0099
0.39418 0.01007
0.39592 0.01025
0.397660 0.01043
0.399390 0.01062
0.40112 0.010820
0.40284 0.01103
0.40456 0.01125
0.40626 0.01148
0.40796 0.0117300
0.40965 0.01199
0.411330 0.01227
0.4130 0.012560
0.41466 0.01286
0.41631 0.01319
0.41795 0.01352
0.41958 0.01388
0.42121 0.01425
0.42282 0.01463
0.42442 0.01504
0.4260 0.015460
0.42758 0.0159
0.42915 0.01636
0.4307 0.01684
0.43224 0.01734
0.43377 0.01786
0.43528 0.0184
0.43679 0.01896
0.43827 0.01954
0.43975 0.02014
0.44122 0.02075
0.44268 0.02138
0.44413 0.02203
0.445560 0.022690
0.44699 0.02338
0.4484 0.02408
0.4498 0.0248
0.45119 0.02555
0.45255 0.02633
0.45391 0.02713
0.45524 0.02796
0.456560 0.0288
0.45787 0.02968
0.45916 0.03057
0.460440 0.0315
0.4617 0.032440
0.46294 0.03342
0.46417 0.03442
0.46538 0.03544
0.46657 0.0365
0.46775 0.03759
0.4689 0.0387
0.470040 0.03985
0.471160 0.04102
0.47226 0.04223
0.47333 0.04347
0.47439 0.04475
0.47542 0.04606
0.47643 0.04741
0.47742 0.04879
0.47839 0.0502
0.4793400 0.051640
0.48028 0.0531
0.4812 0.05459
0.4821 0.05611
0.48299 0.05766
0.48386 0.05922
0.484720 0.06082
0.48556 0.06244
0.486370 0.06411
0.48715 0.06582
0.4879 0.06758
0.48862 0.06939
0.48927 0.07116
0.48986 0.07281
0.49035 0.07426
0.49073 0.07541
0.49099 0.07618
0.49114 0.076530
-Inserting Flap Ga2-
0.60381 0.21077
0.60387 0.21032
0.60396 0.20945
0.60409 0.20816
0.60424 0.20653
0.60438 0.20467
0.6045 0.20267
0.604560 0.20063
0.60455 0.19864
0.60447 0.1967
0.60433 0.1948
0.60414 0.19295
0.60392 0.19113
0.60366 0.18933
0.60338 0.18755
0.60307 0.18579
0.60273 0.18405
0.60237 0.18233
0.60199 0.18063
0.60159 0.17895
0.60117 0.17728
0.60073 0.17562
0.60027 0.17398
0.5998 0.17235
0.5993 0.17074
0.59879 0.16914
0.59826 0.16756
0.59771 0.166
0.59713 0.164450
0.59654 0.16291
0.59593 0.16139
0.59531 0.15988
0.59468 0.15838
0.59404 0.15688
0.59339 0.15539
0.59273 0.15391
0.59206 0.15244
0.59137 0.15098
0.59067 0.14953
0.58995 0.1481
0.58921 0.14668
0.58846 0.14527
0.5877 0.14387
0.58692 0.14248
0.58613 0.14111
0.585320 0.13974
0.58451 0.13838
0.58368 0.13704
0.582840 0.1357
0.58199 0.13437
0.58113 0.13305
0.58025 0.13174
0.57936 0.13044
0.57845 0.12916
0.57753 0.12788
0.57659 0.12662
0.57564 0.12537
0.57468 0.12413
0.5737 0.1229
0.5727 0.12169
0.57169 0.12048
0.57066 0.119290
0.56962 0.11812
0.56856 0.116950
0.56749 0.1158
0.5664 0.11466
0.56529 0.11353
0.56418 0.11240
0.56306 0.11129
0.56192 0.11019
0.560760 0.1091
0.55958 0.10803
0.55838 0.106980
0.55715 0.1059500
0.55589 0.104950
0.5546 0.103960
0.55328 0.1030
0.55194 0.102060
0.55056 0.10114
0.54916 0.100250
0.54771 0.099390
0.54623 0.0985600
0.5447 0.097770
0.543110 0.09702
0.54148 0.09631
0.53979 0.09564
0.53806 0.09501
0.53628 0.09441
0.53446 0.09385
0.53256 0.09335
0.53057 0.09292
0.52846 0.09259
0.52621 0.09237
0.52381 0.09228
0.52133 0.09232
0.51888 0.0925100
0.5165400 0.09285
0.51441 0.09335
0.51258 0.094
0.509950 0.09568
0.509220 0.09665
0.50893 0.09768
0.50908 0.09875
0.50963 0.09983
0.51047 0.10091
0.51152 0.10199
0.51271 0.10304
0.513970 0.10405
0.51526 0.10502
0.51661 0.10597
0.51799 0.10687
0.51941 0.10775
0.52087 0.1086
0.52236 0.10943
0.523870 0.11023
0.52541 0.11102
0.52697 0.11179
0.52854 0.11255
0.53012 0.1133
0.53170 0.11405
0.53329 0.1148
0.534880 0.11555
0.53646 0.1163
0.53804 0.11706
0.5396 0.11782
0.54116 0.11859
0.54272 0.119360
0.54425 0.12015
0.54578 0.12094
0.5473 0.12175
0.5488 0.12256
0.55029 0.123390
0.55176 0.12422
0.55323 0.12507
0.55467 0.12593
0.55610 0.12680
0.55752 0.12768
0.55892 0.12858
0.56031 0.12948
0.56168 0.1304
0.56303 0.13133
0.56437 0.13228
0.56569 0.13324
0.56699 0.13421
0.56827 0.13520
0.56954 0.1362
0.57078 0.13722
0.572010 0.13826
0.57322 0.1393
0.57441 0.14036
0.57558 0.141440
0.57674 0.14252
0.57789 0.14362
0.57902 0.14473
0.58013 0.14585
0.58123 0.14699
0.5823 0.14814
0.58335 0.14931
0.58438 0.1505
0.58538 0.15171
0.58636 0.15294
0.58732 0.15418
0.58826 0.15545
0.58917 0.15672
0.59006 0.15802
0.59093 0.15934
0.59178 0.16067
0.59259 0.16203
0.59339 0.16340
0.59415 0.16480
0.59489 0.16622
0.59561 0.16766
0.59629 0.16912
0.59695 0.1706
0.59758 0.17211
0.59817 0.17364
0.59874 0.1752
0.59927 0.17678
0.59976 0.17839
0.60023 0.18002
0.60067 0.18167
0.60109 0.18335
0.60148 0.18505
0.60184 0.18676
0.60218 0.18849
0.6025 0.19025
0.60279 0.19202
0.60306 0.19381
0.6033 0.19562
0.6035 0.19746
0.60367 0.19933
0.60378 0.20125
0.60384 0.20318
0.60387 0.205080
0.60386 0.20683
0.60384 0.20836
0.60381 0.20957
0.60379 0.21038
0.60381 0.21077
*.*.Setup: Ga2.txt as Flap 1, Inverted: y, Scale = 1.0, AoA = 0.0, Reposition from (0,0) = (0, 0)*.*.
*.*.Setup: Ga2.txt as Flap 2, Inverted: y, Scale = 0.4, AoA = 32.0, Reposition from previous T.E. = (-0.0267, 0.06), Reposition from (0,0) = (0.9733, 0.0109)*.*.
*.*.Setup: Ga2.txt as Flap 3, Inverted: y, Scale = 0.4, AoA = 51.666666666666664, Reposition from previous T.E. = (0.04, 0.06), Reposition from (0,0) = (1.363, 0.2662)*.*.
*.*.Setup: Scale Ratio = 0.37124*.*.