0.355700000 -0.01748
0.35495 -0.01824
0.35344 -0.0197
0.35121 -0.02186
0.34838 -0.02456
0.34509 -0.0276
0.3415 -0.03079
0.33777 -0.03394
0.334 -0.03688
0.330240 -0.03961
0.32648 -0.04216
0.32272 -0.04457
0.31895 -0.04685
0.31519 -0.04904
0.31143 -0.05115
0.30767 -0.05318
0.3039 -0.05513
0.30014 -0.05701
0.29638 -0.05883
0.29261 -0.06058
0.28885 -0.06227
0.28509 -0.0639
0.28133 -0.06548
0.27756 -0.067
0.2738 -0.068470
0.27004 -0.06988
0.266280 -0.07123
0.26251 -0.07252
0.25875 -0.07374
0.25499 -0.07491
0.25122 -0.07603
0.24746 -0.07711
0.24370 -0.07816
0.23994 -0.07918
0.23617 -0.080170
0.23241 -0.08113
0.22865 -0.08205
0.22489 -0.08293
0.221120 -0.08375
0.21736 -0.084530
0.2136 -0.08526
0.20983 -0.08594
0.20607 -0.08658
0.20231 -0.08718
0.19855 -0.08774
0.19478 -0.08826
0.19102 -0.08874
0.18726 -0.08919
0.1835 -0.0896
0.17973 -0.08998
0.17597 -0.09031
0.17221 -0.09061
0.16844 -0.09086
0.16468 -0.09107
0.16092 -0.09123
0.15716 -0.09135
0.15339 -0.09142
0.14963 -0.09145
0.14587 -0.09143
0.14211 -0.09136
0.13834 -0.09125
0.134580 -0.09109
0.13082 -0.09088
0.12705 -0.09062
0.12329 -0.09031
0.11953 -0.08996
0.11577 -0.08957
0.1120 -0.08915
0.10824 -0.08869
0.10448 -0.08818
0.10072 -0.08763
0.09695 -0.0870
0.09319 -0.08630
0.089430 -0.08551
0.08566 -0.08464
0.0819 -0.08368
0.07814 -0.08264
0.07438 -0.0815
0.07061 -0.08029
0.06685 -0.07897
0.06309 -0.07754
0.05933 -0.07598
0.05556 -0.0742700
0.0518 -0.07241
0.04804 -0.0703900
0.04427 -0.068230
0.04051 -0.06591
0.03675 -0.06346
0.03299 -0.06086
0.02922 -0.05804
0.025460 -0.05493
0.0217 -0.051470
0.01794 -0.04756
0.0142 -0.04319
0.01061 -0.03847
0.00732 -0.03358
0.00449 -0.02868
0.00226 -0.02395
0.00075 -0.01953
0.000000 -0.0121
0.00075 -0.00928
0.00226 -0.0072
0.00449 -0.00591
0.00732 -0.00532
0.01061 -0.00529
0.0142 -0.00568
0.01794 -0.00636
0.0217 -0.00721
0.025460 -0.0082
0.02922 -0.00932
0.03299 -0.01057
0.03675 -0.01193
0.04051 -0.01341
0.04427 -0.01498
0.04804 -0.01664
0.0518 -0.01836
0.05556 -0.02014
0.05933 -0.02196
0.06309 -0.0238
0.06685 -0.02567
0.07061 -0.02754
0.07438 -0.02941
0.07814 -0.03127
0.0819 -0.03311
0.08566 -0.03492
0.089430 -0.03671
0.09319 -0.03847
0.09695 -0.0402
0.10072 -0.04189
0.10448 -0.04354
0.10824 -0.04515
0.1120 -0.04672
0.11577 -0.04825
0.11953 -0.049740
0.12329 -0.05118
0.12705 -0.05258
0.13082 -0.053940
0.134580 -0.0552400
0.13834 -0.0565
0.14211 -0.05771
0.14587 -0.05886
0.14963 -0.05997
0.15339 -0.06102
0.15716 -0.06202
0.16092 -0.06297
0.16468 -0.06385
0.16844 -0.06468
0.17221 -0.06545
0.17597 -0.06616
0.17973 -0.066820
0.1835 -0.067430
0.18726 -0.068
0.19102 -0.06852
0.19478 -0.0690
0.19855 -0.06943
0.20231 -0.0698
0.20607 -0.0701
0.20983 -0.07033
0.2136 -0.07049
0.21736 -0.07058
0.221120 -0.0706
0.22489 -0.07055
0.22865 -0.07044
0.23241 -0.07026
0.23617 -0.070010
0.23994 -0.06968
0.24370 -0.06928
0.24746 -0.06881
0.25122 -0.06825
0.25499 -0.06762
0.25875 -0.06691
0.26251 -0.06611
0.266280 -0.06523
0.27004 -0.06426
0.2738 -0.0632
0.27756 -0.06204
0.28133 -0.06079
0.28509 -0.05943
0.28885 -0.05798
0.29261 -0.05643
0.29638 -0.0548
0.30014 -0.05309
0.3039 -0.0513
0.30767 -0.049440
0.31143 -0.0475
0.31519 -0.04549
0.31895 -0.04341
0.32272 -0.04126
0.32648 -0.03901
0.330240 -0.03666
0.334 -0.03419
0.33777 -0.031560
0.3415 -0.0288
0.34509 -0.02603
0.34838 -0.02341
0.35121 -0.0211
0.35344 -0.019250
0.35495 -0.01801
0.355700000 -0.01748
-Inserting Flap Ga2-
0.49988 0.06223
0.49975 0.06182
0.49948 0.06103
0.49907 0.05985
0.49855 0.05837
0.49794 0.05669
0.49724 0.0549
0.49647 0.0531
0.495670 0.05137
0.49482 0.04972
0.49395 0.04812
0.49304 0.04658
0.4921100 0.04509
0.49117 0.04362
0.49021 0.04219
0.489240 0.04078
0.48825 0.0394
0.48725 0.03805
0.48624 0.03672
0.48522 0.035410
0.48419 0.03412
0.48314 0.03286
0.48209 0.03161
0.48102 0.03039
0.47995 0.029180
0.47886 0.028
0.47777 0.02683
0.47666 0.025690
0.47554 0.02457
0.47441 0.02347
0.47327 0.022390
0.47213 0.02132
0.47098 0.02026
0.46982 0.01922
0.46866 0.01818
0.4675 0.01715
0.46632 0.01614
0.46514 0.01515
0.46395 0.01417
0.46275 0.01321
0.46154 0.01227
0.46032 0.01134
0.4591 0.01043
0.45787 0.00953
0.45663 0.00865
0.45538 0.00778
0.45413 0.00692
0.45287 0.00608
0.4516 0.00525
0.45033 0.00443
0.44905 0.00363
0.44776 0.002840
0.44646 0.00207
0.4451600 0.00131
0.44385 0.00057
0.44253 -0.00015
0.4412 -0.00086
0.43987 -0.00156
0.43852 -0.00223
0.43717 -0.00289
0.43581 -0.00354
0.43444 -0.00416
0.43306 -0.00477
0.43167 -0.00536
0.43027 -0.00594
0.42887 -0.00649
0.42746 -0.00704
0.42604 -0.00757
0.42461 -0.00809
0.42318 -0.00859
0.42174 -0.00908
0.420280 -0.00954
0.41882 -0.00997
0.41733 -0.01037
0.41583 -0.01075
0.41432 -0.01109
0.41279 -0.0114
0.41124 -0.01168
0.40968 -0.01193
0.4081 -0.01214
0.4065 -0.012310
0.404870 -0.01244
0.40322 -0.01252
0.40154 -0.01254
0.399830 -0.0125
0.3981 -0.01241
0.39634 -0.01227
0.394550 -0.01208
0.392740 -0.01184
0.39089 -0.01151
0.38898 -0.01109
0.38701 -0.01054
0.38496 -0.00983
0.38283 -0.00895
0.3807 -0.00792
0.37864 -0.00677
0.37674 -0.00554
0.37508 -0.004260
0.37375 -0.00296
0.37213 -0.00045
0.37188 0.00069
0.37204 0.00171
0.3726 0.00257
0.37351 0.0033
0.37467 0.00391
0.37602 0.00442
0.37748 0.00485
0.37897 0.00523
0.38049 0.00557
0.38204 0.00585
0.38361 0.00609
0.3852 0.00628
0.3868 0.00644
0.38843 0.00656
0.39007 0.00666
0.39173 0.00673
0.39339 0.00678
0.39506 0.00681
0.39674 0.00684
0.39842 0.00685
0.4001 0.00687
0.40178 0.006890
0.40346 0.00691
0.40513 0.00694
0.4068 0.00697
0.40847 0.00702
0.41013 0.00707
0.41178 0.00714
0.41343 0.007220
0.41507 0.00732
0.41671 0.00743
0.41833 0.00755
0.41995 0.00769
0.42156 0.00784
0.42317 0.00801
0.424760 0.0082
0.426350 0.0084
0.42793 0.00861
0.4295 0.008850
0.43106 0.00910
0.43261 0.00937
0.43415 0.00966
0.43568 0.009970
0.4372 0.01030
0.43872 0.01064
0.44022 0.01101
0.44171 0.0114
0.44319 0.01181
0.44466 0.012240
0.44612 0.01269
0.44757 0.01315
0.44902 0.013630
0.450450 0.01413
0.45188 0.01464
0.4533 0.01517
0.454710 0.01573
0.4561 0.0163
0.45749 0.0169
0.45886 0.01753
0.46021 0.01818
0.4615600 0.01886
0.46289 0.01956
0.46421 0.02028
0.46552 0.02103
0.46682 0.0218
0.4681 0.0226
0.46937 0.02343
0.47062 0.02428
0.47186 0.02516
0.47309 0.02607
0.4743 0.02701
0.47550 0.02797
0.4766800 0.02897
0.47784 0.03
0.47899 0.03106
0.48012 0.03216
0.48123 0.03329
0.482330 0.034450
0.48341 0.03565
0.48447000 0.03689
0.48551 0.03815
0.48654 0.03945
0.487560 0.04077
0.48856 0.0421200
0.489550 0.04349
0.49053 0.04489
0.49149 0.04631
0.49244 0.04776
0.49337 0.04925
0.49429 0.05077
0.49518 0.05233
0.49604 0.05395
0.496870 0.05561
0.497650 0.05725
0.49834 0.058780
0.49894 0.06012
0.49940 0.06119
0.49971 0.0619
0.49988 0.06223
-Inserting Flap Ga2-
0.60784 0.19084
0.60789 0.19042
0.60798 0.18958
0.6081 0.1883400
0.60824 0.18679
0.60838 0.185
0.60849 0.18308
0.60855 0.18113
0.60854 0.17922
0.60847 0.17736
0.608330 0.17555
0.60815 0.17377
0.60794 0.17202
0.60769 0.1703
0.60742 0.1686
0.60712 0.16691
0.6068 0.16525
0.60646 0.1636
0.60609 0.16197
0.60571 0.16035
0.60531 0.15875
0.60489 0.15717
0.60445 0.1556
0.60399 0.15404
0.60352 0.15249
0.60303 0.15096
0.60252 0.14945
0.60199 0.14795
0.60144 0.14646
0.60087 0.14499
0.60029 0.14353
0.59969 0.142090
0.59909 0.1406400
0.59848 0.13921
0.59785 0.13778
0.59722 0.13636
0.59658 0.13496
0.59592 0.13356
0.59524 0.13217
0.59455 0.1308
0.59385 0.12944
0.59313 0.12809
0.5924 0.126750
0.59165 0.12542
0.59089 0.1241
0.59012 0.12279
0.58934 0.12149
0.58855 0.1202
0.58774 0.11892
0.58693 0.117640
0.5861 0.11638
0.58526 0.115120
0.58441 0.11388
0.58354 0.11265
0.58265 0.11143
0.58176 0.11022
0.58085 0.10902
0.57992 0.10783
0.57898 0.10666
0.57803 0.10549
0.57706 0.10434
0.57608 0.1032
0.57508 0.10207
0.574060 0.10095
0.57303 0.09985
0.57199 0.09875
0.57093 0.09767
0.56987 0.0966
0.56879 0.09553
0.5677 0.09447
0.56659 0.09343
0.56546 0.09241
0.56430 0.0914
0.56312 0.09041
0.56192 0.08945
0.56068 0.08851
0.55942 0.08759
0.55813 0.08669
0.55682 0.08581
0.55547 0.08495
0.55409 0.08413
0.55266 0.08334
0.55119 0.08258
0.54968 0.08186
0.54811 0.081180
0.54650 0.08054
0.54484 0.07993
0.54314 0.07936
0.54138 0.07882
0.53957 0.07834
0.53766 0.07793
0.53564 0.07761
0.53348 0.0774
0.53118 0.07731
0.52881 0.07735
0.52646 0.07754
0.52422 0.0778600
0.52218 0.07834
0.52042 0.07896
0.5179 0.08057
0.5172 0.0815
0.516920 0.08249
0.51707 0.08351
0.51759 0.08455
0.5184 0.08559
0.519410 0.08662
0.52055 0.087620
0.52175 0.08859
0.52299 0.08953
0.524280 0.09043
0.52561 0.09130
0.52697 0.09214
0.52836 0.09295
0.52979 0.09374
0.53124 0.09451
0.53272 0.09527
0.53421 0.096010
0.53571 0.09674
0.53723 0.09746
0.53875 0.09818
0.54027 0.09889
0.54179 0.09961
0.54330 0.100330
0.54481 0.10105
0.54632 0.101780
0.54781 0.10252
0.54930 0.10327
0.55077 0.104020
0.55224 0.104780
0.55369 0.10555
0.555130 0.10633
0.55655 0.10712
0.55797 0.10792
0.55937 0.10873
0.56075 0.10956000
0.56213 0.11039
0.56348 0.111240
0.564830 0.11209
0.56616 0.112960
0.56747 0.11384
0.56876 0.11474
0.570050 0.11564
0.57131 0.11656
0.57256 0.11749
0.57379 0.11844
0.575 0.1194
0.57619 0.12038
0.57736 0.12137
0.578520 0.12237
0.57966 0.12339
0.580790 0.12442
0.5819 0.12546
0.583 0.126510
0.58408 0.12757
0.58515 0.12864
0.5862 0.129730
0.58723 0.13084
0.58823 0.13196
0.58921 0.1331
0.59018 0.13426
0.59112 0.13544
0.59204 0.13663
0.59293 0.13784
0.59381 0.13906
0.59466 0.14031
0.5955 0.14157
0.5963 0.14285
0.597090 0.14414
0.59785 0.14546
0.59858 0.1468
0.59929 0.14816
0.59998 0.14954
0.60063 0.15094
0.60126 0.15236
0.60186 0.1538
0.60243 0.15527
0.60297 0.15676
0.60348 0.15828
0.60396 0.15982
0.60441 0.1613800
0.60483 0.16297
0.60523 0.164570
0.6056 0.1662
0.60595 0.16784
0.60627 0.1695
0.606580 0.17118
0.606860 0.17288
0.60711 0.17459
0.60734 0.176330
0.60754 0.17809
0.6077 0.17989
0.60781 0.18172
0.60787 0.18358
0.60789 0.18539
0.60788 0.187070
0.60786 0.18853
0.607840 0.18969
0.60782 0.19047
0.60784 0.19084
*.*.Setup: Ga2.txt as Flap 1, Inverted: y, Scale = 1.0, AoA = 0.0, Reposition from (0,0) = (0, 0)*.*.
*.*.Setup: Ga2.txt as Flap 2, Inverted: y, Scale = 0.4, AoA = 27.0, Reposition from previous T.E. = (0.04, 0.06), Reposition from (0,0) = (1.04, 0.0109)*.*.
*.*.Setup: Ga2.txt as Flap 3, Inverted: y, Scale = 0.4, AoA = 51.666666666666664, Reposition from previous T.E. = (0.04, 0.06), Reposition from (0,0) = (1.4453, 0.2349)*.*.
*.*.Setup: Scale Ratio = 0.3557*.*.