0.3710500000 -0.01823
0.37026 -0.01902
0.36869 -0.02055
0.36636 -0.02281
0.3634 -0.02562
0.35998 -0.02879
0.35623 -0.03212
0.35234 -0.0354
0.34841 -0.03847
0.344490 -0.04132
0.34056 -0.04398
0.33664 -0.04649
0.33271 -0.04887
0.32879 -0.05116
0.32486 -0.05336
0.32094 -0.05547
0.31701 -0.05751
0.31309 -0.05947
0.30916 -0.06137
0.30524 -0.06319
0.30131 -0.06496
0.29739 -0.06666
0.29346 -0.0683
0.28954 -0.06989
0.28561 -0.071420
0.28169 -0.07289
0.277760 -0.0743
0.27384 -0.07565
0.26991 -0.07692
0.26599 -0.07814
0.26206 -0.07931
0.25814 -0.08043
0.254210 -0.08153
0.25029 -0.08259
0.24636 -0.083630
0.24244 -0.08463
0.23851 -0.08559
0.23459 -0.0865
0.230660 -0.08736
0.22674 -0.088180
0.22281 -0.08894
0.21889 -0.08965
0.21496 -0.09032
0.21104 -0.09094
0.20711 -0.09153
0.20319 -0.09207
0.19926 -0.09257
0.19534 -0.09304
0.19141 -0.09347
0.18749 -0.09386
0.18356 -0.09421
0.17964 -0.09452
0.17571 -0.09478
0.17178 -0.095
0.16786 -0.09517
0.16393 -0.09529
0.16001 -0.09536
0.15608 -0.09539
0.15216 -0.09537
0.14823 -0.0953
0.14431 -0.09519
0.140380 -0.09502
0.13646 -0.0948
0.13253 -0.09453
0.12861 -0.09421
0.12468 -0.09384
0.12076 -0.09344
0.116830 -0.09299
0.11291 -0.09251
0.10898 -0.09199
0.10506 -0.0914
0.10113 -0.090750
0.09721 -0.090020
0.093280 -0.0892
0.08936 -0.08829
0.08543 -0.08729
0.08151 -0.0862
0.07758 -0.08502
0.07366 -0.08375
0.06973 -0.08237
0.06581 -0.08088
0.06188 -0.07925
0.05796 -0.0774700
0.05403 -0.07553
0.05011 -0.0734300
0.04618 -0.071170
0.04226 -0.06876
0.03833 -0.0662
0.03441 -0.06348
0.03048 -0.06054
0.026560 -0.0573
0.02263 -0.053690
0.01871 -0.04961
0.01481 -0.04505
0.01107 -0.04013
0.00764 -0.03503
0.00468 -0.02992
0.00236 -0.02498
0.00079 -0.02037
0.000000 -0.01262
0.00079 -0.00968
0.00236 -0.00751
0.00468 -0.00616
0.00764 -0.00555
0.01107 -0.00552
0.01481 -0.00593
0.01871 -0.00663
0.02263 -0.00752
0.026560 -0.00855
0.03048 -0.00972
0.03441 -0.01102
0.03833 -0.01245
0.04226 -0.01399
0.04618 -0.01563
0.05011 -0.01736
0.05403 -0.01915
0.05796 -0.02101
0.06188 -0.0229
0.06581 -0.02483
0.06973 -0.02678
0.07366 -0.02873
0.07758 -0.03068
0.08151 -0.03262
0.08543 -0.03454
0.08936 -0.03643
0.093280 -0.0383
0.09721 -0.04013
0.10113 -0.04193
0.10506 -0.04369
0.10898 -0.04542
0.11291 -0.0471
0.116830 -0.04874
0.12076 -0.05034
0.12468 -0.051890
0.12861 -0.05339
0.13253 -0.05485
0.13646 -0.056260
0.140380 -0.0576200
0.14431 -0.05893
0.14823 -0.0602
0.15216 -0.0614
0.15608 -0.06256
0.16001 -0.06366
0.16393 -0.0647
0.16786 -0.06568
0.17178 -0.06661
0.17571 -0.06747
0.17964 -0.06827
0.18356 -0.06901
0.18749 -0.06970
0.19141 -0.070340
0.19534 -0.07093
0.19926 -0.07148
0.20319 -0.071980
0.20711 -0.07242
0.21104 -0.07281
0.21496 -0.07312
0.21889 -0.07336
0.22281 -0.07353
0.22674 -0.07362
0.230660 -0.07364
0.23459 -0.07359
0.23851 -0.07348
0.24244 -0.07329
0.24636 -0.073030
0.25029 -0.07269
0.254210 -0.07227
0.25814 -0.07178
0.26206 -0.0712
0.26599 -0.07054
0.26991 -0.06979
0.27384 -0.06896
0.277760 -0.06804
0.28169 -0.06703
0.28561 -0.06592
0.28954 -0.06472
0.29346 -0.06341
0.29739 -0.06199
0.30131 -0.06048
0.30524 -0.05887
0.30916 -0.05716
0.31309 -0.05538
0.31701 -0.05351
0.32094 -0.051570
0.32486 -0.04955
0.32879 -0.04745
0.33271 -0.04528
0.33664 -0.04304
0.34056 -0.0407
0.344490 -0.03825
0.34841 -0.03566
0.35234 -0.032920
0.35623 -0.03004
0.35998 -0.02715
0.3634 -0.02442
0.36636 -0.02201
0.36869 -0.020080
0.37026 -0.01879
0.3710500000 -0.01823
-Inserting Flap Ga2-
0.50325 0.076490
0.50315 0.076060
0.50294 0.07521
0.50263 0.07395
0.50222 0.07237
0.50173 0.070570
0.50117 0.06864
0.50054 0.0667
0.499860 0.06483
0.499130 0.063030
0.49837 0.0613
0.49757 0.059620
0.49674 0.05798
0.49589 0.05637
0.49503 0.05479
0.49414 0.05324
0.493250 0.05172
0.49233 0.05022
0.4914 0.04875
0.49046 0.04729
0.48950 0.04586
0.48853 0.04445
0.48754 0.04306
0.48655 0.04169
0.48554 0.04034
0.48452 0.03901
0.483490 0.0377
0.48244 0.03641
0.481380 0.03515
0.48031 0.0339
0.47923 0.03268
0.478130 0.03146
0.47703 0.030260
0.47593 0.02907
0.47482 0.02788
0.4737 0.02671
0.47257 0.02555
0.47143 0.02441
0.47028 0.02329
0.46912 0.02218
0.46795 0.02109
0.46677 0.02002
0.46558 0.018960
0.46438 0.01791
0.46317 0.01688
0.461960 0.01587
0.46073 0.01486
0.4595 0.01387
0.45826 0.0129
0.45701 0.01193
0.45576 0.01098
0.45449 0.01004
0.45321 0.00912
0.45193 0.00822
0.45063 0.007330
0.44933 0.00646
0.44801 0.0056
0.44669 0.00476
0.44535 0.00393
0.444 0.00312
0.44265 0.00233
0.44128 0.001550
0.4399 0.0008
0.43851 6e-05
0.43711 -0.00067
0.43571 -0.00137
0.43429 -0.00207
0.43286 -0.00275
0.43143 -0.00342
0.42999 -0.00407
0.42853 -0.00471
0.42706 -0.00532
0.42558 -0.0059
0.42407 -0.00646
0.4225500 -0.00698
0.4210 -0.00747
0.41944 -0.00793
0.41786 -0.00837
0.41626 -0.00877
0.41463 -0.00913
0.41299 -0.00946
0.41131 -0.00974
0.4096 -0.00997
0.40786 -0.01014
0.40608 -0.01026
0.40427 -0.01032
0.40243 -0.01034
0.400550 -0.01030
0.39865 -0.01021
0.39669 -0.01005
0.39467 -0.00978
0.39258 -0.009380
0.39038 -0.008830
0.38809 -0.00811
0.38578 -0.00724
0.38354 -0.00623
0.381450 -0.00513
0.37961 -0.003940
0.3781 -0.00271
0.37619 -0.00025
0.37584 0.00091
0.37591 0.00198
0.376410 0.00293
0.37729 0.00377
0.37844 0.0045
0.3798 0.00516
0.38127 0.00575
0.38279 0.00628
0.38434 0.00676
0.385920 0.00719
0.38753 0.007580
0.38916 0.00793
0.39082 0.00824
0.3925 0.00852
0.3942 0.008760
0.39591 0.00899
0.39763 0.00919
0.39937 0.00938
0.40111 0.00956
0.40285 0.00973
0.4046 0.0099
0.40634 0.01007
0.40808 0.01024
0.40982 0.01042
0.41155 0.01061
0.41328 0.010810
0.415 0.01102
0.41671 0.01124
0.41842 0.01148
0.42012 0.0117300
0.4218 0.01199
0.42348 0.01226
0.42515 0.012550
0.42681 0.01286
0.42846 0.01318
0.4301 0.01352
0.43173 0.01387
0.43335 0.01424
0.43496 0.01463
0.43656 0.01503
0.43815 0.015450
0.4397300 0.01589
0.44129 0.01635
0.4428400 0.01683
0.444380 0.01733
0.44591 0.01785
0.44742 0.01839
0.44893 0.01895
0.45041 0.01953
0.45189 0.02013
0.45336 0.02074
0.45482 0.02137
0.456260 0.02202
0.4577 0.022680
0.45913 0.02336
0.46054 0.02407
0.46194 0.02479
0.46332 0.02554
0.464690 0.02632
0.46604 0.02712
0.46737 0.02794
0.46869 0.02879
0.47 0.02966
0.47129 0.03056
0.47257 0.03148
0.47383 0.032430
0.47507 0.0334
0.4763 0.0344
0.47751 0.03543
0.4787 0.03648
0.47987 0.03757
0.481030 0.03868
0.48216 0.03983
0.48328 0.041
0.48438 0.04221
0.48545 0.04345
0.48651 0.04473
0.48754 0.04604
0.48855 0.04738
0.489540 0.04876
0.49051 0.05017
0.49146 0.051610
0.4924 0.05307
0.49332 0.05457
0.49422 0.05608
0.49511 0.05763
0.49598 0.05919
0.49683 0.06079
0.49767 0.06241
0.49848 0.06408
0.49927 0.06578
0.50002 0.06755
0.50073 0.06935
0.50139 0.07112
0.50197 0.07278
0.50246 0.07422
0.50284 0.07537
0.503100 0.07614
0.50325 0.076490
-Inserting Flap Ga2-
0.60221 0.22125
0.60232 0.22082
0.60251 0.21996
0.60279 0.21869
0.60313 0.2171
0.60349 0.21526
0.60383 0.21329
0.60413 0.21127
0.60435 0.20929
0.6045 0.20736
0.60458 0.20546
0.60461 0.2036
0.60460 0.20176
0.60455 0.19995
0.60447 0.19815
0.60437 0.19637
0.604240 0.194610
0.604080 0.19286
0.6039 0.19112
0.60370 0.18940
0.60348 0.1877
0.60323 0.186
0.60297 0.18432
0.602680 0.18265
0.60238 0.18099
0.60206 0.17935
0.60171 0.17772
0.60135 0.1761
0.60096 0.17449
0.60055 0.1729
0.60012 0.17132
0.59968 0.16975
0.59923 0.16818
0.59877 0.16662
0.5983 0.16507
0.59781 0.16352
0.59732 0.16198
0.5968 0.16046
0.59627 0.15894
0.59572 0.15743
0.59516 0.15594
0.59458 0.15445
0.59398 0.15297
0.59337 0.15151
0.59274 0.15005
0.5921 0.1486
0.59145 0.14716
0.59078 0.14572
0.59011 0.14429
0.58941 0.14288
0.58871 0.14147
0.58799 0.14007
0.58726 0.13867
0.58651 0.13729
0.585740 0.13592
0.58496 0.13456
0.58416 0.13321
0.58334 0.13186
0.58251 0.13053
0.58166 0.12921
0.58080 0.1279
0.57992 0.1266
0.57902 0.12531
0.5781 0.12403
0.57717 0.12276
0.57622 0.1215
0.57526 0.12025
0.57428 0.11901
0.5733 0.11777
0.57229 0.11654
0.57127 0.11533
0.57023 0.11413
0.56915 0.11295
0.56805 0.11178
0.56691 0.11064
0.56575 0.10951
0.56455 0.10841
0.56333 0.107320
0.56207 0.10625
0.56078 0.1052
0.55945 0.10418
0.55807 0.10318
0.55664 0.10222
0.55515 0.10129
0.55361 0.10040
0.55202 0.09954
0.55037 0.09871
0.54868 0.09791
0.54693 0.09714
0.5451 0.09642
0.543180 0.09577
0.54112 0.09519
0.53891 0.09471
0.536540 0.09434
0.53408 0.0941
0.53162 0.094
0.52926 0.09407
0.52709 0.09431
0.52519 0.094750
0.52239 0.09611
0.52155 0.09699
0.52114 0.09798
0.52117 0.09906
0.52158 0.100190
0.52229 0.10137
0.52322 0.10256
0.52428 0.10373
0.52540 0.10488
0.52658 0.1060
0.5278 0.10709
0.52907 0.10816
0.530380 0.10919
0.53173 0.11021
0.533110 0.11120
0.53452 0.11217
0.53596 0.11313
0.53741 0.11408
0.538880 0.11502
0.540360 0.11595
0.54185 0.11688
0.54334 0.1178
0.54483 0.11873
0.54631 0.11966
0.54779 0.12059
0.5492600 0.12153
0.55072 0.12247
0.55217 0.12342
0.5536 0.12438
0.555030 0.12535
0.55644 0.12632
0.55784 0.12731
0.55922 0.1283
0.560590 0.1293
0.56194 0.13031
0.56328 0.13133
0.5646 0.13236
0.5659 0.1334
0.56719 0.13445
0.56846 0.13551
0.56971 0.13658
0.57095 0.13767
0.57216 0.138760
0.57336 0.13987
0.57454 0.14098
0.5757 0.14211
0.57684 0.14325
0.57796 0.14441
0.57905 0.14558
0.58013 0.14676
0.58119 0.14795
0.58223 0.14915
0.58326 0.15036
0.58427 0.15158
0.58526 0.15282
0.58624 0.15406
0.58719 0.15532
0.58812 0.15659
0.589030 0.15787
0.58991 0.15917
0.59077 0.16049
0.5916 0.16182
0.592410 0.16317
0.59319 0.16453
0.59395 0.1659
0.59469 0.1673
0.59539 0.1687
0.59608 0.17013
0.59673 0.17157
0.597360 0.17302
0.59796 0.17450
0.59853 0.17599
0.59907 0.1775
0.59958 0.17903
0.60006 0.18058
0.60051 0.18215
0.60092 0.18374
0.6013 0.18535
0.60164 0.18698
0.60195 0.18864
0.60223 0.19031
0.602470 0.19201
0.60269 0.19372
0.60288 0.19545
0.60304 0.19719
0.60318 0.198950
0.60329 0.20073
0.60337 0.20252
0.60343 0.20433
0.60346 0.20615
0.60345 0.20801
0.60339 0.20988
0.60329 0.2118
0.60312 0.21373
0.60293 0.21561
0.60272 0.21735
0.60252 0.21886
0.60235 0.22006
0.60224 0.22087
0.60221 0.22125
*.*.Setup: Ga2.txt as Flap 1, Inverted: y, Scale = 1.0, AoA = 0.0, Reposition from (0,0) = (0, 0)*.*.
*.*.Setup: Ga2.txt as Flap 2, Inverted: y, Scale = 0.4, AoA = 32.0, Reposition from previous T.E. = (0.0067, 0.06), Reposition from (0,0) = (1.0067, 0.0109)*.*.
*.*.Setup: Ga2.txt as Flap 3, Inverted: y, Scale = 0.4, AoA = 58.333333333333336, Reposition from previous T.E. = (0.04, 0.06), Reposition from (0,0) = (1.3963, 0.2662)*.*.
*.*.Setup: Scale Ratio = 0.37105*.*.