0.37488 -0.005320
0.37412 -0.00614
0.37259 -0.00774
0.370320 -0.01010
0.36744 -0.01304
0.36409 -0.01636
0.36043 -0.01985
0.35662 -0.0233
0.35277 -0.02653
0.34891 -0.02954
0.345040 -0.03237
0.34117 -0.03503
0.3373 -0.03757
0.33342 -0.04002
0.32954 -0.04238
0.32565 -0.04465
0.32177 -0.04684
0.31788 -0.048960
0.313980 -0.05101
0.310090 -0.05299
0.30619 -0.0549
0.30229 -0.05676
0.29839 -0.05855
0.29449 -0.0603
0.29059 -0.06198
0.28668 -0.0636
0.28277 -0.06516
0.27886 -0.06665
0.27494 -0.06808
0.27103 -0.069450
0.26711 -0.07076
0.263190 -0.07203
0.25927 -0.07328
0.25535 -0.07449
0.25143 -0.07567
0.2475 -0.07682
0.24358 -0.07793
0.239650 -0.07899
0.23572 -0.07999
0.23179 -0.08095
0.22786 -0.08185
0.22393 -0.082710
0.21999 -0.08352
0.21606 -0.0842900
0.21212 -0.08502
0.20818 -0.0857
0.20424 -0.08635
0.20029 -0.08696
0.19635 -0.08753
0.19241 -0.08806
0.18846 -0.08856
0.18451 -0.089
0.18056 -0.08941
0.17661 -0.08977
0.17266 -0.09007
0.1687 -0.09034
0.16475 -0.09055
0.16079 -0.09072
0.15683 -0.09083
0.15287 -0.0909
0.14891 -0.09092
0.14494 -0.09089
0.14097 -0.09081
0.13701 -0.09067
0.13304 -0.090490
0.12906 -0.09026
0.12509 -0.08999
0.12112 -0.08968
0.11714 -0.089330
0.11316 -0.08894
0.109180 -0.08849
0.1052 -0.08797
0.10122 -0.08737
0.09723 -0.08668
0.093240 -0.0859
0.08924 -0.08503
0.08525 -0.08407
0.08125 -0.08302
0.07724 -0.08188
0.07324 -0.08063
0.06922 -0.079260
0.06521 -0.07776
0.06119 -0.0761
0.05716 -0.07428
0.05313 -0.0723
0.04909 -0.07016
0.04505 -0.06786
0.041 -0.06542
0.03694 -0.06282
0.03288 -0.05999
0.02881 -0.05686
0.02472 -0.05335
0.02062 -0.04938
0.01652 -0.044920
0.01258 -0.04009
0.00894 -0.03506
0.005780 -0.03001
0.00326 -0.02511
0.00151 -0.02052
0.00044 -0.012730
0.00113 -0.00974
0.00264 -0.00749
0.00494 -0.00605
0.0079 -0.00533
0.01136 -0.00517
0.01515 -0.00546
0.0191 -0.00603
0.02309 -0.00679
0.027090 -0.00769
0.03109 -0.00873
0.03509 -0.00991
0.0391 -0.01121
0.04312 -0.01262
0.04713 -0.01414
0.05115 -0.01574
0.055170 -0.01741
0.0592 -0.019150
0.06322 -0.02092
0.067250 -0.02273
0.07128 -0.02455
0.07531 -0.026390
0.07933 -0.02821
0.083360 -0.03003
0.08739 -0.03182
0.09141 -0.0336
0.09544 -0.03534
0.09946 -0.03705
0.10348 -0.03873
0.1075 -0.04037
0.11152 -0.04197
0.11554 -0.04353
0.11956 -0.04504
0.12357 -0.04652
0.12759 -0.04794
0.1316 -0.04932
0.13561 -0.05066
0.13962 -0.05194
0.14362 -0.05317
0.14763 -0.05436
0.15163 -0.055490
0.155630 -0.05657
0.15963 -0.0576
0.16363 -0.05857
0.16763 -0.05948
0.1716200 -0.060330
0.17561 -0.061130
0.1796 -0.06186
0.18359 -0.06253
0.18757 -0.06314
0.19155 -0.0637
0.19554 -0.0642
0.19952 -0.06466
0.203490 -0.06508
0.20747 -0.06544
0.21144 -0.06575
0.215420 -0.0660
0.21939 -0.06618
0.22335 -0.06628
0.22732 -0.06631
0.23128 -0.06627
0.23524 -0.06615
0.2392 -0.065970
0.24315 -0.06571
0.24710 -0.06538
0.25105 -0.06498
0.255 -0.0645
0.2589400 -0.06394
0.26289 -0.0633
0.26682 -0.062580
0.27076 -0.06178
0.27469 -0.06089
0.27862 -0.05991
0.28255 -0.05884
0.286470 -0.05769
0.29039 -0.05643
0.29431 -0.05508
0.29822 -0.05362
0.30213 -0.05205
0.30604 -0.05039
0.30994 -0.04862
0.31384 -0.046770
0.31773 -0.044830
0.32163 -0.04281
0.32552 -0.04071
0.3294 -0.03853
0.33329 -0.03628
0.33717 -0.033950
0.34105 -0.03155
0.34493 -0.02905
0.3488 -0.02644
0.35267 -0.02370
0.35653 -0.0208
0.36036 -0.01775
0.36403 -0.01471
0.36739 -0.01183
0.37029 -0.0093
0.37257 -0.00727
0.37411 -0.00591
0.37488 -0.005320
-Inserting Flap Ga2-
0.5017 0.08234
0.50156 0.08191
0.50128 0.08107
0.50085 0.07983
0.50031 0.07828
0.49965 0.07651
0.49892 0.07463
0.49812 0.07273
0.49727 0.07091
0.49638 0.06916
0.49545 0.067490
0.4945 0.06587
0.49353 0.06429
0.49253 0.06275
0.49152 0.06124
0.4905 0.05976
0.48946 0.058300
0.48841 0.05688
0.48735 0.05548
0.48627 0.0541
0.485180 0.05275
0.48408 0.05142
0.48297 0.05011
0.48185 0.04882
0.48072 0.04755
0.47958 0.0463
0.47842 0.04507
0.47726 0.043870
0.47608 0.04269
0.47489 0.04153
0.47369 0.04039
0.47249 0.03927
0.47128 0.03816
0.470060 0.03705
0.46884 0.03596
0.46761 0.03488
0.46637 0.03382
0.46513 0.03277
0.46387 0.03174
0.46261 0.03073
0.46134 0.02974
0.46006 0.02876
0.458770 0.0278
0.45747 0.02686
0.456170 0.025930
0.45485 0.02501
0.45353 0.02411
0.4522100 0.02323
0.450870 0.02235
0.44953 0.02149
0.44819 0.02065
0.44683 0.01982
0.44547 0.019
0.4441 0.01821
0.44272 0.01742
0.44133 0.01666
0.43993 0.01592
0.43852 0.01519
0.43711 0.01447
0.43568 0.01378
0.434250 0.0131
0.43281 0.01244
0.43135 0.0118
0.42989 0.01118
0.42842 0.01058
0.42694 0.00999
0.42546 0.00941
0.42396 0.00886
0.42246 0.00831
0.42096 0.00778
0.41944 0.00727
0.41791 0.00678
0.41636 0.00633
0.414800 0.0059
0.41322 0.00551
0.41162 0.00515
0.410010 0.00483
0.40838 0.00453
0.406740 0.00427
0.40508 0.00404
0.40339 0.00386
0.40168 0.00373
0.39994 0.003650
0.39818 0.00363
0.39638 0.00366
0.39455 0.00376
0.3927 0.0039
0.39082 0.00411
0.38891 0.00436
0.386960 0.0047
0.38495 0.00515
0.38288 0.0057300
0.38072 0.006470
0.37848 0.0074
0.37623 0.00849
0.37406 0.00969
0.37206 0.01099
0.37032 0.012340
0.36891 0.01371
0.36721 0.01635
0.36695 0.01755
0.36712 0.01862
0.36771 0.01953
0.36866 0.0203
0.36989 0.02094
0.37131 0.02147
0.37284 0.02193
0.374420 0.02234
0.37602 0.02268
0.37764 0.02298
0.37929 0.02323
0.38097 0.02344
0.38266 0.0236
0.384370 0.02373
0.3861 0.02383
0.38784 0.02391
0.38959 0.02396
0.39135 0.024
0.39312 0.02402
0.39489 0.02404
0.39666 0.02406
0.39843 0.024070
0.40019 0.0241
0.40196 0.024130
0.40372 0.02417
0.40547 0.024210
0.40722 0.02427
0.40896 0.02434
0.41069 0.024430
0.41242 0.02453
0.41414 0.024640
0.41585 0.02477
0.41756 0.02492
0.41925 0.02508
0.42094 0.02526
0.42262 0.02545
0.42429 0.02566
0.42595 0.02589
0.4276 0.02614
0.42925 0.026410
0.43088 0.02669
0.4325 0.027
0.43412 0.02732
0.43572 0.02767
0.437310 0.02803
0.43889 0.02842
0.44046 0.028830
0.44202 0.02926
0.44357 0.02971
0.44511 0.03018
0.44664 0.03067
0.44816 0.03118
0.44967 0.0317
0.45117 0.03224
0.45267 0.0328
0.45415 0.03338
0.45562 0.03399
0.45707 0.03462
0.45851 0.03528
0.45994 0.03597
0.46136 0.03668
0.46276 0.037410
0.46415 0.03817
0.46553 0.03896
0.46689 0.039780
0.46824 0.04062
0.46958 0.04149
0.4709 0.04238
0.47221 0.04331
0.4735 0.04427
0.47477 0.04525
0.47603 0.046270
0.47727 0.04732
0.4785 0.04841
0.47971 0.04952
0.4809 0.05068
0.48207 0.051870
0.483230 0.05310
0.48436 0.05436
0.48548 0.05566
0.48658 0.05699
0.48766 0.05835
0.48873 0.05974
0.48979 0.06116
0.49083 0.06261
0.49185 0.06408
0.49287 0.065580
0.49387 0.06711
0.49485 0.06867
0.49581 0.07027
0.49675 0.07192
0.49766 0.07362
0.49854 0.07537
0.49935 0.0771
0.50009 0.078710
0.50071 0.08012
0.50119 0.08124
0.50152 0.08199
0.5017 0.08234
-Inserting Flap Ga2-
0.60907 0.20926
0.609080 0.20881
0.60906 0.20793
0.60904 0.206620
0.609 0.204970
0.608930 0.20309
0.60881 0.201070
0.60864 0.19902
0.608390 0.19702
0.608080 0.19509
0.60772 0.19321
0.60732 0.19137
0.60688 0.18957
0.60641 0.1878
0.60592 0.18605
0.6054 0.18433
0.60486 0.18262
0.6043 0.18094
0.60372 0.17928
0.60312 0.17764
0.60251 0.17602
0.60187 0.17441
0.60122 0.17282
0.60055 0.17125
0.59987 0.16969
0.59917 0.16815
0.59845 0.16663
0.597720 0.16512
0.59696 0.16364
0.59619 0.16217
0.5954 0.16072
0.5946 0.15927
0.59379 0.15784
0.59298 0.15642
0.59215 0.155
0.59132 0.15359
0.59047 0.1522
0.58961 0.15082
0.58874 0.14945
0.58785 0.1481
0.58694 0.14676
0.58603 0.14544
0.5851 0.14413
0.58416 0.14283
0.5832 0.14154
0.58224 0.14027
0.58126 0.139
0.58027 0.13775
0.57927 0.13651
0.57826 0.13527
0.57724 0.13405
0.57621 0.13285
0.57517 0.13165
0.574110 0.13047
0.57304 0.1293
0.57195 0.12814
0.57085 0.127
0.56974 0.12587
0.56861 0.12476
0.56747 0.12366
0.566320 0.12257
0.565150 0.1215
0.56397 0.120440
0.56277 0.1194
0.56156 0.11837
0.56033 0.11735
0.5591 0.11635
0.55785 0.11535
0.55659 0.11437
0.55532 0.11340
0.55404 0.11245
0.55273 0.11151
0.55140 0.1106
0.55005 0.10971
0.54867 0.10885
0.54726 0.10802
0.54583 0.10721
0.54437 0.10643
0.54289 0.10567
0.54137 0.10494
0.53983 0.10425
0.53824 0.10359
0.53661 0.10298
0.53494 0.10241
0.53322 0.10189
0.53145 0.10142
0.52964 0.10098
0.52779 0.10059
0.5259 0.10025
0.52394 0.09997
0.52189 0.09977
0.51974 0.09968
0.51746 0.09973
0.51504 0.09992
0.51257 0.100250
0.510130 0.10073
0.50783 0.10135
0.50576 0.10209
0.50399 0.10296
0.50156 0.10495
0.50094 0.10601
0.50077 0.10708
0.50105 0.10813
0.50172 0.10915
0.50269 0.11013
0.50387 0.11108
0.50519 0.112
0.506560 0.11286
0.50798 0.11369
0.50943 0.1144700
0.51092 0.1152200
0.51245 0.11594
0.51401 0.11662
0.5156 0.11727
0.51721 0.1179
0.51885 0.11851
0.52050 0.1191
0.52216 0.11968
0.52383 0.12025
0.5255 0.12081
0.52718 0.12137
0.52886 0.12194
0.53053 0.1225
0.5322 0.12308
0.53386 0.12366
0.53552 0.124240
0.53716 0.12484
0.53879 0.12545
0.54042 0.12607
0.54203 0.12669
0.54363 0.127330
0.545220 0.12799
0.54679 0.12865
0.54836 0.12933
0.54991 0.130020
0.55144 0.13072
0.55297 0.13144
0.55448 0.13217
0.55597 0.13292
0.55745 0.13368
0.55892 0.13446
0.56037 0.13525
0.5618 0.13605
0.56322 0.13688
0.564620 0.13772
0.566 0.138570
0.56737 0.13945
0.568720 0.14034
0.57005 0.14125
0.57137 0.14217
0.57267 0.14311
0.57396 0.14406
0.57524 0.14502
0.5765 0.1460
0.577750 0.14699
0.57898 0.14801
0.58019 0.14904
0.581380 0.15009
0.58255 0.151160
0.58369 0.152260
0.58482 0.15337
0.58593 0.1545
0.58701 0.15566
0.58808 0.15683
0.58912 0.15803
0.59015 0.15924
0.59115 0.16048
0.59213 0.16175
0.59308 0.16303
0.59402 0.164340
0.59492 0.165670
0.59581 0.16703
0.59667 0.16841
0.5975 0.16982
0.5983 0.17126
0.59908 0.172720
0.59982 0.174220
0.60054 0.175740
0.60123 0.17729
0.60189 0.17888
0.602520 0.18048
0.603130 0.182110
0.603720 0.18376
0.604290 0.18544
0.60483 0.18714
0.60535 0.18886
0.60585 0.1906
0.60633 0.19236
0.60679 0.19414
0.60721 0.19597
0.60759 0.19782
0.60793 0.19973
0.60822 0.20166
0.60846 0.203550
0.60866 0.20531
0.60882 0.20684
0.60893 0.20806
0.609010 0.20888
0.60907 0.20926
*.*.Setup: Ga2.txt as Flap 1, Inverted: y, Scale = 1.0, AoA = 2.0, Reposition from (0,0) = (0, 0)*.*.
*.*.Setup: Ga2.txt as Flap 2, Inverted: y, Scale = 0.4, AoA = 27.0, Reposition from previous T.E. = (-0.0267, 0.07), Reposition from (0,0) = (0.9744, 0.0558)*.*.
*.*.Setup: Ga2.txt as Flap 3, Inverted: y, Scale = 0.4, AoA = 45.0, Reposition from previous T.E. = (-0.01, 0.07), Reposition from (0,0) = (1.3298, 0.2899)*.*.
*.*.Setup: Scale Ratio = 0.37447*.*.