0.3614 -0.005130
0.36066 -0.00592
0.35919 -0.00746
0.3570 -0.009740
0.35422 -0.01257
0.35099 -0.01578
0.34747 -0.01914
0.34379 -0.02246
0.34008 -0.02558
0.33636 -0.02848
0.332630 -0.0312
0.3289 -0.03377
0.32516 -0.03622
0.32142 -0.03858
0.31768 -0.04085
0.31394 -0.04304
0.31019 -0.04516
0.30644 -0.04720
0.302690 -0.04917
0.298940 -0.05108
0.29518 -0.05293
0.29142 -0.05472
0.28766 -0.05645
0.2839 -0.05813
0.28013 -0.05975
0.27637 -0.06131
0.2726 -0.06282
0.26883 -0.06425
0.26505 -0.06563
0.26128 -0.066950
0.2575 -0.06822
0.253720 -0.06944
0.24994 -0.07064
0.24616 -0.07181
0.24238 -0.07295
0.2386 -0.07406
0.23482 -0.07512
0.231030 -0.07614
0.22724 -0.07712
0.22346 -0.07804
0.21966 -0.07891
0.21587 -0.079740
0.21208 -0.08052
0.20828 -0.0812600
0.20449 -0.08196
0.20069 -0.08262
0.19689 -0.08324
0.19309 -0.08383
0.18929 -0.08438
0.18548 -0.0849
0.18168 -0.08537
0.17787 -0.0858
0.17407 -0.08619
0.17026 -0.08654
0.16645 -0.08683
0.16263 -0.08709
0.15882 -0.08729
0.155 -0.08745
0.15119 -0.08757
0.14737 -0.08763
0.14355 -0.08765
0.13973 -0.08762
0.1359 -0.08754
0.13208 -0.08741
0.12825 -0.087240
0.12442 -0.08701
0.12059 -0.08675
0.11676 -0.08645
0.11293 -0.086120
0.10909 -0.08574
0.105260 -0.08531
0.10142 -0.08481
0.09758 -0.08423
0.09373 -0.08357
0.089880 -0.08281
0.08603 -0.08197
0.08218 -0.08105
0.07832 -0.08003
0.07446 -0.07893
0.0706 -0.07773
0.06673 -0.076410
0.06286 -0.07496
0.05899 -0.07336
0.0551 -0.07161
0.05122 -0.0697
0.04732 -0.06763
0.04342 -0.06542
0.03952 -0.06306
0.03561 -0.06056
0.0317 -0.05783
0.02777 -0.05482
0.02383 -0.05143
0.01988 -0.04761
0.01593 -0.04330
0.01212 -0.03864
0.00862 -0.0338
0.005570 -0.02893
0.00314 -0.02421
0.00146 -0.01978
0.00043 -0.012270
0.00109 -0.00939
0.00254 -0.00722
0.00476 -0.00583
0.00762 -0.00514
0.01095 -0.00499
0.0146 -0.00526
0.01842 -0.00581
0.02226 -0.00654
0.026110 -0.00741
0.02997 -0.00842
0.03383 -0.00955
0.0377 -0.0108
0.04156 -0.01217
0.04544 -0.01363
0.04931 -0.01517
0.053190 -0.01679
0.05707 -0.018460
0.06095 -0.02017
0.064830 -0.02191
0.06871 -0.02367
0.0726 -0.025440
0.07648 -0.0272
0.080360 -0.02895
0.08424 -0.03068
0.08812 -0.03239
0.092 -0.03407
0.09588 -0.03572
0.09976 -0.03734
0.10364 -0.03892
0.10751 -0.04046
0.11138 -0.04196
0.11526 -0.04342
0.11913 -0.04484
0.123 -0.04622
0.12686 -0.04755
0.13073 -0.04883
0.13459 -0.05007
0.13846 -0.05126
0.14232 -0.0524
0.14618 -0.05350
0.150030 -0.05454
0.15389 -0.05553
0.15774 -0.05646
0.1616 -0.05734
0.1654500 -0.058160
0.16929 -0.058930
0.17314 -0.05964
0.17698 -0.06028
0.18082 -0.06087
0.18466 -0.06141
0.1885 -0.06189
0.19234 -0.06234
0.196170 -0.06274
0.20001 -0.06309
0.20384 -0.06339
0.207670 -0.063630
0.21149 -0.0638
0.21532 -0.0639
0.21914 -0.06393
0.22296 -0.06389
0.22678 -0.06377
0.23059 -0.063590
0.23441 -0.06335
0.238220 -0.06303
0.24202 -0.06264
0.24583 -0.06218
0.2496300 -0.06164
0.25343 -0.06102
0.25723 -0.060330
0.26102 -0.05955
0.26481 -0.0587
0.2686 -0.05776
0.27238 -0.05673
0.276170 -0.05561
0.27995 -0.0544
0.28372 -0.0531
0.28749 -0.05169
0.29126 -0.05018
0.29503 -0.04857
0.29879 -0.04687
0.30255 -0.045090
0.3063 -0.043220
0.31006 -0.04127
0.31381 -0.03924
0.31755 -0.03715
0.3213 -0.03497
0.32504 -0.032730
0.32878 -0.03041
0.33252 -0.02801
0.33625 -0.02549
0.33998 -0.022840
0.3437 -0.02005
0.3474 -0.01712
0.35094 -0.01418
0.35418 -0.01141
0.35697 -0.00896
0.35917 -0.00701
0.36065 -0.00569
0.3614 -0.005130
-Inserting Flap Ga2-
0.50205 0.08703
0.50196 0.08661
0.50176 0.08578
0.50145 0.08456
0.50106 0.08302
0.50058 0.081260
0.50003 0.079390
0.49942 0.07751
0.498760 0.07569
0.49805 0.07394
0.4973 0.07225
0.49653 0.07061
0.49572 0.06901
0.4949 0.06745
0.49406 0.06592
0.4932 0.06441
0.49232 0.06293
0.49143 0.06147
0.49053 0.06003
0.48961 0.058620
0.48868 0.05723
0.48773 0.05586
0.48677 0.05451
0.48581 0.05317
0.484830 0.05186
0.48384 0.05056
0.48283 0.04929
0.48181 0.04804
0.48078 0.04681
0.47974 0.04559
0.47868 0.0444
0.477620 0.04322
0.47655 0.042050
0.47547 0.04089
0.474390 0.03974
0.4733 0.0386
0.4722 0.03747
0.4711 0.03636
0.46998 0.03527
0.46885 0.03419
0.46771 0.03313
0.46656 0.03208
0.46541 0.031050
0.46424 0.03004
0.46307 0.02904
0.46188 0.02805
0.46069 0.02707
0.45949 0.02611
0.45828 0.02516
0.45707 0.02422
0.455850 0.02329
0.45461 0.02238000
0.453370 0.02149
0.45212 0.0206
0.45086 0.019740
0.44959 0.01889
0.448310 0.01806
0.44702 0.01724
0.44572 0.01643
0.444410 0.01565
0.44309 0.01488
0.44176 0.014120
0.44042 0.01339
0.43907 0.01266
0.43771 0.01196
0.43634 0.01127
0.43496 0.0106
0.43357 0.00993
0.43218 0.00928
0.43078 0.00865
0.42936 0.00803
0.42793 0.00744
0.42648 0.00687
0.42502 0.006330
0.42354 0.00582
0.42203 0.00534
0.42051 0.00489
0.41898 0.00447
0.41742 0.00408
0.41584 0.00372
0.41424 0.00341
0.4126 0.00314
0.41094 0.00291
0.40925 0.00275
0.40752 0.00263
0.40576 0.00257
0.403960 0.00255
0.40214 0.002590
0.40028 0.00268
0.39838 0.00284
0.39642 0.0031
0.39438 0.00348
0.39224 0.004010
0.39002 0.00472
0.387770 0.00557
0.38558 0.00655
0.38355 0.00762
0.38177 0.00877
0.3803 0.00997
0.37844 0.01237
0.37809 0.0135
0.37816 0.01454
0.37865 0.015460
0.3795 0.01627
0.38063 0.016990
0.38195 0.01763
0.38338000 0.0182
0.38486 0.01872
0.38637 0.01919
0.3879 0.01961
0.38947 0.01999
0.39106 0.02033
0.39267 0.02063
0.3943 0.0209
0.39595 0.021140
0.39762 0.02135
0.3993 0.02155
0.40098 0.02173
0.40268 0.02191
0.40437 0.02207
0.40607 0.02224
0.40777 0.0224
0.40946 0.02257
0.41116 0.02275
0.41284 0.02294
0.41452 0.02313
0.4162 0.02333
0.417860 0.02355
0.41952 0.02378
0.42117 0.02402
0.42281 0.02427
0.42445 0.02454
0.42607 0.02482
0.42769 0.02512
0.42929 0.02543
0.43089 0.02576
0.43248 0.02610
0.43405 0.02646
0.43562 0.02684
0.43717 0.02723
0.43872 0.02764
0.44025 0.02807
0.44177 0.02852
0.44328 0.02899
0.44478 0.02947
0.44627 0.02998
0.44774 0.0305
0.4492 0.03104
0.45065 0.031610
0.45209 0.03219
0.45351 0.03279
0.45493 0.0334
0.45634 0.03403
0.45774 0.03468
0.45913 0.03534
0.4605 0.03602
0.4618600 0.03673
0.46321 0.03746
0.46454 0.03821
0.46585 0.03899
0.46715 0.03979
0.46844 0.040620
0.46971 0.041470
0.47096 0.04234
0.4722 0.04324
0.47343 0.04416
0.47464 0.0451
0.47583 0.04608
0.47701 0.04708
0.47817 0.0481
0.47931 0.04916
0.48043 0.05024
0.48154 0.05136
0.48263 0.0525
0.48369 0.05367
0.48474 0.05488
0.48577 0.05612
0.48677 0.0574
0.48775 0.05871
0.48871 0.06005
0.48966 0.06142
0.49059 0.06282
0.4915 0.06425
0.49239 0.0657
0.49327 0.06717
0.49413 0.06867
0.49498 0.0702
0.49581 0.07175
0.49663 0.07333
0.49742 0.07495
0.49818 0.07661
0.49891 0.07833
0.4996 0.08008
0.50024 0.081810
0.50081 0.08341
0.50129 0.084820
0.50166 0.08594
0.501910 0.08669
0.50205 0.08703
-Inserting Flap Ga2-
0.61162 0.21756
0.61167 0.21713
0.61176 0.21628
0.61189 0.21503
0.61203 0.21344
0.61217 0.21163
0.61229 0.20969
0.61235 0.2077
0.61234 0.20577
0.61226 0.20388
0.61212 0.20204
0.61194 0.20024
0.61172 0.19846
0.611470 0.19671
0.6112 0.19498
0.610890 0.193270
0.61057 0.19158
0.61022 0.18991
0.609850 0.18826
0.609460 0.18662
0.60905 0.18499
0.60862 0.18339
0.60818 0.18179
0.60772 0.18021
0.60724 0.17864
0.60674 0.17709
0.60622 0.175550
0.60568 0.17403
0.60513 0.1725200
0.60455 0.17103
0.60396 0.16955
0.60336 0.16808
0.60274 0.16662
0.60212 0.16516
0.60149 0.16371
0.60085 0.16227
0.60019 0.16084
0.59952 0.15942
0.59884 0.15802
0.59814 0.15662
0.59743 0.15524
0.5967 0.15387
0.59595 0.15251
0.59520 0.15116
0.59443 0.149820
0.59364 0.1485
0.59285 0.14718
0.59205 0.14587
0.59123 0.14456
0.5904 0.14327
0.58956 0.14199
0.58871 0.14072
0.58784 0.1394500
0.58696 0.1382
0.58606 0.13696
0.58515 0.13574
0.58423 0.13452
0.58329 0.13332
0.582340 0.13212
0.58137 0.13094
0.58038 0.12977
0.57939 0.128610
0.57837 0.12747
0.57734 0.12633
0.576300 0.12521
0.57524 0.1241
0.57417 0.123
0.57308 0.12191
0.57199 0.12083
0.57088 0.11976
0.56976 0.1187
0.56861 0.117660
0.56744 0.1166400
0.56624 0.11564
0.56502 0.11466
0.56376 0.11370
0.56248 0.112770
0.56118 0.111860
0.55984 0.110960
0.55847 0.11010
0.55707 0.10926
0.55563 0.10845
0.55413 0.10769
0.55259 0.10696
0.551010 0.10627
0.54937 0.10561
0.54768 0.105
0.54596 0.10442
0.54418 0.10387
0.54233 0.10339
0.5404 0.10297
0.53835 0.10264
0.53616 0.10243
0.533820 0.102340
0.53142 0.10239
0.529030 0.102570
0.52676 0.1029
0.52469 0.10338
0.5229 0.10401
0.52035 0.10565
0.51964 0.10660
0.51935 0.1076
0.51951 0.10863
0.52003 0.10969
0.52085 0.11074
0.52188 0.11178
0.523040 0.1128
0.52425 0.11379
0.525520 0.11474
0.52682 0.11565
0.52817 0.11654
0.5295500 0.11739
0.53097 0.11822
0.53241 0.11902
0.53389 0.1198
0.53538 0.12056
0.5369 0.12132
0.53842 0.12206
0.53996 0.12279
0.5415 0.12352
0.54305 0.12424
0.54459 0.12497
0.54613 0.1257
0.54766 0.12644
0.54918 0.12718
0.5507 0.12793
0.55221 0.12868
0.55371 0.12944
0.55519 0.13022
0.55666 0.131
0.55813 0.13179
0.55957 0.13259
0.561010 0.13341
0.56243 0.13423
0.56384 0.13507
0.56523 0.13591
0.56661 0.13677
0.56797 0.13764
0.56932 0.13852
0.57065 0.13941
0.57197 0.14032
0.57327 0.14124
0.57455 0.14217
0.57581 0.14312
0.577060 0.144080
0.57829 0.14506
0.57950 0.14605
0.58069 0.14705
0.58187 0.14807
0.58303 0.1491
0.58417 0.150150
0.58530 0.1512
0.58641 0.15227
0.58751 0.153340
0.58859 0.15444
0.58966 0.15554
0.5907 0.15666
0.59172 0.1578
0.59272 0.15896
0.593700 0.16014
0.59465 0.16133
0.59558 0.16254
0.5965 0.16377
0.59738 0.16501
0.59825 0.16627
0.5991 0.16755
0.599920 0.16885
0.60071 0.17017
0.60148 0.17151
0.60223 0.172860
0.60295 0.17424
0.60364 0.17564
0.60431000 0.17706
0.60495 0.1785
0.60556 0.17997
0.60614 0.18146
0.60669 0.18297
0.6072 0.18451
0.60769 0.18608
0.60814 0.18766
0.60857 0.18927
0.60897 0.1909
0.60935 0.19255
0.6097 0.19422
0.61003 0.1959
0.61034 0.19761
0.61063 0.19933
0.610890 0.20107
0.61112 0.20283
0.61132 0.20462
0.61148 0.20644
0.61159 0.2083
0.61165 0.21019
0.61167 0.212030
0.61167 0.21373
0.61164 0.21522
0.61162 0.21639
0.6116 0.217190
0.61162 0.21756
*.*.Setup: Ga2.txt as Flap 1, Inverted: y, Scale = 1.0, AoA = 2.0, Reposition from (0,0) = (0, 0)*.*.
*.*.Setup: Ga2.txt as Flap 2, Inverted: y, Scale = 0.4, AoA = 32.0, Reposition from previous T.E. = (0.04, 0.06), Reposition from (0,0) = (1.0411, 0.0458)*.*.
*.*.Setup: Ga2.txt as Flap 3, Inverted: y, Scale = 0.4, AoA = 51.666666666666664, Reposition from previous T.E. = (0.04, 0.06), Reposition from (0,0) = (1.4307, 0.3011)*.*.
*.*.Setup: Scale Ratio = 0.361*.*.