0.3679 -0.03098
0.36709 -0.031740
0.36548 -0.0332
0.363090 -0.03536
0.36005 -0.03805
0.356540 -0.04109
0.35271 -0.04426
0.34872 -0.04738
0.34471 -0.050290
0.34072 -0.05299
0.33673 -0.0555
0.33274 -0.057850
0.32876 -0.060080
0.32478 -0.06222
0.32081 -0.06426
0.31684 -0.06623
0.31287 -0.06812
0.3089 -0.06993
0.30494 -0.07167
0.30097 -0.07335
0.29702 -0.07497
0.29306 -0.07652
0.2891 -0.07802
0.28515 -0.07946
0.2812 -0.08084
0.27725 -0.08217
0.2733 -0.08343
0.26936 -0.08463
0.26541 -0.08576
0.26147 -0.08684
0.25753 -0.08786
0.2536 -0.08884
0.24966 -0.08979
0.24572 -0.09071
0.24179 -0.09161
0.23786 -0.09247
0.23392 -0.09328
0.22999 -0.09405
0.22607 -0.09477
0.22214 -0.09544
0.21822 -0.09606
0.21429 -0.09663
0.21037 -0.09716
0.20645 -0.09765
0.20253 -0.09809
0.19861 -0.098490
0.19470 -0.09885
0.19078 -0.09918
0.18687 -0.09947
0.18296 -0.09972
0.17905 -0.09994
0.17514 -0.10011
0.17123 -0.10023
0.16733 -0.100310
0.16342 -0.10034
0.15952 -0.10033
0.15562 -0.10027
0.15172 -0.10016
0.14782 -0.1
0.14392 -0.0998
0.14003 -0.09955
0.13614 -0.09924
0.13225 -0.09889
0.12836 -0.09848
0.12447 -0.09803
0.12058 -0.09753
0.1167 -0.09699
0.11282 -0.09642
0.10894 -0.095800
0.10506 -0.09514
0.10118 -0.09443
0.0973 -0.09365
0.09343 -0.09278
0.08956 -0.09183
0.08569 -0.09079
0.08183 -0.08966
0.07797 -0.088440
0.07411 -0.08713
0.07026 -0.08574
0.0664 -0.08424
0.06256 -0.082620
0.05872 -0.08086
0.05488 -0.07896
0.05105 -0.07689
0.047220 -0.07467
0.0434 -0.07229
0.03959 -0.06976
0.03578 -0.06708
0.03197 -0.06424
0.02818 -0.06119
0.02439 -0.057840
0.02062 -0.05411
0.01686 -0.04993
0.01315 -0.04526
0.0096 -0.040240
0.00637 -0.03505
0.00361 -0.02988
0.00147 -0.02489
7e-05 -0.02026
-0.00044 -0.012530
0.00044 -0.00964
0.00208 -0.00754
0.00444 -0.00629
0.0074 -0.00578
0.0108 -0.00586
0.0145 -0.0064
0.01835 -0.00724
0.02222 -0.008250
0.02608 -0.00941
0.02994 -0.01071
0.03379 -0.01214
0.03764 -0.01369
0.04149 -0.01536
0.04533 -0.01713
0.04917 -0.01898
0.053 -0.02090
0.05684 -0.02287
0.06067 -0.02489
0.0645 -0.02695
0.06833 -0.02902
0.07216 -0.03109
0.07599 -0.033170
0.07983 -0.03523
0.08366 -0.03727
0.08749 -0.03928
0.09132 -0.04127
0.09516 -0.04323
0.09899 -0.04515
0.10283 -0.04704
0.10667 -0.04889
0.11051 -0.0507
0.11435 -0.05246
0.1182 -0.05418
0.12204 -0.05586
0.12589 -0.05749
0.12973 -0.05908
0.13358 -0.06061
0.13743 -0.06210
0.14129 -0.06354
0.14514 -0.06493
0.149 -0.06626
0.15286 -0.06755
0.15672 -0.06877
0.16058 -0.06994
0.16444 -0.07106
0.16831 -0.07211
0.172180 -0.07311
0.17605 -0.07404
0.17992 -0.07491
0.1838 -0.075730
0.18767 -0.0765
0.19155 -0.07723
0.19543 -0.07791
0.19931 -0.07854
0.20319 -0.07912
0.20708 -0.07963
0.21097 -0.08008
0.21486 -0.08046
0.21875 -0.08076
0.22264 -0.080990
0.22654 -0.08114
0.23044 -0.08123
0.23434 -0.081250
0.23825 -0.081200
0.242160 -0.08108
0.24607 -0.080880
0.24998 -0.0806
0.2539 -0.08024
0.25781 -0.07981
0.26174 -0.07929
0.26566 -0.07868
0.26959 -0.07799
0.27352 -0.07721
0.27745 -0.07635
0.28139 -0.07538
0.28533 -0.07432
0.28927 -0.07316
0.29322 -0.07189
0.29717 -0.07052
0.3011200 -0.06905
0.30508 -0.0675
0.30904 -0.06586
0.31301 -0.06414
0.31697 -0.06235
0.32094 -0.06048
0.32491 -0.05853
0.328880 -0.05651
0.33286 -0.05442
0.33684 -0.05223
0.34082 -0.04993
0.34481 -0.0475
0.34881 -0.04492
0.35278 -0.04219
0.35659 -0.03945
0.36009 -0.03686
0.36311 -0.03457
0.36549 -0.03274
0.3671 -0.0315
0.3679 -0.03098
-Inserting Flap Ga2-
0.48699 0.070540
0.48689 0.070110
0.48669 0.06926
0.48638 0.06801
0.485970 0.066440
0.48549 0.06465
0.48493 0.06274
0.4843 0.06081
0.48363 0.05895
0.4829 0.057160
0.48214 0.05544
0.48135 0.0537600
0.48052 0.05213
0.479680 0.05054
0.47882 0.04897
0.47795 0.04743
0.47705 0.04591
0.47614 0.04443
0.47522 0.04296
0.47428 0.04152
0.47333 0.0401
0.47236 0.0387
0.47139 0.03732
0.4704 0.03595
0.4694 0.03461
0.46838 0.03329
0.46736 0.03199
0.46632 0.03071
0.46526 0.02945
0.46420 0.02821
0.46312 0.02699
0.46203 0.02578
0.46094 0.02459
0.459840 0.0234
0.45874 0.02223
0.45762 0.02106
0.4565 0.01991
0.455370 0.01878
0.45423 0.017660
0.45308 0.01656
0.45191 0.01548
0.45074 0.01441
0.44956 0.01336
0.44837 0.01232
0.44717 0.0113
0.44596 0.01029
0.44474 0.00929
0.44352 0.00831
0.44228 0.00733
0.44104 0.00638
0.43979 0.00543
0.43853 0.0045
0.43727 0.00358
0.43599 0.00268
0.4347 0.0018
0.4334 0.00093
0.4321 8e-05
0.43078 -0.00076
0.42945 -0.00158
0.42811 -0.00238
0.42677 -0.003170
0.42541 -0.00394
0.42404 -0.00469
0.42266 -0.00543
0.42127 -0.00615
0.419870 -0.00685
0.41846 -0.00754
0.41704 -0.00822
0.41562 -0.00888
0.41418 -0.00953
0.41274 -0.01016
0.41128 -0.01077
0.4098 -0.01135
0.4083 -0.0119
0.40679 -0.01242
0.40525 -0.01291
0.4037 -0.013370
0.40213 -0.0138
0.40054 -0.0142
0.39893 -0.01456
0.39729 -0.01488
0.39562 -0.01516
0.39392 -0.01539
0.39219 -0.01556
0.39043 -0.01568
0.388630 -0.015740
0.3868 -0.01576
0.38493 -0.01572
0.38304 -0.01563
0.38109 -0.01547
0.37909 -0.0152
0.377 -0.014810
0.37482 -0.01426
0.37255 -0.01355
0.37025 -0.01268
0.36802 -0.01168
0.36595 -0.01058
0.36412 -0.009400
0.36262 -0.00818
0.36072 -0.00573
0.36037 -0.00458
0.36044 -0.00351
0.36094 -0.00257
0.36181 -0.00174
0.362960 -0.00101
0.36431 -0.00036
0.36577 0.00023
0.36728 0.00076
0.36882 0.00123
0.37039 0.00167
0.37199 0.002050
0.37361 0.0024
0.37526 0.00271
0.37693 0.00298
0.37861 0.00323
0.380310 0.003450
0.38203 0.00365
0.383750 0.00384
0.38548 0.00401
0.387210 0.00418
0.38895 0.00435
0.39068 0.00452
0.39241 0.0047
0.39414 0.00488
0.39586 0.00506
0.397580 0.005260
0.39929 0.00547
0.40099 0.00569
0.40269 0.00592
0.40437 0.006170
0.40605 0.00643
0.40772 0.0067
0.40938 0.006990
0.41103 0.0073
0.41267 0.007610
0.4143 0.00795
0.41592 0.0083
0.41753 0.00867
0.41913 0.00905
0.42072 0.00946
0.4223 0.009880
0.42386 0.01031
0.42542 0.01077
0.42696 0.01125
0.42849 0.01174
0.43001 0.01226
0.43151 0.01279
0.43301 0.01335
0.434480 0.01392
0.43595 0.01452
0.43741 0.01513
0.43886 0.01576
0.4403 0.0164
0.44173 0.017060
0.44314 0.01774
0.44455 0.01843
0.44594 0.01915
0.44731 0.0199
0.44867 0.02067
0.45001 0.02147
0.45134 0.02229
0.45265 0.02313
0.45395 0.024
0.45523 0.02489
0.4565 0.0258
0.45775 0.026740
0.45899 0.02771
0.46021 0.0287
0.46141 0.02972
0.46259 0.03077
0.46376 0.03185
0.46491 0.03296
0.46604 0.0341
0.46715 0.035260
0.46824 0.03646
0.46931 0.0377
0.47035 0.03897
0.47138 0.04027
0.47238 0.04161
0.47337 0.04298
0.47433 0.04438
0.47528 0.045810
0.47621 0.04726
0.47712 0.04874
0.478020 0.05025
0.4789 0.05179
0.479770 0.05334
0.48062 0.05493
0.48145 0.05654
0.48226 0.0582
0.48303 0.0599
0.48378 0.06165
0.48449 0.06344
0.48514 0.0652
0.48572 0.06684
0.486210 0.06828
0.48659 0.06942
0.48685 0.07019
0.48699 0.070540
-Inserting Flap Ga2-
0.59892 0.20756
0.59897 0.20712
0.59906 0.20625
0.59919 0.20497
0.59934 0.20335
0.59948 0.2015
0.59959000 0.19952
0.59966 0.19749
0.59965 0.19551
0.59957 0.19358
0.59943 0.19170
0.59924 0.18986
0.59902 0.18805
0.59876 0.18626
0.59848 0.1845
0.59817 0.18275
0.59784 0.181030
0.59748 0.17932
0.59711 0.17763
0.59671 0.17595
0.596290 0.17429
0.59585 0.17265
0.5954 0.17102
0.594930 0.16941
0.59444 0.1678
0.59393 0.16622
0.5934 0.16465
0.59285 0.16309
0.59228 0.16155
0.591690 0.16003
0.59109 0.15852
0.590470 0.15701
0.589840 0.15552
0.58921 0.15403
0.588570 0.15255
0.58791 0.15108
0.58724 0.14962
0.58656 0.14817
0.585860 0.14674
0.58514 0.14531
0.584410 0.1439
0.58367 0.1425
0.582910 0.14111
0.58214 0.139740
0.58135 0.13837
0.58055 0.137010
0.57974 0.13566
0.57892 0.13432
0.57808 0.13299
0.57724 0.13167
0.57638 0.13036
0.57551 0.12906
0.574620 0.12777
0.57372 0.1265
0.57281 0.12523
0.57188 0.12398
0.57093 0.12273
0.56997 0.1215
0.569 0.12028
0.56801 0.11908
0.56701 0.11788
0.56599 0.1167
0.56495 0.11553
0.5639 0.114370
0.56283 0.11323
0.561750 0.112090
0.56066 0.11097
0.55955 0.109860
0.55843 0.10875
0.5573 0.10766
0.55615 0.10658
0.55498 0.10551
0.55378 0.10447
0.552560 0.103450
0.55131 0.102450
0.55003 0.10147
0.54872 0.10052
0.54738 0.09958
0.54602 0.09867
0.544620 0.09779
0.54319 0.096930
0.54172 0.096110
0.54019 0.0953200
0.53862 0.09458
0.537 0.09387
0.53532 0.09321
0.5336 0.09258
0.53184 0.09198
0.53002 0.09143
0.52814 0.09093
0.526160 0.09051
0.52407 0.09017
0.52183 0.08995
0.51944 0.08986
0.516990 0.08991
0.51455 0.0901
0.51223 0.09044
0.51011 0.090930
0.50829 0.09157
0.50568 0.09324
0.50496 0.09421
0.50467 0.09524
0.50482 0.09629
0.50536 0.09737
0.506190 0.09844
0.50724 0.09951
0.50843 0.10055
0.50967 0.10156
0.51096 0.10253
0.51229 0.10346
0.51367 0.10436
0.51508 0.10524
0.516530 0.10608
0.518 0.1069
0.51951 0.10770
0.521040 0.10848
0.52258 0.10925
0.52414 0.11
0.52571 0.11075
0.52729 0.11149
0.52886 0.11224
0.53044 0.11298
0.53201 0.11373
0.53358 0.11448
0.5351400 0.11523
0.53669 0.116
0.53823 0.116770
0.53976 0.11755
0.54127 0.11834
0.54278 0.11914
0.54427 0.11995
0.545750 0.1207700
0.54721 0.1216
0.548670 0.12244
0.5501 0.12329
0.55153 0.124160
0.55293 0.12503
0.55433 0.12592
0.5557 0.12682
0.55706 0.12773
0.55841 0.12866
0.55974 0.1296
0.56105 0.13055
0.56234 0.131520
0.56361 0.1325
0.56487 0.1335
0.56611 0.13451
0.56732 0.13553
0.56852 0.136580
0.56971 0.13763
0.57087 0.1387
0.57202 0.13977
0.57316 0.14086
0.57429 0.14196
0.57539 0.14308
0.57648 0.14421
0.57755 0.14535
0.57859 0.14652
0.5796100 0.1477
0.58061 0.1489
0.58158 0.15012
0.582530 0.15136
0.58346 0.15261
0.584370 0.15388
0.58526 0.15517
0.586120 0.15648
0.58696 0.1578
0.58777 0.15915
0.58856 0.160520
0.58932 0.1619
0.59006 0.16331
0.59077 0.16474
0.59145 0.16619
0.5921 0.16766
0.592720 0.16916
0.59331 0.17068
0.59387 0.17223
0.59440 0.1738
0.59489 0.17540
0.59536 0.17702
0.595800 0.17866
0.59621 0.18033
0.596590 0.18201
0.59695 0.18371
0.59729 0.18544
0.59761 0.18718
0.5979 0.18894
0.59817 0.19071
0.59840 0.19251
0.59861 0.19434
0.598770 0.1962
0.59888 0.1981
0.59895 0.20003
0.5989700 0.20191
0.59896 0.20365
0.59894 0.20517
0.59891 0.20637
0.5988900 0.20718
0.59892 0.20756
*.*.Setup: Ga2.txt as Flap 1, Inverted: y, Scale = 1.0, AoA = -2.0, Reposition from (0,0) = (0, 0)*.*.
*.*.Setup: Ga2.txt as Flap 2, Inverted: y, Scale = 0.4, AoA = 32.0, Reposition from previous T.E. = (-0.0267, 0.08), Reposition from (0,0) = (0.971, -0.004)*.*.
*.*.Setup: Ga2.txt as Flap 3, Inverted: y, Scale = 0.4, AoA = 51.666666666666664, Reposition from previous T.E. = (0.04, 0.07), Reposition from (0,0) = (1.3606, 0.2613)*.*.
*.*.Setup: Scale Ratio = 0.36875*.*.