0.35063 0.05553
0.34866 0.053360
0.34581 0.0502
0.34243 0.04706
0.3383 0.04398
0.33326 0.04077
0.32715 0.03729
0.31993 0.03351
0.31168 0.029510
0.30262 0.02537
0.29302 0.02119
0.28309 0.01706
0.27298 0.01303
0.2628 0.00916
0.25258 0.00545
0.24233 0.00193
0.23201 -0.00141
0.22158 -0.0046
0.21099 -0.00764
0.20019 -0.01059
0.18915 -0.01346
0.17787 -0.01631
0.16643 -0.01913
0.15491 -0.02193
0.14348 -0.02468
0.1323 -0.02731
0.12155 -0.029750
0.1114 -0.0319
0.10195 -0.03367
0.09318 -0.03499
0.08493 -0.03585
0.07709 -0.03625
0.06959 -0.03619
0.06236 -0.035690
0.05538 -0.03475
0.04866 -0.0334
0.0422 -0.03165
0.03607 -0.02955
0.03035 -0.02717
0.02513 -0.02463
0.02052 -0.022050
0.016560 -0.01955
0.01324 -0.01719
0.010480 -0.01498
0.00819 -0.0129
0.00630 -0.010960
0.00474 -0.00915
0.00345 -0.00745
0.00239 -0.00584
0.00154 -0.0043300
0.00086 -0.00289
0.00036 -0.001520
0.000086 -0.00021
-0.00012 0.00106000
0.000005 0.00235
0.00055 0.003540
0.00154 0.00448
0.00284 0.0052
0.00437 0.00577
0.00614 0.006270
0.00818 0.00673
0.01058 0.00719
0.01345 0.00765
0.01695 0.00813
0.02133 0.00864
0.0269 0.00919
0.03392 0.00978
0.04236 0.01035
0.05186 0.0108
0.062090 0.01106
0.072960 0.01115
0.08439 0.01112
0.096190 0.01104
0.10816 0.01095
0.1201 0.01086
0.13189 0.01082
0.14350 0.01084
0.15492 0.01095
0.16614 0.011190
0.177170 0.01156
0.18804 0.0121
0.19875 0.01283
0.20932 0.01374
0.2197800 0.01486
0.23013 0.0162
0.24038 0.01776
0.25054 0.01955
0.260630 0.02157
0.27062 0.02382
0.28051 0.0263
0.29026 0.029
0.29977 0.03189
0.3089 0.03493
0.31746 0.03804
0.3252 0.04114
0.33197 0.04415
0.33772 0.04704
0.34255 0.04981
0.34657 0.05245
0.35063 0.05553
-Inserting Flap s1223rtl-
0.51742 0.14287
0.51666 0.14161
0.51556 0.13979
0.5142 0.13793
0.51248 0.13602
0.51031 0.13396
0.50764 0.13167
0.50445 0.12913
0.500790 0.12638
0.49674 0.12348
0.49242 0.12051
0.48794 0.11754
0.48337 0.1146
0.47874 0.11173
0.47408 0.10893
0.469380 0.10623
0.46464 0.1036
0.45982 0.101040
0.45491 0.098540
0.44989 0.09606
0.44475 0.0936
0.43948 0.09113
0.43414 0.088650
0.42875 0.08617
0.4234 0.083730
0.41817 0.08137
0.41312 0.07915
0.40834 0.07713
0.40388 0.07536
0.3997 0.07387
0.39573 0.07267
0.39192 0.07172
0.38823 0.07104
0.38464 0.07059
0.38112 0.07039
0.37769 0.07041
0.37436 0.07065
0.37115 0.0711
0.36811 0.07172
0.36531 0.07247
0.3628 0.073290
0.36062 0.07414
0.35876 0.07498
0.3572 0.07581
0.355880 0.07661
0.35477 0.07738
0.35383 0.07812
0.35303 0.07883
0.35236 0.07952
0.35179 0.08018
0.351330 0.08082
0.35095 0.08145
0.35066 0.082060
0.35047 0.08267
0.35040 0.08331
0.35056 0.08395
0.35096 0.08451
0.351530 0.08498
0.35222 0.08541
0.35304 0.08582
0.3540 0.08624
0.35513 0.0867
0.3565 0.0872
0.35817 0.08777
0.36027 0.08844
0.36295 0.08924
0.36634 0.09019
0.37043 0.09128
0.375050 0.09241
0.38004 0.09351
0.385370 0.09459
0.39099 0.095670
0.39679 0.09676
0.40267 0.09785
0.40854 0.09895
0.41433 0.10005
0.42003 0.10117
0.42562 0.10231
0.4311 0.1035
0.43648 0.10474
0.441760 0.10604
0.44695 0.10741
0.45205 0.10887
0.45708 0.11042
0.46203 0.11206
0.46691 0.11381
0.47173 0.11566
0.47649 0.11761
0.48118 0.11967
0.4858 0.12183
0.49032 0.12408
0.494710 0.12641
0.49891 0.12877
0.502810 0.13112
0.50632 0.13337
0.50935 0.1355
0.5119 0.13747
0.514 0.13929
0.515720 0.14096
0.51742 0.14287
-Inserting Flap s1223rtl-
0.66375 0.27603
0.663430 0.27461
0.66296 0.27253
0.662250 0.27033
0.66121 0.26798
0.6598 0.26534
0.65799 0.26233
0.655770 0.258910
0.65315 0.25515
0.65022 0.25112
0.64706 0.24695
0.64374 0.24272
0.64032 0.23849
0.6368300 0.2343
0.63328 0.230190
0.62968 0.22614
0.626 0.22216
0.62223 0.21821
0.61836 0.214290
0.61437 0.21036
0.61027 0.20640
0.606050 0.2024
0.60175 0.19837
0.59742 0.1943300
0.59311 0.19033
0.58888 0.18644
0.58479 0.18274
0.58089 0.17932
0.57721 0.17624
0.57371 0.17351
0.57032 0.17112
0.567 0.16903
0.563720 0.16721
0.56044 0.16566
0.55717 0.16436
0.55391 0.1633
0.55067 0.16248
0.54748 0.1619
0.5444 0.16153
0.54151 0.16136
0.53887 0.16136
0.53653 0.16148
0.5345 0.16169
0.53276 0.16198
0.53125 0.16232
0.52995 0.16271
0.52883 0.16311
0.52785 0.16354
0.52699 0.16398
0.52625 0.16443
0.52561 0.16489
0.52505 0.16537
0.52459 0.16586
0.52421 0.166380
0.52395 0.16697
0.5239 0.16762
0.5241 0.16827
0.52449 0.1689
0.525010 0.16953
0.52566 0.17018
0.52644 0.17088
0.52737 0.17167
0.52851 0.17257
0.52992 0.17364
0.5317 0.17493
0.533990 0.17654
0.53691 0.17851
0.54045 0.18083
0.54448 0.18335
0.54887 0.18597
0.55359 0.18867
0.55858 0.191460
0.56375 0.19432
0.56899 0.19721
0.57421 0.20009
0.57936 0.202960
0.58442 0.20582
0.58937 0.20866
0.5942 0.21151
0.59892 0.214380
0.60352 0.217280
0.60801 0.22021
0.6124 0.2232
0.61668 0.22625
0.62086 0.22937
0.62495 0.23256
0.62894 0.235830
0.63284 0.239180
0.636650 0.24261
0.64035 0.24612
0.64394 0.24968
0.64738 0.25327
0.650610 0.25683
0.65358 0.26028
0.6562 0.263530
0.65841 0.2665
0.660210 0.26917
0.66164 0.27156
0.66274 0.27369
0.66375 0.27603
*.*.Setup: s1223rtl.txt as Flap 1, Inverted: y, Scale = 1.0, AoA = 9.0, Reposition from (0,0) = (0, 0)*.*.
*.*.Setup: s1223rtl.txt as Flap 2, Inverted: y, Scale = 0.5, AoA = 20.0, Reposition from previous T.E. = (0.0, 0.075), Reposition from (0,0) = (0.9877, 0.2314)*.*.
*.*.Setup: s1223rtl.txt as Flap 3, Inverted: y, Scale = 0.5, AoA = 38.333333333333336, Reposition from previous T.E. = (0.02, 0.065), Reposition from (0,0) = (1.4775, 0.4674)*.*.
*.*.Setup: Scale Ratio = 0.355*.*.