0.34961 0.03675
0.347560 0.0347
0.34457 0.03172
0.34106 0.02879
0.33683 0.02596
0.331670 0.023040
0.32545 0.01992
0.31811 0.01656
0.309750 0.01303
0.300580 0.0094
0.29086 0.00577
0.28083 0.0022
0.270620 -0.001260
0.26036 -0.00456
0.25006 -0.0077
0.23974 -0.010650
0.22936 -0.01342
0.21888 -0.01603
0.2082500 -0.01849
0.19742 -0.02084
0.18635 -0.02312
0.17505 -0.02534
0.16359 -0.02754
0.15206 -0.029720
0.14061 -0.03184
0.12942 -0.03387
0.11866 -0.03572
0.1085 -0.03732
0.09908 -0.03858
0.09033 -0.03943
0.08213 -0.03985
0.07436 -0.03984
0.06694 -0.03939
0.05982 -0.03852
0.05297 -0.03724
0.04639 -0.03555
0.04010 -0.03349
0.03414 -0.03109
0.0286 -0.02844
0.02357 -0.02566
0.01915 -0.022870
0.01537 -0.02019
0.0122 -0.01769
0.00958 -0.01535
0.00743 -0.01318
0.005660 -0.01117
0.00421 -0.009290
0.00302 -0.00754
0.00206 -0.0059
0.00129 -0.004360
0.0007 -0.00291
0.00028 -0.00152
0.000055 -0.00021
-6e-05 0.00106
0.00012 0.00232
0.00073 0.00347
0.00176 0.00435
0.003080 0.00499
0.00462 0.005480
0.00639 0.00588
0.00844 0.00623
0.01083 0.00656
0.01369 0.00687
0.01718 0.00716
0.02154 0.007440
0.02708 0.0077
0.03405 0.00791
0.04243 0.008040
0.05184 0.008
0.06197 0.00772
0.07273 0.00724
0.08403 0.00662
0.0957 0.00594
0.10753 0.00522
0.11933 0.00452
0.130990 0.00386
0.14247 0.00328
0.153770 0.0028
0.16487 0.00245
0.1758 0.00225
0.186580 0.00222
0.19721 0.00238
0.20771 0.00274
0.21811 0.00331
0.22841 0.00409
0.23863 0.0051
0.24878 0.00635
0.25885 0.00782
0.26885 0.00953
0.27876 0.01147
0.28854 0.013640
0.29809 0.016
0.30728 0.01853
0.31591 0.02116
0.32372 0.02382
0.330570 0.02645
0.33641 0.02901
0.34133 0.0315
0.34544 0.03390
0.34961 0.03675
-Inserting Flap s1223rtl-
0.52181 0.12323
0.52106 0.121990
0.51997 0.12018
0.51863 0.11834
0.51691 0.11645
0.51477 0.11441
0.51213 0.11214000
0.508970 0.10962
0.50534 0.1069
0.50133 0.10403
0.49706 0.10109
0.49262 0.09815
0.48809 0.09524
0.48351 0.09239
0.47889 0.08962
0.47424 0.08694
0.46954 0.08434
0.46477 0.08181
0.45991 0.07933
0.45494 0.076880
0.44985 0.07444
0.44463 0.07199
0.439340 0.06954
0.43401 0.06709
0.42871 0.06467
0.42353 0.062330
0.41853 0.06013
0.4138 0.05813
0.409380 0.05638
0.40524 0.05491
0.40131 0.05371
0.397540 0.05278
0.39388 0.0521
0.390320 0.05166
0.38684 0.05145
0.383450 0.05148
0.380150 0.05172
0.37697 0.05216
0.37396 0.052770
0.37118 0.05351
0.36870 0.05433
0.36654 0.05517
0.3647 0.056010
0.36315 0.05682
0.36184 0.05761
0.360740 0.05838
0.35981 0.05911
0.35902 0.05982
0.35836 0.06050
0.35780 0.06115
0.35734 0.061790
0.35696 0.062410
0.35668 0.06301
0.35648 0.06362
0.35642 0.06425
0.35658 0.06488
0.35697 0.06544
0.35753 0.06591
0.35822 0.06633
0.35903 0.06674
0.35998 0.06716
0.36111 0.0676
0.36246 0.0681
0.36411 0.06867
0.36619 0.06933
0.36885 0.07012
0.37220 0.07107
0.37625 0.07214
0.38083 0.0732600
0.38577 0.074350
0.39105 0.07542
0.39661 0.07649
0.402350 0.07757
0.40818 0.07865
0.413990 0.07974
0.41973 0.08083
0.42537 0.08194
0.4309 0.08307
0.43633 0.08424
0.44166 0.085470
0.44689 0.08676
0.45203 0.08812
0.45708 0.08957
0.462060 0.0911
0.46696 0.092730
0.4718 0.09445
0.47657 0.09628
0.48128 0.09822
0.485920 0.10026
0.4905 0.1024
0.494980 0.104630
0.49933 0.10693
0.503480 0.10927
0.50734 0.11159
0.51081 0.11383
0.51382 0.11593
0.516340 0.11788
0.51843 0.119680
0.52013 0.12134
0.52181 0.12323
-Inserting Flap s1223rtl-
0.66015 0.25765
0.65991 0.25623
0.65956 0.25414
0.65899 0.25193
0.6581 0.24955
0.65685 0.24686
0.65524 0.24378
0.65324 0.24027
0.65087 0.2364
0.6482 0.23225
0.64531 0.22794
0.64228 0.22357
0.63914 0.21919
0.63593 0.214850
0.63266 0.21058
0.62933 0.20637
0.62592 0.20222
0.62243 0.19811
0.61883 0.194
0.61511 0.18989
0.61128 0.18574
0.60734 0.18154
0.60332 0.17731
0.59927 0.17306
0.59524 0.16886
0.59129000 0.16478
0.58746 0.16089
0.5838 0.15728
0.58034 0.15402
0.57703 0.15112
0.57382 0.14856
0.570660 0.1463
0.56752 0.14432
0.56437 0.14259
0.56121 0.14112
0.558050 0.13989
0.554890 0.13889
0.55178 0.13813
0.54875 0.13759
0.5459 0.13726
0.54329 0.1371
0.54097 0.13708
0.53895 0.13718
0.53721 0.13736
0.5357 0.13762
0.5344 0.13792
0.53326 0.13826
0.53227 0.13862
0.5314 0.13901
0.53064 0.13941
0.52998 0.13983
0.5294 0.14027
0.52891 0.14072
0.52851 0.14122
0.52822 0.14178
0.52813 0.142430
0.52829 0.14309
0.52864 0.14373
0.52912 0.14438
0.52972 0.14506
0.53045 0.1458
0.53133 0.14663
0.5324 0.14759
0.53373 0.14872
0.535420 0.15011
0.5376 0.15183
0.54037 0.153950
0.54373 0.15644
0.547570 0.15917
0.55176 0.16201
0.55628 0.16495
0.561050 0.16799
0.56599 0.171110
0.571 0.17427
0.5760 0.17743
0.580930 0.180560
0.585760 0.18367
0.59049 0.18677
0.59510 0.18987
0.5996 0.19297
0.60398 0.1961
0.60826 0.19926
0.61242 0.20247
0.61648 0.205730
0.62043 0.209060
0.62429 0.21245
0.62805 0.21591
0.63171 0.21945
0.63528 0.22306
0.63873 0.22673
0.64207 0.23046
0.64527 0.23421
0.64826 0.23792
0.651 0.2415
0.6534 0.24486
0.65541 0.24792
0.657040 0.25066
0.65831 0.25311
0.65928 0.25528
0.66015 0.25765
*.*.Setup: s1223rtl.txt as Flap 1, Inverted: y, Scale = 1.0, AoA = 6.0, Reposition from (0,0) = (0, 0)*.*.
*.*.Setup: s1223rtl.txt as Flap 2, Inverted: y, Scale = 0.5, AoA = 20.0, Reposition from previous T.E. = (0.02, 0.075), Reposition from (0,0) = (1.0145, 0.1795)*.*.
*.*.Setup: s1223rtl.txt as Flap 3, Inverted: y, Scale = 0.5, AoA = 41.666666666666664, Reposition from previous T.E. = (0.02, 0.05), Reposition from (0,0) = (1.5044, 0.4005)*.*.
*.*.Setup: Scale Ratio = 0.35154*.*.