0.35985 0.03782
0.357740 0.03572
0.35466 0.03265
0.35105 0.02964
0.34669 0.02672
0.341390 0.023720
0.33498 0.0205
0.32743 0.01705
0.318820 0.01341
0.309380 0.00968
0.29938 0.00594
0.28905 0.00226
0.278550 -0.00130
0.26798 -0.0047
0.25738 -0.00792
0.24676 -0.010960
0.23608 -0.01381
0.22529 -0.0165
0.2143500 -0.01903
0.2032 -0.02146
0.1918 -0.02379
0.18018 -0.02609
0.16838 -0.02835
0.15651 -0.030590
0.14473 -0.03278
0.13321 -0.03486
0.12213 -0.03677
0.11168 -0.03841
0.10198 -0.03971
0.09297 -0.04059
0.08453 -0.04102
0.07654 -0.04101
0.0689 -0.04055
0.06157 -0.03965
0.05452 -0.03833
0.04774 -0.03659
0.041270 -0.03447
0.03514 -0.032
0.02944 -0.02927
0.02426 -0.02641
0.01971 -0.023540
0.01582 -0.02079
0.01256 -0.0182
0.00986 -0.0158
0.00765 -0.01357
0.005830 -0.01149
0.00434 -0.009560
0.00311 -0.00776
0.00212 -0.00608
0.00133 -0.004490
0.00072 -0.00299
0.00029 -0.00157
0.000055 -0.00022
-6e-05 0.00109
0.00013 0.00239
0.00075 0.00357
0.00181 0.00448
0.003170 0.00514
0.00476 0.005640
0.00658 0.00605
0.00869 0.00642
0.01115 0.00675
0.0141 0.00707
0.01769 0.00737
0.02217 0.007660
0.02787 0.00792
0.03505 0.00815
0.04367 0.008280
0.05336 0.00823
0.06378 0.00795
0.07486 0.00745
0.08649 0.00682
0.0985 0.00611
0.11068 0.00537
0.12282 0.00465
0.134830 0.00397
0.14664 0.00337
0.158270 0.00288
0.1697 0.00252
0.18095 0.00232
0.192040 0.00229
0.20298 0.00245
0.21379 0.00282
0.2245 0.0034
0.2351 0.00421
0.24562 0.00525
0.25606 0.00653
0.26643 0.00805
0.27673 0.00981
0.28693 0.01181
0.29699 0.014040
0.30682 0.01647
0.31628 0.01907
0.32516 0.02178
0.3332 0.02452
0.340250 0.02723
0.34626 0.02986
0.35132 0.03242
0.35555 0.03490
0.35985 0.03782
-Inserting Flap s1223rtl-
0.52382 0.13237
0.52316 0.13103
0.5222 0.12908
0.52099 0.12707
0.5194 0.12498
0.51738 0.1227
0.51488 0.12013
0.51187 0.11727
0.50839 0.11415
0.50454 0.11085
0.50042 0.10745
0.49613 0.10404
0.49175 0.10064
0.48730 0.09732
0.48282 0.09407
0.47829 0.0909
0.473710 0.08781
0.46904 0.084790
0.46428 0.08181
0.45941 0.07885
0.4544 0.075890
0.44928 0.07291
0.44407 0.06992
0.43882 0.06693
0.43361 0.06398
0.4285 0.061120
0.42357 0.05841
0.4189 0.05593
0.41453 0.05374
0.41041 0.05186
0.40649 0.05028
0.40271 0.04899
0.39902 0.04796
0.39541 0.047190
0.39186 0.04667
0.38838 0.0463900
0.384970 0.04634
0.38167 0.04651
0.37853 0.04687
0.37562 0.047380
0.373 0.04799
0.37071 0.04866
0.368750 0.04935
0.36709 0.05005
0.365670 0.050740
0.36448 0.05143
0.36346 0.0521
0.36259 0.05275
0.36184 0.05339
0.36121 0.05401
0.36068 0.05462
0.36024 0.05522
0.3599 0.05581
0.35964 0.05642
0.35952 0.05706
0.35962 0.057720
0.35998 0.05833
0.36051 0.05886
0.3611800 0.05935
0.36198 0.05985
0.36291 0.060360
0.36402 0.06092
0.36536 0.06155
0.36701 0.062280
0.36909 0.06314
0.37174 0.0642
0.37509 0.06547
0.37915 0.06693
0.38374 0.06849
0.38871 0.070050
0.39403 0.07162
0.39963 0.07322
0.40542 0.07484
0.41130 0.076470
0.41716 0.0781
0.42294 0.07974
0.42863 0.08138
0.4342 0.08304
0.43967 0.08473
0.44502 0.08647
0.45027 0.08826
0.45541 0.09011
0.460460 0.09205
0.46543 0.09407
0.4703100 0.0961800
0.47511 0.09838
0.47984 0.10068
0.4845 0.10309
0.48908 0.1056
0.49358 0.1082
0.497970 0.11089
0.50222 0.11364
0.50627 0.11642
0.51003 0.11914
0.51338 0.12175
0.51627 0.12417
0.51869 0.1264
0.52066 0.12843
0.52226 0.130290
0.52382 0.13237
-Inserting Flap s1223rtl-
0.65898 0.28925
0.65882 0.28776
0.65859 0.28560
0.6581400 0.2833
0.65736 0.28079
0.65624 0.27795
0.65477 0.27469
0.65292 0.27097
0.65072 0.266850
0.64823 0.26243
0.64552 0.25783
0.64266 0.25315
0.6397 0.24846
0.63666 0.24382
0.63356 0.23923
0.63039 0.23471
0.62713 0.23024
0.62379 0.2258
0.620330 0.22137
0.61676 0.21692
0.61307 0.21243
0.60927 0.20788
0.60540 0.20328
0.60149 0.19868
0.5976 0.19412
0.59378 0.18969
0.59008 0.18546
0.58654 0.18153
0.58317 0.17798
0.57995 0.1748
0.57681 0.17198
0.5737 0.16947
0.57058 0.167240
0.56745 0.16528
0.5643 0.16358
0.56112 0.16212
0.55793 0.16091
0.55478 0.15994
0.5517 0.15921
0.5487900 0.15869
0.54612 0.15837
0.54374 0.158220
0.54166 0.15820
0.53986 0.15828
0.538290 0.15845
0.53693 0.15869
0.53575 0.15897
0.5347 0.15928
0.53379 0.15962
0.53298 0.15999
0.53228 0.16038
0.531660 0.1608
0.53113 0.16124
0.53068 0.16172
0.53035 0.16229
0.53022 0.16294
0.53035 0.16363
0.53067 0.16431
0.53113 0.16501
0.5317 0.16574
0.53241 0.16654
0.53326 0.16745
0.5343 0.1685
0.53561 0.16975
0.53726 0.17127
0.53939 0.17317
0.54211 0.17551
0.54542 0.17828
0.5492 0.18131
0.55334 0.18448
0.5578 0.18777
0.56252 0.19118
0.5674 0.19469
0.57237 0.19823
0.57732 0.201770
0.58219 0.20529
0.58697 0.20877
0.59164 0.21224
0.5962 0.2157
0.60064 0.219160
0.60495 0.2226400
0.60915 0.22614
0.61324 0.22969
0.61721 0.23328
0.62108 0.236930
0.62484 0.24065
0.6285 0.244430
0.63205 0.24828
0.63549 0.25221
0.63883 0.25619
0.64204 0.26022
0.64509 0.26426
0.64795 0.26825
0.650550 0.2721
0.65281 0.27569
0.6547 0.27896
0.6562 0.28188
0.65736 0.28446
0.65823 0.286760
0.65898 0.28925
*.*.Setup: s1223rtl.txt as Flap 1, Inverted: y, Scale = 1.0, AoA = 6.0, Reposition from (0,0) = (0, 0)*.*.
*.*.Setup: s1223rtl.txt as Flap 2, Inverted: y, Scale = 0.5, AoA = 25.0, Reposition from previous T.E. = (0.0, 0.05), Reposition from (0,0) = (0.9945, 0.1545)*.*.
*.*.Setup: s1223rtl.txt as Flap 3, Inverted: y, Scale = 0.5, AoA = 45.0, Reposition from previous T.E. = (0.02, 0.08), Reposition from (0,0) = (1.4677, 0.4458)*.*.
*.*.Setup: Scale Ratio = 0.36183*.*.