0.35653 0.05647
0.35453 0.054260
0.35163 0.05104
0.34819 0.04785
0.344 0.04472
0.33887 0.04145
0.33266 0.03791
0.32531 0.03408
0.31692 0.030
0.30772 0.02579
0.29795 0.02155
0.28785 0.01735
0.27757 0.01325
0.26722 0.00931
0.25683 0.00555
0.24641 0.00196
0.23592 -0.00144
0.22531 -0.00467
0.21454 -0.00777
0.20356 -0.01077
0.19233 -0.01369
0.18086 -0.01658
0.16923 -0.01945
0.15752 -0.0223
0.1459 -0.0251
0.13453 -0.02777
0.12359 -0.030250
0.11327 -0.03244
0.10367 -0.03424
0.09474 -0.03558
0.08636 -0.03645
0.07839 -0.03686
0.07076 -0.0368
0.06341 -0.036290
0.05631 -0.03534
0.04948 -0.03396
0.04292 -0.03218
0.03668 -0.03005
0.03086 -0.02763
0.02555 -0.02504
0.02087 -0.022420
0.016840 -0.01988
0.01346 -0.01748
0.010650 -0.01523
0.00833 -0.01312
0.006410 -0.011150
0.00482 -0.0093
0.00351 -0.00757
0.00243 -0.00594
0.00156 -0.004400
0.00088 -0.00294
0.00037 -0.001550
0.000086 -0.00022
-0.00012 0.00108000
0.000005 0.00239
0.00056 0.00360
0.00157 0.00456
0.00289 0.00529
0.00445 0.00587
0.00624 0.006370
0.00832 0.00685
0.01076 0.00731
0.01367 0.00778
0.01724 0.00827
0.02169 0.00879
0.02735 0.00935
0.03449 0.00994
0.04307 0.01052
0.05273 0.01098
0.063130 0.01125
0.074190 0.01133
0.08582 0.01131
0.097810 0.01123
0.10998 0.01113
0.12212 0.01104
0.13411 0.011
0.145920 0.01102
0.15753 0.01114
0.16893 0.011370
0.180150 0.01176
0.1912 0.01231
0.20209 0.01304
0.21285 0.01397
0.2234800 0.01511
0.234 0.01647
0.24442 0.01806
0.25476 0.01988
0.265010 0.02193
0.27518 0.02422
0.28523 0.02675
0.29514 0.02949
0.30481 0.03243
0.3141 0.03552
0.3228 0.03868
0.33067 0.04183
0.33755 0.04489
0.34341 0.04783
0.34831 0.05064
0.3524 0.05333
0.35653 0.05647
-Inserting Flap s1223rtl-
0.52613 0.14527
0.52536 0.144
0.52424 0.14214
0.52286 0.14025
0.5211 0.13831
0.51889 0.13622
0.51618 0.13389
0.51294 0.1313
0.509210 0.1285
0.5051 0.12556
0.50071 0.12254
0.49615 0.11952
0.4915 0.11653
0.48679 0.11361
0.48205 0.11077
0.477280 0.10801
0.47245 0.10534
0.46756 0.102740
0.46257 0.100190
0.45746 0.09768
0.45223 0.09517
0.44688 0.09266
0.44144 0.090140
0.43597 0.08762
0.43053 0.085140
0.4252 0.08274
0.42007 0.08048
0.41522 0.07843
0.41068 0.07663
0.40642 0.07512
0.40239 0.07389
0.39852 0.07293
0.39477 0.07223
0.39111 0.07178
0.38754 0.07157
0.38405 0.07159
0.38066 0.07184
0.3774 0.07229
0.37431 0.07293
0.37146 0.07369
0.36891 0.074530
0.36669 0.07539
0.3648 0.07625
0.36321 0.07708
0.361870 0.0779
0.36074 0.07868
0.35978 0.07944
0.35897 0.08016
0.35829 0.08086
0.35771 0.08153
0.357240 0.08218
0.35686 0.08282
0.35656 0.083440
0.35636 0.08406
0.35630 0.08471
0.35646 0.08536
0.35686 0.08593
0.357440 0.08641
0.35815 0.08685
0.35898 0.08727
0.359960 0.0877
0.36111 0.08816
0.3625 0.08866
0.3642 0.08924
0.36633 0.08992
0.36906 0.09074
0.37251 0.09171
0.37666 0.09282
0.381360 0.09396
0.38644 0.09509
0.391860 0.09618
0.39757 0.097280
0.40346 0.09838
0.40944 0.0995
0.41541 0.10061
0.4213 0.10173
0.42709 0.10287
0.43278 0.10404
0.43836 0.10524
0.44383 0.1065
0.44920 0.10782
0.45447 0.10922
0.45966 0.11071
0.46477 0.11228
0.4698 0.11395
0.47477 0.11572
0.47967 0.1176
0.48451 0.11959
0.48928 0.12168
0.49397 0.12388
0.49857 0.12617
0.503040 0.12854
0.5073 0.13094
0.511270 0.13332
0.51484 0.13562
0.51792 0.13778
0.52051 0.13978
0.52265 0.14163
0.52440 0.14334
0.52613 0.14527
-Inserting Flap s1223rtl-
0.66314 0.26684
0.66273 0.26541
0.66213 0.26333
0.66128 0.26114
0.66009 0.25881
0.6585 0.25622
0.65648 0.25327
0.65402 0.24994
0.65115 0.24627
0.647930 0.24236
0.644470 0.23831
0.64086 0.23421
0.63713 0.23012
0.63335 0.22607
0.6295 0.2221100
0.62560 0.21821
0.62163 0.21438
0.61758 0.2106
0.61342 0.206850
0.60914 0.2031
0.604730 0.19932
0.60021 0.19551
0.59561 0.19167
0.59098 0.18782
0.586360 0.18402
0.58184 0.18032
0.57747 0.17681
0.57331 0.17357
0.56939 0.17066
0.56567 0.1681
0.5621 0.16587
0.55861 0.16394
0.55516 0.16229
0.55175 0.16091
0.54835 0.15978
0.54498 0.1589
0.54164 0.15826
0.53837 0.15786
0.53522 0.15767
0.53227 0.15767
0.52959 0.15782
0.52723 0.15808
0.52518 0.15841
0.52342 0.15881
0.52192 0.15925
0.520620 0.15971
0.5195 0.1602
0.51853 0.16069
0.517690 0.16118
0.51697 0.161680
0.51634 0.16219
0.5158 0.1627
0.51536 0.16323
0.51501 0.163780
0.51478 0.16439
0.514760 0.16506
0.515 0.16571
0.51544 0.16633
0.51601 0.16693
0.51671 0.167550
0.51754 0.16822
0.51853 0.16896
0.51974 0.16981
0.52123 0.17081
0.52312 0.17202
0.525540 0.17352
0.52862 0.17535
0.532350 0.17749
0.536590 0.17981
0.5412 0.18221
0.54616 0.18467
0.55139 0.18721
0.556790 0.1898
0.56228 0.19243
0.56776 0.19505
0.57316 0.19766
0.57846 0.20025
0.58365 0.20285
0.58872 0.20546
0.593680 0.20809
0.59853 0.21076
0.60326 0.21348
0.60789 0.21625
0.612420 0.21909
0.61685 0.22201
0.62118 0.22501
0.62543 0.22809
0.62959 0.23126
0.63365 0.23452
0.63762 0.23786
0.64147 0.24126
0.64517 0.2447
0.64867 0.24813
0.65189 0.25145
0.65473 0.2546
0.657150 0.25748
0.65914 0.26008
0.660730 0.26242
0.66198 0.26453
0.66314 0.26684
*.*.Setup: s1223rtl.txt as Flap 1, Inverted: y, Scale = 1.0, AoA = 9.0, Reposition from (0,0) = (0, 0)*.*.
*.*.Setup: s1223rtl.txt as Flap 2, Inverted: y, Scale = 0.5, AoA = 20.0, Reposition from previous T.E. = (0.0, 0.075), Reposition from (0,0) = (0.9877, 0.2314)*.*.
*.*.Setup: s1223rtl.txt as Flap 3, Inverted: y, Scale = 0.5, AoA = 35.0, Reposition from previous T.E. = (-0.03, 0.05), Reposition from (0,0) = (1.4275, 0.4524)*.*.
*.*.Setup: Scale Ratio = 0.36097*.*.