0.35755 0.03758
0.355450 0.03549
0.35239 0.03244
0.34881 0.02945
0.34447 0.02655
0.33920 0.023570
0.33284 0.02037
0.32533 0.01694
0.316780 0.01332
0.30740 0.00961
0.29747 0.0059
0.2872 0.00225
0.276770 -0.001290
0.26627 -0.00467
0.25574 -0.00787
0.24518 -0.010890
0.23457 -0.01373
0.22385 -0.01639
0.2129800 -0.01891
0.2019 -0.02132
0.19058 -0.02364
0.17903 -0.02592
0.1673 -0.02817
0.15551 -0.030390
0.1438 -0.03257
0.13236 -0.03464
0.12135 -0.03653
0.11097 -0.03817
0.10133 -0.03946
0.09238 -0.04033
0.08399 -0.04076
0.07605 -0.04074
0.06846 -0.04029
0.06118 -0.0394
0.05417 -0.03808
0.04744 -0.03636
0.041010 -0.03425
0.03492 -0.0318
0.02925 -0.02909
0.02411 -0.02624
0.01958 -0.023390
0.01572 -0.02065
0.01248 -0.01809
0.0098 -0.0157
0.0076 -0.01348
0.005790 -0.01142
0.00431 -0.00950
0.00309 -0.00771
0.00211 -0.00604
0.00132 -0.004460
0.00072 -0.00297
0.00029 -0.00156
0.000055 -0.00022
-6e-05 0.00108
0.00013 0.00237
0.00075 0.00355
0.0018 0.00445
0.003150 0.00511
0.00473 0.00560
0.00654 0.00602
0.00863 0.00638
0.01108 0.00671
0.01401 0.00703
0.01757 0.00733
0.02203 0.007610
0.02769 0.00787
0.03482 0.00809
0.04339 0.008220
0.05302 0.00818
0.06338 0.0079
0.07438 0.00741
0.08594 0.00677
0.09787 0.00607
0.10997 0.00534
0.12204 0.00462
0.133960 0.00395
0.14571 0.00335
0.157260 0.00286
0.16862 0.00251
0.1798 0.0023
0.190810 0.00228
0.20168 0.00244
0.21243 0.0028
0.22306 0.00338
0.2336 0.00419
0.24405 0.00522
0.25442 0.00649
0.26473 0.008
0.27496 0.00975
0.28509 0.01173
0.29509 0.013950
0.30486 0.01636
0.31426 0.01895
0.32308 0.02164
0.33107 0.02437
0.338070 0.02705
0.34405 0.02967
0.34908 0.03222
0.35328 0.034670
0.35755 0.03758
-Inserting Flap s1223rtl-
0.5048 0.15866
0.50439 0.15724
0.503790 0.15516
0.50295 0.15299
0.50176 0.150670
0.500170 0.1480900
0.49817 0.14515
0.495720 0.14183
0.49285 0.13817
0.48965 0.13428
0.48621 0.13024
0.4826 0.12616
0.4789 0.12208
0.47512 0.118060
0.4713 0.11411
0.46741 0.11023
0.4634600 0.10641
0.45942 0.10265
0.45527 0.09891
0.45101 0.09517
0.44662 0.09141
0.44212 0.08762
0.43754 0.08379
0.432920 0.07996
0.42833 0.07617
0.423830 0.07249
0.419470 0.069
0.41533 0.06576
0.41143 0.06286
0.407720 0.06031
0.40416 0.05809
0.40068 0.05617
0.39725 0.05453
0.39385 0.05316
0.39047 0.052030
0.38711 0.05116
0.38378 0.05052
0.38053 0.05012
0.37739 0.04993
0.37445 0.04993
0.37178 0.05007
0.36943 0.05033
0.36739 0.05067
0.365640 0.05107
0.36414 0.0515
0.36285 0.05197
0.36174 0.05244
0.36077 0.05293
0.35994 0.05343
0.359210 0.05393
0.35859 0.05443
0.35805 0.05494
0.35761 0.05547
0.35726 0.05601
0.35703 0.05663
0.35702 0.05729
0.35726 0.05794
0.357690 0.05855
0.35826 0.05915
0.358950 0.05977
0.35978 0.06044
0.36077 0.06118
0.361970 0.06202
0.36346 0.06302
0.365340 0.06422
0.36775 0.06571
0.37082 0.06754
0.37453 0.06967
0.37875 0.07198
0.38335 0.07437
0.38828 0.07682
0.39349 0.07935
0.39888 0.08193
0.40435 0.08455
0.4098 0.08716
0.41518 0.08976
0.42046 0.09234
0.42563 0.09493
0.43068 0.09753
0.43562 0.10015
0.44044 0.10280
0.44516 0.10551
0.44977 0.10827
0.45428 0.111110
0.458690 0.11401
0.46301 0.117
0.467240 0.12007
0.47138 0.12323
0.47543 0.12647
0.47938 0.12979
0.48321 0.13319
0.4869 0.13661
0.49039 0.14002
0.49359 0.14334
0.49643 0.14647
0.49884 0.14934
0.50081 0.15193
0.5024 0.15426
0.50364 0.1563600
0.5048 0.15866
-Inserting Flap s1223rtl-
0.65924 0.29053
0.65883 0.28911
0.65823 0.28703
0.65739 0.28485
0.6562 0.28253
0.65462 0.27995
0.65261 0.27701
0.65016 0.27369
0.64729 0.270040
0.64409 0.26614
0.64065 0.26211
0.63704 0.25803
0.633340 0.25395
0.62956 0.24993
0.62574 0.24597
0.62185 0.24209
0.6179 0.23828
0.61386 0.234520
0.60971 0.23078
0.60545 0.22704
0.60106 0.22328
0.59656 0.21949
0.59198 0.21566
0.58736 0.21183
0.58277 0.20804
0.57827 0.20436
0.57391 0.20086
0.56977 0.19763
0.56587 0.19473
0.56216 0.19218
0.5586 0.18996
0.555120 0.18804
0.55169 0.1864
0.54829 0.18502
0.54491 0.1839
0.54155 0.18302
0.53822 0.182390
0.53497 0.18198
0.531830 0.18179
0.5289 0.18179
0.52623 0.181940
0.523870 0.1822
0.52183 0.182540
0.52008 0.18293
0.51858 0.18337
0.51729 0.183830
0.51618 0.18431
0.51521 0.1848
0.51438 0.18529
0.51365 0.18579
0.51303 0.1863
0.51249 0.18681
0.51205 0.18733
0.5117 0.18788
0.51147 0.188490
0.51146 0.18916
0.5117 0.18981
0.51213 0.19042
0.5127 0.19102
0.51339 0.19164
0.51422 0.1923
0.51521 0.193040
0.51641 0.19389
0.5179 0.19489
0.51978 0.196090
0.52219 0.19758
0.52526 0.19940
0.52897 0.20154
0.53319 0.20385
0.53779 0.20624
0.54272 0.20869
0.54793 0.21122
0.55332 0.2138
0.55879 0.21641
0.56424 0.21903
0.56962 0.22162
0.5749 0.22421
0.580070 0.2268
0.58512 0.22939
0.59006 0.23201
0.59488 0.23467
0.5996 0.23738
0.6042100 0.24014
0.60872 0.24297
0.61313 0.24588
0.61745 0.24886
0.62168 0.25194
0.62582 0.25509
0.62987 0.25834
0.63382 0.26166
0.63765 0.26505
0.64134 0.26848
0.64483 0.27189
0.64803 0.2752
0.65087 0.278330
0.65328 0.2812
0.65525 0.2838
0.65684 0.28613
0.658080 0.28822
0.65924 0.29053
*.*.Setup: s1223rtl.txt as Flap 1, Inverted: y, Scale = 1.0, AoA = 6.0, Reposition from (0,0) = (0, 0)*.*.
*.*.Setup: s1223rtl.txt as Flap 2, Inverted: y, Scale = 0.5, AoA = 35.0, Reposition from previous T.E. = (0.0, 0.05), Reposition from (0,0) = (0.9945, 0.1545)*.*.
*.*.Setup: s1223rtl.txt as Flap 3, Inverted: y, Scale = 0.5, AoA = 35.0, Reposition from previous T.E. = (0.02, 0.08), Reposition from (0,0) = (1.4241, 0.5213)*.*.
*.*.Setup: Scale Ratio = 0.35952*.*.