0.36552 0.03842
0.363370 0.03628
0.36025 0.03316
0.35658 0.0301
0.35215 0.02714
0.346760 0.024090
0.34026 0.02082
0.33258 0.01731
0.323840 0.01362
0.314250 0.00983
0.3041 0.00603
0.2936 0.0023
0.282940 -0.001320
0.2722 -0.00477
0.26144 -0.00805
0.25065 -0.011130
0.2398 -0.01403
0.22884 -0.01676
0.2177300 -0.01933
0.2064 -0.02179
0.19483 -0.02417
0.18302 -0.0265
0.17103 -0.0288
0.15897 -0.031070
0.14701 -0.03329
0.13531 -0.03541
0.12405 -0.03735
0.11344 -0.03902
0.10358 -0.04034
0.09444 -0.04123
0.08586 -0.04167
0.07774 -0.04165
0.06998 -0.04119
0.06254 -0.04028
0.05538 -0.03893
0.0485 -0.03717
0.041920 -0.03501
0.0357 -0.0325
0.0299 -0.02974
0.02465 -0.02682
0.02002 -0.023910
0.01607 -0.02111
0.01276 -0.01849
0.01002 -0.01605
0.00777 -0.01378
0.005920 -0.01168
0.0044 -0.009710
0.00316 -0.00788
0.00216 -0.00617
0.00135 -0.004560
0.00074 -0.00304
0.00029 -0.00159
0.000055 -0.00022
-6e-05 0.00111
0.00013 0.00243
0.00076 0.00363
0.00184 0.00455
0.003220 0.00522
0.00483 0.005730
0.00668 0.00615
0.00882 0.00652
0.01133 0.00686
0.01432 0.00718
0.01797 0.00749
0.02252 0.007780
0.02831 0.00805
0.0356 0.00827
0.04436 0.008410
0.0542 0.00836
0.06479 0.00807
0.07604 0.00757
0.08786 0.00692
0.10005 0.00621
0.11242 0.00546
0.12476 0.00472
0.136950 0.00404
0.14895 0.00343
0.160760 0.00293
0.17237 0.00256
0.1838 0.00236
0.195060 0.00233
0.20618 0.00249
0.21716 0.00286
0.22803 0.00346
0.2388 0.00428
0.24949 0.00534
0.26009 0.00664
0.27063 0.00818
0.28109 0.00997
0.29145 0.01199
0.30166 0.014260
0.31165 0.01673
0.32126 0.01937
0.33028 0.02213
0.33845 0.02491
0.345610 0.02765
0.35172 0.03033
0.35686 0.03293
0.36115 0.035440
0.36552 0.03842
-Inserting Flap s1223rtl-
0.53942 0.14365
0.53875 0.14229
0.53778 0.1403
0.53655 0.13826
0.53493 0.13614
0.53288 0.13382
0.53034 0.13122
0.52728 0.12831
0.52375 0.12514
0.51984 0.12178
0.51565 0.11834
0.5113 0.11486
0.50684 0.11142
0.502330 0.10804
0.49778 0.10474
0.49318 0.10152
0.488520 0.09838
0.48378 0.095310
0.47895 0.09228
0.47399 0.08928
0.46891 0.086270
0.4637 0.08325
0.45841 0.08021
0.45308 0.07717
0.44779 0.07417
0.4426 0.071270
0.4376 0.06852
0.43285 0.066
0.42841 0.06377
0.42423 0.06186
0.42024 0.06026
0.4164 0.05895
0.41266 0.0579
0.40899 0.057120
0.40539 0.05659
0.40185 0.0563100
0.398390 0.05626
0.39504 0.05643
0.39185 0.05679
0.38889 0.057310
0.38623 0.05794
0.3839 0.05862
0.381910 0.05932
0.38022 0.06003
0.378790 0.060730
0.37757 0.06143
0.37653 0.06211
0.37565 0.06277
0.37489 0.06342
0.37425 0.06405
0.37371 0.06467
0.37327 0.06528
0.37291 0.06588
0.37266 0.0665
0.37253 0.06715
0.37264 0.067820
0.373 0.06843
0.37354 0.06897
0.3742200 0.06948
0.37503 0.06998
0.37598 0.07050
0.37711 0.07107
0.37847 0.07171
0.38014 0.072450
0.38225 0.07333
0.38494 0.0744
0.38835 0.07569
0.39247 0.07718
0.39713 0.07876
0.40218 0.080350
0.40758 0.08194
0.41328 0.08356
0.41916 0.0852
0.425130 0.086860
0.43108 0.08852
0.43696 0.09018
0.44273 0.09185
0.44839 0.09354
0.45394 0.09525
0.45938 0.09702
0.46471 0.09884
0.46994 0.10072
0.475070 0.10269
0.48011 0.10474
0.4850700 0.1068800
0.48995 0.10912
0.49475 0.11146
0.49948 0.1139
0.50413 0.11645
0.5087 0.1191
0.513160 0.12183
0.51748 0.12462
0.5216 0.12744
0.52541 0.13021
0.52882 0.13285
0.53176 0.13532
0.53421 0.13758
0.53621 0.13964
0.53784 0.141530
0.53942 0.14365
-Inserting Flap s1223rtl-
0.65833 0.29196
0.65817 0.29046
0.65794 0.288260
0.6574800 0.28592
0.65669 0.28337
0.65555 0.2805
0.65405 0.27718
0.65218 0.2734
0.64994 0.269210
0.64741 0.26472
0.64466 0.26005
0.64175 0.2553
0.63875 0.25054
0.63566 0.24582
0.63251 0.24116
0.62929 0.23656
0.62599 0.23202
0.62259 0.22752
0.619080 0.22302
0.61545 0.2185
0.6117 0.21393
0.60784 0.20931
0.603910 0.20465
0.59994 0.19997
0.59599 0.19534
0.59211 0.19084
0.58835 0.18654
0.58475 0.18256
0.58133 0.17894
0.57806 0.17572
0.57487 0.17285
0.57171 0.1703
0.56855 0.168040
0.56537 0.16605
0.56216 0.16432
0.55893 0.16284
0.5557 0.16161
0.55249 0.16062
0.54937 0.15988
0.5464100 0.15935
0.5437 0.15903
0.54128 0.158870
0.53917 0.158850
0.53734 0.15894
0.535750 0.15911
0.53437 0.15935
0.53316 0.15963
0.5321 0.15995
0.53117 0.1603
0.53035 0.16068
0.52963 0.16107
0.529010 0.16149
0.52847 0.16194
0.52802 0.16243
0.52768 0.16301
0.52755 0.16367
0.52767 0.16437
0.528 0.16506
0.52847 0.16577
0.52905 0.16651
0.52977 0.16733
0.53063 0.16825
0.53169 0.16932
0.53302 0.17059
0.53469 0.17213
0.53686 0.17406
0.53962 0.17644
0.54298 0.17925
0.54682 0.18232
0.55103 0.18555
0.55556 0.18889
0.56035 0.19236
0.56532 0.19592
0.57036 0.19952
0.57538 0.203110
0.58034 0.20668
0.58519 0.21022
0.58994 0.21375
0.59456 0.21726
0.59907 0.220770
0.60346 0.224300
0.60772 0.22787
0.61187 0.23147
0.61591 0.23512
0.61984 0.238830
0.62366 0.2426
0.62737 0.246440
0.63098 0.25036
0.63448 0.25434
0.63787 0.25839
0.64112 0.26248
0.64423 0.26659
0.64713 0.27064
0.649770 0.27455
0.65207 0.2782
0.65398 0.28152
0.65551 0.28448
0.65669 0.28711
0.65757 0.289430
0.65833 0.29196
*.*.Setup: s1223rtl.txt as Flap 1, Inverted: y, Scale = 1.0, AoA = 6.0, Reposition from (0,0) = (0, 0)*.*.
*.*.Setup: s1223rtl.txt as Flap 2, Inverted: y, Scale = 0.5, AoA = 25.0, Reposition from previous T.E. = (0.02, 0.075), Reposition from (0,0) = (1.0145, 0.1795)*.*.
*.*.Setup: s1223rtl.txt as Flap 3, Inverted: y, Scale = 0.5, AoA = 45.0, Reposition from previous T.E. = (-0.03, 0.05), Reposition from (0,0) = (1.4377, 0.4408)*.*.
*.*.Setup: Scale Ratio = 0.36753*.*.