0.3856 -0.03247
0.38475 -0.033260
0.38306 -0.0348
0.380550 -0.03706
0.37737 -0.03988
0.373690 -0.04306
0.36967 -0.04639
0.3655 -0.04966
0.3613 -0.052710
0.35711 -0.05554
0.35293 -0.05817
0.34875 -0.060630
0.34458 -0.062970
0.34041 -0.06521
0.33624 -0.06736
0.33208 -0.06941
0.32792 -0.07139
0.32376 -0.07329
0.31961 -0.07512
0.31545 -0.07688
0.3113 -0.07857
0.30716 -0.0802
0.30301 -0.08177
0.29887 -0.08328
0.29472 -0.08473
0.29059 -0.08612
0.28645 -0.08745
0.28231 -0.0887
0.27818 -0.08989
0.27405 -0.09101
0.26992 -0.09209
0.2658 -0.09312
0.26167 -0.09411
0.25755 -0.09508
0.25342 -0.09601
0.2493 -0.09691
0.24518 -0.09777
0.24106 -0.09858
0.23694 -0.09933
0.23283 -0.10003
0.22871 -0.10068
0.2246 -0.10128
0.22049 -0.10184
0.21638 -0.10234
0.21227 -0.10281
0.20817 -0.103230
0.204070 -0.10361
0.19996 -0.10395
0.19586 -0.10426
0.19176 -0.10452
0.18766 -0.10474
0.18356 -0.10492
0.17947 -0.10506
0.17538 -0.105140
0.17128 -0.10517
0.16719 -0.10516
0.1631 -0.10509
0.15902 -0.10498
0.15493 -0.10481
0.15085 -0.1046
0.14677 -0.10434
0.14269 -0.10402
0.13861 -0.10365
0.13453 -0.10322
0.13046 -0.10275
0.12639 -0.10222
0.12231 -0.10166
0.11824 -0.10105
0.11418 -0.1004100
0.11011 -0.09972
0.10604 -0.09897
0.10198 -0.09815
0.09792 -0.09725
0.09387 -0.09625
0.08981 -0.09516
0.08576 -0.09397
0.08172 -0.09270
0.07767 -0.09133
0.07364 -0.08986
0.0696 -0.08829
0.06557 -0.086590
0.06154 -0.08475
0.05752 -0.08276
0.0535 -0.08059
0.049490 -0.07826
0.04549 -0.07577
0.04149 -0.07311
0.0375 -0.07031
0.03351 -0.06733
0.02953 -0.06413
0.02557 -0.060620
0.02161 -0.05671
0.01767 -0.05233
0.01378 -0.04744
0.01006 -0.042180
0.00668 -0.03674
0.00379 -0.03132
0.00154 -0.02609
8e-05 -0.02124
-0.00046 -0.013140
0.00047 -0.01011
0.00218 -0.0079
0.00465 -0.00659
0.00775 -0.00605
0.01132 -0.00614
0.0152 -0.00671
0.01924 -0.00759
0.02329 -0.008650
0.02734 -0.00987
0.03138 -0.01123
0.03542 -0.01273
0.03945 -0.01435
0.04348 -0.0161
0.04751 -0.01795
0.05153 -0.01989
0.05555 -0.02190
0.05957 -0.02398
0.06359 -0.02609
0.06761 -0.02824
0.07162 -0.03041
0.07564 -0.03259
0.07965 -0.034760
0.08367 -0.03692
0.08768 -0.03906
0.0917 -0.04117
0.09572 -0.04326
0.09974 -0.04531
0.10376 -0.04733
0.10778 -0.0493
0.1118 -0.05124
0.11583 -0.05313
0.11985 -0.05498
0.12388 -0.05679
0.12791 -0.05855
0.13194 -0.06026
0.13597 -0.06192
0.14001 -0.06353
0.14405 -0.065090
0.14808 -0.0666
0.15212 -0.06805
0.15617 -0.06945
0.16021 -0.0708
0.16426 -0.07208
0.1683 -0.07331
0.17235 -0.07448
0.17641 -0.07558
0.180460 -0.07662
0.18452 -0.0776
0.18858 -0.07852
0.19264 -0.079370
0.1967 -0.08018
0.20077 -0.08094
0.20483 -0.08165
0.2089 -0.08232
0.21297 -0.08292
0.21704 -0.08346
0.22112 -0.08393
0.22519 -0.08433
0.22927 -0.08464
0.23336 -0.084880
0.23744 -0.08505
0.24153 -0.08514
0.24562 -0.085160
0.24971 -0.0851100
0.253810 -0.08498
0.25791 -0.084770
0.26201 -0.08448
0.26611 -0.0841
0.27022 -0.08364
0.27433 -0.0831
0.27844 -0.08247
0.28256 -0.08174
0.28668 -0.08093
0.2908 -0.08002
0.29492 -0.07901
0.29905 -0.0779
0.30319 -0.07668
0.30733 -0.07535
0.31147 -0.07391
0.3156100 -0.07238
0.31976 -0.07075
0.32391 -0.06903
0.32806 -0.06723
0.33222 -0.06535
0.33638 -0.06339
0.34054 -0.06135
0.344710 -0.05923
0.34887 -0.05704
0.35304 -0.05475
0.35722 -0.05234
0.3614 -0.04979
0.36559 -0.04708
0.36975 -0.04422
0.37375 -0.04135
0.37742 -0.03863
0.38058 -0.03623
0.38308 -0.03431
0.38476 -0.03302
0.3856 -0.03247
-Inserting Flap Ga2-
0.50333 0.077690
0.50327 0.07723
0.50313 0.07633
0.50292 0.075
0.50264 0.07332
0.50229 0.0714
0.50188 0.06936
0.50141 0.06729
0.50087 0.06528
0.50028 0.06335
0.49964 0.06148
0.49896000 0.05966
0.49826 0.057890
0.49752 0.05614
0.49677 0.05442
0.49599 0.05274
0.4952 0.05107
0.49438 0.04944
0.49355 0.04782
0.4927 0.04623
0.49184 0.04466
0.49096 0.04311
0.490070 0.04158
0.48916 0.04006
0.48824 0.03857
0.4873 0.0371
0.48635 0.03564
0.48538 0.03421
0.48439 0.0328
0.48339 0.03141
0.48238 0.030040
0.48135 0.02868
0.48032 0.02734
0.47928 0.026
0.47824 0.02467
0.47718 0.02335
0.47612 0.02205
0.47504 0.02076
0.47395 0.01949
0.47285 0.01823
0.47173 0.017
0.4706 0.01577
0.46947 0.01457
0.46832 0.01338
0.46716 0.01220
0.46599 0.01103
0.46481 0.00988
0.46362 0.008740
0.46242 0.00762
0.46121 0.00650
0.45999 0.0054
0.45876 0.00431
0.457520 0.00324
0.45627 0.00218
0.45501 0.001140
0.45373 0.00012
0.45245 -0.00089
0.451150 -0.00188
0.44984 -0.00286
0.44851 -0.003820
0.44718 -0.00477
0.44583 -0.0057
0.44447 -0.00661
0.44309 -0.0075
0.44171 -0.00838
0.44031 -0.00924
0.4389 -0.01009
0.43748 -0.01093
0.436060 -0.01175
0.434620 -0.01256
0.43317 -0.01335
0.4317 -0.014120
0.43021 -0.01486
0.4287 -0.01557
0.42716 -0.01625
0.42561 -0.0169
0.424030 -0.01752
0.42242 -0.01812
0.4208 -0.01868
0.41915 -0.0192
0.41747 -0.01969
0.41575 -0.02013
0.414 -0.02053
0.41221 -0.02086
0.41038 -0.02115
0.4085 -0.021380
0.40659 -0.02156
0.40464 -0.02169
0.40266 -0.02177
0.40061 -0.02178
0.3985 -0.02169
0.39628 -0.02147
0.39396 -0.0211
0.39151 -0.02056
0.38903 -0.01986
0.38661 -0.01902
0.38435 -0.01806
0.38234 -0.017
0.38066 -0.015860
0.37845 -0.01348
0.37798 -0.0123
0.37796 -0.01119
0.37839 -0.01016
0.37922 -0.00921
0.38036 -0.00834
0.3817 -0.00754
0.38318 -0.0068
0.38471 -0.00611
0.38627 -0.00546
0.38787 -0.00487
0.3895 -0.00432
0.39117 -0.00381
0.39286 -0.00334
0.39458 -0.0029
0.39632 -0.00249
0.39807 -0.0021
0.39984 -0.00174
0.40162 -0.00138
0.40341 -0.00104
0.40521 -0.0007
0.407 -0.00037
0.4088 -0.000090
0.41059 0.0003
0.41238 0.00065
0.41416 0.00101
0.41593 0.00137
0.4177 0.00174
0.41946 0.00213
0.4212 0.00253
0.42294 0.00294
0.42467 0.00336
0.426390 0.0038
0.42809 0.00425
0.42979 0.00472
0.43147 0.0052
0.43314 0.0057
0.4348 0.00622
0.43645 0.00675
0.438090 0.0073
0.43971 0.00786
0.44132 0.00844
0.44291 0.00904
0.44449 0.00966
0.44606 0.0103
0.44762 0.01096
0.44915 0.01163
0.450680 0.01233
0.45218 0.01305
0.453670 0.01378
0.45515 0.01454
0.456620 0.01531
0.45807 0.0161
0.45952 0.0169
0.46095 0.01772
0.46237 0.01855
0.46377 0.01941
0.465150 0.02029
0.46652 0.02119
0.46787 0.02212
0.4692 0.02308
0.47051 0.02405
0.4718 0.02505
0.47308 0.02608
0.47434 0.027120
0.47558 0.0282
0.4768 0.02929
0.478 0.03042
0.47918 0.03156
0.48034 0.03274
0.48148 0.03394
0.4826 0.03518
0.4837 0.03644
0.48478 0.03773
0.48583 0.03905
0.48686 0.0404
0.48786 0.04179
0.48884 0.04321
0.48979 0.04466
0.49072 0.04615
0.49162 0.04767
0.49250 0.04922
0.49336 0.0508
0.49419 0.05240
0.49501 0.054040
0.49581 0.05569
0.49659 0.05737
0.49735 0.05908
0.4981 0.06081
0.49882 0.06257
0.499510 0.06437
0.50017 0.066220
0.50079 0.06811
0.50136 0.07005
0.50188 0.07195
0.50234 0.07372
0.502720 0.07526
0.50301 0.07649
0.50321 0.07731
0.50333 0.077690
-Inserting Flap Ga2-
0.59483 0.20483
0.59483 0.20436
0.59482 0.20345
0.59480 0.2021
0.59475 0.2004
0.59468 0.19846
0.59456 0.19637
0.594370 0.19426
0.59412 0.1922
0.5938 0.1902
0.59343 0.18826
0.59301 0.18637
0.59256 0.18451
0.59208 0.18268
0.59157 0.18087
0.59104 0.17909
0.59048 0.17734
0.5899 0.1756
0.58930 0.173890
0.58869 0.17219
0.58805 0.170520
0.58739 0.1688600
0.586720 0.16722
0.58603 0.16559
0.58533 0.16399
0.5846 0.1624
0.58386 0.16083
0.5831 0.15927
0.58232 0.15774
0.58152 0.15623
0.58071 0.15472
0.57989 0.15324
0.579050 0.15176
0.57821 0.15029
0.577360 0.14883
0.5765 0.14737
0.57563 0.14594
0.57474 0.1445100
0.57384 0.1431
0.57292 0.1417
0.57199 0.140320
0.57104 0.13896
0.57008 0.1376
0.56911 0.13626
0.56812 0.13494
0.567130 0.13362
0.56612 0.13232
0.5651 0.13102000
0.564070 0.12974
0.56303 0.128470
0.56197 0.12721
0.56091 0.12596
0.55983 0.12473
0.55874 0.12351
0.55763 0.1223
0.55651 0.12111
0.55538 0.11993
0.554230 0.11876
0.55307 0.11761
0.55189 0.11648
0.5507 0.11536
0.54949 0.11425
0.54827 0.11316
0.547040 0.11208
0.54579 0.11102
0.54452 0.10997
0.54325 0.10893
0.54196 0.10791
0.54066 0.10689
0.53935 0.10589
0.53802 0.10491
0.53667 0.10394
0.5353 0.103
0.533900 0.10209
0.53248 0.1012
0.53103 0.10034
0.52955 0.0995
0.52805 0.09869
0.52651 0.09791
0.52495 0.09716
0.52336 0.09644
0.521720 0.095770
0.52004 0.09513
0.518310 0.09455
0.51654 0.09401
0.514710 0.09352
0.512850 0.093080
0.51094 0.092670
0.50898 0.09232
0.506960 0.09203
0.50485 0.09182
0.50262 0.09173
0.50027 0.09178
0.49778 0.09197
0.49522 0.09232
0.49271 0.09281
0.49033 0.09345
0.48819 0.09422
0.48637 0.09511
0.48386 0.0971600
0.48322 0.09826
0.48304 0.09936
0.48333 0.10045
0.48402 0.1015
0.48503 0.10252
0.4862500 0.1035
0.48761 0.10444
0.48902 0.10534
0.49048 0.10619
0.49198 0.107
0.49352 0.10777
0.4951 0.10851
0.496710 0.109210
0.49835 0.10988
0.500020 0.11053
0.5017 0.111160
0.5034 0.11177
0.50512 0.11237
0.50684 0.11296
0.50857 0.11354
0.51031 0.11412
0.51204 0.1147
0.51376 0.11529
0.51548 0.11588
0.5172 0.11648
0.51891 0.11708
0.5206 0.11770
0.522290 0.118330
0.52396 0.11896
0.525630 0.11961
0.52728 0.12027
0.52892 0.12094
0.53055 0.12163
0.53216 0.12233
0.533760 0.12304
0.53535 0.12377
0.53692 0.12451
0.53848 0.12527
0.54002 0.1260400
0.54155 0.12682
0.54306 0.12762
0.544550 0.12844
0.54603 0.129270
0.5475 0.13012
0.54894 0.13099
0.55037 0.13187
0.55178 0.13277
0.55318 0.13369
0.55455 0.13463
0.55591 0.13558
0.557250 0.13655
0.55859 0.13753
0.5599 0.13853
0.56121 0.13954
0.56249 0.140560
0.56376 0.141610
0.56501 0.14267
0.56624 0.14376
0.56745 0.14486
0.568630 0.14599
0.56979 0.14714
0.57093 0.14831
0.57206 0.1495
0.57316 0.15072
0.57424 0.15195
0.575290 0.15321
0.57633 0.154490
0.57734 0.15579
0.57832 0.15711
0.579290 0.15847
0.58022 0.15984
0.58113 0.16124
0.58202 0.16267
0.58288 0.16412
0.58371 0.16561
0.58451 0.16712
0.58528 0.16866
0.58602 0.17023
0.58673 0.17184
0.58741 0.17347
0.58807 0.17513
0.5887 0.17681
0.5893 0.17851
0.58989 0.18024
0.59045 0.182
0.59099 0.18377
0.5915 0.18556
0.592 0.18738
0.592460 0.18923
0.5929 0.19111
0.59329 0.19302
0.593640 0.19499
0.59394 0.19699
0.59419 0.19894
0.5944 0.20075
0.59456 0.20234
0.594680 0.20359
0.59476 0.20443
0.59483 0.20483
*.*.Setup: Ga2.txt as Flap 1, Inverted: y, Scale = 1.0, AoA = -2.0, Reposition from (0,0) = (0, 0)*.*.
*.*.Setup: Ga2.txt as Flap 2, Inverted: y, Scale = 0.4, AoA = 37.0, Reposition from previous T.E. = (-0.0267, 0.06), Reposition from (0,0) = (0.971, -0.024)*.*.
*.*.Setup: Ga2.txt as Flap 3, Inverted: y, Scale = 0.4, AoA = 45.0, Reposition from previous T.E. = (-0.06, 0.06), Reposition from (0,0) = (1.2423, 0.261)*.*.
*.*.Setup: Scale Ratio = 0.38649*.*.