0.3528 0.03708
0.350730 0.03502
0.34771 0.03201
0.34417 0.02905
0.3399 0.02619
0.33470 0.023250
0.32842 0.0201
0.32101 0.01671
0.312570 0.01315
0.303320 0.00949
0.29352 0.00582
0.28339 0.00222
0.273090 -0.001270
0.26273 -0.00461
0.25234 -0.00777
0.24193 -0.010750
0.23145 -0.01354
0.22088 -0.01617
0.2101500 -0.01866
0.19922 -0.02103
0.18805 -0.02333
0.17665 -0.02557
0.16508 -0.0278
0.15344 -0.029990
0.14189 -0.03213
0.1306 -0.03418
0.11974 -0.03605
0.10949 -0.03766
0.09998 -0.03893
0.09115 -0.03979
0.08288 -0.04022
0.07504 -0.0402
0.06755 -0.03975
0.06036 -0.03887
0.05345 -0.03758
0.04681 -0.03587
0.040460 -0.03379
0.03445 -0.03137
0.02886 -0.0287
0.02379 -0.02589
0.01932 -0.023080
0.01551 -0.02038
0.01231 -0.01785
0.00967 -0.01549
0.0075 -0.0133
0.005710 -0.01127
0.00425 -0.009380
0.00305 -0.00761
0.00208 -0.00596
0.00131 -0.00440
0.00071 -0.00293
0.00028 -0.00154
0.000055 -0.00021
-6e-05 0.00107
0.00012 0.00234
0.00074 0.0035
0.00178 0.00439
0.003110 0.00504
0.00466 0.005530
0.00645 0.00594
0.00852 0.00629
0.01093 0.00662
0.01382 0.00693
0.01734 0.00723
0.02174 0.007510
0.02732 0.00777
0.03436 0.00799
0.04281 0.008110
0.05231 0.00807
0.06253 0.00779
0.07339 0.00731
0.0848 0.00668
0.09657 0.00599
0.10851 0.00527
0.12042 0.00456
0.132180 0.00389
0.14377 0.00331
0.155170 0.00283
0.16638 0.00247
0.17741 0.00227
0.188280 0.00225
0.199 0.0024
0.20961 0.00276
0.2201 0.00334
0.23049 0.00413
0.24081 0.00515
0.25104 0.0064
0.26121 0.00789
0.27131 0.00962
0.28131 0.01158
0.29117 0.013760
0.30081 0.01615
0.31009 0.0187
0.31879 0.02136
0.32668 0.02404
0.333580 0.02669
0.33948 0.02928
0.34444 0.03179
0.34859 0.034210
0.3528 0.03708
-Inserting Flap s1223rtl-
0.51355 0.14752
0.51291 0.1462
0.51197 0.14429
0.51078 0.14232
0.50923 0.14027
0.50725 0.13803
0.50479 0.13552
0.50184 0.13271
0.49843 0.12965
0.49465 0.12642
0.49062 0.12309
0.48641 0.11974
0.48211 0.11641
0.477760 0.11315
0.47336 0.10996
0.46892 0.10686
0.464430 0.10383
0.45986 0.100860
0.45519 0.09794
0.45041 0.09504
0.4455 0.092140
0.44048 0.08922
0.43537 0.08629
0.43022 0.08336
0.42511 0.08046
0.42011 0.077660
0.41528 0.075
0.4107 0.07257
0.4064 0.07042
0.40237 0.06858
0.39853 0.06703
0.39482 0.06576
0.39121 0.06476
0.38767 0.0640
0.38419 0.06349
0.38077 0.0632200
0.377430 0.06317
0.3742 0.06333
0.37112 0.06369
0.36826 0.064190
0.36569 0.06479
0.36345 0.06545
0.361530 0.06612
0.35989 0.06681
0.358510 0.067490
0.35734 0.06816
0.35634 0.06881
0.35548 0.06945
0.35475 0.07008
0.35414 0.07069
0.35361 0.07128
0.35318 0.07187
0.35284 0.07246
0.3526 0.07305
0.35248 0.07368
0.35258 0.074330
0.35293 0.07492
0.35345 0.07544
0.3541100 0.07593
0.35488 0.07641
0.3558 0.076920
0.35689 0.07747
0.35821 0.07808
0.35982 0.07880
0.36186 0.07964
0.36445 0.08068
0.36774 0.08192
0.37172 0.08336
0.37622 0.08489
0.3811 0.086420
0.38631 0.08796
0.3918 0.08952
0.39748 0.09111
0.403240 0.092710
0.40899 0.09431
0.41466 0.09591
0.42023 0.09752
0.4257 0.09915
0.43105 0.10081
0.4363 0.10251
0.44145 0.10427
0.44649 0.10609
0.451440 0.10798
0.45631 0.10996
0.461100 0.1120300
0.46581 0.11419
0.47044 0.11645
0.47501 0.11881
0.4795 0.12127
0.48391 0.12382
0.488210 0.12646
0.49238 0.12916
0.49635 0.13187
0.50003 0.13455
0.50333 0.1371
0.50616 0.13948
0.50853 0.14166
0.51046 0.14365
0.51203 0.145470
0.51355 0.14752
-Inserting Flap s1223rtl-
0.65978 0.28591
0.65946 0.28448
0.65899 0.2824
0.65828 0.28021
0.65724 0.27786
0.65583 0.27523
0.65402 0.27221
0.6518 0.2688
0.64919 0.26504
0.64626 0.26102
0.6431 0.25685
0.63978 0.252620
0.63636 0.24839
0.63288 0.244210
0.62933 0.2401
0.62573 0.23605
0.622050 0.23207
0.61829 0.22813
0.61442 0.22421
0.61044 0.22028
0.60633 0.21633
0.60212 0.21233
0.59782 0.2083
0.5935 0.20426
0.58919 0.20026
0.58496 0.19638
0.58088 0.19269
0.57698 0.18927
0.5733 0.18618
0.5698 0.18346
0.56642 0.18107
0.5631 0.17898
0.55982 0.17716
0.55655 0.17561
0.55328 0.174310
0.55002 0.17326
0.54678 0.17244
0.5436 0.17186
0.54052 0.17149
0.53762 0.17132
0.53499 0.17131
0.53265 0.17143
0.53062 0.17165
0.52888 0.17194
0.52738 0.17228
0.52608 0.17266
0.52495 0.17307
0.52397 0.1735
0.52312 0.17393
0.522380 0.17438
0.52173 0.174850
0.52118 0.17532
0.520710 0.17581
0.52034 0.17633
0.52008 0.17692
0.52002 0.177570
0.52022 0.17823
0.52062 0.17886
0.52114 0.179480
0.52179 0.18013
0.52256 0.180830
0.5235 0.18162
0.52463 0.18252
0.52604 0.18359
0.52783 0.184880
0.53012 0.18648
0.53303 0.188460
0.53657 0.19077
0.54059 0.19329
0.54498 0.195910
0.5497 0.19861
0.55469 0.2014
0.559850 0.204250
0.565080 0.20714
0.5703 0.21002
0.57545 0.21289
0.5805 0.21574
0.585450 0.21859
0.59028 0.22143
0.59499 0.2243
0.59959 0.22719
0.60408 0.230130
0.60846 0.23312
0.61274 0.23616
0.61692 0.23928
0.62101 0.24247
0.625 0.24574
0.62889 0.24908
0.6327 0.25251
0.6364 0.25601
0.63998 0.259570
0.64342 0.26316
0.64665 0.26672
0.649620 0.27017
0.6522300 0.27341
0.65444 0.27638
0.65624 0.27905
0.65767 0.281440
0.65877 0.28357
0.65978 0.28591
*.*.Setup: s1223rtl.txt as Flap 1, Inverted: y, Scale = 1.0, AoA = 6.0, Reposition from (0,0) = (0, 0)*.*.
*.*.Setup: s1223rtl.txt as Flap 2, Inverted: y, Scale = 0.5, AoA = 25.0, Reposition from previous T.E. = (0.0, 0.1), Reposition from (0,0) = (0.9945, 0.2045)*.*.
*.*.Setup: s1223rtl.txt as Flap 3, Inverted: y, Scale = 0.5, AoA = 38.333333333333336, Reposition from previous T.E. = (0.02, 0.08), Reposition from (0,0) = (1.4677, 0.4958)*.*.
*.*.Setup: Scale Ratio = 0.35474*.*.