0.38479 -0.0324
0.38394 -0.033190
0.38226 -0.03472
0.379760 -0.03698
0.37658 -0.0398
0.372910 -0.04297
0.3689 -0.04629
0.36473 -0.04956
0.36054 -0.05260
0.35636 -0.05542
0.35219 -0.05804
0.34802 -0.060510
0.34385 -0.062840
0.33969 -0.06507
0.33554 -0.06721
0.33138 -0.06927
0.32723 -0.07124
0.32308 -0.07314
0.31894 -0.07496
0.31479 -0.07672
0.31065 -0.07841
0.30651 -0.08003
0.30238 -0.0816
0.29824 -0.08311
0.29411 -0.08456
0.28998 -0.08594
0.28585 -0.08726
0.28172 -0.08852
0.2776 -0.0897
0.27348 -0.09082
0.26936 -0.09189
0.26524 -0.09292
0.26112 -0.09391
0.25701 -0.09488
0.25289 -0.09581
0.24878 -0.09671
0.24466 -0.09757
0.24055 -0.09837
0.23645 -0.09912
0.23234 -0.09982
0.22823 -0.10047
0.22413 -0.10107
0.22003 -0.10162
0.21593 -0.10213
0.21183 -0.10259
0.20773 -0.103010
0.203640 -0.10339
0.19954 -0.10373
0.19545 -0.10404
0.19136 -0.1043
0.18727 -0.10453
0.18318 -0.1047
0.17909 -0.10484
0.17501 -0.104920
0.17092 -0.10495
0.16684 -0.10494
0.16276 -0.10487
0.15868 -0.10476
0.15461 -0.10459
0.15053 -0.10438
0.14646 -0.10412
0.14239 -0.1038
0.13832 -0.10343
0.13425 -0.10301
0.13018 -0.10253
0.12612 -0.10201
0.12206 -0.10145
0.118 -0.10084
0.11394 -0.100200
0.10988 -0.09951
0.10582 -0.09876
0.10177 -0.09795
0.09772 -0.09704
0.09367 -0.09605
0.08963 -0.09496
0.08558 -0.09378
0.08155 -0.09250
0.07751 -0.09113
0.07348 -0.08967
0.06945 -0.0881
0.06543 -0.086410
0.06141 -0.08457
0.0574 -0.08258
0.05339 -0.08043
0.049390 -0.0781
0.0454 -0.07561
0.04141 -0.07296
0.03742 -0.07016
0.03344 -0.06719
0.02947 -0.064
0.02551 -0.060490
0.02157 -0.05659
0.01764 -0.05222
0.01375 -0.04734
0.01004 -0.042090
0.00667 -0.03666
0.00378 -0.03125
0.00154 -0.02603
8e-05 -0.02119
-0.00046 -0.013110
0.00046 -0.01009
0.00217 -0.00788
0.00464 -0.00657
0.00774 -0.00604
0.0113 -0.00613
0.01517 -0.00669
0.01919 -0.00757
0.02324 -0.008630
0.02728 -0.00985
0.03132 -0.01121
0.03535 -0.0127
0.03937 -0.01432
0.04339 -0.01607
0.04741 -0.01791
0.05143 -0.01985
0.05544 -0.021860
0.05945 -0.02393
0.06346 -0.02604
0.06746 -0.02818
0.07147 -0.03035
0.07548 -0.03252
0.07948 -0.034690
0.08349 -0.03684
0.0875 -0.03898
0.09151 -0.04109
0.09552 -0.04317
0.09953 -0.04522
0.10354 -0.04723
0.10755 -0.0492
0.11157 -0.05113
0.11558 -0.05302
0.1196 -0.05487
0.12362 -0.05667
0.12764 -0.05842
0.13167 -0.06013
0.13569 -0.06179
0.13972 -0.0634
0.14374 -0.064950
0.14777 -0.06646
0.15181 -0.06791
0.15584 -0.06931
0.15987 -0.07065
0.16391 -0.07193
0.16795 -0.07316
0.17199 -0.07432
0.17604 -0.07542
0.180080 -0.07646
0.18413 -0.07744
0.18818 -0.07835
0.19223 -0.079210
0.19629 -0.08001
0.20034 -0.08077
0.2044 -0.08148
0.20846 -0.08214
0.21252 -0.08275
0.21659 -0.08329
0.22065 -0.08376
0.22472 -0.08415
0.22879 -0.08446
0.23287 -0.08470
0.23694 -0.08487
0.24102 -0.08496
0.2451 -0.084980
0.24919 -0.0849300
0.253270 -0.0848
0.25736 -0.084590
0.26146 -0.0843
0.26555 -0.08393
0.26965 -0.08347
0.27375 -0.08293
0.27786 -0.08229
0.28196 -0.08157
0.28607 -0.08076
0.29019 -0.07985
0.29431 -0.07884
0.29843 -0.07773
0.30255 -0.07651
0.30668 -0.07519
0.31081 -0.07376
0.3149500 -0.07222
0.31909 -0.0706
0.32323 -0.06889
0.32738 -0.06709
0.33152 -0.06521
0.33567 -0.06326
0.33983 -0.06122
0.343980 -0.05911
0.34814 -0.05692
0.35231 -0.05463
0.35647 -0.05223
0.36064 -0.04968
0.36482 -0.04698
0.36897 -0.04413
0.37297 -0.04127
0.37663 -0.03855
0.37979 -0.03615
0.38227 -0.03424
0.38395 -0.03295
0.38479 -0.0324
-Inserting Flap Ga2-
0.52826 0.05788
0.52812 0.05744
0.52782 0.05658
0.52739 0.0553
0.52682 0.0537
0.52615 0.05188
0.52539 0.04994
0.52457 0.04799
0.52369 0.04611
0.52278 0.04431
0.521830 0.04259
0.52085 0.04092
0.51984 0.03929
0.51882 0.03771
0.51778 0.03615
0.51673 0.03463
0.515660 0.03313
0.514570 0.03166
0.51348 0.03022
0.512370 0.02880
0.51124 0.02741
0.51011 0.026040
0.50897 0.02469
0.50781 0.02336
0.50665 0.022050
0.50547 0.02076
0.50428 0.0195
0.50308 0.01826
0.50187 0.01705
0.50065 0.01586
0.49941 0.014680
0.49817 0.01353
0.49692 0.01238
0.49567 0.01124
0.49441 0.01012
0.49315 0.00901
0.491870 0.00791
0.49059 0.00683
0.4893 0.00577
0.488 0.00473
0.48669 0.00371
0.48537 0.0027
0.48404 0.00171
0.48271 0.00074
0.48136 -0.00022
0.48001 -0.00116000
0.47865 -0.00208
0.47729 -0.003
0.47591 -0.0039
0.47453 -0.00478
0.47314 -0.00566
0.47175 -0.006510
0.47034 -0.00735
0.46893 -0.00817
0.46751 -0.00897
0.46608 -0.00976
0.46464 -0.01053
0.46319 -0.01128
0.46173 -0.01201
0.46026 -0.01273
0.45879 -0.01343
0.4573 -0.0141
0.45581 -0.01476
0.4543 -0.0154
0.45279 -0.01603
0.45126 -0.01663
0.44973 -0.01722
0.4482 -0.0178
0.44665 -0.01836
0.4451 -0.01891
0.44353 -0.01943
0.44196 -0.01993
0.44036 -0.0204
0.43876 -0.02084
0.43713 -0.02124
0.43549 -0.02161
0.43383 -0.02195
0.43215 -0.02225
0.43046 -0.02253
0.42874 -0.02276
0.427010 -0.022940
0.42524 -0.02308
0.42345 -0.02316
0.42163 -0.02319
0.41978 -0.02315
0.4179 -0.02305
0.41599 -0.0229
0.41406 -0.02269
0.41209 -0.02242
0.41008 -0.02208
0.40801 -0.02162
0.40588 -0.02102
0.40366 -0.02025
0.40135 -0.0193
0.39903 -0.01818
0.3968 -0.01694
0.39474 -0.0156
0.392950 -0.01421
0.3915 -0.0128
0.38974 -0.010080
0.38948 -0.00884
0.38965 -0.00774
0.39026 -0.0068
0.39124 -0.00602
0.3925 -0.005360
0.39396 -0.0048
0.395540 -0.00433
0.39716 -0.00392
0.39881 -0.00356
0.40049 -0.00325
0.40219 -0.00299
0.40391 -0.00278
0.40566 -0.00261
0.40742 -0.00248
0.4092 -0.00237
0.41099 -0.00230
0.4128 -0.002240
0.41461 -0.00221
0.41643 -0.00218
0.41825 -0.0021600
0.42007 -0.00214
0.42189 -0.00212
0.4237100 -0.0021
0.42553 -0.00207
0.42734 -0.00203
0.42915 -0.00198
0.43095 -0.001920
0.43274 -0.00185
0.43453 -0.00176
0.43631 -0.00166
0.43808 -0.00154
0.43984 -0.00141
0.4416 -0.00126
0.44334 -0.00109
0.44508 -0.000910
0.44681 -0.000710
0.44853 -0.00049
0.45024 -0.00025
0.45194 0.000010
0.45364 0.00028
0.45532 0.00057
0.45699 0.00089
0.45865 0.001220
0.4603 0.001570
0.46194 0.00195
0.46357 0.00235
0.46519 0.00277
0.46679 0.00321
0.46839 0.003680
0.46997 0.0041700
0.47155 0.00467
0.47311 0.005190
0.47467 0.00573
0.47622 0.00628
0.47776 0.00686
0.47928 0.00746
0.4808 0.00808
0.4823 0.00874
0.48378 0.00942
0.48525 0.01012
0.48671 0.01085
0.48816 0.01161
0.48959 0.0124
0.49101 0.01321
0.49241 0.01405
0.4938 0.01491
0.49518 0.01581
0.49654 0.01673
0.49788 0.017690
0.49921 0.01867
0.500530 0.01969
0.50182 0.02074
0.5031 0.02182
0.50437 0.02294
0.50561 0.02409
0.50684 0.02527
0.50804 0.0265
0.50923 0.02777
0.5104 0.02907
0.51155 0.03041
0.512680 0.03178
0.5138 0.03318
0.5149 0.03461
0.51599 0.036070
0.51706 0.03756
0.51812 0.03908
0.51916 0.04062
0.52019 0.04220
0.52121 0.0438
0.5222 0.04545
0.52316 0.04715
0.5241 0.04891
0.525 0.05071
0.52584 0.05249
0.5266 0.05415
0.52724 0.0556
0.52774 0.05675
0.52807 0.05753
0.52826 0.05788
-Inserting Flap Ga2-
0.59256 0.20835
0.59267 0.2079
0.59287 0.20701
0.59316 0.20569
0.59351 0.204030
0.59388 0.20213
0.59424 0.20007
0.59455 0.19798
0.59478 0.19592
0.59493 0.19391
0.59502 0.19194
0.59505 0.19
0.59504 0.18809
0.59499 0.18621
0.59491 0.18434
0.5948 0.18249
0.59467 0.18065
0.5945 0.17884
0.59432 0.177030
0.59411 0.17525
0.59387 0.17347
0.59362 0.17171
0.59334 0.16996
0.59305 0.16823
0.59274 0.1665
0.5924 0.16479
0.59204 0.1631
0.59166 0.16142
0.59125 0.15975
0.59083 0.15809
0.59039 0.156450
0.589930 0.15481
0.58946 0.15319
0.58898 0.15156
0.58849 0.14995
0.58799 0.14834
0.58747 0.14674
0.58693 0.14516
0.586380 0.14358
0.58581 0.142010
0.58523 0.14046
0.58462 0.13891
0.584 0.13738
0.58336 0.13585
0.58271 0.13434
0.58205 0.13283
0.58137 0.13133
0.58068 0.12984
0.57997 0.12836
0.57926 0.126880
0.57852 0.125420
0.57778 0.12396
0.57701 0.12251
0.57623 0.12108
0.57544 0.11965
0.57462 0.11824
0.57379 0.11683
0.57294 0.11544
0.57208 0.11405
0.5712 0.11268
0.5703 0.11131
0.56939 0.10996
0.56845 0.108620
0.5675 0.10729
0.56653 0.10597
0.56554 0.10466
0.56454 0.10336
0.56353 0.10207
0.5625 0.10079
0.561460 0.09951
0.5604 0.098250
0.55931 0.097
0.55819 0.095770
0.55705 0.09456
0.55587 0.09337
0.55466 0.0922
0.55341 0.09105
0.55214 0.08992
0.55083 0.08881
0.54949 0.08772
0.54811 0.08666
0.54667 0.08562
0.54519 0.08462
0.54364 0.08366
0.54204 0.08273
0.54039 0.08183
0.53867 0.08097
0.53691 0.08014
0.53509 0.079340
0.53320 0.0786
0.53119 0.07791
0.52906 0.07731
0.526760 0.07681
0.52429 0.07643
0.52174 0.07618
0.51918 0.07608
0.516730 0.076150
0.514470 0.0764
0.5125 0.07685
0.50958 0.07827
0.50872 0.07919
0.508290 0.08022
0.50832 0.08133
0.50875 0.08252
0.50949 0.08374
0.51045 0.084970
0.51155 0.0862
0.51272 0.08739
0.51394 0.08855
0.51521 0.08969
0.51653 0.09079
0.51789 0.09187
0.51929 0.09292
0.52073 0.09395
0.5222 0.09497
0.52369 0.09596
0.5252 0.09695
0.52673 0.09792
0.52827 0.09889
0.52982 0.09985
0.53136 0.10082
0.532910 0.10178
0.53445 0.10275
0.53599 0.10372
0.53752 0.10469
0.53903 0.10567
0.54054 0.10666
0.54203 0.10766
0.54351 0.10866
0.54498 0.10968
0.54643 0.1107
0.547870 0.11173
0.54929 0.11277
0.5507 0.11382
0.55209 0.11488
0.55346 0.11595
0.55481 0.117030
0.556150 0.11812
0.55747 0.119230
0.55878 0.12034
0.56006 0.12147
0.56133 0.1226
0.56257 0.12375
0.5638 0.12491
0.565 0.126090
0.56618 0.12727
0.56735 0.12848
0.56849 0.12969
0.56961 0.130920
0.57071 0.13216
0.57179 0.13341
0.57286 0.13466
0.57391 0.13593
0.57494 0.13721
0.57595 0.13851
0.57695 0.13981
0.57791 0.14113
0.57886 0.14247
0.579770 0.14382
0.58066 0.14519
0.58153 0.14657
0.58237 0.14797
0.583180 0.14939
0.58397 0.150820
0.58473 0.152260
0.58547 0.15373
0.58618 0.155210
0.58686 0.1567
0.58752 0.158220
0.58814 0.15975
0.588730 0.1613
0.58929 0.16287
0.58983 0.16446
0.59032 0.16607
0.59079 0.1677
0.59122 0.16936
0.59161 0.17103
0.59197 0.17273
0.59229 0.174450
0.59258 0.17619
0.59283 0.17795
0.59305 0.17973000
0.59325 0.18153
0.59342 0.18334
0.59356 0.18517
0.59368 0.18702
0.59377 0.18888
0.59383 0.19076
0.59386 0.19266
0.593850 0.19458
0.593790 0.19653
0.59368 0.19852
0.59351 0.200530
0.59330 0.20248
0.59308 0.20429
0.59287 0.20587
0.5927 0.20711
0.59259 0.20795
0.59256 0.20835
*.*.Setup: Ga2.txt as Flap 1, Inverted: y, Scale = 1.0, AoA = -2.0, Reposition from (0,0) = (0, 0)*.*.
*.*.Setup: Ga2.txt as Flap 2, Inverted: y, Scale = 0.4, AoA = 27.0, Reposition from previous T.E. = (0.0067, 0.07), Reposition from (0,0) = (1.0043, -0.014)*.*.
*.*.Setup: Ga2.txt as Flap 3, Inverted: y, Scale = 0.4, AoA = 58.333333333333336, Reposition from previous T.E. = (-0.06, 0.06), Reposition from (0,0) = (1.3097, 0.2101)*.*.
*.*.Setup: Scale Ratio = 0.38568*.*.