0.36768 0.03864
0.365520 0.03649
0.36237 0.03336
0.35869 0.03028
0.35423 0.0273
0.348810 0.024230
0.34227 0.02095
0.33455 0.01742
0.325750 0.0137
0.316110 0.00989
0.30589 0.00607
0.29534 0.00231
0.284610 -0.001320
0.27381 -0.0048
0.26298 -0.00809
0.25213 -0.01120
0.24121 -0.01411
0.23019 -0.01686
0.2190100 -0.01945
0.20762 -0.02192
0.19598 -0.02431
0.1841 -0.02665
0.17204 -0.02897
0.15991 -0.031250
0.14787 -0.03349
0.1361 -0.03562
0.12479 -0.03757
0.11411 -0.03925
0.1042 -0.04057
0.09499 -0.04147
0.08637 -0.04191
0.0782 -0.0419
0.0704 -0.04143
0.06291 -0.04051
0.0557 -0.03916
0.04878 -0.03739
0.042170 -0.03522
0.03591 -0.0327
0.03008 -0.02991
0.02479 -0.02698
0.02014 -0.024050
0.01616 -0.02124
0.01283 -0.0186
0.01008 -0.01615
0.00782 -0.01386
0.005960 -0.01174
0.00443 -0.009770
0.00318 -0.00793
0.00217 -0.00621
0.00136 -0.004590
0.00074 -0.00306
0.00029 -0.0016
0.000055 -0.00022
-7e-05 0.00111
0.00013 0.00244
0.00077 0.00365
0.00185 0.00458
0.003240 0.00525
0.00486 0.005760
0.00672 0.00619
0.00888 0.00656
0.01139 0.0069
0.0144 0.00722
0.01807 0.00753
0.02266 0.007830
0.02848 0.0081
0.03581 0.00832
0.04462 0.008460
0.05452 0.00841
0.06517 0.00812
0.07649 0.00761
0.08838 0.00696
0.10064 0.00624
0.11308 0.00549
0.12549 0.00475
0.137760 0.00406
0.14983 0.00345
0.161710 0.00295
0.17339 0.00258
0.18489 0.00237
0.196220 0.00234
0.2074 0.00251
0.21844 0.00288
0.22938 0.00348
0.24021 0.0043
0.25096 0.00537
0.26163 0.00667
0.27223 0.00823
0.28274 0.01002
0.29317 0.01207
0.30344 0.014340
0.31349 0.01683
0.32316 0.01949
0.33223 0.02226
0.34045 0.02506
0.347650 0.02782
0.35379 0.03051
0.35896 0.03313
0.36328 0.035650
0.36768 0.03864
-Inserting Flap s1223rtl-
0.53521 0.14449
0.53454 0.14313
0.53356 0.14113
0.53232 0.13908
0.5307 0.13694
0.52863 0.13461
0.52608 0.13199
0.523 0.12906
0.51945 0.12588
0.51551 0.1225
0.5113 0.11903
0.50692 0.11554
0.50244 0.11208
0.49790 0.10867
0.49332 0.10535
0.48869 0.10212
0.484010 0.09896
0.47925 0.095870
0.47438 0.09283
0.4694 0.0898
0.46428 0.086780
0.45905 0.08374
0.45372 0.08068
0.44836 0.07763
0.44304 0.07461
0.43782 0.071690
0.43278 0.06892
0.42801 0.06639
0.42354 0.06415
0.41934 0.06223
0.41533 0.06062
0.41147 0.05929
0.4077 0.05825
0.40401 0.057460
0.40038 0.05693
0.39682 0.0566400
0.393340 0.05659
0.38997 0.05676
0.38677 0.05713
0.38379 0.057650
0.38111 0.05828
0.37877 0.05896
0.376770 0.05967
0.37507 0.06038
0.373630 0.061090
0.3724 0.06179
0.37136 0.06247
0.37047 0.06314
0.36971 0.06379
0.36907 0.06442
0.36852 0.06505
0.36808 0.06566
0.36772 0.06627
0.36746 0.06689
0.36734 0.06755
0.36744 0.068220
0.36781 0.06884
0.36835 0.06938
0.3690400 0.06989
0.36985 0.07039
0.3708 0.070920
0.37194 0.07149
0.37331 0.07213
0.37499 0.072880
0.37711 0.07376
0.37982 0.07483
0.38325 0.07614
0.38739 0.07763
0.39208 0.07922
0.39716 0.080820
0.4026 0.08242
0.40832 0.08405
0.41424 0.08571
0.420240 0.087380
0.42623 0.08905
0.43214 0.09072
0.43795 0.09239
0.44365 0.09409
0.44923 0.09582
0.4547 0.09759
0.46006 0.09942
0.46532 0.10132
0.470480 0.10329
0.47555 0.10536
0.4805400 0.1075100
0.48545 0.10976
0.49028 0.11212
0.49503 0.11458
0.49971 0.11714
0.50431 0.1198
0.50880 0.12255
0.51314 0.12536
0.51728 0.12819
0.52112 0.13098
0.52455 0.13364
0.5275 0.13611
0.52997 0.13839
0.53199 0.14047
0.53362 0.142360
0.53521 0.14449
-Inserting Flap s1223rtl-
0.65483 0.29369
0.65466 0.29217
0.65443 0.289960
0.6539600 0.28761
0.65317 0.28505
0.65203 0.28215
0.65052 0.27881
0.64863 0.27501
0.64638 0.27080
0.64384 0.26629
0.64107 0.26159
0.63815 0.25681
0.63512 0.25202
0.63202 0.24727
0.62885 0.24258
0.62561 0.23796
0.62229 0.23339
0.61887 0.22886
0.615340 0.22434
0.61169 0.21979
0.60792 0.2152
0.60404 0.21055
0.600080 0.20586
0.59609 0.20115
0.59211 0.1965
0.58821 0.19196
0.58443 0.18765
0.58081 0.18363
0.57737 0.18
0.57408 0.17675
0.57087 0.17387
0.56769 0.1713
0.56451 0.169030
0.56131 0.16703
0.55808 0.16529
0.55484 0.1638
0.55158 0.16256
0.54836 0.16157
0.54522 0.16082
0.5422400 0.16029
0.53951 0.15997
0.53708 0.159810
0.53495 0.159790
0.53311 0.15988
0.531520 0.16005
0.53013 0.16029
0.52891 0.16058
0.52785 0.1609
0.52691 0.16125
0.52609 0.16162
0.52537 0.16202
0.524740 0.16245
0.52419 0.1629
0.52374 0.16339
0.5234 0.16397
0.52327 0.16464
0.52339 0.16534
0.52372 0.16604
0.52419 0.16675
0.52478 0.1675
0.5255 0.16832
0.52637 0.16924
0.52744 0.17032
0.52877 0.17159
0.53046 0.17315
0.53263 0.17508
0.53541 0.17748
0.53879 0.1803
0.54266 0.1834
0.54688 0.18664
0.55144 0.19
0.55627 0.19349
0.56126 0.19707
0.56633 0.20069
0.57139 0.204310
0.57637 0.2079
0.58125 0.21146
0.58603 0.21501
0.59068 0.21854
0.59521 0.222080
0.59962 0.2256300
0.60392 0.22921
0.60809 0.23283
0.61215 0.23651
0.6161 0.240240
0.61994 0.24403
0.62368 0.24790
0.62731 0.25183
0.63083 0.25584
0.63424 0.25991
0.63751 0.26403
0.64064 0.26816
0.64356 0.27224
0.646210 0.27617
0.64852 0.27984
0.65045 0.28318
0.65199 0.28616
0.65318 0.2888
0.65406 0.291140
0.65483 0.29369
*.*.Setup: s1223rtl.txt as Flap 1, Inverted: y, Scale = 1.0, AoA = 6.0, Reposition from (0,0) = (0, 0)*.*.
*.*.Setup: s1223rtl.txt as Flap 2, Inverted: y, Scale = 0.5, AoA = 25.0, Reposition from previous T.E. = (0.0, 0.075), Reposition from (0,0) = (0.9945, 0.1795)*.*.
*.*.Setup: s1223rtl.txt as Flap 3, Inverted: y, Scale = 0.5, AoA = 45.0, Reposition from previous T.E. = (-0.03, 0.05), Reposition from (0,0) = (1.4177, 0.4408)*.*.
*.*.Setup: Scale Ratio = 0.3697*.*.