0.34839 0.03662
0.346340 0.03458
0.34336 0.03161
0.33987 0.02869
0.33565 0.02587
0.330510 0.022960
0.32431 0.01985
0.317 0.0165
0.308660 0.01298
0.299530 0.00937
0.28985 0.00575
0.27984 0.00219
0.269680 -0.001250
0.25944 -0.00455
0.24919 -0.00767
0.2389 -0.010610
0.22856 -0.01337
0.21812 -0.01597
0.2075200 -0.01843
0.19673 -0.02077
0.1857 -0.02304
0.17444 -0.02526
0.16301 -0.02745
0.15152 -0.029620
0.14012 -0.03173
0.12896 -0.03375
0.11824 -0.0356
0.10812 -0.03719
0.09873 -0.03845
0.09001 -0.0393
0.08184 -0.03971
0.0741 -0.0397
0.0667 -0.03926
0.05961 -0.03839
0.05278 -0.03711
0.04622 -0.03542
0.039960 -0.03337
0.03402 -0.03098
0.0285 -0.02834
0.02349 -0.02557
0.01908 -0.022790
0.01531 -0.02012
0.01216 -0.01762
0.00955 -0.0153
0.00741 -0.01314
0.005640 -0.01113
0.0042 -0.009260
0.00301 -0.00752
0.00205 -0.00588
0.00129 -0.004350
0.0007 -0.0029
0.00028 -0.00152
0.000055 -0.00021
-6e-05 0.00106
0.00012 0.00231
0.00073 0.00346
0.00175 0.00434
0.003070 0.00498
0.00461 0.005460
0.00637 0.00586
0.00841 0.00621
0.0108 0.00654
0.01365 0.00685
0.01712 0.00714
0.02147 0.007420
0.02698 0.00767
0.03393 0.00789
0.04228 0.008010
0.05166 0.00797
0.06175 0.0077
0.07248 0.00722
0.08374 0.0066
0.09536 0.00591
0.10715 0.0052
0.11891 0.0045
0.130530 0.00385
0.14197 0.00327
0.153230 0.00279
0.1643 0.00244
0.17519 0.00225
0.185920 0.00222
0.19652 0.00237
0.20698 0.00273
0.21735 0.00329
0.22761 0.00408
0.23779 0.00509
0.2479 0.00632
0.25795 0.0078
0.26791 0.0095
0.27779 0.01143
0.28753 0.013590
0.29705 0.01594
0.30621 0.01847
0.3148 0.02109
0.32259 0.02374
0.329410 0.02636
0.33523 0.02891
0.34013 0.03139
0.34423 0.033780
0.34839 0.03662
-Inserting Flap s1223rtl-
0.50708 0.15922
0.50656 0.15788
0.50581 0.15591
0.5048 0.15387
0.50345 0.15172
0.50169 0.14935
0.4995 0.14667
0.49683 0.14365
0.49374 0.14035
0.49031 0.13684
0.48662 0.13322
0.48277 0.12956
0.47883 0.12592
0.47483 0.12233
0.47078 0.118820
0.46668 0.11539
0.46251 0.11202
0.45827 0.10871
0.45393 0.10543
0.44948 0.10217
0.4449 0.09889
0.44021 0.09559
0.43544 0.09226
0.43063 0.08894
0.42585 0.08565
0.42117 0.08246
0.41664 0.07943
0.41235 0.07665
0.40831 0.07417
0.4045 0.072
0.400850 0.07015
0.39731 0.068580
0.393850 0.06728
0.39043 0.06624
0.38705 0.06543
0.38371 0.06487
0.38043 0.06453
0.37724 0.06442
0.37418 0.06450
0.37133 0.06475
0.36875 0.06512
0.36648 0.06557
0.36453 0.06607
0.36287 0.0666
0.36145 0.06715
0.36024 0.06771
0.359190 0.06827
0.3583 0.06883
0.35753 0.069380
0.35687 0.06992
0.3563 0.07047
0.35583 0.07101
0.35545 0.07156
0.35515 0.07212
0.35498 0.07273
0.35502 0.07337
0.35531 0.07399
0.35578 0.07454
0.35639 0.07508
0.35711 0.07562
0.357970 0.0762
0.359 0.07683
0.36024 0.07755
0.36176 0.07839
0.36369 0.0794
0.36616 0.08064
0.36929 0.08215
0.37308 0.083910
0.37737 0.08579
0.38204 0.08772
0.38703 0.08968
0.3923 0.09169
0.39775 0.09374
0.40328 0.09581
0.40879 0.097890
0.41424 0.09995
0.41958 0.102010
0.42482 0.10408
0.42994 0.10618
0.43496 0.10830
0.43987 0.11047
0.44467 0.11270
0.44938 0.11499
0.4540 0.11735
0.458530 0.1198
0.46298 0.122330
0.46734 0.12495
0.47163 0.12767
0.47584 0.13047
0.47996 0.13336
0.48397 0.13633
0.48784 0.13934
0.49151 0.14236
0.4949 0.1453
0.49792 0.1481
0.5005 0.15068
0.50264 0.15303
0.50437 0.15516
0.50576 0.15708
0.50708 0.15922
-Inserting Flap s1223rtl-
0.65148 0.29589
0.651160 0.29448
0.6507 0.29243
0.650 0.29026
0.64897 0.28794
0.64758 0.28534
0.64579 0.28236
0.64360 0.27899
0.64102 0.27528
0.63813 0.27131
0.635 0.26719
0.63173 0.26301
0.62836 0.25884
0.6249100 0.25471
0.62141 0.25065
0.61786 0.24665
0.61423 0.242720
0.61051 0.23883
0.60669 0.23496
0.60276 0.23108
0.5987 0.22718
0.594540 0.22323
0.5903 0.219250
0.58602 0.21526
0.58177 0.21131
0.5776 0.20748
0.57356 0.20383
0.56971 0.20045
0.56608 0.19741
0.56262 0.19472
0.55928 0.19236
0.55601 0.19029
0.552770 0.1885
0.54954 0.18697
0.54631 0.18569
0.54309 0.18464
0.53989 0.18384
0.53675 0.18326
0.53371 0.1829
0.53085 0.18273
0.52825 0.182720
0.52594 0.18284
0.52394 0.18306
0.52221 0.18334
0.52073 0.18368
0.51945 0.18406
0.51834 0.18446
0.51737 0.18488
0.51653 0.18531
0.5158 0.185760
0.51516 0.18621
0.51461 0.18668
0.51415 0.18717
0.51378 0.18768
0.51352 0.18826
0.51347 0.18890
0.51367 0.18955
0.51405 0.19017
0.514570 0.19079
0.51521 0.191430
0.51598 0.192120
0.5169 0.1929
0.51802 0.19379
0.51941 0.194840
0.52118 0.19612
0.523440 0.19771
0.52631 0.19965
0.52981 0.20194
0.53378 0.20443
0.53812 0.20701
0.54278 0.20968
0.5477 0.21243
0.5528 0.215250
0.55797 0.218100
0.56312 0.22095
0.56821 0.22378
0.5732 0.22660
0.57808 0.22941
0.58285 0.23222
0.5875 0.23505
0.59204 0.23791
0.59648 0.24080
0.6008 0.24376
0.60503 0.24676
0.60916 0.24984
0.61319 0.25299
0.61713 0.25622
0.62098 0.25952
0.624740 0.26291
0.62839 0.26637
0.63193 0.26988
0.63532 0.27342
0.638520 0.27694
0.64144 0.28034
0.64403 0.28355
0.64621 0.28648
0.647990 0.28911
0.64939 0.291470
0.65048 0.29358
0.65148 0.29589
*.*.Setup: s1223rtl.txt as Flap 1, Inverted: y, Scale = 1.0, AoA = 6.0, Reposition from (0,0) = (0, 0)*.*.
*.*.Setup: s1223rtl.txt as Flap 2, Inverted: y, Scale = 0.5, AoA = 30.0, Reposition from previous T.E. = (0.02, 0.1), Reposition from (0,0) = (1.0145, 0.2045)*.*.
*.*.Setup: s1223rtl.txt as Flap 3, Inverted: y, Scale = 0.5, AoA = 38.333333333333336, Reposition from previous T.E. = (0.02, 0.08), Reposition from (0,0) = (1.4675, 0.5345)*.*.
*.*.Setup: Scale Ratio = 0.35031*.*.