0.37805 -0.03183
0.37722 -0.032610
0.37556 -0.03412
0.373110 -0.03633
0.36999 -0.0391
0.366380 -0.04222
0.36244 -0.04548
0.35834 -0.04869
0.35423 -0.051680
0.35012 -0.05445
0.34602 -0.05703
0.34192 -0.059450
0.33783 -0.061740
0.33374 -0.06393
0.32966 -0.06604
0.32558 -0.06806
0.3215 -0.07
0.31742 -0.07186
0.31335 -0.07365
0.30928 -0.07538
0.30521 -0.07703
0.30114 -0.07863
0.29708 -0.08017
0.29302 -0.08165
0.28896 -0.08308
0.2849 -0.08444
0.28084 -0.08573
0.27679 -0.08697
0.27274 -0.08813
0.26869 -0.08923
0.26464 -0.09028
0.26059 -0.09129
0.25655 -0.09227
0.2525 -0.09322
0.24846 -0.09414
0.24442 -0.09502
0.24038 -0.09586
0.23634 -0.09665
0.2323 -0.09739
0.22827 -0.09808
0.22424 -0.09871
0.22021 -0.0993
0.21618 -0.09984
0.21215 -0.10034
0.20812 -0.10079
0.2041 -0.101210
0.200070 -0.10158
0.19605 -0.10192
0.19203 -0.10222
0.18801 -0.10248
0.18399 -0.10269
0.17997 -0.10287
0.17596 -0.103
0.17194 -0.103080
0.16793 -0.10311
0.16392 -0.1031
0.15991 -0.10303
0.1559 -0.10292
0.1519 -0.10276
0.1479 -0.10255
0.14389 -0.10229
0.13989 -0.10198
0.1359 -0.10162
0.1319 -0.1012
0.12791 -0.10074
0.12391 -0.10022
0.11992 -0.09967
0.11593 -0.09908
0.11194 -0.0984500
0.10795 -0.09777
0.10397 -0.09703
0.09999 -0.09623
0.09601 -0.09534
0.09203 -0.09437
0.08806 -0.0933
0.08409 -0.09214
0.08012 -0.090880
0.07615 -0.08954
0.07219 -0.0881
0.06824 -0.08656
0.06428 -0.08490
0.06034 -0.08309
0.05639 -0.08114
0.05246 -0.07902
0.048530 -0.07673
0.0446 -0.07428
0.04068 -0.07168
0.03677 -0.06893
0.03286 -0.06602
0.02896 -0.06288
0.02506 -0.059430
0.02119 -0.0556
0.01733 -0.0513
0.01351 -0.04651
0.00987 -0.041350
0.00655 -0.03602
0.00371 -0.0307
0.00151 -0.02558
8e-05 -0.02082
-0.00045 -0.012880
0.00046 -0.00991
0.00214 -0.00775
0.00456 -0.00646
0.0076 -0.00594
0.0111 -0.00602
0.0149 -0.00658
0.01886 -0.00744
0.02283 -0.008480
0.0268 -0.00967
0.03077 -0.01101
0.03473 -0.01248
0.03868 -0.01407
0.04263 -0.01578
0.04658 -0.0176
0.05052 -0.0195
0.05447 -0.021470
0.05841 -0.02351
0.06234 -0.02558
0.06628 -0.02769
0.07022 -0.02982
0.07416 -0.03195
0.07809 -0.034080
0.08203 -0.0362
0.08597 -0.03829
0.0899 -0.04037
0.09384 -0.04241
0.09778 -0.04442
0.10173 -0.0464
0.10567 -0.04834
0.10961 -0.05024
0.11356 -0.05209
0.11751 -0.05391
0.12146 -0.05568
0.12541 -0.0574
0.12936 -0.05908
0.13331 -0.06071
0.13727 -0.06229
0.14123 -0.063820
0.14519 -0.06529
0.14915 -0.06672
0.15311 -0.06809
0.15708 -0.06941
0.16104 -0.07067
0.16501 -0.07187
0.16898 -0.07302
0.17295 -0.0741
0.176930 -0.07512
0.18091 -0.07608
0.18489 -0.07698
0.18887 -0.077820
0.19285 -0.07861
0.19684 -0.07936
0.20082 -0.08006
0.20481 -0.08071
0.2088 -0.0813
0.21279 -0.08183
0.21679 -0.08229
0.22079 -0.08268
0.22479 -0.08299
0.22879 -0.083220
0.23279 -0.08338
0.2368 -0.08347
0.24081 -0.083490
0.24482 -0.0834400
0.248840 -0.08331
0.25286 -0.083110
0.25688 -0.08282
0.2609 -0.08246
0.26493 -0.08201
0.26896 -0.08147
0.27299 -0.08085
0.27703 -0.08014
0.28107 -0.07934
0.28511 -0.07845
0.28915 -0.07746
0.2932 -0.07637
0.29725 -0.07517
0.30131 -0.07387
0.30537 -0.07246
0.3094300 -0.07096
0.3135 -0.06936
0.31757 -0.06768
0.32164 -0.06591
0.32572 -0.06407
0.3298 -0.06215
0.33388 -0.06015
0.337960 -0.05807
0.34205 -0.05592
0.34614 -0.05367
0.35023 -0.05131
0.35433 -0.04881
0.35843 -0.04616
0.36251 -0.04336
0.36643 -0.04054
0.37003 -0.03788
0.37313 -0.03552
0.37558 -0.03364
0.37723 -0.03237
0.37805 -0.03183
-Inserting Flap Ga2-
0.51901 0.06066
0.51887 0.06022
0.51858 0.05938
0.51815 0.05812
0.5176 0.05655
0.51694 0.05476
0.51619 0.05285
0.51538 0.05094
0.51452 0.04909
0.51362 0.04733
0.512690 0.04563
0.51172 0.04399
0.51074 0.0424
0.50973 0.04084
0.50871 0.03931
0.50768 0.03781
0.506630 0.03634
0.505560 0.0349
0.50448 0.03348
0.503390 0.032090
0.50229 0.03072
0.50118 0.029370
0.50006 0.02804
0.49892 0.02674
0.49778 0.025450
0.49662 0.02419
0.49545 0.02295
0.49427 0.02173
0.49308 0.02054
0.49188 0.01937
0.49067 0.018220
0.48945 0.01708
0.48822 0.01595
0.48699 0.01484
0.48575 0.01373
0.48451 0.01264
0.483260 0.01156
0.482 0.0105
0.48073 0.00946
0.47945 0.00844
0.47817 0.00743
0.47687 0.00644
0.47557 0.00547
0.47425 0.00452
0.47293 0.00358
0.4716 0.00265000
0.47027 0.00174
0.46893 0.00084
0.46758 -4e-05
0.46622 -0.00091
0.46486 -0.00177
0.46349 -0.002610
0.46211 -0.00343
0.46072 -0.00424
0.45932 -0.00503
0.45792 -0.0058
0.4565 -0.00655
0.45508 -0.00729
0.45365 -0.00801
0.4522 -0.00872
0.45075 -0.0094
0.44929 -0.01007
0.44782 -0.01072
0.44635 -0.01135
0.44486 -0.01196
0.44336 -0.01255
0.44186 -0.01313
0.44035 -0.0137
0.43883 -0.01425
0.4373 -0.01479
0.43577 -0.0153
0.43422 -0.0158
0.43265 -0.01626
0.43107 -0.01669
0.42947 -0.01708
0.42786 -0.01745
0.42623 -0.01778
0.42458 -0.01808
0.42292 -0.01834
0.42123 -0.01857
0.419530 -0.018750
0.4178 -0.01889
0.41604 -0.01897
0.41425 -0.01899
0.41243 -0.01895
0.41058 -0.01886
0.40871 -0.01871
0.40681 -0.0185
0.40487 -0.01824
0.4029 -0.0179
0.40087 -0.01745
0.39877 -0.01686
0.39659 -0.01611
0.39432 -0.01517
0.39205 -0.01407
0.38985 -0.01285
0.38783 -0.01154
0.386070 -0.01017
0.38464 -0.00879
0.38292 -0.006110
0.38266 -0.0049
0.38282 -0.00382
0.38342 -0.00289
0.38439 -0.00212
0.38563 -0.001470
0.38707 -0.00093
0.388620 -0.00046
0.39021 -6e-05
0.39183 0.00029
0.39347 0.0006
0.39514 0.00085
0.39684 0.00106
0.39855 0.00123
0.40028 0.00136
0.40203 0.00146
0.40379 0.001530
0.40557 0.001580
0.40735 0.00162
0.40913 0.00165
0.41092 0.0016700
0.41271 0.00168
0.4145 0.0017
0.4162900 0.00172
0.41808 0.00175
0.41986 0.00179
0.42163 0.00184
0.4234 0.00190
0.42516 0.00197
0.42692 0.00206
0.42867 0.00216
0.43041 0.00228
0.43214 0.00241
0.43386 0.00256
0.43558 0.00272
0.43729 0.00290
0.43899 0.00310
0.44068 0.00331
0.44236 0.00354
0.44403 0.003790
0.44569 0.00406
0.44735 0.00435
0.44899 0.00466
0.45062 0.004990
0.45224 0.005340
0.45385 0.00571
0.45545 0.0061
0.45704 0.00651
0.45862 0.00695
0.46019 0.00740
0.46174 0.0078800
0.46329 0.00838
0.46483 0.008890
0.46636 0.00942
0.46788 0.00996
0.46939 0.01053
0.47089 0.01112
0.47238 0.01173
0.47385 0.01237
0.47531 0.01304
0.47676 0.01373
0.47819 0.01445
0.47961 0.0152
0.48101 0.01597
0.48241 0.01677
0.48379 0.01759
0.48515 0.01844
0.48651 0.01932
0.48784 0.02023
0.48916 0.021170
0.49047 0.02214
0.491760 0.02313
0.49303 0.02416
0.49429 0.02523
0.49553 0.02632
0.49676 0.02745
0.49796 0.02862
0.49915 0.02983
0.50031 0.03107
0.50146 0.03235
0.50259 0.03366
0.50370 0.03501
0.5048 0.03639
0.50588 0.0378
0.50695 0.039230
0.50801 0.04069
0.50905 0.04218
0.51007 0.0437
0.51108 0.045250
0.51208 0.04683
0.51305 0.04845
0.514 0.05012
0.51492 0.05184
0.51581 0.05361
0.51663 0.05536
0.51738 0.05699
0.518 0.05841
0.51849 0.05955
0.51883 0.06031
0.51901 0.06066
-Inserting Flap Ga2-
0.59613 0.205250
0.59618 0.2048
0.59627 0.20391
0.5964 0.202590
0.59656 0.20093
0.59671 0.19902
0.59682 0.19698
0.59689 0.1949
0.59688 0.19287
0.59679 0.19089
0.59665 0.18895
0.59646 0.18706
0.59623 0.1852
0.59597 0.18336
0.59568 0.18155
0.59536 0.17975
0.59502 0.17798
0.59466 0.17623
0.59427 0.17449
0.59386 0.17277
0.59343 0.17106
0.59298 0.16937
0.59251 0.1677
0.59203 0.16604
0.59152 0.16439
0.591 0.16276
0.59046 0.16115
0.58989 0.15955
0.58931 0.15797
0.5887 0.1564
0.58808 0.15485
0.58745 0.153310
0.5868 0.151770
0.58615 0.15024
0.58549 0.14872
0.58482 0.14721
0.58413 0.14571
0.58343 0.14422
0.58271 0.14275
0.58197 0.14128
0.58122 0.13983
0.58046 0.1384
0.57968 0.13697
0.57888 0.13555
0.57808 0.13415
0.57725 0.13275
0.57642 0.13137
0.57558 0.12999
0.574720 0.12862
0.57385 0.127270
0.572970 0.12592
0.57207 0.12458
0.57116 0.12326
0.57024 0.12195
0.5693 0.12065
0.56834 0.11936
0.5673700 0.118080
0.56639 0.11682
0.56539 0.11556
0.56437 0.11432
0.56334 0.1131
0.56229 0.11188
0.56122 0.11068
0.56014 0.10949
0.55905 0.10831
0.55793 0.10715
0.55681 0.10599
0.55567 0.10485
0.55452 0.10371
0.55336 0.10259
0.552180 0.10148
0.55098 0.10038
0.54975 0.09931
0.54849 0.09826
0.5472 0.09723
0.54589 0.09623
0.54455 0.09525
0.543170 0.09429
0.54177 0.09336
0.54034 0.09245
0.53886 0.09157
0.53735 0.09072
0.53578 0.08991
0.53417 0.08915
0.5325 0.088420
0.53078 0.08774
0.52901 0.08709
0.5272 0.08648
0.52533 0.08591
0.5234 0.0854
0.52136 0.08496
0.51921 0.08462
0.51691 0.0844
0.51446 0.0843
0.51194 0.08435
0.50943 0.08454
0.5070500 0.08489
0.50487 0.0854
0.503 0.08606
0.500320 0.08777
0.499570 0.08877
0.49928 0.08982
0.49943 0.09091
0.49999 0.09201
0.50084 0.09312
0.50192 0.09422
0.50314 0.095290
0.50442 0.09632
0.50574 0.09732
0.50711 0.09828
0.50852 0.0992
0.50997 0.1001
0.51146 0.10097
0.51298 0.10181
0.514530 0.10263
0.5161 0.10343
0.51769 0.104220
0.51929 0.105
0.5209 0.10577
0.522520 0.10653
0.52414 0.10729
0.52576 0.10806
0.52738 0.10883
0.52899 0.1096
0.53059 0.11038
0.53218 0.11116
0.53376 0.11195
0.53533 0.112750
0.53689 0.11357
0.53844 0.11439
0.53997 0.11522
0.54149 0.11606
0.543 0.11691
0.54449 0.11778
0.54597 0.118650
0.547430 0.11954
0.54888 0.120440
0.55031 0.12136
0.55172 0.12228
0.55312 0.12322
0.5545 0.12417
0.55586 0.12514
0.55721 0.12612
0.55854 0.12711
0.55985 0.12812
0.56114 0.12914
0.56241 0.13018
0.563660 0.13124
0.56489 0.1323
0.56611 0.13339
0.56731 0.13448
0.56849 0.13559
0.56966 0.13671
0.57082 0.13784
0.57195 0.13899
0.57307 0.14015
0.57417 0.141330
0.57524 0.14252
0.57629 0.14374
0.57731 0.14497
0.57831 0.14622
0.57929 0.14749
0.58025 0.14878
0.58118 0.15009
0.58209 0.15141
0.58298 0.15276
0.58384 0.15412
0.58467 0.1555
0.58548 0.15691
0.58627 0.15833
0.58702 0.15978
0.58775 0.16124
0.58845 0.16274
0.58912 0.16425
0.58976 0.16579
0.59037 0.16735
0.59094 0.16894
0.59149 0.17056
0.59199 0.1722
0.59247 0.173860
0.59292 0.17555
0.59334 0.17726
0.59374 0.17899
0.59411 0.18074
0.59446 0.18251
0.59478 0.1843
0.59508 0.18611
0.59536 0.18794
0.5956 0.18979
0.59581 0.19167
0.59598 0.19358
0.59609 0.19553
0.59616 0.19751
0.59618 0.19944
0.59617 0.20123
0.59615 0.20279
0.59612 0.204020
0.5961 0.20486
0.59613 0.205250
*.*.Setup: Ga2.txt as Flap 1, Inverted: y, Scale = 1.0, AoA = -2.0, Reposition from (0,0) = (0, 0)*.*.
*.*.Setup: Ga2.txt as Flap 2, Inverted: y, Scale = 0.4, AoA = 27.0, Reposition from previous T.E. = (0.0067, 0.08), Reposition from (0,0) = (1.0043, -0.004)*.*.
*.*.Setup: Ga2.txt as Flap 3, Inverted: y, Scale = 0.4, AoA = 51.666666666666664, Reposition from previous T.E. = (-0.06, 0.08), Reposition from (0,0) = (1.3097, 0.2401)*.*.
*.*.Setup: Scale Ratio = 0.37893*.*.