0.3682 0.0387
0.366030 0.03655
0.36289 0.03341
0.3592 0.03032
0.35473 0.02734
0.34930 0.024270
0.34275 0.02098
0.33502 0.01744
0.326210 0.01372
0.316560 0.0099
0.30633 0.00607
0.29576 0.00231
0.285010 -0.001330
0.2742 -0.00481
0.26335 -0.00811
0.25248 -0.011210
0.24155 -0.01413
0.23052 -0.01688
0.2193200 -0.01948
0.20791 -0.02195
0.19625 -0.02435
0.18436 -0.02669
0.17228 -0.02901
0.16014 -0.03130
0.14808 -0.03354
0.1363 -0.03567
0.12496 -0.03762
0.11427 -0.03931
0.10434 -0.04063
0.09513 -0.04153
0.08649 -0.04197
0.07831 -0.04196
0.0705 -0.04149
0.063 -0.04057
0.05578 -0.03922
0.04885 -0.03744
0.042230 -0.03527
0.03596 -0.03274
0.03012 -0.02995
0.02483 -0.02702
0.02017 -0.024090
0.01618 -0.02127
0.01285 -0.01863
0.01009 -0.01617
0.00783 -0.01388
0.005960 -0.01176
0.00444 -0.009790
0.00319 -0.00794
0.00217 -0.00622
0.00136 -0.004590
0.00074 -0.00306
0.00029 -0.00161
0.000055 -0.00022
-7e-05 0.00112
0.00013 0.00245
0.00077 0.00365
0.00185 0.00458
0.003240 0.00526
0.00487 0.005770
0.00673 0.00619
0.00889 0.00657
0.01141 0.00691
0.01442 0.00723
0.0181 0.00754
0.02269 0.007840
0.02852 0.00811
0.03586 0.00833
0.04468 0.008470
0.0546 0.00842
0.06526 0.00813
0.0766 0.00763
0.0885 0.00697
0.10079 0.00625
0.11324 0.0055
0.12567 0.00476
0.137950 0.00406
0.15005 0.00345
0.161940 0.00295
0.17364 0.00258
0.18515 0.00237
0.196490 0.00234
0.20769 0.00251
0.21875 0.00289
0.2297 0.00348
0.24055 0.00431
0.25132 0.00538
0.262 0.00668
0.27261 0.00824
0.28315 0.01004
0.29358 0.01208
0.30387 0.014360
0.31394 0.01685
0.32362 0.01952
0.3327 0.02229
0.34093 0.02509
0.348140 0.02786
0.35429 0.03055
0.35947 0.03318
0.3638 0.03570
0.3682 0.0387
-Inserting Flap s1223rtl-
0.51983 0.16339
0.51941 0.16192
0.518790 0.15978
0.51793 0.15754
0.5167 0.155150
0.515070 0.152500
0.513 0.14947
0.510480 0.14605
0.50753 0.14229
0.50423 0.13828
0.50069 0.13412
0.49697 0.12992
0.49316 0.12572
0.48927 0.121570
0.48533 0.1175
0.48133 0.11351
0.4772600 0.10958
0.4731 0.10571
0.46883 0.10186
0.46444 0.09801
0.45992 0.09414
0.45529 0.09023
0.45057 0.08629
0.445810 0.08234
0.44109 0.07844
0.436450 0.07465
0.431960 0.07105
0.4277 0.06772
0.42368 0.06474
0.419870 0.06211
0.4162 0.05982
0.41261 0.05785
0.40908 0.05616
0.40558 0.05474
0.4021 0.053580
0.39864 0.05268
0.39521 0.05202
0.39186 0.05161
0.38863 0.05141
0.38561 0.05141
0.38286 0.05157
0.38043 0.05183
0.37833 0.05218
0.376530 0.05259
0.37499 0.05304
0.37366 0.05351
0.37251 0.05401
0.37152 0.05451
0.37065 0.05502
0.369910 0.05553
0.36926 0.05605
0.36872 0.05658
0.36826 0.05712
0.3679 0.05768
0.36766 0.05831
0.36765 0.05899
0.3679 0.05966
0.368340 0.0603
0.36893 0.06091
0.369640 0.06155
0.37049 0.06224
0.37151 0.063
0.372750 0.06387
0.37428 0.0649
0.376220 0.06614
0.3787 0.06767
0.38186 0.06955
0.38569 0.07174
0.39003 0.07413
0.39477 0.07659
0.39985 0.07911
0.40521 0.08171
0.41076 0.08437
0.41639 0.08707
0.422 0.08975
0.42754 0.09243
0.43298 0.09509
0.4383 0.09776
0.4435 0.10043
0.44859 0.10313
0.45356 0.105870
0.45841 0.10865
0.46316 0.1115
0.46781 0.114410
0.472350 0.11741
0.4768 0.12048
0.481150 0.12364
0.48542 0.1269
0.48959 0.13024
0.49365 0.13366
0.4976 0.13715
0.5014 0.14068
0.50499 0.14419
0.50829 0.14761
0.51121 0.15083
0.51369 0.15378
0.51573 0.15645
0.51736 0.15886
0.51864 0.1610100
0.51983 0.16339
-Inserting Flap s1223rtl-
0.64185 0.29363
0.64143 0.29216
0.64081 0.29003
0.63994 0.28778
0.63872 0.2854
0.63709 0.28274
0.63502 0.27971
0.6325 0.27629
0.62955 0.272530
0.62625 0.26852
0.6227 0.26436
0.61899 0.26016
0.615170 0.25596
0.61129 0.25182
0.60735 0.24774
0.60335 0.24375
0.59928 0.23982
0.59512 0.235950
0.59085 0.2321
0.58646 0.22825
0.58194 0.22438
0.57731 0.22047
0.57259 0.21653
0.56783 0.21258
0.5631 0.20868
0.55847 0.20489
0.55398 0.20129
0.54972 0.19796
0.54569 0.19498
0.54188 0.19235
0.53821 0.19006
0.534630 0.18809
0.5311 0.1864
0.5276 0.18498
0.52412 0.18382
0.52065 0.18292
0.51723 0.182270
0.51388 0.18185
0.510650 0.18165
0.50762 0.18165
0.50487 0.181810
0.502450 0.18207
0.50035 0.182420
0.49855 0.18283
0.497 0.18328
0.49567 0.183750
0.49453 0.18425
0.49353 0.18475
0.49267 0.18526
0.49193 0.18577
0.49128 0.18629
0.49073 0.18682
0.49028 0.18736
0.48992 0.18792
0.48968 0.188550
0.48967 0.18923
0.48991 0.18991
0.49036 0.19054
0.49094 0.19116
0.49166 0.19179
0.49251 0.19248
0.49353 0.193240
0.49477 0.19411
0.4963 0.19514
0.49824 0.196380
0.50072 0.19791
0.50388 0.199790
0.5077 0.20199
0.51205 0.20437
0.51678 0.20683
0.52186 0.20935
0.52723 0.21195
0.53277 0.21462
0.5384 0.21731
0.54402 0.22
0.54956 0.22267
0.555 0.22533
0.560320 0.228
0.56552 0.23067
0.57061 0.23337
0.57558 0.23611
0.58043 0.23889
0.5851800 0.24174
0.58982 0.24466
0.59437 0.24765
0.59881 0.25072
0.60317 0.25388
0.60743 0.25714
0.6116 0.26048
0.61567 0.2639
0.61962 0.26739
0.62342 0.27092
0.62701 0.27443
0.63031 0.27785
0.63323 0.281070
0.63571 0.28402
0.63774 0.2867
0.63937 0.2891
0.640650 0.29125
0.64185 0.29363
*.*.Setup: s1223rtl.txt as Flap 1, Inverted: y, Scale = 1.0, AoA = 6.0, Reposition from (0,0) = (0, 0)*.*.
*.*.Setup: s1223rtl.txt as Flap 2, Inverted: y, Scale = 0.5, AoA = 35.0, Reposition from previous T.E. = (0.0, 0.05), Reposition from (0,0) = (0.9945, 0.1545)*.*.
*.*.Setup: s1223rtl.txt as Flap 3, Inverted: y, Scale = 0.5, AoA = 35.0, Reposition from previous T.E. = (-0.08, 0.065), Reposition from (0,0) = (1.3241, 0.5063)*.*.
*.*.Setup: Scale Ratio = 0.37023*.*.