0.38173 -0.03214
0.38089 -0.032930
0.37922 -0.03445
0.376740 -0.03669
0.37359 -0.03948
0.369940 -0.04263
0.36596 -0.04592
0.36183 -0.04916
0.35767 -0.052190
0.35353 -0.05498
0.34939 -0.05758
0.34525 -0.060020
0.34112 -0.062340
0.33699 -0.06455
0.33287 -0.06668
0.32875 -0.06872
0.32463 -0.07068
0.32051 -0.07256
0.3164 -0.07437
0.31229 -0.07611
0.30818 -0.07778
0.30407 -0.0794
0.29997 -0.08095
0.29587 -0.08245
0.29177 -0.08388
0.28767 -0.08526
0.28357 -0.08657
0.27948 -0.08781
0.27539 -0.08899
0.2713 -0.0901
0.26721 -0.09116
0.26313 -0.09218
0.25904 -0.09317
0.25496 -0.09412
0.25088 -0.09505
0.2468 -0.09594
0.24272 -0.09679
0.23864 -0.09759
0.23456 -0.09834
0.23049 -0.09903
0.22642 -0.09967
0.22235 -0.10027
0.21828 -0.10081
0.21421 -0.10132
0.21015 -0.10178
0.20608 -0.102190
0.202020 -0.10257
0.19796 -0.10291
0.1939 -0.10321
0.18984 -0.10347
0.18578 -0.10369
0.18172 -0.10387
0.17767 -0.104
0.17362 -0.104080
0.16956 -0.10412
0.16552 -0.1041
0.16147 -0.10404
0.15742 -0.10392
0.15338 -0.10376
0.14934 -0.10355
0.14529 -0.10329
0.14126 -0.10297
0.13722 -0.10261
0.13318 -0.10219
0.12915 -0.10172
0.12512 -0.1012
0.12109 -0.10064
0.11706 -0.10004
0.11303 -0.099400
0.109 -0.09872
0.10498 -0.09798
0.10096 -0.09717
0.09694 -0.09627
0.09293 -0.09529
0.08891 -0.09421
0.0849 -0.09303
0.0809 -0.091770
0.0769 -0.09041
0.0729 -0.08896
0.0689 -0.0874
0.06491 -0.085720
0.06092 -0.0839
0.05694 -0.08193
0.05297 -0.07979
0.0490 -0.07748
0.04503 -0.07501
0.04108 -0.07238
0.03712 -0.0696
0.03318 -0.06666
0.02924 -0.06349
0.02531 -0.060010
0.02139 -0.05614
0.0175 -0.0518
0.01364 -0.04696
0.00996 -0.041760
0.00661 -0.03637
0.00375 -0.031
0.00153 -0.02583
8e-05 -0.02102
-0.00045 -0.013010
0.00046 -0.01001
0.00216 -0.00782
0.00461 -0.00652
0.00767 -0.00599
0.01121 -0.00608
0.01505 -0.00664
0.01904 -0.00751
0.02306 -0.008560
0.02706 -0.00977
0.03107 -0.01112
0.03506 -0.0126
0.03906 -0.01421
0.04305 -0.01594
0.04703 -0.01777
0.05102 -0.01969
0.055 -0.021680
0.05897 -0.02373
0.06295 -0.02583
0.06693 -0.02796
0.0709 -0.03011
0.07488 -0.03226
0.07885 -0.034410
0.08283 -0.03655
0.0868 -0.03867
0.09078 -0.04076
0.09476 -0.04282
0.09874 -0.04486
0.10272 -0.04685
0.1067 -0.04881
0.11068 -0.05073
0.11467 -0.0526
0.11865 -0.05443
0.12264 -0.05622
0.12663 -0.05796
0.13062 -0.05965
0.13461 -0.0613
0.13861 -0.06289
0.1426 -0.064440
0.1466 -0.06593
0.1506 -0.06737
0.1546 -0.06876
0.1586 -0.07009
0.16261 -0.07136
0.16662 -0.07257
0.17063 -0.07373
0.17464 -0.07482
0.178650 -0.07585
0.18267 -0.07682
0.18669 -0.07773
0.19071 -0.078580
0.19473 -0.07938
0.19875 -0.08013
0.20278 -0.08083
0.2068 -0.08149
0.21083 -0.08209
0.21486 -0.08263
0.2189 -0.08309
0.22293 -0.08348
0.22697 -0.08379
0.23101 -0.084030
0.23506 -0.08419
0.23911 -0.08429
0.24315 -0.084310
0.24721 -0.0842500
0.251260 -0.08412
0.25532 -0.083920
0.25938 -0.08363
0.26344 -0.08326
0.26751 -0.08281
0.27158 -0.08227
0.27565 -0.08164
0.27972 -0.08092
0.2838 -0.08012
0.28788 -0.07922
0.29197 -0.07822
0.29605 -0.07711
0.30015 -0.07591
0.30424 -0.07459
0.30834 -0.07317
0.3124500 -0.07165
0.31655 -0.07004
0.32066 -0.06834
0.32477 -0.06656
0.32889 -0.06469
0.33301 -0.06275
0.33713 -0.06073
0.341250 -0.05864
0.34537 -0.05647
0.3495 -0.0542
0.35364 -0.05181
0.35777 -0.04929
0.36192 -0.04661
0.36604 -0.04378
0.37 -0.04094
0.37363 -0.03825
0.37677 -0.03587
0.37923 -0.03397
0.3809 -0.03269
0.38173 -0.03214
-Inserting Flap Ga2-
0.5053 0.065540
0.5052 0.065090
0.50498 0.06421
0.50466 0.06291
0.504240 0.061280
0.50374 0.05942
0.50316 0.05744
0.50251 0.05544
0.50181 0.05351
0.50106 0.051660
0.50027 0.04987
0.49944 0.0481300
0.49859 0.04644
0.497720 0.04478
0.49682 0.04316
0.49591 0.04156
0.49499 0.03999
0.49404 0.03844
0.49308 0.03692
0.49211 0.03543
0.49112 0.03395
0.49012 0.0325
0.48911 0.03107
0.48808 0.02965
0.48704 0.02826
0.48599 0.02689
0.48493 0.02554
0.48385 0.02421
0.48275 0.0229
0.481650 0.02162
0.48053 0.02035
0.4794 0.0191
0.47827 0.01786
0.477130 0.01663
0.47598 0.01541
0.47483 0.0142
0.47366 0.01301
0.472490 0.01183
0.47131 0.010670
0.47011 0.00953
0.4689 0.00841
0.46769 0.0073
0.46646 0.00621
0.46522 0.00513
0.46398 0.00407
0.46272 0.00302
0.46146 0.00199
0.46019 0.00097
0.45891 -4e-05
0.45762 -0.00104
0.45633 -0.00202
0.45502 -0.00298
0.45371 -0.00393
0.45238 -0.00487
0.45104 -0.00578
0.4497 -0.00669
0.44834 -0.00757
0.44697 -0.00844
0.4456 -0.00929
0.44421 -0.01012
0.44281 -0.010940
0.4414 -0.01174
0.43998 -0.01252
0.43855 -0.01328
0.4371 -0.01403
0.435650 -0.01476
0.43419 -0.01547
0.43272 -0.01618
0.43124 -0.01687
0.42975 -0.01754
0.42825 -0.0182
0.42674 -0.01883
0.42521 -0.01943
0.42365 -0.02
0.42208 -0.02054
0.42049 -0.02105
0.41888 -0.021520
0.41725 -0.02197
0.4156 -0.02238
0.41392 -0.02276
0.41222 -0.02309
0.4105 -0.02338
0.40873 -0.02362
0.40694 -0.0238
0.4051 -0.02392
0.403240 -0.023990
0.40134 -0.024
0.3994 -0.02396
0.39744 -0.02387
0.39542 -0.0237
0.39334 -0.02343
0.39118 -0.023020
0.38891 -0.02245
0.38655 -0.02171
0.38417 -0.0208
0.38185 -0.01977
0.3797 -0.01863
0.37781 -0.0174100
0.37625 -0.01614
0.37428 -0.0136
0.37392 -0.0124
0.37399 -0.0113
0.37451 -0.01032
0.37541 -0.00946
0.37660 -0.0087
0.378 -0.00802
0.37952 -0.00742
0.38109 -0.00687
0.38268 -0.00637
0.38431 -0.00592
0.38597 -0.005520
0.38766 -0.00516
0.38936 -0.00484
0.3911 -0.00456
0.39285 -0.0043
0.394610 -0.004070
0.39639 -0.00387
0.398180 -0.00367
0.39997 -0.00349
0.401770 -0.00331
0.40357 -0.00314
0.40537 -0.00296
0.40717 -0.00278
0.40896 -0.00259
0.41075 -0.0024
0.412530 -0.002190
0.4143 -0.00198
0.41607 -0.00175
0.41782 -0.00151
0.41957 -0.001250
0.42132 -0.00098
0.42305 -0.0007
0.42477 -0.00040
0.42648 -8e-05
0.42818 0.000250
0.42987 0.0006
0.43156 0.00096
0.43323 0.00134
0.43489 0.00174
0.43653 0.00216
0.43817 0.002590
0.4398 0.00305
0.44141 0.00352
0.44301 0.00402
0.4446 0.00453
0.44617 0.00506
0.44774 0.00562
0.44928 0.0062
0.450820 0.0068
0.45234 0.00741
0.45385 0.00805
0.45536 0.0087
0.45685 0.00936
0.45833 0.010050
0.4598 0.01075
0.46126 0.01147
0.4627 0.01222
0.46413 0.013
0.46553 0.0138
0.46693 0.01462
0.46831 0.01547
0.46967 0.01635
0.47102 0.01724
0.47235 0.01817
0.47366 0.01912
0.47496 0.02010
0.47624 0.0211
0.47751 0.02213
0.47876 0.02319
0.47998 0.02428
0.48119 0.0254
0.48239 0.02655
0.48356 0.02773
0.48471 0.028940
0.48584 0.03018
0.48695 0.03146
0.48804 0.03278
0.4891 0.03413
0.49014 0.03552
0.49116 0.03694
0.49216 0.03839
0.49315 0.039880
0.49411 0.04139
0.49506 0.04293
0.495990 0.04449
0.49691 0.04608
0.49780 0.0477
0.49869 0.04934
0.49955 0.05102
0.50039 0.05273
0.50119 0.0545
0.50197 0.05631
0.5027 0.05817
0.50338 0.06
0.50398 0.0617
0.504490 0.06319
0.50488 0.06438
0.50515 0.06517
0.5053 0.065540
-Inserting Flap Ga2-
0.59588 0.19522
0.59588 0.19477
0.59587 0.19386
0.59585 0.19252
0.59581 0.19084
0.59573000 0.18892
0.59561 0.18685
0.59543 0.18476
0.59518 0.18272
0.59487 0.18074
0.5945 0.17882
0.59409 0.17695
0.593640 0.17511
0.59316 0.1733
0.59266 0.17151
0.59213 0.16975
0.59158 0.16801
0.59101 0.16629
0.59041 0.164590
0.5898 0.16292
0.58917 0.161260
0.588520 0.15962
0.58786 0.15799
0.58718 0.15638
0.58648 0.15479
0.58576 0.15322
0.58503 0.15166
0.58428 0.15013
0.5835 0.14861
0.58271 0.14711
0.58191 0.1456200
0.58109 0.144150
0.58027 0.14269
0.57943 0.141230
0.57859 0.13978
0.57774 0.13835
0.57687 0.13692
0.57599 0.13551
0.5751 0.13412
0.57419 0.13273
0.57327 0.13137
0.57233 0.13002
0.57138 0.12868
0.57042 0.12735
0.569450 0.12603
0.56846 0.12473
0.56746 0.12344
0.56645 0.12216
0.56543 0.12089
0.5644 0.11963
0.56336 0.11838
0.5623 0.11715
0.56124 0.11593
0.56015 0.11472
0.55906 0.11352
0.55795 0.11234
0.55683 0.11118
0.55569 0.11002
0.55454 0.10888
0.55338 0.10776
0.5522 0.10665
0.551 0.10555
0.549790 0.10447
0.54857 0.10341
0.54733 0.10236
0.54608 0.1013200
0.54482 0.10029
0.54354 0.09928
0.54226 0.09827
0.54096 0.09728
0.53965 0.0963
0.53831 0.09535
0.53695 0.09442
0.53557 0.09351
0.53416 0.09263
0.532720 0.09178
0.53126 0.09095
0.52977 0.09015
0.52825 0.08938
0.52671 0.08864
0.52513 0.08793
0.52351 0.087260
0.52185 0.08663
0.52013 0.08605
0.51838 0.08552
0.51657 0.08503
0.51472 0.08459
0.51283 0.084190
0.51089 0.083840
0.50889 0.08356
0.5068 0.08336
0.5046 0.083270
0.50227 0.08331
0.4998 0.0835
0.49728 0.08385
0.494790 0.08433
0.49244 0.08496
0.49032 0.08572
0.48852 0.08661
0.48602 0.08864
0.4854 0.08973
0.48522 0.09082
0.48551 0.09189
0.48619 0.09293
0.48718 0.09394
0.48839 0.09491
0.48974 0.09584
0.49114 0.09673
0.49258 0.09757
0.49407 0.09838
0.4956 0.09914
0.49716 0.09987
0.49875 0.100570
0.50037 0.10123
0.50202 0.10187
0.50369 0.10250
0.50538 0.1031
0.50707 0.10369
0.50878 0.10427
0.51049 0.10485
0.51221 0.10543
0.51392 0.106
0.51563 0.10658
0.51734 0.10717
0.51903 0.10776
0.52072 0.10836
0.5224 0.1089700
0.52407 0.109590
0.52573 0.11022
0.52738 0.11086
0.52901 0.11152
0.53064 0.11218
0.53225 0.11286
0.53384 0.11355
0.53543 0.11426
0.537 0.11498
0.53855 0.11571
0.5401 0.11646
0.54162 0.117220
0.54314 0.118
0.544630 0.11879
0.54611 0.1196
0.54758 0.120420
0.54903 0.12127
0.55046 0.122120
0.55187 0.123
0.55327 0.12389
0.55465 0.1248
0.55601 0.12573
0.55736 0.12668
0.55869 0.12763
0.56 0.12861
0.56131 0.12959
0.5626 0.13059
0.56387 0.13160
0.56513 0.132640
0.56637 0.13369
0.567580 0.13477
0.56877 0.13586
0.56995 0.13698
0.5711 0.13812
0.57223 0.13928
0.57334 0.14046
0.57443 0.14166
0.5755 0.14288
0.57654 0.14412
0.57757 0.145390
0.57857 0.146680
0.57954 0.14799
0.5805 0.14933
0.58142 0.15069
0.58233 0.15208
0.5832 0.15349
0.58405 0.15493
0.58487 0.1564
0.58567 0.15789
0.586430 0.15942
0.58716 0.16098
0.587860 0.16256
0.58854 0.16418
0.58919 0.16582
0.58981 0.16749
0.59041 0.16917
0.59099 0.17089
0.59155 0.17262
0.59208 0.17438
0.59259 0.17615
0.59308 0.17795
0.59354 0.17978
0.59397 0.18164
0.59436 0.18354
0.59471 0.18548
0.59501 0.18746
0.59526 0.18939
0.59546 0.19119
0.59562 0.19276
0.59574 0.194
0.59581 0.19483
0.59588 0.19522
*.*.Setup: Ga2.txt as Flap 1, Inverted: y, Scale = 1.0, AoA = -2.0, Reposition from (0,0) = (0, 0)*.*.
*.*.Setup: Ga2.txt as Flap 2, Inverted: y, Scale = 0.4, AoA = 32.0, Reposition from previous T.E. = (-0.0267, 0.06), Reposition from (0,0) = (0.971, -0.024)*.*.
*.*.Setup: Ga2.txt as Flap 3, Inverted: y, Scale = 0.4, AoA = 45.0, Reposition from previous T.E. = (-0.06, 0.07), Reposition from (0,0) = (1.2606, 0.2413)*.*.
*.*.Setup: Scale Ratio = 0.38262*.*.