0.35988 0.03783
0.357770 0.03572
0.35469 0.03265
0.35108 0.02964
0.34672 0.02672
0.341420 0.023720
0.33501 0.0205
0.32746 0.01705
0.318850 0.01341
0.309410 0.00968
0.29941 0.00594
0.28908 0.00226
0.278580 -0.00130
0.268 -0.0047
0.25741 -0.00792
0.24678 -0.010960
0.2361 -0.01381
0.22531 -0.0165
0.2143700 -0.01904
0.20322 -0.02146
0.19182 -0.0238
0.1802 -0.02609
0.16839 -0.02835
0.15652 -0.030590
0.14474 -0.03278
0.13322 -0.03486
0.12214 -0.03677
0.11169 -0.03842
0.10199 -0.03971
0.09298 -0.04059
0.08454 -0.04102
0.07654 -0.04101
0.06891 -0.04055
0.06157 -0.03966
0.05452 -0.03833
0.04775 -0.03659
0.041270 -0.03447
0.03515 -0.032
0.02944 -0.02928
0.02427 -0.02641
0.01971 -0.023540
0.01582 -0.02079
0.01256 -0.01821
0.00987 -0.0158
0.00765 -0.01357
0.005830 -0.0115
0.00434 -0.009560
0.00311 -0.00776
0.00212 -0.00608
0.00133 -0.004490
0.00072 -0.00299
0.00029 -0.00157
0.000055 -0.00022
-6e-05 0.00109
0.00013 0.00239
0.00075 0.00357
0.00181 0.00448
0.003170 0.00514
0.00476 0.005640
0.00658 0.00605
0.00869 0.00642
0.01115 0.00675
0.0141 0.00707
0.01769 0.00737
0.02218 0.007660
0.02787 0.00792
0.03505 0.00815
0.04367 0.008280
0.05336 0.00823
0.06379 0.00795
0.07487 0.00745
0.0865 0.00682
0.09851 0.00611
0.11069 0.00537
0.12283 0.00465
0.134840 0.00397
0.14666 0.00337
0.158280 0.00288
0.16972 0.00252
0.18097 0.00232
0.192060 0.00229
0.203 0.00245
0.21381 0.00282
0.22452 0.0034
0.23512 0.00421
0.24564 0.00525
0.25608 0.00653
0.26646 0.00805
0.27675 0.00981
0.28695 0.01181
0.29701 0.014040
0.30685 0.01647
0.31631 0.01908
0.32519 0.02179
0.33323 0.02452
0.340280 0.02723
0.34629 0.02986
0.35136 0.03243
0.35559 0.03490
0.35988 0.03783
-Inserting Flap s1223rtl-
0.51658 0.14639
0.51604 0.14499
0.51526 0.14297
0.51422 0.14086
0.51282 0.13864
0.51101 0.13619
0.50874 0.13341
0.50599 0.1303
0.5028 0.12689
0.49925 0.12326
0.49544 0.11952
0.49147 0.11574
0.48739 0.11198
0.48326 0.10828
0.47907 0.104650
0.47484 0.1011
0.47054 0.09762
0.46616 0.0942
0.46167 0.09082
0.45707 0.08745
0.45234 0.08406
0.4475 0.08065
0.44257 0.07721
0.4376 0.07378
0.43266 0.07038
0.42783 0.06709
0.42315 0.06396
0.41872 0.06109
0.41455 0.05852
0.41061 0.05629
0.406840 0.05437
0.40319 0.052750
0.399610 0.05141
0.39607 0.05033
0.39258 0.0495
0.38914 0.04891
0.38575 0.04857
0.38245 0.04845
0.37929 0.048530
0.37634 0.04879
0.37368 0.04917
0.37134 0.04964
0.36932 0.05016
0.3676 0.05071
0.36614 0.05128
0.36488 0.05185
0.363810 0.05243
0.36288 0.05301
0.36209 0.053570
0.36141 0.05414
0.36082 0.0547
0.36033 0.05526
0.35994 0.05582
0.35963 0.0564
0.35946 0.05704
0.3595 0.0577
0.3598 0.05833
0.36029 0.05891
0.36091 0.05946
0.36166 0.06002
0.362550 0.06062
0.3636 0.06127
0.36488 0.06202
0.36646 0.06288
0.36846 0.06393
0.371 0.06521
0.37424 0.06677
0.37815 0.068580
0.38258 0.07053
0.38741 0.07252
0.39257 0.07455
0.39801 0.07662
0.40364 0.07874
0.40935 0.08088
0.41505 0.083020
0.42067 0.08516
0.42619 0.087290
0.4316 0.08943
0.43689 0.09159
0.44207 0.093780
0.44714 0.09602
0.45211 0.098320
0.45697 0.10069
0.461750 0.10313
0.466420 0.10566
0.47102 0.108270
0.47553 0.11098
0.47996 0.11379
0.4843 0.11668
0.48855 0.11967
0.4927 0.12273
0.49669 0.12585
0.50049 0.12896
0.50399 0.132
0.50711 0.13489
0.50978 0.13756
0.51199 0.13999
0.51378 0.14218
0.51521 0.14417
0.51658 0.14639
-Inserting Flap s1223rtl-
0.65898 0.29019
0.658730 0.28872
0.65838 0.28657
0.65779 0.2843
0.656870 0.28184
0.65559 0.27908
0.65392 0.2759
0.65186 0.2723
0.64942 0.26831
0.64668 0.26404
0.64371 0.25961
0.64058 0.2551
0.63735 0.25059
0.63405 0.246130
0.630690 0.24173
0.627260 0.2374
0.62375 0.23313
0.62015 0.22889
0.61644 0.22467
0.61262 0.22043
0.60867 0.21616
0.604620 0.21184
0.60048 0.20748
0.59631 0.20311
0.59217 0.19879
0.58809 0.194580
0.58415 0.19058
0.58039 0.18686
0.57682 0.18351
0.57342 0.18052
0.57012 0.17789
0.56686 0.17556
0.56363 0.17352
0.56039 0.17175
0.557140 0.17023
0.55388 0.16896
0.55063 0.16794
0.547420 0.16715
0.54431 0.1666
0.54137 0.16625
0.538690 0.16609
0.5363 0.16607
0.5342200 0.16617
0.532430 0.16636
0.53088 0.16662
0.529530 0.16694
0.52836 0.16729
0.52734 0.16766
0.52645 0.16806
0.52566 0.16847
0.52498 0.1689
0.52439 0.16935
0.52389 0.16982
0.52347 0.17033
0.52317 0.17091
0.52308 0.171580
0.52324 0.17225
0.5236 0.17292
0.5241 0.17359
0.52472 0.17428
0.52547 0.17505
0.52638 0.1759
0.52748 0.17689
0.528850 0.17806
0.53059 0.17948
0.53283 0.18125
0.53568 0.183430
0.53914 0.186
0.54309 0.18881
0.54741 0.19173
0.55205 0.19476
0.55697 0.19789
0.56205 0.201110
0.56721 0.20436
0.57236 0.20761
0.57743 0.210830
0.5824 0.21403
0.58727 0.21722
0.59202 0.22041
0.59665 0.22361
0.60116 0.22683
0.60556 0.23008
0.60985 0.23339
0.61402 0.236740
0.61809 0.240160
0.62206 0.24365
0.62593 0.24722
0.6297 0.25086
0.63337 0.25458
0.63693 0.25836
0.64037 0.2622
0.64366 0.26605
0.64674 0.26987
0.64956 0.27356
0.65203 0.27702
0.65410 0.28017
0.65578 0.28299
0.65709 0.28551
0.658080 0.28775
0.65898 0.29019
*.*.Setup: s1223rtl.txt as Flap 1, Inverted: y, Scale = 1.0, AoA = 6.0, Reposition from (0,0) = (0, 0)*.*.
*.*.Setup: s1223rtl.txt as Flap 2, Inverted: y, Scale = 0.5, AoA = 30.0, Reposition from previous T.E. = (0.0, 0.05), Reposition from (0,0) = (0.9945, 0.1545)*.*.
*.*.Setup: s1223rtl.txt as Flap 3, Inverted: y, Scale = 0.5, AoA = 41.666666666666664, Reposition from previous T.E. = (0.02, 0.065), Reposition from (0,0) = (1.4475, 0.4695)*.*.
*.*.Setup: Scale Ratio = 0.36187*.*.