0.35677 0.0375
0.354680 0.03541
0.35162 0.03237
0.34805 0.02938
0.34372 0.02649
0.338460 0.023520
0.33212 0.02032
0.32463 0.0169
0.316090 0.01329
0.306730 0.00959
0.29682 0.00589
0.28658 0.00224
0.276170 -0.001280
0.26569 -0.00466
0.25518 -0.00785
0.24465 -0.010870
0.23406 -0.0137
0.22337 -0.01636
0.2125200 -0.01887
0.20146 -0.02127
0.19016 -0.02359
0.17864 -0.02586
0.16694 -0.02811
0.15517 -0.030330
0.14349 -0.0325
0.13207 -0.03456
0.12109 -0.03645
0.11073 -0.03809
0.10111 -0.03937
0.09218 -0.04024
0.08381 -0.04067
0.07588 -0.04066
0.06831 -0.0402
0.06104 -0.03931
0.05405 -0.038
0.04734 -0.03628
0.040920 -0.03417
0.03484 -0.03173
0.02919 -0.02902
0.02406 -0.02618
0.01954 -0.023340
0.01568 -0.02061
0.01245 -0.01805
0.00978 -0.01567
0.00758 -0.01345
0.005780 -0.0114
0.0043 -0.009480
0.00309 -0.0077
0.0021 -0.00602
0.00132 -0.004450
0.00072 -0.00297
0.00029 -0.00156
0.000055 -0.00022
-6e-05 0.00108
0.00013 0.00237
0.00074 0.00354
0.0018 0.00444
0.003140 0.0051
0.00472 0.005590
0.00652 0.006
0.00861 0.00636
0.01106 0.0067
0.01397 0.00701
0.01754 0.00731
0.02198 0.007590
0.02763 0.00786
0.03475 0.00808
0.0433 0.00820
0.0529 0.00816
0.06324 0.00788
0.07422 0.00739
0.08575 0.00676
0.09766 0.00606
0.10973 0.00533
0.12177 0.00461
0.133670 0.00394
0.14539 0.00335
0.156920 0.00286
0.16825 0.0025
0.1794 0.0023
0.19040 0.00227
0.20124 0.00243
0.21197 0.0028
0.22258 0.00337
0.23309 0.00418
0.24352 0.00521
0.25387 0.00648
0.26415 0.00798
0.27436 0.00973
0.28447 0.01171
0.29444 0.013920
0.3042 0.01633
0.31358 0.01891
0.32238 0.0216
0.33035 0.02431
0.337340 0.02699
0.3433 0.02961
0.34832 0.03215
0.35251 0.03460
0.35677 0.0375
-Inserting Flap s1223rtl-
0.52532 0.11678
0.52456 0.115520
0.52345 0.11367
0.52207 0.11179
0.52032 0.10986
0.51813 0.10778
0.51544 0.10547000
0.512220 0.1029
0.50851 0.10012
0.50442 0.09719
0.50006 0.09419
0.49553 0.09119
0.49091 0.08822
0.48623 0.08531
0.48152 0.08249
0.47678 0.07976
0.47198 0.0771
0.46712 0.07452
0.46216 0.07199
0.45708 0.069480
0.45188 0.06699
0.44657 0.0645
0.441160 0.06199
0.43572 0.05949
0.43032 0.05703
0.42502 0.054640
0.41993 0.0524
0.4151 0.05035
0.410590 0.04856
0.40636 0.04706
0.40235 0.04584
0.39850 0.04489
0.39477 0.04419
0.391140 0.04375
0.38759 0.04354
0.384120 0.04356
0.380760 0.04381
0.37751 0.04426
0.37444 0.044890
0.37161 0.04564
0.369080 0.04648
0.36687 0.04733
0.365 0.048190
0.36341 0.04902
0.36208 0.04983
0.360950 0.05061
0.36 0.05135
0.3592 0.05207
0.35852 0.052770
0.357950 0.05343
0.35748 0.054080
0.3571 0.054710
0.35681 0.05533
0.35661 0.05595
0.35655 0.0566
0.3567 0.05724
0.35711 0.05781
0.35768 0.05829
0.35838 0.05872
0.35921 0.05914
0.36018 0.05956
0.36133 0.06002
0.3627 0.06053
0.36439 0.0611
0.36652 0.06178
0.36923 0.06259
0.372650 0.06356
0.37678 0.06465
0.38145 0.0657900
0.3865 0.066910
0.39189 0.068
0.39756 0.06909
0.403420 0.07019
0.40936 0.07129
0.415290 0.0724
0.42115 0.07352
0.4269 0.07464
0.43255 0.0758
0.43809 0.077
0.44353 0.078250
0.44887 0.07957
0.45411 0.08096
0.45927 0.08243
0.464350 0.084
0.46935 0.085660
0.47428 0.08742
0.47915 0.08929
0.48396 0.09126
0.48870 0.09334
0.49337 0.09553
0.497940 0.09780
0.50238 0.10015
0.506620 0.10254
0.51056 0.10491
0.5141 0.10719
0.51717 0.10934
0.519740 0.11132
0.52187 0.113160
0.52361 0.11486
0.52532 0.11678
-Inserting Flap s1223rtl-
0.65933 0.27231
0.65917 0.27084
0.65894 0.2687
0.65849 0.26642
0.65772 0.26393
0.65662 0.26112
0.65515 0.25788
0.653320 0.2542
0.65114 0.25011
0.64867 0.24573
0.64598 0.24117
0.64315 0.23653
0.640210 0.23188
0.6372 0.22727
0.63413 0.22273
0.63098 0.21824
0.62776 0.21381
0.62444 0.20941
0.62101 0.20502
0.617470 0.20061
0.613810 0.19615
0.61005 0.19164
0.60621 0.18709
0.60233 0.18252
0.59848 0.178
0.59469 0.17361
0.59102 0.16942
0.587510 0.16552
0.58417 0.162
0.58098 0.15885
0.577860 0.15605
0.574780 0.153560
0.57169 0.15136
0.568590 0.14941
0.56546 0.14772
0.56231 0.14628
0.55915 0.14508
0.55602 0.14412
0.55297 0.14339
0.55008 0.142880
0.54744 0.14256
0.545080 0.14241
0.54301 0.14239
0.54123 0.14247
0.53968 0.14264
0.53833 0.14287
0.537150 0.14315
0.53612 0.143460
0.53521 0.1438
0.53441 0.14417
0.53371 0.14456
0.5331 0.14497
0.53257 0.1454
0.53213 0.14588
0.5318 0.14644
0.531670 0.14709
0.5318 0.14777
0.53212 0.14845
0.53257 0.14914
0.53314 0.14987
0.53384 0.15066
0.53469 0.15156
0.53572 0.1526
0.537010 0.15384
0.538650 0.15535
0.54076 0.15723
0.54346 0.15955
0.54674 0.16229
0.55049 0.1653
0.55459 0.16844
0.559010 0.17171
0.56369 0.17509
0.56854 0.17856
0.57346 0.18208
0.57836 0.18559
0.5832 0.18907
0.58794 0.19253
0.59257 0.195970
0.59709 0.19939
0.60149 0.20283
0.60577 0.20627
0.60993 0.209750
0.613980 0.21327
0.61792 0.21683
0.62175 0.22045
0.625480 0.22413
0.62911 0.22788
0.632630 0.2317
0.63605 0.23559
0.639350 0.239540
0.64253 0.24354
0.64556 0.24754
0.64839 0.25150
0.65097 0.25531
0.65321 0.25888
0.65508 0.26212
0.65658 0.26501
0.65773 0.26757
0.65859 0.26985
0.65933 0.27231
*.*.Setup: s1223rtl.txt as Flap 1, Inverted: y, Scale = 1.0, AoA = 6.0, Reposition from (0,0) = (0, 0)*.*.
*.*.Setup: s1223rtl.txt as Flap 2, Inverted: y, Scale = 0.5, AoA = 20.0, Reposition from previous T.E. = (0.0, 0.05), Reposition from (0,0) = (0.9945, 0.1545)*.*.
*.*.Setup: s1223rtl.txt as Flap 3, Inverted: y, Scale = 0.5, AoA = 45.0, Reposition from previous T.E. = (0.02, 0.08), Reposition from (0,0) = (1.4844, 0.4055)*.*.
*.*.Setup: Scale Ratio = 0.35874*.*.