0.36791 -0.005220
0.36716 -0.00603
0.36566 -0.0076
0.363430 -0.009910
0.3606 -0.0128
0.35732 -0.01606
0.35373 -0.01948
0.34998 -0.02286
0.3462 -0.02604
0.34241 -0.02899
0.338620 -0.03176
0.33482 -0.03438
0.33102 -0.03688
0.32721 -0.03927
0.32341 -0.04159
0.31959 -0.04382
0.31578 -0.04597
0.31196 -0.048050
0.308140 -0.05006
0.304320 -0.052
0.3005 -0.05388
0.29667 -0.0557
0.29284 -0.05746
0.28901 -0.05917
0.28518 -0.06082
0.28134 -0.06242
0.27751 -0.06395
0.27367 -0.06541
0.26983 -0.06681
0.26598 -0.068150
0.26214 -0.06944
0.258290 -0.07069
0.25445 -0.07191
0.2506 -0.0731
0.24675 -0.07426
0.2429 -0.07539
0.23905 -0.07648
0.235190 -0.07752
0.23134 -0.0785
0.22748 -0.07944
0.22362 -0.08033
0.21976 -0.081170
0.2159 -0.08197
0.21204 -0.0827200
0.20817 -0.08344
0.2043 -0.08411
0.20044 -0.08474
0.19657 -0.08534
0.1927 -0.0859
0.18882 -0.08642
0.18495 -0.08691
0.18108 -0.08735
0.1772 -0.08775
0.17332 -0.08809
0.16944 -0.0884
0.16556 -0.08865
0.16168 -0.08886
0.1578 -0.08903
0.15391 -0.08914
0.15002 -0.08921
0.14613 -0.08923
0.14224 -0.0892
0.13835 -0.08912
0.13446 -0.08899
0.13056 -0.088810
0.12666 -0.08858
0.12276 -0.08831
0.11886 -0.08801
0.11496 -0.087670
0.11106 -0.08729
0.107150 -0.08685
0.10324 -0.08634
0.09933 -0.08575
0.09542 -0.08507
0.09150 -0.08431
0.08758 -0.08345
0.08366 -0.08251
0.07974 -0.08147
0.07581 -0.08035
0.07187 -0.07913
0.06794 -0.077790
0.064 -0.07631
0.06005 -0.07468
0.0561 -0.0729
0.05214 -0.07095
0.04818 -0.06885
0.04421 -0.0666
0.04023 -0.0642
0.03625 -0.06165
0.03227 -0.05887
0.02827 -0.0558
0.02426 -0.05236
0.02023 -0.04846
0.01622 -0.044080
0.01234 -0.03934
0.00877 -0.03441
0.005670 -0.02945
0.00319 -0.02464
0.00148 -0.02014
0.00044 -0.012490
0.00111 -0.00956
0.00259 -0.00735
0.00485 -0.00594
0.00775 -0.00523
0.01115 -0.00508
0.01486 -0.00535
0.01875 -0.00592
0.02266 -0.00666
0.026580 -0.00755
0.03051 -0.00857
0.03444 -0.00972
0.03838 -0.011
0.04231 -0.01239
0.04626 -0.01387
0.0502 -0.01545
0.054150 -0.01709
0.0581 -0.018790
0.06205 -0.02053
0.0660 -0.0223
0.06995 -0.0241
0.0739 -0.025890
0.07786 -0.02769
0.081810 -0.02947
0.08576 -0.03123
0.08971 -0.03297
0.09366 -0.03468
0.09761 -0.03636
0.10156 -0.03801
0.1055 -0.03962
0.10945 -0.04119
0.11339 -0.04272
0.11733 -0.04421
0.12127 -0.04565
0.12521 -0.04705
0.12915 -0.0484
0.13308 -0.04971
0.13702 -0.05097
0.14095 -0.05219
0.14488 -0.05335
0.14881 -0.054460
0.152740 -0.05552
0.15666 -0.05653
0.16059 -0.05748
0.16451 -0.05837
0.1684300 -0.059210
0.17234 -0.059990
0.17626 -0.06071
0.18017 -0.06137
0.18408 -0.06197
0.18799 -0.06251
0.1919 -0.06301
0.1958 -0.06346
0.199710 -0.06387
0.20361 -0.06422
0.20751 -0.06453
0.211410 -0.064770
0.2153 -0.06495
0.2192 -0.06505
0.22309 -0.06508
0.22698 -0.06504
0.23086 -0.06492
0.23475 -0.064740
0.23863 -0.06449
0.242510 -0.06416
0.24638 -0.06377
0.25026 -0.0633
0.2541300 -0.06275
0.25799 -0.06212
0.26186 -0.061420
0.26572 -0.06063
0.26958 -0.05975
0.27344 -0.0588
0.27729 -0.05775
0.281140 -0.05661
0.28499 -0.05538
0.28883 -0.05405
0.29267 -0.05262
0.29651 -0.05108
0.30034 -0.04945
0.30417 -0.04772
0.308 -0.04590
0.31182 -0.043990
0.31564 -0.04201
0.31946 -0.03995
0.32327 -0.03782
0.32709 -0.0356
0.3309 -0.033320
0.3347 -0.03096
0.33851 -0.02851
0.34231 -0.02595
0.3461 -0.023260
0.3499 -0.02041
0.35365 -0.01742
0.35726 -0.01444
0.36056 -0.01161
0.3634 -0.00912
0.36564 -0.00714
0.36715 -0.0058
0.36791 -0.005220
-Inserting Flap Ga2-
0.51686 0.0808
0.51673 0.08038
0.51645 0.07956
0.51603 0.07835
0.5155 0.07682
0.51486 0.07508
0.51413 0.07324
0.51335 0.07138
0.51251 0.06959
0.511640 0.06788
0.51073 0.066230
0.50980 0.06464
0.50884 0.06309
0.50787 0.06158
0.50688 0.0601
0.50587 0.05864
0.50485 0.0572200
0.50382 0.05582
0.5027800 0.05445
0.50172 0.0531
0.50065 0.05177
0.49957 0.05046
0.49848 0.04917
0.49738 0.04791
0.49627 0.04666
0.49515 0.04544
0.494020 0.04423
0.49288 0.043050
0.49172 0.0419
0.49055 0.04076
0.48938 0.03964
0.488190 0.03854
0.48701 0.03745
0.48581 0.03636
0.48461 0.03529
0.48341 0.03423
0.48219 0.03319
0.480970 0.03216
0.47974 0.03115
0.4785 0.03016
0.477250 0.02918
0.476 0.02823
0.47473 0.02728
0.47346 0.02636
0.47218 0.025450
0.47089 0.02455
0.46959 0.02366
0.46829 0.02279
0.46698 0.02194
0.46567 0.02109
0.464350 0.02026
0.46302 0.01945
0.46168 0.01865
0.46033 0.01787
0.45898 0.0171
0.45761 0.01635
0.45624 0.01562
0.45486 0.0149
0.45347 0.0142
0.45207 0.01352
0.45067 0.01286
0.44925 0.01221
0.44783 0.01158
0.44639 0.01097
0.44495 0.01038
0.4435 0.0098
0.442040 0.00924
0.44058 0.00869
0.4391 0.00815
0.437620 0.00763
0.43613 0.00713
0.43463 0.00666
0.43311 0.00621
0.43158 0.00579
0.430030 0.00541
0.428460 0.00506
0.42688 0.00474
0.42529 0.00445
0.42367 0.00419
0.42204 0.00397
0.42038 0.00379
0.41871 0.00366
0.417 0.003580
0.41527 0.00356
0.4135 0.0036
0.4117100 0.00369
0.40989 0.00383
0.40804 0.00403
0.40617 0.00428
0.40426 0.00462
0.40229 0.00505
0.40025 0.0056200
0.39813 0.006350
0.39594 0.00726
0.39373 0.00833
0.3916 0.00951
0.38964 0.01078
0.38793 0.012110
0.38655 0.01345
0.38488 0.01605
0.38462 0.01723
0.38479 0.01828
0.38537 0.01917
0.38630 0.01992
0.38751 0.02055
0.3889 0.02108
0.3904 0.02153
0.39195 0.02192
0.39352 0.02226
0.39512 0.02255
0.39674 0.0228
0.398380 0.023
0.40004 0.02317
0.40172 0.02329
0.40342 0.02339
0.40513 0.02346
0.40684 0.02351
0.40857 0.02355
0.4103 0.02357
0.41204 0.02359
0.413780 0.02361
0.41551 0.023630
0.41725 0.02365
0.41898 0.023680
0.4207 0.02372
0.42242 0.023760
0.424140 0.02382
0.42585 0.02389
0.42755 0.023980
0.42925 0.02407
0.43093 0.024190
0.43262 0.02431
0.43429 0.02445
0.43595 0.02461
0.43761 0.02479
0.43926 0.02498
0.4409 0.02519
0.44253 0.02541
0.44415 0.02565
0.44576 0.025920
0.44736 0.0262
0.44896 0.02649
0.45054 0.02681
0.45211 0.02715
0.45367 0.02751
0.45523 0.02789
0.45677 0.028290
0.4583 0.02871
0.45982 0.02916
0.46132 0.02962
0.46282 0.0301
0.46432 0.0306
0.4658 0.03111
0.46728 0.03164
0.46874 0.03219
0.4702 0.03276
0.47164 0.03335
0.47307 0.03398
0.47448 0.03462
0.47589 0.0353
0.47727 0.03599
0.47865 0.036720
0.48002 0.03746
0.48137 0.03824
0.48271 0.039040
0.48403 0.03986
0.48534 0.04071
0.48664 0.0416
0.487920 0.0425
0.48919 0.04344
0.49044 0.04441
0.49167 0.045410
0.49289 0.04644
0.4941 0.04751
0.49528 0.0486
0.49645 0.04973
0.4976 0.05090
0.49873 0.052110
0.49985 0.05335
0.50094 0.05462
0.50202 0.05593
0.50309 0.05727
0.50414 0.05863
0.50517 0.06002
0.50619 0.06144
0.50720 0.06289
0.5082 0.064360
0.50918 0.06586
0.51014 0.06739
0.51109 0.06896
0.512010 0.07058
0.51290 0.07225
0.51376 0.07397
0.51456 0.07566
0.51528 0.077240
0.51589 0.07863
0.51637 0.07973
0.51669 0.08047
0.51686 0.0808
-Inserting Flap Ga2-
0.61003 0.22103
0.61008 0.22059
0.610170 0.21973
0.61030 0.21845
0.61045 0.21684
0.61059 0.215
0.61071 0.21302
0.61077 0.211
0.61076 0.20903
0.61068 0.20711
0.61054 0.20523
0.61036 0.2034
0.61013 0.20159
0.60988 0.19981
0.6096 0.19805
0.60929 0.19631
0.60896 0.19459
0.6086 0.19289
0.60823 0.1912
0.60783 0.18953
0.60741 0.18788
0.60698 0.18624
0.60653 0.18462
0.60605 0.18301
0.60557 0.18141
0.60506 0.17983
0.60453 0.17826
0.60399 0.17672
0.60342 0.17518
0.60283 0.173660
0.602230 0.17216
0.60162 0.17066
0.60099 0.16917
0.60036 0.16769
0.59972 0.16621
0.59906 0.16475
0.5984 0.16329
0.59771 0.16185
0.59702 0.16042
0.59631 0.1590
0.59558 0.15759
0.59483 0.1562
0.59408 0.154810
0.59331 0.15344
0.592520 0.15208
0.59173 0.15072
0.59092 0.14938
0.5901 0.14805
0.58927 0.146720
0.588430 0.1454
0.58757 0.1441
0.5867 0.14280
0.58582 0.14152
0.58492 0.14025
0.58401 0.13898
0.58308 0.13773
0.58214 0.1365
0.58119 0.13527
0.58022 0.13405
0.57923 0.13285
0.57823 0.13166
0.57721 0.13048
0.57618 0.12932
0.57513 0.12816
0.57407 0.12702
0.57299 0.12589
0.57190 0.12477
0.57080 0.12366
0.56968 0.12256
0.568560 0.12147
0.56741 0.12039
0.56624 0.11933
0.56505 0.11829
0.56383 0.11727
0.56259 0.11628
0.56131 0.1153
0.56001 0.11435
0.55867 0.11342
0.55732 0.11252
0.55592 0.11163
0.55450 0.11078
0.55302 0.10996
0.5515100 0.10918
0.54994 0.10844
0.54832 0.10773
0.54666 0.10707
0.54494 0.10644
0.54318 0.10585
0.541370 0.1053
0.539490 0.1048
0.53752 0.10438
0.53543 0.10405
0.5332 0.103830
0.53083 0.10374
0.52838 0.10378
0.52595 0.10397
0.52364 0.104310
0.52153 0.1048
0.51971 0.10544
0.51711 0.1071
0.51639 0.10807
0.5161 0.10909
0.51626 0.11014
0.51679 0.11121
0.51762 0.11229
0.51867 0.11335
0.51985 0.11439
0.52109 0.11539
0.52237 0.11636
0.5237 0.11729
0.52507 0.1181900
0.52648 0.11906
0.52792 0.1199
0.52939 0.12072
0.5309 0.12151
0.53242 0.122290
0.533960 0.12305
0.53551 0.123810
0.53708 0.12455
0.53865 0.12529
0.540220 0.12603
0.54179 0.12677
0.54335 0.127520
0.54492 0.12827
0.54647 0.129020
0.548010 0.12978
0.54955 0.13055
0.55107 0.13133
0.55258 0.1321200
0.55408 0.13291
0.55557 0.13372
0.55704 0.13454
0.55851 0.13536
0.55995 0.1362
0.56138 0.13705
0.5628 0.13791
0.56420 0.13879
0.56559 0.13967
0.566960 0.1405700
0.568320 0.14148
0.56966 0.1424
0.57098 0.14334
0.57229 0.144290
0.57358 0.14525
0.57485 0.14623
0.5761 0.14722
0.57733 0.14823
0.57855 0.149250
0.57974 0.15029
0.58092 0.15134
0.58208 0.1524
0.58323 0.15348
0.58437 0.154560
0.58549 0.15566
0.58659 0.15677
0.58767 0.15790
0.58873 0.15904
0.58977 0.1602
0.59079 0.16138
0.59178 0.16258
0.59275 0.16379
0.5937 0.16502
0.59463 0.16627
0.59554 0.16754
0.59642 0.16882
0.59728 0.17012
0.59811 0.17145
0.59892 0.17279
0.59971 0.17415
0.60047 0.17553
0.6012 0.17693
0.60191 0.17836
0.60259 0.17980
0.603240 0.18127
0.60386 0.18276
0.60445 0.18428
0.605 0.18582
0.60553 0.1873900
0.606020 0.18898
0.60649 0.1906
0.60692 0.19223
0.60733 0.1938900
0.60772 0.19557
0.60808 0.19727
0.60841 0.19899
0.60873 0.20072
0.60902 0.20247
0.60928 0.20424
0.60952 0.206040
0.60972 0.20786
0.60988 0.20972
0.61 0.21161
0.61006 0.21353
0.61008 0.2154
0.61008 0.217140
0.61005 0.21865
0.61003 0.21985
0.61001 0.22065
0.61003 0.22103
*.*.Setup: Ga2.txt as Flap 1, Inverted: y, Scale = 1.0, AoA = 2.0, Reposition from (0,0) = (0, 0)*.*.
*.*.Setup: Ga2.txt as Flap 2, Inverted: y, Scale = 0.4, AoA = 27.0, Reposition from previous T.E. = (0.04, 0.07), Reposition from (0,0) = (1.0411, 0.0558)*.*.
*.*.Setup: Ga2.txt as Flap 3, Inverted: y, Scale = 0.4, AoA = 51.666666666666664, Reposition from previous T.E. = (-0.01, 0.08), Reposition from (0,0) = (1.3964, 0.2999)*.*.
*.*.Setup: Scale Ratio = 0.3675*.*.