0.3747400000 -0.01841
0.37395 -0.01921
0.37237 -0.02076
0.37001 -0.02303
0.36703 -0.02588
0.36357 -0.02908
0.35979 -0.03244
0.35585 -0.03576
0.35189 -0.03885
0.347920 -0.04173
0.34396 -0.04442
0.33999 -0.04695
0.33603 -0.04936
0.33206 -0.05167
0.3281 -0.05389
0.32414 -0.05603
0.32017 -0.05808
0.31621 -0.06007
0.31224 -0.06198
0.30828 -0.06382
0.30432 -0.0656
0.30035 -0.06732
0.29639 -0.06898
0.29242 -0.07059
0.28846 -0.072130
0.28449 -0.07362
0.280530 -0.07504
0.27657 -0.0764
0.2726 -0.07769
0.26864 -0.07892
0.26467 -0.0801
0.26071 -0.08124
0.256750 -0.08234
0.25278 -0.08342
0.24882 -0.084460
0.24485 -0.08547
0.24089 -0.08644
0.23692 -0.08737
0.232960 -0.08824
0.229 -0.089050
0.22503 -0.08982
0.22107 -0.09054
0.2171 -0.09122
0.21314 -0.09185
0.20918 -0.09244
0.20521 -0.09299
0.20125 -0.09349
0.19728 -0.09396
0.19332 -0.0944
0.18935 -0.09479
0.18539 -0.09515
0.18143 -0.09546
0.17746 -0.09573
0.1735 -0.09595
0.16953 -0.09612
0.16557 -0.09624
0.16161 -0.09631
0.15764 -0.09634
0.15368 -0.09632
0.14971 -0.09625
0.14575 -0.09614
0.141780 -0.09597
0.13782 -0.09575
0.13386 -0.09547
0.12989 -0.09515
0.12593 -0.09478
0.12196 -0.09437
0.1180 -0.09392
0.11404 -0.09344
0.11007 -0.0929
0.10611 -0.09232
0.10214 -0.091660
0.09818 -0.090920
0.094210 -0.09009
0.09025 -0.08917
0.08629 -0.08816
0.08232 -0.08706
0.07836 -0.08587
0.07439 -0.08458
0.07043 -0.0832
0.06647 -0.08169
0.0625 -0.08004
0.05854 -0.0782500
0.05457 -0.07629
0.05061 -0.0741600
0.04664 -0.071880
0.04268 -0.06944
0.03872 -0.06686
0.03475 -0.06411
0.03079 -0.06114
0.026820 -0.05787
0.02286 -0.054220
0.0189 -0.05011
0.01496 -0.0455
0.01118 -0.04053
0.00772 -0.03538
0.00473 -0.03022
0.00238 -0.02523
0.00079 -0.02058
0.000000 -0.01275
0.00079 -0.00978
0.00238 -0.00758
0.00473 -0.00623
0.00772 -0.0056
0.01118 -0.00557
0.01496 -0.00599
0.0189 -0.0067
0.02286 -0.00759
0.026820 -0.00864
0.03079 -0.00982
0.03475 -0.01113
0.03872 -0.01257
0.04268 -0.01413
0.04664 -0.01579
0.05061 -0.01753
0.05457 -0.01934
0.05854 -0.02122
0.0625 -0.02313
0.06647 -0.02508
0.07043 -0.02704
0.07439 -0.02902
0.07836 -0.03099
0.08232 -0.03294
0.08629 -0.03488
0.09025 -0.03679
0.094210 -0.03868
0.09818 -0.04053
0.10214 -0.04235
0.10611 -0.04413
0.11007 -0.04587
0.11404 -0.04757
0.1180 -0.04923
0.12196 -0.05084
0.12593 -0.05240
0.12989 -0.05393
0.13386 -0.0554
0.13782 -0.056820
0.141780 -0.058200
0.14575 -0.05952
0.14971 -0.0608
0.15368 -0.06202
0.15764 -0.06318
0.16161 -0.06429
0.16557 -0.06534
0.16953 -0.06634
0.1735 -0.06727
0.17746 -0.06814
0.18143 -0.06895
0.18539 -0.0697
0.18935 -0.07040
0.19332 -0.071040
0.19728 -0.07164
0.20125 -0.07219
0.20521 -0.07270
0.20918 -0.07315
0.21314 -0.07353
0.2171 -0.07385
0.22107 -0.07409
0.22503 -0.07426
0.229 -0.07436
0.232960 -0.07438
0.23692 -0.07433
0.24089 -0.07421
0.24485 -0.07402
0.24882 -0.073750
0.25278 -0.07341
0.256750 -0.07299
0.26071 -0.07249
0.26467 -0.07191
0.26864 -0.07124
0.2726 -0.07049
0.27657 -0.06965
0.280530 -0.06872
0.28449 -0.0677
0.28846 -0.06658
0.29242 -0.06536
0.29639 -0.06404
0.30035 -0.06261
0.30432 -0.06108
0.30828 -0.05945
0.31224 -0.05773
0.31621 -0.05593
0.32017 -0.05405
0.32414 -0.052080
0.3281 -0.05004
0.33206 -0.04792
0.33603 -0.04573
0.33999 -0.04346
0.34396 -0.0411
0.347920 -0.03863
0.35189 -0.03602
0.35585 -0.033250
0.35979 -0.03034
0.36357 -0.02742
0.36703 -0.02466
0.37001 -0.02223
0.37237 -0.020280
0.37395 -0.01897
0.3747400000 -0.01841
-Inserting Flap Ga2-
0.48916 0.06931
0.48903 0.06888
0.48874 0.06804
0.48832 0.0668
0.48777 0.06525
0.48712 0.06347
0.48638 0.06159
0.48558 0.0597
0.484730 0.05787
0.48384 0.05613
0.48291 0.05445
0.48196 0.05282
0.4809900 0.05125
0.47999 0.0497
0.47898 0.04819
0.477960 0.04671
0.47692 0.04526
0.47587 0.04383
0.4748 0.04243
0.47372 0.041050
0.47263 0.0397
0.47153 0.03837
0.47042 0.03705
0.4693 0.03576
0.46817 0.034490
0.46702 0.03324
0.46587 0.03202
0.4647 0.030810
0.46352 0.02963
0.46233 0.02847
0.46114 0.027330
0.45993 0.02621
0.45872 0.0251
0.4575 0.02399
0.45628 0.0229
0.45505 0.02182
0.45381 0.02075
0.45257 0.0197
0.45131 0.01867
0.45005 0.01766
0.44877 0.01667
0.44749 0.01569
0.4462 0.01473
0.4449 0.01379
0.4436 0.01286
0.44228 0.01194
0.44096 0.01104
0.43964 0.01015
0.4383 0.00928
0.43696 0.00842
0.43561 0.00757
0.43426 0.006740
0.43289 0.00593
0.4315200 0.00513
0.43014 0.00435
0.42875 0.00358
0.42735 0.00284
0.42594 0.00211
0.42452 0.0014
0.4231 0.0007
0.42166 0.000059
0.42022 -0.00064
0.41877 -0.00128
0.4173 -0.0019
0.41583 -0.00251
0.41435 -0.00309
0.41287 -0.00367
0.41137 -0.00423
0.40987 -0.00477
0.40836 -0.00531
0.40684 -0.00582
0.405310 -0.0063
0.40376 -0.00676
0.4022 -0.00718
0.40062 -0.00757
0.39902 -0.00793
0.39741 -0.00826
0.39578 -0.00856
0.39413 -0.00882
0.39247 -0.00904
0.39078 -0.009230
0.389070 -0.00936
0.38733 -0.00944
0.38556 -0.00946
0.383770 -0.00942
0.38194 -0.00933
0.38008 -0.00918
0.37820 -0.00898
0.376290 -0.00872
0.37434 -0.00838
0.37233 -0.00794
0.37025 -0.00736
0.36809 -0.00661
0.36585 -0.00568
0.3636 -0.0046
0.36143 -0.00339
0.35943 -0.00209
0.35769 -0.000740
0.35628 0.00063
0.35457 0.00327
0.35432 0.00448
0.35449 0.00555
0.35508 0.00646
0.35603 0.00722
0.35726 0.00786
0.35868 0.0084
0.36021 0.00886
0.36179 0.00926
0.36339 0.00961
0.36502 0.00991
0.36667 0.01016
0.36834 0.01037
0.37004 0.01053
0.37175 0.01066
0.37348 0.01076
0.37522 0.01083
0.37698 0.01089
0.37874 0.01092
0.3805 0.01095
0.38227 0.01097
0.38404 0.01098
0.38581 0.0110
0.38758 0.01103
0.38935 0.01106
0.39111 0.01109
0.39286 0.01114
0.39461 0.0112
0.39635 0.01127
0.39809 0.011360
0.39982 0.01146
0.40154 0.01157
0.40325 0.0117
0.40496 0.01185
0.40666 0.01201
0.40835 0.01219
0.410030 0.01238
0.41170 0.01259
0.41336 0.01282
0.41501 0.013070
0.41666 0.013340
0.41829 0.01362
0.41992 0.01393
0.42153 0.014250
0.42314 0.01460
0.42473 0.01496
0.42631 0.01535
0.42788 0.01576
0.42944 0.01619
0.43099 0.016640
0.43253 0.01711
0.43406 0.0176
0.43558 0.018110
0.43710 0.01863
0.4386 0.01917
0.44009 0.01973
0.441580 0.02032
0.44305 0.02092
0.4445 0.02156
0.44595 0.02222
0.44738 0.0229
0.4487900 0.02361
0.4502 0.02435
0.45159 0.02511
0.45297 0.0259
0.45433 0.02672
0.45568 0.02756
0.45702 0.02843
0.45834 0.02933
0.45965 0.03025
0.46094 0.03121
0.46222 0.0322
0.463480 0.03322
0.4647200 0.03427
0.46595 0.03535
0.46716 0.03647
0.46835 0.03763
0.46952 0.03882
0.470680 0.040050
0.47181 0.04131
0.47293000 0.04261
0.47403 0.04394
0.47511 0.04531
0.476180 0.0467
0.47724 0.0481200
0.478280 0.04956
0.47931 0.05104
0.48033 0.05254
0.48133 0.05407
0.48231 0.05563
0.48327 0.05723
0.48421 0.05888
0.48512 0.06059
0.4860 0.06234
0.486820 0.06407
0.48755 0.065680
0.48817 0.06709
0.488660 0.06821
0.48898 0.06896
0.48916 0.06931
-Inserting Flap Ga2-
0.6029 0.20481
0.60296 0.20436
0.60305 0.20348
0.60318 0.2021700
0.60333 0.20053
0.60348 0.19865
0.60359 0.19663
0.60366 0.19457
0.60365 0.19256
0.60357 0.1906
0.603430 0.18869
0.60324 0.18682
0.60301 0.18498
0.60275 0.18316
0.60246 0.18137
0.60215 0.17959
0.60181 0.17784
0.60145 0.1761
0.60107 0.17439
0.60066 0.17269
0.60024 0.171
0.59979 0.16933
0.59933 0.16767
0.59885 0.16603
0.59835 0.1644
0.59784 0.16279
0.5973 0.16119
0.59674 0.15961
0.59616 0.15805
0.59556 0.1565
0.59495 0.15496
0.59432 0.153440
0.59369 0.1519200
0.59304 0.15041
0.59239 0.14891
0.59172 0.14741
0.59104 0.14593
0.59035 0.14446
0.58964 0.143
0.58891 0.14155
0.58817 0.14011
0.58741 0.13869
0.58664 0.137280
0.58585 0.13588
0.58505 0.13449
0.58424 0.13311
0.58342 0.13174
0.58258 0.13038
0.58173 0.12903
0.58087 0.127690
0.58 0.12636
0.57912 0.125030
0.57822 0.12372
0.5773 0.12243
0.57637 0.12114
0.57543 0.11987
0.57447 0.1186
0.57349 0.11735
0.5725 0.11611
0.5715 0.11489
0.57048 0.11367
0.56944 0.11247
0.56839 0.11128
0.567320 0.11011
0.56623 0.10894
0.56513 0.10779
0.56402 0.10665
0.5629 0.10551
0.56176 0.10439
0.56061 0.10328
0.55944 0.10218
0.55825 0.1011
0.557040 0.10004
0.5558 0.099
0.55452 0.09799
0.55322 0.09699
0.55189 0.09602
0.55054 0.09507
0.54915 0.09415
0.54773 0.09325
0.54627 0.09238
0.54478 0.09154
0.54323 0.09075
0.54163 0.08999
0.53998 0.089270
0.538280 0.08859
0.53653 0.08795
0.53474 0.08735
0.53289 0.08679
0.53098 0.08628
0.52897 0.08585
0.52684 0.08551
0.52456 0.08529
0.52214 0.0852
0.51964 0.08524
0.51717 0.08544
0.51481 0.0857800
0.51266 0.08628
0.51081 0.08694
0.50815 0.08863
0.50742 0.08961
0.507120 0.09066
0.50728 0.09173
0.50783 0.09282
0.50868 0.09392
0.509740 0.095
0.51094 0.096060
0.51221 0.09708
0.51352 0.09807
0.514870 0.09902
0.51627 0.099930
0.5177 0.10082
0.51918 0.10168
0.52068 0.10251
0.52221 0.10332
0.52376 0.10412
0.52533 0.104890
0.52692 0.10566
0.52851 0.10642
0.53011 0.10718
0.53172 0.10793
0.53332 0.10869
0.534910 0.109450
0.53651 0.11021
0.53809 0.110980
0.53966 0.11176
0.541230 0.11254
0.54278 0.113330
0.54432 0.114140
0.54585 0.11495
0.547370 0.11577
0.54887 0.1166
0.55036 0.11745
0.55184 0.1183
0.5533 0.11917000
0.55475 0.12005
0.55618 0.120940
0.557590 0.12184
0.55899 0.122760
0.56037 0.12368
0.56174 0.12462
0.563090 0.12558
0.56442 0.12655
0.56573 0.12753
0.56703 0.12853
0.5683 0.12954
0.56956 0.13057
0.5708 0.13161
0.572020 0.13267
0.57322 0.13374
0.574410 0.13482
0.57558 0.13592
0.57673 0.137030
0.57788 0.13814
0.579 0.13928
0.5801 0.140420
0.58119 0.14159
0.58225 0.14277
0.58328 0.14398
0.5843 0.1452
0.58529 0.14643
0.58626 0.14769
0.5872 0.14896
0.58813 0.15025
0.58903 0.15156
0.5899 0.15289
0.59075 0.15424
0.591580 0.15561
0.59238 0.157
0.59315 0.15841
0.5939 0.15984
0.59462 0.16129
0.59531 0.16276
0.59598 0.16426
0.59661 0.16578
0.59721 0.16733
0.59778 0.1689
0.59831 0.1705
0.59882 0.17212
0.59929 0.1737700
0.59974 0.17544
0.60015 0.177130
0.60054 0.17884
0.60091 0.18057
0.60126 0.18232
0.601570 0.18409
0.601870 0.18588
0.60214 0.18769
0.60238 0.189520
0.60259 0.19137
0.60276 0.19327
0.60287 0.1952
0.60294 0.19715
0.60296 0.19906
0.60295 0.200830
0.60293 0.20237
0.60290 0.20359
0.60288 0.20442
0.6029 0.20481
*.*.Setup: Ga2.txt as Flap 1, Inverted: y, Scale = 1.0, AoA = 0.0, Reposition from (0,0) = (0, 0)*.*.
*.*.Setup: Ga2.txt as Flap 2, Inverted: y, Scale = 0.4, AoA = 27.0, Reposition from previous T.E. = (-0.06, 0.07), Reposition from (0,0) = (0.94, 0.0209)*.*.
*.*.Setup: Ga2.txt as Flap 3, Inverted: y, Scale = 0.4, AoA = 51.666666666666664, Reposition from previous T.E. = (0.04, 0.06), Reposition from (0,0) = (1.3453, 0.2449)*.*.
*.*.Setup: Scale Ratio = 0.37474*.*.