0.37782 -0.005360
0.37705 -0.00619
0.37551 -0.0078
0.373230 -0.010180
0.37032 -0.01315
0.36695 -0.01649
0.36326 -0.02001
0.35942 -0.02348
0.35553 -0.02674
0.35165 -0.02977
0.347750 -0.03262
0.34385 -0.03531
0.33994 -0.03787
0.33604 -0.04033
0.33212 -0.04271
0.32821 -0.045
0.32429 -0.04721
0.32037 -0.049340
0.316450 -0.05141
0.312520 -0.0534
0.3086 -0.05533
0.30467 -0.0572
0.30073 -0.05901
0.2968 -0.06077
0.29287 -0.06246
0.28893 -0.0641
0.28499 -0.06567
0.28105 -0.06718
0.2771 -0.06861
0.27316 -0.069990
0.26921 -0.07132
0.265260 -0.0726
0.26131 -0.07385
0.25735 -0.07507
0.2534 -0.07627
0.24945 -0.07742
0.24549 -0.07854
0.241530 -0.07961
0.23757 -0.08062
0.23361 -0.08158
0.22965 -0.0825
0.22568 -0.083360
0.22172 -0.08418
0.21775 -0.0849500
0.21378 -0.08569
0.20981 -0.08638
0.20584 -0.08703
0.20187 -0.08764
0.19789 -0.08822
0.19392 -0.08875
0.18994 -0.08925
0.18596 -0.0897
0.18198 -0.09011
0.178 -0.09047
0.17401 -0.09078
0.17003 -0.09104
0.16604 -0.09126
0.16205 -0.09143
0.15806 -0.09155
0.15407 -0.09162
0.15007 -0.09164
0.14608 -0.09161
0.14208 -0.09152
0.13808 -0.09139
0.13408 -0.09120
0.13008 -0.09097
0.12607 -0.0907
0.12207 -0.09038
0.11806 -0.090030
0.11405 -0.08964
0.110040 -0.08919
0.10603 -0.08866
0.10201 -0.08806
0.09799 -0.08737
0.093970 -0.08658
0.08995 -0.0857
0.08592 -0.08473
0.08188 -0.08367
0.07785 -0.08252
0.07381 -0.08126
0.06977 -0.079880
0.06572 -0.07837
0.06167 -0.0767
0.05761 -0.07486
0.05354 -0.07286
0.04947 -0.07071
0.0454 -0.06839
0.04132 -0.06593
0.03723 -0.06331
0.03314 -0.06046
0.02903 -0.05731
0.02491 -0.05377
0.02078 -0.04977
0.01665 -0.045270
0.01268 -0.0404
0.00901 -0.03533
0.005820 -0.03025
0.00328 -0.02531
0.00152 -0.02068
0.00045 -0.012830
0.00114 -0.00981
0.00266 -0.00755
0.00498 -0.0061
0.00796 -0.00537
0.01145 -0.00521
0.01527 -0.0055
0.01925 -0.00608
0.02328 -0.00684
0.02730 -0.00775
0.03133 -0.0088
0.03537 -0.00998
0.03941 -0.01129
0.04345 -0.01272
0.0475 -0.01425
0.05155 -0.01586
0.055610 -0.01755
0.05966 -0.01930
0.06372 -0.02109
0.067780 -0.02291
0.07184 -0.02475
0.0759 -0.026590
0.07996 -0.02844
0.084010 -0.03027
0.08807 -0.03207
0.09213 -0.03386
0.09619 -0.03562
0.10024 -0.03734
0.10429 -0.03903
0.10835 -0.04069
0.1124 -0.0423
0.11645 -0.04387
0.1205 -0.0454
0.12454 -0.04688
0.12859 -0.04832
0.13263 -0.04971
0.13667 -0.05105
0.14071 -0.05235
0.14475 -0.05359
0.14879 -0.05479
0.15282 -0.055930
0.156850 -0.05702
0.16089 -0.05805
0.16491 -0.05903
0.16894 -0.05995
0.1729700 -0.060810
0.17699 -0.061610
0.18101 -0.06235
0.18503 -0.06302
0.18904 -0.06364
0.19306 -0.0642
0.19707 -0.06471
0.20108 -0.06517
0.205090 -0.06559
0.2091 -0.06596
0.2131 -0.06627
0.217110 -0.066520
0.22111 -0.0667
0.22511 -0.0668
0.2291 -0.06683
0.2331 -0.06679
0.23709 -0.06667
0.24107 -0.066480
0.24506 -0.06622
0.249040 -0.06589
0.25302 -0.06549
0.257 -0.065
0.2609800 -0.06444
0.26495 -0.0638
0.26892 -0.063070
0.27289 -0.06226
0.27685 -0.06137
0.28081 -0.06038
0.28477 -0.05931
0.288720 -0.05814
0.29267 -0.05687
0.29662 -0.05551
0.30056 -0.05404
0.3045 -0.05246
0.30844 -0.05078
0.31237 -0.049
0.3163 -0.047130
0.32023 -0.045180
0.32415 -0.04314
0.32807 -0.04103
0.33199 -0.03883
0.3359 -0.03656
0.33982 -0.034220
0.34373 -0.0318
0.34763 -0.02928
0.35154 -0.02665
0.35543 -0.023880
0.35933 -0.02096
0.36319 -0.01789
0.36689 -0.01482
0.37028 -0.01192
0.3732 -0.00937
0.3755 -0.00733
0.37705 -0.00595
0.37782 -0.005360
-Inserting Flap Ga2-
0.49306 0.07921
0.49292 0.07878
0.49263 0.07793
0.4922 0.07668
0.49165 0.07512
0.49099 0.07333
0.49025 0.07144
0.48945 0.06953
0.48859 0.06769
0.487690 0.06593
0.48676 0.064240
0.48580 0.06261
0.48482 0.06102
0.48382 0.05947
0.4828 0.05794
0.48177 0.05645
0.48072 0.0549900
0.47966 0.05355
0.4785900 0.05214
0.4775 0.05075
0.47641 0.04939
0.4753 0.04805
0.47418 0.04673
0.47305 0.04543
0.47191 0.04414
0.47076 0.04289
0.46960 0.04165
0.46842 0.040440
0.46723 0.03925
0.46604 0.03808
0.46483 0.03694
0.463610 0.0358
0.46239 0.03468
0.46117 0.03357
0.45994 0.03247
0.4587 0.03138
0.45745 0.03031
0.45620 0.02925
0.45493 0.02822
0.45366 0.0272
0.452380 0.0262
0.45109 0.02521
0.44979 0.02425
0.44848 0.02329
0.44717 0.022360
0.44584 0.02144
0.44451 0.02053
0.44318 0.01963
0.44183 0.01875
0.44048 0.01789
0.439120 0.01703
0.43776 0.0162
0.43638 0.01538
0.435 0.01457
0.43361 0.01379
0.43221 0.01302
0.4308 0.01227
0.42938 0.01153
0.42796 0.01081
0.42652 0.01011
0.42508 0.00943
0.42362 0.00877
0.42216 0.00812
0.42069 0.00749
0.4192 0.00689
0.41771 0.00629
0.416220 0.00571
0.41471 0.00515
0.4132 0.0046
0.411680 0.00407
0.41015 0.00355
0.40861 0.00306
0.40705 0.0026
0.40547 0.00217
0.403880 0.00178
0.402270 0.00142
0.40065 0.00109
0.39901 0.00079
0.39735 0.00053
0.39568 0.0003
0.39398 0.00012
0.39225 -0.000048
0.3905 -0.00010
0.38872 -0.00012
0.38691 -8e-05
0.3850700 0.000032
0.3832 0.00016
0.3813 0.00036
0.37938 0.00062
0.37741 0.00097
0.37539 0.00141
0.3733 0.00200
0.37113 0.002750
0.36887 0.00369
0.3666 0.00478
0.36442 0.006
0.3624 0.0073
0.36065 0.008660
0.35923 0.01004
0.35751 0.01271
0.35725 0.01392
0.35742 0.01499
0.35802 0.01591
0.358970 0.01668
0.36021 0.01733
0.36164 0.01787
0.36319 0.01833
0.36477 0.01874
0.36639 0.01909
0.36803 0.01939
0.36969 0.01964
0.371380 0.01985
0.37308 0.02002
0.37481 0.02015
0.37655 0.02025
0.37831 0.02032
0.38007 0.02037
0.38184 0.02041
0.38362 0.02044
0.38541 0.02046
0.387190 0.02047
0.38897 0.020490
0.39075 0.02051
0.39253 0.020540
0.3943 0.02058
0.39607 0.020630
0.397830 0.02069
0.39959 0.02076
0.40134 0.020850
0.40308 0.02095
0.40481 0.021060
0.40654 0.02119
0.40825 0.02134
0.40996 0.0215
0.41166 0.02168
0.41336 0.02188
0.41504 0.02209
0.41672 0.02232
0.41838 0.02257
0.42004 0.022840
0.42168 0.02313
0.42332 0.02343
0.42494 0.02376
0.42656 0.02411
0.42816 0.02448
0.42976 0.02487
0.43134 0.025280
0.43291 0.02571
0.43447 0.02617
0.43602 0.02664
0.43756 0.02714
0.43909 0.02765
0.44062 0.02817
0.44213 0.02872
0.44364 0.02928
0.44513 0.02987
0.44661 0.03048
0.44808 0.03112
0.44953 0.03178
0.45097 0.03247
0.4524 0.03319
0.45381 0.033930
0.45522 0.0347
0.4566 0.03549
0.45798 0.036310
0.45934 0.03716
0.46068 0.03804
0.46202 0.03894
0.463330 0.03988
0.46463 0.04084
0.46592 0.04184
0.46719 0.042860
0.46844 0.04392
0.46968 0.04501
0.47089 0.04614
0.47209 0.0473
0.47328 0.04850
0.47444 0.049740
0.47558 0.05101
0.47671 0.05232
0.47781 0.05366
0.47891 0.05504
0.47998 0.05644
0.48105 0.05787
0.4821 0.05933
0.483130 0.06081
0.48416 0.062320
0.48516 0.06386
0.48616 0.06543
0.48713 0.06705
0.488070 0.06871
0.488990 0.07043
0.48987 0.07219
0.49069 0.07393
0.49143 0.075550
0.49206 0.07697
0.49254 0.0781
0.49287 0.07886
0.49306 0.07921
-Inserting Flap Ga2-
0.6076 0.22322
0.60766 0.22277
0.607750 0.22188
0.607880 0.22057
0.60803 0.21891
0.60818 0.21702
0.6083 0.21499
0.60836 0.21291
0.60835 0.21089
0.60827 0.20891
0.60813 0.20699
0.60794 0.2051
0.60771 0.20325
0.60745 0.20142
0.60716 0.19961
0.60684 0.19783
0.6065 0.19606
0.60614 0.19431
0.60575 0.19258
0.60535 0.19087
0.60492 0.18917
0.60447 0.18749
0.60401 0.18582
0.60352 0.18417
0.60302 0.18253
0.6025 0.1809
0.60196 0.1793
0.6014 0.1777
0.60081 0.17613
0.60021 0.174570
0.599590 0.17302
0.59896 0.17149
0.59832 0.16996
0.59767 0.16844
0.59701 0.16692
0.59634 0.16542
0.59566 0.16392
0.59496 0.16244
0.59424 0.16097
0.59351 0.159510
0.59276 0.15807
0.592 0.15663
0.59122 0.155210
0.59043 0.1538
0.589630 0.1524
0.58881 0.15101
0.58798 0.14963
0.58714 0.14826
0.58628 0.14690
0.585420 0.14555
0.58454 0.14421
0.58365 0.142880
0.58274 0.14156
0.58182 0.14025
0.58088 0.13896
0.57993 0.13767
0.57897 0.1364
0.57798 0.13514
0.57699 0.13389
0.57598 0.13266
0.57495 0.13144
0.5739 0.13023
0.57284 0.12903
0.57177 0.12784
0.57067 0.12667
0.56957 0.12551
0.568450 0.12436
0.567310 0.12322
0.56617 0.12209
0.565010 0.12097
0.56384 0.11986
0.56264 0.11878
0.56141 0.11771
0.56016 0.11666
0.55888 0.11564
0.55757 0.11464
0.55623 0.11366
0.55487 0.11271
0.55347 0.11177
0.55204 0.11087
0.550570 0.10999
0.54906 0.10915
0.547500 0.10835
0.54589 0.10758
0.54423 0.10686
0.54252 0.10618
0.54076 0.10554
0.53895 0.10493
0.53710 0.10436
0.535170 0.10385
0.53314 0.10342
0.531 0.10308
0.52871 0.102850
0.52627 0.10276
0.52375 0.10281
0.52126 0.103
0.51888 0.103350
0.51672 0.10385
0.51485 0.10451
0.51218 0.10622
0.51144 0.10721
0.51114 0.10826
0.5113 0.10934
0.51185 0.11044
0.51271 0.11154
0.51378 0.11263
0.51499 0.1137
0.51626 0.11473
0.51758 0.11572
0.51895 0.11668
0.52035 0.117600
0.5218 0.11849
0.52328 0.11936
0.5248 0.1202
0.52634 0.12101
0.5279 0.121810
0.529480 0.1226
0.53108 0.123370
0.53268 0.12414
0.5343 0.1249
0.535910 0.12566
0.53752 0.12642
0.53913 0.127180
0.54073 0.12795
0.54233 0.128730
0.543920 0.12951
0.54549 0.1303
0.54706 0.1311
0.54861 0.131900
0.55015 0.13272
0.55168 0.13355
0.55319 0.13439
0.55469 0.13524
0.55618 0.1361
0.55765 0.13697
0.5591 0.13786
0.560540 0.13875
0.56197 0.13966
0.563380 0.1405800
0.564770 0.14152
0.56615 0.14247
0.56751 0.14343
0.56885 0.14440
0.57017 0.14539
0.57147 0.1464
0.57276 0.14742
0.57403 0.14845
0.57527 0.14950
0.5765 0.15057
0.57771 0.15165
0.5789 0.15274
0.58008 0.15384
0.58125 0.154960
0.5824 0.15608
0.58353 0.15722
0.58464 0.158380
0.58573 0.15955
0.5868 0.16074
0.58784 0.16195
0.58886 0.16318
0.58986 0.16443
0.59084 0.1657
0.59179 0.16698
0.59272 0.16828
0.59363 0.1696
0.59451 0.17094
0.59537 0.17229
0.5962 0.17367
0.59701 0.17507
0.59779 0.17649
0.59854 0.17793
0.59926 0.17939
0.59996 0.180880
0.600630 0.18238
0.60127 0.18392
0.60187 0.18547
0.60244 0.18706
0.60298 0.1886700
0.603490 0.1903
0.60397 0.19196
0.60441 0.19364
0.60483 0.1953500
0.60523 0.19707
0.6056 0.19881
0.60594 0.20058
0.60627 0.20236
0.60656 0.20416
0.60684 0.20598
0.60708 0.207820
0.60729 0.20969
0.60745 0.2116
0.60757 0.21354
0.60764 0.21551
0.60766 0.21743
0.60765 0.219220
0.60763 0.22077
0.6076 0.222
0.60758 0.22283
0.6076 0.22322
*.*.Setup: Ga2.txt as Flap 1, Inverted: y, Scale = 1.0, AoA = 2.0, Reposition from (0,0) = (0, 0)*.*.
*.*.Setup: Ga2.txt as Flap 2, Inverted: y, Scale = 0.4, AoA = 27.0, Reposition from previous T.E. = (-0.06, 0.06), Reposition from (0,0) = (0.9411, 0.0458)*.*.
*.*.Setup: Ga2.txt as Flap 3, Inverted: y, Scale = 0.4, AoA = 51.666666666666664, Reposition from previous T.E. = (0.04, 0.08), Reposition from (0,0) = (1.3464, 0.2899)*.*.
*.*.Setup: Scale Ratio = 0.37741*.*.