0.35896 0.03773
0.356850 0.03563
0.35378 0.03257
0.35018 0.02956
0.34583 0.02665
0.340540 0.023660
0.33415 0.02045
0.32662 0.017
0.318030 0.01337
0.308620 0.00965
0.29864 0.00592
0.28834 0.00226
0.277860 -0.001290
0.26732 -0.00469
0.25675 -0.0079
0.24615 -0.010930
0.23549 -0.01378
0.22474 -0.01646
0.2138200 -0.01899
0.20269 -0.0214
0.19133 -0.02374
0.17973 -0.02602
0.16796 -0.02828
0.15612 -0.030510
0.14437 -0.0327
0.13288 -0.03477
0.12183 -0.03668
0.11141 -0.03832
0.10173 -0.03961
0.09274 -0.04049
0.08432 -0.04092
0.07635 -0.0409
0.06873 -0.04045
0.06142 -0.03955
0.05438 -0.03823
0.04763 -0.0365
0.041170 -0.03438
0.03506 -0.03192
0.02937 -0.0292
0.0242 -0.02634
0.01966 -0.023480
0.01578 -0.02073
0.01253 -0.01816
0.00984 -0.01576
0.00763 -0.01354
0.005810 -0.01147
0.00432 -0.009540
0.00311 -0.00774
0.00212 -0.00606
0.00133 -0.004480
0.00072 -0.00298
0.00029 -0.00157
0.000055 -0.00022
-6e-05 0.00109
0.00013 0.00238
0.00075 0.00356
0.00181 0.00447
0.003160 0.00513
0.00475 0.005630
0.00656 0.00604
0.00866 0.0064
0.01112 0.00674
0.01406 0.00705
0.01764 0.00736
0.02212 0.007640
0.0278 0.0079
0.03496 0.00813
0.04356 0.008250
0.05323 0.00821
0.06363 0.00793
0.07467 0.00743
0.08628 0.0068
0.09826 0.00609
0.1104 0.00536
0.12252 0.00464
0.134490 0.00396
0.14628 0.00337
0.157880 0.00288
0.16928 0.00252
0.1805 0.00231
0.191560 0.00228
0.20248 0.00245
0.21326 0.00281
0.22394 0.00339
0.23452 0.0042
0.24501 0.00524
0.25543 0.00652
0.26577 0.00803
0.27604 0.00979
0.28622 0.01178
0.29625 0.0140
0.30606 0.01643
0.3155 0.01903
0.32435 0.02173
0.33238 0.02446
0.339410 0.02716
0.3454 0.02979
0.35045 0.03234
0.35467 0.034810
0.35896 0.03773
-Inserting Flap s1223rtl-
0.51401 0.15929
0.5136 0.15786
0.5130 0.15578
0.51215 0.15359
0.51095 0.151260
0.509360 0.1486700
0.50735 0.14572
0.504890 0.14238
0.50201 0.13872
0.4988 0.13481
0.49534 0.13076
0.49172 0.12666
0.488 0.12256
0.48421 0.118520
0.48037 0.11456
0.47647 0.11066
0.472500 0.10683
0.46845 0.10305
0.46429 0.0993
0.46001 0.09555
0.4556 0.09177
0.45108 0.08796
0.44648 0.08412
0.441850 0.08028
0.43724 0.07647
0.432720 0.07278
0.428350 0.06927
0.42419 0.06602
0.42027 0.06311
0.416550 0.06055
0.41297 0.05832
0.40948 0.05639
0.40604 0.05475
0.40262 0.05337
0.39923 0.052240
0.39585 0.05136
0.39252 0.05072
0.38925 0.05031
0.3861 0.05012
0.38315 0.05012
0.38047 0.05027
0.3781 0.05053
0.37606 0.05087
0.37430 0.05127
0.3728 0.05171
0.3715 0.05217
0.37038 0.05265
0.36941 0.05314
0.36857 0.05364
0.367840 0.05414
0.36722 0.05465
0.36668 0.05516
0.36624 0.05568
0.36589 0.05624
0.36566 0.05685
0.36564 0.05751
0.36588 0.05817
0.366320 0.05878
0.36689 0.05939
0.367590 0.06001
0.36842 0.06067
0.36941 0.06142
0.370620 0.06227
0.37211 0.06327
0.3740 0.06448
0.37642 0.06597
0.3795 0.0678
0.38323 0.06994
0.38746 0.07227
0.39208 0.07467
0.39703 0.07713
0.40226 0.07966
0.40767 0.08226
0.41316 0.08488
0.41863 0.0875
0.42403 0.09011
0.42933 0.09271
0.43452 0.0953
0.4396 0.09791
0.44455 0.10054
0.4494 0.103210
0.45413 0.10593
0.45876 0.1087
0.46329 0.111540
0.467720 0.11446
0.47205 0.11746
0.47630 0.12054
0.48046 0.12371
0.48452 0.12697
0.48849 0.13031
0.49234 0.13371
0.49604 0.13715
0.49954 0.14057
0.50275 0.1439
0.5056 0.14704
0.50802 0.14993
0.51001 0.15253
0.51159 0.15487
0.51284 0.1569700
0.51401 0.15929
-Inserting Flap s1223rtl-
0.64474 0.29468
0.64441 0.29323
0.64394 0.29112
0.64322 0.28888
0.64216 0.28649
0.640720 0.283810
0.63888 0.280750
0.63662 0.27728
0.633960 0.27345
0.630980 0.26936
0.62777 0.26511
0.62439 0.26081
0.620920 0.25651
0.61737 0.25225
0.61376 0.24807
0.6101 0.24395
0.60636 0.2399
0.60253 0.23589
0.59859 0.23191
0.59454 0.22791
0.59036 0.22389
0.58607 0.21982
0.5817 0.21572
0.5773 0.21161
0.57292 0.20754
0.56862 0.20359
0.56446 0.19983
0.56049 0.19635
0.55675 0.193220
0.553190 0.190440
0.54975 0.18801
0.54637 0.18588
0.54303 0.18404
0.53971 0.18246
0.536380 0.18114
0.53306 0.180060
0.52977 0.17923
0.52653 0.17864
0.5234 0.17826
0.52045 0.17809
0.51777 0.17809
0.51539 0.17821
0.51333 0.17843
0.51155 0.17872
0.51002 0.17907
0.5087 0.17946
0.50756 0.17987
0.506560 0.18031
0.5057 0.180750
0.50494 0.18121
0.50428 0.18168
0.50372 0.18216
0.50325 0.18266
0.50286 0.18319
0.50260 0.18379
0.50255 0.18445
0.5027500 0.18512
0.50315 0.185760
0.50368 0.18639
0.50434 0.18706
0.50513 0.18777
0.50608 0.18857
0.50723 0.189490
0.5086700 0.19057
0.51048 0.19189
0.51281 0.19352
0.51578 0.19553
0.51938 0.19788
0.52347 0.20045
0.52794 0.20311
0.53274 0.20586
0.53781 0.20869
0.54306 0.2116
0.54839 0.21454
0.55370 0.217470
0.55894 0.22039
0.56408 0.22329
0.56911 0.22618
0.57402 0.22908
0.57882 0.232
0.58350 0.23494
0.58807 0.23793
0.592530 0.240970
0.59688 0.24407
0.60113 0.24724
0.60529 0.25048
0.60935 0.25381
0.61332 0.25722
0.61718 0.2607
0.62095 0.26427
0.6246 0.26789
0.62809 0.271540
0.63138 0.27516
0.6344 0.27867
0.63706 0.28197
0.63931 0.28499
0.64114 0.2877
0.64259 0.29013
0.643710 0.2923
0.64474 0.29468
*.*.Setup: s1223rtl.txt as Flap 1, Inverted: y, Scale = 1.0, AoA = 6.0, Reposition from (0,0) = (0, 0)*.*.
*.*.Setup: s1223rtl.txt as Flap 2, Inverted: y, Scale = 0.5, AoA = 35.0, Reposition from previous T.E. = (0.02, 0.05), Reposition from (0,0) = (1.0145, 0.1545)*.*.
*.*.Setup: s1223rtl.txt as Flap 3, Inverted: y, Scale = 0.5, AoA = 38.333333333333336, Reposition from previous T.E. = (-0.03, 0.065), Reposition from (0,0) = (1.3941, 0.5063)*.*.
*.*.Setup: Scale Ratio = 0.36094*.*.