0.36412 0.05767
0.36208 0.055420
0.35911 0.05213
0.3556 0.04887
0.35132 0.04567
0.34608 0.04234
0.33974 0.03872
0.33224 0.0348
0.32367 0.030640
0.31427 0.02634
0.3043 0.022
0.29398 0.01771
0.28349 0.01353
0.27291 0.00951
0.2623 0.00566
0.25166 0.00201
0.24094 -0.00147
0.23011 -0.00477
0.21911 -0.00794
0.20789 -0.01099
0.19642 -0.01398
0.18472 -0.01693
0.17283 -0.01987
0.16087 -0.02278
0.149 -0.02563
0.13739 -0.02837
0.12622 -0.03090
0.11568 -0.03313
0.10588 -0.03497
0.09676 -0.03634
0.0882 -0.03723
0.08006 -0.03764
0.07227 -0.03758
0.06476 -0.037060
0.05751 -0.03609
0.05053 -0.03468
0.04383 -0.03287
0.03746 -0.03068
0.03151 -0.02822
0.0261 -0.02558
0.02131 -0.02290
0.01720 -0.02031
0.01375 -0.01785
0.010880 -0.01555
0.00851 -0.0134
0.006540 -0.011380
0.00492 -0.0095
0.00358 -0.00773
0.00248 -0.00607
0.0016 -0.004500
0.0009 -0.00301
0.00038 -0.001580
0.000086 -0.00022
-0.00012 0.00111000
0.000005 0.00244
0.00057 0.003670
0.0016 0.00466
0.00295 0.0054
0.00454 0.00599
0.00637 0.006510
0.0085 0.00699
0.01099 0.00747
0.01396 0.00795
0.0176 0.00845
0.02215 0.00898
0.02793 0.00955
0.03522 0.01016
0.04399 0.01075
0.05385 0.01122
0.064470 0.01149
0.075770 0.01157
0.08764 0.01155
0.09990 0.01147
0.11232 0.01137
0.12472 0.01128
0.13697 0.01123
0.149030 0.01125
0.16088 0.01137
0.17253 0.011620
0.183990 0.01201
0.19527 0.01257
0.2064 0.01332
0.21738 0.01427
0.2282400 0.01543
0.23898 0.01682
0.24963 0.01844
0.26019 0.0203
0.270660 0.0224
0.28104 0.02474
0.29131 0.02732
0.30143 0.03012
0.3113 0.03312
0.32079 0.03627
0.32968 0.0395
0.33772 0.04272
0.34474 0.04584
0.35072 0.04885
0.35573 0.05172
0.3599 0.05446
0.36412 0.05767
-Inserting Flap s1223rtl-
0.52375 0.16827
0.52321 0.166850
0.52241 0.16479
0.52136 0.16264
0.51993 0.160370
0.51808 0.15788
0.51577 0.155050
0.51297 0.15188
0.50972 0.1484
0.5061 0.14471
0.50222 0.1409
0.49817 0.13705
0.49402 0.13322
0.48981 0.12944
0.48555 0.12575
0.48123 0.122130
0.47685 0.11859
0.47239 0.11511
0.46782 0.11166
0.46313 0.10822
0.45831 0.1047700
0.45338 0.1013
0.44836 0.0978
0.4433 0.0943
0.43827 0.09084
0.433340 0.08748
0.42858 0.0843
0.42406 0.08137
0.41981 0.07875
0.4158 0.07648
0.41196 0.07453
0.40824 0.07288
0.40459 0.07151
0.40099 0.07041
0.39743 0.06956
0.39392 0.06897
0.39047 0.06862
0.38711 0.068490
0.38389 0.06858
0.38088 0.06884
0.37817 0.06923
0.37579 0.06971
0.37374 0.07023
0.37199 0.07079
0.37049 0.07137
0.36921 0.0719600
0.36812 0.07255
0.36718 0.07314
0.36637 0.07372
0.36567 0.07429
0.36508 0.07486
0.36458 0.07543
0.36417 0.07601
0.36386 0.0766
0.36368 0.07724
0.36373 0.07792
0.36403 0.07856
0.36453 0.07915
0.36517 0.07971
0.36593 0.08028
0.36683 0.08089
0.36791 0.08156
0.36922 0.08232
0.37082 0.0832
0.37285 0.08426
0.37545 0.08557
0.37874 0.08716
0.38273 0.089
0.38725 0.09099
0.39216 0.09302
0.39742 0.09508
0.40296 0.0972
0.4087 0.09936
0.41451 0.10154
0.42032 0.10372
0.42604 0.10589
0.43167 0.10806
0.43718 0.11024
0.44257 0.11244000
0.44785 0.11468
0.45302 0.11696
0.45808 0.1193
0.46303 0.12172
0.46789 0.1242
0.47266 0.12678
0.47734 0.12944
0.48193 0.132200
0.48645 0.13506
0.49087 0.13801
0.49521 0.14105
0.499430 0.14417
0.5035 0.14734
0.507360 0.15052
0.510930 0.15362
0.51411 0.15656
0.51683 0.15928
0.51908 0.16175
0.52090 0.16399
0.522360 0.16602
0.52375 0.16827
-Inserting Flap s1223rtl-
0.64526 0.29796
0.64483 0.2965
0.64422 0.29437
0.64336 0.29214
0.64213 0.28976
0.64051 0.28711
0.63845 0.2841
0.63594 0.28069
0.633 0.27695
0.62972 0.27295
0.62619 0.26882
0.62249 0.26463
0.61869 0.26045
0.61482 0.25632
0.6109 0.252270
0.60692 0.24829
0.60286 0.24438
0.59872 0.24052
0.59447 0.236690
0.5901 0.23286
0.5856 0.229
0.580980 0.22511
0.57629 0.22119
0.57155 0.21726
0.56684 0.21337
0.56222 0.2096
0.55776 0.20601
0.55351 0.2027
0.54951 0.19972
0.54571 0.19711
0.54206 0.19483
0.53849 0.19286
0.53497 0.19118
0.53149 0.18977
0.52802 0.18862
0.52457 0.18772
0.521160 0.18707
0.51782 0.18665
0.51461 0.18646
0.51160 0.18646
0.50886 0.18661
0.50644 0.18688
0.50435 0.18722
0.50256 0.18763
0.50102 0.18807
0.4997 0.18855
0.49856 0.18904
0.49757 0.18954
0.49671 0.19005
0.495960 0.1905600
0.49532 0.19108
0.4947800 0.19160
0.49432 0.19214
0.49396 0.1927
0.49373 0.19333
0.49371 0.19401
0.49396 0.19468
0.4944 0.1953
0.49499 0.19592
0.4957 0.196550
0.4965500 0.19724
0.49756 0.198
0.4988 0.19886
0.50032 0.19989
0.50225 0.20112
0.50472 0.20265
0.50787 0.20452
0.51168 0.2067
0.516 0.20908
0.52072 0.21153
0.52578 0.21404
0.53112 0.21663
0.53664 0.21928
0.54225 0.22196
0.547840 0.22464
0.553350 0.2273
0.55877 0.22995
0.56407 0.23261
0.569250 0.23527
0.57431 0.23796
0.57926 0.24068
0.58410 0.24346
0.58882 0.24629
0.59345 0.24919
0.59797 0.25217
0.6024 0.25523
0.60674 0.25838
0.61099 0.26162
0.615140 0.26495
0.61919 0.26836
0.62312 0.27183
0.62690 0.27535
0.63047 0.27884
0.63376 0.28224
0.63667 0.28545
0.63914 0.2884
0.64117 0.29106
0.64279 0.29345
0.64406 0.29559
0.64526 0.29796
*.*.Setup: s1223rtl.txt as Flap 1, Inverted: y, Scale = 1.0, AoA = 9.0, Reposition from (0,0) = (0, 0)*.*.
*.*.Setup: s1223rtl.txt as Flap 2, Inverted: y, Scale = 0.5, AoA = 30.0, Reposition from previous T.E. = (0.0, 0.05), Reposition from (0,0) = (0.9877, 0.2064)*.*.
*.*.Setup: s1223rtl.txt as Flap 3, Inverted: y, Scale = 0.5, AoA = 35.0, Reposition from previous T.E. = (-0.08, 0.065), Reposition from (0,0) = (1.3407, 0.5214)*.*.
*.*.Setup: Scale Ratio = 0.36866*.*.