0.36545 0.05788
0.36341 0.055620
0.36043 0.05232
0.35691 0.04905
0.35261 0.04584
0.34735 0.04249
0.34099 0.03886
0.33345 0.03493
0.32486 0.030760
0.31542 0.02644
0.30541 0.02209
0.29506 0.01778
0.28452 0.01358
0.27391 0.00954
0.26326 0.00568
0.25258 0.00201
0.24182 -0.00147
0.23095 -0.00479
0.21991 -0.00797
0.20865 -0.01104
0.19714 -0.01403
0.18539 -0.017
0.17346 -0.01994
0.16146 -0.02286
0.14955 -0.02573
0.1379 -0.02847
0.12669 -0.031010
0.11611 -0.03325
0.10626 -0.03509
0.09712 -0.03647
0.08852 -0.03737
0.08035 -0.03778
0.07253 -0.03772
0.065 -0.03720
0.05772 -0.03622
0.05071 -0.03481
0.04399 -0.03299
0.0376 -0.0308
0.03163 -0.02832
0.02619 -0.02567
0.02139 -0.022980
0.017260 -0.02038
0.0138 -0.01792
0.010920 -0.01561
0.00854 -0.01345
0.006570 -0.011430
0.00494 -0.00953
0.00359 -0.00776
0.00249 -0.00609
0.0016 -0.0045100
0.0009 -0.00302
0.00038 -0.001590
0.000086 -0.00022
-0.00012 0.00111000
0.000005 0.00245
0.00057 0.003690
0.00161 0.00467
0.00296 0.00542
0.00456 0.00602
0.0064 0.006530
0.00853 0.00702
0.01103 0.00749
0.01402 0.00798
0.01767 0.00848
0.02223 0.00901
0.02804 0.00958
0.03535 0.01019
0.04415 0.01079
0.05405 0.01126
0.064710 0.01153
0.076050 0.01162
0.08796 0.01159
0.100260 0.01151
0.11273 0.01141
0.12518 0.01132
0.13747 0.01127
0.149570 0.01129
0.16147 0.01141
0.17316 0.011660
0.184660 0.01205
0.19599 0.01262
0.20715 0.01337
0.21817 0.01432
0.2290700 0.01549
0.23986 0.01688
0.25054 0.01851
0.26114 0.02037
0.271650 0.02248
0.28207 0.02483
0.29238 0.02742
0.30253 0.03023
0.31244 0.03324
0.32197 0.0364
0.33088 0.03965
0.33895 0.04287
0.346 0.04601
0.352 0.04903
0.35703 0.05191
0.36122 0.05466
0.36545 0.05788
-Inserting Flap s1223rtl-
0.5467 0.13966
0.54591 0.13835
0.54477 0.13645
0.54335 0.13451
0.54155 0.13252
0.53929 0.13038
0.53651 0.12799
0.53319 0.12534
0.529360 0.12247
0.52514 0.11945
0.52065 0.11636
0.51598 0.11326
0.51121 0.1102
0.50638 0.1072
0.50152 0.10429
0.496630 0.10147
0.49168 0.09873
0.48666 0.096070
0.48155 0.093450
0.47632 0.09087
0.47095 0.0883
0.46547 0.08573
0.45989 0.083140
0.45428 0.08057
0.44871 0.078020
0.44325 0.07557
0.43799 0.07325
0.43301 0.07114
0.42836 0.0693
0.424 0.06775
0.41987 0.06649
0.4159 0.06551
0.41205 0.06479
0.4083 0.06433
0.40464 0.06411
0.40107 0.06414
0.39759 0.06439
0.39425 0.06485
0.39108 0.0655
0.38816 0.06628
0.38554 0.067140
0.38327 0.06803
0.38134 0.06891
0.3797 0.06976
0.378330 0.0706
0.37717 0.0714
0.37619 0.07217
0.37536 0.07292
0.37466 0.07363
0.37407 0.07432
0.373580 0.07499
0.37319 0.07564
0.37289 0.076280
0.37269 0.07692
0.372620 0.07758
0.37278 0.07825
0.3732 0.07883
0.373790 0.07932
0.37452 0.07977
0.37537 0.0802
0.376370 0.08064
0.37755 0.08111
0.37897 0.08163
0.38072 0.08223
0.38291 0.08293
0.3857 0.08376
0.38923 0.08476
0.3935 0.08589
0.398310 0.08707
0.40351 0.08822
0.409070 0.08934
0.41492 0.090460
0.42097 0.0916
0.4271 0.09274
0.43321 0.09388
0.43925 0.09503
0.44519 0.0962
0.45102 0.09739
0.45673 0.09863
0.46234 0.09992
0.467840 0.10127
0.47325 0.10271
0.47857 0.10423
0.48381 0.10584
0.48897 0.10755
0.49406 0.10937
0.49908 0.1113
0.50404 0.11333
0.50893 0.11548
0.51374 0.11773
0.51846 0.12008
0.523030 0.12251
0.52741 0.12497
0.531470 0.12741
0.53513 0.12976
0.53829 0.13198
0.54094 0.13403
0.54314 0.13593
0.544930 0.13767
0.5467 0.13966
-Inserting Flap s1223rtl-
0.66222 0.2729
0.661880 0.27142
0.66139 0.26925
0.660660 0.26696
0.65957 0.26451
0.6581 0.26176
0.65621 0.25862
0.65390 0.255060
0.65117 0.25114
0.64811 0.24694
0.64482 0.24259
0.64136 0.23818
0.63779 0.23377
0.6341600 0.22941
0.63046 0.225120
0.6267 0.2209
0.62287 0.21675
0.61894 0.21264
0.61491 0.208550
0.61075 0.20446
0.60647 0.200330
0.602080 0.19616
0.5976 0.19196
0.59308 0.1877400
0.58859 0.18358
0.58418 0.17953
0.57992 0.17567
0.57585 0.1721
0.57202 0.16889
0.56837 0.16605
0.56484 0.16355
0.56138 0.16137
0.557960 0.15948
0.55454 0.15786
0.55113 0.15651
0.54773 0.15541
0.54436 0.15455
0.54103 0.15394
0.53782 0.15356
0.53481 0.15338
0.53205 0.15338
0.52962 0.1535
0.5275 0.15373
0.52568 0.15403
0.52412 0.15439
0.52276 0.15479
0.52159 0.15521
0.52057 0.15566
0.51968 0.15611
0.5189 0.15658
0.51823 0.15706
0.51765 0.15756
0.51717 0.15807
0.51678 0.158610
0.5165 0.15923
0.51645 0.15991
0.51666 0.16059
0.51706 0.16125
0.517610 0.1619
0.51829 0.16257
0.5191 0.16331
0.52007 0.16413
0.52126 0.16507
0.52273 0.16618
0.52459 0.16753
0.526970 0.1692
0.53001 0.17126
0.5337 0.17368
0.5379 0.17631
0.54248 0.17904
0.5474 0.18185
0.5526 0.184760
0.55798 0.18773
0.56345 0.19075
0.56889 0.19375
0.57426 0.196740
0.57953 0.19972
0.58469 0.20269
0.58973 0.20566
0.59464 0.208640
0.59944 0.211660
0.60412 0.21473
0.60869 0.21784
0.61316 0.22102
0.61752 0.22427
0.62178 0.2276
0.62594 0.2310
0.63 0.23450
0.633970 0.23807
0.63783 0.24172
0.64157 0.24544
0.64515 0.24918
0.648530 0.25289
0.65162 0.25649
0.65435 0.259870
0.65665 0.26297
0.658530 0.26575
0.66001 0.26824
0.66116 0.27047
0.66222 0.2729
*.*.Setup: s1223rtl.txt as Flap 1, Inverted: y, Scale = 1.0, AoA = 9.0, Reposition from (0,0) = (0, 0)*.*.
*.*.Setup: s1223rtl.txt as Flap 2, Inverted: y, Scale = 0.5, AoA = 20.0, Reposition from previous T.E. = (0.02, 0.05), Reposition from (0,0) = (1.0077, 0.2064)*.*.
*.*.Setup: s1223rtl.txt as Flap 3, Inverted: y, Scale = 0.5, AoA = 38.333333333333336, Reposition from previous T.E. = (-0.08, 0.05), Reposition from (0,0) = (1.3975, 0.4274)*.*.
*.*.Setup: Scale Ratio = 0.37001*.*.