0.3819900000 -0.01877
0.38118 -0.01958
0.37957 -0.02116
0.37717 -0.02348
0.37413 -0.02638
0.3706 -0.02964
0.36675 -0.03307
0.36273 -0.03645
0.35869 -0.03961
0.354650 -0.04254
0.35061 -0.04528
0.34657 -0.04786
0.34253 -0.05031
0.33849 -0.05267
0.33445 -0.05493
0.33041 -0.05711
0.32636 -0.05921
0.32232 -0.06123
0.31828 -0.06318
0.31424 -0.06506
0.3102 -0.06687
0.30616 -0.06862
0.30212 -0.07032
0.29808 -0.07195
0.29404 -0.073530
0.29 -0.07504
0.285960 -0.07649
0.28192 -0.07788
0.27787 -0.07919
0.27383 -0.08045
0.26979 -0.08165
0.26575 -0.08281
0.261710 -0.08393
0.25767 -0.08503
0.25363 -0.08610
0.24959 -0.08713
0.24555 -0.08812
0.24151 -0.08906
0.237470 -0.08994
0.23343 -0.090780
0.22938 -0.09156
0.22534 -0.0923
0.2213 -0.09298
0.21726 -0.09363
0.21322 -0.09423
0.20918 -0.09478
0.20514 -0.0953
0.2011 -0.09578
0.19706 -0.09622
0.19302 -0.09663
0.18898 -0.09699
0.18494 -0.09731
0.18089 -0.09758
0.17685 -0.0978
0.17281 -0.09798
0.16877 -0.0981
0.16473 -0.09818
0.16069 -0.09821
0.15665 -0.09819
0.15261 -0.09812
0.14857 -0.098
0.144530 -0.09782
0.14049 -0.0976
0.13645 -0.09732
0.1324 -0.09699
0.12836 -0.09661
0.12432 -0.09619
0.120280 -0.09574
0.11624 -0.09524
0.1122 -0.0947
0.10816 -0.0941
0.10412 -0.093430
0.10008 -0.092680
0.096040 -0.09183
0.092 -0.0909
0.08796 -0.08987
0.08391 -0.08874
0.07987 -0.08753
0.07583 -0.08622
0.07179 -0.08481
0.06775 -0.08327
0.06371 -0.08159
0.05967 -0.0797600
0.05563 -0.07776
0.05159 -0.075600
0.04755 -0.073270
0.04351 -0.07079
0.03947 -0.06815
0.03542 -0.06535
0.03138 -0.06233
0.027340 -0.05899
0.0233 -0.055270
0.01926 -0.05108
0.01525 -0.04638
0.0114 -0.04131
0.00787 -0.03606
0.00482 -0.0308
0.00242 -0.02572
0.00081 -0.02097
0.000000 -0.01299
0.00081 -0.00997
0.00242 -0.00773
0.00482 -0.00635
0.00787 -0.00571
0.0114 -0.00568
0.01525 -0.0061
0.01926 -0.00683
0.0233 -0.00774
0.027340 -0.0088
0.03138 -0.01001
0.03542 -0.01135
0.03947 -0.01282
0.04351 -0.0144
0.04755 -0.01609
0.05159 -0.01787
0.05563 -0.01972
0.05967 -0.02163
0.06371 -0.02358
0.06775 -0.02556
0.07179 -0.02757
0.07583 -0.02958
0.07987 -0.03159
0.08391 -0.03358
0.08796 -0.03556
0.092 -0.03751
0.096040 -0.03943
0.10008 -0.04132
0.10412 -0.04317
0.10816 -0.04498
0.1122 -0.04676
0.11624 -0.04849
0.120280 -0.05018
0.12432 -0.05182
0.12836 -0.053420
0.1324 -0.05497
0.13645 -0.05647
0.14049 -0.057920
0.144530 -0.0593200
0.14857 -0.06067
0.15261 -0.06197
0.15665 -0.06321
0.16069 -0.0644
0.16473 -0.06553
0.16877 -0.06661
0.17281 -0.06762
0.17685 -0.06857
0.18089 -0.06946
0.18494 -0.07028
0.18898 -0.07105
0.19302 -0.071760
0.19706 -0.072410
0.2011 -0.07302
0.20514 -0.07359
0.20918 -0.07410
0.21322 -0.07456
0.21726 -0.07495
0.2213 -0.07528
0.22534 -0.07553
0.22938 -0.0757
0.23343 -0.07579
0.237470 -0.07582
0.24151 -0.07577
0.24555 -0.07564
0.24959 -0.07545
0.25363 -0.075180
0.25767 -0.07483
0.261710 -0.0744
0.26575 -0.07389
0.26979 -0.0733
0.27383 -0.07262
0.27787 -0.07185
0.28192 -0.071
0.285960 -0.07005
0.29 -0.06901
0.29404 -0.06787
0.29808 -0.06663
0.30212 -0.06528
0.30616 -0.06382
0.3102 -0.06226
0.31424 -0.0606
0.31828 -0.05885
0.32232 -0.05701
0.32636 -0.05509
0.33041 -0.053090
0.33445 -0.05101
0.33849 -0.04885
0.34253 -0.04662
0.34657 -0.04431
0.35061 -0.0419
0.354650 -0.03937
0.35869 -0.03671
0.36273 -0.033890
0.36675 -0.03093
0.3706 -0.02796
0.37413 -0.02514
0.37717 -0.02266
0.37957 -0.020680
0.38118 -0.01934
0.3819900000 -0.01877
-Inserting Flap Ga2-
0.51136 0.07065
0.51122 0.07021
0.51093 0.06936
0.5105 0.06809
0.50994 0.06651
0.50927 0.0647
0.50852 0.06278
0.5077 0.06085
0.50684 0.05899
0.50593 0.05721
0.50499 0.0555
0.50402 0.05385
0.50302 0.05224
0.50201 0.05067
0.50098 0.04913
0.49994 0.04761
0.49888 0.04613
0.4978 0.04468
0.49672 0.04325
0.49562 0.041850
0.49451 0.04047
0.49339 0.03911
0.49225 0.03777
0.49111 0.03645
0.48996 0.035160
0.48879 0.03389
0.48761 0.03263
0.48642 0.031410
0.485220 0.03021
0.48401 0.02902
0.48279 0.027860
0.48156 0.02672
0.48032 0.02558
0.47908 0.02446
0.47784 0.02334
0.47658 0.02224
0.47532 0.02115
0.47405 0.02009
0.47277 0.01904
0.47148 0.018
0.47019 0.01699
0.46888 0.016
0.46757 0.01502
0.466240 0.01405
0.46491 0.01311
0.463570 0.01217
0.46223 0.01126
0.46087 0.01035
0.45951 0.00946
0.45815 0.00858
0.45677 0.00772
0.45539 0.006870
0.454 0.00604
0.4526 0.00523
0.45119 0.00443
0.44977 0.00365
0.44835 0.00289
0.44691 0.00215
0.44547 0.00142
0.44401 0.00071
0.44255 0.000059
0.44108 -0.00065
0.4396 -0.0013
0.43811 -0.00194
0.43661 -0.00255
0.4351 -0.00315
0.43358 -0.00374
0.432060 -0.00431
0.43053 -0.00487
0.42899 -0.00541
0.42744 -0.00593
0.42588 -0.00642
0.42431 -0.00689
0.42271 -0.00732
0.4211 -0.00772
0.41947 -0.00809
0.41783 -0.00842
0.41617 -0.00872
0.41449 -0.00899
0.41279 -0.00922
0.41107 -0.00940
0.40933 -0.00954
0.40756 -0.00962
0.40575 -0.00964
0.40392 -0.00961
0.40206 -0.00951
0.40017 -0.00936
0.39825 -0.00915
0.3963 -0.00889
0.39431 -0.00855
0.39226 -0.00809
0.390150 -0.0075
0.38795 -0.00674
0.38566 -0.00579
0.38337 -0.00469
0.38116 -0.00346
0.37912 -0.00213
0.37734 -0.000760
0.3759 0.00064
0.374170 0.00334
0.3739 0.00456
0.374070 0.00565
0.37468 0.00658
0.37565 0.00736
0.3769 0.00801
0.378350 0.00856
0.37991 0.00903
0.38152 0.00944
0.38315 0.0098
0.38481 0.0101
0.386490 0.01036
0.3882 0.01057
0.38993 0.01074
0.39167 0.01087
0.39344 0.01097
0.39521 0.01104
0.397 0.0111
0.3988 0.01113
0.4006 0.01116
0.4024 0.01118
0.40421 0.0112
0.40601 0.011220
0.40781 0.01124
0.40961 0.01127
0.41141 0.01131
0.413190 0.01136
0.41498 0.01142
0.41675 0.01149
0.41852 0.011580
0.42029 0.01168
0.42204 0.0118
0.42379 0.01193
0.42553 0.01208
0.42726 0.01224
0.42898 0.01242
0.43069 0.01262
0.43239 0.01284
0.434090 0.01307
0.43577 0.013320
0.43745 0.01360
0.439120 0.01389
0.44077 0.0142
0.44242 0.014530
0.44405 0.014880
0.44568 0.01525
0.44729 0.01565
0.448890 0.01606
0.45048 0.0165
0.45206 0.016960
0.45363 0.01745
0.45519 0.01794
0.45674 0.018460
0.45828 0.01899
0.45982 0.01954
0.46134 0.02012
0.46285 0.02071
0.46435 0.02133
0.46584 0.02197
0.46731 0.02265
0.46876 0.02335
0.47021 0.02407
0.471640 0.02482
0.47306 0.0256
0.474460 0.0264
0.47585 0.02723
0.47723 0.02809
0.47859 0.02898
0.479940 0.02989
0.48127 0.03084
0.48259 0.03181
0.483890 0.03282
0.48518 0.03386
0.48644 0.03493
0.48769 0.03604
0.48893 0.03718
0.49014 0.03835
0.49134 0.03957
0.49251 0.040820
0.49367 0.04211
0.49481 0.04343
0.49593 0.04479
0.49704 0.04618
0.49813 0.0476
0.4992 0.0490500
0.50027 0.05052
0.50132 0.05203
0.50235 0.05356
0.50337 0.05511
0.50437 0.05671
0.50536 0.05834
0.50631 0.06002
0.50724 0.06176
0.50813 0.06355
0.50897 0.0653
0.50971 0.066950
0.51035 0.06839
0.51084 0.06953
0.51117 0.0703
0.51136 0.07065
-Inserting Flap Ga2-
0.60179 0.1963
0.60179 0.19584
0.60178 0.19494
0.60176 0.19361
0.60172 0.19193
0.60165 0.19
0.60152 0.187940
0.60134 0.18585
0.60109 0.18382
0.60078 0.18185
0.60041 0.17993
0.6 0.17805
0.59955 0.176220
0.59907 0.17441
0.598570 0.17263
0.59805 0.17087
0.5975 0.16913
0.59692 0.16742
0.59633 0.16572
0.59572 0.164050
0.59509 0.16239
0.59444 0.16075
0.59378 0.15913
0.5931 0.15752
0.5924 0.15594
0.59169 0.15436
0.59096 0.15281
0.5902 0.15128
0.58943 0.14976
0.58864 0.14826
0.587840 0.14678
0.58703 0.14531
0.5862 0.14385
0.58537 0.1424
0.58453 0.14095
0.58368 0.13952
0.58281 0.1381
0.58194 0.13669
0.58104 0.13529
0.58014 0.13391
0.57922 0.13255
0.57828 0.1312
0.57733 0.12986
0.57637 0.12854
0.5754 0.12722
0.57441 0.12592
0.57342 0.12463
0.57241 0.12335
0.57139 0.12209
0.57036 0.12083
0.56932 0.11958
0.56827 0.11835
0.5672 0.11713
0.56612 0.11593
0.56503 0.11473
0.56392 0.11356
0.5628 0.11239
0.56167 0.111240
0.56052 0.1101
0.55936 0.10898
0.55818 0.107870
0.55699 0.10678
0.55578 0.1057
0.55456 0.10463
0.55332 0.10358
0.55207 0.10255
0.55081 0.10152
0.54954 0.10051
0.54826 0.09951
0.54696 0.09852
0.54565 0.09754
0.54431 0.09659
0.54296 0.09566
0.54158 0.09476
0.540170 0.09388
0.53873 0.09303
0.53727 0.0922
0.53579 0.0914
0.534270 0.09063
0.532730 0.08989
0.531150 0.08918
0.52954 0.08851
0.52788 0.08788
0.52617 0.08731
0.52441 0.08678
0.52261 0.08629
0.52077 0.08585
0.51888 0.08545
0.51694 0.0851
0.51494 0.08481
0.51286 0.08461
0.51066 0.08452
0.50833 0.08457
0.50587 0.08476
0.50335 0.0851
0.50086 0.08559
0.49851 0.08622
0.4964 0.08698
0.4946 0.08786
0.49211 0.08989
0.49149 0.09098
0.49131 0.09207
0.4916 0.09314
0.49228 0.09418
0.49327 0.09518
0.49448 0.09615
0.49582 0.09708
0.49722 0.09797
0.49866 0.09881
0.50015 0.09961
0.50167 0.100380
0.50323 0.1011
0.50482 0.1018
0.50644 0.10246
0.50808 0.1031
0.50975 0.10372
0.51143 0.10433
0.51313 0.10492
0.51483 0.1055
0.51654 0.10608
0.51825 0.10665
0.519970 0.10722
0.52167 0.1078
0.52337 0.10839
0.52507 0.10898
0.52675 0.109580
0.52843 0.11019
0.5301 0.11081
0.53175 0.11144
0.5334 0.11208
0.53503 0.11273
0.53665 0.1134
0.53826 0.11407
0.53986 0.11476
0.54144 0.11547
0.543 0.11619
0.54456 0.11692
0.5461 0.11767
0.547620 0.11843
0.54913 0.1192
0.55063 0.11999
0.55211 0.1208
0.55357 0.12162
0.55501 0.12246
0.55644 0.12332
0.55786 0.12419
0.55925 0.12509
0.56063 0.126
0.56199 0.12692
0.56333 0.12786
0.56466 0.12882
0.56597 0.12979
0.56728 0.13078
0.56856 0.13177
0.56984 0.13279
0.57109 0.13382
0.57232 0.13487
0.57354 0.13594
0.57473 0.137040
0.5759 0.13815
0.57705 0.13929
0.57818 0.14045
0.57929 0.14162
0.58037 0.14282
0.58144 0.14404
0.58249 0.14528
0.58351 0.14655
0.58451 0.14783
0.58548 0.14914
0.58643 0.15048
0.58736 0.15184
0.58826 0.15322
0.589130 0.154630
0.58998 0.15607
0.5908 0.15754
0.59159 0.159030
0.59236 0.160560
0.59309 0.162110
0.59379 0.16369
0.59446 0.16531
0.59511 0.16695
0.59573 0.16861
0.59633 0.17029
0.59691 0.172
0.59746 0.17374
0.5980 0.17549
0.59851 0.17726
0.599 0.17906
0.59946 0.18088
0.599890 0.18274
0.60028 0.18464
0.60062 0.18658
0.60092 0.18855
0.60117 0.190480
0.60137 0.19227
0.601530 0.19384
0.60165 0.19508
0.60172 0.19591
0.60179 0.1963
*.*.Setup: Ga2.txt as Flap 1, Inverted: y, Scale = 1.0, AoA = 0.0, Reposition from (0,0) = (0, 0)*.*.
*.*.Setup: Ga2.txt as Flap 2, Inverted: y, Scale = 0.4, AoA = 27.0, Reposition from previous T.E. = (-0.0267, 0.07), Reposition from (0,0) = (0.9733, 0.0209)*.*.
*.*.Setup: Ga2.txt as Flap 3, Inverted: y, Scale = 0.4, AoA = 45.0, Reposition from previous T.E. = (-0.06, 0.06), Reposition from (0,0) = (1.2787, 0.2449)*.*.
*.*.Setup: Scale Ratio = 0.38199*.*.