0.37138 -0.005270
0.37062 -0.00609
0.36911 -0.00767
0.366860 -0.010
0.364 -0.01292
0.36069 -0.01621
0.35706 -0.01967
0.35328 -0.02308
0.34947 -0.02628
0.34565 -0.02927
0.341820 -0.03206
0.33798 -0.03471
0.33414 -0.03722
0.3303 -0.03964
0.32646 -0.04198
0.32261 -0.04423
0.31876 -0.0464
0.3149 -0.04850
0.311050 -0.05053
0.307190 -0.05249
0.30333 -0.05439
0.29947 -0.05623
0.2956 -0.05801
0.29174 -0.05973
0.28787 -0.0614
0.284 -0.06301
0.28013 -0.06455
0.27625 -0.06603
0.27237 -0.06744
0.26849 -0.06880
0.26461 -0.0701
0.260730 -0.07136
0.25685 -0.07259
0.25296 -0.07379
0.24908 -0.07497
0.24519 -0.0761
0.2413 -0.0772
0.237410 -0.07825
0.23352 -0.07925
0.22963 -0.08019
0.22573 -0.08109
0.22183 -0.081940
0.21794 -0.08274
0.21404 -0.083500
0.21013 -0.08422
0.20623 -0.0849
0.20233 -0.08554
0.19842 -0.08614
0.19451 -0.08671
0.19061 -0.08724
0.1867 -0.08773
0.18279 -0.08817
0.17887 -0.08857
0.17496 -0.08893
0.17104 -0.08923
0.16713 -0.08949
0.16321 -0.0897
0.15929 -0.08987
0.15536 -0.08998
0.15144 -0.09005
0.14751 -0.09007
0.14359 -0.09004
0.13966 -0.08996
0.13572 -0.08983
0.13179 -0.089640
0.12786 -0.08942
0.12392 -0.08915
0.11998 -0.08884
0.11605 -0.08850
0.11211 -0.08811
0.108160 -0.08766
0.10422 -0.08715
0.10027 -0.08656
0.09632 -0.08587
0.092370 -0.0851
0.08841 -0.08424
0.08445 -0.08328
0.08049 -0.08224
0.07652 -0.08111
0.07255 -0.07987
0.06858 -0.078520
0.0646 -0.07703
0.06062 -0.07539
0.05663 -0.07359
0.05263 -0.07162
0.04863 -0.0695
0.04462 -0.06723
0.04061 -0.06481
0.0366 -0.06223
0.03257 -0.05943
0.02854 -0.05633
0.02449 -0.05285
0.02043 -0.04892
0.01637 -0.04450
0.01246 -0.03971
0.00886 -0.03473
0.005720 -0.02973
0.00322 -0.02488
0.0015 -0.02033
0.00044 -0.012610
0.00112 -0.00965
0.00261 -0.00742
0.0049 -0.006
0.00783 -0.00528
0.01125 -0.00513
0.015 -0.0054
0.01893 -0.00598
0.02288 -0.00672
0.026840 -0.00762
0.0308 -0.00865
0.03477 -0.00981
0.03874 -0.0111
0.04271 -0.0125
0.04669 -0.01401
0.05067 -0.01559
0.054660 -0.01725
0.05865 -0.018970
0.06263 -0.02073
0.066620 -0.02251
0.07061 -0.02432
0.0746 -0.026140
0.07859 -0.02795
0.082580 -0.02975
0.08657 -0.03153
0.09056 -0.03328
0.09454 -0.03501
0.09853 -0.03671
0.10251 -0.03837
0.1065 -0.03999
0.11048 -0.04158
0.11446 -0.04312
0.11844 -0.04462
0.12242 -0.04608
0.12639 -0.04749
0.13037 -0.04886
0.13434 -0.05018
0.13831 -0.05145
0.14228 -0.05268
0.14625 -0.05385
0.15021 -0.054970
0.154180 -0.05604
0.15814 -0.05706
0.1621 -0.05802
0.16606 -0.05892
0.1700100 -0.059770
0.17397 -0.060560
0.17792 -0.06128
0.18187 -0.06195
0.18582 -0.06255
0.18976 -0.0631
0.19371 -0.0636
0.19765 -0.06406
0.201590 -0.06447
0.20553 -0.06483
0.20947 -0.06514
0.21340 -0.065380
0.21734 -0.06556
0.22127 -0.06566
0.22519 -0.06569
0.22912 -0.06565
0.23304 -0.06553
0.23696 -0.065350
0.24088 -0.06509
0.244790 -0.06477
0.24871 -0.06437
0.25262 -0.06389
0.2565200 -0.06334
0.26043 -0.06271
0.26433 -0.0620
0.26823 -0.0612
0.27212 -0.06032
0.27602 -0.05935
0.27991 -0.05829
0.283790 -0.05715
0.28768 -0.0559
0.29156 -0.05456
0.29543 -0.05312
0.29931 -0.05157
0.30317 -0.04991
0.30704 -0.04817
0.3109 -0.046330
0.31476 -0.044410
0.31862 -0.04241
0.32247 -0.04033
0.32632 -0.03817
0.33017 -0.03594
0.33402 -0.033640
0.33786 -0.03125
0.3417 -0.02878
0.34554 -0.02619
0.34937 -0.023470
0.3532 -0.0206
0.35699 -0.01759
0.36063 -0.01457
0.36396 -0.01172
0.36683 -0.00921
0.36909 -0.0072
0.37061 -0.00585
0.37138 -0.005270
-Inserting Flap Ga2-
0.50355 0.09686
0.50345 0.09642
0.50325 0.09557
0.50293 0.09431
0.50253 0.09273
0.50204 0.090930
0.50147 0.089010
0.50085 0.08707
0.50017 0.0852
0.49944 0.0834
0.49867 0.08166
0.49787 0.07998
0.49705 0.07834
0.4962 0.07673
0.495330 0.07516
0.49445 0.07361
0.49355 0.07208
0.49264 0.07059
0.49171 0.06911
0.49076 0.067660
0.48981 0.06623
0.488830 0.06482
0.48785 0.06343
0.4868600 0.06206
0.48585 0.06071
0.48483 0.05938
0.4838 0.05807
0.48275 0.05678
0.48169 0.05552
0.48062 0.05427
0.47953 0.05305
0.47844 0.05183
0.47734 0.050630
0.47624 0.04944
0.47513 0.04825
0.47401 0.04708
0.47288 0.04592
0.47174 0.04478
0.47059 0.04366
0.46943 0.04255
0.46826 0.04146
0.46708 0.04039
0.46589 0.039330
0.4647 0.03829
0.46349 0.03726
0.46227 0.03624
0.46105 0.03524
0.45981 0.03425
0.45857 0.03327
0.45733 0.03231
0.45607 0.03136
0.4548 0.03042000
0.45353 0.0295
0.45224 0.02859
0.45095 0.02770
0.44964 0.02683
0.44833 0.02597
0.447 0.02513
0.44567 0.02431
0.44432 0.0235
0.44297 0.02271
0.4416 0.021930
0.44022 0.02117
0.43883 0.02043
0.437430 0.01971
0.43602 0.019
0.43461 0.01831
0.433180 0.01763
0.43175 0.01696
0.43031 0.01631
0.42885 0.01567
0.42738 0.01506
0.4259 0.01448
0.42439 0.013920
0.42287 0.0134
0.42132 0.01291
0.41976 0.01245
0.41818 0.01201
0.41658 0.01161
0.41496 0.01125
0.41331 0.01092
0.41163 0.01064
0.40993 0.01041
0.40818 0.01024
0.40641 0.01012
0.4046 0.01006
0.40275 0.01004
0.40088 0.010080
0.39897 0.01017
0.39702 0.01033
0.395 0.0106
0.3929 0.011
0.390710 0.011540
0.38842 0.01227
0.38611 0.01314
0.38387 0.01415
0.38178 0.01525
0.37994 0.01643
0.37843 0.01766
0.37653 0.02013
0.37617 0.02129
0.37624 0.02236
0.37675 0.023310
0.37762 0.02414
0.37877 0.024880
0.38013 0.02554
0.3816 0.02612
0.383120 0.02665
0.38467 0.02713
0.38625 0.02757
0.38786 0.02796
0.38949 0.02831
0.39115 0.02862
0.39283 0.02889
0.39452 0.029140
0.39624 0.02936
0.39796 0.02956
0.39969 0.02975
0.40143 0.02993
0.40318 0.0301
0.40492 0.03027
0.406670 0.03044
0.40841 0.03062
0.41014 0.0308
0.41188 0.03099
0.4136 0.03119
0.415320 0.0314
0.41704 0.03162
0.41874 0.03185
0.42044 0.0321
0.42213 0.03236
0.4238 0.03264
0.42547 0.03293
0.42713 0.03323
0.42878 0.03355
0.43042 0.03389
0.43205 0.034240
0.43367 0.03461
0.43528 0.035
0.436880 0.03541
0.43847 0.03583
0.44004 0.03627
0.44161 0.03673
0.44316 0.03721
0.4447 0.0377
0.44623 0.03822
0.44774 0.03876
0.44924000 0.03932
0.45073 0.03990
0.45221 0.0405
0.45367 0.04112
0.45513 0.04175
0.45658 0.04239
0.45801 0.04305
0.45944 0.04374
0.46085 0.04444
0.46225 0.04516
0.46363 0.04591
0.465 0.04669
0.46635 0.04749
0.46769 0.04831
0.46901 0.049160
0.4703100 0.050030
0.47160 0.05093
0.47288 0.05185
0.47414 0.0528
0.47538 0.05377
0.476610 0.05477
0.47782 0.0558
0.479010 0.05685
0.48018 0.05794
0.48134 0.05905
0.48247 0.06019
0.48359 0.06137
0.48469 0.06258
0.48576 0.06382
0.48681 0.06509
0.48785 0.0664
0.48886 0.06775
0.48985 0.06913
0.49082 0.07054
0.491770 0.07197
0.4927 0.07344
0.493620 0.07493
0.49453 0.07645
0.49541 0.07799
0.49629 0.07956
0.49714 0.08115
0.49798 0.08278
0.49879 0.08444
0.49957 0.08615
0.50032 0.08791
0.50103 0.08971
0.50169 0.091480
0.50227 0.09314
0.50277 0.094580
0.50315 0.09573
0.5034 0.0965
0.50355 0.09686
-Inserting Flap Ga2-
0.60993 0.2263
0.60993 0.22586
0.60992 0.22498
0.60989 0.22368
0.60985 0.22205
0.60978 0.22019
0.60967 0.21819
0.60949 0.21616
0.60925 0.21418
0.60894 0.21226
0.608590 0.2104
0.60819 0.20858
0.60775 0.2068
0.60729 0.205040
0.6068 0.20331
0.60629 0.2016
0.6057500 0.19992
0.6052 0.19825
0.60462 0.1966
0.60403 0.19498
0.60342 0.19337
0.60279 0.191780
0.60214 0.1902
0.60148 0.18864
0.60081 0.1871
0.60011 0.18558
0.59940 0.18407
0.59867 0.18258
0.59792 0.18111
0.597160 0.17965
0.59638 0.17821
0.59559 0.17678
0.59478 0.17537
0.59398 0.17395
0.59316 0.17255
0.59233 0.17116
0.59149 0.16978
0.59064 0.168410
0.58978 0.16705
0.5889 0.16572
0.588 0.164390
0.5870900 0.16308
0.58617 0.16178
0.58524 0.16049
0.58429 0.15922
0.58334 0.15796
0.58237 0.1567
0.581390 0.155460
0.5804 0.154230
0.5794 0.153010
0.57839 0.151800
0.57737 0.1506
0.5763300 0.149420
0.57529 0.14825
0.574220 0.14709
0.57315 0.14594
0.57206 0.14481
0.57096 0.1437
0.56984 0.14259
0.56871 0.1415
0.56757 0.14042
0.56641 0.13936
0.56524 0.13831
0.56405 0.13728
0.56285 0.13626
0.56164 0.13525
0.56042 0.13426
0.55918 0.13327
0.55793 0.1323
0.55668 0.13134
0.55540 0.13039
0.55411 0.12947
0.55279 0.12857
0.55145 0.12769
0.55008 0.12683
0.54869 0.12601
0.547270 0.12521
0.54583 0.12443
0.54436 0.12368
0.54286 0.12296
0.54133 0.1222700
0.53976 0.12162
0.53814 0.12101
0.53648 0.12045
0.534780 0.11994
0.53303 0.11947
0.53124 0.119040
0.5294 0.11865
0.52753 0.11831
0.52558 0.11803
0.52356 0.11784
0.52143 0.11775
0.519160 0.11779
0.51677 0.11798
0.51432 0.11831
0.51191 0.11879
0.50963 0.1194
0.50757 0.12014
0.50583 0.12099
0.50341 0.122960
0.5028 0.12402
0.50263 0.12508
0.50291 0.12611
0.50357 0.12712
0.504530 0.1281
0.50571 0.12905
0.50701 0.12995
0.50837 0.13081
0.50977 0.13163
0.51121 0.1324
0.51269 0.13315
0.5142 0.13385
0.51575 0.13453
0.51732 0.13517
0.51892 0.1358
0.52054 0.1364
0.52217 0.13698
0.523820 0.13756
0.52548 0.13812
0.52714 0.13868
0.5288 0.13924
0.53046 0.1398
0.53212 0.14036
0.533770 0.14093
0.53542 0.1415
0.537050 0.14208
0.53868 0.14267
0.5403 0.14327
0.5419100 0.14389
0.54351 0.14451
0.545090 0.14514
0.54667 0.14579
0.54823 0.14645
0.54978 0.14712
0.55131 0.1478
0.55283 0.1485
0.55434 0.14921
0.55584 0.14994
0.55732 0.15068
0.55878 0.15143
0.56024 0.1522
0.56167 0.15298
0.56309 0.15378
0.5645 0.1546
0.56589 0.15543
0.56726 0.15628
0.56861 0.1571400
0.56995 0.15803
0.571270 0.15892
0.57257 0.15984
0.57386 0.160770
0.57514 0.16171
0.5764 0.16267
0.57766 0.16364
0.57889 0.16462
0.58011 0.16562
0.58131 0.16664
0.58249 0.16768
0.58364 0.16875
0.58478 0.16983
0.5859 0.17093
0.58699 0.172060
0.58807 0.1732
0.58913 0.17436
0.59016 0.175550
0.59118 0.176750
0.592170 0.17798
0.59314 0.17923
0.59408 0.18051
0.59501 0.1818
0.59591 0.18312
0.59678 0.18447
0.59763 0.18584
0.59846 0.18723
0.59925 0.18866
0.60002 0.19011
0.60076 0.19159
0.60147 0.1931
0.60215 0.19464
0.60281 0.1962
0.60343 0.19779
0.60404 0.19941
0.60462 0.20105
0.60518 0.20271
0.60572 0.20439
0.60624 0.20609
0.60673 0.20781
0.60721 0.20956
0.60766 0.21133
0.60807 0.21313
0.608450 0.21497
0.60879 0.21686
0.60908 0.21877
0.60932 0.22065
0.60951 0.22239
0.60967 0.22391
0.60978 0.22511
0.60986 0.22592
0.60993 0.2263
*.*.Setup: Ga2.txt as Flap 1, Inverted: y, Scale = 1.0, AoA = 2.0, Reposition from (0,0) = (0, 0)*.*.
*.*.Setup: Ga2.txt as Flap 2, Inverted: y, Scale = 0.4, AoA = 32.0, Reposition from previous T.E. = (0.0067, 0.08), Reposition from (0,0) = (1.0078, 0.0658)*.*.
*.*.Setup: Ga2.txt as Flap 3, Inverted: y, Scale = 0.4, AoA = 45.0, Reposition from previous T.E. = (-0.01, 0.08), Reposition from (0,0) = (1.3474, 0.3411)*.*.
*.*.Setup: Scale Ratio = 0.37097*.*.