0.3651900000 -0.01795
0.36442 -0.01872
0.36287 -0.02023
0.36058 -0.02245
0.35767 -0.02522
0.3543 -0.02834
0.35061 -0.03162
0.34678 -0.03484
0.34291 -0.03786
0.339050 -0.04067
0.33519 -0.04329
0.33133 -0.04576
0.32746 -0.0481
0.3236 -0.05035
0.31974 -0.05252
0.31587 -0.0546
0.31201 -0.0566
0.30815 -0.05854
0.30428 -0.0604
0.30042 -0.0622
0.29656 -0.06393
0.29269 -0.06561
0.28883 -0.06722
0.28497 -0.06879
0.2811 -0.07030
0.27724 -0.07174
0.273380 -0.07313
0.26952 -0.07445
0.26565 -0.07571
0.26179 -0.07691
0.25793 -0.07806
0.25406 -0.07916
0.25020 -0.08024
0.24634 -0.08129
0.24247 -0.082310
0.23861 -0.0833
0.23475 -0.08424
0.23088 -0.08514
0.227020 -0.08599
0.22316 -0.086780
0.2193 -0.08753
0.21543 -0.08824
0.21157 -0.08889
0.20771 -0.08951
0.20384 -0.09008
0.19998 -0.09062
0.19612 -0.09111
0.19225 -0.09157
0.18839 -0.09199
0.18453 -0.09238
0.18066 -0.09272
0.1768 -0.09303
0.17294 -0.09329
0.16907 -0.0935
0.16521 -0.09367
0.16135 -0.09379
0.15749 -0.09386
0.15362 -0.09389
0.14976 -0.09387
0.1459 -0.0938
0.14203 -0.09368
0.138170 -0.09352
0.13431 -0.0933
0.13044 -0.09304
0.12658 -0.09272
0.12272 -0.09236
0.11885 -0.09196
0.114990 -0.09153
0.11113 -0.09105
0.10727 -0.09054
0.1034 -0.08996
0.09954 -0.089320
0.09568 -0.08860
0.091810 -0.0878
0.08795 -0.0869
0.08409 -0.08591
0.08022 -0.08484
0.07636 -0.08368
0.0725 -0.08243
0.06863 -0.08108
0.06477 -0.07961
0.06091 -0.078
0.05705 -0.0762500
0.05318 -0.07434
0.04932 -0.0722700
0.04546 -0.070050
0.04159 -0.06767
0.03773 -0.06515
0.03387 -0.06248
0.03 -0.05959
0.026140 -0.0564
0.02228 -0.052840
0.01841 -0.04883
0.01458 -0.04434
0.01089 -0.0395
0.00752 -0.03447
0.00461 -0.02945
0.00232 -0.02459
0.00077 -0.02005
0.000000 -0.01242
0.00077 -0.00953
0.00232 -0.00739
0.00461 -0.00607
0.00752 -0.00546
0.01089 -0.00543
0.01458 -0.00583
0.01841 -0.00653
0.02228 -0.0074
0.026140 -0.00842
0.03 -0.00957
0.03387 -0.01085
0.03773 -0.01225
0.04159 -0.01377
0.04546 -0.01538
0.04932 -0.01708
0.05318 -0.01885
0.05705 -0.02068
0.06091 -0.02254
0.06477 -0.02444
0.06863 -0.02636
0.0725 -0.02828
0.07636 -0.0302
0.08022 -0.0321
0.08409 -0.03399
0.08795 -0.03586
0.091810 -0.03769
0.09568 -0.0395
0.09954 -0.04127
0.1034 -0.043
0.10727 -0.0447
0.11113 -0.04636
0.114990 -0.04797
0.11885 -0.04954
0.12272 -0.051070
0.12658 -0.05255
0.13044 -0.05399
0.13431 -0.055370
0.138170 -0.0567100
0.14203 -0.05801
0.1459 -0.05925
0.14976 -0.06043
0.15362 -0.06157
0.15749 -0.06265
0.16135 -0.06368
0.16521 -0.06464
0.16907 -0.06555
0.17294 -0.0664
0.1768 -0.06719
0.18066 -0.06792
0.18453 -0.06860
0.18839 -0.069230
0.19225 -0.06981
0.19612 -0.07035
0.19998 -0.070840
0.20384 -0.07128
0.20771 -0.07166
0.21157 -0.07197
0.21543 -0.0722
0.2193 -0.07237
0.22316 -0.07246
0.227020 -0.07248
0.23088 -0.07243
0.23475 -0.07232
0.23861 -0.07213
0.24247 -0.071870
0.24634 -0.07154
0.25020 -0.07113
0.25406 -0.07064
0.25793 -0.07008
0.26179 -0.06943
0.26565 -0.06869
0.26952 -0.06787
0.273380 -0.06697
0.27724 -0.06597
0.2811 -0.06488
0.28497 -0.0637
0.28883 -0.06241
0.29269 -0.06102
0.29656 -0.05952
0.30042 -0.05794
0.30428 -0.05626
0.30815 -0.0545
0.31201 -0.05267
0.31587 -0.050750
0.31974 -0.04877
0.3236 -0.0467
0.32746 -0.04457
0.33133 -0.04236
0.33519 -0.04005
0.339050 -0.03764
0.34291 -0.0351
0.34678 -0.03240
0.35061 -0.02957
0.3543 -0.02673
0.35767 -0.02404
0.36058 -0.02166
0.36287 -0.019770
0.36442 -0.01849
0.3651900000 -0.01795
-Inserting Flap Ga2-
0.48314 0.075290
0.48304 0.074860
0.482830 0.07402
0.48253 0.07278
0.48213 0.07123
0.48165 0.069450
0.48109 0.06756
0.48047 0.06565
0.4798 0.06381
0.47909 0.062040
0.47833 0.06033
0.47754 0.058680
0.47673 0.05706
0.4759 0.05548
0.47505 0.05393
0.47418 0.0524
0.47329 0.0509
0.472390 0.04943
0.47147 0.04798
0.47055 0.04655
0.4696 0.04514
0.46865 0.04375
0.46768 0.04239
0.4667 0.04104
0.46571 0.03971
0.4647100 0.0384
0.46369 0.03711
0.46266 0.03584
0.46162 0.03459
0.46056 0.03337
0.45949 0.03216
0.45842 0.03097
0.45733 0.029780
0.45625 0.02861
0.45515 0.02744
0.45405 0.02629
0.45294 0.02515
0.45182 0.02403
0.45069 0.02292
0.44955 0.02183
0.4484 0.02076
0.44723 0.0197
0.44606 0.018660
0.444880 0.01763
0.4437 0.01662
0.4425 0.01562
0.44129 0.01463
0.44008 0.01366
0.438860 0.01269
0.43763 0.01174
0.43639 0.01081
0.43515 0.00989
0.43389 0.00898
0.43263 0.00809
0.43135 0.007210
0.43007 0.00635
0.42877 0.00551
0.42747 0.00468
0.42615 0.00387
0.42483 0.00307
0.42349 0.00229
0.42215 0.001530
0.42079 0.00078
0.41942 6e-05
0.41805 -0.00066
0.41666 -0.00135
0.41526 -0.00204
0.41386 -0.00271
0.41245 -0.00337
0.411030 -0.00401
0.4096 -0.00463
0.40815 -0.00523
0.40669 -0.00581
0.40521 -0.00635
0.40371 -0.00687
0.40219 -0.00735
0.40065 -0.00781
0.39909 -0.00823
0.39752 -0.00863
0.39592 -0.00899
0.3943 -0.00931
0.39265 -0.00958
0.390970 -0.00981
0.38925 -0.00998
0.3875 -0.0101
0.38572 -0.01016
0.38391 -0.01017
0.38206 -0.010140
0.38018 -0.01005
0.37826 -0.00989
0.376280 -0.00962
0.37421 -0.009240
0.37205 -0.00870
0.36980 -0.00798
0.36752 -0.00712
0.36531 -0.00613
0.36326 -0.00505
0.36145 -0.003880
0.359970 -0.00267
0.35809 -0.00025
0.35773 0.0009
0.35781 0.00195
0.3583 0.00289
0.35916 0.00371
0.3603 0.00443
0.36163 0.00508
0.36308 0.00565
0.36458 0.00618
0.3661 0.00665
0.36766 0.00708
0.36924 0.007460
0.37085 0.00781
0.372480 0.00811
0.37413 0.00838
0.3758 0.008630
0.37749 0.00884
0.37919 0.00904
0.38089 0.00923
0.38261 0.00941
0.38432 0.00957
0.38604 0.00974
0.38776 0.00991
0.38947 0.01008
0.391180 0.01026
0.392890 0.01045
0.39459 0.010640
0.39628 0.01085
0.39797 0.01107
0.39964 0.0113
0.40131 0.0115400
0.40298 0.0118
0.404630 0.01207
0.406270 0.012350
0.40791 0.01265
0.40953 0.01297
0.41115 0.0133
0.41275 0.01365
0.41434 0.01402
0.41593 0.0144
0.4175 0.01479
0.419060 0.015210
0.42062 0.01564
0.42216 0.0161
0.42368 0.01657
0.4252 0.01706
0.4267 0.01757
0.42819 0.0181
0.42967 0.01865
0.43114 0.01922
0.43259 0.01981
0.43403 0.02041
0.43547 0.02104
0.43689 0.02167
0.438310 0.022320
0.43971 0.02299
0.4411 0.02369
0.44248 0.0244
0.44384 0.02514
0.44518 0.0259
0.44651 0.02669
0.44783 0.0275
0.449130 0.02834
0.45041 0.02919
0.45168 0.03008
0.452940 0.03098
0.45418 0.031910
0.4554 0.03287
0.45661 0.03386
0.4578 0.03487
0.45897 0.03591
0.46013 0.03697
0.46127 0.03807
0.462380 0.0392
0.463480 0.04035
0.46456 0.04154
0.46562 0.04276
0.46666 0.04402
0.46767 0.04531
0.46867 0.04664
0.46964 0.04799
0.4706 0.04938
0.4715400 0.050790
0.47246 0.05224
0.47336 0.0537
0.47425 0.0552
0.47512 0.05672
0.47598 0.05826
0.476820 0.05983
0.47765 0.06143
0.478440 0.06307
0.47922 0.06475
0.47996 0.06648
0.48066 0.06826
0.4813 0.07
0.48188 0.07163
0.48236 0.07305
0.48274 0.07418
0.48299 0.07494
0.48314 0.075290
-Inserting Flap Ga2-
0.606110 0.19542
0.60611 0.19498
0.6061 0.19411
0.60608 0.19284
0.60604 0.19123
0.60597 0.18939
0.60586 0.18743
0.60568 0.18543
0.60544 0.18348
0.60515 0.18159
0.60479 0.17976
0.60440 0.17797
0.60397 0.17621
0.60351 0.17449
0.60303 0.17278
0.6025300 0.1711
0.602 0.16944
0.60146 0.1678
0.60089 0.166180
0.60031 0.16458
0.59971 0.1630
0.59909 0.161430
0.59845 0.15988
0.5978 0.15834
0.597140 0.15682
0.596450 0.15532
0.59575 0.15384
0.59503 0.15237
0.5943 0.15092
0.59354 0.14949
0.59277 0.14807
0.592 0.14667
0.59121 0.14527
0.59041 0.14388
0.58961 0.1425
0.58879 0.14113
0.58797 0.13977
0.587130 0.138420
0.58628 0.13709
0.585410 0.13577
0.58453 0.134470
0.58363 0.13318
0.58273 0.1319
0.58181 0.13063
0.58088 0.12938
0.57994 0.12813
0.57898 0.1269
0.57802 0.125680
0.57705 0.12446
0.57607 0.123260
0.57507 0.12207
0.57406 0.12089
0.573040 0.11973
0.57201 0.11858
0.57097 0.11744
0.56991 0.11631
0.56884 0.1152
0.56775 0.1141
0.56665 0.11301
0.56554 0.11193
0.56442 0.11087
0.56328 0.10983
0.56212 0.1088
0.56095 0.10778
0.559770 0.10678
0.558580 0.10578
0.55737 0.10481
0.55616 0.10384
0.554930 0.10288
0.55369 0.10193
0.55244 0.101
0.55116 0.10009
0.54987 0.0992
0.54855 0.09834
0.5472 0.0975
0.54583 0.09668
0.54443 0.09589
0.543010 0.09513
0.54156 0.09439
0.54009 0.09368
0.53858 0.093
0.53703 0.092360
0.53545 0.09177
0.53381 0.09121
0.53214 0.09071
0.53041 0.09024
0.52865 0.089820
0.52684 0.089440
0.525 0.08911
0.52308 0.08883
0.52109 0.08864
0.51899 0.08855
0.51676 0.0886
0.5144100 0.08878
0.512 0.08911
0.50962 0.08958
0.50738 0.09017
0.50535 0.0909
0.50363 0.09175
0.50126 0.093690
0.50066 0.09472
0.50049 0.09576
0.50076 0.09679
0.50142 0.09778
0.50236 0.09874
0.50352 0.09967
0.5048 0.10056
0.50614 0.10141
0.50752 0.10221
0.50894 0.10298
0.51039 0.10371
0.511880 0.1044
0.5134 0.105070
0.51495 0.10571
0.51653 0.10632
0.51812 0.106910
0.51973 0.10749
0.52135 0.10805
0.52298 0.10861
0.52461 0.10916
0.526250 0.10971
0.52788 0.11026
0.52952 0.11081
0.53114 0.11137
0.53276 0.11193
0.53437 0.11251
0.53598 0.113090
0.53757 0.113680
0.53915 0.11428
0.54073 0.1149
0.54229 0.11552
0.54384 0.11616
0.54537 0.1168
0.5469 0.11746
0.54841 0.11814
0.549910 0.11882
0.55139 0.11953
0.55287 0.12024
0.55432 0.120970
0.55577 0.12171
0.5572 0.12246
0.55861 0.12324
0.56001 0.124020
0.56139 0.12483
0.56276 0.125640
0.564110 0.12648
0.565440 0.12733
0.56676 0.1282
0.56806 0.12909
0.56934 0.12999
0.57061 0.1309
0.571870 0.13183
0.573110 0.13277
0.57434 0.13372
0.57556 0.134690
0.57676 0.135680
0.57794 0.13668
0.5791 0.13771
0.58024 0.13876
0.58136 0.13982
0.58246 0.14091
0.583540 0.14202
0.5846 0.14314
0.585640 0.14429
0.58666 0.14545
0.58765 0.14664
0.58863 0.147850
0.58959 0.14908
0.59052 0.15033
0.59143 0.15161
0.592310 0.15291
0.59317 0.15423
0.59401 0.15558
0.594820 0.15696
0.5956 0.15836
0.596360 0.15978
0.59709 0.16124
0.59779 0.16273
0.59846 0.16424
0.5991 0.16578
0.59972 0.16735
0.60032 0.16894
0.60089 0.17055
0.60144 0.17219
0.60197 0.17384
0.60248 0.17552
0.60297 0.17721
0.60344 0.17893
0.60388 0.18068
0.60429 0.18245
0.60466 0.18426
0.60499 0.18612
0.60528 0.18801
0.60551 0.18985
0.60571 0.19157
0.60586 0.19306
0.60597 0.19424
0.60605 0.19504
0.606110 0.19542
*.*.Setup: Ga2.txt as Flap 1, Inverted: y, Scale = 1.0, AoA = 0.0, Reposition from (0,0) = (0, 0)*.*.
*.*.Setup: Ga2.txt as Flap 2, Inverted: y, Scale = 0.4, AoA = 32.0, Reposition from previous T.E. = (-0.0267, 0.06), Reposition from (0,0) = (0.9733, 0.0109)*.*.
*.*.Setup: Ga2.txt as Flap 3, Inverted: y, Scale = 0.4, AoA = 45.0, Reposition from previous T.E. = (0.04, 0.06), Reposition from (0,0) = (1.363, 0.2662)*.*.
*.*.Setup: Scale Ratio = 0.36519*.*.