0.36822 -0.03101
0.36742 -0.031760
0.3658 -0.03323
0.363410 -0.03539
0.36037 -0.03809
0.356850 -0.04112
0.35302 -0.0443
0.34903 -0.04743
0.34502 -0.050340
0.34102 -0.05304
0.33703 -0.05555
0.33304 -0.05790
0.32905 -0.060130
0.32507 -0.06227
0.32109 -0.06432
0.31712 -0.06629
0.31315 -0.06818
0.30917 -0.06999
0.30521 -0.07174
0.30124 -0.07342
0.29728 -0.07503
0.29332 -0.07659
0.28936 -0.07809
0.2854 -0.07953
0.28145 -0.08092
0.27749 -0.08224
0.27354 -0.08351
0.26959 -0.08471
0.26565 -0.08584
0.2617 -0.08691
0.25776 -0.08794
0.25382 -0.08892
0.24988 -0.08987
0.24594 -0.09079
0.242 -0.09169
0.23807 -0.09255
0.23413 -0.09337
0.2302 -0.09414
0.22627 -0.09486
0.22234 -0.09553
0.21841 -0.09615
0.21448 -0.09672
0.21056 -0.09725
0.20663 -0.09773
0.20271 -0.09818
0.19879 -0.098580
0.194870 -0.09894
0.19095 -0.09927
0.18704 -0.09956
0.18312 -0.09981
0.17921 -0.10003
0.17529 -0.1002
0.17138 -0.10032
0.16747 -0.10040
0.16357 -0.10043
0.15966 -0.10042
0.15576 -0.10036
0.15185 -0.10025
0.14795 -0.10009
0.14405 -0.09989
0.14015 -0.09963
0.13626 -0.09933
0.13236 -0.09898
0.12847 -0.09857
0.12458 -0.09812
0.12069 -0.09762
0.1168 -0.09708
0.11292 -0.0965
0.10903 -0.0958900
0.10515 -0.09523
0.10127 -0.09451
0.09739 -0.09373
0.09351 -0.09287
0.08964 -0.09192
0.08577 -0.09087
0.0819 -0.08974
0.07804 -0.088520
0.07418 -0.08721
0.07032 -0.08581
0.06646 -0.08431
0.06261 -0.082690
0.05877 -0.08093
0.05493 -0.07903
0.05109 -0.07696
0.047260 -0.07474
0.04344 -0.07235
0.03962 -0.06982
0.03581 -0.06714
0.032 -0.0643
0.0282 -0.06124
0.02441 -0.057890
0.02064 -0.05416
0.01688 -0.04997
0.01316 -0.0453
0.00961 -0.040280
0.00638 -0.03509
0.00362 -0.0299
0.00147 -0.02491
7e-05 -0.02028
-0.00044 -0.012550
0.00044 -0.00965
0.00208 -0.00755
0.00444 -0.00629
0.0074 -0.00578
0.01081 -0.00587
0.01452 -0.00641
0.01837 -0.00724
0.02224 -0.008260
0.02611 -0.00942
0.02997 -0.01072
0.03382 -0.01215
0.03768 -0.01371
0.04152 -0.01537
0.04537 -0.01714
0.04921 -0.01899
0.05305 -0.020920
0.05689 -0.0229
0.06072 -0.02492
0.06456 -0.02697
0.06839 -0.02904
0.07223 -0.03112
0.07606 -0.03320
0.0799 -0.03526
0.08373 -0.0373
0.08757 -0.03932
0.09141 -0.04131
0.09524 -0.04327
0.09908 -0.04519
0.10292 -0.04708
0.10677 -0.04893
0.11061 -0.05074
0.11445 -0.05251
0.1183 -0.05423
0.12215 -0.05591
0.126 -0.05754
0.12985 -0.05913
0.1337 -0.06067
0.13756 -0.062160
0.14141 -0.0636
0.14527 -0.06499
0.14913 -0.06632
0.15299 -0.06761
0.15686 -0.06883
0.16072 -0.07001
0.16459 -0.07112
0.16846 -0.07218
0.172330 -0.07317
0.17621 -0.0741
0.18008 -0.07498
0.18396 -0.07580
0.18784 -0.07657
0.19172 -0.07729
0.1956 -0.07798
0.19949 -0.07861
0.20337 -0.07919
0.20726 -0.0797
0.21115 -0.08015
0.21505 -0.08053
0.21894 -0.08083
0.22284 -0.081060
0.22674 -0.08122
0.23065 -0.0813
0.23455 -0.081320
0.23846 -0.0812700
0.242370 -0.08115
0.24629 -0.080950
0.2502 -0.08067
0.25412 -0.08031
0.25804 -0.07988
0.26197 -0.07936
0.2659 -0.07875
0.26983 -0.07806
0.27376 -0.07728
0.2777 -0.07641
0.28164 -0.07545
0.28558 -0.07439
0.28953 -0.07322
0.29348 -0.07195
0.29743 -0.07058
0.3013900 -0.06912
0.30535 -0.06756
0.30932 -0.06592
0.31328 -0.0642
0.31725 -0.06241
0.32123 -0.06053
0.3252 -0.05859
0.329180 -0.05656
0.33316 -0.05447
0.33714 -0.05228
0.34113 -0.04998
0.34512 -0.04755
0.34912 -0.04496
0.35309 -0.04223
0.35691 -0.03949
0.36041 -0.03689
0.36344 -0.0346
0.36582 -0.03277
0.36742 -0.03153
0.36822 -0.03101
-Inserting Flap Ga2-
0.50526 0.074190
0.5052 0.07375
0.50507 0.07289
0.50487 0.07162
0.5046 0.07002
0.50427 0.06819
0.50388 0.06623
0.50342 0.06426
0.50291 0.06234
0.50235 0.0605
0.50174 0.05871
0.50109 0.05697
0.50041 0.055280
0.49971 0.05361
0.49899 0.05197
0.49825 0.05036
0.497490 0.04877
0.49672 0.04721
0.49592 0.04567
0.49511 0.04415
0.49429 0.04265
0.49345 0.04117
0.49259 0.0397
0.49173 0.03826
0.49085 0.03683
0.48995 0.03543
0.48904 0.03404
0.48812 0.03267
0.48717 0.03133
0.48622 0.03
0.48525 0.028690
0.48427 0.02739
0.48329 0.0261
0.4823 0.02483
0.4813 0.02356
0.48029 0.0223
0.47927 0.02105
0.47824 0.01982
0.4772 0.01861
0.47615 0.01741
0.47508 0.01623
0.474010 0.01506
0.47292 0.01391
0.471820 0.01277
0.47072 0.011650
0.4696 0.01054
0.46847 0.00944
0.46734 0.008350
0.46619 0.00727
0.46504 0.006210
0.46387 0.00516
0.4627 0.00412
0.46152 0.00309
0.46032 0.00209
0.45912 0.001090
0.4579 0.00011
0.45667 -0.00085
0.45543 -0.0018
0.45418 -0.00273
0.45291 -0.003650
0.45164 -0.00455
0.45035 -0.00544
0.44905 -0.00631
0.44774 -0.00716
0.44641 -0.008
0.44508 -0.00883
0.44373 -0.00964
0.44238 -0.01043
0.44102 -0.01122
0.43965 -0.01199
0.43826 -0.01275
0.43686 -0.013480
0.43543 -0.01419
0.43399 -0.01487
0.43252 -0.01552
0.43104 -0.01614
0.42953 -0.01673
0.428 -0.0173
0.42645 -0.01784
0.42487 -0.01834
0.42327 -0.0188
0.42163 -0.01923
0.419960 -0.0196
0.41824 -0.01992
0.41649 -0.0202
0.41471 -0.020420
0.41288 -0.02059
0.41102 -0.02072
0.40912 -0.02079
0.4071700 -0.0208
0.40515 -0.02071
0.40304 -0.0205
0.40081 -0.02015
0.39848 -0.01963
0.39611 -0.01896
0.3938 -0.01816
0.39164 -0.01725
0.38972 -0.01623
0.388120 -0.015150
0.38601 -0.01287
0.38556 -0.01175
0.38553 -0.01068
0.38595 -0.0097
0.38674 -0.00879
0.38783 -0.00796
0.38911 -0.0072
0.39052 -0.00649
0.39198 -0.00583
0.393470 -0.00522
0.395 -0.00465
0.39656 -0.00412
0.39815 -0.00364
0.39977 -0.00319
0.40141 -0.00277
0.40307 -0.00238
0.40474 -0.00201
0.40644 -0.00166
0.40814 -0.00132
0.40985 -0.00099
0.41156 -0.00067
0.41327 -0.00035
0.41499 -0.000090
0.4167 0.00029
0.41841 0.00062
0.42011 0.00096
0.4218 0.00131
0.42349 0.00166
0.42517 0.00203
0.42683 0.00241
0.42849 0.0028
0.43014 0.00321
0.43178 0.00363
0.43341 0.00406
0.43503 0.00451
0.43664 0.00497
0.43824 0.00545
0.43982 0.00594
0.44139 0.00644
0.44296 0.00697
0.44451 0.00751
0.44604 0.00806
0.44757 0.00864
0.44908 0.00923
0.45057 0.00983
0.45206 0.01046
0.45352 0.01111
0.45498 0.01177
0.45642 0.01246
0.45784 0.01316
0.45925 0.01388
0.46065 0.01462
0.462040 0.01537
0.46342 0.01614
0.46479 0.01692
0.46614 0.01772
0.46748 0.01854
0.4688 0.01938
0.47011 0.02024
0.47139 0.02113
0.47266 0.02204
0.47392 0.02297
0.47515 0.02393
0.47637 0.0249
0.477570 0.02590
0.47876 0.02693
0.47992 0.02797
0.48107 0.02904
0.4822 0.03014
0.48331 0.03127
0.4844 0.03242
0.48547 0.03359
0.48652 0.0348
0.487540 0.03603
0.48855 0.03729
0.48953 0.03858
0.49049 0.0399
0.49142 0.04126
0.49233 0.04265
0.49321 0.04407
0.49408 0.04552
0.49492 0.047
0.49574 0.04851
0.49654 0.050040
0.49732 0.05160
0.49808 0.05318
0.49883 0.05479
0.49955 0.05642
0.50026 0.05807
0.50095 0.05975
0.50161 0.06147
0.50224 0.063230
0.50283 0.06504
0.503380 0.06689
0.50388 0.06871
0.50431 0.0704
0.50467 0.07187
0.50495 0.07304
0.50514 0.07383
0.50526 0.074190
-Inserting Flap Ga2-
0.59883 0.21133
0.59888 0.21089
0.59897 0.21003
0.5991 0.20874
0.59925 0.20713
0.59939 0.20527
0.59951 0.20328
0.59957 0.20126
0.59956 0.19928
0.59948 0.19735
0.59934 0.19547
0.59915 0.19362
0.598930 0.19181
0.59867 0.19002
0.59839 0.18825
0.59808 0.1865
0.59775 0.18478
0.59739 0.18307
0.59702 0.18138
0.59662 0.1797
0.5962 0.17804
0.595760 0.17639
0.59531 0.17476
0.59483 0.17315
0.59434 0.17154
0.59383 0.16996
0.5933 0.16838
0.59275 0.16683
0.59218 0.165290
0.5916 0.16376
0.59099 0.16225
0.59037 0.16074
0.58975 0.15925
0.58911 0.15776
0.58847 0.15628
0.58781 0.15481
0.58714 0.15335
0.58646 0.1519
0.58576 0.15046
0.58504 0.14903
0.58431 0.14762
0.58356 0.14622
0.5828 0.14483
0.58203 0.14345
0.58124 0.14208
0.58044 0.14072
0.57963 0.13937
0.57881 0.13803
0.57798 0.1367
0.57713 0.13538
0.576270 0.13407
0.5754 0.13277
0.57451 0.13148
0.57361 0.1302
0.57269 0.12893
0.57176 0.12768
0.570820 0.12643
0.56986 0.1252
0.56888 0.12398
0.56789 0.12277
0.56689 0.12158
0.56587 0.1203900
0.56483 0.11922
0.56378 0.118070
0.56271 0.11692
0.56163 0.11578
0.56053 0.11466
0.55942 0.113540
0.55831 0.11244
0.55717 0.11134
0.5560200 0.11026
0.55485 0.1092
0.55365 0.108150
0.55243 0.107130
0.551180 0.106130
0.5499 0.1051500
0.54859 0.10420
0.547250 0.103260
0.54588 0.10235
0.54449 0.101460
0.54305 0.100610
0.54157 0.099790
0.54005 0.0990
0.53848 0.09825
0.53685 0.09755
0.53518 0.09688
0.53346 0.09625
0.531690 0.09566
0.52987 0.0951
0.52799 0.0946
0.52601 0.09418
0.52391 0.09384
0.52167 0.09362
0.51928 0.09353
0.51682 0.09358
0.51439 0.093770
0.51206 0.09411
0.50994 0.0946
0.50812 0.09525
0.50551 0.09691
0.50478 0.09788
0.50449 0.09891
0.50465 0.09997
0.505180 0.10104
0.50602 0.10212
0.50707 0.10319
0.50825 0.10423
0.5095 0.10524
0.51079 0.10621
0.51212 0.10714
0.5135 0.10805
0.51491 0.10892
0.51636 0.10977
0.51784 0.11059
0.519350 0.11138
0.52088 0.11217
0.52243 0.11293
0.52399 0.11369
0.525560 0.11444
0.527130 0.11518
0.52871 0.11593
0.53029 0.11667
0.53186 0.11742
0.53343 0.11817
0.53499 0.11893
0.53654 0.11969
0.53808 0.120460
0.539610 0.12125
0.54113 0.12204
0.54264 0.12284
0.54413 0.12365
0.54561 0.124470
0.54708 0.1253
0.54853 0.12614
0.54997 0.12699
0.551390 0.127860
0.5528 0.12873
0.5542 0.12962
0.55557 0.13052
0.55694 0.13144
0.55828 0.13237
0.55961 0.13331
0.56092 0.13426
0.56222 0.13523
0.56349 0.136210
0.56475 0.13721
0.56599 0.13822
0.5672100 0.13925
0.56841 0.14029
0.56959 0.14134
0.57076 0.142410
0.57191 0.14349
0.57305 0.14458
0.57418 0.14568
0.57528 0.1468
0.57637 0.14793
0.57744 0.14907
0.578480 0.15024
0.5795 0.15142
0.5805 0.15263
0.58147 0.15385
0.58243 0.15508
0.583360 0.15634
0.58427 0.15761
0.58516 0.1589
0.58602 0.16021
0.58686 0.16153
0.58767 0.16288
0.588460 0.164250
0.58922 0.165640
0.589960 0.16705
0.59067 0.16848
0.59135 0.16993
0.592 0.1714
0.59263 0.1729
0.593220 0.17442
0.59378 0.17597
0.59431 0.17755
0.5948 0.17914
0.59527 0.18077
0.5957 0.18241
0.59612 0.18408
0.5965 0.18576
0.59686 0.18747
0.5972 0.18919
0.59752 0.19093
0.59781 0.19269
0.59807 0.19447
0.59831 0.19628
0.59852 0.19811
0.59868 0.19997
0.59879 0.20187
0.59886 0.2038
0.59888 0.205680
0.59887 0.20742
0.59885 0.20894
0.59882 0.21014
0.5988 0.21095
0.59883 0.21133
*.*.Setup: Ga2.txt as Flap 1, Inverted: y, Scale = 1.0, AoA = -2.0, Reposition from (0,0) = (0, 0)*.*.
*.*.Setup: Ga2.txt as Flap 2, Inverted: y, Scale = 0.4, AoA = 37.0, Reposition from previous T.E. = (0.04, 0.06), Reposition from (0,0) = (1.0377, -0.024)*.*.
*.*.Setup: Ga2.txt as Flap 3, Inverted: y, Scale = 0.4, AoA = 51.666666666666664, Reposition from previous T.E. = (-0.01, 0.07), Reposition from (0,0) = (1.359, 0.271)*.*.
*.*.Setup: Scale Ratio = 0.36908*.*.