0.3602 0.03786
0.358080 0.03575
0.355 0.03268
0.35139 0.02966
0.34703 0.02674
0.341720 0.023740
0.33531 0.02052
0.32774 0.01706
0.319130 0.01342
0.309680 0.00969
0.29967 0.00594
0.28933 0.00226
0.278820 -0.00130
0.26824 -0.0047
0.25763 -0.00793
0.247 -0.010970
0.23631 -0.01383
0.22551 -0.01651
0.2145600 -0.01905
0.20339 -0.02148
0.19199 -0.02382
0.18035 -0.02611
0.16854 -0.02838
0.15666 -0.030620
0.14487 -0.03281
0.13334 -0.03489
0.12225 -0.0368
0.11179 -0.03845
0.10208 -0.03975
0.09306 -0.04063
0.08461 -0.04106
0.07661 -0.04105
0.06897 -0.04059
0.06163 -0.03969
0.05457 -0.03836
0.04779 -0.03663
0.041310 -0.0345
0.03518 -0.03203
0.02947 -0.0293
0.02429 -0.02643
0.01973 -0.023560
0.01583 -0.02081
0.01257 -0.01822
0.00987 -0.01582
0.00766 -0.01358
0.005830 -0.01151
0.00434 -0.009570
0.00312 -0.00777
0.00212 -0.00608
0.00133 -0.004490
0.00073 -0.00299
0.00029 -0.00157
0.000055 -0.00022
-6e-05 0.00109
0.00013 0.00239
0.00075 0.00357
0.00181 0.00449
0.003170 0.00514
0.00476 0.005650
0.00659 0.00606
0.00869 0.00642
0.01116 0.00676
0.01411 0.00708
0.0177 0.00738
0.0222 0.007670
0.0279 0.00793
0.03508 0.00815
0.04371 0.008280
0.05341 0.00824
0.06385 0.00796
0.07493 0.00746
0.08658 0.00682
0.0986 0.00611
0.11078 0.00538
0.12294 0.00465
0.134960 0.00398
0.14679 0.00338
0.158420 0.00289
0.16986 0.00253
0.18113 0.00232
0.192220 0.00229
0.20318 0.00245
0.214 0.00282
0.22471 0.00341
0.23533 0.00422
0.24586 0.00526
0.25631 0.00654
0.26669 0.00806
0.27699 0.00982
0.2872 0.01182
0.29727 0.014050
0.30712 0.01649
0.31659 0.01909
0.32547 0.0218
0.33353 0.02455
0.340580 0.02725
0.3466 0.02989
0.35166 0.03245
0.3559 0.034930
0.3602 0.03786
-Inserting Flap s1223rtl-
0.52432 0.15061
0.52367 0.14927
0.52271 0.14731
0.52149 0.1453
0.5199 0.14321
0.51788 0.14093
0.51538 0.13836
0.51236 0.13549
0.50888 0.13237
0.50503 0.12907
0.5009 0.12567
0.49661 0.12225
0.49222 0.11885
0.487780 0.11552
0.48329 0.11227
0.47875 0.1091
0.474170 0.10601
0.4695 0.102980
0.46473 0.1
0.45985 0.09703
0.45484 0.094070
0.44971 0.09109
0.4445 0.0881
0.43925 0.0851
0.43403 0.08215
0.42891 0.079290
0.42398 0.07658
0.41931 0.0741
0.41493 0.0719
0.41081 0.07002
0.40688 0.06844
0.4031 0.06714
0.39941 0.06612
0.39579 0.065340
0.39224 0.06482
0.38875 0.0645400
0.385340 0.06449
0.38204 0.06466
0.3789 0.06502
0.37598 0.065530
0.37336 0.06615
0.37107 0.06682
0.369110 0.06751
0.36744 0.06821
0.366030 0.06890
0.36483 0.06959
0.36381 0.07026
0.36294 0.07091
0.36219 0.07155
0.36156 0.07217
0.36103 0.07278
0.36059 0.07338
0.36024 0.07398
0.35999 0.07458
0.35987 0.07523
0.35997 0.075890
0.36033 0.07649
0.36086 0.07702
0.3615300 0.07752
0.36233 0.07801
0.36326 0.078530
0.36438 0.07909
0.36572 0.07972
0.36737 0.080450
0.36944 0.08131
0.3721 0.08237
0.37546 0.08364
0.37952 0.08511
0.38411 0.08667
0.38909 0.088230
0.39441 0.0898
0.40002 0.0914
0.40581 0.09302
0.41170 0.094650
0.41756 0.09629
0.42335 0.09793
0.42904 0.09957
0.43462 0.10123
0.44009 0.10292
0.44545 0.10466
0.4507 0.10645
0.45585 0.10831
0.460910 0.11025
0.46588 0.11227
0.4707600 0.1143800
0.47557 0.11658
0.48031 0.11889
0.48497 0.1213
0.48955 0.12381
0.49405 0.12642
0.498450 0.12911
0.50271 0.13186
0.50676 0.13464
0.51052 0.13737
0.51388 0.13997
0.51677 0.1424
0.51919 0.14463
0.52117 0.14667
0.52277 0.148520
0.52432 0.15061
-Inserting Flap s1223rtl-
0.64874 0.29454
0.64849 0.293070
0.64814 0.29092
0.64755 0.28864
0.64663 0.28618
0.64534 0.28342
0.64368 0.28024
0.64162 0.27663
0.63918 0.27264
0.63643 0.26837
0.63345 0.263930
0.63033 0.259420
0.62709 0.25491
0.62379 0.25044
0.62042 0.24604
0.61699 0.2417
0.613480 0.23743
0.60988 0.23319
0.60617 0.22896
0.60234 0.224720
0.59839 0.22045
0.59433 0.21612
0.59019 0.21176
0.58602 0.20738
0.58187 0.203060
0.57779 0.198850
0.57385 0.19484
0.57008 0.19112
0.56651 0.18776
0.5631 0.18478
0.5598 0.18214
0.55654 0.17981
0.5533 0.177770
0.55006 0.1760
0.54681 0.17448
0.54355 0.17321
0.5403 0.17218
0.53708 0.17139
0.53397 0.17084
0.53103 0.17049
0.52834 0.17033
0.52595 0.17031
0.52388 0.170410
0.52208 0.1706
0.52053 0.17087
0.51918 0.171180
0.51801 0.17153
0.51699 0.1719
0.51609 0.1723
0.515310 0.172710
0.5146200 0.17315
0.51403 0.1736
0.51353 0.174070
0.51311 0.174580
0.51281 0.17516
0.51272 0.17582
0.51289 0.1765
0.51325 0.17717
0.51375 0.17783
0.51437 0.17853
0.51512 0.179290
0.51602 0.18015
0.51712 0.18114
0.5185 0.18231
0.52024 0.18374
0.522480 0.18551
0.52533 0.18769
0.5288 0.19026
0.53275 0.19307
0.53707 0.196
0.54172 0.199030
0.54664 0.20216
0.55173 0.20538
0.55689 0.20863
0.56204 0.21188
0.56712 0.21511
0.5721 0.218320
0.57697 0.22151
0.58172 0.2247
0.58636 0.2279
0.59087 0.23112
0.59527 0.23438
0.599560 0.23769
0.60374 0.24105
0.60782 0.24447
0.61179 0.24796
0.61567 0.25153
0.6194400 0.25517
0.62311 0.25889
0.626680 0.26268
0.63012 0.266520
0.63341 0.27038
0.63649 0.2742
0.63931 0.27789
0.64178 0.28136
0.64386 0.28451
0.64553 0.28734
0.64684 0.28986
0.64784 0.2921
0.64874 0.29454
*.*.Setup: s1223rtl.txt as Flap 1, Inverted: y, Scale = 1.0, AoA = 6.0, Reposition from (0,0) = (0, 0)*.*.
*.*.Setup: s1223rtl.txt as Flap 2, Inverted: y, Scale = 0.5, AoA = 25.0, Reposition from previous T.E. = (0.0, 0.1), Reposition from (0,0) = (0.9945, 0.2045)*.*.
*.*.Setup: s1223rtl.txt as Flap 3, Inverted: y, Scale = 0.5, AoA = 41.666666666666664, Reposition from previous T.E. = (-0.03, 0.065), Reposition from (0,0) = (1.4177, 0.4808)*.*.
*.*.Setup: Scale Ratio = 0.36218*.*.