0.36305 0.03816
0.360920 0.03603
0.35781 0.03294
0.35417 0.0299
0.34977 0.02696
0.344420 0.023930
0.33796 0.02068
0.33034 0.0172
0.321650 0.01353
0.312130 0.00976
0.30205 0.00599
0.29162 0.00228
0.281030 -0.001310
0.27036 -0.00474
0.25967 -0.00799
0.24895 -0.011060
0.23818 -0.01394
0.2273 -0.01664
0.2162600 -0.0192
0.205 -0.02165
0.19351 -0.02401
0.18178 -0.02632
0.16987 -0.0286
0.1579 -0.030860
0.14601 -0.03307
0.13439 -0.03517
0.12322 -0.03709
0.11268 -0.03876
0.10288 -0.04006
0.0938 -0.04095
0.08528 -0.04139
0.07722 -0.04137
0.06951 -0.04091
0.06212 -0.04
0.055 -0.03867
0.04817 -0.03692
0.041640 -0.03477
0.03545 -0.03228
0.0297 -0.02953
0.02448 -0.02664
0.01989 -0.023750
0.01596 -0.02097
0.01267 -0.01837
0.00995 -0.01594
0.00772 -0.01369
0.005880 -0.0116
0.00437 -0.009650
0.00314 -0.00783
0.00214 -0.00613
0.00134 -0.004530
0.00073 -0.00302
0.00029 -0.00158
0.000055 -0.00022
-6e-05 0.0011
0.00013 0.00241
0.00076 0.0036
0.00183 0.00452
0.00320 0.00518
0.0048 0.005690
0.00664 0.00611
0.00876 0.00647
0.01125 0.00681
0.01422 0.00713
0.01784 0.00744
0.02237 0.007730
0.02812 0.00799
0.03536 0.00822
0.04406 0.008350
0.05383 0.0083
0.06435 0.00802
0.07553 0.00752
0.08726 0.00688
0.09938 0.00616
0.11166 0.00542
0.12392 0.00469
0.136030 0.00401
0.14795 0.0034
0.159680 0.00291
0.17121 0.00255
0.18256 0.00234
0.193750 0.00231
0.20479 0.00247
0.2157 0.00285
0.22649 0.00343
0.23719 0.00425
0.2478 0.0053
0.25834 0.00659
0.2688 0.00812
0.27919 0.0099
0.28948 0.01191
0.29963 0.014160
0.30955 0.01662
0.3191 0.01924
0.32805 0.02198
0.33617 0.02474
0.343280 0.02747
0.34934 0.03013
0.35445 0.03271
0.35871 0.035210
0.36305 0.03816
-Inserting Flap s1223rtl-
0.53578 0.1518
0.53511 0.15045
0.53415 0.14848
0.53292 0.14645
0.53132 0.14434
0.52929 0.14204
0.52676 0.13946
0.52372 0.13657
0.52021 0.13342
0.51633 0.13009
0.51217 0.12666
0.50785 0.12321
0.50342 0.11979
0.498940 0.11643
0.49442 0.11316
0.48985 0.10996
0.485220 0.10685
0.48052 0.103790
0.47572 0.10079
0.47079 0.0978
0.46574 0.094810
0.46057 0.09181
0.45532 0.08879
0.45002 0.08578
0.44476 0.0828
0.43961 0.079910
0.43464 0.07718
0.42993 0.07468
0.42551 0.07247
0.42136 0.07057
0.41741 0.06898
0.41359 0.06767
0.40987 0.06664
0.40623 0.065860
0.40265 0.06534
0.39913 0.0650500
0.39570 0.065
0.39237 0.06517
0.3892 0.06554
0.38626 0.066050
0.38362 0.06667
0.38131 0.06735
0.379330 0.06804
0.37765 0.06875
0.376230 0.069450
0.37502 0.07014
0.37399 0.07081
0.37311 0.07147
0.37236 0.07211
0.37173 0.07274
0.37119 0.07336
0.37075 0.07396
0.3704 0.07456
0.37014 0.07517
0.37002 0.07582
0.37012 0.076490
0.37048 0.0771
0.37102 0.07763
0.3716900 0.07814
0.3725 0.07863
0.37344 0.079150
0.37456 0.07972
0.37591 0.08035
0.37758 0.081090
0.37967 0.08196
0.38234 0.08302
0.38573 0.0843
0.38982 0.08578
0.39445 0.08735
0.39947 0.088930
0.40483 0.09051
0.41049 0.09212
0.41633 0.09375
0.422260 0.09540
0.42817 0.09705
0.43401 0.0987
0.43974 0.10036
0.44537 0.10203
0.45088 0.10374
0.45628 0.10549
0.46157 0.10729
0.46676 0.10917
0.471860 0.11112
0.47687 0.11316
0.4817900 0.1152800
0.48664 0.11751
0.49141 0.11983
0.49611 0.12226
0.50073 0.12479
0.50527 0.12742
0.50970 0.13013
0.51399 0.13291
0.51808 0.1357
0.52186 0.13845
0.52525 0.14108
0.52817 0.14353
0.5306 0.14577
0.5326 0.14783
0.53421 0.14970
0.53578 0.1518
-Inserting Flap s1223rtl-
0.64975 0.29421
0.64941 0.29275
0.64893 0.29061
0.64821 0.28835
0.64713 0.28593
0.64568 0.28322
0.64382 0.28012
0.64153 0.27661
0.63885 0.27274
0.63583 0.2686
0.63258 0.26431
0.62916 0.259960
0.62565 0.25561
0.62206 0.25130
0.61842 0.24707
0.61471 0.24291
0.610920 0.23881
0.60705 0.23476
0.60307 0.23072
0.59897 0.22668
0.59475 0.22261
0.59041 0.2185
0.58599 0.21435
0.58153 0.21019
0.5771 0.20608
0.57275 0.20209
0.56855 0.19829
0.56454 0.19476
0.56075 0.19159
0.55715 0.18879
0.55367 0.18633
0.55026 0.18418
0.54688 0.18231
0.54351 0.18072
0.54015 0.179380
0.53679 0.17829
0.53346 0.17745
0.53018 0.17685
0.52702 0.17647
0.52404 0.1763
0.52133 0.17629
0.51892 0.17641
0.51684 0.17664
0.51504 0.17693
0.51349 0.17729
0.51216 0.17768
0.511 0.1781
0.50999 0.17854
0.50912 0.17899
0.508350 0.17945
0.50769 0.179930
0.50712 0.18041
0.506640 0.18092
0.50625 0.18145
0.50598 0.18206
0.50593 0.182730
0.50613 0.1834
0.50654 0.18405
0.50708 0.184690
0.50774 0.18536
0.50854 0.186080
0.5095 0.18689
0.51067 0.18782
0.51212 0.18892
0.51396 0.190250
0.51631 0.1919
0.51931 0.193930
0.52295 0.19632
0.52709 0.19891
0.53161 0.20160
0.53647 0.20438
0.5416 0.20725
0.546910 0.210190
0.55230 0.21316
0.55767 0.21613
0.56297 0.21908
0.56817 0.22201
0.573250 0.22494
0.57822 0.22787
0.58307 0.23082
0.58781 0.23379
0.59243 0.236820
0.59694 0.23989
0.60134 0.24303
0.60564 0.24623
0.60985 0.24951
0.61395 0.25288
0.61796 0.25632
0.62188 0.25985
0.62568 0.26345
0.62937 0.267120
0.63291 0.27081
0.63624 0.27447
0.639290 0.27802
0.6419800 0.28136
0.64425 0.28441
0.6461 0.28716
0.64757 0.289610
0.64871 0.29181
0.64975 0.29421
*.*.Setup: s1223rtl.txt as Flap 1, Inverted: y, Scale = 1.0, AoA = 6.0, Reposition from (0,0) = (0, 0)*.*.
*.*.Setup: s1223rtl.txt as Flap 2, Inverted: y, Scale = 0.5, AoA = 25.0, Reposition from previous T.E. = (0.02, 0.1), Reposition from (0,0) = (1.0145, 0.2045)*.*.
*.*.Setup: s1223rtl.txt as Flap 3, Inverted: y, Scale = 0.5, AoA = 38.333333333333336, Reposition from previous T.E. = (-0.08, 0.08), Reposition from (0,0) = (1.3877, 0.4958)*.*.
*.*.Setup: Scale Ratio = 0.36505*.*.