0.36615 0.03848
0.3640 0.03634
0.36087 0.03322
0.3572 0.03015
0.35276 0.02719
0.347370 0.024130
0.34085 0.02086
0.33316 0.01734
0.32440 0.01364
0.31480 0.00985
0.30463 0.00604
0.29411 0.0023
0.283430 -0.001320
0.27267 -0.00478
0.26189 -0.00806
0.25108 -0.011150
0.24021 -0.01406
0.22924 -0.01679
0.218100 -0.01937
0.20676 -0.02183
0.19516 -0.02421
0.18333 -0.02654
0.17133 -0.02885
0.15925 -0.031130
0.14726 -0.03335
0.13554 -0.03547
0.12427 -0.03741
0.11364 -0.03909
0.10376 -0.04041
0.0946 -0.0413
0.08601 -0.04174
0.07788 -0.04172
0.07011 -0.04126
0.06265 -0.04035
0.05547 -0.039
0.04858 -0.03723
0.041990 -0.03507
0.03576 -0.03256
0.02996 -0.02979
0.02469 -0.02687
0.02006 -0.023950
0.01609 -0.02115
0.01278 -0.01852
0.01004 -0.01608
0.00778 -0.01381
0.005930 -0.0117
0.00441 -0.009730
0.00317 -0.0079
0.00216 -0.00618
0.00136 -0.004570
0.00074 -0.00304
0.00029 -0.0016
0.000055 -0.00022
-6e-05 0.00111
0.00013 0.00243
0.00076 0.00363
0.00184 0.00456
0.003230 0.00523
0.00484 0.005740
0.0067 0.00616
0.00884 0.00653
0.01135 0.00687
0.01434 0.00719
0.018 0.0075
0.02256 0.007790
0.02836 0.00806
0.03566 0.00829
0.04444 0.008420
0.05429 0.00837
0.0649 0.00809
0.07617 0.00758
0.08801 0.00694
0.10023 0.00622
0.11261 0.00547
0.12497 0.00473
0.137190 0.00404
0.14921 0.00343
0.161040 0.00293
0.17267 0.00257
0.18412 0.00236
0.19540 0.00233
0.20654 0.0025
0.21754 0.00287
0.22843 0.00346
0.23922 0.00429
0.24992 0.00535
0.26055 0.00665
0.2711 0.00819
0.28157 0.00998
0.29195 0.01202
0.30219 0.014280
0.3122 0.01676
0.32182 0.01941
0.33085 0.02216
0.33904 0.02495
0.346210 0.0277
0.35233 0.03038
0.35748 0.03299
0.36178 0.035510
0.36615 0.03848
-Inserting Flap s1223rtl-
0.53914 0.11985
0.53835 0.118550
0.53721 0.11666
0.5358 0.11473
0.53401 0.11275
0.53176 0.11062
0.52899 0.10824000
0.525690 0.10561
0.52189 0.10275
0.51769 0.09975
0.51321 0.09667
0.50856 0.09359
0.50382 0.09054
0.49902 0.08756
0.49419 0.08466
0.48931 0.08185
0.48439 0.07913
0.4794 0.07648
0.47431 0.07388
0.4691 0.071310
0.46377 0.06875
0.45831 0.06619
0.452760 0.06362
0.44718 0.06106
0.44163 0.05853
0.4362 0.056080
0.43097 0.05377
0.42601 0.05168
0.421380 0.04984
0.41705 0.0483
0.41293 0.04705
0.408980 0.04607
0.40516 0.04536
0.401430 0.0449
0.39778 0.04468
0.394230 0.04471
0.390770 0.04496
0.38744 0.04542
0.38429 0.046070
0.38138 0.04684
0.378780 0.0477
0.37652 0.04858
0.37459 0.049450
0.37297 0.05031
0.3716 0.05114
0.370450 0.05194
0.36947 0.05271
0.36865 0.05344
0.36795 0.054150
0.367360 0.05484
0.36688 0.055510
0.36649 0.056150
0.36619 0.05679
0.36599 0.05742
0.36592 0.05809
0.36608 0.05875
0.3665 0.05933
0.36709 0.05982
0.36781 0.06026
0.36866 0.06069
0.36965 0.06113
0.37083 0.0616
0.37224 0.06212
0.37398 0.06271
0.37616 0.0634
0.37894 0.06423
0.382450 0.06523
0.38669 0.06635
0.39148 0.0675200
0.39666 0.068670
0.40219 0.06979
0.40801 0.0709
0.414030 0.07203
0.42013 0.07317
0.426210 0.0743
0.43222 0.07545
0.43813 0.07661
0.44393 0.0778
0.44962 0.07903
0.4552 0.080310
0.46067 0.08166
0.46605 0.08309
0.47135 0.0846
0.476560 0.0862
0.48169 0.087910
0.48676 0.08972
0.49175 0.09163
0.49669 0.09366
0.501550 0.0958
0.50634 0.09804
0.511030 0.100370
0.51559 0.10279
0.519940 0.10524
0.52399 0.10767
0.52762 0.11001
0.53077 0.11221
0.533410 0.11425
0.53559 0.116140
0.53738 0.11788
0.53914 0.11985
-Inserting Flap s1223rtl-
0.65826 0.26843
0.6581 0.26692
0.65786 0.26472
0.6574 0.26238
0.65661 0.25983
0.65548 0.25694
0.65397 0.25362
0.652090 0.24983
0.64985 0.24564
0.64732 0.24114
0.64456 0.23646
0.64165 0.2317
0.638640 0.22693
0.63555 0.2222
0.63239 0.21754
0.62917 0.21293
0.62586 0.20839
0.62245 0.20387
0.61894 0.19937
0.61530 0.19484
0.611550 0.19026
0.60768 0.18564
0.60374 0.18096
0.59977 0.17628
0.59581 0.17164
0.59192 0.16713
0.58815 0.16283
0.584550 0.15883
0.58113 0.15521
0.57785 0.15198
0.574650 0.14911
0.571480 0.146550
0.56832 0.14429
0.565130 0.1423
0.56192 0.14056
0.55868 0.13908
0.55545 0.13785
0.55223 0.13686
0.54911 0.13611
0.54614 0.135590
0.54342 0.13527
0.5410 0.13511
0.53889 0.13509
0.53705 0.13517
0.53546 0.13535
0.53408 0.13558
0.532870 0.13587
0.53181 0.136190
0.53088 0.13654
0.53006 0.13691
0.52934 0.13731
0.52871 0.13773
0.52817 0.13818
0.52772 0.13867
0.52738 0.13925
0.527250 0.13991
0.52737 0.14061
0.5277 0.14131
0.52817 0.14202
0.52876 0.14276
0.52947 0.14358
0.53034 0.1445
0.5314 0.14557
0.532720 0.14684
0.534410 0.14839
0.53658 0.15032
0.53934 0.1527
0.54271 0.15552
0.54655 0.1586
0.55077 0.16183
0.55530 0.16518
0.56011 0.16865
0.56508 0.17221
0.57013 0.17582
0.57517 0.17942
0.58013 0.183
0.58499 0.18655
0.58975 0.190080
0.59438 0.19359
0.5989 0.19712
0.60329 0.20065
0.60756 0.204220
0.611720 0.20783
0.61576 0.21149
0.6197 0.2152
0.623520 0.21898
0.62724 0.22283
0.630860 0.22675
0.63436 0.23074
0.637760 0.23480
0.64102 0.2389
0.64413 0.24301
0.64704 0.247070
0.64968 0.25098
0.65198 0.25464
0.6539 0.25797
0.65544 0.26093
0.65662 0.26357
0.6575 0.2659
0.65826 0.26843
*.*.Setup: s1223rtl.txt as Flap 1, Inverted: y, Scale = 1.0, AoA = 6.0, Reposition from (0,0) = (0, 0)*.*.
*.*.Setup: s1223rtl.txt as Flap 2, Inverted: y, Scale = 0.5, AoA = 20.0, Reposition from previous T.E. = (0.0, 0.05), Reposition from (0,0) = (0.9945, 0.1545)*.*.
*.*.Setup: s1223rtl.txt as Flap 3, Inverted: y, Scale = 0.5, AoA = 45.0, Reposition from previous T.E. = (-0.03, 0.05), Reposition from (0,0) = (1.4344, 0.3755)*.*.
*.*.Setup: Scale Ratio = 0.36817*.*.