0.35812 0.00742
0.357420 0.00661
0.35601 0.005030
0.35392 0.00270
0.35127 -0.0002
0.34818 -0.003480
0.34481 -0.00694
0.34128 -0.01035
0.33771 -0.01357
0.33413 -0.01657
0.33053 -0.0194
0.32692 -0.02207
0.32331 -0.02463
0.31969 -0.02709
0.31606 -0.029470
0.31243 -0.03177
0.30879 -0.033990
0.305140 -0.03615
0.3015 -0.03823
0.29784 -0.04025
0.29419 -0.04221
0.290530 -0.04411
0.28686 -0.04596
0.28319 -0.04775
0.27952 -0.04949
0.27584 -0.051170
0.27216 -0.05279
0.26848 -0.05434
0.26479 -0.05583
0.2611 -0.05727
0.2574 -0.05866
0.2537 -0.06
0.25 -0.06132
0.24629 -0.06261000
0.24259 -0.06387
0.23888 -0.0651
0.23517 -0.06628
0.23146 -0.06743
0.227740 -0.06852
0.224020 -0.06956
0.22029 -0.07056
0.21657 -0.07151
0.21284 -0.072420
0.2091 -0.07328
0.20537 -0.0741
0.20163 -0.07489
0.19789 -0.07564
0.19414 -0.07635
0.1904 -0.07703
0.18665 -0.07767
0.1829 -0.07827
0.17914 -0.07883
0.175380 -0.07935
0.17162 -0.07982
0.16786 -0.08025
0.16409 -0.08063
0.16032 -0.08096
0.15655 -0.08125
0.15277 -0.0815
0.148990 -0.0817
0.14521 -0.08185
0.14142 -0.08195
0.13763 -0.08201
0.13384 -0.08201
0.13004 -0.08197
0.12624 -0.08188
0.12244 -0.08175
0.11863 -0.08159
0.11483 -0.08139
0.11101 -0.08115
0.10720 -0.08085
0.10338 -0.08049
0.09956 -0.08005
0.09573 -0.07953
0.09189 -0.07891
0.08805 -0.078210
0.0842 -0.07743
0.08034 -0.07656
0.076480 -0.0756
0.07262 -0.07454
0.06874 -0.07337
0.06485 -0.07207
0.06096 -0.07062
0.05705 -0.06902
0.05314 -0.06726
0.04921 -0.065350
0.04527 -0.06329
0.04132 -0.06109
0.03737 -0.0587400
0.033390 -0.05618
0.0294 -0.05333
0.02538 -0.05012
0.02133 -0.04646
0.01728 -0.04234
0.01335 -0.037860
0.00971 -0.03318
0.00652 -0.02846
0.00395 -0.02387
0.00213 -0.01954
0.00085 -0.01214
0.00141 -0.009260
0.00277 -0.00706
0.00492 -0.00561
0.00772 -0.004820
0.01102 -0.004560
0.01464 -0.0047
0.01844 -0.00512
0.02228 -0.00571
0.02612 -0.00644
0.02998 -0.0073
0.03384 -0.008290
0.03771 -0.0094
0.04159 -0.01061
0.04547 -0.01193
0.04937 -0.013320
0.05326 -0.01479
0.05716 -0.01631
0.06106 -0.01787
0.06497 -0.01946
0.06888 -0.02107
0.07278 -0.02268
0.07669 -0.02429
0.08059 -0.02589
0.0845 -0.02747
0.0884 -0.02903
0.0923 -0.03056
0.0962 -0.03206
0.1001 -0.033530
0.103990 -0.03496
0.10788 -0.03635
0.11177 -0.0377100
0.11566 -0.03902
0.11954 -0.04029
0.12342 -0.04152
0.1273 -0.04271
0.13117 -0.04384
0.13504 -0.04494
0.13891 -0.045980
0.142770 -0.04698
0.146630 -0.04793
0.15049 -0.04883
0.15434 -0.049670
0.15819 -0.05046
0.16203 -0.05120
0.16588 -0.05189
0.169710 -0.05251
0.17355 -0.05308
0.17738 -0.05358
0.18120 -0.05403
0.18502 -0.05443
0.18884 -0.05478
0.19266 -0.05509
0.19647 -0.05535
0.2002800 -0.05557
0.20408 -0.05573
0.20788 -0.05584
0.21168 -0.05587
0.215470 -0.05584
0.21926 -0.05574
0.22304 -0.05556
0.22682 -0.05532
0.23059 -0.055010
0.23436 -0.05463
0.23812 -0.05419
0.24188 -0.05367
0.24563 -0.05308
0.24938 -0.05242
0.25312 -0.05168
0.25685 -0.05086
0.260580 -0.04996
0.26431 -0.04898
0.26803 -0.04791
0.27174 -0.04676
0.275450 -0.04553
0.27915 -0.0442
0.282840 -0.042770
0.28653 -0.04125
0.29021 -0.03963
0.29389 -0.0379
0.2975500 -0.03609
0.30121 -0.03419
0.304870 -0.03221
0.30852 -0.030150
0.31216 -0.02802
0.3158 -0.02581
0.319440 -0.02353
0.32307 -0.02118
0.32669 -0.01875
0.33031 -0.016240
0.33392 -0.01362
0.33752 -0.01087
0.34111 -0.00797
0.34467 -0.00494
0.34807 -0.00191
0.35119 0.00095
0.35387 0.00347
0.35598 0.00548
0.3574 0.00683
0.35812 0.00742
-Inserting Flap Ga2-
0.49752 0.10233
0.497420 0.10191
0.49722 0.10109
0.49692 0.09988
0.49653 0.09836
0.49605 0.09662
0.49551 0.09476
0.49491 0.09289
0.49425 0.09109
0.49355 0.08935
0.49281 0.087680
0.49204 0.08606
0.49124 0.08448
0.49042 0.08293
0.489590 0.081410
0.488740 0.07991
0.48787 0.07844
0.48699 0.077
0.48609 0.07558
0.48518 0.07418
0.48426 0.0728
0.48332 0.07144
0.4823700 0.0701
0.481410 0.06878
0.48044 0.06748
0.47946 0.06619
0.47846 0.06493
0.47746 0.06369
0.47643 0.06247
0.4754 0.06127
0.47435 0.06008
0.4733 0.05891
0.47224 0.05775
0.47117 0.0566
0.4701 0.05546
0.469020 0.05433
0.467930 0.05321
0.46684 0.05211
0.46573 0.05103
0.46461 0.04996
0.46348 0.04891
0.46234 0.047880
0.46120 0.04686
0.46004 0.04585
0.45888 0.04486
0.4577 0.043880
0.45652 0.04291
0.45533 0.041950
0.45414 0.04101
0.45293 0.04008
0.45172 0.03916
0.4505 0.03826
0.44927 0.03737
0.44803 0.0365
0.446780 0.03564
0.44552 0.0348
0.44426 0.03397
0.44298 0.03316
0.44169 0.032370
0.44039 0.031590
0.43908 0.03082
0.43777 0.03008
0.43644 0.02935
0.43510 0.028630
0.43375 0.027930
0.43239 0.02725
0.43102 0.02658
0.429650 0.02593
0.42827 0.02528
0.42688 0.0246500
0.42547 0.024040
0.42406 0.02345
0.42262 0.02289
0.42117 0.02235
0.4197 0.02185
0.41821 0.02137
0.41671 0.02093
0.41518 0.02051
0.41364 0.02012
0.41207 0.01977
0.41048 0.01946
0.40887 0.01919
0.40722 0.01897
0.40554 0.0188
0.40383 0.01869
0.40208 0.01862
0.4003 0.01861
0.3985 0.01865
0.39666 0.01873
0.39477 0.01889
0.39283 0.01915
0.3908 0.01953
0.388690 0.02006
0.38648 0.02075
0.38425 0.0216
0.38209 0.02257
0.38008 0.02363
0.37831 0.02477
0.37685 0.025960
0.37501 0.0283300
0.374660 0.02946
0.37473 0.03049
0.37522 0.0314
0.37606 0.032210
0.37718 0.03292
0.37848 0.033550
0.3799 0.03412
0.381370 0.03463
0.38286 0.03509
0.38439 0.03551
0.38594 0.03589
0.387510 0.03623
0.38911 0.036520
0.39073 0.03679
0.39237 0.03703
0.39402 0.03724
0.39568 0.03744
0.39735 0.03762
0.39903 0.03779
0.40071 0.03796
0.40239 0.03812
0.404080 0.03828
0.40576 0.038450
0.40743 0.03863
0.4091 0.038810
0.41077 0.039
0.41243 0.0392
0.41408 0.03942
0.41572 0.03964
0.41736 0.03988
0.41899 0.040130
0.4206 0.0404
0.42221 0.04068
0.42382 0.040970
0.42541 0.04128
0.42699 0.04161
0.42856 0.04195
0.43012 0.04231
0.43168 0.04268
0.4332200 0.04307
0.43475 0.04348
0.43627 0.0439
0.43777 0.04435
0.43927 0.04481
0.44076 0.04529
0.44223 0.04579
0.44369 0.04631
0.44514 0.04685
0.44657 0.04741
0.448 0.047980
0.44941 0.04858
0.45082 0.049190
0.45221 0.04981
0.4536 0.05045
0.45497 0.0511
0.45633 0.05178
0.45768 0.05248
0.45902 0.0532
0.46033 0.05395
0.46164 0.05472
0.46292 0.055520
0.4642 0.05634
0.465460 0.05718
0.466700 0.05804
0.46793 0.05893
0.46915 0.05984
0.47035 0.06078
0.47153 0.06174
0.47269 0.06274
0.47384 0.06375
0.47498 0.0648
0.47609 0.06587
0.47718 0.06698
0.47826 0.06811
0.47932 0.069270
0.48036 0.07047
0.48137 0.0717
0.48237 0.07297
0.48334 0.07426
0.4843 0.07559
0.48523 0.07695
0.48615 0.07834
0.48705 0.07975
0.48794 0.08119
0.48881 0.08265
0.48967 0.08414
0.49051 0.08565
0.49133 0.08719
0.49214 0.08876
0.49292 0.09036
0.493670 0.09201
0.4944 0.0937
0.49509 0.09544
0.49572 0.09715
0.49628 0.09875
0.49676 0.10014
0.49712 0.10125
0.49737 0.10199
0.49752 0.10233
-Inserting Flap Ga2-
0.61799 0.227170
0.61799 0.226740
0.61798 0.2259
0.61796 0.22465
0.61792 0.22307
0.61785 0.22127
0.61774 0.21935
0.61757 0.217390
0.61734 0.21548
0.61704 0.21363
0.6167 0.21184
0.61631 0.210080
0.61589 0.20836
0.61544 0.20667
0.61497 0.205
0.61448 0.20335
0.61397 0.201730
0.61343 0.20012
0.61288 0.19853
0.6123 0.19696
0.61171 0.19541
0.61111 0.19388
0.61049 0.19236
0.60985 0.19086
0.6092 0.18937
0.60853 0.1879
0.60784000 0.18644
0.60714 0.185
0.60641 0.18359
0.605680 0.18218
0.60492 0.18079
0.60416 0.17942
0.60339 0.178050
0.60261 0.17669
0.60182 0.17533
0.60102 0.17399
0.60022 0.17266
0.59939 0.17134
0.59856 0.17003
0.59771 0.16874
0.59685 0.16746
0.59597 0.16620
0.59508 0.16495
0.59418 0.16371
0.59327 0.16248
0.59235 0.16126
0.59141 0.16005
0.59047 0.15885
0.58952 0.15767
0.58855 0.15649
0.58758 0.15532
0.586590 0.154170
0.58559 0.15303
0.58458 0.15190
0.58356 0.15078
0.582520 0.14968
0.58147 0.14858
0.58041 0.14751
0.57933 0.14644
0.57824 0.14539
0.57714 0.14435
0.57603 0.14333
0.5749 0.14232
0.57375 0.14132
0.57259 0.14034
0.57142 0.13937
0.57024 0.13841
0.56905 0.137460
0.56785 0.13652
0.56664 0.13559
0.56541 0.13468
0.56416 0.13379
0.56289 0.13291
0.56159 0.13207
0.56028 0.131250
0.55893 0.13045
0.55756 0.12968
0.55617 0.12893
0.55476 0.1282
0.55331 0.1275100
0.55183 0.12684
0.55032 0.12622
0.54876 0.125630
0.54716 0.12509
0.54552 0.12459
0.54383 0.124140
0.5421 0.12373
0.540330 0.12336
0.53852 0.12303
0.53665 0.12276
0.5347 0.12257
0.53264 0.12249
0.53046 0.12253
0.52815 0.12271
0.52579 0.12303
0.52346 0.123490
0.52126 0.1240700
0.51928 0.124780
0.5176 0.12561
0.51527 0.12751
0.51468 0.12853
0.51452 0.12955
0.51479 0.13055
0.51542 0.13153
0.51635 0.13247
0.51748 0.13338
0.51874 0.13425
0.52005 0.13508
0.5214 0.13587
0.52279 0.13662
0.524220 0.13733
0.52568 0.13801
0.52717 0.13866
0.52868 0.13929
0.53023 0.13989
0.53179 0.14047
0.53336 0.14103
0.534950 0.141590
0.53655 0.14213
0.53815 0.14267
0.53975 0.14321
0.54135 0.14375
0.54295 0.14429
0.54455 0.14484
0.54613 0.14539
0.547710 0.14595
0.549280 0.14652
0.55084 0.1471
0.55239 0.14769
0.55393 0.14829
0.55546 0.1489
0.55698 0.14953
0.55849 0.15016
0.55998 0.15081
0.56146 0.15147
0.56293 0.15214
0.56439 0.152830
0.56583 0.15353
0.56726 0.15424
0.568670 0.15496
0.57007 0.15571
0.57145 0.15646
0.57282 0.15723
0.574180 0.15802
0.57552 0.15882
0.57684 0.15964
0.57815 0.16047
0.57943 0.16133
0.580710 0.16219
0.58197 0.16308
0.58321 0.16397
0.58444 0.16488
0.58566 0.1658
0.58687 0.16674
0.58806 0.16769
0.58924 0.16865
0.59039 0.16964
0.59153 0.17064
0.59264 0.17167
0.59374 0.17271
0.59482 0.17378
0.59587 0.17486
0.59691 0.17596
0.59793 0.17708
0.598930 0.17823
0.59991 0.17939
0.60086 0.18057
0.6018 0.18178
0.60271 0.18301
0.6036 0.18426
0.60447 0.18553
0.60531 0.18683
0.60613 0.18815
0.60693 0.1895
0.6077 0.19087
0.60844 0.19227
0.60915 0.19369
0.60984 0.19515
0.61049 0.196630
0.61112 0.198140
0.61173 0.19968
0.61231 0.20124
0.61288 0.20282
0.61342 0.20442
0.61393 0.20604
0.61443 0.20768
0.61491 0.20934
0.61537 0.21102
0.6158 0.21273
0.6162 0.21447
0.6165700 0.21625
0.61689 0.218060
0.61717 0.21991
0.6174 0.22172
0.61759 0.2234
0.61774 0.224870
0.61785 0.22603
0.61793 0.226810
0.61799 0.227170
*.*.Setup: Ga2.txt as Flap 1, Inverted: y, Scale = 1.0, AoA = 4.0, Reposition from (0,0) = (0, 0)*.*.
*.*.Setup: Ga2.txt as Flap 2, Inverted: y, Scale = 0.4, AoA = 32.0, Reposition from previous T.E. = (0.04, 0.07), Reposition from (0,0) = (1.041, 0.0907)*.*.
*.*.Setup: Ga2.txt as Flap 3, Inverted: y, Scale = 0.4, AoA = 45.0, Reposition from previous T.E. = (0.04, 0.08), Reposition from (0,0) = (1.4306, 0.366)*.*.
*.*.Setup: Scale Ratio = 0.35776*.*.