0.37135 -0.03127
0.37053 -0.032030
0.36891 -0.03351
0.366490 -0.03569
0.36343 -0.03841
0.359880 -0.04147
0.35601 -0.04468
0.35199 -0.04783
0.34795 -0.050770
0.34391 -0.05349
0.33989 -0.05602
0.33586 -0.058390
0.33184 -0.060640
0.32783 -0.0628
0.32382 -0.06487
0.31981 -0.06685
0.3158 -0.06875
0.3118 -0.07059
0.3078 -0.07235
0.3038 -0.07404
0.2998 -0.07567
0.29581 -0.07724
0.29181 -0.07875
0.28782 -0.0802
0.28383 -0.0816
0.27985 -0.08294
0.27586 -0.08422
0.27188 -0.08542
0.2679 -0.08657
0.26392 -0.08765
0.25995 -0.08868
0.25597 -0.08968
0.252 -0.09063
0.24803 -0.09157
0.24406 -0.09247
0.24009 -0.09333
0.23612 -0.09416
0.23215 -0.09494
0.22819 -0.09566
0.22422 -0.09634
0.22026 -0.09696
0.2163 -0.09754
0.21234 -0.09807
0.20839 -0.09856
0.20443 -0.09901
0.20048 -0.099410
0.196530 -0.09978
0.19257 -0.10011
0.18862 -0.10041
0.18467 -0.10066
0.18073 -0.10087
0.17678 -0.10105
0.17284 -0.10117
0.1689 -0.101250
0.16495 -0.10129
0.16102 -0.10127
0.15708 -0.10121
0.15314 -0.1011
0.14921 -0.10094
0.14527 -0.10074
0.14134 -0.10048
0.13741 -0.10017
0.13349 -0.09982
0.12956 -0.09941
0.12564 -0.09895
0.12172 -0.09845
0.1178 -0.0979
0.11388 -0.09732
0.10996 -0.096700
0.10604 -0.09604
0.10213 -0.09531
0.09821 -0.09452
0.0943 -0.09365
0.0904 -0.09269
0.0865 -0.09164
0.0826 -0.0905
0.0787 -0.089270
0.0748 -0.08795
0.07091 -0.08654
0.06703 -0.08503
0.06314 -0.083390
0.05927 -0.08162
0.05539 -0.0797
0.05153 -0.07762
0.047670 -0.07537
0.04381 -0.07297
0.03996 -0.07041
0.03611 -0.06771
0.03227 -0.06485
0.02844 -0.06176
0.02462 -0.058380
0.02081 -0.05462
0.01702 -0.0504
0.01327 -0.04568
0.00969 -0.040620
0.00643 -0.03538
0.00365 -0.03016
0.00149 -0.02512
7e-05 -0.02045
-0.00044 -0.012650
0.00045 -0.00973
0.0021 -0.00761
0.00448 -0.00634
0.00747 -0.00583
0.0109 -0.00592
0.01464 -0.00646
0.01852 -0.00731
0.02243 -0.008330
0.02633 -0.0095
0.03022 -0.01081
0.03411 -0.01226
0.038 -0.01382
0.04188 -0.0155
0.04575 -0.01729
0.04963 -0.01915
0.0535 -0.021090
0.05737 -0.02309
0.06124 -0.02513
0.06511 -0.0272
0.06897 -0.02929
0.07284 -0.03138
0.07671 -0.033480
0.08057 -0.03556
0.08444 -0.03762
0.08831 -0.03965
0.09218 -0.04166
0.09605 -0.04364
0.09992 -0.04558
0.1038 -0.04748
0.10767 -0.04935
0.11155 -0.05117
0.11542 -0.05295
0.1193 -0.05469
0.12318 -0.05638
0.12707 -0.05803
0.13095 -0.05963
0.13484 -0.06118
0.13872 -0.062680
0.14261 -0.06414
0.1465 -0.06554
0.1504 -0.06689
0.15429 -0.06818
0.15819 -0.06942
0.16209 -0.0706
0.16599 -0.07172
0.16989 -0.07279
0.173790 -0.07379
0.1777 -0.07473
0.18161 -0.07561
0.18552 -0.076440
0.18943 -0.07722
0.19335 -0.07795
0.19726 -0.07864
0.20118 -0.07928
0.2051 -0.07986
0.20902 -0.08038
0.21295 -0.08083
0.21687 -0.08121
0.2208 -0.08151
0.22473 -0.081750
0.22867 -0.08191
0.2326 -0.08199
0.23654 -0.082010
0.24049 -0.0819600
0.244430 -0.08184
0.24838 -0.081630
0.25233 -0.08135
0.25628 -0.08099
0.26023 -0.08055
0.26419 -0.08003
0.26815 -0.07942
0.27212 -0.07872
0.27608 -0.07794
0.28005 -0.07706
0.28403 -0.07609
0.288 -0.07502
0.29199 -0.07384
0.29597 -0.07256
0.29996 -0.07118
0.3039500 -0.0697
0.30794 -0.06813
0.31194 -0.06648
0.31594 -0.06475
0.31994 -0.06293
0.32395 -0.06105
0.32796 -0.05908
0.331970 -0.05704
0.33598 -0.05493
0.34 -0.05272
0.34402 -0.0504
0.34805 -0.04795
0.35208 -0.04534
0.35609 -0.04259
0.35994 -0.03983
0.36347 -0.03721
0.36652 -0.03489
0.36892 -0.03304
0.37054 -0.0318
0.37135 -0.03127
-Inserting Flap Ga2-
0.52222 0.05958
0.52208 0.05916
0.5218 0.05832
0.52138 0.05709
0.52083 0.05555
0.520180 0.05379
0.51945 0.05192
0.51866 0.05003
0.51781 0.04822
0.516930 0.04649
0.51601 0.04482
0.515060 0.04321
0.51409 0.04164
0.51311 0.04011
0.5121 0.03861
0.51109 0.03714
0.51005 0.0357
0.50901 0.03428
0.507950 0.03289
0.50688 0.031520
0.5058 0.03017
0.5047 0.028850
0.5036 0.02755
0.50249 0.02626
0.50136 0.0250
0.50023 0.02376
0.499080 0.02254
0.49792 0.02135
0.49675 0.02018
0.49557 0.01902
0.49438 0.017890
0.493180 0.01677
0.49198 0.01567
0.49077 0.01457
0.48955 0.01349
0.48833 0.01241
0.4871 0.01136
0.485870 0.01031
0.48462 0.00929
0.48336 0.00829
0.48210 0.0073
0.4808300 0.00633
0.47954 0.00538
0.47825 0.00444
0.47696 0.00351
0.47565 0.00261000
0.47434 0.00171
0.47302 0.00083
0.4717 -4e-05
0.47037 -0.00089
0.4690300 -0.00174
0.46768 -0.002560
0.466320 -0.00337
0.46496 -0.00416
0.46359 -0.00494
0.46221 -0.0057
0.46082 -0.00644
0.45942 -0.00716
0.45801 -0.00787
0.4566 -0.00856
0.45517 -0.00923
0.45374 -0.00989
0.45229 -0.01053
0.45084 -0.01114
0.44938 -0.01175
0.44791 -0.01233
0.4464300 -0.0129
0.44495 -0.01346
0.44346 -0.014
0.441960 -0.01453
0.44045 -0.01503
0.43893 -0.01552
0.43739 -0.01597
0.43584 -0.01639
0.43427 -0.01678
0.432680 -0.01714
0.43108 -0.01746
0.42946 -0.01776
0.42783 -0.01802
0.42618 -0.01824
0.4245 -0.018420
0.4228 -0.01855
0.42107 -0.01863
0.41932 -0.01865
0.41753 -0.01862
0.415710 -0.01852
0.41387 -0.01838
0.412 -0.01818
0.4101 -0.01792
0.40816 -0.01758
0.40617 -0.01714
0.40411 -0.01656
0.40196 -0.01582
0.39974 -0.0149
0.3975 -0.01382
0.39535 -0.01262
0.39336 -0.01134
0.39163 -0.00999
0.39023 -0.00863
0.38854 -0.0060
0.38828 -0.00481
0.38845 -0.00375
0.38903 -0.00284
0.38998 -0.00208
0.3912 -0.001450
0.39261 -0.00091
0.39413 -0.00046
0.3957 -6e-05
0.39729 0.00029
0.39891 0.00059
0.40055 0.00083
0.40221 0.00104
0.40389 0.0012
0.4056 0.00133
0.40731 0.00143
0.40905 0.00150
0.41079 0.001560
0.41253 0.00159
0.41429 0.00162
0.41605 0.0016400
0.41781 0.00165
0.41956 0.00167
0.42132 0.00169
0.42307 0.00172
0.42482 0.00176
0.42657 0.00181
0.42830 0.001870
0.43003 0.00194
0.43176 0.00203
0.43348 0.00212
0.43519 0.00224
0.43689 0.00237
0.43858 0.00251
0.44027 0.00267
0.44194 0.002850
0.44361 0.003040
0.44527 0.00325
0.44693 0.00348
0.44857 0.003730
0.4502 0.00399
0.45182 0.00427
0.45344 0.00458
0.45504 0.00490
0.45663 0.005240
0.45822 0.0056
0.459790 0.00599
0.46135 0.0064
0.4629 0.00682
0.46444 0.007270
0.46597 0.0077400
0.46748 0.00823
0.469 0.008730
0.4705 0.00925
0.47199 0.00979
0.47348 0.01034
0.47495 0.01092
0.476410 0.01152
0.47786 0.01215
0.47929 0.01281
0.48071 0.01349
0.48212 0.0142
0.48351 0.01493
0.4849 0.01569
0.48626 0.01647
0.48762 0.01728
0.48896 0.01811
0.49029 0.01898
0.4916 0.01987
0.49290 0.020790
0.49418 0.02174
0.49545 0.02272
0.4967 0.02374
0.49794 0.02478
0.49916 0.02586
0.50036 0.02697
0.50154 0.02811
0.50271 0.0293
0.50385 0.03052
0.50498 0.03178
0.50609 0.03307
0.50718 0.03439
0.50826 0.03574
0.50932 0.03713
0.51037 0.038540
0.51141 0.03997
0.512430 0.04144
0.51344 0.04293
0.514430 0.044450
0.51541 0.046
0.51637 0.04759
0.51730 0.04923
0.5182 0.05092
0.51907 0.05266
0.51988 0.05438
0.52061 0.05598
0.52123 0.05738
0.52171 0.05849
0.52204 0.05924
0.52222 0.05958
-Inserting Flap Ga2-
0.59797 0.201610
0.59802 0.20117
0.59811 0.20029
0.598240 0.1990
0.59839 0.19737
0.59854 0.1955
0.59865 0.19349
0.59871 0.19145
0.5987 0.18945
0.59862 0.1875
0.59848 0.18561
0.5983 0.18375
0.59807 0.18192
0.59781 0.18011
0.59753 0.17833
0.59722 0.17657
0.59688 0.17483
0.59652 0.1731
0.59614 0.1714
0.59574 0.16971
0.59532 0.16803
0.59488 0.16637
0.59442 0.16473
0.59394 0.1631
0.59345 0.16148
0.59293 0.15988
0.5924 0.15829
0.59184 0.15672
0.59127 0.15517
0.59068 0.15363
0.590070 0.15211
0.58944 0.150590
0.58881 0.149080
0.58817 0.14758
0.58752 0.14609
0.58686 0.1446
0.58618 0.14313
0.58549 0.14167
0.58479 0.14022
0.58407 0.13878
0.58333 0.13736
0.58258 0.13594
0.58181 0.13454
0.58103 0.13315
0.580240 0.13177
0.57943 0.1304
0.57861 0.12904
0.57778 0.12769
0.57694 0.12634
0.576090 0.125010
0.57522 0.12369
0.57434 0.12238
0.57345 0.12108
0.57254 0.11979
0.57161 0.11851
0.57068 0.11724
0.56972 0.115990
0.56875 0.11475
0.56777 0.11352
0.56677 0.1123
0.56576 0.11109
0.56473 0.1099
0.56368 0.10872
0.56262 0.10755
0.56154 0.10639
0.56045 0.10525
0.559350 0.10411
0.558230 0.10299
0.5571 0.10187
0.555960 0.10077
0.5548 0.09968
0.55362 0.0986
0.55241 0.09755
0.55118 0.09652
0.54991 0.09551
0.54862 0.09453
0.5473 0.09356
0.54595 0.09262
0.54458 0.0917
0.54317 0.09081
0.5417200 0.08994
0.54023 0.08911
0.538690 0.08832
0.53711 0.08757
0.53547 0.086860
0.53378 0.08618
0.53204 0.08555
0.53026 0.08495
0.528430 0.08439
0.526530 0.08389
0.52453 0.08346
0.52241 0.08312
0.52016 0.0829
0.51775 0.08281
0.51527 0.08286
0.51281 0.08305
0.51047 0.08339
0.5083300 0.08388
0.50649 0.08454
0.50386 0.08622
0.50313 0.0872
0.50283 0.08823
0.50299 0.0893
0.50353 0.09038
0.50437 0.09147
0.50543 0.09255
0.50663 0.09360
0.50788 0.09461
0.50919 0.09559
0.51053 0.09653
0.51192 0.09745
0.51334 0.09833
0.5148 0.09918
0.5163 0.10001
0.51782 0.10081
0.51936 0.1016
0.520920 0.102370
0.52249 0.10314
0.52408 0.10389
0.52567 0.10464
0.527260 0.10539
0.52885 0.10614
0.53044 0.1069
0.53202 0.10765
0.53359 0.10842
0.535150 0.10919
0.53671 0.10997
0.53825 0.110760
0.53978 0.11155
0.5413 0.11236
0.54281 0.11318
0.5443 0.114
0.54578 0.11484
0.54725 0.11569
0.5487 0.116550
0.55013 0.11742
0.551550 0.118310
0.55296 0.1192
0.554350 0.12011
0.555720 0.12104
0.55708 0.12197
0.55842 0.12292
0.55974 0.12388
0.56105 0.12486
0.56233 0.12585
0.5636 0.12685
0.56485 0.12787
0.56608 0.12891
0.56729 0.12996
0.56848 0.13102
0.56966 0.1321
0.57082 0.13319
0.571970 0.13429
0.57311 0.1354
0.57422 0.13652
0.57532 0.13766
0.5764 0.138820
0.57745 0.14
0.57848 0.14119
0.57949 0.1424
0.58047 0.14363
0.58143 0.14488
0.58237 0.14614
0.58329 0.14743
0.584180 0.14873
0.58505 0.15005
0.5859 0.15139
0.58672 0.15274
0.58751 0.15412
0.58828 0.15552
0.58903 0.15694
0.58974 0.15839
0.59043 0.15985
0.591090 0.16134
0.59171 0.16285
0.59231 0.16439
0.592880 0.16595
0.59341 0.16753
0.59391 0.16915
0.59438 0.170780
0.59482 0.17244
0.59523 0.17412
0.59562 0.17582
0.59599 0.17754
0.59633 0.17928
0.59665 0.18104
0.59694 0.18281
0.59721 0.18461
0.59745 0.18642
0.59766 0.18827
0.59782 0.19015
0.59793 0.19206
0.598 0.19401
0.59802 0.19591
0.59801 0.19766
0.59799 0.1992
0.59796 0.200410
0.59795 0.20122
0.59797 0.201610
*.*.Setup: Ga2.txt as Flap 1, Inverted: y, Scale = 1.0, AoA = -2.0, Reposition from (0,0) = (0, 0)*.*.
*.*.Setup: Ga2.txt as Flap 2, Inverted: y, Scale = 0.4, AoA = 27.0, Reposition from previous T.E. = (0.04, 0.08), Reposition from (0,0) = (1.0377, -0.004)*.*.
*.*.Setup: Ga2.txt as Flap 3, Inverted: y, Scale = 0.4, AoA = 51.666666666666664, Reposition from previous T.E. = (-0.06, 0.08), Reposition from (0,0) = (1.343, 0.2401)*.*.
*.*.Setup: Scale Ratio = 0.37221*.*.