0.37424 0.00775
0.373510 0.0069
0.37204 0.005260
0.36986 0.002830
0.36708 -0.00021
0.36386 -0.003640
0.36033 -0.00725
0.35665 -0.01082
0.35292 -0.01418
0.34917 -0.01732
0.34541 -0.02027
0.34164 -0.02307
0.33787 -0.02574
0.33408 -0.02831
0.33029 -0.03080
0.32649 -0.0332
0.32269 -0.035530
0.318880 -0.03777
0.31507 -0.03995
0.31126 -0.04207
0.30743 -0.04411
0.303610 -0.0461
0.29978 -0.04803
0.29594 -0.0499
0.29211 -0.05172
0.28827 -0.053470
0.28442 -0.05516
0.28057 -0.05679
0.27671 -0.05835
0.27285 -0.05985
0.26899 -0.0613
0.26512 -0.06271
0.26125 -0.06408
0.25738 -0.06543000
0.25351 -0.06675
0.24964 -0.06803
0.24576 -0.06927
0.24188 -0.07046
0.237990 -0.0716
0.234110 -0.07269
0.23021 -0.07374
0.22632 -0.07473
0.22242 -0.075680
0.21852 -0.07658
0.21461 -0.07744
0.21071 -0.07826
0.2068 -0.07904
0.20288 -0.07979
0.19897 -0.0805
0.19505 -0.08117
0.19113 -0.08179
0.18721 -0.08238
0.183280 -0.08292
0.17935 -0.08341
0.17542 -0.08386
0.17148 -0.08426
0.16754 -0.08461
0.1636 -0.08491
0.15965 -0.08517
0.15570 -0.08538
0.15175 -0.08554
0.14779 -0.08564
0.14383 -0.0857
0.13986 -0.0857
0.1359 -0.08566
0.13193 -0.08557
0.12795 -0.08543
0.12398 -0.08526
0.12 -0.08506
0.11601 -0.0848
0.112030 -0.08449
0.10804 -0.08411
0.10404 -0.08366
0.10004 -0.08311
0.09603 -0.08247
0.09201 -0.081740
0.08799 -0.08092
0.08396 -0.08001
0.079930 -0.079
0.07588 -0.0779
0.07183 -0.07667
0.06777 -0.07531
0.0637 -0.0738
0.05962 -0.07213
0.05553 -0.07029
0.05143 -0.068290
0.04731 -0.06614
0.04319 -0.06385
0.03905 -0.0613900
0.03490 -0.05871
0.03072 -0.05573
0.02652 -0.05237
0.02229 -0.04856
0.01805 -0.04424
0.01395 -0.039560
0.01014 -0.03467
0.00681 -0.02974
0.00412 -0.02494
0.00222 -0.02042
0.00089 -0.01268
0.00147 -0.009680
0.00289 -0.00738
0.00514 -0.00587
0.00807 -0.005040
0.01151 -0.004770
0.0153 -0.00492
0.01927 -0.00535
0.02328 -0.00597
0.0273 -0.00673
0.03133 -0.00763
0.03536 -0.008660
0.03941 -0.00982
0.04346 -0.01109
0.04752 -0.01246
0.05159 -0.013920
0.05566 -0.01545
0.05974 -0.01704
0.06381 -0.01867
0.0679 -0.02033
0.07198 -0.02201
0.07606 -0.0237
0.08014 -0.02539
0.08422 -0.02706
0.0883 -0.02871
0.09238 -0.03034
0.09646 -0.03194
0.10053 -0.03351
0.1046 -0.035040
0.108670 -0.03653
0.11274 -0.03799
0.1168 -0.0394100
0.12086 -0.04078
0.12492 -0.04211
0.12898 -0.04339
0.13303 -0.04463
0.13708 -0.04582
0.14112 -0.04696
0.14516 -0.048050
0.14920 -0.0491
0.153230 -0.05009
0.15726 -0.05102
0.16129 -0.051910
0.16531 -0.05274
0.16933 -0.053510
0.17334 -0.05422
0.177350 -0.05487
0.18136 -0.05547
0.18536 -0.056
0.189360 -0.05647
0.19335 -0.05688
0.19734 -0.05725
0.20133 -0.05757
0.20531 -0.05784
0.2092900 -0.05807
0.21327 -0.05824
0.21724 -0.05835
0.22121 -0.05839
0.225170 -0.05836
0.22913 -0.05825
0.23308 -0.05806
0.23703 -0.05781
0.24097 -0.057490
0.24491 -0.05709
0.24884 -0.05663
0.25277 -0.05609
0.25669 -0.05547
0.2606 -0.05478
0.26451 -0.054
0.26842 -0.05315
0.272320 -0.05221
0.27621 -0.05118
0.2801 -0.05007
0.28398 -0.04887
0.287850 -0.04758
0.29172 -0.04619
0.295580 -0.04470
0.29943 -0.04311
0.30328 -0.04141
0.30712 -0.03961
0.3109500 -0.03772
0.31478 -0.03573
0.31860 -0.03366
0.32241 -0.031510
0.32622 -0.02928
0.33002 -0.02697
0.333820 -0.02459
0.33761 -0.02213
0.3414 -0.0196
0.34518 -0.016970
0.34896 -0.01423
0.35272 -0.01136
0.35647 -0.00833
0.36019 -0.00516
0.36375 -0.00199
0.367 0.001
0.3698 0.00363
0.37201 0.00573
0.37349 0.00714
0.37424 0.00775
-Inserting Flap Ga2-
0.52579 0.095270
0.525650 0.09484
0.52536 0.094010
0.52494 0.09277
0.52439 0.09122
0.52374 0.08945
0.523010 0.087570
0.522210 0.08568
0.52136 0.08386
0.52047 0.08212
0.51955 0.08045
0.5186 0.07883
0.51763 0.07725
0.51663 0.07571
0.51563 0.07421
0.5146 0.07273
0.51357 0.07128
0.512520 0.06986
0.51145 0.06846
0.510380 0.06708
0.50929 0.06573
0.50819 0.0644
0.5070900 0.06309
0.50597 0.0618
0.50484 0.06054
0.5037 0.05929
0.50255 0.05807
0.50138 0.05687
0.50021 0.05569
0.49902 0.05453
0.49782 0.0534
0.49662 0.05227
0.49541 0.05116
0.4942 0.05006
0.492980 0.04897
0.491750 0.04789
0.490520 0.04683
0.48927 0.04578
0.48802 0.04476
0.48676 0.043750
0.48549 0.04276
0.48421 0.04178
0.48292 0.04082
0.48163 0.03988
0.48032 0.03895
0.47901 0.03804
0.4777 0.03714
0.47637 0.03626
0.47504 0.03538
0.4737 0.03452
0.47236 0.03368
0.47101 0.03285
0.46964 0.03204
0.46827 0.03124
0.4669 0.03046
0.46551 0.0297
0.464110 0.02896
0.46271 0.02823
0.46129 0.02752
0.459870 0.02682
0.45844 0.02615
0.457 0.02549
0.45555 0.02485
0.454090 0.02423
0.45262 0.023630
0.45115 0.023040
0.44966 0.02247
0.44817 0.02191
0.44668 0.02136
0.44517 0.02083
0.44365 0.02032
0.44213 0.01984
0.44058 0.01938
0.43902 0.018960
0.43745 0.01857
0.43585 0.01821
0.43424 0.01788
0.43262 0.01759
0.43098 0.01733
0.429320 0.0171
0.42763 0.01692
0.42593 0.01679
0.42419 0.01671
0.42243 0.01669
0.42063 0.01672
0.41881 0.01682
0.41696 0.01696
0.41508 0.01717
0.41317 0.01742
0.41123 0.01776
0.40922 0.01821
0.40715 0.01879
0.405 0.01953
0.40276 0.02046
0.40052 0.02154
0.39835 0.02274
0.39636 0.02404
0.39462 0.02538
0.39321 0.02675
0.39151 0.02939
0.39125 0.03059
0.39142 0.03166
0.39201 0.03257
0.39296 0.03333
0.39418 0.03397
0.3956 0.03451
0.39713 0.03497
0.3987 0.03537
0.4003 0.03571
0.40193 0.03601
0.40357 0.03626
0.40524 0.036470
0.406940 0.03663
0.40865 0.03676
0.41037 0.03686
0.41211 0.03693
0.41386 0.03699
0.41561 0.03702
0.41738 0.03705
0.419140 0.03707
0.42091 0.03708
0.42268 0.0371
0.42444 0.03712
0.4262 0.03715
0.42796 0.03719
0.42971 0.03724
0.43145 0.0373
0.43319 0.03737
0.434920 0.03746
0.43665 0.03756
0.43837 0.03767
0.440080 0.0378
0.44178 0.037940
0.44347 0.03811
0.44516 0.03828
0.44683 0.03848
0.4485 0.03869
0.45016 0.03892
0.45181 0.03917
0.45345 0.03943
0.45508 0.03972
0.4567 0.040020
0.45831 0.04034
0.45991 0.04069
0.4615 0.04105
0.46308 0.04144
0.46465 0.04185
0.46620 0.04228
0.46775 0.04273
0.46928 0.0432
0.47081 0.04369
0.47233 0.04419
0.47384 0.0447200
0.47534 0.04525
0.47683 0.04581
0.47831 0.04639
0.47978 0.047
0.48123 0.04763
0.48267 0.04829
0.4841 0.048970
0.48551 0.049680
0.48691 0.05042
0.4883 0.05118
0.48967 0.05197
0.491040 0.05278
0.49238 0.05362
0.49372 0.05449
0.49504 0.055380
0.49634 0.05631
0.49763 0.05726
0.4989 0.05825
0.50016 0.05927
0.5014 0.06031
0.50262 0.0614
0.50383 0.06251
0.50502 0.06366
0.50619 0.06485
0.50734 0.06608
0.50847 0.06734
0.50959 0.06864
0.51069 0.06997
0.51177 0.07133
0.51284 0.07271
0.51389 0.07413
0.51493 0.07557
0.51596 0.07704
0.51697 0.07854
0.51797 0.08007
0.51895 0.08163
0.51991 0.08322
0.52085 0.08487
0.52176 0.08657
0.52263 0.08832
0.52344 0.09004
0.52417 0.09165
0.52479 0.0930600
0.52528 0.09417
0.52561 0.09493
0.52579 0.095270
-Inserting Flap Ga2-
0.6143 0.21825
0.6143 0.21781
0.61429 0.21692
0.61427 0.21562
0.61423 0.21397
0.61415 0.21209
0.61404 0.21007
0.61386 0.20803
0.61361 0.20604
0.61331 0.2041
0.612950 0.20223
0.61254 0.20039
0.6121 0.1986
0.61164 0.19683
0.61115 0.19508
0.61063 0.19336
0.610090 0.19166
0.60953 0.18998
0.60895 0.188320
0.60836 0.18669
0.60774 0.185060
0.60711 0.18346
0.60646 0.18187
0.60579 0.1803
0.60511 0.17875
0.60441 0.17721
0.60369 0.17569
0.60296 0.17419
0.6022 0.1727
0.60143 0.17124
0.60064 0.169790
0.59985 0.168350
0.59904 0.16692
0.59822 0.16550
0.5974 0.16408
0.59657 0.16268
0.59572 0.16128
0.594860 0.15991
0.59399 0.15854
0.59310 0.15719
0.5922 0.15586
0.591290 0.15453
0.59036 0.15323
0.58942 0.15193
0.58846 0.15064
0.5875 0.14937
0.58653 0.14811
0.585540 0.14686
0.58454 0.14562
0.58354 0.14439
0.58252 0.14317
0.58149 0.14196
0.580440 0.14077
0.57939 0.13959
0.578320 0.13842
0.57723 0.13727
0.57613 0.13613
0.57502 0.135
0.5739 0.13389
0.57276 0.13279
0.57161 0.1317
0.57044 0.13063
0.56926 0.12958
0.56807 0.12853
0.566860 0.12751
0.56563 0.126490
0.5644 0.12549
0.56315 0.1245
0.5619 0.12352
0.56063 0.12255
0.559350 0.12159
0.55804 0.12066
0.55671 0.11975
0.55536 0.11887
0.55398 0.11801
0.55258 0.11717
0.551150 0.11637
0.5497 0.11558
0.54821 0.11483
0.5467 0.1141
0.54516 0.11341
0.54358 0.112750
0.54195 0.11214
0.54028 0.11158
0.538560 0.11106
0.5368 0.11058
0.53499 0.110150
0.53314 0.109760
0.53125 0.109420
0.5293 0.10914
0.52725 0.10894
0.5251 0.10885
0.5228300 0.10889
0.520410 0.10908
0.51794 0.10942
0.51551 0.1099
0.51322 0.11051
0.51114 0.11126
0.50938 0.11212
0.50695 0.1141100
0.50634 0.11517
0.50616 0.11623
0.50645 0.11728
0.50711 0.1183
0.508080 0.11929
0.50926 0.12024
0.51058 0.12114
0.51195 0.12201
0.51336 0.12284
0.51481 0.12362
0.5163 0.12437
0.517830 0.12508
0.51938 0.125760
0.52097 0.12641
0.52258 0.12704
0.52421 0.127640
0.52586 0.12823
0.52752 0.12881
0.52919 0.12938
0.53086 0.12995
0.532540 0.13051
0.53421 0.13107
0.53588 0.13164
0.537540 0.13221
0.5392 0.13279
0.54085 0.13337
0.5425 0.133970
0.54413 0.134580
0.545750 0.13519
0.54736 0.13582
0.548960 0.13646
0.55054 0.13711
0.55212 0.13777
0.55368 0.13845
0.55522 0.13914
0.556760 0.13984
0.55828 0.14056
0.55979 0.14129
0.56128 0.1420300
0.56276 0.14279
0.56422 0.14357
0.56567 0.14436
0.5671 0.145160
0.56851 0.14599
0.56991 0.146820
0.571290 0.14768
0.57266 0.14855
0.57401 0.14944
0.57534 0.15035
0.57665 0.15127
0.57795 0.15221
0.57924 0.15316
0.58051 0.15412
0.58178 0.1551
0.58302 0.156090
0.58425 0.15710
0.58546 0.15813
0.58664 0.15918
0.58781 0.16025
0.58895 0.16134
0.59008 0.16245
0.59118 0.16359
0.59227 0.16474
0.59333 0.16591
0.59438 0.1671
0.5954 0.16832
0.59640 0.169560
0.59738 0.170820
0.59833 0.1721
0.59926 0.17341
0.60017 0.17474
0.60105 0.17609
0.60191 0.17747
0.60274 0.17888
0.60354 0.18031
0.604320 0.18178
0.60506 0.18327
0.60578 0.18479
0.60646 0.18634
0.60712 0.18792
0.60776 0.18952
0.60837 0.19115
0.60895 0.1928
0.60952 0.19447
0.61006 0.19617
0.61058 0.19788
0.61108 0.19962
0.61156 0.20138
0.61201 0.20316
0.61243 0.20498
0.61281 0.20684
0.61315 0.20874
0.61344 0.21067
0.61369 0.21256
0.61388 0.21431
0.61404 0.21584
0.61415 0.21706
0.61423 0.21787
0.6143 0.21825
*.*.Setup: Ga2.txt as Flap 1, Inverted: y, Scale = 1.0, AoA = 4.0, Reposition from (0,0) = (0, 0)*.*.
*.*.Setup: Ga2.txt as Flap 2, Inverted: y, Scale = 0.4, AoA = 27.0, Reposition from previous T.E. = (0.04, 0.07), Reposition from (0,0) = (1.041, 0.0907)*.*.
*.*.Setup: Ga2.txt as Flap 3, Inverted: y, Scale = 0.4, AoA = 45.0, Reposition from previous T.E. = (-0.06, 0.06), Reposition from (0,0) = (1.3463, 0.3148)*.*.
*.*.Setup: Scale Ratio = 0.37387*.*.