0.36615 0.03848
0.3640 0.03634
0.36087 0.03322
0.3572 0.03015
0.35276 0.02719
0.347370 0.024130
0.34085 0.02086
0.33316 0.01734
0.32440 0.01364
0.31480 0.00985
0.30463 0.00604
0.29411 0.0023
0.283430 -0.001320
0.27267 -0.00478
0.26189 -0.00806
0.25108 -0.011150
0.24021 -0.01406
0.22924 -0.01679
0.218100 -0.01937
0.20676 -0.02183
0.19516 -0.02421
0.18333 -0.02654
0.17133 -0.02885
0.15925 -0.031130
0.14726 -0.03335
0.13554 -0.03547
0.12427 -0.03741
0.11364 -0.03909
0.10376 -0.04041
0.0946 -0.0413
0.08601 -0.04174
0.07788 -0.04172
0.07011 -0.04126
0.06265 -0.04035
0.05547 -0.039
0.04858 -0.03723
0.041990 -0.03507
0.03576 -0.03256
0.02996 -0.02979
0.02469 -0.02687
0.02006 -0.023950
0.01609 -0.02115
0.01278 -0.01852
0.01004 -0.01608
0.00778 -0.01381
0.005930 -0.0117
0.00441 -0.009730
0.00317 -0.0079
0.00216 -0.00618
0.00136 -0.004570
0.00074 -0.00304
0.00029 -0.0016
0.000055 -0.00022
-6e-05 0.00111
0.00013 0.00243
0.00076 0.00363
0.00184 0.00456
0.003230 0.00523
0.00484 0.005740
0.0067 0.00616
0.00884 0.00653
0.01135 0.00687
0.01434 0.00719
0.018 0.0075
0.02256 0.007790
0.02836 0.00806
0.03566 0.00829
0.04444 0.008420
0.05429 0.00837
0.0649 0.00809
0.07617 0.00758
0.08801 0.00694
0.10023 0.00622
0.11261 0.00547
0.12497 0.00473
0.137190 0.00404
0.14921 0.00343
0.161040 0.00293
0.17267 0.00257
0.18412 0.00236
0.19540 0.00233
0.20654 0.0025
0.21754 0.00287
0.22843 0.00346
0.23922 0.00429
0.24992 0.00535
0.26055 0.00665
0.2711 0.00819
0.28157 0.00998
0.29195 0.01202
0.30219 0.014280
0.3122 0.01676
0.32182 0.01941
0.33085 0.02216
0.33904 0.02495
0.346210 0.0277
0.35233 0.03038
0.35748 0.03299
0.36178 0.035510
0.36615 0.03848
-Inserting Flap s1223rtl-
0.53914 0.13826
0.53835 0.136960
0.53721 0.13507
0.5358 0.13314
0.53401 0.13116
0.53176 0.12903
0.52899 0.12665000
0.525690 0.12402
0.52189 0.12116
0.51769 0.11816
0.51321 0.11508
0.50856 0.11199
0.50382 0.10895
0.49902 0.10597
0.49419 0.10307
0.48931 0.10026
0.48439 0.09754
0.4794 0.09489
0.47431 0.09229
0.4691 0.089720
0.46377 0.08716
0.45831 0.0846
0.452760 0.08203
0.44718 0.07946
0.44163 0.07693
0.4362 0.074490
0.43097 0.07218
0.42601 0.07008
0.421380 0.06825
0.41705 0.06671
0.41293 0.06546
0.408980 0.06448
0.40516 0.06377
0.401430 0.06331
0.39778 0.06309
0.394230 0.06312
0.390770 0.06337
0.38744 0.06383
0.38429 0.064470
0.38138 0.06525
0.378780 0.06611
0.37652 0.06699
0.37459 0.067860
0.37297 0.06872
0.3716 0.06954
0.370450 0.07034
0.36947 0.07111
0.36865 0.07185
0.36795 0.072560
0.367360 0.07325
0.36688 0.073910
0.36649 0.074560
0.36619 0.0752
0.36599 0.07583
0.36592 0.0765
0.36608 0.07716
0.3665 0.07774
0.36709 0.07823
0.36781 0.07867
0.36866 0.0791
0.36965 0.07954
0.37083 0.08001
0.37224 0.08053
0.37398 0.08112
0.37616 0.08181
0.37894 0.08264
0.382450 0.08364
0.38669 0.08476
0.39148 0.0859300
0.39666 0.087080
0.40219 0.08819
0.40801 0.08931
0.414030 0.09044
0.42013 0.09158
0.426210 0.09271
0.43222 0.09386
0.43813 0.09502
0.44393 0.0962
0.44962 0.09743
0.4552 0.098720
0.46067 0.10007
0.46605 0.10149
0.47135 0.10301
0.476560 0.10461
0.48169 0.106320
0.48676 0.10813
0.49175 0.11004
0.49669 0.11207
0.501550 0.1142
0.50634 0.11645
0.511030 0.118780
0.51559 0.12119
0.519940 0.12364
0.52399 0.12607
0.52762 0.12842
0.53077 0.13062
0.533410 0.13266
0.53559 0.134550
0.53738 0.13629
0.53914 0.13826
-Inserting Flap s1223rtl-
0.65826 0.28684
0.6581 0.28533
0.65786 0.28313
0.6574 0.28079
0.65661 0.27824
0.65548 0.27535
0.65397 0.27203
0.652090 0.26824
0.64985 0.26405
0.64732 0.25955
0.64456 0.25487
0.64165 0.25011
0.638640 0.24534
0.63555 0.24061
0.63239 0.23595
0.62917 0.23134
0.62586 0.2268
0.62245 0.22228
0.61894 0.21777
0.61530 0.21325
0.611550 0.20867
0.60768 0.20405
0.60374 0.19937
0.59977 0.19469
0.59581 0.19005
0.59192 0.18554
0.58815 0.18124
0.584550 0.17724
0.58113 0.17362
0.57785 0.17039
0.574650 0.16752
0.571480 0.164960
0.56832 0.1627
0.565130 0.16071
0.56192 0.15897
0.55868 0.15749
0.55545 0.15626
0.55223 0.15527
0.54911 0.15452
0.54614 0.1540
0.54342 0.15367
0.5410 0.15352
0.53889 0.15349
0.53705 0.15358
0.53546 0.15375
0.53408 0.15399
0.532870 0.15428
0.53181 0.15460
0.53088 0.15495
0.53006 0.15532
0.52934 0.15572
0.52871 0.15614
0.52817 0.15659
0.52772 0.15708
0.52738 0.15766
0.527250 0.15832
0.52737 0.15902
0.5277 0.15972
0.52817 0.16042
0.52876 0.16117
0.52947 0.16199
0.53034 0.16291
0.5314 0.16398
0.532720 0.16525
0.534410 0.1668
0.53658 0.16873
0.53934 0.17111
0.54271 0.17392
0.54655 0.17701
0.55077 0.18024
0.55530 0.18359
0.56011 0.18706
0.56508 0.19062
0.57013 0.19423
0.57517 0.19783
0.58013 0.20141
0.58499 0.20496
0.58975 0.208480
0.59438 0.212
0.5989 0.21552
0.60329 0.21906
0.60756 0.222630
0.611720 0.22624
0.61576 0.22989
0.6197 0.23361
0.623520 0.23739
0.62724 0.24124
0.630860 0.24516
0.63436 0.24915
0.637760 0.253210
0.64102 0.25731
0.64413 0.26142
0.64704 0.265480
0.64968 0.26939
0.65198 0.27305
0.6539 0.27637
0.65544 0.27934
0.65662 0.28197
0.6575 0.28431
0.65826 0.28684
*.*.Setup: s1223rtl.txt as Flap 1, Inverted: y, Scale = 1.0, AoA = 6.0, Reposition from (0,0) = (0, 0)*.*.
*.*.Setup: s1223rtl.txt as Flap 2, Inverted: y, Scale = 0.5, AoA = 20.0, Reposition from previous T.E. = (0.0, 0.1), Reposition from (0,0) = (0.9945, 0.2045)*.*.
*.*.Setup: s1223rtl.txt as Flap 3, Inverted: y, Scale = 0.5, AoA = 45.0, Reposition from previous T.E. = (-0.03, 0.05), Reposition from (0,0) = (1.4344, 0.4255)*.*.
*.*.Setup: Scale Ratio = 0.36817*.*.