0.3683900000 -0.0181
0.36762 -0.01889
0.36606 -0.0204
0.36374 -0.02264
0.36081 -0.02544
0.35741 -0.02859
0.35369 -0.03189
0.34982 -0.03515
0.34592 -0.0382
0.342030 -0.04103
0.33813 -0.04367
0.33423 -0.04616
0.33033 -0.04852
0.32644 -0.05079
0.32254 -0.05298
0.31864 -0.05508
0.31475 -0.0571
0.31085 -0.05905
0.30695 -0.06093
0.30306 -0.06274
0.29916 -0.06449
0.29526 -0.06618
0.29136 -0.06781
0.28747 -0.06939
0.28357 -0.070910
0.27967 -0.07237
0.275780 -0.07377
0.27188 -0.07511
0.26798 -0.07637
0.26409 -0.07758
0.26019 -0.07874
0.25629 -0.07986
0.252390 -0.08094
0.2485 -0.082
0.2446 -0.083030
0.2407 -0.08403
0.23681 -0.08498
0.23291 -0.08589
0.229010 -0.08674
0.22512 -0.087550
0.22122 -0.0883
0.21732 -0.08901
0.21342 -0.08967
0.20953 -0.09029
0.20563 -0.09087
0.20173 -0.09141
0.19784 -0.09191
0.19394 -0.09237
0.19004 -0.0928
0.18615 -0.09319
0.18225 -0.09354
0.17835 -0.09384
0.17445 -0.0941
0.17056 -0.09432
0.16666 -0.09449
0.16276 -0.09461
0.15887 -0.09468
0.15497 -0.09471
0.15107 -0.09469
0.14718 -0.09462
0.14328 -0.09451
0.139380 -0.09434
0.13549 -0.09412
0.13159 -0.09385
0.12769 -0.09354
0.12379 -0.09317
0.1199 -0.09277
0.1160 -0.09233
0.1121 -0.09185
0.10821 -0.09133
0.10431 -0.09075
0.10041 -0.090110
0.09652 -0.089380
0.092620 -0.08857
0.08872 -0.08766
0.08482 -0.08667
0.08093 -0.08558
0.07703 -0.08441
0.07313 -0.08315
0.06924 -0.08179
0.06534 -0.0803
0.06144 -0.07869
0.05755 -0.0769200
0.05365 -0.07499
0.04975 -0.0729100
0.04585 -0.070660
0.04196 -0.06827
0.03806 -0.06572
0.03416 -0.06303
0.03027 -0.06011
0.026370 -0.05689
0.02247 -0.05330
0.01858 -0.04926
0.0147 -0.04473
0.01099 -0.03984
0.00759 -0.03478
0.00465 -0.0297
0.00234 -0.0248
0.00078 -0.02023
0.000000 -0.01253
0.00078 -0.00961
0.00234 -0.00745
0.00465 -0.00612
0.00759 -0.00551
0.01099 -0.00548
0.0147 -0.00588
0.01858 -0.00659
0.02247 -0.00746
0.026370 -0.00849
0.03027 -0.00965
0.03416 -0.01095
0.03806 -0.01236
0.04196 -0.01389
0.04585 -0.01552
0.04975 -0.01723
0.05365 -0.01902
0.05755 -0.02086
0.06144 -0.02274
0.06534 -0.02465
0.06924 -0.02659
0.07313 -0.02853
0.07703 -0.03046
0.08093 -0.03239
0.08482 -0.03429
0.08872 -0.03617
0.092620 -0.03802
0.09652 -0.03984
0.10041 -0.04163
0.10431 -0.04338
0.10821 -0.04509
0.1121 -0.04676
0.1160 -0.04839
0.1199 -0.04998
0.12379 -0.051520
0.12769 -0.05301
0.13159 -0.05446
0.13549 -0.055860
0.139380 -0.0572100
0.14328 -0.05851
0.14718 -0.05977
0.15107 -0.06096
0.15497 -0.06211
0.15887 -0.0632
0.16276 -0.06423
0.16666 -0.06521
0.17056 -0.06613
0.17445 -0.06699
0.17835 -0.06778
0.18225 -0.06852
0.18615 -0.06920
0.19004 -0.069840
0.19394 -0.07042
0.19784 -0.07097
0.20173 -0.071460
0.20563 -0.07191
0.20953 -0.07229
0.21342 -0.0726
0.21732 -0.07284
0.22122 -0.073
0.22512 -0.0731
0.229010 -0.07312
0.23291 -0.07307
0.23681 -0.07295
0.2407 -0.07276
0.2446 -0.07250
0.2485 -0.07217
0.252390 -0.07175
0.25629 -0.07126
0.26019 -0.07069
0.26409 -0.07003
0.26798 -0.06929
0.27188 -0.06847
0.275780 -0.06756
0.27967 -0.06655
0.28357 -0.06545
0.28747 -0.06425
0.29136 -0.06295
0.29526 -0.06155
0.29916 -0.06005
0.30306 -0.05845
0.30695 -0.05676
0.31085 -0.05498
0.31475 -0.05313
0.31864 -0.05120
0.32254 -0.04919
0.32644 -0.04711
0.33033 -0.04496
0.33423 -0.04273
0.33813 -0.04041
0.342030 -0.03797
0.34592 -0.03541
0.34982 -0.032690
0.35369 -0.02983
0.35741 -0.02696
0.36081 -0.02425
0.36374 -0.02185
0.36606 -0.019940
0.36762 -0.01865
0.3683900000 -0.0181
-Inserting Flap Ga2-
0.49965 0.083320
0.49956 0.082890
0.49935 0.08204
0.49904 0.08079
0.49864 0.07922
0.49815 0.077430
0.49759 0.07552
0.49697 0.0736
0.496290 0.07174
0.495570 0.069950
0.49481 0.06823
0.49401 0.066560
0.49319 0.06493
0.49235 0.06333
0.49149 0.06177
0.49062 0.06023
0.489720 0.05872
0.48881 0.05723
0.48789 0.05577
0.48695 0.05432
0.4860 0.0529
0.48504 0.0515
0.48406 0.05012
0.48307 0.04876
0.48207 0.04742
0.48106 0.0461
0.480040 0.0448
0.479 0.04352
0.477940 0.04227
0.47688 0.04103
0.4758 0.03981
0.474720 0.0386
0.47363 0.037410
0.47253 0.03623
0.47142 0.03505
0.47031 0.03389
0.46919 0.03274
0.46806 0.0316
0.46692 0.03049
0.46577 0.02939
0.46461 0.02831
0.46344 0.02724
0.46226 0.026190
0.46107 0.02515
0.45987 0.02413
0.458660 0.02312
0.45744 0.02213
0.45622 0.02114
0.45499 0.02017
0.45375 0.01921
0.4525 0.01827
0.45124 0.01734
0.44998 0.01643
0.4487 0.01553
0.44741 0.014640
0.44612 0.01378
0.44481 0.01293
0.4435 0.01209
0.44217 0.01127
0.44083 0.01047
0.43949 0.00968
0.43813 0.008910
0.43676 0.00816
0.43538 0.00742
0.43399 0.00671
0.43259 0.006
0.43119 0.00531
0.42977 0.00464
0.42835 0.00397
0.42692 0.00332
0.42547 0.00269
0.42401 0.00209
0.42254 0.00151
0.42104 0.00096
0.4195300 0.00044
0.4180 -5e-05
0.41644 -0.00051
0.41487 -0.00094
0.41328 -0.00134
0.41167 -0.0017
0.41004 -0.00202
0.40837 -0.0023
0.40668 -0.00253
0.40495 -0.0027
0.40318 -0.00282
0.40138 -0.00288
0.39955 -0.00289
0.397690 -0.002860
0.3958 -0.00277
0.39386 -0.00261
0.39186 -0.00234
0.38977 -0.001950
0.38759 -0.00140
0.38532 -0.00069
0.38302 0.00018
0.3808 0.00118
0.378720 0.00228
0.3769 0.003450
0.3754 0.00467
0.37351 0.00712
0.37315 0.00827
0.37322 0.00934
0.373730 0.01028
0.37459 0.01111
0.37574 0.01184
0.37709 0.01249
0.37855 0.01307
0.38006 0.0136
0.3816 0.01408
0.383160 0.01451
0.38476 0.01490
0.38638 0.01524
0.38803 0.01555
0.38969 0.01582
0.39138 0.016070
0.39308 0.01629
0.39479 0.01649
0.39651 0.01668
0.39824 0.01686
0.39997 0.01703
0.40171 0.01719
0.40344 0.01736
0.40517 0.01754
0.40689 0.01772
0.40861 0.01791
0.41033 0.01810
0.41204 0.01831
0.41374 0.01853
0.41543 0.01876
0.41711 0.0190100
0.41879 0.01927
0.42046 0.01954
0.42212 0.019830
0.42376 0.02013
0.4254 0.02045
0.42703 0.02079
0.42865 0.02114
0.43026 0.02151
0.43186 0.02189
0.43344 0.02229
0.43502 0.022710
0.4365800 0.02315
0.43814 0.0236
0.4396800 0.02408
0.441210 0.02457
0.44272 0.02509
0.44423 0.02562
0.44572 0.02618
0.4472 0.02676
0.44866 0.02735
0.45012 0.02796
0.45157 0.02859
0.4530 0.02923
0.45443 0.029890
0.45585 0.03056
0.45725 0.03126
0.45864 0.03198
0.46001 0.03273
0.461370 0.0335
0.46271 0.03429
0.46403 0.03511
0.46535 0.03595
0.46664 0.03682
0.46793 0.03771
0.46919 0.03862
0.47044 0.039560
0.47168 0.04053
0.4729 0.04152
0.4741 0.04254
0.47528 0.04359
0.47644 0.04467
0.477590 0.04577
0.47872 0.04691
0.47983 0.04808
0.48092 0.04927
0.48199 0.05051
0.48303 0.05177
0.48406 0.05308
0.48506 0.05441
0.486040 0.05578
0.48701 0.05718
0.48795 0.058610
0.48888 0.06006
0.48979 0.06154
0.49069 0.06305
0.49157 0.06458
0.49244 0.06614
0.49329 0.06772
0.49412 0.06933
0.49492 0.07099
0.4957 0.07268
0.49644 0.07443
0.49715 0.07622
0.4978 0.07798
0.49838 0.07962
0.49887 0.08106
0.49925 0.0822
0.4995100 0.08296
0.49965 0.083320
-Inserting Flap Ga2-
0.60529 0.21187
0.60529 0.21142
0.60528 0.21055
0.60526 0.20927
0.60522 0.20764
0.60515 0.20579
0.60503 0.20381
0.604860 0.20179
0.60462 0.19983
0.60431 0.19792
0.60396 0.19607
0.60356 0.19427
0.60313 0.1925
0.60267 0.19075
0.60218 0.18903
0.60167 0.18734
0.60114 0.18566
0.60059 0.18401
0.600020 0.182370
0.599430 0.18076
0.59883 0.179160
0.5982 0.177580
0.59756 0.17602
0.59691 0.17447
0.59623 0.17294
0.59554 0.17142
0.59484 0.16992
0.59411 0.16844
0.59337 0.16698
0.59261 0.16554
0.59183 0.16411
0.59105 0.16269
0.590250 0.16128
0.58945 0.15988
0.58864 0.15849
0.587820 0.1571
0.586990 0.15573
0.58614 0.154370
0.58528 0.15303
0.5844 0.1517
0.58352 0.150380
0.58261 0.14908
0.5817 0.14779
0.58077 0.14651
0.57983 0.14525
0.57888 0.14399
0.57792 0.14275
0.57695 0.141520
0.57597 0.14029
0.57498 0.139080
0.57397 0.13788
0.57296 0.13669
0.57193 0.13551
0.57089 0.13435
0.56983 0.1332
0.56877 0.13207
0.567690 0.13094
0.56659 0.12983
0.56548 0.12874
0.56436 0.12765
0.56323 0.12658
0.56208 0.12553
0.56091 0.12449
0.55974 0.12346
0.55854 0.12245
0.55734 0.12145
0.55612 0.12046
0.5549 0.11948
0.55366 0.11852
0.5524100 0.11756
0.55114 0.11662
0.54986 0.1157
0.54855 0.11481
0.54722 0.11393
0.54586 0.11309
0.54448 0.11227
0.54307 0.11147
0.54163 0.1107
0.54017 0.10995
0.53869 0.10924
0.53716 0.10856
0.53561 0.107910
0.534 0.10731
0.53236 0.10675
0.53066 0.10624
0.528930 0.10577
0.52715 0.105350
0.52533 0.104960
0.52346 0.10462
0.52153 0.10435
0.51952 0.10415
0.51740 0.10407
0.51516 0.10411
0.51278 0.1043
0.510350 0.10463
0.50795 0.1051
0.50569 0.1057
0.50365 0.10643
0.50191 0.10729
0.49951 0.109240
0.498910 0.11029
0.498740 0.11134
0.49902 0.11237
0.49967 0.11338
0.50063 0.11435
0.50179 0.11528
0.503090 0.11618
0.50444 0.11703
0.50583 0.11785
0.507260 0.11862
0.50873 0.11935
0.51023 0.12006
0.51177 0.120730
0.51333 0.12137
0.51492 0.12199
0.51652 0.122580
0.51815 0.12316
0.51978 0.12373
0.52142 0.1243
0.52307 0.12485
0.52472 0.1254
0.52637 0.12596
0.52802 0.12652
0.52966 0.12708
0.53130 0.12765
0.53292 0.12823
0.53454 0.128820
0.53615 0.129410
0.53774 0.13002
0.53933000 0.13064
0.5409 0.13127
0.54247 0.13191
0.54402 0.13256
0.5455600 0.13323
0.547080 0.13391
0.54859 0.1346
0.55009 0.13531
0.55158 0.13603
0.55305 0.136760
0.5545 0.13751
0.55594 0.13827
0.55737 0.13905
0.55878 0.139850
0.56018 0.14066
0.56155 0.141480
0.56292 0.14232
0.56426 0.14318
0.56559 0.14406
0.5669 0.14496
0.56819 0.14586
0.569480 0.14679
0.57074 0.14772
0.572 0.14867
0.57324 0.14963
0.57447 0.150610
0.575680 0.151610
0.57687 0.15262
0.57804 0.15365
0.57919 0.15471
0.58032 0.15579
0.58143 0.15688
0.58251 0.158
0.58358 0.15913
0.58463 0.16029
0.58566 0.16146
0.58667 0.16266
0.58765 0.163880
0.58862 0.16512
0.589560 0.16639
0.59047 0.16767
0.59137 0.16899
0.59224 0.17032
0.59308 0.17168
0.5939 0.17307
0.59469 0.17448
0.59545 0.17592
0.59619 0.17739
0.59689 0.17889
0.59757 0.18042
0.59822 0.18197
0.59884 0.18355
0.59944 0.18516
0.60002 0.18678
0.60058 0.18843
0.60111 0.1901
0.60163 0.19179
0.602120 0.1935
0.602590 0.19524
0.603040 0.197
0.60345 0.19879
0.60383 0.20061
0.60416 0.20249
0.60445 0.20439
0.60469 0.20625
0.60488 0.20798
0.60503 0.20949
0.605150 0.21068
0.60522 0.21149
0.60529 0.21187
*.*.Setup: Ga2.txt as Flap 1, Inverted: y, Scale = 1.0, AoA = 0.0, Reposition from (0,0) = (0, 0)*.*.
*.*.Setup: Ga2.txt as Flap 2, Inverted: y, Scale = 0.4, AoA = 32.0, Reposition from previous T.E. = (0.0067, 0.08), Reposition from (0,0) = (1.0067, 0.0309)*.*.
*.*.Setup: Ga2.txt as Flap 3, Inverted: y, Scale = 0.4, AoA = 45.0, Reposition from previous T.E. = (-0.01, 0.08), Reposition from (0,0) = (1.3463, 0.3062)*.*.
*.*.Setup: Scale Ratio = 0.36839*.*.