0.35975 0.05698
0.35774 0.054750
0.3548 0.0515
0.35134 0.04829
0.3471 0.04512
0.34193 0.04183
0.33566 0.03826
0.32825 0.03438
0.31979 0.030280
0.3105 0.02603
0.30064 0.02174
0.29045 0.0175
0.28008 0.01337
0.26964 0.0094
0.25915 0.0056
0.24863 0.00198
0.23805 -0.00145
0.22735 -0.00472
0.21648 -0.00784
0.2054 -0.01086
0.19407 -0.01382
0.1825 -0.01673
0.17076 -0.01963
0.15894 -0.0225
0.14722 -0.02532
0.13574 -0.02803
0.12471 -0.030530
0.11429 -0.03273
0.10461 -0.03455
0.0956 -0.0359
0.08714 -0.03678
0.0791 -0.03719
0.0714 -0.03713
0.06398 -0.036620
0.05682 -0.03566
0.04992 -0.03427
0.0433 -0.03247
0.03701 -0.03032
0.03114 -0.02788
0.02578 -0.02527
0.02105 -0.022630
0.0170 -0.02006
0.01358 -0.01764
0.010750 -0.01536
0.0084 -0.01324
0.006470 -0.011250
0.00486 -0.00939
0.00354 -0.00764
0.00245 -0.006
0.00158 -0.0044400
0.00089 -0.00297
0.00037 -0.001560
0.000086 -0.00022
-0.00012 0.00109000
0.000005 0.00241
0.00057 0.003630
0.00158 0.0046
0.00292 0.00533
0.00449 0.00592
0.0063 0.006430
0.00839 0.00691
0.01085 0.00738
0.0138 0.00785
0.01739 0.00834
0.02189 0.00887
0.0276 0.00943
0.0348 0.01003
0.04346 0.01062
0.05321 0.01108
0.06370 0.01135
0.074860 0.01144
0.08659 0.01141
0.09870 0.01133
0.11097 0.01123
0.12322 0.01114
0.13533 0.0111
0.147240 0.01112
0.15895 0.01124
0.17046 0.011480
0.181780 0.01186
0.19293 0.01242
0.20392 0.01316
0.21477 0.0141
0.225500 0.01525
0.23611 0.01662
0.24663 0.01822
0.25706 0.02006
0.267410 0.02213
0.27766 0.02444
0.28781 0.02699
0.29781 0.02976
0.30757 0.03272
0.31694 0.03584
0.32572 0.03903
0.33366 0.04221
0.3406 0.04529
0.34651 0.04826
0.35146 0.0511
0.35558 0.05381
0.35975 0.05698
-Inserting Flap s1223rtl-
0.53088 0.15569
0.53011 0.1544
0.52898 0.15253
0.52758 0.15062
0.52581 0.14866
0.52358 0.14655
0.52085 0.1442
0.51758 0.14159
0.513820 0.13877
0.50966 0.1358
0.50523 0.13276
0.50064 0.1297
0.49594 0.12669
0.49119 0.12374
0.48641 0.12087
0.481590 0.1181
0.47672 0.1154
0.47178 0.112780
0.46675 0.110210
0.4616 0.10767
0.45632 0.10514
0.45092 0.1026
0.44543 0.100060
0.43991 0.09752
0.43442 0.095020
0.42905 0.0926
0.42387 0.09032
0.41897 0.08824
0.41439 0.08643
0.4101 0.0849
0.40603 0.08366
0.40212 0.0827
0.39833 0.08199
0.39465 0.08153
0.39104 0.08132
0.38752 0.08135
0.3841 0.0816
0.38081 0.08205
0.37769 0.08269
0.37482 0.08346
0.37224 0.084310
0.37 0.08518
0.3681 0.08604
0.36649 0.08689
0.365140 0.08771
0.364 0.0885
0.36303 0.08926
0.36221 0.08999
0.36152 0.09069
0.36095 0.09137
0.360470 0.09203
0.36008 0.09267
0.35979 0.09330
0.35959 0.09393
0.359520 0.09458
0.35968 0.09524
0.36009 0.09581
0.360670 0.0963
0.36139 0.09674
0.36223 0.09716
0.363210 0.09759
0.36437 0.09806
0.36577 0.09857
0.36749 0.09916
0.36965 0.09984
0.3724 0.10066
0.37587 0.10165
0.38007 0.10276
0.384810 0.10392
0.38993 0.10505
0.39540 0.10616
0.40116 0.107260
0.40711 0.10838
0.41315 0.1095
0.41917 0.11063
0.42511 0.11176
0.43095 0.11291
0.43669 0.11408
0.44232 0.1153
0.44784 0.11657
0.453260 0.1179
0.45858 0.11932
0.46382 0.12081
0.46897 0.1224
0.47405 0.12409
0.47906 0.12588
0.484 0.12777
0.48889 0.12978
0.4937 0.13189
0.49844 0.13411
0.50308 0.13642
0.507580 0.1388
0.51189 0.14123
0.515890 0.14363
0.51949 0.14595
0.5226 0.14813
0.52522 0.15015
0.52738 0.15201
0.529140 0.15374
0.53088 0.15569
-Inserting Flap s1223rtl-
0.66281 0.29778
0.662480 0.29632
0.662 0.29419
0.661270 0.29193
0.6602 0.28952
0.65875 0.28681
0.6569 0.28372
0.654610 0.280220
0.65193 0.27636
0.64892 0.27223
0.64568 0.26795
0.64227 0.2636
0.63877 0.25926
0.6351900 0.25497
0.63155 0.250750
0.62785 0.24659
0.62407 0.24251
0.62021 0.23846
0.61624 0.234440
0.61215 0.2304
0.60793 0.226340
0.60360 0.22224
0.59919 0.2181
0.59475 0.2139500
0.59033 0.20985
0.58599 0.20586
0.58179 0.20207
0.57779 0.19856
0.57401 0.19539
0.57042 0.19259
0.56695 0.19014
0.56354 0.18799
0.560170 0.18613
0.55681 0.18454
0.55346 0.1832
0.55011 0.18212
0.54679 0.18128
0.54352 0.18068
0.54036 0.1803
0.53738 0.18013
0.53468 0.18012
0.53228 0.18025
0.5302 0.18047
0.5284 0.18076
0.52686 0.18112
0.52553 0.18151
0.52437 0.18193
0.52337 0.18237
0.52249 0.18281
0.52173 0.18328
0.52107 0.18375
0.5205 0.18424
0.52002 0.18474
0.51964 0.185270
0.51937 0.18588
0.51931 0.18655
0.51952 0.18722
0.51992 0.18787
0.520460 0.18851
0.52112 0.18917
0.52192 0.1899
0.52288 0.1907
0.52405 0.19163
0.52549 0.19273
0.52732 0.19406
0.529680 0.1957
0.53267 0.19773
0.5363 0.2001
0.54043 0.20269
0.54494 0.20538
0.54979 0.20815
0.55491 0.211010
0.5602 0.21394
0.56558 0.21691
0.57094 0.21987
0.57622 0.222810
0.58141 0.22574
0.58649 0.22866
0.59145 0.23158
0.59629 0.234530
0.60101 0.23750
0.60562 0.24051
0.61012 0.24358
0.61451 0.24671
0.6188 0.24991
0.623 0.25318
0.62709 0.256540
0.6311 0.259980
0.6350 0.26349
0.6388 0.26709
0.64248 0.27074
0.64601 0.27443
0.649330 0.27808
0.65237 0.28162
0.65506 0.284950
0.65733 0.288
0.659170 0.29074
0.66064 0.29319
0.66177 0.29538
0.66281 0.29778
*.*.Setup: s1223rtl.txt as Flap 1, Inverted: y, Scale = 1.0, AoA = 9.0, Reposition from (0,0) = (0, 0)*.*.
*.*.Setup: s1223rtl.txt as Flap 2, Inverted: y, Scale = 0.5, AoA = 20.0, Reposition from previous T.E. = (0.0, 0.1), Reposition from (0,0) = (0.9877, 0.2564)*.*.
*.*.Setup: s1223rtl.txt as Flap 3, Inverted: y, Scale = 0.5, AoA = 38.333333333333336, Reposition from previous T.E. = (-0.03, 0.08), Reposition from (0,0) = (1.4275, 0.5074)*.*.
*.*.Setup: Scale Ratio = 0.36423*.*.