0.37115 -0.03125
0.37034 -0.032020
0.36871 -0.03349
0.36630 -0.03567
0.36324 -0.03839
0.359690 -0.04145
0.35583 -0.04465
0.35181 -0.0478
0.34777 -0.050740
0.34373 -0.05346
0.33971 -0.05599
0.33569 -0.058360
0.33167 -0.060610
0.32766 -0.06277
0.32365 -0.06483
0.31964 -0.06681
0.31564 -0.06872
0.31164 -0.07055
0.30764 -0.07231
0.30364 -0.074
0.29964 -0.07563
0.29565 -0.0772
0.29166 -0.07871
0.28767 -0.08016
0.28369 -0.08156
0.2797 -0.0829
0.27572 -0.08417
0.27174 -0.08538
0.26776 -0.08652
0.26379 -0.08761
0.25981 -0.08864
0.25584 -0.08963
0.25187 -0.09059
0.2479 -0.09152
0.24393 -0.09242
0.23996 -0.09328
0.236 -0.09411
0.23203 -0.09489
0.22807 -0.09561
0.22411 -0.09629
0.22015 -0.09691
0.21619 -0.09749
0.21223 -0.09802
0.20828 -0.09851
0.20432 -0.09896
0.20037 -0.099360
0.196420 -0.09973
0.19247 -0.10006
0.18853 -0.10035
0.18458 -0.10061
0.18063 -0.10082
0.17669 -0.10099
0.17275 -0.10112
0.16881 -0.10120
0.16487 -0.10123
0.16093 -0.10122
0.157 -0.10115
0.15306 -0.10105
0.14913 -0.10089
0.1452 -0.10068
0.14127 -0.10043
0.13734 -0.10012
0.13342 -0.09977
0.12949 -0.09936
0.12557 -0.0989
0.12165 -0.0984
0.11773 -0.09785
0.11382 -0.09727
0.1099 -0.0966500
0.10599 -0.09599
0.10207 -0.09527
0.09816 -0.09448
0.09426 -0.09361
0.09035 -0.09265
0.08645 -0.0916
0.08255 -0.09046
0.07866 -0.089230
0.07477 -0.08791
0.07088 -0.0865
0.06699 -0.08498
0.06311 -0.083350
0.05924 -0.08158
0.05537 -0.07966
0.0515 -0.07758
0.047640 -0.07533
0.04379 -0.07293
0.03994 -0.07038
0.0361 -0.06767
0.03226 -0.06481
0.02843 -0.06173
0.02461 -0.058350
0.0208 -0.05459
0.01701 -0.05037
0.01326 -0.04566
0.00969 -0.04060
0.00643 -0.03537
0.00365 -0.03014
0.00149 -0.02511
7e-05 -0.02044
-0.00044 -0.012640
0.00045 -0.00973
0.0021 -0.00761
0.00448 -0.00634
0.00746 -0.00583
0.0109 -0.00591
0.01463 -0.00646
0.01851 -0.0073
0.02242 -0.008330
0.02631 -0.0095
0.03021 -0.01081
0.03409 -0.01225
0.03798 -0.01382
0.04186 -0.0155
0.04573 -0.01728
0.0496 -0.01914
0.05347 -0.021080
0.05734 -0.02308
0.06121 -0.02512
0.06507 -0.02718
0.06894 -0.02927
0.0728 -0.03137
0.07667 -0.033460
0.08053 -0.03554
0.0844 -0.0376
0.08826 -0.03963
0.09213 -0.04164
0.096 -0.04361
0.09987 -0.04555
0.10374 -0.04746
0.10762 -0.04932
0.11149 -0.05114
0.11536 -0.05293
0.11924 -0.05466
0.12312 -0.05635
0.127 -0.058
0.13088 -0.0596
0.13477 -0.06115
0.13865 -0.062650
0.14254 -0.0641
0.14643 -0.0655
0.15032 -0.06685
0.15421 -0.06814
0.1581 -0.06938
0.162 -0.07056
0.1659 -0.07169
0.1698 -0.07275
0.17370 -0.07375
0.17761 -0.07469
0.18151 -0.07557
0.18542 -0.07640
0.18933 -0.07718
0.19325 -0.07791
0.19716 -0.0786
0.20108 -0.07923
0.20499 -0.07982
0.20891 -0.08034
0.21283 -0.08079
0.21676 -0.08117
0.22069 -0.08147
0.22462 -0.08170
0.22855 -0.08186
0.23248 -0.08195
0.23642 -0.081970
0.24036 -0.0819200
0.24430 -0.08179
0.24825 -0.081590
0.25219 -0.08131
0.25614 -0.08095
0.2601 -0.08051
0.26405 -0.07999
0.26801 -0.07938
0.27197 -0.07868
0.27594 -0.0779
0.27991 -0.07702
0.28388 -0.07605
0.28785 -0.07498
0.29183 -0.0738
0.29582 -0.07252
0.2998 -0.07114
0.3037900 -0.06967
0.30778 -0.0681
0.31178 -0.06644
0.31578 -0.06471
0.31978 -0.0629
0.32378 -0.06101
0.32779 -0.05905
0.33180 -0.05701
0.33581 -0.0549
0.33982 -0.0527
0.34384 -0.05038
0.34786 -0.04792
0.35189 -0.04532
0.3559 -0.04257
0.35975 -0.0398
0.36328 -0.03719
0.36633 -0.03487
0.36873 -0.03303
0.37035 -0.03178
0.37115 -0.03125
-Inserting Flap Ga2-
0.49714 0.05955
0.49701 0.05913
0.49672 0.05829
0.4963 0.05706
0.49576 0.05552
0.49511 0.05376
0.49438 0.05189
0.49358 0.05001
0.49274 0.0482
0.49186 0.04646
0.49094 0.0448
0.48999 0.04319
0.48902 0.04162
0.48804 0.04009
0.48703 0.03859
0.486020 0.03712
0.48498 0.03568
0.48394 0.03426
0.48288 0.03287
0.48181 0.03150
0.480730 0.03016
0.47964 0.028840
0.47853 0.02753
0.47742 0.02625
0.4763 0.024990
0.47516 0.02375
0.47402 0.02253
0.47286 0.02134
0.47169 0.02016
0.47051 0.01901
0.46932 0.017880
0.46812 0.01677
0.46692 0.01566
0.465710 0.01457
0.46449 0.01348
0.46327 0.01241
0.46205 0.01135
0.46081 0.01031
0.45956 0.00929
0.45831 0.00828
0.45705 0.0073
0.45577 0.00633
0.454490 0.00537
0.4532 0.00444
0.451910 0.00351
0.4506 0.0026000
0.44929 0.00171
0.447970 0.00083
0.446650 -4e-05
0.44532 -0.00089
0.44398 -0.00173
0.44263 -0.002560
0.44128 -0.00337
0.43992 -0.00416
0.43854 -0.00494
0.43716 -0.00569
0.43577 -0.00643
0.43438 -0.00716
0.43297 -0.00787
0.43156 -0.00856
0.430130 -0.00923
0.4287 -0.00988
0.42726 -0.01052
0.4258 -0.01114
0.42434 -0.01174
0.42287 -0.01232
0.4214 -0.01289
0.41992 -0.01345
0.41843 -0.01399
0.41693 -0.01452
0.41542 -0.01503
0.4139 -0.01551
0.41236 -0.01596
0.410810 -0.01638
0.40924 -0.01677
0.40766 -0.01713
0.406060 -0.01745
0.40444 -0.01775
0.40280 -0.01801
0.40115 -0.01823
0.39948 -0.018410
0.39778 -0.01854
0.39605 -0.01862
0.39429 -0.01864
0.39251 -0.01861
0.3907 -0.01851
0.38885 -0.01837
0.38699 -0.01817
0.38509 -0.01791
0.38315 -0.01757
0.38116 -0.01713
0.3791 -0.01655
0.37695 -0.01581
0.37473 -0.01489
0.3725 -0.01382
0.37034 -0.01262
0.36836 -0.01133
0.36662 -0.00999
0.36522 -0.00863
0.36353 -0.0060
0.36328 -0.00481
0.36344 -0.00375
0.36403 -0.00284
0.36497 -0.00208
0.36619 -0.001450
0.36761 -0.00091
0.36913 -0.00046
0.370690 -6e-05
0.37228 0.00029
0.3739 0.00059
0.37554 0.00083
0.3772 0.00104
0.37888 0.0012
0.380580 0.00133
0.3823 0.00143
0.38403 0.00150
0.38577 0.001560
0.38752 0.00159
0.38927 0.00162
0.39103 0.0016400
0.39279 0.00165
0.39454 0.00167
0.3963 0.00169
0.39805 0.00172
0.3998 0.00176
0.40154 0.00181
0.40328 0.001870
0.40501 0.00194
0.40673 0.00202
0.40845 0.00212
0.41016 0.00224
0.41186 0.00236
0.41355 0.00251
0.41524 0.00267
0.41691 0.002850
0.41858 0.003040
0.42024 0.00325
0.42189 0.00348
0.42353 0.003720
0.42516 0.00399
0.42679 0.00427
0.4284 0.00457
0.43 0.00490
0.43159 0.005240
0.433180 0.0056
0.43475 0.00599
0.43631 0.00639
0.43785 0.00682
0.43939 0.007270
0.44092 0.0077400
0.44244 0.00822
0.44395 0.008730
0.44545 0.00925
0.44695 0.00978
0.44843 0.01034
0.4499 0.01092
0.45136 0.01152
0.45281 0.01215
0.45424 0.0128
0.45566 0.01348
0.45707 0.01419
0.45846 0.01492
0.45984 0.01568
0.46121 0.01646
0.46256 0.01727
0.4639 0.01811
0.46523 0.01897
0.46654 0.01986
0.46784 0.020780
0.46912 0.02173
0.47039 0.02271
0.47164 0.02372
0.47288 0.02477
0.4741 0.02584
0.4753 0.02695
0.47648 0.0281
0.47764 0.02928
0.47879000 0.0305
0.47992 0.03176
0.48102 0.03305
0.48212 0.03437
0.48319 0.03572
0.48426 0.03711
0.48531 0.038520
0.48634 0.03995
0.48736 0.04142
0.48837 0.04291
0.48936 0.044420
0.49034 0.04597
0.4913 0.04756
0.49223 0.0492
0.49313 0.05089
0.494 0.05263
0.494810 0.05435
0.49554 0.05595
0.49616 0.05735
0.496640 0.05846
0.49696 0.05921
0.49714 0.05955
-Inserting Flap Ga2-
0.59637 0.20841
0.59647 0.20797
0.596660 0.20711
0.59694 0.20584
0.59728 0.204240
0.59764 0.2024
0.59799 0.20043
0.59829 0.1984
0.59851 0.19642
0.59866 0.19448
0.59874 0.19258
0.59877 0.19071
0.59875 0.18887
0.598710 0.18705
0.59863 0.18525
0.59853 0.18346
0.5984 0.18169
0.59824 0.17994
0.59806 0.17820
0.59786 0.17648
0.59763 0.17477
0.5973900 0.17307
0.59712 0.17138
0.59684 0.16971
0.59654 0.16805
0.59621 0.1664
0.59587 0.16476
0.5955 0.16314
0.59511 0.16153
0.5947 0.15993
0.59427 0.158350
0.59383 0.15677
0.59337 0.1552
0.59291 0.15364
0.59244 0.15208
0.59195 0.15053
0.59145 0.14898
0.59094 0.14745
0.59041 0.14593
0.58986 0.144420
0.58929 0.14292
0.58871 0.14143
0.58811 0.13995
0.5875 0.13848
0.58687 0.13702
0.58623 0.13556
0.58557 0.13412
0.58491 0.13268
0.58423 0.13125
0.58353 0.129830
0.582830 0.128410
0.58211 0.12701
0.58137 0.12561
0.580620 0.12423
0.57985 0.12285
0.57906 0.12149
0.57826 0.12013
0.57745 0.11879
0.57661 0.11745
0.57576 0.11613
0.5749 0.11481
0.57401 0.11351
0.57311 0.112210
0.57219 0.11093
0.57126 0.10966
0.57031 0.10839
0.56934 0.10714
0.56836 0.10589
0.567370 0.10465
0.56637 0.10343
0.565340 0.102210
0.56429 0.10101
0.563220 0.099820
0.56211 0.09865
0.56097 0.09751
0.55981 0.09638
0.55861 0.09527
0.55738 0.09417
0.55612 0.0931
0.55482 0.09205
0.55349 0.09103
0.5521 0.09003
0.55067 0.08906
0.549180 0.08813
0.54764 0.08724
0.54604 0.08637
0.544390 0.08554
0.54269 0.08474
0.54094 0.083970
0.53911 0.08325
0.53717 0.08259
0.53511 0.08201
0.5329 0.08153
0.53052 0.08116
0.528050 0.08092
0.52559 0.08083
0.52322 0.080890
0.52105 0.08114
0.51914 0.08157
0.51633 0.08293
0.51549 0.08382
0.51508 0.08482
0.51511 0.08589
0.515530 0.08703
0.51624 0.08821
0.51716 0.08940
0.518230 0.09058
0.51935 0.09174
0.52053 0.09286
0.52176 0.09395
0.52303 0.09502
0.52434 0.09606
0.5257 0.09707
0.52708 0.09807
0.5285 0.09904
0.52994 0.1
0.5314 0.10095
0.53287 0.10189
0.53435 0.10283
0.53585 0.10376
0.53734 0.10469
0.53883 0.10561
0.54032 0.10655
0.5418 0.10748
0.54327 0.10842
0.54474 0.10937
0.54619 0.11032
0.54763 0.11129
0.54906 0.11225
0.55047 0.11323
0.55187 0.11422
0.55326 0.11521
0.55463 0.11621
0.55599 0.11723
0.55733 0.11825
0.558650 0.11928
0.55996 0.120330
0.56125 0.12138
0.56252 0.122440
0.56378 0.12352
0.56502 0.1246
0.56624 0.1257
0.56744 0.12681
0.56862 0.12793
0.56978 0.129060
0.57093 0.13021
0.57205 0.13136
0.57315 0.13254
0.57423 0.133720
0.57529 0.13491
0.57633 0.13612
0.57736 0.13733
0.578370 0.13856
0.579370 0.13979
0.58035 0.14104
0.58131 0.1423
0.58224 0.14357
0.58315 0.14486
0.58403 0.14617
0.58489 0.14749
0.58572 0.14882
0.58653 0.15017
0.58732 0.15154
0.58808 0.152910
0.58882 0.154310
0.58953 0.15572
0.59021 0.157150
0.59087 0.15859
0.5915 0.160050
0.5921 0.16153
0.59267 0.16303
0.59322 0.16454
0.59373 0.16608
0.59421 0.16763
0.59466 0.1692
0.59507 0.1708
0.59545 0.17241
0.59580 0.17405
0.59610 0.175710
0.59638 0.17739
0.59663 0.17909
0.59684 0.1808000
0.59703 0.18253
0.5972 0.18428
0.597330 0.18605
0.59744 0.18783
0.59753 0.18963
0.59759 0.19144
0.59762 0.19327
0.59761 0.19513
0.59755 0.19701
0.59744 0.19893
0.59728 0.200860
0.59708 0.20275
0.59687 0.20449
0.596670 0.20601
0.5965 0.20721
0.59639 0.20802
0.59637 0.20841
*.*.Setup: Ga2.txt as Flap 1, Inverted: y, Scale = 1.0, AoA = -2.0, Reposition from (0,0) = (0, 0)*.*.
*.*.Setup: Ga2.txt as Flap 2, Inverted: y, Scale = 0.4, AoA = 27.0, Reposition from previous T.E. = (-0.0267, 0.08), Reposition from (0,0) = (0.971, -0.004)*.*.
*.*.Setup: Ga2.txt as Flap 3, Inverted: y, Scale = 0.4, AoA = 58.333333333333336, Reposition from previous T.E. = (0.04, 0.07), Reposition from (0,0) = (1.3763, 0.2301)*.*.
*.*.Setup: Scale Ratio = 0.37202*.*.