0.37785 -0.03182
0.37702 -0.032590
0.37537 -0.0341
0.372910 -0.03632
0.36979 -0.03908
0.366180 -0.0422
0.36225 -0.04546
0.35815 -0.04866
0.35404 -0.051650
0.34993 -0.05442
0.34584 -0.057
0.34174 -0.059420
0.33765 -0.061710
0.33357 -0.0639
0.32949 -0.066
0.32541 -0.06802
0.32133 -0.06996
0.31726 -0.07182
0.31319 -0.07361
0.30912 -0.07534
0.30505 -0.07699
0.30099 -0.07859
0.29692 -0.08013
0.29286 -0.08161
0.2888 -0.08303
0.28475 -0.08439
0.28069 -0.08569
0.27664 -0.08692
0.27259 -0.08808
0.26855 -0.08919
0.2645 -0.09024
0.26046 -0.09125
0.25641 -0.09222
0.25237 -0.09317
0.24833 -0.09409
0.24429 -0.09497
0.24025 -0.09581
0.23622 -0.0966
0.23218 -0.09734
0.22815 -0.09802
0.22412 -0.09866
0.22009 -0.09925
0.21606 -0.09979
0.21204 -0.10029
0.20801 -0.10074
0.20399 -0.101160
0.199970 -0.10153
0.19595 -0.10186
0.19193 -0.10216
0.18791 -0.10242
0.18389 -0.10264
0.17988 -0.10282
0.17586 -0.10294
0.17185 -0.103030
0.16784 -0.10306
0.16383 -0.10304
0.15983 -0.10298
0.15582 -0.10287
0.15182 -0.10271
0.14782 -0.1025
0.14382 -0.10224
0.13982 -0.10193
0.13582 -0.10157
0.13183 -0.10115
0.12784 -0.10068
0.12385 -0.10017
0.11986 -0.09962
0.11587 -0.09902
0.11188 -0.0983900
0.1079 -0.09772
0.10391 -0.09698
0.09993 -0.09618
0.09596 -0.09529
0.09198 -0.09432
0.08801 -0.09325
0.08404 -0.09209
0.08008 -0.090830
0.07611 -0.08949
0.07216 -0.08806
0.0682 -0.08651
0.06425 -0.084850
0.0603 -0.08305
0.05636 -0.0811
0.05243 -0.07898
0.04850 -0.07669
0.04458 -0.07425
0.04066 -0.07164
0.03675 -0.06889
0.03284 -0.06598
0.02894 -0.06284
0.02505 -0.05940
0.02118 -0.05557
0.01732 -0.05128
0.0135 -0.04648
0.00986 -0.041330
0.00655 -0.036
0.00371 -0.03069
0.00151 -0.02556
7e-05 -0.02081
-0.00045 -0.012870
0.00046 -0.0099
0.00213 -0.00774
0.00456 -0.00646
0.0076 -0.00593
0.01109 -0.00602
0.0149 -0.00657
0.01885 -0.00743
0.02282 -0.008480
0.02679 -0.00967
0.03075 -0.011
0.03471 -0.01247
0.03866 -0.01407
0.04261 -0.01578
0.04656 -0.01759
0.0505 -0.01949
0.05444 -0.021460
0.05838 -0.02349
0.06231 -0.02557
0.06625 -0.02767
0.07018 -0.0298
0.07412 -0.03193
0.07805 -0.034060
0.08199 -0.03618
0.08592 -0.03827
0.08986 -0.04035
0.09379 -0.04239
0.09773 -0.0444
0.10167 -0.04638
0.10561 -0.04831
0.10956 -0.05021
0.1135 -0.05207
0.11745 -0.05388
0.12139 -0.05565
0.12534 -0.05737
0.12929 -0.05905
0.13324 -0.06067
0.1372 -0.06225
0.14115 -0.063780
0.14511 -0.06526
0.14907 -0.06668
0.15303 -0.06806
0.15699 -0.06937
0.16096 -0.07063
0.16492 -0.07184
0.16889 -0.07298
0.17286 -0.07406
0.176840 -0.07508
0.18081 -0.07604
0.18479 -0.07694
0.18877 -0.077780
0.19275 -0.07857
0.19673 -0.07931
0.20072 -0.08001
0.2047 -0.08066
0.20869 -0.08126
0.21268 -0.08179
0.21667 -0.08225
0.22067 -0.08263
0.22467 -0.08294
0.22867 -0.083180
0.23267 -0.08334
0.23668 -0.08343
0.24068 -0.083450
0.2447 -0.083400
0.248710 -0.08327
0.25272 -0.083060
0.25674 -0.08278
0.26076 -0.08241
0.26479 -0.08196
0.26882 -0.08143
0.27285 -0.08081
0.27688 -0.0801
0.28092 -0.0793
0.28496 -0.07841
0.289 -0.07742
0.29305 -0.07633
0.2971 -0.07514
0.30115 -0.07383
0.30521 -0.07243
0.3092700 -0.07092
0.31334 -0.06933
0.3174 -0.06764
0.32147 -0.06588
0.32555 -0.06404
0.32962 -0.06212
0.3337 -0.06012
0.337780 -0.05804
0.34187 -0.05589
0.34595 -0.05365
0.35004 -0.05129
0.35414 -0.04879
0.35824 -0.04614
0.36232 -0.04334
0.36624 -0.04052
0.36984 -0.03786
0.37294 -0.0355
0.37538 -0.03362
0.37703 -0.03235
0.37785 -0.03182
-Inserting Flap Ga2-
0.50017 0.072450
0.50007 0.0720
0.49985 0.07113
0.49954 0.06985
0.499120 0.068240
0.49862 0.0664
0.49804 0.06443
0.4974 0.06245
0.49671 0.06054
0.49597 0.058710
0.49518 0.05694
0.49437 0.0552200
0.49352 0.05354
0.492660 0.0519
0.49178 0.05029
0.49088 0.04871
0.48996 0.04716
0.48902 0.04563
0.48807 0.04412
0.48711 0.04264
0.48613 0.04118
0.48514 0.03974
0.48414 0.03832
0.48312 0.03693
0.48209 0.03555
0.48105 0.03419
0.48 0.03285
0.47893 0.03154
0.47785 0.03025
0.476750 0.02897
0.47565 0.02772
0.47453 0.02648
0.47341 0.02525
0.472280 0.02404
0.47115 0.02283
0.47 0.02163
0.46885 0.02045
0.467690 0.01928
0.46652 0.018140
0.46533 0.01701
0.46414 0.01589
0.46293 0.0148
0.46172 0.01372
0.4605 0.01265
0.45926 0.0116
0.45802 0.01056
0.45677 0.00954
0.45551 0.00853
0.45425 0.00753
0.45297 0.00655
0.45169 0.00558
0.4504 0.00462
0.4491 0.00368
0.44778 0.00276
0.44646 0.00185
0.44513 0.00096
0.44379 8e-05
0.44243 -0.00078
0.44107 -0.00162
0.4397 -0.00244
0.43831 -0.003250
0.43692 -0.00404
0.43551 -0.00482
0.43409 -0.00557
0.43266 -0.00631
0.431230 -0.00703
0.42978 -0.00774
0.42832 -0.00844
0.42686 -0.00912
0.42539 -0.00979
0.4239 -0.01044
0.4224 -0.01106
0.42089 -0.01166
0.41935 -0.01222
0.41779 -0.01275
0.41622 -0.01326
0.41462 -0.013730
0.41301 -0.01417
0.41137 -0.01458
0.40972 -0.01495
0.40804 -0.01528
0.40632 -0.01557
0.40458 -0.0158
0.4028 -0.01598
0.40099 -0.0161
0.399140 -0.016170
0.39726 -0.01618
0.39535 -0.01614
0.3934 -0.01605
0.3914 -0.01588
0.38934 -0.01561
0.3872 -0.015210
0.38496 -0.01465
0.38263 -0.01391
0.38027 -0.01302
0.37797 -0.01199
0.37585 -0.01086
0.37397 -0.0096600
0.37243 -0.0084
0.37048 -0.00589
0.37012 -0.0047
0.37019 -0.00361
0.37071 -0.00264
0.3716 -0.00179
0.372780 -0.00103
0.37416 -0.00037
0.37566 0.00023
0.37721 0.00078
0.3788 0.00127
0.38041 0.00171
0.38205 0.002110
0.38372 0.00247
0.38541 0.00278
0.38712 0.00306
0.38886 0.00331
0.39060 0.003540
0.39236 0.00375
0.394130 0.00394
0.39591 0.00412
0.397690 0.0043
0.39947 0.00447
0.40125 0.00464
0.40303 0.00482
0.4048 0.00501
0.40657 0.0052
0.408340 0.00540
0.41009 0.00562
0.41184 0.00584
0.41358 0.00608
0.41531 0.006340
0.41704 0.0066
0.41875 0.00688
0.42045 0.007180
0.42215 0.00749
0.42383 0.007820
0.42551 0.00817
0.42717 0.00853
0.42883 0.0089
0.43047 0.0093
0.4321 0.00971
0.43372 0.010140
0.43533 0.01059
0.43693 0.01106
0.43851 0.01155
0.44008 0.01206
0.44164 0.01259
0.44319 0.01314
0.44472 0.01371
0.446240 0.0143
0.44775 0.01491
0.44924 0.01554
0.45073 0.01618
0.45221 0.01684
0.45368 0.017520
0.45513 0.01822
0.45657 0.01893
0.458 0.01967
0.45941 0.02044
0.46081 0.02123
0.46218 0.02205
0.46355 0.02289
0.4649 0.02375
0.46623 0.02464
0.46755 0.02556
0.46885 0.0265
0.47014 0.027470
0.47141 0.02846
0.47266 0.02948
0.47389 0.03053
0.47511 0.03161
0.47631 0.03271
0.47749 0.03385
0.47865 0.03502
0.47979 0.036220
0.4809 0.03745
0.482 0.03872
0.48308 0.04002
0.48413 0.04136
0.48516 0.04273
0.48617 0.04414
0.48716 0.04558
0.48814 0.047050
0.48909 0.04854
0.49003 0.05006
0.490950 0.05161
0.49186 0.05319
0.492750 0.05479
0.49362 0.05641
0.49447 0.05807
0.4953 0.05977
0.4961 0.06152
0.49687 0.06331
0.49759 0.06515
0.49827 0.06696
0.49886 0.06865
0.499360 0.07013
0.49975 0.0713
0.50002 0.07209
0.50017 0.072450
-Inserting Flap Ga2-
0.59618 0.20939
0.59623 0.20894
0.59633 0.20805
0.59646 0.20673
0.59661 0.20507
0.59676 0.20317
0.59688000 0.20113
0.59694 0.19905
0.59693 0.19701
0.59685 0.19503
0.59671 0.19310
0.59652 0.19121
0.59629 0.18935
0.59602 0.18751
0.59573 0.1857
0.59542 0.18391
0.59508 0.182140
0.59471 0.18038
0.59432 0.17864
0.59391 0.17692
0.593490 0.17522
0.59304 0.17353
0.59257 0.17186
0.592080 0.1702
0.59158 0.16856
0.59106 0.16693
0.59051 0.16531
0.58995 0.16372
0.58937 0.16213
0.588760 0.16057
0.58814 0.15902
0.587510 0.15747
0.586860 0.15594
0.58621 0.15441
0.585550 0.15289
0.58488 0.15138
0.58419 0.14988
0.58349 0.1484
0.582770 0.14692
0.58204 0.14546
0.581290 0.14401
0.58052 0.14257
0.579740 0.14114
0.57895 0.139730
0.57814 0.13832
0.57732 0.136930
0.57649 0.13555
0.57564 0.13417
0.57479 0.1328
0.57392 0.13145
0.57304 0.1301
0.57214 0.12877
0.571230 0.12744
0.57031 0.12613
0.56937 0.12483
0.56841 0.12354
0.56744 0.12227
0.56646 0.121
0.56546 0.11975
0.56444 0.11851
0.56341 0.11728
0.56236 0.11607
0.5613 0.11487
0.56022 0.113680
0.55912 0.1125
0.558010 0.111340
0.55689 0.11018
0.55575 0.109040
0.5546 0.1079
0.55344 0.10678
0.55226 0.10567
0.55106 0.10458
0.54983 0.10351
0.548570 0.102460
0.54729 0.101430
0.54597 0.10043
0.54463 0.09945
0.54326 0.09849
0.54186 0.09755
0.540420 0.09664
0.53895 0.095770
0.53743 0.094920
0.53587 0.0941100
0.53425 0.09335
0.53259 0.09262
0.53087 0.09194
0.5291 0.09129
0.52729 0.09069
0.52542 0.09012
0.52349 0.0896
0.521460 0.08917
0.51931 0.08883
0.51701 0.0886
0.51456 0.08851
0.512040 0.08855
0.50953 0.08875
0.50715 0.0891
0.50498 0.08960
0.5031 0.09026
0.50042 0.09198
0.49968 0.09297
0.49938 0.09402
0.49954 0.09511
0.50009 0.09621
0.500950 0.09732
0.50203 0.09841
0.50324 0.09948
0.50452 0.10052
0.50584 0.10151
0.50721 0.10247
0.50862 0.1034
0.51008 0.1043
0.511560 0.10516
0.51308 0.106
0.51463 0.106820
0.51620 0.10763
0.51779 0.10841
0.51939 0.10919
0.521 0.10996
0.52262 0.11072
0.52424 0.11149
0.52585 0.11225
0.52747 0.11302
0.52908 0.11379
0.5306800 0.11456
0.53227 0.11535
0.53385 0.116140
0.53542 0.11694
0.53698 0.11775
0.53852 0.11857
0.54006 0.11941
0.541580 0.1202500
0.54308 0.1211
0.544570 0.12196
0.54605 0.12284
0.54751 0.123730
0.54896 0.12463
0.55039 0.12554
0.5518 0.12646
0.5532 0.1274
0.55458 0.12835
0.55594 0.12932
0.55729 0.1303
0.55861 0.131290
0.55992 0.1323
0.56121 0.13332
0.56248 0.13436
0.56373 0.13541
0.56497 0.136480
0.56618 0.13757
0.56738 0.13866
0.56856 0.13977
0.56973 0.14089
0.57089 0.14202
0.57202 0.14316
0.57314 0.14432
0.57423 0.1455
0.5753 0.1467
0.5763500 0.14791
0.57738 0.14914
0.57838 0.15039
0.579350 0.15166
0.58031 0.15295
0.581240 0.15426
0.58215 0.15558
0.583040 0.15692
0.5839 0.15828
0.58474 0.15967
0.58555 0.161070
0.58633 0.16249
0.58708 0.16394
0.58781 0.16541
0.58851 0.1669
0.58918 0.16841
0.589820 0.16995
0.59043 0.17151
0.591 0.1731
0.591540 0.17471
0.59205 0.176360
0.59253 0.17802
0.5929800 0.17971
0.5934 0.18142
0.59380 0.18315
0.59417 0.1849
0.59451 0.18667
0.59484 0.18845
0.59514 0.19026
0.59541 0.19209
0.595660 0.19394
0.59586 0.19581
0.596030 0.19772
0.59615 0.19967
0.59621 0.20165
0.5962300 0.20358
0.59623 0.20537
0.5962 0.20693
0.59618 0.20816
0.5961600 0.209
0.59618 0.20939
*.*.Setup: Ga2.txt as Flap 1, Inverted: y, Scale = 1.0, AoA = -2.0, Reposition from (0,0) = (0, 0)*.*.
*.*.Setup: Ga2.txt as Flap 2, Inverted: y, Scale = 0.4, AoA = 32.0, Reposition from previous T.E. = (-0.0267, 0.08), Reposition from (0,0) = (0.971, -0.004)*.*.
*.*.Setup: Ga2.txt as Flap 3, Inverted: y, Scale = 0.4, AoA = 51.666666666666664, Reposition from previous T.E. = (-0.01, 0.06), Reposition from (0,0) = (1.3106, 0.2513)*.*.
*.*.Setup: Scale Ratio = 0.37873*.*.