0.37116 -0.03125
0.37034 -0.032020
0.36872 -0.03349
0.36630 -0.03567
0.36324 -0.03839
0.35970 -0.04145
0.35583 -0.04465
0.35181 -0.0478
0.34777 -0.050740
0.34374 -0.05346
0.33971 -0.05599
0.33569 -0.058360
0.33167 -0.060610
0.32766 -0.06277
0.32365 -0.06483
0.31964 -0.06682
0.31564 -0.06872
0.31164 -0.07055
0.30764 -0.07231
0.30364 -0.074
0.29965 -0.07563
0.29565 -0.0772
0.29166 -0.07871
0.28767 -0.08016
0.28369 -0.08156
0.2797 -0.0829
0.27572 -0.08417
0.27174 -0.08538
0.26776 -0.08652
0.26379 -0.08761
0.25981 -0.08864
0.25584 -0.08963
0.25187 -0.09059
0.2479 -0.09152
0.24393 -0.09242
0.23996 -0.09328
0.236 -0.09411
0.23203 -0.09489
0.22807 -0.09561
0.22411 -0.09629
0.22015 -0.09691
0.21619 -0.09749
0.21223 -0.09802
0.20828 -0.09851
0.20433 -0.09896
0.20037 -0.099360
0.196420 -0.09973
0.19247 -0.10006
0.18853 -0.10035
0.18458 -0.10061
0.18063 -0.10082
0.17669 -0.10099
0.17275 -0.10112
0.16881 -0.10120
0.16487 -0.10123
0.16093 -0.10122
0.157 -0.10116
0.15306 -0.10105
0.14913 -0.10089
0.1452 -0.10068
0.14127 -0.10043
0.13734 -0.10012
0.13342 -0.09977
0.12949 -0.09936
0.12557 -0.0989
0.12165 -0.0984
0.11773 -0.09785
0.11382 -0.09727
0.1099 -0.0966500
0.10599 -0.09599
0.10207 -0.09527
0.09816 -0.09448
0.09426 -0.09361
0.09035 -0.09265
0.08645 -0.0916
0.08255 -0.09046
0.07866 -0.089230
0.07477 -0.08791
0.07088 -0.0865
0.06699 -0.08498
0.06311 -0.083350
0.05924 -0.08158
0.05537 -0.07966
0.0515 -0.07758
0.047640 -0.07533
0.04379 -0.07293
0.03994 -0.07038
0.0361 -0.06767
0.03226 -0.06481
0.02843 -0.06173
0.02461 -0.058350
0.0208 -0.05459
0.01701 -0.05037
0.01326 -0.04566
0.00969 -0.04060
0.00643 -0.03537
0.00365 -0.03014
0.00149 -0.02511
7e-05 -0.02044
-0.00044 -0.012640
0.00045 -0.00973
0.0021 -0.00761
0.00448 -0.00634
0.00746 -0.00583
0.0109 -0.00591
0.01463 -0.00646
0.01851 -0.0073
0.02242 -0.008330
0.02631 -0.0095
0.03021 -0.01081
0.03409 -0.01225
0.03798 -0.01382
0.04186 -0.0155
0.04573 -0.01728
0.0496 -0.01914
0.05347 -0.021080
0.05734 -0.02308
0.06121 -0.02512
0.06507 -0.02718
0.06894 -0.02927
0.0728 -0.03137
0.07667 -0.033460
0.08053 -0.03554
0.0844 -0.0376
0.08827 -0.03963
0.09213 -0.04164
0.096 -0.04361
0.09987 -0.04555
0.10374 -0.04746
0.10762 -0.04932
0.11149 -0.05115
0.11537 -0.05293
0.11924 -0.05466
0.12312 -0.05635
0.127 -0.058
0.13088 -0.0596
0.13477 -0.06115
0.13865 -0.062650
0.14254 -0.0641
0.14643 -0.0655
0.15032 -0.06685
0.15421 -0.06814
0.15811 -0.06938
0.162 -0.07056
0.1659 -0.07169
0.1698 -0.07275
0.17370 -0.07375
0.17761 -0.07469
0.18152 -0.07557
0.18542 -0.07640
0.18934 -0.07718
0.19325 -0.07791
0.19716 -0.0786
0.20108 -0.07923
0.20499 -0.07982
0.20891 -0.08034
0.21284 -0.08079
0.21676 -0.08117
0.22069 -0.08147
0.22462 -0.08170
0.22855 -0.08186
0.23248 -0.08195
0.23642 -0.081970
0.24036 -0.0819200
0.24430 -0.08179
0.24825 -0.081590
0.25219 -0.08131
0.25614 -0.08095
0.2601 -0.08051
0.26405 -0.07999
0.26801 -0.07938
0.27197 -0.07868
0.27594 -0.0779
0.27991 -0.07702
0.28388 -0.07605
0.28786 -0.07498
0.29183 -0.0738
0.29582 -0.07252
0.2998 -0.07114
0.3037900 -0.06967
0.30778 -0.0681
0.31178 -0.06645
0.31578 -0.06471
0.31978 -0.0629
0.32378 -0.06101
0.32779 -0.05905
0.33180 -0.05702
0.33581 -0.0549
0.33982 -0.0527
0.34384 -0.05038
0.34787 -0.04792
0.3519 -0.04532
0.3559 -0.04257
0.35975 -0.0398
0.36328 -0.03719
0.36633 -0.03487
0.36873 -0.03303
0.37035 -0.03178
0.37116 -0.03125
-Inserting Flap Ga2-
0.50371 0.071160
0.50361 0.070730
0.5034 0.06987
0.50309 0.06861
0.50268 0.067030
0.50219 0.06522
0.50162 0.06329
0.50099 0.06135
0.50031 0.05947
0.49958 0.057670
0.49881 0.05593
0.49801 0.0542400
0.49718 0.0526
0.49633 0.05098
0.49546 0.0494
0.49458 0.04785
0.49368 0.04632
0.49276 0.04482
0.49183 0.04334
0.49088 0.04189
0.48992 0.04045
0.4889500 0.03904
0.48796 0.03765
0.486960 0.03627
0.48595 0.03492
0.48493 0.03358
0.4839 0.03227
0.48285 0.03098
0.48178 0.02971
0.48071 0.02846
0.47962 0.02723
0.47852 0.02601
0.47742 0.02481
0.47631 0.02361
0.4752 0.02242
0.47408 0.02125
0.47295 0.02009
0.47181 0.01894
0.47065 0.017820
0.46949 0.01671
0.46832 0.01561
0.46713 0.01454
0.46594 0.01347
0.464740 0.01243
0.46353 0.0114
0.46231 0.01038
0.46108 0.00937
0.45984 0.00838
0.45860 0.0074
0.45735 0.00643
0.45609 0.00548
0.45482 0.00454
0.45354 0.00362
0.45225 0.00271
0.45095 0.00182
0.44964 0.00094
0.44832 8e-05
0.447 -0.00076
0.44566 -0.00159
0.44431 -0.0024
0.44295 -0.00320
0.44158 -0.00397
0.44019 -0.00473
0.4388 -0.00547
0.43740 -0.0062
0.43599 -0.00691
0.43457 -0.00761
0.43314 -0.00829
0.4317 -0.00896
0.43025 -0.00962
0.42879 -0.01025
0.42732 -0.01086
0.42583 -0.01145
0.42432 -0.012
0.42279 -0.01253
0.42124 -0.01302
0.41968 -0.013490
0.41809 -0.01392
0.41649 -0.01432
0.41486 -0.01469
0.41321 -0.01501
0.41153 -0.01529
0.40981 -0.01552
0.40807 -0.0157
0.40628 -0.01582
0.40447 -0.015880
0.40262 -0.0159
0.40074 -0.01586
0.39883 -0.01577
0.39687 -0.0156
0.39485 -0.01534
0.39274 -0.014940
0.390540 -0.01439
0.38825 -0.01367
0.38593 -0.01279
0.38368 -0.01178
0.38159 -0.01067
0.37975 -0.0094900
0.37823 -0.00825
0.37632 -0.00578
0.37596 -0.00462
0.37603 -0.00354
0.37654 -0.00259
0.37741 -0.00175
0.37857 -0.00102
0.37993 -0.00036
0.38141 0.00023
0.38293 0.00076
0.38449 0.00125
0.38607 0.00168
0.38768 0.002070
0.38932 0.00242
0.39098 0.00273
0.39267 0.00301
0.39437 0.00326
0.39608 0.003480
0.39781 0.00368
0.39955 0.00387
0.4013 0.00405
0.40304 0.00422
0.40479 0.00439
0.40654 0.00456
0.40829 0.00474
0.41003 0.00492
0.41177 0.00511
0.4135 0.005310
0.415230 0.00552
0.41694 0.00574
0.41865 0.00598
0.42036 0.006220
0.42205 0.00649
0.42373 0.00676
0.4254100 0.007050
0.42707 0.00736
0.42873 0.007680
0.43037 0.00802
0.432 0.00837
0.43363 0.00875
0.43524 0.00913
0.43685 0.00954
0.43844 0.009960
0.44002 0.0104
0.44159 0.01087
0.44314 0.01134
0.44469 0.01184
0.44622 0.01236
0.44774 0.0129
0.449240 0.01347
0.45073 0.01405
0.45222 0.01465
0.45369 0.01527
0.45515 0.0159
0.4566 0.01655
0.45804 0.017210
0.45947 0.01789
0.46088 0.0186
0.46229 0.01932
0.46367 0.02008
0.46504 0.02085
0.4664 0.02166
0.46774 0.02248
0.46906 0.02333
0.470370 0.02421
0.47167 0.02511
0.47295 0.02603
0.47421 0.026980
0.47546 0.02795
0.476680 0.02896
0.4779 0.02999
0.479090 0.03105
0.48027 0.03213
0.48143 0.03325
0.48257 0.0344
0.48369 0.035580
0.48479 0.03679
0.48586 0.03803
0.48692 0.03931
0.48796 0.04063
0.48897 0.04198
0.48996 0.04336
0.49093 0.04477
0.491890 0.046210
0.49283 0.04768
0.493750 0.04918
0.49466 0.0507
0.49554 0.05225
0.49642 0.05382
0.49728 0.05542
0.49811 0.05704
0.49893 0.05871
0.49971 0.06043
0.50047 0.06219
0.50118 0.064
0.50184 0.06578
0.50242 0.06744
0.50292 0.06888
0.5033 0.07003
0.50356 0.07081
0.50371 0.071160
-Inserting Flap Ga2-
0.598020 0.20568
0.59807 0.20523
0.59816 0.20436
0.59829 0.20307
0.598440 0.20144
0.59859 0.19957
0.59871 0.19756
0.5987700 0.19552
0.598760 0.19352
0.59868 0.19158
0.59854 0.189680
0.59835 0.18782
0.59812 0.186
0.59787 0.18419
0.59758 0.18241
0.59727 0.18065
0.59694 0.178910
0.596580 0.17719
0.5962 0.17548
0.59579 0.17379
0.59537 0.17212
0.59493 0.17046
0.59447 0.16882
0.594 0.16719
0.5935 0.16557
0.59299 0.16397
0.59245 0.16238
0.5919 0.16081
0.59133 0.15926
0.59073 0.15772
0.59012 0.1562
0.5895 0.15468
0.58887 0.15318
0.58823 0.15168
0.58758 0.15019
0.58692 0.1487
0.58624 0.14723
0.585550 0.14577
0.58485 0.14432
0.58413 0.14288
0.58339 0.14146
0.58264 0.14004
0.58187 0.13864
0.58109 0.137250
0.5803 0.13587
0.579490 0.13450
0.57867 0.13314
0.577840 0.13179
0.577 0.13045
0.57615 0.12912
0.57528 0.1278
0.57441 0.12649
0.57351 0.12519
0.5726 0.1239
0.57168 0.12262
0.570740 0.12135
0.56979 0.1201
0.56882 0.11886
0.56784 0.11763
0.56684 0.11641
0.56583 0.11521
0.5648 0.11401
0.56375 0.11283
0.56269 0.111670
0.56162 0.11051
0.56052 0.109370
0.55942 0.10823
0.5583 0.107110
0.55718 0.10599
0.55604 0.10489
0.55488 0.1038
0.55369 0.10273
0.55249 0.10167
0.55125 0.100640
0.54999 0.099630
0.5487 0.09865
0.54738 0.09769
0.54603 0.09674
0.544660 0.09583
0.54325 0.09493
0.5418 0.094070
0.54031 0.093240
0.53878 0.0924500
0.537190 0.0917
0.53555 0.09098
0.53387 0.09031
0.53213 0.08968
0.53035 0.08908
0.52852 0.08852
0.52662 0.08802
0.52462 0.08759
0.52251 0.08725
0.52025 0.08703
0.51784 0.08694
0.51537 0.08699
0.51291 0.08718
0.51056 0.08752
0.50843 0.088010
0.50659 0.08866
0.50396 0.09035
0.50323 0.09132
0.50294 0.09236
0.50309 0.09343
0.50363 0.09451
0.50448 0.0956
0.50554 0.09667
0.50673 0.09772
0.507980 0.09874
0.50928 0.09971
0.51063 0.10066
0.51201 0.10157
0.51344 0.10245
0.5149 0.1033
0.51639 0.10413
0.51791 0.104930
0.51945 0.10572
0.52101 0.10649
0.52259 0.10726
0.52417 0.10801
0.52576 0.10876
0.52735 0.10951
0.5289400 0.11026
0.53052 0.11101
0.5321 0.11177
0.53368 0.11254
0.53524 0.11331
0.53679 0.114080
0.53834 0.11487
0.53987 0.11567
0.54138 0.11647
0.54289 0.11729
0.54438 0.1181200
0.54586 0.11895
0.54733 0.1198
0.54878 0.12066
0.55021 0.121540
0.55163 0.12242
0.55304 0.12332
0.55442 0.12422
0.5558 0.12515
0.55715 0.12608
0.55849 0.12703
0.55981 0.12799
0.5611200 0.128960
0.5624 0.12995
0.56367 0.13096
0.56492 0.13198
0.56615 0.13301
0.56736 0.134070
0.56855 0.13513
0.56973 0.1362
0.57089 0.13729
0.57204 0.13839
0.57317 0.1395
0.57429 0.14062
0.575390 0.14176
0.57646 0.14292
0.57751 0.1441
0.57854 0.14529
0.57955 0.1465
0.580530 0.14773
0.58149 0.14898
0.58243 0.15024
0.58335 0.15152
0.58424 0.15282
0.58511 0.15414
0.58596 0.15548
0.58678 0.15684
0.58757 0.158220
0.58834 0.15962
0.58908 0.16104
0.58980 0.16248
0.59048 0.16394
0.59114 0.16543
0.59177 0.16694
0.59237 0.16847
0.59293 0.17003
0.59346 0.17162
0.59396 0.173230
0.59443 0.17487
0.59487 0.17652
0.59529 0.1782
0.59568 0.1799
0.59604 0.18162
0.596380 0.18336
0.5967 0.18511
0.59699 0.18689
0.59726 0.18868
0.5975 0.1905
0.59771 0.19234
0.59787 0.19422
0.59799 0.19614
0.59805 0.19808
0.59807 0.19998
0.59807 0.20173
0.59804 0.20326
0.59802 0.20448
0.598 0.20529
0.598020 0.20568
*.*.Setup: Ga2.txt as Flap 1, Inverted: y, Scale = 1.0, AoA = -2.0, Reposition from (0,0) = (0, 0)*.*.
*.*.Setup: Ga2.txt as Flap 2, Inverted: y, Scale = 0.4, AoA = 32.0, Reposition from previous T.E. = (0.0067, 0.08), Reposition from (0,0) = (1.0043, -0.004)*.*.
*.*.Setup: Ga2.txt as Flap 3, Inverted: y, Scale = 0.4, AoA = 51.666666666666664, Reposition from previous T.E. = (-0.01, 0.06), Reposition from (0,0) = (1.344, 0.2513)*.*.
*.*.Setup: Scale Ratio = 0.37202*.*.