0.36449 0.03831
0.362350 0.03618
0.35924 0.03307
0.35558 0.03002
0.35116 0.02706
0.345790 0.024020
0.33931 0.02076
0.33165 0.01727
0.322930 0.01358
0.313370 0.0098
0.30325 0.00601
0.29278 0.00229
0.282140 -0.001310
0.27144 -0.00476
0.26071 -0.00802
0.24994 -0.01110
0.23913 -0.01399
0.2282 -0.01671
0.2171200 -0.01928
0.20582 -0.02173
0.19428 -0.0241
0.1825 -0.02642
0.17055 -0.02872
0.15853 -0.030980
0.1466 -0.0332
0.13493 -0.03531
0.12371 -0.03724
0.11312 -0.03891
0.10329 -0.04022
0.09417 -0.04111
0.08562 -0.04155
0.07752 -0.04154
0.06979 -0.04107
0.06236 -0.04016
0.05522 -0.03882
0.04836 -0.03706
0.04180 -0.03491
0.0356 -0.03241
0.02982 -0.02965
0.02458 -0.02675
0.01997 -0.023840
0.01602 -0.02105
0.01272 -0.01844
0.00999 -0.01601
0.00775 -0.01374
0.00590 -0.01164
0.00439 -0.009690
0.00315 -0.00786
0.00215 -0.00616
0.00135 -0.004550
0.00073 -0.00303
0.00029 -0.00159
0.000055 -0.00022
-6e-05 0.0011
0.00013 0.00242
0.00076 0.00362
0.00183 0.00454
0.003210 0.00521
0.00482 0.005710
0.00667 0.00613
0.0088 0.0065
0.0113 0.00684
0.01428 0.00716
0.01792 0.00747
0.02246 0.007760
0.02823 0.00803
0.0355 0.00825
0.04423 0.008380
0.05405 0.00834
0.06461 0.00805
0.07583 0.00755
0.08761 0.0069
0.09977 0.00619
0.1121 0.00544
0.12441 0.00471
0.136570 0.00402
0.14854 0.00342
0.160310 0.00292
0.17189 0.00256
0.18329 0.00235
0.194520 0.00232
0.2056 0.00248
0.21655 0.00286
0.22739 0.00345
0.23813 0.00427
0.24879 0.00532
0.25937 0.00662
0.26987 0.00816
0.2803 0.00994
0.29063 0.01196
0.30082 0.014220
0.31078 0.01668
0.32037 0.01932
0.32935 0.02206
0.3375 0.02484
0.344640 0.02758
0.35073 0.03025
0.35586 0.03284
0.36014 0.035350
0.36449 0.03831
-Inserting Flap s1223rtl-
0.54402 0.11931
0.54324 0.118020
0.54211 0.11613
0.5407 0.11421
0.53892 0.11224
0.53668 0.11012
0.53393 0.10775000
0.530640 0.10513
0.52685 0.10229
0.52267 0.0993
0.51822 0.09623
0.51359 0.09316
0.50887 0.09013
0.50409 0.08716
0.49928 0.08428
0.49443 0.08148
0.48953 0.07877
0.48456 0.07613
0.47949 0.07354
0.47431 0.070990
0.46899 0.06844
0.46356 0.06589
0.458040 0.06333
0.45248 0.06078
0.44696 0.05826
0.44156 0.055830
0.43635 0.05353
0.43141 0.05144
0.42680 0.04962
0.42249 0.04808
0.41839 0.04683
0.414460 0.04586
0.41065 0.04515
0.406940 0.04469
0.40331 0.04448
0.399770 0.0445
0.396330 0.04475
0.39302 0.04522
0.38988 0.045860
0.38698 0.04663
0.38440 0.04748
0.38214 0.04836
0.38023 0.049230
0.37861 0.05008
0.37725 0.0509
0.37610 0.0517
0.37513 0.05247
0.37431 0.0532
0.37361 0.053910
0.373030 0.05459
0.37255 0.055250
0.37216 0.05590
0.37186 0.05653
0.37166 0.05716
0.37159 0.05782
0.37176 0.05848
0.37217 0.05906
0.37275 0.05955
0.37347 0.05999
0.37432 0.06042
0.37531 0.06085
0.37648 0.06132
0.37789 0.06184
0.37961 0.06243
0.38178 0.06312
0.38455 0.06394
0.388050 0.06493
0.39227 0.06605
0.39704 0.0672200
0.4022 0.068360
0.4077 0.06947
0.41349 0.07058
0.419480 0.07171
0.42555 0.07284
0.431610 0.07397
0.43759 0.07511
0.44347 0.07626
0.44925 0.07744
0.45491 0.07867
0.46046 0.079950
0.46591 0.08129
0.47127 0.08271
0.47654 0.08422
0.481730 0.08581
0.48684 0.087510
0.49188 0.08931
0.49686 0.09122
0.50177 0.09324
0.506610 0.09536
0.51138 0.09759
0.516050 0.099920
0.52058 0.10232
0.524910 0.10476
0.52894 0.10718
0.53256 0.10951
0.53569 0.1117
0.538320 0.11373
0.5405 0.115610
0.54227 0.11735
0.54402 0.11931
-Inserting Flap s1223rtl-
0.65845 0.26229
0.65812 0.26082
0.65763 0.25867
0.6569 0.2564
0.65583 0.25397
0.654370 0.25125
0.6525 0.24814
0.6502 0.24462
0.64750 0.24073
0.644480 0.23657
0.64121 0.23227
0.63779 0.2279
0.634250 0.22353
0.63065 0.21921
0.62699 0.21496
0.62327 0.21078
0.61947 0.206670
0.61558 0.2026
0.61159 0.19855
0.60747 0.19449
0.60323 0.1904
0.59887 0.18627
0.59444 0.182110
0.58996 0.17793
0.58552 0.17381
0.58115 0.1698
0.57693 0.16598
0.5729 0.16244
0.5691 0.15926
0.56548 0.15645
0.56199 0.15397
0.55856 0.15181
0.55517 0.14994
0.55179 0.14834
0.548420 0.147
0.54505 0.14591
0.5417 0.14506
0.53841 0.14446
0.53523 0.14408
0.53224 0.1439
0.52952 0.14390
0.5271 0.14402
0.52501 0.14424
0.52321 0.14454
0.52165 0.1449
0.52031 0.14529
0.51915 0.14571
0.518140 0.14615
0.51726 0.14661
0.51649 0.147070
0.51583 0.14755
0.51525 0.14804
0.51477 0.1485400
0.51438 0.14908
0.514110 0.14969
0.51406 0.15036
0.51427 0.15104
0.51467 0.15169
0.51521 0.15233
0.51588 0.1530
0.51668 0.15373
0.51765 0.15454
0.5188200 0.15547
0.520280 0.156580
0.52212 0.15792
0.52449 0.15957
0.5275 0.16161
0.53115 0.164
0.53531 0.16661
0.53985 0.16931
0.54472 0.1721
0.54987 0.17498
0.5552 0.17793
0.56061 0.180910
0.5660 0.18389
0.57132 0.18685
0.57654 0.18980
0.58165 0.19274
0.58664 0.19568
0.59151 0.19864
0.5962600 0.20163
0.6009 0.204660
0.605430 0.20775
0.60985 0.2109
0.61417 0.21412
0.61839 0.21741
0.62251 0.22079
0.62654 0.22425
0.63047 0.22779
0.63429 0.23141
0.63799 0.23508
0.641540 0.23879
0.64488 0.24247
0.64795 0.24603
0.65065 0.24938
0.65293 0.25245
0.65479 0.2552
0.65626 0.257670
0.6574 0.25987
0.65845 0.26229
*.*.Setup: s1223rtl.txt as Flap 1, Inverted: y, Scale = 1.0, AoA = 6.0, Reposition from (0,0) = (0, 0)*.*.
*.*.Setup: s1223rtl.txt as Flap 2, Inverted: y, Scale = 0.5, AoA = 20.0, Reposition from previous T.E. = (0.02, 0.05), Reposition from (0,0) = (1.0145, 0.1545)*.*.
*.*.Setup: s1223rtl.txt as Flap 3, Inverted: y, Scale = 0.5, AoA = 38.333333333333336, Reposition from previous T.E. = (-0.08, 0.08), Reposition from (0,0) = (1.4044, 0.4055)*.*.
*.*.Setup: Scale Ratio = 0.3665*.*.