0.36771 0.03865
0.365550 0.0365
0.3624 0.03336
0.35872 0.03028
0.35426 0.0273
0.348840 0.024240
0.3423 0.02095
0.33458 0.01742
0.325780 0.0137
0.316140 0.00989
0.30592 0.00607
0.29536 0.00231
0.284630 -0.001320
0.27383 -0.0048
0.263 -0.0081
0.25215 -0.01120
0.24123 -0.01412
0.23021 -0.01686
0.2190300 -0.01945
0.20763 -0.02192
0.19599 -0.02431
0.18411 -0.02666
0.17205 -0.02897
0.15993 -0.031260
0.14789 -0.03349
0.13612 -0.03562
0.1248 -0.03757
0.11412 -0.03925
0.1042 -0.04058
0.095 -0.04147
0.08638 -0.04192
0.07821 -0.0419
0.0704 -0.04143
0.06291 -0.04052
0.05571 -0.03916
0.04879 -0.03739
0.042170 -0.03522
0.03591 -0.0327
0.03008 -0.02991
0.02479 -0.02699
0.02014 -0.024050
0.01616 -0.02124
0.01283 -0.0186
0.01008 -0.01615
0.00782 -0.01387
0.005960 -0.01175
0.00443 -0.009770
0.00318 -0.00793
0.00217 -0.00621
0.00136 -0.004590
0.00074 -0.00306
0.00029 -0.0016
0.000055 -0.00022
-7e-05 0.00111
0.00013 0.00244
0.00077 0.00365
0.00185 0.00458
0.003240 0.00525
0.00486 0.005760
0.00672 0.00619
0.00888 0.00656
0.0114 0.0069
0.0144 0.00723
0.01807 0.00753
0.02266 0.007830
0.02848 0.0081
0.03581 0.00832
0.04462 0.008460
0.05452 0.00841
0.06518 0.00812
0.07649 0.00762
0.08838 0.00697
0.10065 0.00624
0.11309 0.00549
0.12551 0.00475
0.137770 0.00406
0.14985 0.00345
0.161730 0.00295
0.17341 0.00258
0.1849 0.00237
0.196230 0.00234
0.20741 0.00251
0.21846 0.00288
0.2294 0.00348
0.24023 0.0043
0.25098 0.00537
0.26165 0.00667
0.27225 0.00823
0.28277 0.01003
0.29319 0.01207
0.30347 0.014340
0.31352 0.01683
0.32319 0.01949
0.33226 0.02226
0.34048 0.02506
0.347680 0.02782
0.35382 0.03051
0.35899 0.03313
0.36332 0.035660
0.36771 0.03865
-Inserting Flap s1223rtl-
0.54265 0.15375
0.54198 0.15238
0.541 0.15039
0.53976 0.14833
0.53814 0.1462
0.53608 0.14386
0.53352 0.14124
0.53044 0.13832
0.52689 0.13513
0.52295 0.13176
0.51874 0.12829
0.51436 0.12479
0.50988 0.12133
0.505340 0.11793
0.50076 0.11461
0.49613 0.11137
0.491450 0.10822
0.48668 0.105130
0.48182 0.10208
0.47683 0.09906
0.47172 0.096030
0.46648 0.09299
0.46116 0.08993
0.4558 0.08688
0.45047 0.08386
0.44525 0.080940
0.44022 0.07817
0.43544 0.07564
0.43097 0.0734
0.42677 0.07148
0.42276 0.06987
0.4189 0.06854
0.41513 0.06749
0.41144 0.066710
0.40782 0.06617
0.40425 0.0658900
0.400770 0.06584
0.3974 0.06601
0.39419 0.06638
0.39122 0.06690
0.38854 0.06753
0.3862 0.06821
0.38420 0.06892
0.3825 0.06963
0.381060 0.070340
0.37983 0.07104
0.37879 0.07172
0.3779 0.07239
0.37714 0.07304
0.37649 0.07367
0.37595 0.0743
0.3755 0.07491
0.37515 0.07552
0.37489 0.07614
0.37477 0.0768
0.37487 0.077470
0.37523 0.07809
0.37578 0.07863
0.3764600 0.07914
0.37728 0.07964
0.37823 0.080170
0.37937 0.08074
0.38074 0.08138
0.38242 0.082130
0.38454 0.08301
0.38725 0.08408
0.39068 0.08539
0.39482 0.08688
0.39951 0.08847
0.40459 0.090070
0.41003 0.09167
0.41575 0.0933
0.42167 0.09496
0.427680 0.096630
0.43366 0.0983
0.43957 0.09997
0.44538 0.10164
0.45108 0.10334
0.45666 0.10507
0.46213 0.10684
0.46749 0.10867
0.47275 0.11057
0.477910 0.11255
0.48299 0.11461
0.4879700 0.1167600
0.49288 0.11901
0.49772 0.12137
0.50247 0.12383
0.50715 0.12639
0.51175 0.12905
0.516240 0.1318
0.52058 0.13461
0.52472 0.13745
0.52856 0.14023
0.53199 0.14289
0.53494 0.14537
0.53741 0.14764
0.53943 0.14972
0.54106 0.151620
0.54265 0.15375
-Inserting Flap s1223rtl-
0.65808 0.29244
0.65775 0.29096
0.65726 0.28879
0.65652 0.2865
0.65544 0.28405
0.65397 0.28131
0.65208 0.27817
0.64976 0.27461
0.64704 0.27069
0.64399 0.2665
0.64069 0.26215
0.63724 0.257750
0.63368 0.25334
0.63004 0.248980
0.62635 0.24469
0.62259 0.24048
0.618760 0.23633
0.61484 0.23222
0.61081 0.22814
0.60665 0.22405
0.60238 0.21992
0.59798 0.21576
0.59351 0.21155
0.58899 0.20734
0.58451 0.20318
0.5801 0.19913
0.57584 0.19528
0.57178 0.19172
0.56795 0.18851
0.5643 0.18567
0.56077 0.18317
0.55732 0.18099
0.5539 0.17911
0.55049 0.17749
0.54708 0.176130
0.54368 0.17503
0.54031 0.17418
0.53699 0.17357
0.53378 0.17319
0.53076 0.17301
0.52801 0.17301
0.52558 0.17313
0.52347 0.17336
0.52165 0.17366
0.52008 0.17401
0.51873 0.17441
0.51756 0.17484
0.51654 0.17528
0.51565 0.17574
0.514870 0.17621
0.5142 0.176690
0.51362 0.17718
0.513140 0.17769
0.51275 0.17824
0.51247 0.17885
0.51242 0.179530
0.51263 0.18021
0.51304 0.18087
0.51358 0.181520
0.51426 0.18219
0.51507 0.182930
0.51604 0.18374
0.51722 0.18469
0.51869 0.1858
0.52055 0.187150
0.52294 0.18882
0.52597 0.190880
0.52966 0.19329
0.53386 0.19592
0.53843 0.198640
0.54335 0.20146
0.54855 0.20436
0.553920 0.207340
0.559380 0.21034
0.56482 0.21335
0.57019 0.21634
0.57546 0.21931
0.580610 0.22228
0.58564 0.22524
0.59055 0.22823
0.59535 0.23125
0.60003 0.234310
0.6046 0.23742
0.60906 0.2406
0.61341 0.24384
0.61767 0.24717
0.62183 0.25057
0.62589 0.25406
0.62985 0.25764
0.63371 0.26129
0.63744 0.2650
0.64103 0.26873
0.6444 0.27244
0.647490 0.27604
0.6502100 0.27942
0.65252 0.28251
0.65439 0.28529
0.65588 0.287780
0.65703 0.29001
0.65808 0.29244
*.*.Setup: s1223rtl.txt as Flap 1, Inverted: y, Scale = 1.0, AoA = 6.0, Reposition from (0,0) = (0, 0)*.*.
*.*.Setup: s1223rtl.txt as Flap 2, Inverted: y, Scale = 0.5, AoA = 25.0, Reposition from previous T.E. = (0.02, 0.1), Reposition from (0,0) = (1.0145, 0.2045)*.*.
*.*.Setup: s1223rtl.txt as Flap 3, Inverted: y, Scale = 0.5, AoA = 38.333333333333336, Reposition from previous T.E. = (-0.08, 0.065), Reposition from (0,0) = (1.3877, 0.4808)*.*.
*.*.Setup: Scale Ratio = 0.36973*.*.