0.37765 -0.0318
0.37682 -0.032580
0.37517 -0.03408
0.372710 -0.0363
0.3696 -0.03906
0.365990 -0.04217
0.36206 -0.04543
0.35796 -0.04864
0.35385 -0.051630
0.34975 -0.05439
0.34565 -0.05697
0.34156 -0.059380
0.33748 -0.061670
0.33339 -0.06387
0.32931 -0.06597
0.32523 -0.06798
0.32116 -0.06992
0.31709 -0.07178
0.31302 -0.07357
0.30895 -0.0753
0.30489 -0.07695
0.30083 -0.07855
0.29677 -0.08009
0.29271 -0.08157
0.28865 -0.08299
0.2846 -0.08435
0.28055 -0.08564
0.2765 -0.08687
0.27245 -0.08804
0.2684 -0.08914
0.26436 -0.09019
0.26032 -0.0912
0.25628 -0.09217
0.25224 -0.09312
0.2482 -0.09404
0.24416 -0.09492
0.24013 -0.09576
0.23609 -0.09655
0.23206 -0.09729
0.22803 -0.09797
0.224 -0.09861
0.21997 -0.0992
0.21595 -0.09974
0.21192 -0.10023
0.2079 -0.10069
0.20388 -0.10110
0.199860 -0.10148
0.19584 -0.10181
0.19182 -0.10211
0.18781 -0.10237
0.18379 -0.10259
0.17978 -0.10276
0.17577 -0.10289
0.17176 -0.102970
0.16775 -0.103
0.16375 -0.10299
0.15974 -0.10293
0.15574 -0.10281
0.15174 -0.10265
0.14774 -0.10244
0.14374 -0.10219
0.13975 -0.10187
0.13575 -0.10151
0.13176 -0.1011
0.12777 -0.10063
0.12378 -0.10012
0.11979 -0.09956
0.11581 -0.09897
0.11182 -0.0983400
0.10784 -0.09767
0.10386 -0.09693
0.09988 -0.09613
0.09591 -0.09524
0.09193 -0.09427
0.08796 -0.0932
0.084 -0.09204
0.08003 -0.090790
0.07607 -0.08944
0.07212 -0.08801
0.06816 -0.08647
0.06422 -0.084810
0.06027 -0.08301
0.05633 -0.08105
0.0524 -0.07893
0.048470 -0.07665
0.04455 -0.07421
0.04064 -0.07161
0.03673 -0.06886
0.03282 -0.06595
0.02892 -0.06281
0.02504 -0.059370
0.02117 -0.05554
0.01731 -0.05125
0.0135 -0.04646
0.00986 -0.041310
0.00654 -0.03598
0.00371 -0.03067
0.00151 -0.02555
7e-05 -0.0208
-0.00045 -0.012870
0.00046 -0.0099
0.00213 -0.00774
0.00456 -0.00645
0.00759 -0.00593
0.01109 -0.00602
0.01489 -0.00657
0.01884 -0.00743
0.02281 -0.008470
0.02677 -0.00966
0.03073 -0.011
0.03469 -0.01246
0.03864 -0.01406
0.04259 -0.01577
0.04653 -0.01758
0.05047 -0.01948
0.05441 -0.021450
0.05834 -0.02348
0.06228 -0.02555
0.06621 -0.02766
0.07014 -0.02978
0.07408 -0.03192
0.07801 -0.034040
0.08194 -0.03616
0.08588 -0.03825
0.08981 -0.04032
0.09374 -0.04237
0.09768 -0.04438
0.10162 -0.04635
0.10556 -0.04829
0.1095 -0.05018
0.11344 -0.05204
0.11738 -0.05385
0.12133 -0.05562
0.12528 -0.05734
0.12922 -0.05902
0.13317 -0.06064
0.13712 -0.06222
0.14108 -0.063750
0.14503 -0.06522
0.14899 -0.06665
0.15295 -0.06802
0.15691 -0.06934
0.16087 -0.0706
0.16484 -0.0718
0.1688 -0.07294
0.17277 -0.07402
0.176740 -0.07504
0.18072 -0.076
0.18469 -0.0769
0.18867 -0.077740
0.19265 -0.07853
0.19663 -0.07927
0.20061 -0.07997
0.20459 -0.08062
0.20858 -0.08121
0.21257 -0.08174
0.21656 -0.0822
0.22055 -0.08259
0.22455 -0.0829
0.22855 -0.083130
0.23255 -0.0833
0.23655 -0.08339
0.24056 -0.083410
0.24457 -0.0833500
0.248580 -0.08322
0.25259 -0.083020
0.25661 -0.08273
0.26063 -0.08237
0.26465 -0.08192
0.26867 -0.08139
0.2727 -0.08077
0.27673 -0.08006
0.28077 -0.07926
0.28481 -0.07837
0.28885 -0.07738
0.29289 -0.07629
0.29694 -0.0751
0.30099 -0.07379
0.30505 -0.07239
0.3091100 -0.07088
0.31317 -0.06929
0.31723 -0.06761
0.3213 -0.06584
0.32537 -0.064
0.32945 -0.06208
0.33352 -0.06009
0.33760 -0.05801
0.34168 -0.05586
0.34577 -0.05362
0.34986 -0.05126
0.35395 -0.04876
0.35805 -0.04611
0.36213 -0.04331
0.36605 -0.0405
0.36964 -0.03784
0.37274 -0.03548
0.37518 -0.0336
0.37683 -0.03234
0.37765 -0.0318
-Inserting Flap Ga2-
0.50584 0.05302
0.5057 0.05259
0.50542 0.05174
0.50499 0.05049
0.50443 0.04892
0.50377 0.04713
0.50303 0.04523
0.50222 0.04331
0.50136 0.04147
0.50046 0.03971
0.49953 0.03801
0.49857 0.03637
0.49758 0.03478
0.49658 0.03322
0.49556 0.0317
0.494520 0.0302
0.49347 0.02873
0.49241 0.02729
0.49133 0.02587
0.49024 0.024480
0.489140 0.02312
0.48803 0.021770
0.48691 0.02044
0.48578 0.01914
0.48463 0.017860
0.48348 0.01659
0.48231 0.01535
0.48113 0.01414
0.47994 0.01295
0.47874 0.01178
0.47753 0.010630
0.47631 0.00949
0.47509 0.00836
0.473860 0.00725
0.47262 0.00615
0.47138 0.00505
0.47013 0.00398
0.46887 0.00292
0.46761 0.00188
0.46633 0.00086
0.46504 -0.00015
0.46375 -0.00113
0.462450 -0.0021
0.46113 -0.00306
0.459820 -0.004
0.45849 -0.00492000
0.45715 -0.00583
0.455810 -0.00673
0.454470 -0.00761
0.45311 -0.00848
0.45175 -0.00934
0.45038 -0.010170
0.449 -0.011
0.44761 -0.0118
0.44622 -0.01259
0.44481 -0.01336
0.4434 -0.01412
0.44198 -0.01486
0.44055 -0.01558
0.43911 -0.01628
0.437660 -0.01696
0.4362 -0.01763
0.43473 -0.01828
0.43326 -0.0189
0.43177 -0.01952
0.43028 -0.02011
0.42877 -0.02069
0.42726 -0.02125
0.42575 -0.02181
0.42422 -0.02234
0.42269 -0.02286
0.42114 -0.02335
0.41958 -0.02381
0.4180 -0.02424
0.4164 -0.02464
0.41479 -0.025
0.413160 -0.02533
0.41152 -0.02563
0.409850 -0.02589
0.40817 -0.02612
0.40647 -0.02630
0.40474 -0.02644
0.40298 -0.02652
0.4012 -0.02654
0.39938 -0.0265
0.39753 -0.02641
0.39566 -0.02626
0.39376 -0.02606
0.39183 -0.02579
0.38986 -0.02545
0.38783 -0.025
0.38573 -0.02441
0.38355 -0.02366
0.38129 -0.02272
0.37901 -0.02163
0.37682 -0.02041
0.3748 -0.0191
0.37304 -0.01773
0.37162 -0.01635
0.36989 -0.013680
0.36963 -0.01246
0.3698 -0.01138
0.3704 -0.01046
0.37136 -0.00969
0.3726 -0.009040
0.37404 -0.0085
0.37559 -0.00803
0.377180 -0.00763
0.3788 -0.00728
0.38044 -0.00698
0.38211 -0.00672
0.3838 -0.00651
0.38551 -0.00635
0.387240 -0.00621
0.38899 -0.00612
0.39075 -0.006040
0.39252 -0.005990
0.3943 -0.00595
0.39608 -0.00592
0.39787 -0.0059100
0.39966 -0.00589
0.40145 -0.00587
0.40324 -0.00585
0.40502 -0.00582
0.4068 -0.00578
0.40857 -0.00573
0.41034 -0.005670
0.4121 -0.0056
0.41385 -0.00551
0.4156 -0.00541
0.41733 -0.0053
0.41907 -0.00516
0.42079 -0.00502
0.4225 -0.00485
0.42421 -0.004670
0.42591 -0.004480
0.42759 -0.00426
0.42927 -0.00403
0.43094 -0.003780
0.4326 -0.00351
0.43426 -0.00322
0.4359 -0.00292
0.43753 -0.002590
0.43915 -0.002240
0.440760 -0.00187
0.44235 -0.00148
0.44394 -0.00107
0.44552 -0.00063
0.44708 -0.000170
0.44864 0.000300
0.45018 0.0008
0.45172 0.001310
0.45325 0.00184
0.45477 0.00238
0.45628 0.00295
0.45777 0.00354
0.45926 0.00415
0.46073 0.00479
0.46219 0.00546
0.46363 0.00615
0.46506 0.00687
0.46648 0.00761
0.46789 0.00838
0.46928 0.00918
0.47066 0.01
0.47202 0.01085
0.47337 0.01173
0.47471 0.01264
0.47603 0.013570
0.47733 0.01454
0.47862 0.01554
0.4799 0.01657
0.48115 0.01763
0.48239 0.01873
0.48361 0.01986
0.48482 0.02102
0.486 0.02222
0.48717000 0.02347
0.48831 0.02474
0.48944 0.02606
0.49055 0.0274
0.49165 0.02878
0.49273 0.03018
0.4938 0.031620
0.49485 0.03308
0.49589 0.03457
0.49692 0.03609
0.49793 0.037630
0.49892 0.03921
0.49989 0.04083
0.50084 0.04249
0.50176 0.04421
0.50265 0.04598
0.503470 0.04773
0.50421 0.04936
0.50484 0.05078
0.505330 0.05191
0.50566 0.05268
0.50584 0.05302
-Inserting Flap Ga2-
0.59172 0.20982
0.591870 0.20939
0.59217 0.20854
0.5926 0.20729
0.59313 0.20572
0.59371 0.2039
0.59430 0.20194
0.59484 0.19994
0.5953 0.19795
0.59567 0.19601
0.59598 0.1941
0.59623 0.19222
0.59644 0.19035
0.59661 0.18851
0.59674 0.18668
0.59685 0.18486
0.59692 0.18306
0.59697 0.18127
0.597 0.17949
0.59699 0.17772
0.59697 0.17597
0.596920 0.17422
0.59685 0.17249
0.59676 0.17076
0.59665 0.16905
0.596520 0.167340
0.59637 0.16565
0.59618 0.16396
0.59598 0.162290
0.59575 0.160630
0.59551 0.15898
0.59525 0.15733
0.59498 0.15569
0.59469 0.15405
0.5944 0.15242
0.59409 0.1508
0.59377 0.14918
0.59343 0.14757
0.59307 0.14597
0.5927 0.144380
0.5923 0.1428
0.591890 0.14122
0.59146 0.13966
0.59101 0.1381
0.59055 0.13655
0.59007 0.135
0.58958 0.13346
0.589080 0.13193
0.58856 0.13041
0.58803 0.12889
0.587480 0.12737
0.58692 0.12587
0.58634 0.12437
0.58574 0.12288
0.58513 0.1214
0.5845 0.11993
0.58385 0.11847
0.58318 0.11701
0.58250 0.11556
0.58179 0.11412
0.58107 0.11269
0.58034 0.11127
0.57958 0.10985
0.5788 0.10845
0.57801 0.10705
0.577190 0.105660
0.57637 0.10428
0.57553 0.10291
0.57467 0.10154
0.5738 0.10018
0.57291 0.09883
0.57199 0.09749
0.57104 0.09616
0.57006 0.09485
0.56905 0.09356
0.568 0.09228
0.56692 0.091010
0.565810 0.08977
0.564660 0.08853
0.56347 0.08732
0.56225 0.08612
0.56097 0.084950
0.55963 0.08381
0.55824 0.08269
0.55678 0.0816
0.55527 0.08054
0.5537 0.07951
0.55208 0.0785
0.5504 0.07751
0.54863 0.07657
0.54676 0.07567
0.54474 0.07485
0.54256 0.07410
0.5402 0.07344
0.53773 0.07291
0.53526 0.07252
0.5328600 0.072310
0.53063 0.0723
0.52865 0.07251
0.52565 0.07356
0.5247 0.07435
0.52417 0.07531
0.52407 0.0764
0.52435 0.0776
0.52493 0.07888
0.52573 0.08019
0.526660 0.08151
0.52767 0.08281
0.528730 0.08408
0.52984 0.08533
0.53099 0.08656
0.5322 0.08776
0.53345 0.088950
0.53473 0.09012
0.53604 0.09127
0.53739 0.09241
0.53875 0.09355
0.54013 0.09467
0.54152 0.09579
0.54291 0.09691
0.54431 0.09802
0.54571 0.09914
0.5471 0.10025
0.54849 0.10137
0.54987 0.1025
0.55123 0.10363
0.55259 0.10476
0.553930 0.10591
0.555260 0.10705
0.55658 0.10821
0.55787 0.10937
0.55916 0.110540
0.56043 0.11171
0.56168 0.1129
0.56291 0.11409
0.56413 0.11529
0.56532 0.1165
0.56651 0.11772
0.56767 0.11894
0.56881 0.120180
0.56993 0.12142
0.57104 0.12267
0.57212 0.12393
0.57318 0.12521
0.57422 0.12649
0.57524 0.12778
0.57624 0.129080
0.57721 0.13040
0.57816 0.13172
0.57909 0.13305
0.58001 0.13439
0.5809 0.13574
0.58178 0.1371
0.58264 0.13847
0.58349 0.13984
0.5843 0.14123
0.5851 0.14262
0.58586 0.14403
0.5866 0.14546
0.58731 0.14689
0.588 0.14834
0.58866 0.1498
0.58929 0.15127
0.5899 0.15276
0.59048 0.15425
0.59103 0.15576
0.59155 0.157290
0.59205 0.158820
0.59251 0.16037
0.59294 0.16194
0.59334 0.16352
0.59371 0.16512
0.59405 0.16673
0.59435 0.16835
0.59462 0.16999
0.59485 0.17165
0.59504 0.17333
0.5952 0.17503
0.5953100 0.17674
0.59539 0.178470
0.595440 0.180210
0.59546 0.18197
0.59544 0.18375
0.5954 0.18553
0.595330 0.1873300
0.59523 0.189150
0.59511 0.19097
0.59496 0.19281
0.59477 0.19467
0.59454 0.19654
0.59426 0.19844
0.59392 0.20036
0.59353 0.20230
0.593110 0.20418
0.59269 0.20592
0.59231 0.20743
0.59199 0.20863
0.591790 0.20943
0.59172 0.20982
*.*.Setup: Ga2.txt as Flap 1, Inverted: y, Scale = 1.0, AoA = -2.0, Reposition from (0,0) = (0, 0)*.*.
*.*.Setup: Ga2.txt as Flap 2, Inverted: y, Scale = 0.4, AoA = 27.0, Reposition from previous T.E. = (-0.0267, 0.06), Reposition from (0,0) = (0.971, -0.024)*.*.
*.*.Setup: Ga2.txt as Flap 3, Inverted: y, Scale = 0.4, AoA = 65.0, Reposition from previous T.E. = (0.04, 0.06), Reposition from (0,0) = (1.3763, 0.2001)*.*.
*.*.Setup: Scale Ratio = 0.37853*.*.