0.37469 -0.005320
0.37392 -0.00614
0.37239 -0.00774
0.370130 -0.010090
0.36724 -0.01304
0.3639 -0.01636
0.36025 -0.01984
0.35643 -0.02329
0.35258 -0.02652
0.34873 -0.02953
0.344860 -0.03235
0.34099 -0.03501
0.33712 -0.03756
0.33324 -0.04
0.32937 -0.04235
0.32548 -0.04462
0.3216 -0.04682
0.31771 -0.048930
0.313820 -0.05098
0.309930 -0.05296
0.30603 -0.05487
0.30214 -0.05673
0.29824 -0.05852
0.29434 -0.06026
0.29043 -0.06195
0.28653 -0.06357
0.28262 -0.06513
0.27871 -0.06662
0.2748 -0.06804
0.27089 -0.069410
0.26697 -0.07072
0.263050 -0.072
0.25914 -0.07324
0.25522 -0.07445
0.2513 -0.07563
0.24737 -0.07678
0.24345 -0.07789
0.239530 -0.07895
0.2356 -0.07995
0.23167 -0.08091
0.22774 -0.08181
0.22381 -0.082670
0.21988 -0.08348
0.21594 -0.0842500
0.21201 -0.08497
0.20807 -0.08566
0.20413 -0.0863
0.20019 -0.08691
0.19625 -0.08748
0.1923 -0.08802
0.18836 -0.08851
0.18441 -0.08896
0.18047 -0.08936
0.17652 -0.08972
0.17257 -0.09003
0.16861 -0.09029
0.16466 -0.0905
0.16071 -0.09067
0.15675 -0.09079
0.15279 -0.09086
0.14883 -0.09088
0.14487 -0.09085
0.1409 -0.09076
0.13693 -0.09063
0.13297 -0.090440
0.129 -0.09021
0.12503 -0.08994
0.12105 -0.08963
0.11708 -0.089290
0.1131 -0.08889
0.109130 -0.08845
0.10515 -0.08793
0.10116 -0.08733
0.09718 -0.08664
0.093190 -0.08586
0.0892 -0.08499
0.0852 -0.08403
0.0812 -0.08298
0.0772 -0.08183
0.0732 -0.08059
0.06919 -0.079220
0.06517 -0.07772
0.06116 -0.07606
0.05713 -0.07424
0.0531 -0.07226
0.04906 -0.07012
0.04502 -0.06783
0.04097 -0.06538
0.03692 -0.06278
0.03286 -0.05996
0.02879 -0.05683
0.02471 -0.05332
0.02061 -0.04936
0.01652 -0.044890
0.01257 -0.04007
0.00894 -0.03504
0.005780 -0.03
0.00325 -0.0251
0.00151 -0.02051
0.00044 -0.012720
0.00113 -0.00973
0.00264 -0.00749
0.00494 -0.00605
0.0079 -0.00532
0.01135 -0.00517
0.01514 -0.00545
0.01909 -0.00603
0.02308 -0.00678
0.027070 -0.00768
0.03107 -0.00873
0.03508 -0.0099
0.03908 -0.0112
0.04309 -0.01261
0.04711 -0.01413
0.05113 -0.01573
0.055150 -0.01741
0.05917 -0.019140
0.06319 -0.02091
0.067220 -0.02272
0.07124 -0.02454
0.07527 -0.026370
0.07929 -0.0282
0.083320 -0.03001
0.08734 -0.03181
0.09136 -0.03358
0.09539 -0.03532
0.09941 -0.03703
0.10343 -0.03871
0.10745 -0.04035
0.11146 -0.04195
0.11548 -0.04351
0.1195 -0.04502
0.12351 -0.04649
0.12752 -0.04792
0.13153 -0.0493
0.13554 -0.05063
0.13954 -0.05191
0.14355 -0.05315
0.14755 -0.05433
0.15155 -0.055460
0.155550 -0.05654
0.15955 -0.05757
0.16354 -0.05854
0.16754 -0.05945
0.1715300 -0.06030
0.17552 -0.06110
0.17951 -0.06183
0.18349 -0.0625
0.18747 -0.06311
0.19145 -0.06366
0.19543 -0.06417
0.19941 -0.06463
0.203390 -0.06504
0.20736 -0.06541
0.21133 -0.06572
0.21530 -0.065970
0.21927 -0.06614
0.22324 -0.06625
0.2272 -0.06628
0.23116 -0.06623
0.23512 -0.06612
0.23907 -0.065930
0.24303 -0.06567
0.246980 -0.06535
0.25092 -0.06494
0.25487 -0.06446
0.2588100 -0.06391
0.26275 -0.06327
0.26669 -0.062550
0.27062 -0.06174
0.27455 -0.06086
0.27848 -0.05988
0.2824 -0.05881
0.286320 -0.05766
0.29024 -0.0564
0.29415 -0.05505
0.29807 -0.05359
0.30197 -0.05203
0.30588 -0.05036
0.30978 -0.0486
0.31367 -0.046740
0.31757 -0.04480
0.32146 -0.04278
0.32535 -0.04069
0.32923 -0.03851
0.33311 -0.03626
0.33699 -0.033940
0.34087 -0.03153
0.34475 -0.02904
0.34862 -0.02643
0.35248 -0.023680
0.35634 -0.02079
0.36017 -0.01775
0.36384 -0.0147
0.3672 -0.01183
0.3701 -0.00929
0.37238 -0.00727
0.37391 -0.0059
0.37469 -0.005320
-Inserting Flap Ga2-
0.48309 0.09398
0.48299 0.09354
0.48278 0.09268
0.48246 0.09141
0.48206 0.08981
0.48156 0.0880
0.48099 0.086060
0.48036 0.0841
0.479670 0.08221
0.47894 0.0804
0.47816 0.07865
0.47736 0.07695
0.47652 0.0753
0.47567 0.07367
0.4748 0.07208
0.47391 0.07052
0.473 0.06898
0.47208 0.06747
0.47114 0.06599
0.47018 0.064520
0.46922 0.06308
0.46824 0.06166
0.46725 0.06025
0.46624 0.05887
0.465230 0.05751
0.4642 0.05617
0.46316 0.05485
0.4621 0.05355
0.46103 0.05227
0.45995 0.05101
0.45886 0.04978
0.457750 0.04855
0.45665 0.047340
0.45553 0.04613
0.454410 0.04494
0.45328 0.04376
0.45214 0.04259
0.45099 0.04144
0.44984 0.04031
0.44867 0.03919
0.44749 0.03809
0.44629 0.03701
0.44509 0.035940
0.44389 0.03488
0.44267 0.03385
0.44144 0.03282
0.4402 0.03181
0.43896 0.03081
0.43771 0.02983
0.43645 0.02885
0.435180 0.02789
0.43391 0.02695000
0.432620 0.02602
0.43132 0.02511
0.43002 0.024210
0.4287 0.02333
0.427370 0.02246
0.42603 0.02161
0.42469 0.02078
0.423330 0.01997
0.42196 0.01917
0.42058 0.018380
0.41919 0.01762
0.41779 0.01687
0.41638 0.01614
0.41496 0.01543
0.41353 0.01473
0.41209 0.01404
0.41065 0.01337
0.40919 0.01271
0.40772 0.01207
0.40624 0.01145
0.40474 0.01086
0.40322 0.01030
0.40168 0.00978
0.40013 0.00928
0.39855 0.00881
0.39696 0.00838
0.39534 0.00797
0.3937 0.0076
0.39204 0.00728
0.39035 0.00699
0.38863 0.00676
0.38687 0.00659
0.38508 0.00647
0.38325 0.0064
0.381390 0.00639
0.3795 0.006430
0.37758 0.00652
0.37561 0.00668
0.37357 0.00695
0.37145 0.00735
0.36924 0.00790
0.36693 0.00863
0.36460 0.00952
0.36233 0.01053
0.36023 0.01165
0.35838 0.01284
0.35686 0.01408
0.35493 0.01656
0.35457 0.01774
0.35464 0.01882
0.35515 0.019770
0.35603 0.02062
0.3572 0.021360
0.35857 0.02202
0.36005000 0.02261
0.36158 0.02315
0.36315 0.02363
0.36474 0.02407
0.36636 0.02447
0.36801 0.02482
0.36968 0.02513
0.37138 0.02541
0.37309 0.025660
0.37481 0.02588
0.37655 0.02609
0.3783 0.02628
0.38006 0.02646
0.38182 0.02663
0.38358 0.0268
0.38534 0.02697
0.38709 0.02715
0.38885 0.02733
0.3906 0.02752
0.39234 0.02772
0.39407 0.02793
0.39580 0.02816
0.39752 0.02839
0.39923 0.02864
0.40094 0.02891
0.40263 0.02918
0.40431 0.02948
0.40599 0.02979
0.40765 0.03011
0.40931 0.03045
0.41095 0.030810
0.41259 0.03118
0.41421 0.03157
0.41582 0.03198
0.41742 0.0324
0.41901 0.03285
0.42059 0.03331
0.42216 0.03379
0.42371 0.0343
0.42525 0.03482
0.42678 0.03536
0.42829 0.03593
0.4298 0.036510
0.43129 0.03712
0.43276 0.03774
0.43423 0.03838
0.43569 0.03903
0.43714 0.0397
0.43858 0.04038
0.44001 0.04109
0.4414200 0.04182
0.44281 0.04258
0.44419 0.04336
0.44555 0.04417
0.4469 0.045
0.44823 0.045860
0.44955 0.046740
0.45085 0.04764
0.45214 0.04857
0.45341 0.04952
0.45467 0.05051
0.4559 0.05151
0.45712 0.05255
0.45832 0.05362
0.45951 0.05471
0.46067 0.05583
0.46182 0.05699
0.46295 0.05817
0.46405 0.05939
0.46514 0.06064
0.4662 0.06193
0.46724 0.06325
0.46826 0.06461
0.46926 0.066
0.47024 0.06742
0.4712 0.06887
0.47214 0.07035
0.47307 0.07186
0.47398 0.07339
0.47488 0.07494
0.47576 0.07652
0.47662 0.07813
0.47746 0.07977
0.47828 0.08145
0.47907 0.08317
0.47983 0.08495
0.48055 0.08677
0.48121 0.088560
0.4818 0.09022
0.48229 0.091680
0.48268 0.09284
0.482940 0.09362
0.48309 0.09398
-Inserting Flap Ga2-
0.60912 0.22083
0.60912 0.22038
0.60911 0.2195
0.60909 0.21819
0.60905 0.21655
0.60898 0.21466
0.60886 0.21265
0.60868 0.2106
0.60844 0.2086
0.60813 0.20667
0.60777 0.20479
0.60737 0.20295
0.60693 0.20115
0.60646 0.199380
0.60597 0.19764
0.60545 0.19591
0.60491 0.19421
0.60435 0.19253
0.60377 0.19087
0.60317 0.18923
0.60256 0.18761
0.60192 0.1860
0.60127 0.18441
0.60061 0.18284
0.59992 0.18128
0.59922 0.17974
0.59851 0.17822
0.59777 0.17672
0.59701 0.17524
0.59624 0.17377
0.59545 0.17231
0.59466 0.17087
0.59385 0.16944
0.593030 0.16802
0.59221 0.1666
0.59137 0.1652
0.59053 0.1638
0.58967 0.162420
0.58879 0.16106
0.58791 0.15971
0.587 0.158370
0.58609 0.15705
0.58516 0.15574
0.58422 0.15444
0.58326 0.15315
0.5823 0.15188
0.5813200 0.15061
0.58033 0.149360
0.57934 0.148120
0.57833 0.146890
0.57731 0.1456700
0.57628 0.14446
0.57523 0.143260
0.57417 0.14208
0.5731 0.14091
0.57202 0.13976
0.57092 0.13862
0.56981 0.13749
0.56868 0.13638
0.56754 0.13528
0.56639 0.13419
0.56522 0.13312
0.56404 0.13206
0.56284 0.13102
0.56163 0.12999
0.56041 0.12897
0.55917 0.12797
0.557930 0.12698
0.55667 0.12599
0.5554 0.12502
0.55411 0.12407
0.55281 0.12314
0.55148 0.12223
0.55012 0.12134
0.54875 0.12048
0.54734 0.11965
0.54591 0.11884
0.54445 0.11805
0.54297 0.1173
0.54146 0.11657
0.53991 0.1158700
0.53833 0.11522
0.53670 0.11461
0.53503 0.11404
0.53331 0.11352
0.53154 0.11305
0.52973 0.112620
0.52788 0.11223
0.52599 0.11188
0.52403 0.1116
0.52199 0.1114
0.51984 0.11132
0.51755 0.11136
0.51514 0.11155
0.51267 0.11188
0.51023 0.11236
0.50793 0.11298
0.50586 0.11372
0.50410 0.11459
0.50166 0.116570
0.50105 0.11764
0.50087 0.1187
0.501160 0.11975
0.50182 0.12077
0.50279 0.12176
0.50398 0.12271
0.50529 0.12362
0.50666 0.12449
0.50808 0.12531
0.50953 0.1261
0.51102 0.12685
0.51255 0.12756
0.51411 0.12824
0.5157 0.12889
0.51731 0.12952
0.51894 0.13013
0.52059 0.13072
0.52225 0.1313
0.52392 0.13187
0.5256 0.13243
0.52727 0.13299
0.52895 0.13356
0.530620 0.13412
0.53229 0.1347
0.53395 0.13528
0.5356 0.13586
0.53724 0.13646
0.53888 0.13707
0.5405 0.13768
0.54211 0.13831
0.54371 0.13895
0.5453 0.1396
0.54687 0.14027
0.54844 0.14094
0.54999 0.14163
0.55152 0.14234
0.553040 0.14306
0.554550 0.14379
0.55605 0.14453
0.55753 0.14529
0.55899 0.14607
0.56044 0.14686
0.56187 0.14767
0.56329 0.14849
0.56469 0.14933
0.56607 0.15018
0.56744 0.1510600
0.56879 0.15195
0.57012 0.15286
0.571440 0.15378
0.57274 0.154720
0.57403 0.15567
0.5753 0.15663
0.57657 0.15761
0.57781 0.1586
0.57904 0.15961
0.58025 0.16064
0.58144 0.16169
0.58261 0.16277
0.58375 0.16386
0.58488 0.16497
0.58599 0.166110
0.58707 0.16726
0.58814 0.16843
0.58918 0.169630
0.59021 0.170840
0.59121 0.17208
0.59219 0.17334
0.593140 0.17463
0.59407 0.17594
0.59498 0.17727
0.595860 0.17863
0.59672 0.18001
0.59755 0.18142
0.598350 0.18285
0.59913 0.18432
0.59988 0.18581
0.600590 0.18733
0.60128 0.18889
0.60194 0.19047
0.60257 0.19207
0.60318 0.1937
0.60377 0.19535
0.60434 0.19703
0.60488 0.19872
0.6054 0.20044
0.60590 0.20218
0.60638 0.20394
0.60683 0.20573
0.60726 0.20755
0.60764 0.2094
0.60798 0.2113
0.60827 0.21324
0.60851 0.21513
0.60871 0.21689
0.60886 0.21842
0.60898 0.21963
0.60906 0.22045
0.60912 0.22083
*.*.Setup: Ga2.txt as Flap 1, Inverted: y, Scale = 1.0, AoA = 2.0, Reposition from (0,0) = (0, 0)*.*.
*.*.Setup: Ga2.txt as Flap 2, Inverted: y, Scale = 0.4, AoA = 32.0, Reposition from previous T.E. = (-0.06, 0.07), Reposition from (0,0) = (0.9411, 0.0558)*.*.
*.*.Setup: Ga2.txt as Flap 3, Inverted: y, Scale = 0.4, AoA = 45.0, Reposition from previous T.E. = (0.04, 0.07), Reposition from (0,0) = (1.3307, 0.3211)*.*.
*.*.Setup: Scale Ratio = 0.37427*.*.