0.37467 -0.03155
0.37385 -0.032320
0.37221 -0.03381
0.369770 -0.03601
0.36668 -0.03875
0.36310 -0.04184
0.3592 -0.04508
0.35514 -0.04826
0.35106 -0.051220
0.34699 -0.05396
0.34292 -0.05652
0.33887 -0.058920
0.33481 -0.061190
0.33076 -0.06336
0.32671 -0.06545
0.32267 -0.06745
0.31863 -0.06937
0.31459 -0.07122
0.31055 -0.07299
0.30651 -0.0747
0.30248 -0.07635
0.29845 -0.07793
0.29442 -0.07945
0.2904 -0.08092
0.28637 -0.08233
0.28235 -0.08368
0.27833 -0.08497
0.27431 -0.08619
0.2703 -0.08734
0.26628 -0.08843
0.26227 -0.08948
0.25826 -0.09048
0.25425 -0.09144
0.25025 -0.09238
0.24624 -0.09329
0.24223 -0.09417
0.23823 -0.095
0.23423 -0.09578
0.23023 -0.09652
0.22623 -0.0972
0.22223 -0.09783
0.21824 -0.09841
0.21424 -0.09895
0.21025 -0.09944
0.20626 -0.09989
0.20227 -0.10030
0.198280 -0.10067
0.1943 -0.10101
0.19031 -0.1013
0.18633 -0.10156
0.18234 -0.10178
0.17836 -0.10195
0.17438 -0.10208
0.17041 -0.102160
0.16643 -0.10219
0.16245 -0.10218
0.15848 -0.10211
0.15451 -0.102
0.15054 -0.10184
0.14657 -0.10164
0.14261 -0.10138
0.13864 -0.10107
0.13468 -0.10071
0.13072 -0.1003
0.12676 -0.09984
0.1228 -0.09933
0.11885 -0.09878
0.11489 -0.09819
0.11094 -0.0975700
0.10699 -0.0969
0.10304 -0.09617
0.09909 -0.09537
0.09515 -0.09449
0.09121 -0.09352
0.08727 -0.09246
0.08333 -0.09131
0.0794 -0.090070
0.07547 -0.08874
0.07155 -0.08731
0.06763 -0.08579
0.06371 -0.084140
0.0598 -0.08235
0.05589 -0.08041
0.05199 -0.07831
0.048090 -0.07604
0.0442 -0.07362
0.04032 -0.07104
0.03644 -0.06831
0.03256 -0.06543
0.0287 -0.06231
0.02484 -0.05890
0.021 -0.0551
0.01717 -0.05085
0.01339 -0.04609
0.00978 -0.040980
0.00649 -0.0357
0.00368 -0.03043
0.0015 -0.02535
7e-05 -0.02064
-0.00045 -0.012760
0.00045 -0.00982
0.00212 -0.00768
0.00452 -0.0064
0.00753 -0.00588
0.011 -0.00597
0.01477 -0.00652
0.01869 -0.00737
0.02263 -0.00840
0.02656 -0.00959
0.03049 -0.01091
0.03442 -0.01237
0.03834 -0.01395
0.04225 -0.01564
0.04616 -0.01744
0.05007 -0.01933
0.05398 -0.021280
0.05788 -0.0233
0.06179 -0.02535
0.06569 -0.02744
0.06959 -0.02955
0.07349 -0.03166
0.07739 -0.033780
0.0813 -0.03587
0.0852 -0.03795
0.0891 -0.04001
0.093 -0.04203
0.09691 -0.04403
0.10082 -0.04599
0.10472 -0.04791
0.10863 -0.04979
0.11254 -0.05163
0.11646 -0.05343
0.12037 -0.05518
0.12429 -0.05689
0.1282 -0.05855
0.13212 -0.06016
0.13604 -0.06173
0.13996 -0.063250
0.14389 -0.06471
0.14781 -0.06612
0.15174 -0.06748
0.15567 -0.06879
0.1596 -0.07004
0.16354 -0.07123
0.16747 -0.07237
0.17141 -0.07344
0.175350 -0.07445
0.17929 -0.0754
0.18323 -0.07629
0.18718 -0.077130
0.19113 -0.07791
0.19508 -0.07865
0.19903 -0.07934
0.20298 -0.07998
0.20693 -0.08057
0.21089 -0.0811
0.21485 -0.08155
0.21881 -0.08194
0.22278 -0.08224
0.22674 -0.082480
0.23071 -0.08264
0.23468 -0.08273
0.23866 -0.082750
0.24264 -0.0826900
0.246610 -0.08257
0.2506 -0.082360
0.25458 -0.08208
0.25857 -0.08172
0.26256 -0.08127
0.26655 -0.08074
0.27055 -0.08013
0.27455 -0.07943
0.27855 -0.07864
0.28256 -0.07775
0.28657 -0.07677
0.29058 -0.07569
0.2946 -0.0745
0.29862 -0.07321
0.30264 -0.07182
0.3066700 -0.07032
0.3107 -0.06874
0.31473 -0.06707
0.31877 -0.06533
0.32281 -0.0635
0.32685 -0.06159
0.33089 -0.05961
0.334940 -0.05755
0.33899 -0.05542
0.34304 -0.05319
0.3471 -0.05085
0.35116 -0.04838
0.35523 -0.04575
0.35927 -0.04297
0.36316 -0.04018
0.36672 -0.03754
0.3698 -0.0352
0.37222 -0.03334
0.37386 -0.03208
0.37467 -0.03155
-Inserting Flap Ga2-
0.50185 0.05636
0.50171 0.05593
0.50143 0.05509
0.501 0.05385
0.50045 0.05229
0.4998 0.05051
0.49906 0.04863
0.49826 0.04673
0.4974 0.0449
0.49651 0.04315
0.49559 0.04147
0.49463 0.03984
0.49365 0.03826
0.49266 0.03671
0.49165 0.0352
0.490620 0.03372
0.48958 0.03226
0.48852 0.03083
0.48745 0.02943
0.48637 0.028050
0.485280 0.02669
0.48418 0.025350
0.48307 0.02404
0.48194 0.02274
0.48081 0.021470
0.47966 0.02022
0.47851 0.01899
0.47734 0.01778
0.47616 0.0166
0.47496 0.01544
0.47376 0.01430
0.47255 0.01317
0.47134 0.01205
0.470120 0.01095
0.46889 0.00985
0.46766 0.00877
0.46642 0.0077
0.46517 0.00665
0.46392 0.00562
0.46265 0.00461
0.46137 0.00361
0.46009 0.00263
0.45880 0.00167
0.45749 0.00072
0.456190 -0.00021
0.45487 -0.00113000
0.45355 -0.00203
0.452220 -0.00292
0.450880 -0.0038
0.44954 -0.00466
0.44818 -0.00551
0.44683 -0.006340
0.44546 -0.00716
0.44408 -0.00796
0.4427 -0.00874
0.4413 -0.0095
0.4399 -0.01025
0.43849 -0.01098
0.43707 -0.0117
0.43564 -0.01239
0.434210 -0.01307
0.43276 -0.01373
0.4313 -0.01438
0.42984 -0.015
0.42836 -0.01561
0.42688 -0.0162
0.42539 -0.01677
0.42389 -0.01733
0.42239 -0.01788
0.42087 -0.01841
0.41935 -0.01892
0.41782 -0.01941
0.41627 -0.01987
0.41470 -0.02029
0.41312 -0.02069
0.41152 -0.02105
0.40990 -0.02137
0.40827 -0.02167
0.406620 -0.02193
0.40495 -0.02216
0.40326 -0.022340
0.40154 -0.02248
0.3998 -0.02255
0.39803 -0.02258
0.39623 -0.02254
0.3944 -0.02245
0.39254 -0.0223
0.39065 -0.02209
0.38873 -0.02184
0.38678 -0.0215
0.38477 -0.02105
0.38269 -0.02047
0.38052 -0.01972
0.37828 -0.01879
0.37602 -0.0177
0.37385 -0.01649
0.37184 -0.01519
0.3701 -0.01384
0.36868 -0.01247
0.36697 -0.009810
0.36672 -0.00861
0.36688 -0.00754
0.36748 -0.00662
0.36843 -0.00586
0.36966 -0.005220
0.37109 -0.00468
0.37262 -0.00422
0.37420 -0.00381
0.37581 -0.00346
0.37744 -0.00316
0.37909 -0.00291
0.38077 -0.00271
0.38247 -0.00254
0.384190 -0.00241
0.38592 -0.00231
0.38767 -0.002240
0.38942 -0.002190
0.39119 -0.00215
0.39296 -0.00212
0.39473 -0.002100
0.39651 -0.00209
0.39828 -0.00207
0.40005 -0.00205
0.40182 -0.00202
0.40358 -0.00198
0.40534 -0.00193
0.4071 -0.001870
0.40884 -0.0018
0.41058 -0.00171
0.41232 -0.00161
0.41404 -0.0015
0.41576 -0.00137
0.41747 -0.00122
0.41917 -0.00106
0.42086 -0.000880
0.42254 -0.000690
0.42422 -0.00047
0.42589 -0.00024
0.42754 0.000010
0.42919 0.00027
0.43083 0.00056
0.43246 0.00086
0.43407 0.001190
0.43568 0.001530
0.437280 0.0019
0.43886 0.00229
0.44044 0.0027
0.442 0.00313
0.44355 0.003580
0.4451 0.0040600
0.44663 0.00455
0.44815 0.005050
0.44967 0.00558
0.45118 0.00612
0.45268 0.00668
0.45416 0.00726
0.45563 0.00787
0.45709 0.00851
0.45854 0.00917
0.45997 0.00986
0.46139 0.01057
0.4628 0.01131
0.4642 0.01207
0.46558 0.01286
0.46694 0.01368
0.4683 0.01452
0.46964 0.01539
0.47096 0.01629
0.47227 0.017220
0.47357 0.01818
0.47484 0.01917
0.47611 0.02019
0.47735 0.02125
0.47858 0.02233
0.4798 0.02345
0.48099 0.02461
0.48217 0.0258
0.48332000 0.02704
0.48446 0.0283
0.48558 0.02961
0.48668 0.03094
0.48777 0.03231
0.48884 0.0337
0.4899 0.035120
0.49095 0.03657
0.49198 0.03805
0.49299 0.03956
0.494 0.041090
0.49498 0.04265
0.49595 0.04426
0.49689 0.04591
0.4978 0.04762
0.49868 0.04938
0.49950 0.05111
0.50023 0.05272
0.50085 0.05414
0.501340 0.05526
0.50167 0.05602
0.50185 0.05636
-Inserting Flap Ga2-
0.59705 0.199660
0.597110 0.19921
0.5972 0.19833
0.59733 0.197020
0.59748 0.19537
0.59763 0.19349
0.59775 0.19147
0.59781 0.1894
0.5978 0.18739
0.59772 0.18542
0.597580 0.18351
0.59739 0.18163
0.59716 0.17979
0.5969 0.17797
0.596610 0.17617
0.5963 0.17439
0.59596 0.17263
0.5956 0.17089
0.59521 0.16917
0.59481 0.16747
0.59438 0.16578
0.59394 0.16411
0.59347 0.16245
0.59299 0.1608
0.59249 0.15917
0.59197 0.15755
0.59144 0.15595
0.5908800 0.15437
0.5903 0.1528
0.5897 0.15125
0.58908 0.14971
0.58846 0.148180
0.58782 0.146660
0.58717 0.14515
0.58651 0.14364
0.58585 0.14214
0.585170 0.14065
0.58447 0.13918
0.58376 0.13772
0.58303 0.13627
0.58229 0.13483
0.5815300 0.1334
0.58075 0.13199
0.57997 0.13058
0.57917 0.12919
0.57835 0.12781
0.57753 0.12644
0.57669 0.12507
0.57584 0.12372
0.57498 0.122370
0.5741 0.12104
0.57322 0.11972
0.57231 0.1184
0.57140 0.1171
0.57047 0.11581
0.56952 0.11454
0.56856 0.113270
0.56758 0.11202
0.56659 0.11078
0.56558 0.10955
0.56456 0.10833
0.56352 0.10713
0.56247 0.10593
0.56139 0.10476
0.56031 0.10359
0.5592 0.10243
0.55809 0.10129
0.55696 0.10015
0.55583 0.09903
0.55467 0.09791
0.5535 0.09681
0.55231 0.09573
0.55109 0.09467
0.54985 0.09363
0.54857 0.09261
0.54727 0.09162
0.54594 0.09064
0.54458 0.08969
0.54319 0.08876
0.54176 0.08786
0.5403 0.08699
0.5388 0.08615
0.53725 0.08535
0.53565 0.0846
0.534 0.083880
0.53229 0.0832
0.53054 0.08256
0.52874 0.08195
0.52689 0.08139
0.52498 0.08088
0.52296 0.08045
0.52083 0.08011
0.5185500 0.07989
0.51612 0.07979
0.51362 0.07984
0.51114 0.08003
0.50877 0.08038
0.50662 0.08088
0.50476 0.08154
0.5021 0.08323
0.50137 0.08422
0.50107 0.08527
0.501230 0.08634
0.50178 0.08744
0.50263 0.08853
0.5037 0.08962
0.5049 0.090680
0.50617 0.0917
0.50748 0.09269
0.50884 0.09364
0.51024 0.09456
0.51167 0.09545
0.51315 0.09631
0.51465 0.09714
0.51619 0.09796
0.51774 0.09875
0.51932 0.099530
0.52091 0.1003
0.5225 0.10107
0.52411 0.10182
0.52571 0.10258
0.52732 0.10334
0.52892 0.1041
0.53051 0.10486
0.5321 0.10563
0.53368 0.10641
0.535250 0.1072
0.53681 0.107990
0.538350 0.10879
0.53988 0.10961
0.5414 0.11043
0.542910 0.11127
0.5444 0.11211
0.54588 0.11297
0.54734 0.113840
0.54879 0.11472
0.55023 0.115610
0.551640 0.11652
0.55305 0.11743
0.55443 0.11836
0.5558 0.11931
0.55715 0.12026
0.55849 0.12123
0.5598 0.12222
0.5611 0.12322
0.562380 0.12423
0.56364 0.12526
0.56488 0.12631
0.5661 0.12737
0.56731 0.12844
0.568500 0.12953
0.56967 0.13062
0.57083 0.13173
0.571970 0.13285
0.57310 0.13399
0.57421 0.13514
0.57529 0.136310
0.57635 0.13749
0.57739 0.1387
0.57841 0.13992
0.5794 0.14116
0.58037 0.14242
0.58132 0.1437
0.58224 0.14499
0.58315 0.1463
0.58402 0.14763
0.58488 0.14898
0.58571 0.15036
0.58651 0.15175
0.58728 0.15316
0.58803 0.15459
0.58875 0.15605
0.58945 0.15753
0.59011 0.15903
0.59075 0.16055
0.59135 0.1621
0.59192 0.16367
0.59246 0.16528
0.59296 0.1669
0.59343 0.168550
0.59388 0.17023
0.5943 0.17192
0.59469 0.17364
0.59506 0.17537
0.5954 0.17713
0.5957200 0.1789
0.59602 0.18069
0.59629 0.1825
0.59653 0.18434
0.59674 0.1862
0.59691 0.18809
0.597020 0.19003
0.59709 0.19199
0.59711 0.1939
0.5971 0.19568
0.597080 0.19722
0.59705 0.198440
0.59703 0.19927
0.59705 0.199660
*.*.Setup: Ga2.txt as Flap 1, Inverted: y, Scale = 1.0, AoA = -2.0, Reposition from (0,0) = (0, 0)*.*.
*.*.Setup: Ga2.txt as Flap 2, Inverted: y, Scale = 0.4, AoA = 27.0, Reposition from previous T.E. = (-0.0267, 0.07), Reposition from (0,0) = (0.971, -0.014)*.*.
*.*.Setup: Ga2.txt as Flap 3, Inverted: y, Scale = 0.4, AoA = 51.666666666666664, Reposition from previous T.E. = (-0.01, 0.08), Reposition from (0,0) = (1.3263, 0.2301)*.*.
*.*.Setup: Scale Ratio = 0.37554*.*.