0.35079 0.03687
0.348730 0.03482
0.34573 0.03183
0.34222 0.02889
0.33796 0.02605
0.332790 0.023120
0.32655 0.01998
0.31918 0.01662
0.310790 0.01307
0.301590 0.00943
0.29185 0.00579
0.28177 0.00221
0.271540 -0.001260
0.26123 -0.00458
0.2509 -0.00772
0.24055 -0.010680
0.23014 -0.01347
0.21962 -0.01608
0.2089500 -0.01856
0.19808 -0.02092
0.18698 -0.0232
0.17564 -0.02543
0.16414 -0.02764
0.15257 -0.029820
0.14108 -0.03195
0.12985 -0.03398
0.11906 -0.03584
0.10887 -0.03745
0.09941 -0.03871
0.09063 -0.03957
0.0824 -0.03999
0.07461 -0.03997
0.06717 -0.03953
0.06002 -0.03865
0.05315 -0.03736
0.04654 -0.03567
0.040230 -0.0336
0.03426 -0.03119
0.0287 -0.02854
0.02365 -0.02574
0.01921 -0.022950
0.01542 -0.02026
0.01224 -0.01775
0.00962 -0.0154
0.00746 -0.01323
0.005680 -0.0112
0.00423 -0.009320
0.00303 -0.00757
0.00207 -0.00592
0.0013 -0.004380
0.00071 -0.00292
0.00028 -0.00153
0.000055 -0.00021
-6e-05 0.00106
0.00012 0.00233
0.00073 0.00348
0.00177 0.00437
0.003090 0.00501
0.00464 0.00550
0.00641 0.0059
0.00847 0.00626
0.01087 0.00658
0.01374 0.00689
0.01724 0.00719
0.02162 0.007470
0.02717 0.00772
0.03416 0.00794
0.04257 0.008070
0.05201 0.00802
0.06218 0.00775
0.07298 0.00727
0.08432 0.00664
0.09602 0.00596
0.10789 0.00524
0.11973 0.00453
0.131430 0.00387
0.14295 0.00329
0.154290 0.00281
0.16543 0.00246
0.1764 0.00226
0.18720 0.00223
0.19787 0.00239
0.20841 0.00275
0.21885 0.00332
0.22918 0.00411
0.23944 0.00512
0.24961 0.00637
0.25973 0.00785
0.26976 0.00956
0.2797 0.01151
0.28951 0.013680
0.2991 0.01605
0.30832 0.01859
0.31697 0.02124
0.32482 0.02391
0.331680 0.02654
0.33755 0.02911
0.34248 0.03161
0.3466 0.034020
0.35079 0.03687
-Inserting Flap s1223rtl-
0.51058 0.14269
0.51006 0.14133
0.50929 0.13935
0.50829 0.1373
0.50692 0.13513
0.50515 0.13275
0.50294 0.13004
0.50026 0.12701
0.49715 0.12368
0.49369 0.12015
0.48998 0.1165
0.48611 0.11282
0.48213 0.10915
0.4781 0.10554
0.47402 0.1020
0.4699 0.09855
0.46571 0.09516
0.46143 0.09182
0.45706 0.08853
0.45258 0.08524
0.44797 0.08194
0.44325 0.07861
0.43844 0.07526
0.4336 0.07191
0.42879 0.0686
0.42407 0.06539
0.41952 0.06235
0.41519 0.05954
0.41113 0.05704
0.40729 0.05486
0.403620 0.053
0.40006 0.051420
0.396560 0.05011
0.39312 0.04906
0.38972 0.04825
0.38636 0.04768
0.38306 0.04734
0.37984 0.04722
0.37676 0.047310
0.37389 0.04756
0.37129 0.04793
0.36901 0.04839
0.36705 0.04889
0.36537 0.04943
0.36394 0.04998
0.36272 0.05054
0.361670 0.05111
0.36077 0.05167
0.36 0.052220
0.35933 0.05277
0.35876 0.05332
0.35829 0.05386
0.3579 0.05441
0.3576 0.05498
0.35743 0.0556
0.35747 0.05624
0.35776 0.05686
0.35824 0.05742
0.35885 0.05796
0.35958 0.05851
0.360440 0.05909
0.36147 0.05972
0.36272 0.06045
0.36426 0.0613
0.3662 0.06231
0.36869 0.06356
0.37184 0.06508
0.37565 0.066850
0.37997 0.06875
0.38467 0.07069
0.3897 0.07267
0.39501 0.07469
0.4005 0.07675
0.40606 0.07884
0.41161 0.080930
0.41709 0.083
0.42247 0.085080
0.42775 0.08717
0.43291 0.08927
0.43796 0.091410
0.4429 0.0936
0.44774 0.095840
0.45248 0.09815
0.457130 0.10053
0.46170 0.10299
0.46617 0.105540
0.47057 0.10818
0.47489 0.11091
0.47912 0.11374
0.48327 0.11665
0.4873 0.11963
0.4912 0.12267
0.4949 0.1257
0.49831 0.12867
0.50135 0.13148
0.50395 0.13408
0.50611 0.13645
0.50785 0.13859
0.50925 0.14053
0.51058 0.14269
-Inserting Flap s1223rtl-
0.64234 0.29561
0.64219 0.29417
0.64196 0.29206
0.64152 0.28981
0.64076 0.28737
0.63967 0.28461
0.63824 0.28142
0.63643 0.2778
0.63429 0.27378
0.63186 0.26947
0.629220 0.26499
0.626430 0.26043
0.62355 0.25586
0.62059 0.25133
0.617560 0.24685
0.61447 0.24244
0.6113 0.23809
0.60803 0.23376
0.60467 0.22944
0.60119 0.22511
0.59759 0.22073
0.59389 0.21629
0.59011 0.21181
0.5863 0.20733
0.58251 0.20288
0.57879 0.19856
0.57518 0.19444
0.57172 0.19061
0.56844 0.18714
0.5653 0.18405
0.56224 0.1813
0.5592 0.17885
0.55617 0.17668
0.55312 0.17477
0.55004 0.17311
0.54694 0.17169
0.54384 0.17051
0.54076 0.16956
0.53777 0.16885
0.53493 0.168340
0.53232 0.16803
0.53 0.16788
0.52798 0.16786
0.52622 0.16795
0.52469 0.16811
0.523370 0.16834
0.52221 0.16861
0.5212 0.1689200
0.5203 0.16925
0.519520 0.16961
0.51883 0.16999
0.51823 0.1704
0.51771 0.17083
0.51728 0.1713
0.51695 0.17185
0.51682 0.17249
0.51695 0.17316
0.517260 0.17382
0.51771 0.1745
0.51827 0.17522
0.51896 0.176
0.51979 0.17688
0.52081 0.17791
0.52207 0.17912
0.52369 0.18061
0.52576 0.18246
0.52841 0.18474
0.53164 0.18743
0.53532 0.19039
0.539360 0.19348
0.54371 0.19669
0.54831 0.20002
0.55307 0.20343
0.55791 0.20689
0.56273 0.21034
0.567490 0.21377
0.57215 0.21717
0.5767 0.220540
0.58114 0.22391
0.58547 0.22729
0.58968 0.230680
0.59377 0.23410
0.59775 0.23755
0.60163 0.24106
0.6054 0.24461
0.60906 0.24824
0.61263 0.25192
0.61609 0.25568
0.61945 0.2595
0.6227 0.263390
0.62583 0.26732
0.6288 0.27126
0.63159 0.275150
0.63412 0.27889
0.63633 0.2824
0.63817 0.28559
0.63964 0.28843
0.64077 0.29095
0.64161 0.29318
0.64234 0.29561
*.*.Setup: s1223rtl.txt as Flap 1, Inverted: y, Scale = 1.0, AoA = 6.0, Reposition from (0,0) = (0, 0)*.*.
*.*.Setup: s1223rtl.txt as Flap 2, Inverted: y, Scale = 0.5, AoA = 30.0, Reposition from previous T.E. = (0.02, 0.05), Reposition from (0,0) = (1.0145, 0.1545)*.*.
*.*.Setup: s1223rtl.txt as Flap 3, Inverted: y, Scale = 0.5, AoA = 45.0, Reposition from previous T.E. = (0.02, 0.08), Reposition from (0,0) = (1.4675, 0.4845)*.*.
*.*.Setup: Scale Ratio = 0.35272*.*.