0.3679 -0.03098
0.36709 -0.031730
0.36548 -0.0332
0.363090 -0.03536
0.36005 -0.03805
0.356540 -0.04108
0.3527 -0.04426
0.34872 -0.04738
0.34471 -0.050290
0.34072 -0.05299
0.33673 -0.0555
0.33274 -0.057850
0.32876 -0.060080
0.32478 -0.06222
0.32081 -0.06426
0.31683 -0.06623
0.31287 -0.06812
0.3089 -0.06993
0.30493 -0.07167
0.30097 -0.07335
0.29701 -0.07497
0.29306 -0.07652
0.2891 -0.07802
0.28515 -0.07946
0.2812 -0.08084
0.27725 -0.08217
0.2733 -0.08343
0.26935 -0.08463
0.26541 -0.08576
0.26147 -0.08684
0.25753 -0.08786
0.25359 -0.08884
0.24966 -0.08979
0.24572 -0.09071
0.24179 -0.09161
0.23786 -0.09247
0.23392 -0.09328
0.22999 -0.09405
0.22607 -0.09477
0.22214 -0.09544
0.21821 -0.09606
0.21429 -0.09663
0.21037 -0.09716
0.20645 -0.09765
0.20253 -0.09809
0.19861 -0.098490
0.19470 -0.09885
0.19078 -0.09918
0.18687 -0.09947
0.18296 -0.09972
0.17905 -0.09994
0.17514 -0.10011
0.17123 -0.10023
0.16732 -0.100310
0.16342 -0.10034
0.15952 -0.10033
0.15562 -0.10027
0.15172 -0.10016
0.14782 -0.1
0.14392 -0.0998
0.14003 -0.09955
0.13614 -0.09924
0.13225 -0.09889
0.12836 -0.09848
0.12447 -0.09803
0.12058 -0.09753
0.1167 -0.09699
0.11282 -0.09642
0.10894 -0.095800
0.10506 -0.09514
0.10118 -0.09443
0.0973 -0.09365
0.09343 -0.09278
0.08956 -0.09183
0.08569 -0.09079
0.08183 -0.08966
0.07797 -0.088440
0.07411 -0.08713
0.07026 -0.08574
0.0664 -0.08423
0.06256 -0.082620
0.05872 -0.08086
0.05488 -0.07896
0.05105 -0.07689
0.047220 -0.07467
0.0434 -0.07229
0.03959 -0.06976
0.03578 -0.06708
0.03197 -0.06424
0.02818 -0.06119
0.02439 -0.057840
0.02062 -0.05411
0.01686 -0.04993
0.01315 -0.04526
0.0096 -0.040240
0.00637 -0.03505
0.00361 -0.02988
0.00147 -0.02489
7e-05 -0.02026
-0.00044 -0.012530
0.00044 -0.00964
0.00208 -0.00754
0.00444 -0.00629
0.0074 -0.00578
0.0108 -0.00586
0.0145 -0.0064
0.01835 -0.00724
0.02222 -0.008250
0.02608 -0.00941
0.02994 -0.01071
0.03379 -0.01214
0.03764 -0.01369
0.04149 -0.01536
0.04533 -0.01713
0.04917 -0.01898
0.053 -0.02090
0.05684 -0.02287
0.06067 -0.02489
0.0645 -0.02695
0.06833 -0.02901
0.07216 -0.03109
0.07599 -0.033170
0.07983 -0.03523
0.08366 -0.03727
0.08749 -0.03928
0.09132 -0.04127
0.09516 -0.04323
0.09899 -0.04515
0.10283 -0.04704
0.10667 -0.04889
0.11051 -0.0507
0.11435 -0.05246
0.11819 -0.05418
0.12204 -0.05586
0.12589 -0.05749
0.12973 -0.05908
0.13358 -0.06061
0.13743 -0.06210
0.14129 -0.06354
0.14514 -0.06493
0.149 -0.06626
0.15286 -0.06755
0.15672 -0.06877
0.16058 -0.06994
0.16444 -0.07106
0.16831 -0.07211
0.172180 -0.0731
0.17605 -0.07404
0.17992 -0.07491
0.1838 -0.075730
0.18767 -0.0765
0.19155 -0.07722
0.19543 -0.07791
0.19931 -0.07854
0.20319 -0.07912
0.20708 -0.07963
0.21097 -0.08008
0.21486 -0.08045
0.21875 -0.08076
0.22264 -0.080990
0.22654 -0.08114
0.23044 -0.08123
0.23434 -0.081250
0.23825 -0.081200
0.242160 -0.08107
0.24607 -0.080870
0.24998 -0.0806
0.25389 -0.08024
0.25781 -0.0798
0.26173 -0.07928
0.26566 -0.07868
0.26959 -0.07799
0.27352 -0.07721
0.27745 -0.07635
0.28139 -0.07538
0.28533 -0.07432
0.28927 -0.07316
0.29322 -0.07189
0.29717 -0.07052
0.3011200 -0.06905
0.30508 -0.0675
0.30904 -0.06586
0.313 -0.06414
0.31697 -0.06235
0.32094 -0.06048
0.32491 -0.05853
0.328880 -0.05651
0.33286 -0.05442
0.33684 -0.05223
0.34082 -0.04993
0.34481 -0.0475
0.3488 -0.04492
0.35278 -0.04219
0.35659 -0.03945
0.36009 -0.03686
0.36311 -0.03457
0.36549 -0.03274
0.3671 -0.0315
0.3679 -0.03098
-Inserting Flap Ga2-
0.51736 0.05534
0.51723 0.05492
0.51695 0.05409
0.51653 0.05288
0.51599 0.05134
0.515350 0.0496
0.51462 0.04775
0.51383 0.04588
0.513 0.04409
0.512120 0.04237
0.51121 0.04072
0.510270 0.03912
0.50931 0.03757
0.50833 0.03605
0.50734 0.03456
0.50633 0.03311
0.50531 0.03168
0.50427 0.03027
0.503230 0.02889
0.50217 0.027540
0.50109 0.02621
0.50001 0.024890
0.49892 0.0236
0.49781 0.02233
0.4967 0.021080
0.49557 0.01985
0.494440 0.01864
0.49329 0.01746
0.49213 0.0163
0.49096 0.01516
0.48978 0.014040
0.488590 0.01293
0.4874 0.01184
0.4862 0.01075
0.485 0.00967
0.48379 0.00861
0.48257 0.00756
0.481350 0.00653
0.48011 0.00552
0.47887 0.00452
0.477620 0.00354
0.4763500 0.00258
0.47509 0.00164
0.47381 0.00071
0.47252 -0.00021
0.47123 -0.00111000
0.46993 -0.00199
0.46862 -0.00287
0.46731 -0.00373
0.46599 -0.00457
0.4646700 -0.00541
0.46333 -0.006220
0.461990 -0.00703
0.46064 -0.00781
0.45928 -0.00858
0.45791 -0.00933
0.45653 -0.01007
0.45515 -0.01078
0.45375 -0.01149
0.45235 -0.01217
0.45094 -0.01284
0.44952 -0.01349
0.44809 -0.01412
0.44665 -0.01473
0.4452 -0.01532
0.44375 -0.0159
0.4422800 -0.01647
0.44081 -0.01702
0.43933 -0.01756
0.437850 -0.01808
0.43635 -0.01858
0.43485 -0.01906
0.43332 -0.01951
0.43179 -0.01993
0.43023 -0.02031
0.428660 -0.02067
0.42707 -0.02099
0.42547 -0.02128
0.42385 -0.02154
0.42221 -0.02176
0.42055 -0.021940
0.41887 -0.02207
0.41716 -0.02215
0.41542 -0.02217
0.41365 -0.02213
0.411850 -0.02204
0.41002 -0.02189
0.40817 -0.02169
0.40629 -0.02144
0.40437 -0.02111
0.40239 -0.02067
0.40035 -0.0201
0.39823 -0.01936
0.39602 -0.01845
0.39381 -0.01738
0.39167 -0.01619
0.3897 -0.01492
0.38799 -0.01359
0.3866 -0.01224
0.38492 -0.009640
0.38467 -0.00845
0.38484 -0.0074
0.38542 -0.0065
0.38635 -0.00575
0.38756 -0.005120
0.38896 -0.00459
0.39047 -0.00414
0.39202 -0.00374
0.3936 -0.0034
0.3952 -0.00311
0.39682 -0.00286
0.39847 -0.00266
0.40014 -0.00249
0.40183 -0.00237
0.40353 -0.00227
0.40524 -0.00220
0.40697 -0.002150
0.4087 -0.00211
0.41044 -0.00208
0.41218 -0.0020700
0.41392 -0.00205
0.41566 -0.00203
0.4174 -0.00201
0.41914 -0.00198
0.42087 -0.00194
0.4226 -0.0019
0.424320 -0.001840
0.42604 -0.00177
0.42774 -0.00168
0.42944 -0.00158
0.43114 -0.00147
0.43282 -0.00134
0.4345 -0.0012
0.43617 -0.00104
0.43784 -0.000870
0.43949 -0.000670
0.44113 -0.00047
0.44277 -0.00024
0.4444 0.000010
0.44601 0.00027
0.44762 0.00055
0.44922 0.00085
0.45081 0.001170
0.45239 0.00150
0.45396 0.00186
0.455510 0.00225
0.45706 0.00265
0.45859 0.00307
0.46012 0.003520
0.46163 0.0039800
0.46314 0.00446
0.46463 0.004960
0.46612 0.00548
0.4676 0.00601
0.46907 0.00656
0.47053 0.00713
0.471980 0.00773
0.47341 0.00835
0.47484 0.009
0.47624 0.00968
0.47764 0.01038
0.47902 0.0111
0.48039 0.01185
0.48174 0.01263
0.48309 0.01343
0.48442 0.01426
0.48573 0.01511
0.48703 0.016
0.488320 0.016910
0.48959 0.01785
0.49084 0.01883
0.49208 0.01983
0.49331 0.02086
0.49452 0.02193
0.49571 0.02303
0.49688 0.02417
0.49803 0.02534
0.49917 0.02655
0.50028 0.02779
0.50138 0.02907
0.50247 0.03038
0.50354 0.03172
0.50459 0.03309
0.50563 0.034490
0.50665 0.03591
0.507670 0.03736
0.50866 0.03884
0.509650 0.040350
0.51062 0.04188
0.51157 0.04346
0.512490 0.04508
0.51339 0.04676
0.51425 0.04848
0.51505 0.05018
0.51577 0.05177
0.51638 0.05316
0.51686 0.05426
0.51718 0.055
0.51736 0.05534
-Inserting Flap Ga2-
0.59728 0.20289
0.59738 0.20246
0.59757 0.20161
0.59785 0.20035
0.59818 0.198760
0.59854 0.19694
0.59889 0.19498
0.59918 0.19298
0.5994 0.19101
0.59955 0.18908
0.59963 0.1872
0.59966 0.18535
0.599640 0.18352
0.5996 0.18172
0.59952 0.17993
0.59942 0.17816
0.599290 0.17641
0.599130 0.17467
0.59896 0.172950
0.598750 0.17124
0.59853 0.16954
0.59829 0.16786
0.59803 0.16619
0.597740 0.16453
0.59744 0.16288
0.59712 0.16125
0.59678 0.15962
0.59642 0.15802
0.59603 0.15642
0.59562 0.15484
0.5952 0.153270
0.59476 0.15171
0.59431 0.15015
0.59385 0.1486
0.59338 0.14705
0.5929 0.14552
0.59241 0.14399
0.5919 0.14247
0.59137 0.14096
0.59082 0.139470
0.59026 0.13798
0.58969 0.1365
0.58909 0.13503
0.58848 0.13358
0.58786 0.13213
0.58723 0.13069
0.58658 0.12925
0.58592 0.12783
0.58524 0.12641
0.58456 0.1250
0.58386 0.12360
0.58314 0.12221
0.58241 0.12082
0.58167 0.11945
0.58090 0.11809
0.58013 0.11673
0.57933 0.11539
0.57852 0.11406
0.5777 0.11273
0.57685 0.11142
0.5760 0.11011
0.57512 0.10882
0.57423 0.107540
0.57332 0.10627
0.57239 0.10501
0.57145 0.10375
0.57049 0.10251
0.56952 0.10128
0.56854 0.10005
0.56754 0.09883
0.56652 0.097620
0.56549 0.09643
0.56442 0.095260
0.56332 0.0941
0.56219 0.09296
0.56104 0.09184
0.55985 0.09074
0.55863 0.08966
0.55738 0.0886
0.55610 0.08756
0.55477 0.08654
0.5534 0.08555
0.55198 0.08459
0.55051 0.08367
0.54898 0.08278
0.54739 0.08193
0.54576 0.0811
0.54407 0.08031
0.54233 0.079550
0.54052 0.07883
0.53860 0.07818
0.53656 0.07761
0.53436 0.07713
0.532010 0.07676
0.52956 0.07652
0.52712 0.07643
0.52477 0.076490
0.52262 0.07674
0.520730 0.07717
0.51794 0.07852
0.51711 0.0794
0.51671 0.08038
0.51674 0.08145
0.51715 0.08258
0.51785 0.08375
0.51877 0.084930
0.51982 0.0861
0.520940 0.08724
0.52211 0.08835
0.52332 0.08944
0.52458 0.09049
0.525890 0.09153
0.52723 0.09253
0.52860 0.09352
0.53 0.09449
0.53143 0.09544
0.53288 0.09638
0.534340 0.09731
0.535810 0.09824
0.53729 0.09916
0.53877 0.10008
0.54025 0.101
0.54172 0.10192
0.54319 0.10285
0.54465 0.10378
0.5461 0.10472
0.54754 0.10567
0.54897 0.10662
0.550380 0.10758
0.55178 0.10855
0.55317 0.10953
0.55455 0.11051
0.555910 0.11151
0.55725 0.11251
0.55858 0.11352
0.55989 0.11455
0.56119 0.115580
0.56247 0.11663
0.56373 0.117680
0.56498 0.11875
0.5662 0.11982
0.56741 0.12091
0.5686 0.12201
0.56978 0.12312
0.57093 0.124240
0.57206 0.12538
0.57317 0.12652
0.57426 0.12768
0.57533 0.128860
0.57638 0.13004
0.57742 0.13124
0.57844 0.13244
0.57944 0.13365
0.58043 0.13488
0.5814 0.13611
0.58235 0.13736
0.58327 0.13862
0.584170 0.1399
0.58505 0.14119
0.5859 0.1425
0.58673 0.14383
0.587530 0.14516
0.58831 0.14652
0.58906 0.147880
0.58979 0.149270
0.5905 0.15067
0.59118 0.152080
0.59183 0.15351
0.592450 0.154960
0.59305 0.15643
0.59362 0.15791
0.59415 0.15941
0.59466 0.16093
0.59514 0.16247
0.59558 0.16403
0.59599 0.16561
0.59637 0.16721
0.59671 0.16883
0.59702 0.170480
0.597290 0.17214
0.597530 0.17383
0.59775 0.17553000
0.59794 0.17724
0.5981 0.17898
0.59823 0.18073
0.59834 0.18249
0.59843 0.18427
0.59849 0.18607
0.59852 0.18789
0.59851 0.18973
0.59845 0.19159
0.59834 0.19349
0.59818 0.195410
0.59799 0.19728
0.59778 0.19901
0.59758 0.20052
0.59741 0.20171
0.5973 0.20251
0.59728 0.20289
*.*.Setup: Ga2.txt as Flap 1, Inverted: y, Scale = 1.0, AoA = -2.0, Reposition from (0,0) = (0, 0)*.*.
*.*.Setup: Ga2.txt as Flap 2, Inverted: y, Scale = 0.4, AoA = 27.0, Reposition from previous T.E. = (0.04, 0.07), Reposition from (0,0) = (1.0377, -0.014)*.*.
*.*.Setup: Ga2.txt as Flap 3, Inverted: y, Scale = 0.4, AoA = 58.333333333333336, Reposition from previous T.E. = (-0.01, 0.07), Reposition from (0,0) = (1.393, 0.2201)*.*.
*.*.Setup: Scale Ratio = 0.36875*.*.