0.3619600000 -0.01779
0.3612 -0.01856
0.35967 -0.02005
0.35739 -0.02225
0.35451 -0.025
0.35117 -0.02809
0.34752 -0.03134
0.34371 -0.03454
0.33988 -0.03753
0.336050 -0.04031
0.33223 -0.04291
0.3284 -0.04535
0.32457 -0.04768
0.32074 -0.04991
0.31691 -0.05205
0.31308 -0.05412
0.30925 -0.0561
0.30542 -0.05802
0.30159 -0.05986
0.29777 -0.06165
0.29394 -0.06337
0.29011 -0.06503
0.28628 -0.06663
0.28245 -0.06818
0.27862 -0.069670
0.27479 -0.07111
0.270960 -0.07248
0.26713 -0.07379
0.2633 -0.07504
0.25948 -0.07623
0.25565 -0.07737
0.25182 -0.07847
0.247990 -0.07953
0.24416 -0.08057
0.24033 -0.081580
0.2365 -0.08256
0.23267 -0.0835
0.22884 -0.08439
0.225010 -0.08523
0.22119 -0.086020
0.21736 -0.08676
0.21353 -0.08746
0.2097 -0.08811
0.20587 -0.08872
0.20204 -0.08929
0.19821 -0.08981
0.19438 -0.09031
0.19055 -0.09076
0.18673 -0.09118
0.1829 -0.09156
0.17907 -0.0919
0.17524 -0.0922
0.17141 -0.09246
0.16758 -0.09267
0.16375 -0.09284
0.15992 -0.09296
0.15609 -0.09303
0.15226 -0.09306
0.14844 -0.09304
0.14461 -0.09297
0.14078 -0.09286
0.136950 -0.09269
0.13312 -0.09248
0.12929 -0.09222
0.12546 -0.0919
0.12163 -0.09155
0.1178 -0.09115
0.113980 -0.09072
0.11015 -0.09025
0.10632 -0.08974
0.10249 -0.08917
0.09866 -0.088530
0.09483 -0.087820
0.0910 -0.08702
0.08717 -0.08613
0.08334 -0.08515
0.07951 -0.08409
0.07569 -0.08294
0.07186 -0.0817
0.06803 -0.08036
0.0642 -0.0789
0.06037 -0.07731
0.05654 -0.0755800
0.05271 -0.07368
0.04888 -0.0716300
0.04505 -0.069430
0.04123 -0.06708
0.0374 -0.06458
0.03357 -0.06193
0.02974 -0.05906
0.025910 -0.0559
0.02208 -0.052370
0.01825 -0.0484
0.01445 -0.04395
0.0108 -0.03915
0.00745 -0.03417
0.00457 -0.02919
0.0023 -0.02437
0.00077 -0.01987
0.000000 -0.01231
0.00077 -0.00944
0.0023 -0.00732
0.00457 -0.00601
0.00745 -0.00541
0.0108 -0.00538
0.01445 -0.00578
0.01825 -0.00647
0.02208 -0.00733
0.025910 -0.00834
0.02974 -0.00948
0.03357 -0.01075
0.0374 -0.01214
0.04123 -0.01365
0.04505 -0.01525
0.04888 -0.01693
0.05271 -0.01868
0.05654 -0.02049
0.06037 -0.02234
0.0642 -0.02422
0.06803 -0.02612
0.07186 -0.02803
0.07569 -0.02993
0.07951 -0.03182
0.08334 -0.03369
0.08717 -0.03554
0.0910 -0.03736
0.09483 -0.03915
0.09866 -0.0409
0.10249 -0.04262
0.10632 -0.0443
0.11015 -0.04595
0.113980 -0.04755
0.1178 -0.0491
0.12163 -0.050620
0.12546 -0.05209
0.12929 -0.05351
0.13312 -0.054880
0.136950 -0.0562100
0.14078 -0.05749
0.14461 -0.05872
0.14844 -0.0599
0.15226 -0.06103
0.15609 -0.0621
0.15992 -0.06311
0.16375 -0.06407
0.16758 -0.06498
0.17141 -0.06582
0.17524 -0.0666
0.17907 -0.06732
0.1829 -0.067990
0.18673 -0.068620
0.19055 -0.0692
0.19438 -0.06973
0.19821 -0.070220
0.20204 -0.07065
0.20587 -0.07102
0.2097 -0.07133
0.21353 -0.07157
0.21736 -0.07173
0.22119 -0.07182
0.225010 -0.07184
0.22884 -0.07179
0.23267 -0.07168
0.2365 -0.07149
0.24033 -0.071240
0.24416 -0.07091
0.247990 -0.0705
0.25182 -0.07002
0.25565 -0.06946
0.25948 -0.06881
0.2633 -0.06808
0.26713 -0.06727
0.270960 -0.06638
0.27479 -0.06539
0.27862 -0.06431
0.28245 -0.06313
0.28628 -0.06186
0.29011 -0.06048
0.29394 -0.059
0.29777 -0.05743
0.30159 -0.05577
0.30542 -0.05402
0.30925 -0.0522
0.31308 -0.050310
0.31691 -0.04833
0.32074 -0.04629
0.32457 -0.04417
0.3284 -0.04198
0.33223 -0.0397
0.336050 -0.03731
0.33988 -0.03479
0.34371 -0.032120
0.34752 -0.02931
0.35117 -0.02649
0.35451 -0.02382
0.35739 -0.02147
0.35967 -0.019590
0.3612 -0.01833
0.3619600000 -0.01779
-Inserting Flap Ga2-
0.49636 0.08538
0.4963 0.08495
0.496170 0.08411
0.49597 0.08286
0.49571 0.081290
0.49539 0.07949
0.495 0.07758
0.49456 0.07564
0.49405 0.073760
0.4935 0.07195
0.4929 0.0702
0.49227 0.0685
0.4916 0.06683
0.49092 0.0652
0.49021 0.06359
0.48948 0.06201
0.48874 0.06045
0.48798 0.058920
0.4872 0.05741
0.4864 0.05592
0.4856 0.05445
0.48477 0.05299
0.483940 0.05156
0.48309 0.05014
0.48222 0.04874
0.48134 0.04736
0.48045 0.046
0.47954 0.04466
0.47862 0.04334
0.47768 0.04204
0.47673 0.04076
0.47578 0.03948
0.47481 0.03822
0.473840 0.03697
0.47286 0.03572
0.47187 0.03449
0.47087 0.03327
0.469860 0.03206
0.46884 0.03087
0.46781 0.0297
0.466760 0.02854
0.46571 0.02739
0.46464 0.02626
0.46357 0.02515
0.46248 0.024050
0.46138 0.02295
0.46028 0.02188
0.45916 0.02081
0.45804 0.01975
0.456910 0.01871
0.45577 0.017680
0.45462 0.01666
0.45346 0.01566
0.45229 0.01467
0.4511 0.013690
0.44991 0.01273
0.4487 0.01179
0.447490 0.01086
0.44626 0.00994
0.44502 0.009040
0.44377000 0.00816
0.44251 0.00729
0.441230 0.00643
0.43994 0.0056
0.43865 0.004770
0.43734 0.00397
0.43602 0.00317
0.43469 0.00239
0.43335 0.00162
0.43201 0.000860
0.43065 0.00012
0.42927 -0.00060
0.42788 -0.00129
0.42646 -0.00196
0.42502 -0.00260
0.42357 -0.00321
0.42209 -0.00379
0.42059 -0.00434
0.41906 -0.00487
0.41752 -0.00536
0.41594 -0.00582
0.41434 -0.00623
0.4127 -0.0066
0.41102 -0.00692
0.4093 -0.00718
0.40755 -0.00740
0.40576 -0.007570
0.40393 -0.0077
0.402070 -0.00777
0.40016 -0.00778
0.39818 -0.00769
0.3961 -0.00748
0.39392 -0.00714
0.39164 -0.00663
0.38932 -0.00598
0.38705 -0.00519
0.38493 -0.00429
0.38304 -0.0033
0.38147 -0.002230
0.37941 -0.000004
0.37896 0.0011
0.37894 0.00214
0.37935 0.00311
0.38013 0.004
0.38119 0.00481
0.38245 0.00556
0.38383 0.00626
0.38526 0.0069
0.38673 0.00750
0.38823 0.00806
0.38975 0.00858
0.39131 0.00905
0.3929 0.0095
0.39451 0.00991
0.39613 0.01029
0.39778 0.01065
0.399440 0.011
0.40111 0.01133
0.40278 0.01165
0.40446 0.01196
0.40614 0.01228
0.40783 0.012590
0.4095 0.01291
0.41118 0.01323
0.412850 0.013560
0.414510 0.01390
0.416160 0.01425
0.41781 0.01461
0.41944 0.01499
0.42107 0.01537
0.42269 0.01577
0.4243 0.01618
0.4259 0.01660
0.42748 0.01704
0.42906 0.01749
0.43063 0.01796
0.43218 0.01844
0.433720 0.01894
0.435250 0.01945
0.43677 0.01998
0.438280 0.02053
0.43977 0.02109
0.441260 0.02167
0.44272 0.02227
0.44418 0.02288
0.44562 0.02352
0.44704 0.024170
0.448460 0.02484
0.44985 0.02553
0.45124 0.02624
0.452610 0.02696
0.45397 0.0277
0.45533 0.02845
0.45667 0.02921
0.4579900 0.03
0.45931 0.0308
0.4606 0.03162
0.46188 0.03247
0.46314 0.03334
0.46439 0.03423
0.46562 0.03515
0.46683 0.03609
0.46803 0.03704
0.4692 0.038020
0.47037 0.03903
0.47151 0.040050
0.47264 0.04111
0.473740 0.04218
0.47483 0.04328
0.4759 0.04441
0.47695 0.04557
0.47797 0.04675
0.47898 0.04795
0.47997 0.04919
0.48093 0.05046
0.48187 0.05176
0.48279 0.05309
0.48368 0.05445
0.48454 0.05584
0.48539 0.057270
0.48621 0.05872
0.48702 0.0602
0.48780 0.0617
0.48857 0.06323
0.48932 0.06478
0.49005 0.06635
0.49076 0.06795
0.491460 0.06957
0.49213 0.07122
0.49278 0.07291
0.49339 0.0746400
0.49397 0.07641
0.49451 0.07823
0.495 0.08
0.495430 0.08166
0.49578 0.08311
0.49606 0.08425
0.49624 0.08503
0.49636 0.08538
-Inserting Flap Ga2-
0.60622 0.21988
0.60627 0.21945
0.60636 0.2186
0.60648 0.21734
0.60663 0.21575
0.60677 0.21394
0.60688 0.21199
0.60694 0.21
0.60693 0.20805
0.60685 0.20616
0.60672 0.20432
0.60654 0.20251
0.60632 0.20073
0.60607 0.19898
0.60579 0.19724
0.60549 0.195530
0.60516 0.19383
0.60481 0.19216
0.60444 0.1905
0.60405 0.18886
0.60364 0.18723
0.60321 0.18561
0.602760 0.18401
0.6023 0.18243
0.601820 0.18086
0.601320 0.1793
0.6008 0.177760
0.60026 0.17623
0.5997 0.1747200
0.59913 0.17322
0.59853 0.17174
0.59793 0.17027
0.59731 0.1688
0.59669 0.16734
0.59606 0.16589
0.59541 0.16444
0.59476 0.16301
0.59409 0.16159
0.5934 0.16018
0.59270 0.15878
0.59198 0.1574
0.59125 0.15602
0.5905 0.15466
0.58975 0.15331
0.58897 0.151960
0.58819 0.15063
0.58739 0.14931
0.58659 0.14799
0.58577 0.14669
0.58494 0.14539
0.5841 0.14411
0.58324 0.14283
0.58237 0.1415600
0.58149 0.14031
0.58059 0.13907
0.57968 0.13784
0.57875 0.13662
0.57781 0.13541
0.57685 0.13421
0.575880 0.13303
0.5749 0.13186
0.5738900 0.130690
0.57288 0.12955
0.57184 0.12841
0.5708 0.12729
0.56973 0.12617
0.56866 0.12507
0.56757 0.12398
0.56648 0.12289
0.56537 0.12182
0.56424 0.12076
0.563090 0.119710
0.56192 0.1186900
0.56071 0.11768
0.55949 0.1167
0.55823 0.115750
0.55695 0.114810
0.55563 0.113890
0.5543 0.1130
0.55292 0.112130
0.55152 0.11129
0.550070 0.11048
0.54857 0.10971
0.54703 0.10898
0.54544 0.10829
0.5438 0.10763
0.54211 0.10702
0.54037 0.10643
0.53859 0.10589
0.53674 0.1054
0.5348 0.10498
0.53274 0.10466
0.53055 0.10444
0.52821 0.104350
0.5258 0.1044
0.5234 0.104580
0.52112 0.10491
0.51905 0.1054
0.51726 0.10603
0.5147 0.10767
0.51399 0.108620
0.5137 0.10962
0.51385 0.11066
0.51438 0.11172
0.5152 0.11277
0.51623 0.11382
0.51739 0.11484
0.51861 0.11583
0.51988 0.11678
0.52119 0.1177
0.52254 0.11859
0.52392 0.11944
0.52534 0.12027
0.52680 0.12107
0.52827 0.12186
0.52977 0.12262
0.53129 0.12338
0.532820 0.12412
0.53436 0.12485
0.53591 0.12558
0.53746 0.12631
0.539 0.12704
0.54055 0.12778
0.54208 0.12851
0.54361 0.12926
0.54513 0.13001
0.54664 0.13076
0.54815 0.13153
0.54963 0.1323
0.551110 0.13309
0.55258 0.13388
0.55403 0.13469
0.55547 0.1355
0.55689 0.13633
0.5583 0.13716
0.5597 0.13801
0.56108 0.13887
0.56245 0.13974
0.5638 0.14063
0.56513 0.14153
0.56645 0.14243
0.56776 0.14336
0.5690400 0.14429
0.57031 0.14524
0.57156 0.14620
0.5728 0.14718
0.57401 0.14817
0.57521 0.14918
0.57638 0.1502
0.57754 0.15124
0.57869 0.152290
0.57982 0.15334
0.58094 0.15441
0.58204 0.15549
0.58313 0.15659
0.58419 0.1577
0.58524 0.15882
0.58626 0.15996
0.58726 0.16113
0.58824 0.1623
0.5892 0.1635
0.59013 0.16471
0.59105 0.16594
0.59194 0.16719
0.59281 0.16845
0.59366 0.16974
0.59448 0.17104
0.59528 0.17236
0.59605 0.1737
0.59680 0.175060
0.59752 0.17645
0.59822 0.17785
0.59888 0.17927
0.59952 0.18072
0.60014 0.18219
0.60072 0.18368
0.60127 0.1852
0.60178 0.18674
0.60227 0.18831
0.60273 0.1899
0.60315 0.19152
0.60356 0.19315
0.60394 0.1948
0.604290 0.19647
0.60462 0.19817
0.60493 0.19987
0.60522 0.2016
0.60548 0.20335
0.60571 0.20511
0.605910 0.20691
0.60607 0.20873
0.60618 0.2106
0.60625 0.21249
0.60627 0.214330
0.606260 0.21604
0.60624 0.21753
0.60621 0.21871
0.6062 0.219510
0.60622 0.21988
*.*.Setup: Ga2.txt as Flap 1, Inverted: y, Scale = 1.0, AoA = 0.0, Reposition from (0,0) = (0, 0)*.*.
*.*.Setup: Ga2.txt as Flap 2, Inverted: y, Scale = 0.4, AoA = 37.0, Reposition from previous T.E. = (0.04, 0.06), Reposition from (0,0) = (1.04, 0.0109)*.*.
*.*.Setup: Ga2.txt as Flap 3, Inverted: y, Scale = 0.4, AoA = 51.666666666666664, Reposition from previous T.E. = (0.04, 0.07), Reposition from (0,0) = (1.4113, 0.3059)*.*.
*.*.Setup: Scale Ratio = 0.36196*.*.