0.3679900000 -0.01808
0.36721 -0.01887
0.36565 -0.02038
0.36334 -0.02262
0.36041 -0.02541
0.35701 -0.02856
0.3533 -0.03186
0.34943 -0.03511
0.34554 -0.03815
0.341650 -0.04098
0.33775 -0.04362
0.33386 -0.04611
0.32997 -0.04847
0.32608 -0.05074
0.32218 -0.05292
0.31829 -0.05502
0.3144 -0.05704
0.3105 -0.05898
0.30661 -0.06086
0.30272 -0.06267
0.29883 -0.06442
0.29493 -0.06611
0.29104 -0.06774
0.28715 -0.06931
0.28326 -0.070830
0.27936 -0.07229
0.275470 -0.07369
0.27158 -0.07502
0.26769 -0.07629
0.26379 -0.0775
0.2599 -0.07865
0.25601 -0.07977
0.252110 -0.08085
0.24822 -0.08191
0.24433 -0.082940
0.24044 -0.08393
0.23654 -0.08489
0.23265 -0.08579
0.228760 -0.08664
0.22487 -0.087450
0.22097 -0.0882
0.21708 -0.08891
0.21319 -0.08957
0.2093 -0.09019
0.2054 -0.09077
0.20151 -0.09131
0.19762 -0.09181
0.19372 -0.09227
0.18983 -0.0927
0.18594 -0.09308
0.18205 -0.09343
0.17815 -0.09374
0.17426 -0.094
0.17037 -0.09421
0.16648 -0.09438
0.16258 -0.0945
0.15869 -0.09458
0.1548 -0.09461
0.15091 -0.09459
0.14701 -0.09452
0.14312 -0.0944
0.139230 -0.09424
0.13533 -0.09402
0.13144 -0.09375
0.12755 -0.09343
0.12366 -0.09307
0.11976 -0.09267
0.115870 -0.09223
0.11198 -0.09175
0.10809 -0.09123
0.10419 -0.09065
0.1003 -0.090010
0.09641 -0.089280
0.092520 -0.08847
0.08862 -0.08756
0.08473 -0.08657
0.08084 -0.08549
0.07694 -0.08432
0.07305 -0.08306
0.06916 -0.0817
0.06527 -0.08021
0.06137 -0.0786
0.05748 -0.0768400
0.05359 -0.07491
0.0497 -0.0728200
0.0458 -0.070580
0.04191 -0.06819
0.03802 -0.06565
0.03413 -0.06296
0.03023 -0.06004
0.026340 -0.05683
0.02245 -0.053240
0.01855 -0.04921
0.01469 -0.04468
0.01098 -0.0398
0.00758 -0.03474
0.00465 -0.02967
0.00234 -0.02477
0.00078 -0.02021
0.000000 -0.01252
0.00078 -0.0096
0.00234 -0.00745
0.00465 -0.00611
0.00758 -0.0055
0.01098 -0.00547
0.01469 -0.00588
0.01855 -0.00658
0.02245 -0.00746
0.026340 -0.00848
0.03023 -0.00964
0.03413 -0.01093
0.03802 -0.01235
0.04191 -0.01387
0.0458 -0.0155
0.0497 -0.01721
0.05359 -0.019
0.05748 -0.02083
0.06137 -0.02272
0.06527 -0.02463
0.06916 -0.02656
0.07305 -0.0285
0.07694 -0.03043
0.08084 -0.03235
0.08473 -0.03425
0.08862 -0.03613
0.092520 -0.03798
0.09641 -0.0398
0.1003 -0.04159
0.10419 -0.04333
0.10809 -0.04504
0.11198 -0.04671
0.115870 -0.04834
0.11976 -0.04992
0.12366 -0.051460
0.12755 -0.05295
0.13144 -0.0544
0.13533 -0.05580
0.139230 -0.0571500
0.14312 -0.05845
0.14701 -0.0597
0.15091 -0.0609
0.1548 -0.06204
0.15869 -0.06313
0.16258 -0.06416
0.16648 -0.06514
0.17037 -0.06606
0.17426 -0.06691
0.17815 -0.06771
0.18205 -0.06844
0.18594 -0.069130
0.18983 -0.069760
0.19372 -0.07035
0.19762 -0.07089
0.20151 -0.071390
0.2054 -0.07183
0.2093 -0.07221
0.21319 -0.07252
0.21708 -0.07276
0.22097 -0.07292
0.22487 -0.07301
0.228760 -0.07304
0.23265 -0.07299
0.23654 -0.07287
0.24044 -0.07268
0.24433 -0.072420
0.24822 -0.07209
0.252110 -0.07168
0.25601 -0.07118
0.2599 -0.07061
0.26379 -0.06996
0.26769 -0.06922
0.27158 -0.06839
0.275470 -0.06748
0.27936 -0.06648
0.28326 -0.06538
0.28715 -0.06418
0.29104 -0.06288
0.29493 -0.06148
0.29883 -0.05998
0.30272 -0.05838
0.30661 -0.05669
0.3105 -0.05492
0.3144 -0.05307
0.31829 -0.051140
0.32218 -0.04914
0.32608 -0.04706
0.32997 -0.04491
0.33386 -0.04268
0.33775 -0.04036
0.341650 -0.03793
0.34554 -0.03537
0.34943 -0.032650
0.3533 -0.02979
0.35701 -0.02693
0.36041 -0.02422
0.36334 -0.02183
0.36565 -0.019920
0.36721 -0.01863
0.3679900000 -0.01808
-Inserting Flap Ga2-
0.51137 0.079540
0.51127 0.079110
0.51106 0.07827
0.51075 0.07702
0.51035 0.07545
0.509860 0.073660
0.50930 0.07176
0.50868 0.06983
0.50801 0.06798
0.50728 0.066190
0.50652 0.06447
0.505730 0.06280
0.50491 0.06118
0.504070 0.05958
0.50321 0.05802
0.50234 0.05648
0.50145 0.05497
0.50054 0.05349
0.4996100 0.05202
0.49868 0.05058
0.49773 0.04917
0.49677 0.04777
0.49579 0.04639
0.4948 0.04503
0.49381 0.04369
0.49279 0.04237
0.49177 0.04107
0.49073 0.03979
0.48968 0.03854
0.48862 0.0373
0.48754 0.03609
0.48646 0.03488
0.485370 0.033690
0.48427 0.03251
0.48317 0.03133
0.48206 0.03017
0.48094 0.02902
0.47981 0.02789
0.47867 0.02677
0.47752 0.02568
0.47636 0.0246
0.47519 0.02353
0.47401 0.022480
0.47282 0.02145
0.47162 0.02042
0.47042 0.01942
0.4692 0.01842
0.467980 0.01744
0.46675 0.01647
0.46551 0.01551
0.46426 0.01457
0.46301 0.01364
0.46174 0.01273
0.460470 0.01183
0.45918 0.010950
0.457890 0.01008
0.45658 0.00923
0.45527 0.0084
0.45394 0.00758
0.45261 0.00678
0.45126 0.00599
0.44991 0.005220
0.44854 0.00447
0.44716 0.00374
0.44578 0.00302
0.44438 0.00232
0.442970 0.00163
0.44156 0.00095
0.44014 0.00029
0.43871 -0.00036
0.43726 -0.00099
0.43581 -0.00159
0.43433 -0.00217
0.43284 -0.00272
0.43133 -0.00324
0.4298 -0.00373
0.42825 -0.00419
0.42668 -0.00462
0.42509 -0.00501
0.42348 -0.00538
0.421850 -0.0057
0.42019 -0.00598
0.41849 -0.0062
0.41676 -0.00638
0.4150 -0.00649
0.4132 -0.00656
0.41138 -0.00657
0.40952 -0.006540
0.40763 -0.00645
0.40569 -0.00628
0.40369 -0.00602
0.40161 -0.005630
0.39943 -0.005080
0.39716 -0.00437
0.39487 -0.0035
0.39264 -0.0025
0.39057 -0.0014
0.38875 -0.000230
0.38725 0.00099
0.38536 0.00343
0.385 0.00458
0.38508 0.00565
0.38558 0.00659
0.38644 0.00742
0.38759 0.00815
0.38893 0.0088
0.39039 0.00938
0.3919 0.00991
0.39344 0.01038
0.395 0.01081
0.3966 0.01120
0.39822 0.01155
0.39986 0.01185
0.40153 0.01213
0.40321 0.012370
0.40491 0.01259
0.40662 0.01279
0.40834 0.01298
0.410070 0.01316
0.4118 0.01333
0.41353 0.0135
0.41526 0.01366
0.41698 0.01384
0.41871 0.01402
0.42043 0.01421
0.42214 0.01440
0.42385 0.01461
0.42554 0.01483
0.42724 0.01506
0.42892 0.0153100
0.43059 0.01557
0.43226 0.01584
0.43391 0.016130
0.43556 0.01643
0.43720 0.01675
0.43882 0.01708
0.44044 0.01744
0.44205 0.0178
0.4436400 0.01819
0.44523 0.01859
0.4468 0.019010
0.44837 0.01944
0.449920 0.0199
0.45146 0.02037
0.45298 0.02087
0.454500 0.02138
0.456 0.02192
0.45749 0.02247
0.458970 0.02305
0.46043 0.02364
0.46189 0.02425
0.46333 0.02488
0.46477 0.02552
0.46619 0.026170
0.46761 0.02685
0.46901 0.02755
0.47039 0.02827
0.471770 0.02901
0.47312 0.02978
0.47446 0.03057
0.47579 0.03139
0.4771 0.03223
0.47839 0.0331
0.47967 0.03399
0.48094 0.0349
0.48219 0.035840
0.48342 0.0368
0.48464 0.0378
0.48584 0.03881
0.48702 0.03986
0.488180 0.04094
0.48933 0.04204
0.49045 0.04318
0.49156 0.04434
0.49265 0.04554
0.49372 0.04677
0.49476 0.04804
0.49579 0.04934
0.49679 0.05067
0.49777 0.05204
0.49873 0.05344
0.49968 0.054860
0.5006 0.05632
0.50152 0.0578
0.50241 0.0593
0.50329 0.06083
0.50416 0.06239
0.505 0.06397
0.50583 0.06558
0.50664 0.06723
0.50742 0.06892
0.50816 0.07067
0.50887 0.07246
0.50952 0.07422
0.5101 0.07586
0.51058 0.07729
0.510960 0.07843
0.51122 0.07919
0.51137 0.079540
-Inserting Flap Ga2-
0.60466 0.2126
0.604710 0.21216
0.6048 0.2113
0.60493 0.21002
0.60507 0.2084
0.60522 0.20656
0.605330 0.20457
0.60539 0.20255
0.60538 0.20058
0.60531 0.19865
0.60517 0.19678
0.60498 0.19494
0.60476 0.19313
0.6045 0.19135
0.604220 0.18958
0.60391 0.18784
0.60358 0.18612
0.60323 0.18442
0.60285 0.18273
0.60245 0.18106
0.60204 0.1794
0.6016 0.17776
0.60115 0.17614
0.60068 0.17452
0.60019 0.17293
0.59968 0.17134
0.59915 0.16977
0.598600 0.16822
0.59803 0.166690
0.59745 0.16517
0.59685 0.16366
0.59623 0.16216
0.5956 0.16067
0.59497 0.15918
0.594330 0.15771
0.59367 0.15624
0.593010 0.15478
0.59232 0.15334
0.59163 0.1519
0.59091 0.15048
0.59018 0.14907
0.5894400 0.14768
0.58868 0.14629
0.58791 0.14492
0.58713 0.14355
0.58633 0.1422
0.58552 0.14085
0.5847 0.13952
0.58387 0.13819
0.58302 0.13687
0.58217 0.13556
0.5813 0.13427
0.58041 0.13298
0.579520 0.1317
0.5786 0.13044
0.57767 0.12919
0.57673 0.12795
0.57577 0.12672
0.5748 0.12551
0.57382 0.1243
0.57281 0.12311
0.5718 0.121930
0.57076 0.12076
0.56971 0.119610
0.56865 0.11846
0.56757 0.11733
0.56648 0.11621
0.56537 0.11510
0.56426 0.114
0.56313 0.1129
0.56198 0.11183
0.56081 0.11076
0.55962 0.109720
0.5584 0.108700
0.55715 0.107710
0.55587 0.106730
0.55457 0.105780
0.55323 0.104850
0.55187 0.10394
0.55048 0.103050
0.54905 0.10220
0.54758 0.1013800
0.54606 0.10060
0.54449 0.09985
0.54287 0.09915
0.5412 0.09848
0.53948 0.09786
0.53772 0.09726
0.53591 0.09671
0.53403 0.09621
0.532050 0.09579
0.52996 0.09546
0.5277300 0.09524
0.52535 0.09515
0.5229 0.09519
0.52047 0.0953800
0.51815 0.09572
0.51604 0.09621
0.51422 0.09685
0.51161 0.09852
0.51089 0.09949
0.5106 0.10051
0.510760 0.10156
0.51129 0.10264
0.51213 0.10371
0.51317 0.10477
0.51435 0.10581
0.5156 0.10682
0.51688 0.10778
0.51821 0.10872
0.51958 0.10962
0.52099 0.11049
0.52244 0.11133
0.52391 0.11215
0.52542 0.11295
0.52694 0.11372
0.52848 0.11449
0.53004 0.11524
0.53161 0.11599
0.53318 0.11673
0.53475 0.11747
0.53632 0.11822
0.53789 0.11896
0.53945 0.11971
0.54101 0.12047
0.54256 0.12123
0.54409 0.1220
0.54562 0.12278
0.547130 0.12356
0.54863 0.12436
0.55012 0.12517
0.55160 0.125990
0.55306 0.12682
0.55451 0.12766
0.55595 0.12851
0.55736 0.129370
0.55877 0.13024
0.56016 0.13113
0.56153 0.13203
0.56289 0.13294
0.56423 0.13386
0.56556 0.1348
0.56686 0.13575
0.56816 0.13672
0.56943 0.13770
0.570680 0.13869
0.57191 0.1397
0.57313 0.14072
0.57433 0.14176
0.57551 0.14281
0.5766700 0.143880
0.57782 0.14495
0.57896 0.14604
0.580080 0.14714
0.581180 0.14825
0.58227 0.14938
0.58333 0.15052
0.58437 0.15169
0.58539 0.15287
0.58638 0.15406
0.58736 0.15528
0.58831 0.15651
0.58924 0.15776
0.590140 0.15903
0.59103 0.16032
0.59189 0.16162
0.59272 0.16295
0.59354 0.16429
0.59432 0.165650
0.59508 0.167040
0.59582 0.16844
0.59652 0.16987
0.5972 0.17131
0.59785 0.17278
0.59847 0.17428
0.59907 0.1758
0.59962 0.17734
0.60015 0.17891
0.60064 0.1805
0.60111 0.18212
0.60154 0.18376
0.60195 0.18542
0.60234 0.1871
0.6027 0.1888
0.60304 0.19052
0.6033500 0.19226
0.60364 0.19401
0.60391 0.19579
0.60415 0.19758
0.60435 0.19941
0.60451 0.20127
0.604620 0.20316
0.60469 0.20508
0.604710 0.206960
0.6047 0.2087
0.604680 0.21021
0.60465 0.21141
0.60463 0.21222
0.60466 0.2126
*.*.Setup: Ga2.txt as Flap 1, Inverted: y, Scale = 1.0, AoA = 0.0, Reposition from (0,0) = (0, 0)*.*.
*.*.Setup: Ga2.txt as Flap 2, Inverted: y, Scale = 0.4, AoA = 32.0, Reposition from previous T.E. = (0.04, 0.07), Reposition from (0,0) = (1.04, 0.0209)*.*.
*.*.Setup: Ga2.txt as Flap 3, Inverted: y, Scale = 0.4, AoA = 51.666666666666664, Reposition from previous T.E. = (-0.01, 0.06), Reposition from (0,0) = (1.3796, 0.2762)*.*.
*.*.Setup: Scale Ratio = 0.36799*.*.