0.35523 0.05626
0.35324 0.054060
0.35035 0.05086
0.34693 0.04768
0.34275 0.04456
0.33764 0.0413
0.33145 0.03778
0.32413 0.03395
0.31577 0.02990
0.3066 0.0257
0.29687 0.02147
0.2868 0.01728
0.27657 0.0132
0.26625 0.00928
0.2559 0.00553
0.24551 0.00196
0.23506 -0.00143
0.22449 -0.00466
0.21376 -0.00774
0.20282 -0.01073
0.19163 -0.01364
0.18021 -0.01652
0.16861 -0.01938
0.15695 -0.02222
0.14537 -0.02501
0.13404 -0.02767
0.12314 -0.030140
0.11286 -0.03232
0.10329 -0.03411
0.0944 -0.03545
0.08604 -0.03632
0.07811 -0.03672
0.0705 -0.03667
0.06318 -0.036160
0.05611 -0.03521
0.0493 -0.03384
0.04276 -0.03206
0.03655 -0.02994
0.03075 -0.02753
0.02546 -0.02495
0.02079 -0.022340
0.016780 -0.01981
0.01341 -0.01742
0.010610 -0.01517
0.0083 -0.01307
0.006380 -0.011110
0.0048 -0.00927
0.00349 -0.00754
0.00242 -0.00592
0.00156 -0.0043900
0.00088 -0.00293
0.00037 -0.001540
0.000086 -0.00021
-0.00012 0.00108000
0.000005 0.00238
0.00056 0.003580
0.00156 0.00454
0.00288 0.00527
0.00443 0.00585
0.00622 0.006350
0.00829 0.00682
0.01072 0.00728
0.01362 0.00775
0.01717 0.00824
0.02161 0.00876
0.02725 0.00931
0.03436 0.00991
0.04292 0.01049
0.05254 0.01094
0.06290 0.01121
0.073920 0.01129
0.0855 0.01127
0.097460 0.01119
0.10958 0.01109
0.12168 0.011
0.13363 0.01096
0.145390 0.01098
0.15695 0.0111
0.16832 0.011330
0.17950 0.01172
0.19051 0.01226
0.20136 0.01299
0.21207 0.01392
0.2226700 0.01506
0.23315 0.01641
0.24354 0.01799
0.25384 0.0198
0.264050 0.02185
0.27418 0.02413
0.2842 0.02665
0.29407 0.02938
0.3037 0.03231
0.31296 0.03539
0.32163 0.03854
0.32947 0.04168
0.33633 0.04473
0.34216 0.04765
0.34705 0.05046
0.35112 0.05313
0.35523 0.05626
-Inserting Flap s1223rtl-
0.52422 0.15374
0.52345 0.15247
0.52234 0.15062
0.52096 0.14873
0.51921 0.1468
0.51701 0.14471
0.51431 0.14239
0.51108 0.13982
0.507370 0.13703
0.50326 0.13409
0.49889 0.13109
0.49435 0.12807
0.48972 0.1251
0.48503 0.12218
0.48031 0.11936
0.475550 0.11661
0.47074 0.11395
0.46586 0.111360
0.46089 0.108820
0.4558 0.10631
0.45059 0.10382
0.44526 0.10131
0.43984 0.09880
0.43438 0.0963
0.42897 0.093820
0.42366 0.09144
0.41855 0.08918
0.41371 0.08713
0.40918 0.08534
0.40495 0.08383
0.40093 0.08261
0.39707 0.08166
0.39333 0.08096
0.38969 0.08051
0.38613 0.0803
0.38266 0.08032
0.37928 0.08057
0.37603 0.08102
0.37295 0.08165
0.37011 0.08241
0.36757 0.083250
0.36536 0.08411
0.36348 0.08496
0.36189 0.0858
0.360550 0.08661
0.35943 0.08739
0.35847 0.08814
0.35767 0.08886
0.35699 0.08955
0.35642 0.09022
0.355940 0.09087
0.35556 0.09151
0.35527 0.092130
0.35507 0.09275
0.355010 0.0934
0.35517 0.09404
0.35557 0.09461
0.356140 0.09509
0.35685 0.09552
0.35768 0.09594
0.358650 0.09637
0.3598 0.09683
0.36118 0.09733
0.36288 0.09791
0.36501 0.09859
0.36772 0.0994
0.37115 0.10037
0.3753 0.10147
0.379970 0.10261
0.38504 0.10373
0.390440 0.10482
0.39612 0.105920
0.402 0.10702
0.40796 0.10813
0.4139 0.10924
0.41977 0.11036
0.42554 0.11149
0.43121 0.11265
0.43677 0.11385
0.44222 0.1151
0.447570 0.11642
0.45282 0.11782
0.45799 0.11929
0.46308 0.12086
0.4681 0.12253
0.47305 0.12429
0.47793 0.12617
0.48275 0.12815
0.4875 0.13023
0.49218 0.13242
0.49676 0.13471
0.501210 0.13706
0.50546 0.13946
0.509420 0.14183
0.51297 0.14412
0.51604 0.14627
0.51862 0.14826
0.52075 0.15011
0.52250 0.15181
0.52422 0.15374
-Inserting Flap s1223rtl-
0.65857 0.29888
0.65841 0.297400
0.65818 0.29526
0.65773 0.29296
0.65696 0.29047
0.65585 0.28765
0.65438 0.284410
0.65255 0.280710
0.65036 0.27661
0.64788 0.27222
0.645190 0.26765
0.642350 0.263
0.6394 0.25834
0.63639 0.25372
0.63330 0.24916
0.63015 0.24466
0.62692 0.24022
0.62359 0.23581
0.62016 0.23141
0.61661 0.226990
0.61294 0.222520
0.60916 0.218
0.60531 0.21343
0.60143 0.20885
0.59756 0.20433
0.59376 0.199920
0.59008 0.19572
0.58656 0.19181
0.58322 0.18828
0.58002 0.18512
0.57689 0.18231
0.5738 0.17982
0.57071 0.17761
0.56759 0.17566
0.56446 0.17397
0.5613 0.172520
0.55813 0.17131
0.55499 0.17035
0.55194 0.16962
0.54904 0.16911
0.54639 0.16879
0.54402 0.16864
0.54196 0.16862
0.54016 0.1687
0.53861 0.16887
0.537260 0.16910
0.53608 0.16938
0.53504 0.16969
0.53413 0.17003
0.533330 0.1704
0.53263 0.17079
0.53201 0.1712
0.53149 0.17164
0.53105 0.172120
0.53071 0.17268
0.53058 0.173330
0.53071 0.17402
0.531030 0.174690
0.53148 0.175390
0.53206 0.17611
0.53276 0.17691
0.53361 0.17781
0.53464 0.17886
0.53594 0.1801
0.53758 0.18161
0.5397 0.18350
0.5424 0.18583
0.54569 0.18857
0.54945 0.19159
0.553560 0.194740
0.55799 0.19801
0.56269 0.2014
0.56755 0.20489
0.57248 0.20841
0.5774 0.21193
0.582240 0.21542
0.587 0.21889
0.59164 0.22233
0.59617 0.22577
0.60058 0.22921
0.60487 0.23267
0.60904 0.23615
0.61311 0.23968
0.61706 0.24325
0.6209 0.24688
0.62464 0.25057
0.62827 0.25433
0.6318 0.25816
0.63523 0.26206
0.63854 0.26602
0.64173 0.27003
0.64477 0.27404
0.64761 0.27801
0.65019 0.28183
0.65244 0.28541
0.65431 0.28865
0.65581 0.29155
0.65697 0.29413
0.65783 0.2964
0.65857 0.29888
*.*.Setup: s1223rtl.txt as Flap 1, Inverted: y, Scale = 1.0, AoA = 9.0, Reposition from (0,0) = (0, 0)*.*.
*.*.Setup: s1223rtl.txt as Flap 2, Inverted: y, Scale = 0.5, AoA = 20.0, Reposition from previous T.E. = (0.0, 0.1), Reposition from (0,0) = (0.9877, 0.2564)*.*.
*.*.Setup: s1223rtl.txt as Flap 3, Inverted: y, Scale = 0.5, AoA = 45.0, Reposition from previous T.E. = (0.02, 0.05), Reposition from (0,0) = (1.4775, 0.4774)*.*.
*.*.Setup: Scale Ratio = 0.35966*.*.