0.36235 0.03808
0.360220 0.03597
0.35712 0.03287
0.35349 0.02984
0.3491 0.0269
0.343760 0.023880
0.33731 0.02064
0.3297 0.01716
0.321030 0.0135
0.311530 0.00974
0.30146 0.00598
0.29106 0.00228
0.280480 -0.00130
0.26984 -0.00473
0.25917 -0.00798
0.24847 -0.011040
0.23772 -0.01391
0.22686 -0.01661
0.2158400 -0.01917
0.20461 -0.0216
0.19314 -0.02396
0.18143 -0.02627
0.16955 -0.02855
0.1576 -0.03080
0.14573 -0.033
0.13413 -0.0351
0.12298 -0.03702
0.11246 -0.03868
0.10269 -0.03999
0.09362 -0.04087
0.08512 -0.04131
0.07707 -0.04129
0.06938 -0.04083
0.062 -0.03993
0.0549 -0.03859
0.04808 -0.03684
0.041560 -0.03471
0.03539 -0.03222
0.02964 -0.02948
0.02443 -0.02659
0.01985 -0.02370
0.01593 -0.02093
0.01265 -0.01833
0.00993 -0.01591
0.0077 -0.01366
0.005870 -0.01157
0.00437 -0.009630
0.00313 -0.00782
0.00214 -0.00612
0.00134 -0.004520
0.00073 -0.00301
0.00029 -0.00158
0.000055 -0.00022
-6e-05 0.0011
0.00013 0.00241
0.00076 0.00359
0.00182 0.00451
0.003190 0.00517
0.00479 0.005680
0.00663 0.0061
0.00875 0.00646
0.01123 0.0068
0.01419 0.00712
0.01781 0.00742
0.02233 0.007710
0.02806 0.00798
0.03529 0.0082
0.04397 0.008330
0.05373 0.00829
0.06423 0.008
0.07538 0.0075
0.0871 0.00686
0.09918 0.00615
0.11144 0.00541
0.12368 0.00468
0.135760 0.004
0.14766 0.0034
0.159370 0.0029
0.17088 0.00254
0.18221 0.00234
0.193370 0.00231
0.20439 0.00247
0.21528 0.00284
0.22606 0.00343
0.23673 0.00424
0.24732 0.00529
0.25784 0.00658
0.26828 0.00811
0.27865 0.00988
0.28892 0.01189
0.29905 0.014130
0.30895 0.01658
0.31848 0.01921
0.32742 0.02193
0.33552 0.02469
0.342610 0.02741
0.34867 0.03007
0.35376 0.03265
0.35802 0.035140
0.36235 0.03808
-Inserting Flap s1223rtl-
0.53354 0.12772
0.53276 0.126430
0.53163 0.12456
0.53024 0.12265
0.52846 0.12069
0.52623 0.11858
0.5235 0.11623000
0.520230 0.11362
0.51647 0.11079
0.51231 0.10782
0.50788 0.10478
0.50328 0.10172
0.49858 0.09871
0.49384 0.09576
0.48905 0.09289
0.48423 0.09011
0.47936 0.08742
0.47442 0.08479
0.46938 0.08222
0.46423 0.079680
0.45895 0.07715
0.45355 0.07461
0.448060 0.07207
0.44253 0.06953
0.43704 0.06703
0.43167 0.064610
0.42649 0.06232
0.42159 0.06025
0.417010 0.05843
0.41271 0.05691
0.40864 0.05567
0.404730 0.0547
0.40095 0.05399
0.397260 0.05354
0.39365 0.05333
0.390130 0.05335
0.386710 0.0536
0.38342 0.05406
0.3803 0.05470
0.37742 0.05546
0.374850 0.05631
0.37261 0.05718
0.3707 0.058050
0.36909 0.05889
0.36774 0.05971
0.36660 0.06051
0.36563 0.06127
0.36482 0.062
0.36413 0.06270
0.363550 0.06338
0.36307 0.064040
0.36268 0.064680
0.36239 0.06531
0.36219 0.06594
0.36212 0.06659
0.36228 0.06725
0.36269 0.06782
0.36327 0.06831
0.36399 0.06875
0.36483 0.06917
0.36581 0.0696
0.36698 0.07007
0.36837 0.07058
0.37009 0.07117
0.37225 0.07185
0.375 0.07268
0.378480 0.07366
0.38268 0.07477
0.38741 0.0759300
0.39254 0.077060
0.39801 0.07817
0.40377 0.07928
0.409730 0.08039
0.41576 0.08152
0.421790 0.08264
0.42773 0.08377
0.43358 0.08492
0.43932 0.0861
0.44494 0.08731
0.45047 0.088580
0.45589 0.08992
0.46121 0.09133
0.46645 0.09283
0.471610 0.09442
0.47669 0.09610
0.4817 0.09789
0.48664 0.09979
0.49153 0.1018
0.496340 0.10391
0.50108 0.10613
0.505720 0.108440
0.51023 0.11083
0.514540 0.11325
0.51854 0.11566
0.52214 0.11797
0.52525 0.12015
0.527870 0.12217
0.53003 0.124040
0.53179 0.12576
0.53354 0.12772
-Inserting Flap s1223rtl-
0.65869 0.27251
0.65845 0.27103
0.65809 0.26887
0.6575 0.26658
0.65657 0.2641
0.65528 0.26132
0.65361 0.25812
0.65153 0.25449
0.64908 0.25048
0.64631 0.24618
0.64332 0.24171
0.64017 0.23718
0.63692 0.23264
0.6336 0.228150
0.63021 0.22372
0.62676 0.21936
0.62323 0.21505
0.6196 0.21079
0.61587 0.20654
0.61202 0.20227
0.60805 0.19797
0.60396 0.19362
0.5998 0.18923
0.5956 0.18483
0.59143 0.18048
0.58733000 0.17625
0.58335 0.17221
0.57957 0.16847
0.57598 0.16509
0.57255 0.16209
0.56922 0.15944
0.565950 0.15709
0.56269 0.15504
0.55943 0.15326
0.55616 0.15173
0.552880 0.15045
0.549610 0.14942
0.54637 0.14863
0.54324 0.14807
0.54028 0.14772
0.53758 0.14756
0.53518 0.14754
0.53309 0.14764
0.53128 0.14783
0.52972 0.1481
0.52836 0.14841
0.52719 0.14876
0.52616 0.14914
0.52526 0.14954
0.52447 0.14995
0.52378 0.15039
0.52319 0.15084
0.52268 0.15132
0.52226 0.15183
0.52196 0.15241
0.52187 0.153080
0.52203 0.15376
0.52239 0.15443
0.5229 0.1551
0.52352 0.15581
0.52428 0.15657
0.52519 0.15744
0.5263 0.15843
0.52768 0.15961
0.529430 0.16104
0.53168 0.16282
0.53455 0.165020
0.53804 0.1676
0.542020 0.17043
0.54636 0.17338
0.55104 0.17642
0.555980 0.17958
0.5611 0.182810
0.5663 0.18609
0.571480 0.18936
0.576590 0.19260
0.58160 0.19583
0.5865 0.19904
0.591280 0.20225
0.59594 0.20547
0.60048 0.20871
0.60491 0.21199
0.60923 0.21531
0.61343 0.21870
0.61753 0.222140
0.62153 0.22565
0.62543 0.22924
0.62922 0.23291
0.63292 0.23665
0.6365 0.24046
0.63996 0.24432
0.64327 0.24821
0.64638 0.25205
0.64921 0.25576
0.6517 0.25925
0.65379 0.26242
0.655470 0.26526
0.65679 0.2678
0.6578 0.27005
0.65869 0.27251
*.*.Setup: s1223rtl.txt as Flap 1, Inverted: y, Scale = 1.0, AoA = 6.0, Reposition from (0,0) = (0, 0)*.*.
*.*.Setup: s1223rtl.txt as Flap 2, Inverted: y, Scale = 0.5, AoA = 20.0, Reposition from previous T.E. = (0.0, 0.075), Reposition from (0,0) = (0.9945, 0.1795)*.*.
*.*.Setup: s1223rtl.txt as Flap 3, Inverted: y, Scale = 0.5, AoA = 41.666666666666664, Reposition from previous T.E. = (-0.03, 0.065), Reposition from (0,0) = (1.4344, 0.4155)*.*.
*.*.Setup: Scale Ratio = 0.36435*.*.