0.35822 0.05674
0.35621 0.054520
0.35329 0.05128
0.34984 0.04808
0.34563 0.04493
0.34047 0.04165
0.33423 0.03809
0.32685 0.03424
0.31843 0.030150
0.30918 0.02592
0.29936 0.02165
0.28921 0.01743
0.27889 0.01332
0.26849 0.00936
0.25805 0.00557
0.24758 0.00197
0.23703 -0.00144
0.22638 -0.0047
0.21556 -0.00781
0.20452 -0.01082
0.19324 -0.01376
0.18172 -0.01666
0.17003 -0.01955
0.15827 -0.02241
0.14659 -0.02522
0.13517 -0.02791
0.12418 -0.03040
0.11381 -0.03259
0.10416 -0.0344
0.09519 -0.03575
0.08677 -0.03663
0.07876 -0.03703
0.07109 -0.03697
0.06371 -0.036460
0.05658 -0.0355
0.04971 -0.03412
0.04312 -0.03233
0.03686 -0.03019
0.031 -0.02776
0.02567 -0.02516
0.02096 -0.022530
0.016920 -0.01998
0.01353 -0.01756
0.01070 -0.0153
0.00837 -0.01318
0.006440 -0.01120
0.00484 -0.00935
0.00352 -0.00761
0.00244 -0.00597
0.00157 -0.0044200
0.00088 -0.00296
0.00037 -0.001560
0.000086 -0.00022
-0.00012 0.00109000
0.000005 0.0024
0.00056 0.003610
0.00158 0.00458
0.0029 0.00531
0.00447 0.0059
0.00627 0.00640
0.00836 0.00688
0.01081 0.00734
0.01374 0.00782
0.01732 0.00831
0.02179 0.00883
0.02748 0.00939
0.03465 0.00999
0.04328 0.01057
0.05298 0.01104
0.063430 0.0113
0.074540 0.01139
0.08622 0.01136
0.098280 0.01128
0.1105 0.01118
0.1227 0.0111
0.13475 0.01105
0.146610 0.01107
0.15827 0.01119
0.16973 0.011430
0.181010 0.01181
0.19211 0.01237
0.20305 0.0131
0.21385 0.01404
0.2245400 0.01518
0.23511 0.01655
0.24558 0.01814
0.25597 0.01997
0.266270 0.02204
0.27648 0.02434
0.28659 0.02687
0.29654 0.02963
0.30626 0.03258
0.31559 0.03568
0.32433 0.03886
0.33224 0.04203
0.33915 0.0451
0.34503 0.04806
0.34996 0.05089
0.35407 0.05358
0.35822 0.05674
-Inserting Flap s1223rtl-
0.52252 0.16554
0.52198 0.164150
0.5212 0.16211
0.52016 0.16
0.51876 0.157770
0.51694 0.15532
0.51466 0.152540
0.51191 0.14942
0.50871 0.146
0.50515 0.14237
0.50133 0.13862
0.49735 0.13483
0.49327 0.13106
0.48912 0.12735
0.48493 0.12371
0.48068 0.120150
0.47638 0.11667
0.47198 0.11324
0.46749 0.10985
0.46288 0.10647
0.45814 0.1030700
0.45328 0.09966
0.44834 0.09621
0.44336 0.09277
0.43842 0.08937
0.433570 0.08606
0.42888 0.08293
0.42444 0.08005
0.42026 0.07748
0.41631 0.07524
0.41254 0.07332
0.40887 0.0717
0.40528 0.07035
0.40174 0.06927
0.39825 0.06844
0.39479 0.06785
0.39139 0.0675
0.38808 0.067380
0.38492 0.06747
0.38196 0.06773
0.37929 0.06811
0.37695 0.06858
0.37493 0.0691
0.37321 0.06965
0.37174 0.07022
0.37048 0.070800
0.36941 0.07138
0.36848 0.07195
0.36768 0.07252
0.367 0.07309
0.36641 0.07365
0.36592 0.07421
0.36552 0.07477
0.36522 0.07536
0.36504 0.07599
0.36509 0.07666
0.36539 0.07729
0.36588 0.07787
0.3665 0.07842
0.36725 0.07898
0.36814 0.07958
0.3692 0.08024
0.37048 0.08098
0.37207 0.08185
0.37406 0.0829
0.37662 0.08418
0.37986 0.08574
0.38378 0.08756
0.38822 0.08951
0.39305 0.09151
0.39823 0.09354
0.40368 0.09562
0.40932 0.09775
0.41505 0.09989
0.42076 0.10204
0.42639 0.10417
0.43192 0.10631
0.43735 0.10845
0.44265 0.11062000
0.44785 0.11282
0.45293 0.11507
0.45791 0.11737
0.46278 0.11974
0.46756 0.12219
0.47225 0.12472
0.47686 0.12734
0.48138 0.1300600
0.48582 0.13287
0.49017 0.13577
0.49443 0.13877
0.498580 0.14184
0.50259 0.14495
0.506390 0.14808
0.50990 0.15113
0.51303 0.15402
0.5157 0.15669
0.51792 0.15913
0.519710 0.16133
0.521150 0.16332
0.52252 0.16554
-Inserting Flap s1223rtl-
0.66018 0.29857
0.65977 0.29713
0.65917 0.29504
0.65832 0.29284
0.65711 0.2905
0.65552 0.2879
0.65349 0.28493
0.65102 0.28158
0.64813 0.2779
0.6449 0.27397
0.64143 0.2699
0.63779 0.26578
0.63405 0.26167
0.63024 0.25761
0.62638 0.253620
0.62246 0.24971
0.61848 0.24586
0.6144 0.24206
0.61022 0.238290
0.60592 0.23452
0.60149 0.23073
0.596950 0.2269
0.59233 0.22304
0.58767 0.21917
0.58304 0.21535
0.5785 0.21164
0.57411 0.20811
0.56993 0.20485
0.56599 0.20193
0.56225 0.19935
0.55866 0.19711
0.55515 0.19518
0.55169 0.19352
0.54826 0.19213
0.54485 0.191
0.54146 0.19012
0.53810 0.18948
0.53482 0.18907
0.53165 0.18888
0.528690 0.18888
0.526 0.18903
0.52362 0.18929
0.52156 0.18963
0.5198 0.19003
0.51829 0.19047
0.51699 0.19093
0.51586 0.19142
0.51489 0.19191
0.51404 0.19241
0.513310 0.1929100
0.51268 0.19342
0.5121400 0.193940
0.5117 0.19447
0.51134 0.19502
0.51111 0.19563
0.5111 0.1963
0.51134 0.19696
0.51178 0.19758
0.51235 0.19818
0.51305 0.198810
0.5138900 0.19948
0.51488 0.20023
0.5161 0.20108
0.5176 0.20209
0.5195 0.2033
0.52193 0.2048
0.52502 0.20664
0.52877 0.20879
0.53303 0.21113
0.53766 0.21354
0.54264 0.21601
0.5479 0.21856
0.55333 0.22117
0.55885 0.2238
0.564350 0.22644
0.569770 0.22906
0.5751 0.23167
0.58031 0.23427
0.585410 0.23689
0.59039 0.23954
0.59526 0.24222
0.600020 0.24495
0.60467 0.24774
0.60922 0.25059
0.61367 0.25353
0.61802 0.25654
0.62229 0.25964
0.62647 0.26282
0.630550 0.26609
0.63454 0.26945
0.63841 0.27287
0.642130 0.27632
0.64564 0.27976
0.64887 0.28311
0.65173 0.28626
0.65417 0.28916
0.65616 0.29178
0.65776 0.29413
0.65901 0.29624
0.66018 0.29857
*.*.Setup: s1223rtl.txt as Flap 1, Inverted: y, Scale = 1.0, AoA = 9.0, Reposition from (0,0) = (0, 0)*.*.
*.*.Setup: s1223rtl.txt as Flap 2, Inverted: y, Scale = 0.5, AoA = 30.0, Reposition from previous T.E. = (0.02, 0.05), Reposition from (0,0) = (1.0077, 0.2064)*.*.
*.*.Setup: s1223rtl.txt as Flap 3, Inverted: y, Scale = 0.5, AoA = 35.0, Reposition from previous T.E. = (-0.03, 0.08), Reposition from (0,0) = (1.4107, 0.5364)*.*.
*.*.Setup: Scale Ratio = 0.36268*.*.