0.3620400000 -0.01779
0.36128 -0.01856
0.35975 -0.02005
0.35747 -0.02225
0.35459 -0.025
0.35124 -0.0281
0.34759 -0.03134
0.34379 -0.03454
0.33996 -0.03754
0.336130 -0.04032
0.3323 -0.04292
0.32847 -0.04536
0.32464 -0.04769
0.32081 -0.04992
0.31698 -0.05206
0.31315 -0.05413
0.30932 -0.05612
0.30549 -0.05803
0.30166 -0.05988
0.29783 -0.06166
0.294 -0.06338
0.29017 -0.06504
0.28634 -0.06665
0.28251 -0.0682
0.27868 -0.069690
0.27485 -0.07113
0.271020 -0.0725
0.26719 -0.07381
0.26336 -0.07506
0.25953 -0.07624
0.2557 -0.07738
0.25187 -0.07848
0.248040 -0.07955
0.24421 -0.08059
0.24038 -0.08160
0.23655 -0.08258
0.23272 -0.08351
0.22889 -0.08441
0.225060 -0.08525
0.22123 -0.086040
0.2174 -0.08678
0.21357 -0.08748
0.20975 -0.08813
0.20592 -0.08874
0.20209 -0.0893
0.19826 -0.08983
0.19443 -0.09033
0.1906 -0.09078
0.18677 -0.0912
0.18294 -0.09158
0.17911 -0.09192
0.17528 -0.09222
0.17145 -0.09248
0.16762 -0.09269
0.16379 -0.09286
0.15996 -0.09298
0.15613 -0.09305
0.1523 -0.09308
0.14847 -0.09306
0.14464 -0.09299
0.14081 -0.09288
0.136980 -0.09271
0.13315 -0.0925
0.12932 -0.09224
0.12549 -0.09192
0.12166 -0.09157
0.11783 -0.09117
0.1140 -0.09074
0.11017 -0.09027
0.10634 -0.08976
0.10251 -0.08919
0.09868 -0.088550
0.09485 -0.087840
0.091020 -0.08704
0.08719 -0.08615
0.08336 -0.08517
0.07953 -0.08411
0.0757 -0.08296
0.07187 -0.08172
0.06804 -0.08038
0.06421 -0.07892
0.06038 -0.07733
0.05655 -0.0755900
0.05272 -0.0737
0.04889 -0.0716500
0.04506 -0.069440
0.04123 -0.06709
0.0374 -0.06459
0.03357 -0.06194
0.02974 -0.05907
0.025920 -0.05591
0.02209 -0.052380
0.01826 -0.04841
0.01445 -0.04396
0.0108 -0.03916
0.00746 -0.03418
0.00457 -0.02919
0.0023 -0.02437
0.00077 -0.01988
0.000000 -0.01231
0.00077 -0.00945
0.0023 -0.00733
0.00457 -0.00601
0.00746 -0.00541
0.0108 -0.00538
0.01445 -0.00578
0.01826 -0.00647
0.02209 -0.00734
0.025920 -0.00834
0.02974 -0.00949
0.03357 -0.01076
0.0374 -0.01215
0.04123 -0.01365
0.04506 -0.01525
0.04889 -0.01693
0.05272 -0.01869
0.05655 -0.0205
0.06038 -0.02235
0.06421 -0.02423
0.06804 -0.02613
0.07187 -0.02804
0.0757 -0.02994
0.07953 -0.03183
0.08336 -0.0337
0.08719 -0.03555
0.091020 -0.03737
0.09485 -0.03916
0.09868 -0.04091
0.10251 -0.04263
0.10634 -0.04431
0.11017 -0.04596
0.1140 -0.04756
0.11783 -0.04911
0.12166 -0.050630
0.12549 -0.0521
0.12932 -0.05352
0.13315 -0.05490
0.136980 -0.0562300
0.14081 -0.05751
0.14464 -0.05873
0.14847 -0.05991
0.1523 -0.06104
0.15613 -0.06211
0.15996 -0.06313
0.16379 -0.06409
0.16762 -0.06499
0.17145 -0.06583
0.17528 -0.06661
0.17911 -0.06734
0.18294 -0.068010
0.18677 -0.068630
0.1906 -0.06921
0.19443 -0.06975
0.19826 -0.070230
0.20209 -0.07067
0.20592 -0.07104
0.20975 -0.07135
0.21357 -0.07158
0.2174 -0.07174
0.22123 -0.07183
0.225060 -0.07186
0.22889 -0.07181
0.23272 -0.07169
0.23655 -0.07151
0.24038 -0.071250
0.24421 -0.07092
0.248040 -0.07052
0.25187 -0.07003
0.2557 -0.06947
0.25953 -0.06883
0.26336 -0.0681
0.26719 -0.06729
0.271020 -0.06639
0.27485 -0.0654
0.27868 -0.06432
0.28251 -0.06315
0.28634 -0.06187
0.29017 -0.06049
0.294 -0.05901
0.29783 -0.05744
0.30166 -0.05578
0.30549 -0.05403
0.30932 -0.05221
0.31315 -0.050320
0.31698 -0.04835
0.32081 -0.0463
0.32464 -0.04418
0.32847 -0.04199
0.3323 -0.03971
0.336130 -0.03732
0.33996 -0.0348
0.34379 -0.032120
0.34759 -0.02931
0.35124 -0.0265
0.35459 -0.02383
0.35747 -0.02148
0.35975 -0.01960
0.36128 -0.01833
0.3620400000 -0.01779
-Inserting Flap Ga2-
0.50311 0.081880
0.50301 0.081460
0.50281 0.08063
0.5025 0.0794
0.50211 0.07785
0.501630 0.076090
0.501080 0.07422
0.50047 0.07233
0.4998 0.0705
0.49909 0.068740
0.49834 0.06705
0.497560 0.065410
0.49676 0.06381
0.495930 0.06224
0.49509 0.0607
0.49422 0.05919
0.49335 0.0577
0.49245 0.05624
0.4915500 0.0548
0.49063 0.05339
0.48969 0.05199
0.48874 0.05062
0.48778 0.04926
0.48681 0.04792
0.48583 0.0466
0.48484 0.04531
0.48383 0.04403
0.48281 0.04277
0.48177 0.04154
0.48073 0.04032
0.47967 0.03912
0.4786 0.03794
0.477530 0.036770
0.47645 0.0356
0.47537 0.03445
0.47427 0.0333
0.47317 0.03217
0.47206 0.03106
0.47094 0.02996
0.46981 0.02888
0.46867 0.02782
0.46752 0.02677
0.46636 0.025740
0.46519 0.02472
0.46401 0.02371
0.46282 0.02272
0.46162 0.02175
0.460420 0.02078
0.45921 0.01983
0.45799 0.01888
0.45677 0.01796
0.45553 0.01704
0.45429 0.01614
0.453030 0.01526
0.45177 0.014390
0.450490 0.01354
0.44921 0.0127
0.44792 0.01188
0.44661 0.01108
0.4453 0.01029
0.44398 0.00951
0.44264 0.008760
0.4413 0.00802
0.43994 0.0073
0.43858 0.00659
0.4372 0.0059
0.435820 0.00522
0.43443 0.00456
0.43303 0.0039
0.43162 0.00327
0.4302 0.00265
0.42877 0.00205
0.42732 0.00148
0.42585 0.00094
0.42436 0.00043
0.42286 -5e-05
0.42133 -0.0005
0.41979 -0.00092
0.41823 -0.00131
0.41664 -0.00167
0.415040 -0.00199
0.4134 -0.00226
0.41173 -0.00248
0.41003 -0.00265
0.40830 -0.00277
0.40653 -0.00283
0.40473 -0.00284
0.4029 -0.002810
0.40104 -0.00272
0.39914 -0.00256
0.39717 -0.0023
0.39512 -0.001920
0.39298 -0.001380
0.39075 -0.00068
0.38849 0.00018
0.3863 0.00116
0.38426 0.00224
0.38247 0.003390
0.381 0.00459
0.37914 0.007
0.37879 0.00813
0.37886 0.00917
0.37935 0.0101
0.3802 0.01092
0.38133 0.01164
0.38265 0.01227
0.38409 0.01285
0.38557 0.01337
0.38708 0.01384
0.38863 0.01426
0.39019 0.014640
0.39179 0.01498
0.39341 0.01528
0.39504 0.01555
0.3967 0.015790
0.39837 0.01601
0.40005 0.01621
0.40175 0.01639
0.403440 0.01657
0.40515 0.01673
0.40685 0.0169
0.40855 0.01706
0.41025 0.01723
0.41195 0.01741
0.41364 0.0176
0.41532 0.017790
0.417 0.018
0.41867 0.01821
0.42034 0.01844
0.42199 0.0186800
0.42364 0.01894
0.42528 0.01921
0.42691 0.019490
0.42853 0.01979
0.430140 0.0201
0.43174 0.02043
0.43333 0.02077
0.43491 0.02114
0.4364800 0.02151
0.43804 0.02191
0.43959 0.022320
0.44113 0.02275
0.442650 0.0232
0.44417 0.02366
0.44567 0.02415
0.4471600 0.02466
0.44864 0.02518
0.4501 0.02573
0.451560 0.0263
0.453 0.02688
0.45443 0.02748
0.45585 0.0281
0.45726 0.02873
0.45866 0.029370
0.46006 0.03004
0.46143 0.03072
0.4628 0.03143
0.464150 0.03216
0.46548 0.03292
0.4668 0.0337
0.4681 0.0345
0.46939 0.03533
0.47067 0.03618
0.47193 0.03706
0.47317 0.03796
0.4744 0.038880
0.47561 0.03983
0.47681 0.04081
0.47799 0.04181
0.47915 0.04284
0.48030 0.0439
0.48142 0.04498
0.48253 0.0461
0.48362 0.04725
0.48469 0.04842
0.48574 0.04964
0.48677 0.05088
0.48778 0.05216
0.48876 0.05347
0.48973 0.05482
0.49068 0.05619
0.49161 0.05760
0.49252 0.05903
0.49342 0.06048
0.4943 0.06196
0.49516 0.06347
0.49601 0.065
0.49685 0.06655
0.49766 0.06814
0.49846 0.06976
0.49922 0.07143
0.49995 0.07315
0.50065 0.07491
0.50129 0.07664
0.50186 0.07825
0.50234 0.07966
0.502710 0.08078
0.50296 0.08153
0.50311 0.081880
-Inserting Flap Ga2-
0.60692 0.20097
0.606920 0.20054
0.60691 0.19968
0.60689 0.19842
0.60685 0.19682
0.606780 0.195
0.60667 0.19305
0.6065 0.19107
0.606260 0.18914
0.605960 0.18727
0.60561 0.18545
0.60522 0.18368
0.6048 0.18194
0.60435 0.18022
0.60387 0.17853
0.60337 0.17686
0.60285 0.17522
0.60231 0.17359
0.60175 0.171990
0.60117 0.1704
0.60057 0.168830
0.59996 0.167280
0.59933 0.16574
0.59868 0.16422
0.59802 0.16271
0.59735 0.16122
0.59665 0.15975
0.595940 0.1583
0.59521 0.15686
0.59446 0.15544
0.5937 0.15404
0.59293 0.15264
0.59215 0.15126
0.59136 0.14988
0.59056 0.14851
0.58975 0.14715
0.58893 0.14581
0.5881 0.144470
0.58726 0.14315
0.5864 0.14184
0.58552 0.140550
0.58464 0.13927
0.58374 0.138
0.58283 0.13675
0.58191 0.1355
0.58097 0.13427
0.58003 0.13305
0.57907 0.131830
0.57811 0.13063
0.57713 0.129440
0.57615 0.12826
0.57515 0.12709
0.57414 0.12594
0.57311000 0.12479
0.57208 0.12366
0.57103 0.12255
0.56997 0.12144
0.56889 0.12035
0.5678 0.11927
0.5667 0.11821
0.5655800 0.11716
0.564450 0.11612
0.56331 0.1151
0.56215 0.11409
0.56098 0.1131
0.5598 0.11211
0.5586 0.11114
0.5574 0.11018
0.55618 0.10923
0.55495 0.10829
0.55371 0.10737
0.55245 0.10647
0.551160 0.10559
0.54985 0.10473
0.54852 0.1039
0.54716 0.10309
0.54577 0.10231
0.54436 0.10155
0.54293 0.10082
0.54147 0.10011
0.53997 0.09944
0.53844 0.098810
0.53686 0.09822
0.53525 0.09767
0.53358 0.09717
0.53188 0.09671
0.53013 0.096290
0.52834 0.095910
0.5265 0.09558
0.52461 0.09531
0.52263 0.09512
0.52055 0.09503
0.51834 0.09507
0.51601 0.09526
0.51362 0.09558
0.511260 0.09604
0.50904 0.09664
0.50703 0.09736
0.50533 0.0982
0.50297 0.100120
0.50238 0.10115
0.50221 0.10218
0.50248 0.10319
0.50313 0.10418
0.50407 0.10513
0.50521 0.10605
0.50648 0.10693
0.507810 0.10777
0.50918 0.10857
0.51058 0.10933
0.51203 0.11006
0.5135 0.11075
0.51501 0.11140
0.51655 0.11204
0.51811 0.11264
0.51969 0.113230
0.521280 0.1138
0.52289 0.11436
0.5245 0.11491
0.52612 0.11546
0.52775 0.116
0.52937 0.11655
0.53099 0.1171
0.5326 0.11765
0.5342 0.11821
0.5358 0.11878
0.53739 0.119350
0.53897 0.119940
0.54054 0.12054
0.5421 0.12115
0.54365 0.12176
0.545180 0.1224
0.54671 0.12304
0.54822 0.12369
0.54972 0.12436
0.5512 0.12504
0.55268 0.12574
0.55413 0.12644
0.55558 0.127160
0.55701 0.1279
0.55843 0.12865
0.55983 0.12941
0.56122 0.130190
0.56259 0.13099
0.563940 0.13180
0.56528 0.13263
0.5666 0.13347
0.567910 0.13434
0.56919 0.13522
0.57047 0.13611
0.57173 0.13702
0.57297 0.13794
0.57421 0.13887
0.57543 0.13981
0.576630 0.140770
0.57782 0.141750
0.57899 0.14275
0.580140 0.14376
0.58127 0.1448
0.58238 0.14586
0.58347 0.14694
0.58454 0.14803
0.58559 0.14915
0.58662 0.15028
0.58763 0.15144
0.58862 0.15262
0.58959 0.153810
0.59054 0.15503
0.59146 0.15628
0.59236 0.15754
0.59324 0.15883
0.59409 0.16014
0.59492 0.16148
0.59573 0.16284
0.5965 0.16423
0.59725 0.16565
0.59798 0.16709
0.59867 0.16857
0.59933 0.17007
0.59997 0.1716
0.600590 0.17315
0.601180 0.17472
0.60174 0.17632
0.602290 0.17794
0.60282 0.17958
0.60332 0.18125
0.60381 0.18293
0.60427 0.18463
0.60471 0.18636
0.60511 0.18812
0.60548 0.18992
0.60581 0.19175
0.60609 0.19363
0.60633 0.19546
0.60652 0.19716
0.60667 0.19864
0.60678 0.19981
0.6068600 0.2006
0.60692 0.20097
*.*.Setup: Ga2.txt as Flap 1, Inverted: y, Scale = 1.0, AoA = 0.0, Reposition from (0,0) = (0, 0)*.*.
*.*.Setup: Ga2.txt as Flap 2, Inverted: y, Scale = 0.4, AoA = 32.0, Reposition from previous T.E. = (0.04, 0.08), Reposition from (0,0) = (1.04, 0.0309)*.*.
*.*.Setup: Ga2.txt as Flap 3, Inverted: y, Scale = 0.4, AoA = 45.0, Reposition from previous T.E. = (-0.01, 0.06), Reposition from (0,0) = (1.3796, 0.2862)*.*.
*.*.Setup: Scale Ratio = 0.36204*.*.