0.3649800000 -0.01793
0.3642 -0.01871
0.36266 -0.02022
0.36037 -0.02243
0.35746 -0.0252
0.35409 -0.02832
0.35041 -0.0316
0.34657 -0.03482
0.34271 -0.03784
0.338850 -0.04064
0.33499 -0.04326
0.33113 -0.04573
0.32727 -0.04807
0.32341 -0.05032
0.31955 -0.05248
0.31569 -0.05457
0.31182 -0.05657
0.30796 -0.0585
0.3041 -0.06036
0.30024 -0.06216
0.29638 -0.06389
0.29252 -0.06557
0.28866 -0.06719
0.2848 -0.06875
0.28094 -0.070250
0.27708 -0.0717
0.273220 -0.07309
0.26936 -0.07441
0.2655 -0.07566
0.26163 -0.07686
0.25777 -0.07801
0.25391 -0.07912
0.250050 -0.08019
0.24619 -0.08124
0.24233 -0.082260
0.23847 -0.08325
0.23461 -0.08419
0.23075 -0.08509
0.226890 -0.08594
0.22303 -0.086730
0.21917 -0.08748
0.2153 -0.08818
0.21144 -0.08884
0.20758 -0.08946
0.20372 -0.09003
0.19986 -0.09056
0.196 -0.09106
0.19214 -0.09152
0.18828 -0.09194
0.18442 -0.09232
0.18056 -0.09267
0.1767 -0.09297
0.17284 -0.09323
0.16897 -0.09344
0.16511 -0.09361
0.16125 -0.09373
0.15739 -0.0938
0.15353 -0.09383
0.14967 -0.09381
0.14581 -0.09374
0.14195 -0.09363
0.138090 -0.09346
0.13423 -0.09325
0.13037 -0.09298
0.12651 -0.09267
0.12265 -0.09231
0.11878 -0.09191
0.114920 -0.09147
0.11106 -0.091
0.1072 -0.09048
0.10334 -0.08991
0.09948 -0.089270
0.09562 -0.088550
0.091760 -0.08774
0.0879 -0.08685
0.08404 -0.08586
0.08018 -0.08479
0.07632 -0.08363
0.07245 -0.08238
0.06859 -0.08103
0.06473 -0.07956
0.06087 -0.07796
0.05701 -0.0762100
0.05315 -0.0743
0.04929 -0.0722300
0.04543 -0.070010
0.04157 -0.06763
0.03771 -0.06511
0.03385 -0.06244
0.02999 -0.05955
0.026120 -0.05637
0.02226 -0.052810
0.0184 -0.0488
0.01457 -0.04431
0.01089 -0.03947
0.00752 -0.03445
0.00461 -0.02943
0.00232 -0.02457
0.00077 -0.02004
0.000000 -0.01241
0.00077 -0.00952
0.00232 -0.00739
0.00461 -0.00606
0.00752 -0.00546
0.01089 -0.00543
0.01457 -0.00583
0.0184 -0.00653
0.02226 -0.0074
0.026120 -0.00841
0.02999 -0.00956
0.03385 -0.01084
0.03771 -0.01225
0.04157 -0.01376
0.04543 -0.01537
0.04929 -0.01707
0.05315 -0.01884
0.05701 -0.02066
0.06087 -0.02253
0.06473 -0.02442
0.06859 -0.02634
0.07245 -0.02826
0.07632 -0.03018
0.08018 -0.03209
0.08404 -0.03397
0.0879 -0.03583
0.091760 -0.03767
0.09562 -0.03948
0.09948 -0.04125
0.10334 -0.04298
0.1072 -0.04467
0.11106 -0.04633
0.114920 -0.04794
0.11878 -0.04951
0.12265 -0.051040
0.12651 -0.05252
0.13037 -0.05395
0.13423 -0.055340
0.138090 -0.0566800
0.14195 -0.05797
0.14581 -0.05921
0.14967 -0.0604
0.15353 -0.06153
0.15739 -0.06261
0.16125 -0.06364
0.16511 -0.06461
0.16897 -0.06552
0.17284 -0.06636
0.1767 -0.06715
0.18056 -0.06788
0.18442 -0.068560
0.18828 -0.069190
0.19214 -0.06977
0.196 -0.07031
0.19986 -0.07080
0.20372 -0.07124
0.20758 -0.07162
0.21144 -0.07192
0.2153 -0.07216
0.21917 -0.07232
0.22303 -0.07242
0.226890 -0.07244
0.23075 -0.07239
0.23461 -0.07228
0.23847 -0.07209
0.24233 -0.071830
0.24619 -0.0715
0.250050 -0.07109
0.25391 -0.0706
0.25777 -0.07003
0.26163 -0.06938
0.2655 -0.06865
0.26936 -0.06783
0.273220 -0.06693
0.27708 -0.06593
0.28094 -0.06484
0.2848 -0.06366
0.28866 -0.06237
0.29252 -0.06098
0.29638 -0.05949
0.30024 -0.0579
0.3041 -0.05623
0.30796 -0.05447
0.31182 -0.05264
0.31569 -0.050720
0.31955 -0.04874
0.32341 -0.04668
0.32727 -0.04454
0.33113 -0.04233
0.33499 -0.04003
0.338850 -0.03762
0.34271 -0.03508
0.34657 -0.032380
0.35041 -0.02955
0.35409 -0.02671
0.35746 -0.02402
0.36037 -0.02165
0.36266 -0.019760
0.3642 -0.01848
0.3649800000 -0.01793
-Inserting Flap Ga2-
0.51291 0.06385
0.51278 0.06343
0.5125 0.06262
0.51208 0.06141
0.51155 0.0599
0.51092 0.05817
0.5102 0.05634
0.50942 0.05449
0.508590 0.05271
0.50772 0.05101
0.50682 0.04938
0.50589 0.0478
0.5049400 0.04626
0.50398 0.04476
0.50299 0.04329
0.501990 0.04184
0.50098 0.04043
0.49996 0.03904
0.49892 0.03767
0.49787 0.036330
0.49681 0.03501
0.49574 0.03372
0.49465 0.03244
0.49356 0.03118
0.49246 0.029940
0.49135 0.02873
0.49022 0.02753
0.48909 0.026360
0.48794 0.02521
0.48678 0.02408
0.48561 0.022970
0.48444 0.02188
0.48326 0.02079
0.48207 0.01972
0.48088 0.01865
0.47968 0.0176
0.47848 0.01656
0.47727 0.01554
0.47604 0.01454
0.47481 0.01355
0.47357 0.01259
0.47232 0.01163
0.47107 0.0107
0.4698 0.00978
0.46853 0.00887
0.46725 0.00798
0.46597 0.0071
0.46467 0.00624
0.46337 0.00539
0.46207 0.00455
0.46075 0.00373
0.45943 0.002920
0.4581 0.00212
0.4567700 0.00135
0.45542 0.00059
0.45407 -0.00016
0.4527 -0.00089
0.45133 -0.0016
0.44995 -0.00229
0.44857 -0.00297
0.44717 -0.00363
0.44576 -0.00427
0.44435 -0.0049
0.44292 -0.0055
0.44149 -0.00609
0.44005 -0.00666
0.4386 -0.00722
0.43714 -0.00777
0.43568 -0.0083
0.43421 -0.00882
0.43273 -0.00931
0.431240 -0.00979
0.42973 -0.01023
0.42821 -0.01064
0.42667 -0.01103
0.42512 -0.01138
0.42355 -0.0117
0.42196 -0.01198
0.42036 -0.01224
0.41874 -0.01246
0.41709 -0.012640
0.415430 -0.01277
0.41373 -0.01284
0.41201 -0.01286
0.410260 -0.01283
0.40848 -0.01274
0.40667 -0.01259
0.404840 -0.0124
0.402980 -0.01214
0.40108 -0.01181
0.39912 -0.01138
0.3971 -0.01081
0.395 -0.01009
0.39281 -0.00918
0.39062 -0.00813
0.38851 -0.00695
0.38656 -0.00569
0.38486 -0.004370
0.38349 -0.00304
0.38183 -0.00046
0.38158 0.00071
0.38174 0.00175
0.38232 0.00264
0.38324 0.00338
0.38444 0.00401
0.38583 0.00453
0.38732 0.00498
0.38885 0.00537
0.39041 0.00571
0.392 0.006
0.39361 0.00625
0.39524 0.00645
0.39689 0.00661
0.39856 0.00673
0.40024 0.00683
0.40194 0.0069
0.40365 0.00695
0.40536 0.00699
0.40708 0.00701
0.4088 0.00703
0.41053 0.00705
0.41225 0.007070
0.41398 0.00709
0.41569 0.00712
0.41741 0.00715
0.41912 0.0072
0.42082 0.00726
0.42252 0.00733
0.42421 0.007410
0.42589 0.00751
0.42757 0.00762
0.42924 0.00775
0.4309 0.00789
0.43255 0.00805
0.4342 0.00822
0.435840 0.00841
0.437460 0.00862
0.43908 0.00884
0.44069 0.009080
0.44229 0.009340
0.44389 0.00962
0.44547 0.00991
0.44704 0.010230
0.4486 0.010570
0.45015 0.01092
0.4517 0.0113
0.45323 0.0117
0.45474 0.01212
0.45625 0.012560
0.45775 0.01302
0.45924 0.0135
0.46072 0.013990
0.46220 0.0145
0.46366 0.01502
0.46512 0.01557
0.466560 0.01614
0.46799 0.01673
0.46941 0.01734
0.47082 0.01799
0.47221 0.01866
0.4735900 0.01935
0.47496 0.02007
0.47631 0.02081
0.47766 0.02158
0.47899 0.02237
0.4803 0.02319
0.4816 0.02404
0.48289 0.02491
0.48416 0.02581
0.48542 0.02675
0.48666 0.02771
0.487890 0.0287
0.489100 0.02973
0.4903 0.03078
0.49148 0.03187
0.49264 0.03299
0.49378 0.03415
0.49490 0.035350
0.49601 0.03658
0.4971000 0.03785
0.49817 0.03915
0.49923 0.04048
0.500270 0.04183
0.5013 0.0432100
0.502310 0.04462
0.50331 0.04606
0.5043 0.04752
0.50528 0.04901
0.50624 0.05053
0.50717 0.05209
0.50809 0.0537
0.50897 0.05536
0.509830 0.05706
0.510620 0.05875
0.51134 0.060320
0.51194 0.06169
0.512410 0.06278
0.51273 0.06352
0.51291 0.06385
-Inserting Flap Ga2-
0.60544 0.19582
0.60549 0.19538
0.60558 0.19452
0.6057 0.1932500
0.60585 0.19165
0.60599 0.18982
0.60611 0.18786
0.60617 0.18585
0.60616 0.18389
0.60608 0.18199
0.605940 0.18012
0.60576 0.1783
0.60554 0.17651
0.60528 0.17474
0.60501 0.17299
0.6047 0.17126
0.60437 0.16955
0.60402 0.16786
0.60365 0.16619
0.60325 0.16453
0.60284 0.16289
0.60241 0.16127
0.60196 0.15965
0.60149 0.15805
0.601 0.15647
0.6005 0.1549
0.59998 0.15334
0.59943 0.1518
0.59887 0.15028
0.59829 0.14877
0.59769 0.14728
0.59708 0.145790
0.59646 0.1443100
0.59583 0.14284
0.59519 0.14138
0.59454 0.13992
0.59388 0.13847
0.5932 0.13704
0.59251 0.13562
0.59181 0.13421
0.59108 0.13281
0.59034 0.13143
0.58959 0.130050
0.58883 0.12869
0.58805 0.12733
0.58726 0.12599
0.58646 0.12466
0.58564 0.12333
0.58482 0.12202
0.58398 0.120710
0.58313 0.11941
0.58227 0.118120
0.58139 0.11685
0.5805 0.11558
0.5796 0.11433
0.57868 0.11309
0.57774 0.11186
0.57679 0.11064
0.57583 0.10944
0.57485 0.10824
0.57385 0.10706
0.57284 0.10589
0.57182 0.10473
0.570780 0.10359
0.56972 0.10245
0.56865 0.10133
0.56757 0.10022
0.56647 0.09911
0.56537 0.09802
0.56425 0.09694
0.56311 0.09587
0.56195 0.09482
0.560770 0.09378
0.55956 0.09277
0.55832 0.09178
0.55705 0.09081
0.55576 0.08987
0.55443 0.08895
0.55308 0.08804
0.5517 0.08717
0.55028 0.08632
0.54882 0.08551
0.54732 0.08473
0.54576 0.08399
0.54415 0.083290
0.54250 0.08263
0.54079 0.08201
0.53905 0.08143
0.53725 0.08088
0.53538 0.08038
0.53343 0.07996
0.53135 0.07963
0.52914 0.07942
0.52678 0.07933
0.52435 0.07937
0.52194 0.07956
0.51964 0.0798900
0.51754 0.08038
0.51574 0.08102
0.51315 0.08267
0.51244 0.08363
0.512150 0.08464
0.51231 0.08569
0.51284 0.08675
0.51366 0.08782
0.51470 0.08887
0.51587 0.08990
0.5171 0.0909
0.51838 0.09186
0.51970 0.09278
0.52106 0.093680
0.52246 0.09454
0.52389 0.09538
0.52535 0.09619
0.52684 0.09698
0.52836 0.09775
0.52989 0.098510
0.53143 0.09926
0.53298 0.1
0.53454 0.10074
0.5361 0.10147
0.53766 0.10221
0.539220 0.102940
0.54077 0.10369
0.54231 0.104440
0.54384 0.10519
0.545370 0.10596
0.54688 0.106730
0.54838 0.107510
0.54987 0.1083
0.551350 0.1091
0.55281 0.10991
0.55426 0.11074
0.5557 0.11157
0.55712 0.11241000
0.55853 0.11327
0.55993 0.114140
0.56130 0.11501
0.56267 0.115910
0.56401 0.11681
0.56534 0.11773
0.566660 0.11866
0.56795 0.1196
0.56923 0.12056
0.5705 0.12153
0.57174 0.12251
0.57296 0.12351
0.57417 0.12453
0.575350 0.12556
0.57652 0.1266
0.577680 0.12766
0.57882 0.12873
0.57995 0.12980
0.58106 0.13089
0.58215 0.132
0.58323 0.133110
0.58429 0.13425
0.58532 0.1354
0.58633 0.13657
0.58731 0.13776
0.58828 0.13897
0.58922 0.14019
0.59014 0.14143
0.59104 0.14269
0.59192 0.14396
0.59277 0.14526
0.5936 0.14657
0.594410 0.1479
0.59519 0.14925
0.59594 0.15063
0.59667 0.15202
0.59737 0.15343
0.59804 0.15487
0.59869 0.15633
0.59931 0.15781
0.59989 0.15932
0.60044 0.16085
0.60097 0.1624
0.60146 0.16398
0.60192 0.1655900
0.60235 0.16722
0.60276 0.168860
0.60314 0.17053
0.6035 0.17222
0.60383 0.17392
0.604140 0.17564
0.604430 0.17738
0.60469 0.17914
0.60493 0.180930
0.60513 0.18274
0.60529 0.18458
0.6054 0.18646
0.60547 0.18836
0.60549 0.19022
0.60548 0.191950
0.60546 0.19345
0.605430 0.19464
0.60541 0.19544
0.60544 0.19582
*.*.Setup: Ga2.txt as Flap 1, Inverted: y, Scale = 1.0, AoA = 0.0, Reposition from (0,0) = (0, 0)*.*.
*.*.Setup: Ga2.txt as Flap 2, Inverted: y, Scale = 0.4, AoA = 27.0, Reposition from previous T.E. = (0.04, 0.06), Reposition from (0,0) = (1.04, 0.0109)*.*.
*.*.Setup: Ga2.txt as Flap 3, Inverted: y, Scale = 0.4, AoA = 51.666666666666664, Reposition from previous T.E. = (-0.01, 0.06), Reposition from (0,0) = (1.3953, 0.2349)*.*.
*.*.Setup: Scale Ratio = 0.36498*.*.