0.37446 -0.005320
0.3737 -0.00614
0.37217 -0.00773
0.36990 -0.010090
0.36702 -0.01303
0.36368 -0.01635
0.36003 -0.01983
0.35621 -0.02327
0.35237 -0.0265
0.34851 -0.02951
0.344650 -0.03233
0.34079 -0.03499
0.33692 -0.03753
0.33304 -0.03997
0.32917 -0.04233
0.32529 -0.0446
0.3214 -0.04679
0.31752 -0.04890
0.313630 -0.05095
0.309740 -0.05293
0.30585 -0.05484
0.30195 -0.05669
0.29806 -0.05849
0.29416 -0.06023
0.29026 -0.06191
0.28636 -0.06353
0.28245 -0.06509
0.27854 -0.06658
0.27463 -0.068
0.27072 -0.069370
0.26681 -0.07068
0.262890 -0.07195
0.25898 -0.07319
0.25506 -0.0744
0.25114 -0.07559
0.24722 -0.07673
0.2433 -0.07784
0.239380 -0.0789
0.23546 -0.0799
0.23153 -0.08086
0.2276 -0.08176
0.22368 -0.082620
0.21974 -0.08343
0.21581 -0.084200
0.21188 -0.08492
0.20794 -0.08561
0.20401 -0.08625
0.20007 -0.08686
0.19613 -0.08743
0.19219 -0.08796
0.18825 -0.08846
0.1843 -0.0889
0.18036 -0.08931
0.17641 -0.08966
0.17246 -0.08997
0.16851 -0.09023
0.16456 -0.09045
0.16061 -0.09061
0.15665 -0.09073
0.1527 -0.0908
0.14874 -0.09082
0.14478 -0.09079
0.14081 -0.09071
0.13685 -0.09057
0.13289 -0.090390
0.12892 -0.09016
0.12495 -0.08989
0.12098 -0.08958
0.11701 -0.089230
0.11304 -0.08884
0.109060 -0.08839
0.10508 -0.08787
0.1011 -0.08728
0.09712 -0.08659
0.093130 -0.08581
0.08914 -0.08494
0.08515 -0.08398
0.08116 -0.08293
0.07716 -0.08178
0.07315 -0.08054
0.06915 -0.079170
0.06514 -0.07767
0.06112 -0.07601
0.0571 -0.0742
0.05307 -0.07222
0.04903 -0.07008
0.04499 -0.06779
0.04095 -0.06534
0.0369 -0.06274
0.03284 -0.05992
0.02877 -0.0568
0.02469 -0.05329
0.02059 -0.04933
0.01651 -0.044870
0.01256 -0.04004
0.00893 -0.03502
0.005770 -0.02998
0.00325 -0.02508
0.00151 -0.0205
0.00044 -0.012710
0.00113 -0.00973
0.00264 -0.00748
0.00494 -0.00605
0.00789 -0.00532
0.01135 -0.00517
0.01513 -0.00545
0.01908 -0.00602
0.02307 -0.00678
0.027060 -0.00768
0.03105 -0.00872
0.03505 -0.0099
0.03906 -0.01119
0.04307 -0.01261
0.04708 -0.01412
0.05109 -0.01572
0.055110 -0.0174
0.05913 -0.019120
0.06315 -0.0209
0.067170 -0.0227
0.0712 -0.02452
0.07522 -0.026360
0.07924 -0.02818
0.083270 -0.03
0.08729 -0.03179
0.09131 -0.03356
0.09533 -0.0353
0.09935 -0.03701
0.10337 -0.03869
0.10738 -0.04032
0.1114 -0.04192
0.11541 -0.04348
0.11942 -0.04499
0.12343 -0.04646
0.12744 -0.04789
0.13145 -0.04927
0.13546 -0.0506
0.13946 -0.05188
0.14346 -0.05311
0.14746 -0.0543
0.15146 -0.055430
0.155460 -0.05651
0.15945 -0.05753
0.16345 -0.0585
0.16744 -0.05941
0.1714300 -0.060270
0.17541 -0.061060
0.1794 -0.06179
0.18338 -0.06246
0.18736 -0.06307
0.19134 -0.06363
0.19532 -0.06413
0.19929 -0.06459
0.203260 -0.065
0.20724 -0.06537
0.21121 -0.06568
0.215170 -0.065930
0.21914 -0.0661
0.2231 -0.06621
0.22706 -0.06624
0.23102 -0.06619
0.23498 -0.06608
0.23893 -0.065890
0.24288 -0.06563
0.246830 -0.06531
0.25077 -0.0649
0.25471 -0.06442
0.2586500 -0.06387
0.26259 -0.06323
0.26652 -0.062510
0.27046 -0.06171
0.27438 -0.06082
0.27831 -0.05984
0.28223 -0.05878
0.286150 -0.05762
0.29006 -0.05637
0.29398 -0.05501
0.29788 -0.05356
0.30179 -0.05199
0.30569 -0.05033
0.30959 -0.04857
0.31348 -0.046710
0.31737 -0.044780
0.32126 -0.04276
0.32515 -0.04066
0.32903 -0.03849
0.33291 -0.03624
0.33679 -0.033910
0.34067 -0.03151
0.34454 -0.02902
0.34841 -0.02641
0.35227 -0.023670
0.35613 -0.02077
0.35995 -0.01773
0.36362 -0.01469
0.36698 -0.01182
0.36987 -0.00929
0.37215 -0.00726
0.37369 -0.0059
0.37446 -0.005320
-Inserting Flap Ga2-
0.5136 0.0785
0.51346 0.07808
0.51318 0.07724
0.51276 0.076
0.51221 0.07445
0.51156 0.07268
0.51082 0.0708
0.51002 0.06891
0.50917 0.06709
0.50829 0.06535
0.507360 0.063670
0.50641 0.06205
0.50544 0.06048
0.50445 0.05894
0.50344 0.05743
0.50242 0.05595
0.501380 0.054500
0.500330 0.05307
0.49926 0.05168
0.498190 0.0503
0.4971 0.04895
0.496 0.04762
0.49489 0.04631
0.49377 0.04502
0.49264 0.04375
0.4915 0.0425
0.49035 0.04128
0.48919 0.040080
0.48801 0.0389
0.48682 0.03775
0.48563 0.03661
0.48442 0.03548
0.48321 0.03437
0.482 0.03327
0.48078 0.03218
0.47955 0.0311
0.478320 0.03004
0.47707 0.02899
0.47582 0.02796
0.47456 0.02695
0.47329 0.02596
0.47201 0.02499
0.47072 0.02403
0.46942 0.02309
0.46812 0.022160
0.46681 0.02125
0.46549 0.02035
0.46417 0.01946
0.46283 0.01859
0.4615 0.01773
0.46015 0.01688
0.4588 0.01605
0.45743 0.01524
0.45606 0.01444
0.45468 0.01366
0.4533 0.0129
0.4519 0.01216
0.4505 0.01143
0.44908 0.01072
0.44766 0.01002
0.44623 0.00935
0.44479 0.00869
0.44334 0.00805
0.44188 0.00743
0.44041 0.00682
0.43893 0.00624
0.43745 0.00566
0.43595 0.0051
0.43446 0.00456
0.43295 0.00403
0.43143 0.00352
0.4299 0.00304
0.42836 0.00258
0.4268 0.00216
0.42522 0.00176
0.42363 0.00141
0.42202 0.00108
0.42039 0.00078
0.41875 0.00052
0.41709 0.0003
0.41540 0.00012
0.4137 -0.000048
0.41196 -0.00010
0.41019 -0.00012
0.4084 -8e-05
0.40658 0.000032
0.40472 0.00016
0.40284 0.00036
0.40094 0.00062
0.39899 0.00096
0.39699 0.0014
0.39491 0.0019800
0.39276 0.002730
0.39052 0.00365
0.38828 0.00474
0.38611 0.00594
0.38411 0.00724
0.382370 0.008580
0.38097 0.00995
0.37926 0.01259
0.37901 0.01379
0.37917 0.01486
0.37976 0.01577
0.38071 0.01653
0.38194 0.01717
0.38336 0.01771
0.384890 0.01817
0.38646 0.01857
0.38806 0.01892
0.38969 0.01922
0.39133 0.01947
0.39301 0.01967
0.3947 0.01984
0.39641 0.01997
0.39813 0.02007
0.39987 0.02014
0.40162 0.02019
0.40338 0.02023
0.40514 0.02025
0.40691 0.02027
0.40868 0.02029
0.41045 0.020310
0.412210 0.02033
0.41397 0.020360
0.41573 0.0204
0.41748 0.020450
0.41923 0.0205
0.42097 0.02058
0.42270 0.020660
0.42442 0.02076
0.42614 0.020880
0.427850 0.021
0.42956 0.02115
0.43125 0.02131
0.43294 0.02149
0.43461 0.02168
0.43628 0.02189
0.43794 0.02212
0.43959 0.02237
0.44123 0.022640
0.44286 0.02292
0.44448 0.02323
0.4461 0.02355
0.4477 0.02389
0.44929 0.02426
0.45087 0.02465
0.45243 0.025050
0.45399 0.02548
0.45554 0.02594
0.45707 0.02641
0.4586 0.0269
0.46012 0.0274
0.46163 0.02792
0.46313 0.02846
0.46462 0.02902
0.4661 0.0296
0.46757 0.03021
0.46903 0.03084
0.47047 0.0315
0.47189 0.03218
0.47331 0.03289
0.47471 0.033630
0.4761 0.03439
0.47747 0.03518
0.47884 0.035990
0.48018 0.03683
0.48152 0.0377
0.48284 0.0386
0.48414 0.03952
0.48543 0.04048
0.4867 0.04146
0.48796 0.042480
0.4892 0.04353
0.49043 0.04461
0.49164 0.04573
0.49283 0.04688
0.494 0.048070
0.49515 0.04930
0.49628 0.05056
0.4974 0.05186
0.498490 0.05319
0.49958 0.05455
0.50065 0.05594
0.5017 0.05735
0.50274 0.0588
0.50377 0.06027
0.50478 0.061770
0.50578 0.06329
0.50676 0.06485
0.50772 0.06645
0.50866 0.0681
0.50957 0.0698
0.51044 0.07155
0.51126 0.07327
0.51199 0.074880
0.51261 0.07629
0.5131 0.07741
0.51342 0.07816
0.5136 0.0785
-Inserting Flap Ga2-
0.60843 0.22123
0.60848 0.22078
0.60857 0.2199
0.6087 0.2186
0.60885 0.21696
0.609 0.21509
0.60912 0.21307
0.609180 0.21102
0.60917 0.20901
0.60909 0.20705
0.60895 0.20515
0.60876 0.20328
0.60853 0.20144
0.60827 0.19963
0.60799 0.19784
0.60767 0.19607
0.60734 0.19431
0.60698 0.19258
0.60659 0.19087
0.60619 0.18917
0.60577 0.18749
0.60532 0.18582
0.60486 0.18417
0.60438 0.18253
0.60388 0.1809
0.60337 0.17929
0.60283 0.1777
0.60228 0.17612
0.6017 0.17456
0.6011 0.173020
0.60049 0.17148
0.59986 0.16996
0.59923 0.16844
0.59858 0.16694
0.59793 0.16543
0.59726 0.16394
0.59659 0.16246
0.59589 0.16099
0.59518 0.15953
0.59446 0.158090
0.59372 0.15666
0.59296 0.15524
0.59219 0.153830
0.59141 0.15243
0.59061 0.15105
0.58980 0.14967
0.58898 0.1483
0.58814 0.14694
0.58730 0.145590
0.58644 0.14425
0.5855700 0.14292
0.58468 0.141610
0.58379 0.1403
0.58287 0.139
0.58195 0.13772
0.581 0.13645
0.58004 0.13519
0.57907 0.13394
0.57808 0.1327
0.57708 0.13148
0.57606 0.13027
0.57503 0.12907
0.57398 0.12788
0.57291 0.12671
0.57183 0.12554
0.57073 0.12439
0.56962 0.12325
0.5685 0.12212
0.56736 0.121
0.56621 0.11989
0.565050 0.1188
0.56386 0.11772
0.56265 0.11666
0.56141 0.11562
0.56014 0.11461
0.55884 0.11362
0.55751 0.11265
0.556160 0.1117
0.55477 0.11078
0.55336 0.10988
0.5519 0.10901
0.55041 0.10818
0.54886 0.10738
0.54727 0.10663
0.54562 0.10591
0.54392 0.10523
0.54218 0.1046
0.54039 0.104
0.53855 0.10343
0.53664 0.10293
0.53463 0.1025
0.5325 0.10216
0.53023 0.101940
0.52782 0.10184
0.52532 0.10189
0.52285 0.10208
0.52050 0.102430
0.51835 0.10292
0.5165 0.10358
0.513850 0.10527
0.513120 0.10625
0.51283 0.10729
0.51298 0.10837
0.51353 0.10946
0.51437 0.11055
0.51544 0.11163
0.51664 0.11268
0.51790 0.1137
0.51921 0.11469
0.52056 0.11564
0.52195 0.1165500
0.52339 0.11744
0.52486 0.11829
0.52636 0.11913
0.527880 0.11994
0.52943 0.120730
0.531 0.1215
0.53258 0.122270
0.53417 0.12303
0.535770 0.12379
0.53737 0.12454
0.538970 0.12529
0.54056 0.126050
0.54215 0.12681
0.54373 0.127580
0.54531 0.12835
0.54687 0.12914
0.54842 0.12993
0.54996 0.1307300
0.55148 0.13154
0.553 0.13236
0.5545 0.13319
0.55599 0.13403
0.55746 0.13489
0.55892 0.13575
0.5603600 0.13663
0.56179 0.13752
0.5632 0.13842
0.56459 0.1393300
0.56598 0.14026
0.56734 0.1412
0.56869 0.14215
0.57001 0.143120
0.57133 0.1441
0.57262 0.14509
0.57389 0.1461
0.57515 0.14713
0.576380 0.148170
0.5776 0.14923
0.5788 0.1503
0.57998 0.15138
0.58115 0.15247
0.58231 0.153580
0.58345 0.15469
0.58457 0.15582
0.58567 0.156970
0.58675 0.15813
0.58781 0.15931
0.58884 0.16051
0.58986 0.16173
0.59084 0.16297
0.59181 0.16422
0.59275 0.16549
0.59368 0.16678
0.59457 0.16809
0.59545 0.16941
0.5963 0.17076
0.59712 0.17212
0.59792 0.17351
0.5987 0.17492
0.59944 0.17634
0.60016 0.17779
0.60085 0.179270
0.60151 0.18076
0.60215 0.18228
0.60275 0.18382
0.60331 0.18539
0.60385 0.1869900
0.60435 0.18861
0.60482 0.19025
0.60526 0.19192
0.60568 0.1936100
0.60607 0.19531
0.60644 0.19704
0.60678 0.19879
0.6071 0.20055
0.6074 0.20234
0.60767 0.20414
0.60791 0.205970
0.60812 0.20782
0.60828 0.20971
0.60839 0.21164
0.60846 0.21359
0.60848 0.2155
0.60847 0.217260
0.60845 0.2188
0.60842 0.22002
0.60841 0.22084
0.60843 0.22123
*.*.Setup: Ga2.txt as Flap 1, Inverted: y, Scale = 1.0, AoA = 2.0, Reposition from (0,0) = (0, 0)*.*.
*.*.Setup: Ga2.txt as Flap 2, Inverted: y, Scale = 0.4, AoA = 27.0, Reposition from previous T.E. = (0.0067, 0.06), Reposition from (0,0) = (1.0078, 0.0458)*.*.
*.*.Setup: Ga2.txt as Flap 3, Inverted: y, Scale = 0.4, AoA = 51.666666666666664, Reposition from previous T.E. = (-0.01, 0.08), Reposition from (0,0) = (1.3631, 0.2899)*.*.
*.*.Setup: Scale Ratio = 0.37405*.*.