0.37157 -0.03129
0.37076 -0.032050
0.36913 -0.03353
0.366710 -0.03571
0.36365 -0.03843
0.36010 -0.0415
0.35623 -0.0447
0.3522 -0.04786
0.34816 -0.05080
0.34412 -0.05352
0.34009 -0.05605
0.33607 -0.058430
0.33204 -0.060680
0.32803 -0.06284
0.32401 -0.06491
0.32 -0.06689
0.31599 -0.0688
0.31199 -0.07063
0.30798 -0.07239
0.30398 -0.07408
0.29998 -0.07571
0.29599 -0.07729
0.29199 -0.0788
0.288 -0.08025
0.28401 -0.08165
0.28002 -0.08299
0.27603 -0.08427
0.27205 -0.08548
0.26806 -0.08662
0.26408 -0.0877
0.26011 -0.08874
0.25613 -0.08973
0.25215 -0.09069
0.24818 -0.09162
0.24421 -0.09252
0.24023 -0.09339
0.23626 -0.09422
0.23229 -0.09499
0.22832 -0.09572
0.22436 -0.09639
0.2204 -0.09702
0.21643 -0.0976
0.21247 -0.09813
0.20851 -0.09862
0.20456 -0.09907
0.2006 -0.099470
0.196640 -0.09984
0.19269 -0.10017
0.18874 -0.10047
0.18479 -0.10072
0.18084 -0.10094
0.17689 -0.10111
0.17294 -0.10123
0.169 -0.101310
0.16505 -0.10135
0.16111 -0.10133
0.15717 -0.10127
0.15323 -0.10116
0.1493 -0.101
0.14536 -0.1008
0.14143 -0.10054
0.1375 -0.10024
0.13357 -0.09988
0.12964 -0.09947
0.12571 -0.09901
0.12179 -0.09851
0.11787 -0.09796
0.11394 -0.09738
0.11002 -0.0967600
0.10611 -0.09609
0.10219 -0.09537
0.09827 -0.09458
0.09436 -0.09371
0.09045 -0.09275
0.08655 -0.0917
0.08265 -0.09056
0.07875 -0.089330
0.07485 -0.088
0.07096 -0.08659
0.06707 -0.08508
0.06318 -0.083440
0.0593 -0.08167
0.05543 -0.07975
0.05156 -0.07766
0.047690 -0.07542
0.04384 -0.07301
0.03998 -0.07045
0.03614 -0.06775
0.03229 -0.06489
0.02846 -0.0618
0.02464 -0.058410
0.02082 -0.05465
0.01703 -0.05043
0.01328 -0.04571
0.0097 -0.040640
0.00644 -0.03541
0.00365 -0.03018
0.00149 -0.02514
7e-05 -0.02047
-0.00044 -0.012660
0.00045 -0.00974
0.0021 -0.00761
0.00448 -0.00635
0.00747 -0.00583
0.01091 -0.00592
0.01465 -0.00646
0.01854 -0.00731
0.02244 -0.008340
0.02634 -0.00951
0.03024 -0.01082
0.03413 -0.01226
0.03802 -0.01383
0.0419 -0.01551
0.04578 -0.0173
0.04966 -0.01917
0.05353 -0.021110
0.05741 -0.0231
0.06128 -0.02514
0.06515 -0.02721
0.06902 -0.0293
0.07288 -0.0314
0.07675 -0.03350
0.08062 -0.03558
0.08449 -0.03764
0.08836 -0.03968
0.09224 -0.04169
0.09611 -0.04366
0.09998 -0.04561
0.10386 -0.04751
0.10774 -0.04938
0.11161 -0.0512
0.11549 -0.05299
0.11938 -0.05472
0.12326 -0.05642
0.12714 -0.05807
0.13103 -0.05967
0.13492 -0.06122
0.13881 -0.062720
0.1427 -0.06418
0.14659 -0.06558
0.15049 -0.06693
0.15438 -0.06822
0.15828 -0.06946
0.16218 -0.07064
0.16609 -0.07177
0.16999 -0.07283
0.17390 -0.07384
0.17781 -0.07478
0.18172 -0.07566
0.18563 -0.076490
0.18955 -0.07727
0.19346 -0.078
0.19738 -0.07868
0.2013 -0.07932
0.20522 -0.07991
0.20915 -0.08043
0.21307 -0.08088
0.217 -0.08126
0.22093 -0.08156
0.22487 -0.081790
0.22881 -0.08195
0.23274 -0.08204
0.23669 -0.082060
0.24063 -0.0820100
0.244580 -0.08189
0.24853 -0.081680
0.25248 -0.0814
0.25643 -0.08104
0.26039 -0.0806
0.26435 -0.08008
0.26831 -0.07947
0.27228 -0.07877
0.27625 -0.07799
0.28022 -0.07711
0.2842 -0.07614
0.28818 -0.07506
0.29216 -0.07389
0.29615 -0.07261
0.30014 -0.07122
0.3041300 -0.06974
0.30813 -0.06817
0.31213 -0.06652
0.31613 -0.06479
0.32014 -0.06297
0.32415 -0.06108
0.32816 -0.05912
0.332170 -0.05708
0.33619 -0.05496
0.34021 -0.05276
0.34423 -0.05043
0.34826 -0.04798
0.35229 -0.04537
0.3563 -0.04262
0.36016 -0.03985
0.36369 -0.03723
0.36674 -0.03491
0.36915 -0.03306
0.37077 -0.03182
0.37157 -0.03129
-Inserting Flap Ga2-
0.49186 0.071240
0.49176 0.070810
0.49155 0.06995
0.49124 0.06869
0.490830 0.06710
0.49034 0.06529
0.48977 0.06336
0.48914 0.06142
0.48846 0.05954
0.48773 0.057730
0.48696 0.05599
0.48615 0.054300
0.48533 0.05265
0.484480 0.05104
0.48361 0.04946
0.48272 0.0479
0.48182 0.04637
0.4809 0.04487
0.47996 0.04339
0.47902 0.04193
0.47806 0.0405
0.47708 0.03908
0.47609 0.03769
0.4751 0.03631
0.47409 0.03496
0.47306 0.03362
0.47203 0.0323
0.47097 0.03101
0.46991 0.02974
0.468830 0.02849
0.46774 0.02726
0.46665 0.02604
0.46554 0.02483
0.464430 0.02364
0.46332 0.02245
0.4622 0.02127
0.46106 0.02011
0.459920 0.01896
0.45877 0.017840
0.4576 0.01673
0.45643 0.01563
0.45524 0.01455
0.45405 0.01349
0.45285 0.01244
0.45163 0.01141
0.45041 0.01039
0.44918 0.00938
0.44795 0.00839
0.4467 0.00741
0.44545 0.00644
0.44419 0.00548
0.44292 0.00454
0.44164 0.00362
0.44034 0.00271
0.43904 0.00182
0.43773 0.00094
0.43641 8e-05
0.43508 -0.00076
0.43374 -0.00159
0.43239 -0.0024
0.43103 -0.00320
0.42966 -0.00398
0.42827 -0.00474
0.42688 -0.00548
0.42548 -0.00621
0.424060 -0.00692
0.42264 -0.00761
0.42121 -0.0083
0.41977 -0.00897
0.41832 -0.00963
0.41686 -0.01026
0.41539 -0.01088
0.41389 -0.01146
0.41238 -0.01202
0.41085 -0.01254
0.4093 -0.01304
0.40773 -0.01350
0.40615 -0.01393
0.40454 -0.01434
0.40291 -0.0147
0.40126 -0.01503
0.39957 -0.01531
0.39786 -0.01554
0.39611 -0.01571
0.39433 -0.01583
0.392510 -0.01590
0.39066 -0.01591
0.38878 -0.01588
0.38686 -0.01579
0.3849 -0.01562
0.38288 -0.01535
0.38077 -0.014960
0.37857 -0.01441
0.37627 -0.01368
0.37395 -0.0128
0.3717 -0.01179
0.3696 -0.01068
0.36776 -0.009500
0.36624 -0.00826
0.36433 -0.00579
0.36397 -0.00462
0.36404 -0.00355
0.36455 -0.0026
0.36542 -0.00176
0.366580 -0.00102
0.36795 -0.00036
0.36942 0.00023
0.37095 0.00076
0.3725 0.00125
0.37409 0.00168
0.3757 0.002070
0.37734 0.00242
0.37901 0.00274
0.38069 0.00301
0.3824 0.00326
0.384110 0.003480
0.38585 0.00369
0.387590 0.00388
0.38933 0.00405
0.391080 0.00423
0.39284 0.0044
0.39459 0.00457
0.39633 0.00474
0.39808 0.00493
0.39982 0.00512
0.401550 0.005310
0.40328 0.00553
0.405 0.00575
0.40671 0.00598
0.40841 0.006230
0.41011 0.00649
0.41179 0.00677
0.41347 0.007060
0.41514 0.00737
0.41679 0.007690
0.41844 0.00803
0.42008 0.00838
0.4217 0.00876
0.42332 0.00914
0.42492 0.00955
0.42651 0.009970
0.4281 0.01042
0.42967 0.01088
0.43122 0.01136
0.43277 0.01186
0.4343 0.01238
0.43582 0.01292
0.43733 0.01348
0.438830 0.01406
0.44031 0.01466
0.44178 0.01528
0.44324 0.01592
0.4447 0.01656
0.44614 0.017230
0.44757 0.01791
0.44899 0.01862
0.45039 0.01935
0.45178 0.0201
0.45315 0.02088
0.45451 0.02168
0.45585 0.02251
0.45717 0.02336
0.45849 0.02423
0.45978 0.02513
0.46106 0.02606
0.46233 0.027010
0.46357 0.02799
0.46481 0.02899
0.46602 0.03002
0.46722 0.03108
0.46839 0.03217
0.46955 0.03329
0.47069 0.03444
0.47181 0.035620
0.47292 0.03683
0.474 0.03807
0.47505 0.03935
0.47609 0.04067
0.4771 0.04202
0.4781 0.04341
0.47907 0.04482
0.48003 0.046260
0.48097 0.04774
0.48189 0.04923
0.48280 0.05076
0.48369 0.0523
0.484560 0.05388
0.48542 0.05548
0.48626 0.05711
0.48707 0.05878
0.48786 0.06049
0.48861 0.06226
0.48933 0.06407
0.48999 0.06585
0.49057 0.06751
0.491070 0.06896
0.49145 0.07011
0.49171 0.07089
0.49186 0.071240
-Inserting Flap Ga2-
0.59865 0.19748
0.59865 0.19703
0.59864 0.19615
0.59862 0.19485
0.59858 0.19321
0.59851000 0.19134
0.59839 0.18933
0.59822 0.18729
0.59797 0.18531
0.59767 0.18338
0.59731 0.18151
0.59691 0.17969
0.596470 0.1779
0.596 0.17613
0.59551 0.1744
0.595 0.17268
0.59446 0.17099
0.59391 0.16932
0.59333 0.167660
0.59273 0.16603
0.59212 0.164420
0.591490 0.16282
0.59084 0.16124
0.59018 0.15967
0.5895 0.15812
0.5888 0.15659
0.58809 0.15508
0.58735 0.15358
0.5866 0.1521
0.58583 0.15064
0.58505 0.149200
0.58426 0.147760
0.58345 0.14634
0.58264 0.144920
0.58182 0.14351
0.58099 0.14212
0.58015 0.14073
0.57929 0.13936
0.57842 0.138
0.57754 0.13665
0.57664 0.13532
0.57573 0.13401
0.5748 0.1327
0.57387 0.13141
0.572920 0.13013
0.57196 0.12886
0.57099 0.1276
0.57 0.12636
0.56901 0.12512
0.56801 0.1239
0.56699 0.12268
0.56597 0.12148
0.56493 0.12029
0.56388 0.11911
0.56281 0.11795
0.56173 0.1168
0.56064 0.11567
0.55953 0.11455
0.55841 0.11344
0.55728 0.11234
0.55613 0.11126
0.55497 0.11019
0.553790 0.10914
0.5526 0.1081
0.55139 0.10708
0.55018 0.1060700
0.54895 0.10507
0.54771 0.10408
0.54646 0.10311
0.54519 0.10214
0.54391 0.10119
0.54261 0.10026
0.54129 0.09936
0.53994 0.09847
0.53857 0.09762
0.537170 0.09679
0.53575 0.09598
0.5343 0.0952
0.53282 0.09445
0.53132 0.09373
0.52978 0.09304
0.5282 0.092380
0.52658 0.09177
0.52492 0.09121
0.52321 0.09069
0.52145 0.09022
0.51965 0.08979
0.51781 0.08940
0.51593 0.089060
0.51398 0.08878
0.51194 0.08859
0.5098 0.08850
0.50753 0.08854
0.50513 0.08873
0.50267 0.08906
0.500250 0.08954
0.49796 0.09015
0.49589 0.09089
0.49414 0.09175
0.49172 0.09373
0.49111 0.09479
0.49093 0.09585
0.49121 0.09689
0.49188 0.09791
0.49284 0.09889
0.49402 0.09984
0.49533 0.10074
0.49669 0.10161
0.4981 0.10243
0.49955 0.10321
0.50103 0.10395
0.50255 0.10466
0.5041 0.105340
0.50568 0.10599
0.50729 0.10661
0.50891 0.107220
0.51055 0.10781
0.51221 0.10838
0.51387 0.10895
0.51553 0.10951
0.5172 0.11007
0.51887 0.11063
0.52054 0.11119
0.52219 0.11176
0.52385 0.11234
0.52549 0.11293
0.52713 0.1135200
0.52875 0.114120
0.53037 0.11474
0.53197 0.11536
0.53356 0.116
0.53514 0.11665
0.53671 0.11731
0.53826 0.11798
0.53981 0.11867
0.54133 0.11937
0.54285 0.12008
0.54435 0.12081
0.54584 0.121550
0.54731 0.12231
0.548770 0.12308
0.55021 0.12387
0.55163 0.124670
0.55304 0.12549
0.55444 0.126320
0.55581 0.12718
0.55717 0.12804
0.55852 0.12893
0.55984 0.12984
0.56115 0.13075
0.56245 0.13169
0.56373 0.13263
0.565 0.13359
0.56625 0.13456
0.5675 0.135550
0.56872 0.136560
0.56992 0.13758
0.57110 0.13863
0.57227 0.1397
0.57341 0.14078
0.57453 0.14189
0.57563 0.14302
0.57671 0.14417
0.57777 0.14534
0.57881 0.14653
0.57983 0.14774
0.58082 0.148970
0.5818 0.150220
0.58275 0.1515
0.58368 0.1528
0.58458 0.15413
0.58546 0.15548
0.58631 0.15685
0.58714 0.15826
0.58794 0.15968
0.58871 0.16114
0.589450 0.16263
0.59016 0.16414
0.590850 0.16569
0.5915 0.16726
0.59214 0.16886
0.59274 0.17048
0.59333 0.17212
0.59389 0.17379
0.59443 0.17548
0.59495 0.17719
0.59545 0.17892
0.59593 0.18067
0.59638 0.18245
0.59679 0.18426
0.59717 0.18611
0.59751 0.188
0.5978 0.18992
0.59804 0.1918
0.59824 0.19355
0.59839 0.19508
0.59851 0.19629
0.59859 0.1971
0.59865 0.19748
*.*.Setup: Ga2.txt as Flap 1, Inverted: y, Scale = 1.0, AoA = -2.0, Reposition from (0,0) = (0, 0)*.*.
*.*.Setup: Ga2.txt as Flap 2, Inverted: y, Scale = 0.4, AoA = 32.0, Reposition from previous T.E. = (-0.0267, 0.08), Reposition from (0,0) = (0.971, -0.004)*.*.
*.*.Setup: Ga2.txt as Flap 3, Inverted: y, Scale = 0.4, AoA = 45.0, Reposition from previous T.E. = (-0.01, 0.07), Reposition from (0,0) = (1.3106, 0.2613)*.*.
*.*.Setup: Scale Ratio = 0.37244*.*.