0.3852900000 -0.01893
0.38448 -0.01975
0.38285 -0.02134
0.38043 -0.02368
0.37736 -0.02661
0.3738 -0.0299
0.36991 -0.03336
0.36586 -0.03676
0.36179 -0.03995
0.357710 -0.04291
0.35364 -0.04567
0.34956 -0.04827
0.34549 -0.05075
0.34141 -0.05312
0.33733 -0.05541
0.33326 -0.0576
0.32918 -0.05972
0.32511 -0.06176
0.32103 -0.06372
0.31696 -0.06562
0.31288 -0.06745
0.3088 -0.06922
0.30473 -0.07093
0.30065 -0.07257
0.29658 -0.074160
0.2925 -0.07569
0.288430 -0.07716
0.28435 -0.07855
0.28027 -0.07988
0.2762 -0.08114
0.27212 -0.08235
0.26805 -0.08352
0.263970 -0.08466
0.2599 -0.08576
0.25582 -0.086840
0.25174 -0.08788
0.24767 -0.08888
0.24359 -0.08983
0.239520 -0.09072
0.23544 -0.091560
0.23137 -0.09235
0.22729 -0.09309
0.22321 -0.09379
0.21914 -0.09443
0.21506 -0.09504
0.21099 -0.0956
0.20691 -0.09613
0.20284 -0.09661
0.19876 -0.09706
0.19468 -0.09746
0.19061 -0.09783
0.18653 -0.09815
0.18246 -0.09842
0.17838 -0.09865
0.17431 -0.09882
0.17023 -0.09895
0.16615 -0.09903
0.16208 -0.09905
0.158 -0.09903
0.15393 -0.09896
0.14985 -0.09884
0.145780 -0.09867
0.1417 -0.09844
0.13762 -0.09816
0.13355 -0.09783
0.12947 -0.09745
0.1254 -0.09703
0.121320 -0.09656
0.11725 -0.09607
0.11317 -0.09552
0.10909 -0.09491
0.10502 -0.094240
0.10094 -0.093480
0.096870 -0.09263
0.09279 -0.09168
0.08872 -0.09064
0.08464 -0.08951
0.08056 -0.08828
0.07649 -0.08697
0.07241 -0.08554
0.06834 -0.08399
0.06426 -0.0823
0.06018 -0.0804500
0.05611 -0.07843
0.05203 -0.0762500
0.04796 -0.07390
0.04388 -0.0714
0.03981 -0.06874
0.03573 -0.06592
0.03165 -0.06287
0.027580 -0.0595
0.0235 -0.055750
0.01943 -0.05152
0.01538 -0.04678
0.01149 -0.04167
0.00793 -0.03637
0.00486 -0.03107
0.00245 -0.02594
0.00082 -0.02116
0.000000 -0.0131
0.00082 -0.01005
0.00245 -0.0078
0.00486 -0.0064
0.00793 -0.00576
0.01149 -0.00573
0.01538 -0.00615
0.01943 -0.00689
0.0235 -0.00781
0.027580 -0.00888
0.03165 -0.0101
0.03573 -0.01145
0.03981 -0.01293
0.04388 -0.01453
0.04796 -0.01623
0.05203 -0.01802
0.05611 -0.01989
0.06018 -0.02181
0.06426 -0.02378
0.06834 -0.02578
0.07241 -0.02781
0.07649 -0.02984
0.08056 -0.03186
0.08464 -0.03387
0.08872 -0.03586
0.09279 -0.03783
0.096870 -0.03977
0.10094 -0.04167
0.10502 -0.04354
0.10909 -0.04537
0.11317 -0.04716
0.11725 -0.04891
0.121320 -0.05061
0.1254 -0.05227
0.12947 -0.053880
0.13355 -0.05544
0.13762 -0.05696
0.1417 -0.058420
0.145780 -0.0598400
0.14985 -0.0612
0.15393 -0.06251
0.158 -0.06376
0.16208 -0.06496
0.16615 -0.0661
0.17023 -0.06718
0.17431 -0.0682
0.17838 -0.06916
0.18246 -0.07006
0.18653 -0.07089
0.19061 -0.07166
0.19468 -0.072380
0.19876 -0.073040
0.20284 -0.07365
0.20691 -0.07422
0.21099 -0.074740
0.21506 -0.0752
0.21914 -0.0756
0.22321 -0.07593
0.22729 -0.07618
0.23137 -0.07635
0.23544 -0.07645
0.239520 -0.07647
0.24359 -0.07642
0.24767 -0.0763
0.25174 -0.0761
0.25582 -0.075830
0.2599 -0.07548
0.263970 -0.07505
0.26805 -0.07453
0.27212 -0.07393
0.2762 -0.07325
0.28027 -0.07247
0.28435 -0.07161
0.288430 -0.07065
0.2925 -0.0696
0.29658 -0.06845
0.30065 -0.0672
0.30473 -0.06584
0.3088 -0.06437
0.31288 -0.0628
0.31696 -0.06113
0.32103 -0.05936
0.32511 -0.0575
0.32918 -0.05557
0.33326 -0.053550
0.33733 -0.05145
0.34141 -0.04927
0.34549 -0.04702
0.34956 -0.04469
0.35364 -0.04226
0.357710 -0.03971
0.36179 -0.03703
0.36586 -0.034190
0.36991 -0.0312
0.3738 -0.0282
0.37736 -0.02536
0.38043 -0.02286
0.38285 -0.020860
0.38448 -0.01951
0.3852900000 -0.01893
-Inserting Flap Ga2-
0.50973 0.083280
0.50963 0.082830
0.509410 0.08195
0.50909 0.08064
0.50866 0.079
0.50816 0.077130
0.50757 0.07513
0.50692 0.07312
0.50621 0.07117
0.50546 0.069310
0.50466 0.0675
0.50383 0.065760
0.50297 0.06405
0.50209 0.06239
0.50119 0.06075
0.50028 0.05914
0.49934 0.05756
0.498390 0.056
0.49743 0.05447
0.49644 0.05296
0.49545 0.05148
0.49444 0.05001
0.49342 0.04857
0.49239 0.04715
0.49134 0.04574
0.4902800 0.04436
0.48921 0.043
0.48813 0.04166
0.48702 0.04035
0.48591 0.03906
0.48478 0.03778
0.48365 0.03652
0.48251 0.035270
0.48136 0.03403
0.4802 0.0328
0.47904 0.03159
0.47787 0.03039
0.47669 0.0292
0.4755 0.02803
0.47429 0.02688
0.47308 0.02575
0.47185 0.02464
0.47062 0.023540
0.469370 0.02245
0.46812 0.02138
0.46685 0.02033
0.46558 0.01929
0.4643 0.01826
0.463010 0.01725
0.46172 0.01624
0.46041 0.01526
0.4591 0.01428
0.45777 0.01333
0.45644 0.01239
0.45509 0.011460
0.45374 0.01056
0.45237 0.00967
0.45099 0.00879
0.44961 0.00793
0.44821 0.00709
0.4468 0.00627
0.44538 0.005470
0.44395 0.00468
0.44251 0.00391
0.44106 0.00316
0.43959 0.00243
0.43812 0.0017
0.43664 0.001
0.43515 0.0003
0.433650 -0.00038
0.43214 -0.00103
0.43062 -0.00167
0.42907 -0.00228
0.42751 -0.00285
0.42593 -0.00339
0.42432 -0.00391
0.4227 -0.00439
0.42106 -0.00483
0.4194 -0.00525
0.41771 -0.00563
0.416 -0.00597
0.41426 -0.00626
0.412490 -0.00649
0.41068 -0.00668
0.40883 -0.0068
0.40695 -0.00687
0.40504 -0.00688
0.40309 -0.006840
0.40111 -0.00675
0.39908 -0.00658
0.396990 -0.0063
0.39481 -0.005890
0.39253 -0.005320
0.390150 -0.00457
0.38775 -0.00366
0.38542 -0.00262
0.38325 -0.00147
0.38135 -0.000240
0.379780 0.00103
0.3778 0.00359
0.37743 0.0048
0.3775 0.00591
0.37802 0.0069
0.37893 0.00777
0.38013 0.00853
0.38154 0.00921
0.38307 0.00982
0.38465 0.01037
0.38626 0.01087
0.3879 0.01132
0.38956 0.011730
0.39126 0.01209
0.392980 0.01241
0.39473 0.0127
0.39649 0.012950
0.39827 0.01318
0.40006 0.0134
0.40186 0.01359
0.40366 0.01378
0.40548 0.01395
0.40729 0.01413
0.4091 0.01431
0.41091 0.01449
0.412710 0.01468
0.414510 0.01487
0.41631 0.015080
0.41809 0.0153
0.41987 0.01553
0.42164 0.01577
0.4234 0.0160300
0.42516 0.0163
0.42690 0.01659
0.428630 0.016890
0.43036 0.0172
0.43207 0.01754
0.43378 0.01789
0.43547 0.01826
0.43715 0.01864
0.43882 0.01904
0.44048 0.01946
0.442130 0.01990
0.44377 0.02036
0.44539 0.02083
0.447 0.02133
0.4486 0.02185
0.45019 0.02239
0.45176 0.02295
0.45332 0.02353
0.45487 0.02413
0.4564 0.02475
0.45792 0.02539
0.45944 0.02605
0.46094 0.02672
0.462430 0.027410
0.46391 0.02811
0.46538 0.02884
0.46683 0.0296
0.46827 0.03037
0.46969 0.03118
0.47109 0.03201
0.47248 0.03287
0.473850 0.03375
0.4752 0.03465
0.47655 0.03558
0.477870 0.03654
0.47918 0.037520
0.48047 0.03853
0.48174 0.03957
0.483 0.04064
0.48424 0.04174
0.48545 0.04286
0.48665 0.04402
0.487830 0.04521
0.488990 0.04643
0.49013 0.04768
0.49125 0.04897
0.49234 0.0503
0.49342 0.05166
0.49446 0.05306
0.49549 0.05449
0.4965 0.05595
0.4974900 0.057440
0.49846 0.05896
0.49942 0.06051
0.50035 0.06209
0.50128 0.06369
0.50218 0.06532
0.503070 0.06697
0.50394 0.06866
0.504780 0.07039
0.50559 0.07216
0.50637 0.07399
0.50711 0.07586
0.50779 0.07771
0.5084 0.07942
0.50891 0.08092
0.50931 0.08211
0.50958 0.08292
0.50973 0.083280
-Inserting Flap Ga2-
0.600940 0.21002
0.60095 0.20956
0.60093 0.20865
0.60091 0.20731
0.60087 0.20561
0.6008 0.20367
0.60067 0.2016
0.60049 0.19949
0.60024 0.19743
0.59992 0.19544
0.59955 0.19351
0.599140 0.19162
0.59868 0.18977
0.5982 0.18794
0.5977 0.18614
0.5971600 0.18437
0.59661 0.18262
0.59603 0.18089
0.59544 0.179180
0.59482 0.17749
0.59419 0.175820
0.59353 0.174170
0.59286 0.17253
0.59218 0.17091
0.591470 0.16931
0.590750 0.16773
0.59001 0.16616
0.58926 0.16461
0.58848 0.16308
0.58768 0.16157
0.58687 0.16008
0.58605 0.15859
0.58522 0.15712
0.58438 0.15565
0.58353 0.1542
0.58267 0.15275
0.5818 0.15132
0.580920 0.149890
0.58002 0.14849
0.57910 0.1471
0.57817 0.145720
0.57723 0.14436
0.57627 0.14301
0.5753 0.14167
0.57432 0.14035
0.57333 0.13904
0.57232 0.13774
0.57131 0.136450
0.57028 0.13517
0.56924 0.13390
0.56819 0.13264
0.56713 0.1314
0.566060 0.13017
0.56497 0.12896
0.56386 0.12775
0.56275 0.12656
0.56162 0.12539
0.56047 0.12423
0.55931 0.12308
0.55814 0.12195
0.55695 0.12083
0.55575 0.11973
0.55453 0.11864
0.5533 0.11756
0.552050 0.11651
0.550790 0.11546
0.54952 0.11443
0.54824 0.1134
0.546950 0.11239
0.54564 0.11139
0.54431 0.11041
0.54297 0.10945
0.5416 0.10851
0.54021 0.1076
0.53879 0.10672
0.53734 0.10586
0.53587 0.10502
0.534370 0.10422
0.53284 0.10344
0.53129 0.10269
0.5297 0.10198
0.52806 0.10130
0.52639 0.10067
0.52467 0.10009
0.5229 0.09955
0.52108 0.09906
0.51922 0.098620
0.51731 0.098220
0.51536 0.09786
0.51335 0.09757
0.51124 0.09737
0.50903 0.09728
0.50668 0.09733
0.5041900 0.09752
0.50165 0.09787
0.49914 0.09836
0.49677 0.09899
0.49464 0.09976
0.49283 0.10065
0.49032 0.10270
0.48969 0.10379
0.48951 0.10489
0.4898 0.10597
0.49049 0.10702
0.49148 0.10803
0.4927 0.10901
0.49406 0.10995
0.49547 0.11084
0.49692 0.11169
0.49842 0.1125
0.49996 0.11327
0.501530 0.114
0.50313 0.114710
0.50477 0.11538
0.50643 0.11602
0.50811 0.116650
0.50981 0.11726
0.51151 0.11785
0.51323 0.11844
0.51496 0.11902
0.516680 0.1196
0.51841 0.12018
0.52013 0.12076
0.52185 0.12135
0.52356 0.12195
0.52526 0.12255
0.52695 0.123170
0.52863 0.123790
0.5303 0.12443
0.53196 0.12507
0.53361 0.12573
0.53524 0.1264
0.53686 0.12709
0.53847 0.12778
0.54007 0.12849
0.541650 0.12922
0.54321 0.12996
0.54477 0.13071
0.54631 0.131480
0.54783 0.13226
0.54934 0.13306
0.55083 0.13387
0.5523 0.13470
0.55376 0.13555
0.5552 0.136410
0.556630 0.13729
0.558030 0.13819
0.55942 0.13911
0.56079 0.14005
0.56215 0.141
0.56349 0.14196
0.564820 0.14294
0.566130 0.14393
0.56743 0.14494
0.56871 0.145960
0.56998 0.1470
0.57122 0.14806
0.57245 0.14914
0.57365 0.15025
0.57483 0.15137
0.57599 0.15252
0.577130 0.15369
0.57824 0.15487
0.579340 0.15608
0.58042 0.15731
0.58147 0.15856
0.5825 0.159840
0.58351 0.16114
0.58449 0.16246
0.58545 0.16381
0.586380 0.16518
0.58729 0.16657
0.58818 0.168
0.589030 0.16945
0.58986 0.17092
0.590660 0.17243
0.59143 0.17397
0.59216 0.17554
0.59287 0.17714
0.59355 0.17876
0.5942 0.18041
0.59483 0.18209
0.59544 0.18379
0.59602 0.18552
0.59658 0.18726
0.59711 0.18903
0.59763 0.19082
0.59812 0.19263
0.59859 0.19447
0.59902 0.19635
0.59942 0.19826
0.59976 0.20021
0.60006 0.20221
0.60031 0.20415
0.60052 0.20596
0.60068 0.20754
0.6008 0.20879
0.60088 0.20963
0.600940 0.21002
*.*.Setup: Ga2.txt as Flap 1, Inverted: y, Scale = 1.0, AoA = 0.0, Reposition from (0,0) = (0, 0)*.*.
*.*.Setup: Ga2.txt as Flap 2, Inverted: y, Scale = 0.4, AoA = 32.0, Reposition from previous T.E. = (-0.0267, 0.07), Reposition from (0,0) = (0.9733, 0.0209)*.*.
*.*.Setup: Ga2.txt as Flap 3, Inverted: y, Scale = 0.4, AoA = 45.0, Reposition from previous T.E. = (-0.06, 0.06), Reposition from (0,0) = (1.263, 0.2762)*.*.
*.*.Setup: Scale Ratio = 0.38529*.*.