0.36138 0.00749
0.360670 0.00667
0.35925 0.005080
0.35714 0.002730
0.35446 -0.0002
0.35135 -0.003520
0.34794 -0.007
0.34438 -0.01045
0.34078 -0.01369
0.33717 -0.01673
0.33354 -0.01958
0.3299 -0.02228
0.32625 -0.02485
0.32259 -0.02734
0.31893 -0.029740
0.31527 -0.03206
0.3116 -0.03430
0.307920 -0.03648
0.30424 -0.03858
0.30055 -0.04062
0.29686 -0.0426
0.293170 -0.04451
0.28947 -0.04638
0.28577 -0.04819
0.28206 -0.04994
0.27835 -0.051630
0.27464 -0.05327
0.27092 -0.05484
0.2672 -0.05634
0.26347 -0.05779
0.25974 -0.05919
0.25601 -0.06055
0.25227 -0.06188
0.24854 -0.06318000
0.2448 -0.06445
0.24105 -0.06569
0.23731 -0.06689
0.23356 -0.06804
0.229810 -0.06914
0.226060 -0.07019
0.2223 -0.0712
0.21854 -0.07216
0.21477 -0.073070
0.21101 -0.07395
0.20724 -0.07478
0.20346 -0.07557
0.19969 -0.07633
0.19591 -0.07704
0.19213 -0.07773
0.18835 -0.07837
0.18456 -0.07898
0.18077 -0.07955
0.176980 -0.08007
0.17318 -0.08055
0.16939 -0.08098
0.16558 -0.08136
0.16178 -0.0817
0.15797 -0.08199
0.15416 -0.08224
0.150350 -0.08244
0.14653 -0.08259
0.14271 -0.0827
0.13888 -0.08275
0.13506 -0.08275
0.13122 -0.08271
0.12739 -0.08262
0.12355 -0.0825
0.11971 -0.08233
0.11587 -0.08213
0.11202 -0.08189
0.108180 -0.08159
0.10432 -0.08122
0.10046 -0.08078
0.0966 -0.08025
0.09273 -0.07963
0.08885 -0.078930
0.08496 -0.07813
0.08107 -0.07726
0.077180 -0.07629
0.07328 -0.07522
0.06936 -0.07404
0.06544 -0.07272
0.06151 -0.07126
0.05757 -0.06965
0.05362 -0.06787
0.04966 -0.065940
0.04568 -0.06387
0.0417 -0.06165
0.03771 -0.0592800
0.03370 -0.05669
0.02967 -0.05382
0.02561 -0.05057
0.02153 -0.04689
0.01743 -0.04272
0.01347 -0.03820
0.00979 -0.03348
0.00658 -0.02872
0.00398 -0.02409
0.00214 -0.01972
0.00086 -0.01225
0.00142 -0.009340
0.0028 -0.00713
0.00496 -0.00567
0.00779 -0.004870
0.01112 -0.00460
0.01478 -0.00475
0.01861 -0.00517
0.02248 -0.00576
0.02636 -0.0065
0.03025 -0.00737
0.03415 -0.008360
0.03805 -0.00948
0.04197 -0.01071
0.04589 -0.01204
0.04981 -0.013440
0.05375 -0.01492
0.05768 -0.01646
0.06162 -0.01803
0.06556 -0.01963
0.0695 -0.02126
0.07344 -0.02289
0.07739 -0.02452
0.08133 -0.02613
0.08527 -0.02772
0.08921 -0.02929
0.09314 -0.03084
0.09708 -0.03235
0.10101 -0.033830
0.104940 -0.03528
0.10886 -0.03668
0.11279 -0.0380500
0.11671 -0.03938
0.12063 -0.04066
0.12454 -0.0419
0.12845 -0.04309
0.13236 -0.04424
0.13627 -0.04535
0.14017 -0.04640
0.144070 -0.04741
0.147960 -0.04837
0.15186 -0.04927
0.15574 -0.050120
0.15963 -0.05092
0.16351 -0.051670
0.16738 -0.05236
0.171260 -0.05299
0.17513 -0.05356
0.17899 -0.05407
0.182850 -0.05453
0.18671 -0.05493
0.19056 -0.05528
0.19441 -0.05559
0.19826 -0.05585
0.202100 -0.05607
0.20594 -0.05624
0.20977 -0.05634
0.2136 -0.05638
0.217430 -0.05635
0.22125 -0.05624
0.22507 -0.05607
0.22888 -0.05582
0.23269 -0.055510
0.23649 -0.05513
0.24028 -0.05468
0.24408 -0.05416
0.24786 -0.05356
0.25164 -0.05289
0.25542 -0.05215
0.25919 -0.05132
0.262960 -0.05041
0.26671 -0.04942
0.27047 -0.04835
0.27422 -0.04719
0.277960 -0.04594
0.28169 -0.0446
0.285420 -0.043160
0.28914 -0.04163
0.29285 -0.03999
0.29656 -0.03825
0.3002600 -0.03642
0.30395 -0.0345
0.307640 -0.0325
0.31133 -0.030420
0.315 -0.02827
0.31868 -0.02604
0.322340 -0.02374
0.32601 -0.02137
0.32966 -0.01892
0.33331 -0.016390
0.33696 -0.01374
0.34059 -0.01097
0.34421 -0.00804
0.3478 -0.00498
0.35124 -0.00192
0.35438 0.00096
0.35709 0.0035
0.35922 0.00553
0.36065 0.0069
0.36138 0.00749
-Inserting Flap Ga2-
0.49567 0.091990
0.49554 0.09158
0.49527 0.090770
0.49486 0.08958
0.49433 0.08808
0.4937 0.08638
0.49299 0.084560
0.49222 0.08274
0.4914 0.08098
0.49054 0.0793
0.48965 0.07768
0.48873 0.07612
0.48779 0.0746
0.48684 0.07311
0.48586 0.07165
0.48488 0.07023
0.48388 0.06883
0.48286 0.06745
0.48184 0.0661
0.4808 0.06478
0.47975 0.06347
0.47869 0.06219
0.47762 0.06092
0.47654 0.05968
0.47545 0.05845
0.47434 0.05725
0.47323 0.05607
0.472110 0.05491
0.47097 0.05377
0.46983 0.05266
0.46867 0.05156
0.46751 0.05048
0.46634 0.0494
0.465170 0.04834
0.46399 0.04729
0.46281 0.04625
0.46162 0.04522
0.46042 0.04421
0.45921 0.04322
0.45799 0.042240
0.45676 0.04129
0.45553 0.04034
0.45428 0.03942
0.45303 0.03851
0.451780 0.03761
0.45051 0.03673
0.44924 0.03586
0.44796 0.03501
0.44667 0.03417
0.44538 0.03334
0.44408 0.03252
0.44278 0.03172
0.44146 0.03094
0.44014 0.03017
0.43881 0.02942
0.437470 0.02868
0.43612 0.02796
0.434760 0.02726
0.43340 0.02657
0.43203 0.0259
0.43065 0.02525
0.42925 0.02461
0.427850 0.02399
0.42645 0.0234
0.4250300 0.022810
0.4236 0.022250
0.42217 0.02169
0.42073 0.02115
0.419280 0.02063
0.41783 0.02012
0.41637 0.01962
0.41489 0.01916
0.4134 0.01872
0.41189 0.018310
0.41037 0.01793
0.40883 0.01758
0.40728 0.01727
0.40571 0.01698
0.4041200 0.01673
0.40252 0.01651
0.4009 0.01634
0.39925 0.01621
0.39757 0.01613
0.39587 0.01611
0.39413 0.01615
0.39237 0.01624
0.39059 0.01638
0.38877 0.01658
0.38693 0.01682
0.385050 0.01715
0.38312 0.01758
0.38112 0.01814
0.37904 0.01886
0.37688 0.01975
0.37471 0.0208
0.37262 0.02196
0.3706900 0.02321
0.36901 0.02451
0.36766 0.02583
0.36601 0.02838
0.36577 0.02954
0.36593 0.03057
0.3665 0.03145
0.36741 0.03218
0.36860 0.0328
0.36997 0.03332
0.37144 0.03376
0.37296 0.03415
0.37451 0.03449
0.37607 0.03477
0.37766 0.03501
0.37928 0.035210
0.38091 0.03537
0.382560 0.0355
0.38423 0.03559
0.38591 0.03566
0.38759 0.03571
0.389290 0.03575
0.39099 0.03577
0.3927 0.03579
0.3944 0.03581
0.39611 0.03583
0.39781 0.03585
0.39951 0.03588
0.40121 0.03591
0.4029 0.03596
0.40458 0.03602
0.40626 0.03609
0.40794 0.03617
0.40960 0.03627
0.41126 0.03638
0.41291 0.0365
0.41455 0.036640
0.41619 0.0368
0.41782 0.03697
0.41944 0.03715
0.42105 0.03736
0.42265 0.03758
0.42424 0.03782
0.42582 0.03808
0.4274 0.03835
0.4289600 0.038640
0.43052 0.03896
0.43206 0.03929
0.43360 0.03964
0.43512 0.04001
0.43664 0.04041
0.43814 0.04082
0.43963 0.04126
0.44111 0.04171
0.442590 0.04219
0.444050000 0.04267
0.44551 0.0431800
0.44696 0.0437
0.4484 0.04424
0.44983 0.0448
0.45125 0.04538
0.452650 0.04599
0.45404 0.04663
0.45542 0.047290
0.45678 0.047980
0.45814 0.04869
0.45948 0.04942
0.4608 0.05018
0.46212 0.05096
0.46342 0.05177
0.46471 0.05261
0.46598 0.053480
0.46724 0.05437
0.468480 0.05529
0.46971 0.05625
0.47093 0.05723
0.47213 0.05824
0.47331 0.05928
0.47447 0.06036
0.47562 0.06147
0.47675 0.06262
0.47786 0.06381
0.47896 0.06502
0.48003 0.06628
0.48109 0.06756
0.48214 0.06887
0.48317 0.07021
0.48419 0.07158
0.48519 0.07298
0.48618 0.0744
0.48716 0.07584
0.48812 0.07731
0.48907 0.07882
0.49 0.08036
0.4909 0.08195
0.49178 0.0836
0.49262 0.08528
0.49341 0.08695
0.49412 0.0885
0.49472 0.0898600
0.49518 0.09094
0.4955 0.09166
0.49567 0.091990
-Inserting Flap Ga2-
0.61724 0.21797
0.61725 0.21754
0.61723 0.21668
0.61721 0.21542
0.61717 0.21383
0.61710 0.21202
0.61699 0.21007
0.61682 0.2081
0.61658 0.20617
0.616290 0.20431
0.61594 0.20249
0.61555 0.20072
0.615130 0.19899
0.61468 0.19728
0.6142 0.19559
0.6137 0.19393
0.61318 0.19229
0.61264 0.19067
0.61208 0.189070
0.61151 0.18749
0.61091 0.185920
0.61030 0.18437
0.60967 0.18284
0.60903 0.18132
0.60837 0.17982
0.60769 0.17834
0.607 0.17687
0.60629 0.17542
0.60556 0.17399
0.60482 0.17257
0.60406 0.171170
0.60329 0.169780
0.60251 0.1684
0.60172 0.167030
0.60093 0.16566
0.60012 0.1643
0.59931 0.16296
0.59848 0.16163
0.59764 0.16031
0.59678 0.15901
0.59591 0.15772
0.59502 0.15644
0.59413 0.15518
0.59322 0.15393
0.59230 0.15269
0.59137 0.15146
0.59043 0.15024
0.58947 0.14903
0.58851 0.14783
0.58754 0.14664
0.58656 0.14547
0.58556 0.1443
0.58455 0.14315
0.583530 0.14201
0.5825 0.14088
0.58145 0.13977
0.58039 0.13867
0.57932 0.13758
0.57824 0.1365
0.57714 0.13544
0.57602 0.1344
0.57490 0.13336
0.57376 0.13234
0.5726 0.13134
0.57143 0.13034
0.57025 0.129360
0.56906 0.1284
0.56786 0.12744
0.56665 0.12649
0.56542 0.12555
0.56418 0.12463
0.56292 0.12373
0.56164 0.12285
0.56034 0.122
0.559 0.12117
0.557650 0.12037
0.55627 0.11959
0.55486 0.11883
0.55343 0.1181
0.55198 0.1174
0.55048 0.11673
0.54896 0.11610
0.54739 0.11551
0.54577 0.11496
0.54411 0.11446
0.54241 0.114
0.54067 0.113580
0.53888 0.113210
0.53705 0.112880
0.53516 0.1126
0.53319 0.11242
0.53112 0.11233
0.52892 0.11237
0.52659 0.11255
0.5242 0.11288
0.521860 0.11334
0.51964 0.11393
0.51764 0.11465
0.51594 0.11549
0.51359 0.117400
0.51299 0.11843
0.51283 0.11946
0.5131 0.12047
0.51374 0.12145
0.51468 0.1224
0.51582 0.12332
0.51709 0.1242
0.518410 0.12504
0.51978 0.12583
0.52118 0.12659
0.52262 0.12731
0.52409 0.128
0.52559 0.128660
0.52713 0.12929
0.52868 0.12989
0.53026 0.130480
0.531850 0.13105
0.53345 0.1316
0.53506 0.13215
0.53667 0.1327
0.53829 0.13324
0.53991 0.13378
0.54152 0.13433
0.54313 0.13488
0.54473 0.13544
0.54633 0.13601
0.54791 0.136580
0.54949 0.137170
0.55105 0.13776
0.55261 0.13837
0.55415 0.13899
0.55568 0.13962
0.5572 0.14026
0.55871 0.14091
0.5602 0.14158
0.56168 0.14225
0.56315 0.14295
0.56461 0.14365
0.56605 0.1443700
0.56747 0.14511
0.568890 0.14585
0.57028 0.14662
0.57167 0.147390
0.57303 0.14819
0.574390 0.1490
0.57572 0.14982
0.57704 0.15066
0.57834 0.15152
0.57962 0.1524
0.58089 0.15329
0.58215 0.1542
0.58339 0.15511
0.58462 0.15604
0.58584 0.15698
0.58704 0.157940
0.58823 0.158920
0.58939 0.15991
0.590540 0.16092
0.59167 0.16196
0.59277 0.16301
0.59386 0.16409
0.59493 0.16518
0.59597 0.16629
0.597 0.16743
0.59801 0.16858
0.599 0.16975
0.59996 0.170950
0.60091 0.172160
0.60183 0.1734
0.60273 0.17466
0.6036 0.17595
0.60445 0.17726
0.60528 0.17859
0.60608 0.17995
0.60686 0.18133
0.6076 0.18275
0.608320 0.18419
0.60902 0.18566
0.60968 0.18715
0.61032 0.18868
0.61093 0.19023
0.61152 0.1918
0.61208 0.19339
0.61263 0.19501
0.61315 0.19664
0.61366 0.1983
0.61414 0.19998
0.6146 0.20168
0.61504 0.2034
0.61544 0.20515
0.61581 0.20695
0.61614 0.20878
0.61642 0.21064
0.61665 0.21247
0.61684 0.21416
0.61699 0.21564
0.61711 0.21681
0.617180 0.2176
0.61724 0.21797
*.*.Setup: Ga2.txt as Flap 1, Inverted: y, Scale = 1.0, AoA = 4.0, Reposition from (0,0) = (0, 0)*.*.
*.*.Setup: Ga2.txt as Flap 2, Inverted: y, Scale = 0.4, AoA = 27.0, Reposition from previous T.E. = (0.0067, 0.07), Reposition from (0,0) = (1.0077, 0.0907)*.*.
*.*.Setup: Ga2.txt as Flap 3, Inverted: y, Scale = 0.4, AoA = 45.0, Reposition from previous T.E. = (0.04, 0.08), Reposition from (0,0) = (1.413, 0.3348)*.*.
*.*.Setup: Scale Ratio = 0.36102*.*.