0.3595 0.05694
0.35749 0.054710
0.35456 0.05147
0.3511 0.04825
0.34687 0.04509
0.3417 0.0418
0.33543 0.03823
0.32803 0.03436
0.31957 0.030250
0.31029 0.02601
0.30044 0.02173
0.29025 0.01749
0.27989 0.01336
0.26945 0.00939
0.25898 0.00559
0.24847 0.00198
0.23789 -0.00145
0.22719 -0.00471
0.21633 -0.00784
0.20526 -0.01086
0.19393 -0.01381
0.18238 -0.01672
0.17064 -0.01962
0.15883 -0.02249
0.14712 -0.02531
0.13565 -0.02801
0.12462 -0.030510
0.11422 -0.03271
0.10453 -0.03452
0.09553 -0.03588
0.08708 -0.03676
0.07904 -0.03716
0.07135 -0.03711
0.06394 -0.036590
0.05679 -0.03563
0.04989 -0.03424
0.04327 -0.03245
0.03699 -0.0303
0.03112 -0.02786
0.02577 -0.02525
0.02104 -0.022610
0.016980 -0.02005
0.01357 -0.01763
0.010740 -0.01535
0.0084 -0.01323
0.006460 -0.011240
0.00486 -0.00938
0.00354 -0.00763
0.00245 -0.00599
0.00157 -0.0044400
0.00089 -0.00297
0.00037 -0.001560
0.000086 -0.00022
-0.00012 0.00109000
0.000005 0.00241
0.00057 0.003630
0.00158 0.0046
0.00291 0.00533
0.00448 0.00592
0.00629 0.006430
0.00839 0.0069
0.01085 0.00737
0.01379 0.00785
0.01738 0.00834
0.02187 0.00886
0.02758 0.00943
0.03478 0.01003
0.04343 0.01061
0.05317 0.01108
0.063660 0.01134
0.074810 0.01143
0.08653 0.0114
0.098630 0.01132
0.1109 0.01122
0.12314 0.01114
0.13523 0.01109
0.147140 0.01111
0.15884 0.01123
0.17034 0.011470
0.181660 0.01186
0.1928 0.01241
0.20378 0.01315
0.21462 0.01409
0.2253400 0.01524
0.23595 0.01661
0.24646 0.01821
0.25689 0.02004
0.267230 0.02212
0.27748 0.02442
0.28762 0.02697
0.2976 0.02974
0.30736 0.0327
0.31673 0.03581
0.3255 0.039
0.33344 0.04218
0.34037 0.04526
0.34627 0.04823
0.35122 0.05107
0.35534 0.05377
0.3595 0.05694
-Inserting Flap s1223rtl-
0.5378 0.15558
0.53703 0.1543
0.5359 0.15243
0.5345 0.15052
0.53273 0.14856
0.53051 0.14645
0.52777 0.1441
0.52451 0.1415
0.520750 0.13868
0.5166 0.13571
0.51217 0.13266
0.50758 0.12961
0.50288 0.1266
0.49814 0.12365
0.49336 0.12079
0.488550 0.11802
0.48368 0.11532
0.47874 0.11270
0.47371 0.110130
0.46856 0.10759
0.46329 0.10506
0.45789 0.10253
0.45241 0.099990
0.44689 0.09745
0.4414 0.094950
0.43604 0.09253
0.43086 0.09026
0.42596 0.08818
0.42139 0.08637
0.4171 0.08484
0.41303 0.08361
0.40913 0.08264
0.40534 0.08193
0.40166 0.08148
0.39805 0.08127
0.39454 0.08129
0.39112 0.08154
0.38783 0.082
0.38471 0.08263
0.38184 0.0834
0.37927 0.084250
0.37703 0.08512
0.37513 0.08598
0.37352 0.08683
0.372170 0.08765
0.37103 0.08844
0.37006 0.0892
0.36925 0.08993
0.36856 0.09063
0.36798 0.09131
0.36750 0.09197
0.36712 0.09261
0.36682 0.093240
0.36662 0.09386
0.366560 0.09452
0.36672 0.09517
0.36712 0.09575
0.367710 0.09623
0.36842 0.09667
0.36926 0.09709
0.370240 0.09753
0.37141 0.09799
0.3728 0.0985
0.37452 0.09909
0.37667 0.09978
0.37942 0.1006
0.3829 0.10158
0.38709 0.10269
0.391820 0.10385
0.39695 0.10498
0.402410 0.10608
0.40817 0.107190
0.41411 0.10831
0.42014 0.10943
0.42616 0.11055
0.4321 0.11168
0.43794 0.11283
0.44367 0.114
0.4493 0.11522
0.45481 0.11649
0.460230 0.11782
0.46555 0.11923
0.47078 0.12073
0.47593 0.12232
0.48101 0.124
0.48602 0.12579
0.49096 0.12768
0.49583 0.12969
0.50064 0.1318
0.50538 0.13402
0.51002 0.13633
0.514520 0.13871
0.51882 0.14113
0.522820 0.14354
0.52642 0.14585
0.52953 0.14803
0.53214 0.15005
0.5343 0.15191
0.536060 0.15363
0.5378 0.15558
-Inserting Flap s1223rtl-
0.66284 0.29477
0.662590 0.29329
0.66223 0.29113
0.66164 0.28885
0.660710 0.28637
0.65943 0.28359
0.65775 0.2804
0.65568 0.27677
0.65323 0.27276
0.65047 0.26847
0.64748 0.26401
0.64433 0.25948
0.64109 0.25494
0.63776 0.25045
0.634380 0.24603
0.630930 0.24167
0.6274 0.23737
0.62378 0.23311
0.62005 0.228870
0.61621 0.22461
0.61224 0.22031
0.608160 0.21596
0.604 0.21158
0.59981 0.20718
0.59563 0.20283
0.59154 0.1986
0.58757 0.194580
0.58379 0.19084
0.5802 0.18746
0.57678 0.18446
0.57346 0.18181
0.57018 0.17947
0.56693 0.17742
0.56367 0.17564
0.56040 0.17411
0.55712 0.17283
0.55385 0.1718
0.550630 0.17101
0.5475 0.1704500
0.54454 0.17011
0.541840 0.16994
0.53944 0.16993
0.5373500 0.17003
0.535550 0.17022
0.53399 0.17048
0.532640 0.1708
0.53146 0.17115
0.53043 0.17152
0.52953 0.17192
0.52874 0.17234
0.52806 0.172770
0.52746 0.17323
0.52695 0.1737
0.52654 0.17421
0.52623 0.17480
0.52614 0.17546
0.52631 0.17615
0.52667 0.17681
0.52717 0.17748
0.5278 0.17819
0.52855 0.17895
0.52946 0.17981
0.53057 0.18081
0.531950 0.18198
0.5337 0.183420
0.53595 0.18519
0.53881 0.18739
0.5423 0.189970
0.54627 0.19279
0.55062 0.19574
0.55529 0.19878
0.56023 0.20194
0.56534 0.20517
0.57053 0.208440
0.57571 0.2117
0.58081 0.21495
0.58582 0.21817
0.59071 0.22138
0.59549 0.22458
0.60015 0.2278
0.60468 0.23104
0.60911 0.23431
0.61342 0.23763
0.61762 0.24101
0.62172 0.24445
0.62571 0.24796
0.6296 0.251550
0.63339 0.25521
0.63708 0.25895
0.64067 0.26276
0.64412 0.26662
0.64743 0.27049
0.65053 0.27433
0.65336 0.27804
0.65585 0.28152
0.657930 0.28469
0.65962 0.28753
0.66093 0.29006
0.661940 0.29232
0.66284 0.29477
*.*.Setup: s1223rtl.txt as Flap 1, Inverted: y, Scale = 1.0, AoA = 9.0, Reposition from (0,0) = (0, 0)*.*.
*.*.Setup: s1223rtl.txt as Flap 2, Inverted: y, Scale = 0.5, AoA = 20.0, Reposition from previous T.E. = (0.02, 0.1), Reposition from (0,0) = (1.0077, 0.2564)*.*.
*.*.Setup: s1223rtl.txt as Flap 3, Inverted: y, Scale = 0.5, AoA = 41.666666666666664, Reposition from previous T.E. = (-0.03, 0.05), Reposition from (0,0) = (1.4475, 0.4774)*.*.
*.*.Setup: Scale Ratio = 0.36399*.*.