0.3712400000 -0.01824
0.37045 -0.01903
0.36888 -0.02056
0.36655 -0.02282
0.36359 -0.02564
0.36016 -0.02881
0.35642 -0.03214
0.35252 -0.03542
0.34859 -0.03849
0.344670 -0.04134
0.34074 -0.04401
0.33681 -0.04651
0.33288 -0.0489
0.32896 -0.05119
0.32503 -0.05339
0.3211 -0.0555
0.31718 -0.05754
0.31325 -0.0595
0.30932 -0.0614
0.3054 -0.06323
0.30147 -0.06499
0.29754 -0.06669
0.29361 -0.06834
0.28969 -0.06993
0.28576 -0.071460
0.28183 -0.07293
0.277910 -0.07434
0.27398 -0.07569
0.27005 -0.07696
0.26612 -0.07818
0.2622 -0.07935
0.25827 -0.08048
0.254340 -0.08157
0.25042 -0.08264
0.24649 -0.083670
0.24256 -0.08468
0.23863 -0.08564
0.23471 -0.08655
0.230780 -0.08741
0.22685 -0.088220
0.22293 -0.08898
0.219 -0.0897
0.21507 -0.09037
0.21115 -0.09099
0.20722 -0.09157
0.20329 -0.09212
0.19936 -0.09262
0.19544 -0.09309
0.19151 -0.09352
0.18758 -0.09391
0.18366 -0.09426
0.17973 -0.09457
0.1758 -0.09483
0.17187 -0.09505
0.16795 -0.09522
0.16402 -0.09534
0.16009 -0.09541
0.15617 -0.09544
0.15224 -0.09542
0.14831 -0.09535
0.14439 -0.09524
0.140460 -0.09507
0.13653 -0.09485
0.1326 -0.09458
0.12868 -0.09426
0.12475 -0.09389
0.12082 -0.09349
0.11690 -0.09304
0.11297 -0.09256
0.10904 -0.09204
0.10511 -0.09145
0.10119 -0.09080
0.09726 -0.090070
0.093330 -0.08925
0.08941 -0.08834
0.08548 -0.08734
0.08155 -0.08624
0.07762 -0.08506
0.0737 -0.08379
0.06977 -0.08242
0.06584 -0.08092
0.06192 -0.07929
0.05799 -0.0775100
0.05406 -0.07557
0.05014 -0.0734700
0.04621 -0.071210
0.04228 -0.06879
0.03835 -0.06623
0.03443 -0.06351
0.0305 -0.06057
0.026570 -0.05733
0.02265 -0.053710
0.01872 -0.04964
0.01482 -0.04507
0.01107 -0.04015
0.00764 -0.03505
0.00469 -0.02993
0.00236 -0.02499
0.00079 -0.02038
0.000000 -0.01263
0.00079 -0.00969
0.00236 -0.00751
0.00469 -0.00617
0.00764 -0.00555
0.01107 -0.00552
0.01482 -0.00593
0.01872 -0.00664
0.02265 -0.00752
0.026570 -0.00856
0.0305 -0.00973
0.03443 -0.01103
0.03835 -0.01246
0.04228 -0.014
0.04621 -0.01564
0.05014 -0.01736
0.05406 -0.01916
0.05799 -0.02102
0.06192 -0.02292
0.06584 -0.02484
0.06977 -0.02679
0.0737 -0.02875
0.07762 -0.0307
0.08155 -0.03264
0.08548 -0.03455
0.08941 -0.03645
0.093330 -0.03832
0.09726 -0.04015
0.10119 -0.04195
0.10511 -0.04372
0.10904 -0.04544
0.11297 -0.04712
0.11690 -0.04876
0.12082 -0.05036
0.12475 -0.051910
0.12868 -0.05342
0.1326 -0.05488
0.13653 -0.056290
0.140460 -0.0576500
0.14439 -0.05897
0.14831 -0.06023
0.15224 -0.06143
0.15617 -0.06259
0.16009 -0.06369
0.16402 -0.06473
0.16795 -0.06572
0.17187 -0.06664
0.1758 -0.0675
0.17973 -0.06831
0.18366 -0.06905
0.18758 -0.069740
0.19151 -0.070380
0.19544 -0.07097
0.19936 -0.07152
0.20329 -0.072020
0.20722 -0.07246
0.21115 -0.07284
0.21507 -0.07316
0.219 -0.0734
0.22293 -0.07357
0.22685 -0.07366
0.230780 -0.07368
0.23471 -0.07363
0.23863 -0.07352
0.24256 -0.07333
0.24649 -0.073060
0.25042 -0.07272
0.254340 -0.07231
0.25827 -0.07181
0.2622 -0.07124
0.26612 -0.07057
0.27005 -0.06983
0.27398 -0.069
0.277910 -0.06808
0.28183 -0.06707
0.28576 -0.06596
0.28969 -0.06475
0.29361 -0.06344
0.29754 -0.06203
0.30147 -0.06051
0.3054 -0.0589
0.30932 -0.05719
0.31325 -0.05541
0.31718 -0.05354
0.3211 -0.051590
0.32503 -0.04957
0.32896 -0.04748
0.33288 -0.04531
0.33681 -0.04306
0.34074 -0.04072
0.344670 -0.03827
0.34859 -0.03568
0.35252 -0.032940
0.35642 -0.03006
0.36016 -0.02717
0.36359 -0.02443
0.36655 -0.02202
0.36888 -0.02010
0.37045 -0.0188
0.3712400000 -0.01824
-Inserting Flap Ga2-
0.49114 0.080250
0.49104 0.079810
0.490830 0.07896
0.49052 0.0777
0.49011 0.07612
0.48962 0.074310
0.48906 0.07239
0.48843 0.07045
0.48775 0.06858
0.48702 0.066780
0.48625 0.06504
0.48545 0.063360
0.48462 0.06172
0.48378 0.06011
0.48291 0.05853
0.48203 0.05698
0.48113 0.05546
0.480210 0.05396
0.47928 0.05248
0.47834 0.05103
0.47738 0.0496
0.47641 0.04819
0.47542 0.0468
0.47443 0.04543
0.47342 0.04408
0.472400 0.04274
0.47137 0.04143
0.47032 0.04015
0.46926 0.03888
0.46819 0.03763
0.4671 0.0364
0.46601 0.03519
0.46491 0.033990
0.4638 0.03279
0.46269 0.03161
0.46157 0.03044
0.46044 0.02928
0.4593 0.02814
0.45815 0.02701
0.45699 0.0259
0.45582 0.02481
0.45464 0.02374
0.45345 0.022680
0.452250 0.02163
0.45104 0.0206
0.44982 0.01959
0.4486 0.01858
0.44737 0.01759
0.446130 0.01662
0.44488 0.01565
0.44362 0.0147
0.44235 0.01376
0.44108 0.01284
0.43979 0.01193
0.43849 0.011040
0.43719 0.01017
0.43587 0.00931
0.43454 0.00847
0.43321 0.00765
0.43186 0.00684
0.4305 0.00604
0.42914 0.005270
0.42776 0.00451
0.42637 0.00377
0.42497 0.00305
0.42356 0.00234
0.42214 0.00164
0.42071 0.00096
0.41928 0.00029
0.417840 -0.00036
0.41638 -0.001
0.41491 -0.00161
0.41342 -0.00219
0.41192 -0.00275
0.41039 -0.00327
0.40885 -0.00376
0.40728 -0.00423
0.4057 -0.00466
0.4041 -0.00506
0.40248 -0.00542
0.40083 -0.00575
0.39915 -0.00603
0.397440 -0.00626
0.3957 -0.00643
0.39392 -0.00655
0.39211 -0.00662
0.39026 -0.00663
0.38839 -0.006590
0.38648 -0.0065
0.38452 -0.00634
0.382510 -0.00607
0.38041 -0.005680
0.37821 -0.005130
0.375920 -0.0044
0.37361 -0.00353
0.37136 -0.00252
0.36927 -0.00142
0.36744 -0.000230
0.365930 0.001
0.36402 0.00346
0.36366 0.00463
0.36373 0.0057
0.36424 0.00665
0.36511 0.00748
0.36627 0.00822
0.36762 0.00887
0.3691 0.00946
0.37062 0.00999
0.37217 0.01047
0.37375 0.01091
0.37536 0.01130
0.37699 0.01165
0.378650 0.01196
0.38033 0.01223
0.38203 0.012480
0.38374 0.0127
0.38547 0.01291
0.3872 0.0131
0.38894 0.01327
0.39069 0.01345
0.39243 0.01361
0.39418 0.01378
0.39592 0.01396
0.397660 0.01414
0.399390 0.01433
0.40112 0.014530
0.40284 0.01474
0.40456 0.01496
0.40626 0.0152
0.40796 0.0154400
0.40965 0.0157
0.411330 0.01598
0.4130 0.016270
0.41466 0.01658
0.41631 0.0169
0.41795 0.01724
0.41958 0.01759
0.42121 0.01796
0.42282 0.01835
0.42442 0.01875
0.4260 0.019170
0.42758 0.01962
0.42915 0.02007
0.4307 0.02055
0.43224 0.02105
0.43377 0.02157
0.43528 0.02211
0.43679 0.02267
0.43827 0.02325
0.43975 0.02385
0.44122 0.02447
0.44268 0.0251
0.44413 0.02574
0.445560 0.026410
0.44699 0.02709
0.4484 0.02779
0.4498 0.02852
0.45119 0.02927
0.45255 0.03004
0.45391 0.03084
0.45524 0.03167
0.456560 0.03252
0.45787 0.03339
0.45916 0.03429
0.460440 0.03521
0.4617 0.036150
0.46294 0.03713
0.46417 0.03813
0.46538 0.03916
0.46657 0.04021
0.46775 0.0413
0.4689 0.04241
0.470040 0.04356
0.471160 0.04473
0.47226 0.04594
0.47333 0.04718
0.47439 0.04846
0.47542 0.04977
0.47643 0.05112
0.47742 0.0525
0.47839 0.05391
0.4793400 0.055350
0.48028 0.05681
0.4812 0.05831
0.4821 0.05982
0.48299 0.06137
0.48386 0.06294
0.484720 0.06453
0.48556 0.06616
0.486370 0.06782
0.48715 0.06953
0.4879 0.07129
0.48862 0.0731
0.48927 0.07487
0.48986 0.07653
0.49035 0.07797
0.49073 0.07912
0.49099 0.07989
0.49114 0.080250
-Inserting Flap Ga2-
0.60381 0.21448
0.60387 0.21404
0.60396 0.21316
0.60409 0.21187
0.60424 0.21024
0.60438 0.20838
0.6045 0.20638
0.604560 0.20434
0.60455 0.20235
0.60447 0.20041
0.60433 0.19852
0.60414 0.19666
0.60392 0.19484
0.60366 0.19304
0.60338 0.19126
0.60307 0.1895
0.60273 0.18776
0.60237 0.18605
0.60199 0.18434
0.60159 0.18266
0.60117 0.18099
0.60073 0.17933
0.60027 0.17769
0.5998 0.17607
0.5993 0.17445
0.59879 0.17286
0.59826 0.17128
0.59771 0.16971
0.59713 0.168160
0.59654 0.16663
0.59593 0.1651
0.59531 0.16359
0.59468 0.16209
0.59404 0.16059
0.59339 0.1591
0.59273 0.15762
0.59206 0.15615
0.59137 0.15469
0.59067 0.15325
0.58995 0.15181
0.58921 0.15039
0.58846 0.14898
0.5877 0.14758
0.58692 0.1462
0.58613 0.14482
0.585320 0.14345
0.58451 0.1421
0.58368 0.14075
0.582840 0.13941
0.58199 0.13808
0.58113 0.13676
0.58025 0.13545
0.57936 0.13415
0.57845 0.13287
0.57753 0.13159
0.57659 0.13033
0.57564 0.12908
0.57468 0.12784
0.5737 0.12662
0.5727 0.1254
0.57169 0.1242
0.57066 0.123010
0.56962 0.12183
0.56856 0.120660
0.56749 0.11951
0.5664 0.11837
0.56529 0.11724
0.56418 0.116120
0.56306 0.115
0.56192 0.1139
0.560760 0.11281
0.55958 0.11174
0.55838 0.110690
0.55715 0.1096600
0.55589 0.108660
0.5546 0.107670
0.55328 0.106710
0.55194 0.105770
0.55056 0.10486
0.54916 0.103970
0.54771 0.10310
0.54623 0.1022800
0.5447 0.101490
0.543110 0.10074
0.54148 0.10003
0.53979 0.09935
0.53806 0.09872
0.53628 0.09812
0.53446 0.09757
0.53256 0.09706
0.53057 0.09663
0.52846 0.0963
0.52621 0.09608
0.52381 0.09599
0.52133 0.09603
0.51888 0.0962300
0.5165400 0.09657
0.51441 0.09706
0.51258 0.09771
0.509950 0.09939
0.509220 0.10036
0.50893 0.1014
0.50908 0.10246
0.50963 0.10354
0.51047 0.10463
0.51152 0.1057
0.51271 0.10675
0.513970 0.10776
0.51526 0.10874
0.51661 0.10968
0.51799 0.11059
0.51941 0.11147
0.52087 0.11232
0.52236 0.11314
0.523870 0.11394
0.52541 0.11473
0.52697 0.1155
0.52854 0.11626
0.53012 0.11702
0.53170 0.11777
0.53329 0.11851
0.534880 0.11926
0.53646 0.12001
0.53804 0.12077
0.5396 0.12153
0.54116 0.1223
0.54272 0.123080
0.54425 0.12386
0.54578 0.12466
0.5473 0.12546
0.5488 0.12628
0.55029 0.12710
0.55176 0.12794
0.55323 0.12878
0.55467 0.12964
0.55610 0.130510
0.55752 0.13139
0.55892 0.13229
0.56031 0.1332
0.56168 0.13411
0.56303 0.13505
0.56437 0.13599
0.56569 0.13695
0.56699 0.13793
0.56827 0.138910
0.56954 0.13992
0.57078 0.14093
0.572010 0.14197
0.57322 0.14302
0.57441 0.14408
0.57558 0.145150
0.57674 0.14624
0.57789 0.14733
0.57902 0.14844
0.58013 0.14956
0.58123 0.1507
0.5823 0.15185
0.58335 0.15303
0.58438 0.15422
0.58538 0.15543
0.58636 0.15665
0.58732 0.1579
0.58826 0.15916
0.58917 0.16044
0.59006 0.16173
0.59093 0.16305
0.59178 0.16439
0.59259 0.16574
0.59339 0.167120
0.59415 0.168510
0.59489 0.16993
0.59561 0.17137
0.59629 0.17283
0.59695 0.17431
0.59758 0.17582
0.59817 0.17735
0.59874 0.17891
0.59927 0.18049
0.59976 0.1821
0.60023 0.18373
0.60067 0.18539
0.60109 0.18706
0.60148 0.18876
0.60184 0.19047
0.60218 0.19221
0.6025 0.19396
0.60279 0.19573
0.60306 0.19752
0.6033 0.19933
0.6035 0.20117
0.60367 0.20305
0.60378 0.20496
0.60384 0.2069
0.60387 0.208790
0.60386 0.21054
0.60384 0.21207
0.60381 0.21328
0.60379 0.21409
0.60381 0.21448
*.*.Setup: Ga2.txt as Flap 1, Inverted: y, Scale = 1.0, AoA = 0.0, Reposition from (0,0) = (0, 0)*.*.
*.*.Setup: Ga2.txt as Flap 2, Inverted: y, Scale = 0.4, AoA = 32.0, Reposition from previous T.E. = (-0.0267, 0.07), Reposition from (0,0) = (0.9733, 0.0209)*.*.
*.*.Setup: Ga2.txt as Flap 3, Inverted: y, Scale = 0.4, AoA = 51.666666666666664, Reposition from previous T.E. = (0.04, 0.06), Reposition from (0,0) = (1.363, 0.2762)*.*.
*.*.Setup: Scale Ratio = 0.37124*.*.