0.34044 0.05392
0.33853 0.051810
0.33576 0.04874
0.33248 0.04569
0.32847 0.0427
0.32357 0.03958
0.31764 0.0362
0.31063 0.03254
0.30262 0.028650
0.29383 0.02463
0.2845 0.02057
0.27486 0.01656
0.26505 0.01265
0.25516 0.00889
0.24524 0.00529
0.23529 0.00188
0.22527 -0.00137
0.21514 -0.00446
0.20486 -0.00742
0.19437 -0.01028
0.18365 -0.01307
0.1727 -0.01583
0.16159 -0.01858
0.15041 -0.0213
0.13931 -0.02396
0.12846 -0.02652
0.11801 -0.028890
0.10816 -0.03098
0.09899 -0.03269
0.09047 -0.03398
0.08246 -0.03481
0.07485 -0.03519
0.06756 -0.03514
0.06055 -0.034650
0.05377 -0.03374
0.04724 -0.03243
0.04098 -0.03073
0.03503 -0.02869
0.02947 -0.02638
0.0244 -0.02391
0.01992 -0.021410
0.016080 -0.01899
0.01285 -0.01669
0.010170 -0.01454
0.00795 -0.01253
0.006120 -0.010640
0.0046 -0.00888
0.00335 -0.00723
0.00232 -0.00567
0.00149 -0.0042100
0.00084 -0.00281
0.00035 -0.001480
0.000086 -0.00021
-0.00011 0.00103000
0.000005 0.00228
0.00054 0.003430
0.0015 0.00435
0.00276 0.00505
0.00424 0.0056
0.00596 0.006090
0.00794 0.00654
0.01027 0.00698
0.01306 0.00743
0.01646 0.0079
0.02071 0.00839
0.02612 0.00893
0.03293 0.0095
0.04113 0.01005
0.05035 0.01049
0.060280 0.01074
0.070840 0.01082
0.08194 0.0108
0.09340 0.01072
0.10502 0.01063
0.11661 0.01055
0.12806 0.0105
0.139330 0.01052
0.15042 0.01063
0.16131 0.010860
0.172020 0.01123
0.18257 0.01175
0.19297 0.01245
0.20324 0.01334
0.2133900 0.01443
0.22344 0.01573
0.23339 0.01724
0.24326 0.01898
0.253050 0.02094
0.26276 0.02313
0.27236 0.02554
0.28182 0.02816
0.29105 0.03096
0.29993 0.03391
0.30823 0.03693
0.31575 0.03994
0.32232 0.04286
0.32791 0.04567
0.33259 0.04836
0.33649 0.05092
0.34044 0.05392
-Inserting Flap s1223rtl-
0.49658 0.16594
0.49607 0.164620
0.49533 0.16268
0.49434 0.16067
0.49301 0.158560
0.49128 0.15623
0.48912 0.153590
0.4865 0.15062
0.48346 0.14737
0.48007 0.14392
0.47645 0.14035
0.47266 0.13675
0.46878 0.13317
0.46484 0.12964
0.46086 0.12619
0.45682 0.122810
0.45273 0.1195
0.44856 0.11624
0.44429 0.11301
0.4399 0.1098
0.4354 0.1065800
0.43078 0.10333
0.42609 0.10005
0.42136 0.09678
0.41665 0.09355
0.412040 0.09041
0.40759 0.08743
0.40337 0.08469
0.3994 0.08225
0.39565 0.08012
0.39206 0.0783
0.38858 0.07676
0.38517 0.07548
0.3818 0.07445
0.37848 0.07366
0.37519 0.0731
0.37197 0.07277
0.36882 0.072660
0.36581 0.07274
0.363 0.07298
0.36047 0.07335
0.35824 0.07379
0.35632 0.07428
0.35468 0.07481
0.35329 0.07535
0.35209 0.075900
0.35107 0.07645
0.35019 0.077
0.34943 0.07754
0.34878 0.07808
0.34823 0.07861
0.34776 0.07914
0.34738 0.07968
0.34709 0.08023
0.34692 0.08084
0.34697 0.08147
0.34725 0.08207
0.34771 0.08262
0.34831 0.08315
0.34902 0.08368
0.34987 0.08425
0.35087 0.08487
0.35209 0.08558
0.3536 0.08641
0.35549 0.0874
0.35792 0.08862
0.361 0.0901
0.36473 0.09183
0.36895 0.09369
0.37354 0.09559
0.37846 0.09752
0.38365 0.09949
0.38901 0.10151
0.39445 0.10355
0.39987 0.10559
0.40523 0.10762
0.41048 0.10965
0.41564 0.11169
0.42068 0.113740000
0.42562 0.11584
0.43045 0.11797
0.43518 0.12016
0.43981 0.12242
0.44435 0.12474
0.44881 0.12715
0.45319 0.12964
0.45748 0.1322200
0.4617 0.13489
0.46584 0.13765
0.46989 0.14049
0.473840 0.14341
0.47764 0.14638
0.481260 0.14934
0.484590 0.15224
0.48756 0.15499
0.49011 0.15753
0.49221 0.15984
0.493920 0.16194
0.495280 0.16383
0.49658 0.16594
-Inserting Flap s1223rtl-
0.63866 0.30041
0.63835 0.29902
0.63789 0.297
0.63721 0.29487
0.636190 0.29259
0.63482 0.29003
0.63307 0.2871
0.63091 0.283790
0.62837 0.28013
0.62552 0.27622
0.62245 0.27217
0.61923 0.26806
0.61591 0.26395
0.61252 0.25989
0.60908 0.255890
0.60558 0.25197
0.602 0.2481
0.59835 0.244270
0.59459 0.240460
0.59072 0.23664
0.58673 0.23280
0.58263 0.22892
0.57846 0.225
0.57425 0.221070
0.57007 0.21719
0.56596 0.21342
0.56199 0.20983
0.55821 0.20651
0.55463 0.20351
0.55123 0.20087
0.54794 0.19854
0.544720 0.19651
0.54153 0.19475
0.53835 0.19324
0.53518 0.19198
0.532010 0.19095
0.52886 0.19016
0.52577 0.18959
0.522780 0.18923
0.51997 0.18907
0.5174 0.18906
0.51514 0.18918
0.51317 0.18939
0.51147 0.18967
0.510010 0.19
0.50875 0.19037
0.50766 0.19077
0.50671 0.19118
0.50588 0.19161
0.50516 0.19205
0.50453 0.1925
0.50399 0.19296
0.50354 0.19343
0.50317 0.193940
0.50292 0.19451
0.50287 0.19514
0.50306 0.19578
0.50344 0.19639
0.50395 0.197
0.504580 0.19763
0.5053400 0.19831
0.50624 0.19907
0.50735 0.19995
0.50872 0.20099
0.510450 0.20225
0.51267 0.2038
0.51551 0.20572
0.51894 0.20797
0.522850 0.21042
0.52712 0.21296
0.531700 0.21558
0.53655 0.218290
0.54156 0.22107
0.54665 0.22387
0.55172 0.22668
0.55672 0.229460
0.56163 0.23223
0.56644 0.23499
0.57113 0.23776
0.57571 0.240550
0.58018 0.243360
0.58454 0.24621
0.5888 0.24911
0.59296 0.25207
0.59702 0.2551
0.60099 0.2582
0.60486 0.261370
0.60865 0.264630
0.61234 0.26796
0.61594 0.27136
0.61942 0.27482
0.62276 0.2783
0.6259 0.28176
0.62879 0.28511
0.63133 0.288270
0.63347 0.29115
0.63522 0.29374
0.6366 0.29606
0.63768 0.29813
0.63866 0.30041
*.*.Setup: s1223rtl.txt as Flap 1, Inverted: y, Scale = 1.0, AoA = 9.0, Reposition from (0,0) = (0, 0)*.*.
*.*.Setup: s1223rtl.txt as Flap 2, Inverted: y, Scale = 0.5, AoA = 30.0, Reposition from previous T.E. = (0.02, 0.075), Reposition from (0,0) = (1.0077, 0.2314)*.*.
*.*.Setup: s1223rtl.txt as Flap 3, Inverted: y, Scale = 0.5, AoA = 38.333333333333336, Reposition from previous T.E. = (0.02, 0.08), Reposition from (0,0) = (1.4607, 0.5614)*.*.
*.*.Setup: Scale Ratio = 0.34468*.*.