0.35913 0.05688
0.35712 0.054660
0.35419 0.05142
0.35073 0.0482
0.34651 0.04505
0.34134 0.04176
0.33509 0.03819
0.32769 0.03433
0.31924 0.030220
0.30996 0.02598
0.30013 0.0217
0.28995 0.01747
0.2796 0.01335
0.26917 0.00938
0.25871 0.00559
0.24821 0.00198
0.23764 -0.00145
0.22696 -0.00471
0.21611 -0.00783
0.20504 -0.01084
0.19373 -0.01379
0.18219 -0.0167
0.17046 -0.0196
0.15867 -0.02247
0.14696 -0.02528
0.13551 -0.02798
0.12449 -0.030470
0.1141 -0.03268
0.10443 -0.03449
0.09544 -0.03584
0.08699 -0.03672
0.07896 -0.03713
0.07128 -0.03707
0.06387 -0.036550
0.05673 -0.03559
0.04984 -0.03421
0.04323 -0.03242
0.03695 -0.03026
0.03108 -0.02783
0.02574 -0.02523
0.02102 -0.022590
0.016970 -0.02003
0.01356 -0.01761
0.010730 -0.01534
0.00839 -0.01321
0.006450 -0.011230
0.00485 -0.00937
0.00353 -0.00763
0.00245 -0.00599
0.00157 -0.0044400
0.00088 -0.00296
0.00037 -0.001560
0.000086 -0.00022
-0.00012 0.00109000
0.000005 0.0024
0.00057 0.003620
0.00158 0.00459
0.00291 0.00532
0.00448 0.00591
0.00629 0.006420
0.00838 0.0069
0.01084 0.00736
0.01377 0.00784
0.01736 0.00833
0.02185 0.00885
0.02755 0.00942
0.03474 0.01002
0.04339 0.0106
0.05311 0.01106
0.063590 0.01133
0.074730 0.01142
0.08644 0.01139
0.098530 0.01131
0.11078 0.01121
0.12301 0.01112
0.13509 0.01108
0.146980 0.0111
0.15868 0.01122
0.17017 0.011460
0.181470 0.01184
0.1926 0.0124
0.20357 0.01314
0.2144 0.01407
0.2251100 0.01522
0.23571 0.01659
0.24621 0.01819
0.25662 0.02002
0.266950 0.02209
0.27719 0.0244
0.28732 0.02694
0.2973 0.0297
0.30704 0.03266
0.3164 0.03577
0.32516 0.03896
0.33309 0.04213
0.34002 0.04522
0.34591 0.04818
0.35086 0.05101
0.35497 0.05372
0.35913 0.05688
-Inserting Flap s1223rtl-
0.53117 0.15189
0.53051 0.15055
0.52955 0.14859
0.52833 0.14657
0.52674 0.14447
0.52471 0.14217
0.52219 0.1396
0.51917 0.13672
0.51567 0.13358
0.5118 0.13027
0.50766 0.126860
0.50335 0.12342
0.49895 0.12001
0.49448 0.11667
0.48998 0.1134
0.48543 0.11022
0.48082 0.10712
0.47613 0.10408
0.47135 0.10108
0.46645 0.09811
0.46142 0.09513
0.456270 0.09214
0.45103 0.08914
0.44576 0.08613
0.44052 0.08316
0.43539 0.08029
0.43044 0.077570
0.42574 0.07508
0.42135 0.07288
0.41721 0.070990
0.413270 0.0694
0.40947 0.06810
0.40577 0.06707
0.40214 0.0663
0.39857 0.06577
0.39507 0.06549
0.39165 0.065440
0.38833 0.06561
0.38518 0.06597
0.38225 0.06648
0.37962 0.0671
0.37732 0.06777
0.37535 0.0684700
0.37367 0.06917
0.37226 0.06987
0.37105 0.07055
0.37003 0.071230
0.36915 0.07188
0.3684 0.07252
0.36777 0.07315
0.36724 0.07376
0.3668 0.07436
0.36645 0.074960
0.36619 0.075570
0.36607 0.07622
0.36618 0.07688
0.36653 0.07749
0.36707 0.07802
0.36774 0.07852
0.36854 0.07901
0.369480 0.07953
0.3706 0.08009
0.37194 0.08073
0.3736 0.08146
0.37568 0.08233
0.37835 0.08338
0.38172 0.08466
0.3858 0.08614
0.39041 0.0877
0.39541 0.08927
0.40075 0.090850
0.40638 0.09245
0.4122 0.094080
0.4181 0.09572
0.42399 0.09736
0.429810 0.099
0.43552 0.10065
0.44112 0.10232
0.44661 0.10402
0.45199 0.10576
0.457260 0.10756
0.46243 0.10943
0.46751 0.11137
0.4725 0.11340
0.4774 0.11552
0.48223 0.11774
0.486980 0.12005
0.49166 0.12247
0.49627 0.124990
0.50078 0.12761
0.5052 0.13031
0.50947 0.13308
0.51354 0.13586
0.51731 0.1386
0.520690 0.14122
0.52359 0.143650
0.52602 0.145890
0.528 0.14794
0.52961 0.1498
0.53117 0.15189
-Inserting Flap s1223rtl-
0.662870 0.28284
0.66254 0.28137
0.66206 0.27924
0.66134 0.27700
0.66027 0.274590
0.65883 0.27189
0.65697 0.2688
0.65469 0.2653
0.65202 0.261440
0.64901 0.25732
0.64577 0.25305
0.64237 0.24871
0.63887 0.24438
0.6353 0.2401
0.63167 0.23588
0.62797 0.23173
0.6242 0.22765
0.62035 0.223610
0.61638 0.2196
0.6123 0.21557
0.60809 0.21152
0.60377 0.20742
0.59937 0.20329
0.59493 0.19915
0.59052 0.19505
0.58619 0.19107
0.582 0.18729
0.578 0.18378
0.574230 0.18062
0.57064 0.17783
0.567180 0.17538
0.56378 0.17323
0.56041 0.17138
0.55706 0.16979
0.55371 0.16845
0.55037 0.16737
0.54705 0.16653
0.54378 0.16593
0.54063 0.16556
0.53766 0.16538
0.53496 0.16538
0.53257 0.1655
0.53049 0.16572
0.5287 0.16602
0.52716 0.16637
0.52583 0.16676
0.52468 0.16718
0.52367 0.16762
0.5228 0.16807
0.52204 0.16853
0.5213800 0.169
0.52081 0.16949
0.52033 0.16999
0.51994 0.170520
0.51968 0.17112
0.519620 0.17179
0.51983 0.17246
0.52023 0.17311
0.52077 0.17375
0.52143 0.17441
0.52223 0.17513
0.52318 0.17594
0.52435 0.17686
0.52579 0.17796
0.52762 0.17929
0.52997 0.18093
0.53296 0.18295
0.53658 0.18532
0.54071 0.18791
0.54521 0.19059
0.55004 0.19336
0.55515 0.19621
0.56044 0.19914
0.56581 0.2021
0.57116 0.20506
0.57644 0.20799
0.58162 0.21092
0.58668 0.21383
0.591630 0.21675
0.59646 0.21969
0.60118 0.22265
0.605780 0.22566
0.61027 0.22873
0.61466 0.23185
0.618940 0.23504
0.62313 0.23831
0.627220 0.24166
0.63121 0.24509
0.63511 0.24861
0.638910 0.2522
0.64258 0.25584
0.6461 0.25952
0.64942 0.26317
0.65246 0.2667
0.65514 0.27003
0.6574 0.27307
0.65925 0.2758
0.6607 0.27825
0.66184 0.28044
0.662870 0.28284
*.*.Setup: s1223rtl.txt as Flap 1, Inverted: y, Scale = 1.0, AoA = 9.0, Reposition from (0,0) = (0, 0)*.*.
*.*.Setup: s1223rtl.txt as Flap 2, Inverted: y, Scale = 0.5, AoA = 25.0, Reposition from previous T.E. = (0.02, 0.05), Reposition from (0,0) = (1.0077, 0.2064)*.*.
*.*.Setup: s1223rtl.txt as Flap 3, Inverted: y, Scale = 0.5, AoA = 38.333333333333336, Reposition from previous T.E. = (-0.03, 0.05), Reposition from (0,0) = (1.4308, 0.4677)*.*.
*.*.Setup: Scale Ratio = 0.36361*.*.