0.35902 -0.03023
0.35824 -0.030970
0.35666 -0.0324
0.354330 -0.03451
0.35137 -0.03713
0.347940 -0.04009
0.3442 -0.04319
0.34031 -0.04624
0.3364 -0.049080
0.3325 -0.05171
0.32861 -0.05416
0.32472 -0.056450
0.32083 -0.058630
0.31695 -0.06072
0.31307 -0.06271
0.30919 -0.06463
0.30532 -0.06647
0.30145 -0.06824
0.29758 -0.06994
0.29372 -0.07158
0.28985 -0.07316
0.28599 -0.07468
0.28213 -0.07614
0.27827 -0.07754
0.27442 -0.07889
0.27056 -0.08019
0.26671 -0.08142
0.26286 -0.08259
0.25901 -0.08369
0.25517 -0.08474
0.25132 -0.08574
0.24748 -0.0867
0.24364 -0.08763
0.2398 -0.08853
0.23596 -0.0894
0.23212 -0.09024
0.22828 -0.09103
0.22445 -0.09179
0.22061 -0.09249
0.21678 -0.09314
0.21295 -0.09374
0.20912 -0.0943
0.2053 -0.09482
0.20147 -0.09529
0.19765 -0.09572
0.19382 -0.096120
0.190 -0.09647
0.18618 -0.09679
0.18236 -0.09707
0.17855 -0.09732
0.17473 -0.09753
0.17092 -0.09769
0.1671 -0.09782
0.16329 -0.097890
0.15948 -0.09792
0.15567 -0.09791
0.15186 -0.09785
0.14806 -0.09774
0.14426 -0.09759
0.14045 -0.09739
0.13665 -0.09715
0.13285 -0.09685
0.12906 -0.0965
0.12526 -0.09611
0.12147 -0.09567
0.11768 -0.09518
0.11389 -0.09465
0.1101 -0.09409
0.10631 -0.0934900
0.10252 -0.09285
0.09874 -0.09215
0.09495 -0.09139
0.09118 -0.09055
0.0874 -0.08962
0.08362 -0.0886
0.07985 -0.0875
0.07609 -0.086310
0.07232 -0.08503
0.06856 -0.08367
0.0648 -0.0822
0.06105 -0.080620
0.0573 -0.07891
0.05356 -0.07705
0.04982 -0.07504
0.046080 -0.07287
0.04236 -0.07055
0.03863 -0.06808
0.03492 -0.06546
0.0312 -0.06269
0.0275 -0.05971
0.0238 -0.056440
0.02012 -0.0528
0.01645 -0.04872
0.01283 -0.04417
0.00937 -0.039270
0.00622 -0.03421
0.00353 -0.02916
0.00144 -0.02429
7e-05 -0.01977
-0.00043 -0.012230
0.00043 -0.00941
0.00203 -0.00736
0.00433 -0.00613
0.00722 -0.00564
0.01054 -0.00572
0.01415 -0.00625
0.01791 -0.00706
0.02168 -0.008050
0.02545 -0.00919
0.02922 -0.01046
0.03298 -0.01185
0.03673 -0.01336
0.04049 -0.01499
0.04424 -0.01671
0.04798 -0.01852
0.05173 -0.020390
0.05547 -0.02232
0.05921 -0.02429
0.06295 -0.0263
0.06669 -0.02832
0.07042 -0.03034
0.07416 -0.032370
0.0779 -0.03438
0.08164 -0.03637
0.08538 -0.03834
0.08912 -0.04028
0.09286 -0.04219
0.09661 -0.04407
0.10035 -0.04591
0.1041 -0.04771
0.10785 -0.04947
0.11159 -0.0512
0.11534 -0.05288
0.1191 -0.05451
0.12285 -0.0561
0.1266 -0.05765
0.13036 -0.05915
0.13412 -0.06060
0.13788 -0.06201
0.14164 -0.06336
0.14541 -0.06467
0.14917 -0.06592
0.15294 -0.06711
0.15671 -0.06826
0.16048 -0.06934
0.16425 -0.07037
0.168030 -0.07134
0.1718 -0.07225
0.17558 -0.0731
0.17936 -0.07390
0.18315 -0.07466
0.18693 -0.07536
0.19072 -0.07603
0.1945 -0.07664
0.19829 -0.07721
0.20208 -0.07771
0.20588 -0.07815
0.20968 -0.07851
0.21347 -0.07881
0.21728 -0.079030
0.22108 -0.07919
0.22488 -0.07927
0.22869 -0.079290
0.2325 -0.0792400
0.236320 -0.07912
0.24013 -0.078920
0.24395 -0.07865
0.24777 -0.07831
0.2516 -0.07788
0.25542 -0.07737
0.25925 -0.07678
0.26309 -0.07611
0.26692 -0.07535
0.27076 -0.0745
0.2746 -0.07356
0.27845 -0.07253
0.2823 -0.07139
0.28615 -0.07015
0.29 -0.06882
0.2938600 -0.06739
0.29772 -0.06587
0.30159 -0.06427
0.30546 -0.0626
0.30933 -0.06085
0.3132 -0.05902
0.31707 -0.05712
0.320950 -0.05515
0.32483 -0.05311
0.32872 -0.05097
0.3326 -0.04873
0.3365 -0.04636
0.34039 -0.04384
0.34427 -0.04118
0.34799 -0.0385
0.35141 -0.03597
0.35436 -0.03373
0.35668 -0.03195
0.35824 -0.03074
0.35902 -0.03023
-Inserting Flap Ga2-
0.48089 0.0576
0.48076 0.05719
0.48049 0.05639
0.48008 0.0552
0.47956 0.0537
0.47893 0.052
0.47822 0.05019
0.47745 0.04837
0.47664 0.04662
0.47578 0.04495
0.47489 0.04333
0.47398 0.04178
0.47304 0.04026
0.47209 0.03878
0.47112 0.03733
0.470130 0.03591
0.46913 0.03451
0.46812 0.03314
0.4671 0.0318
0.46607 0.030470
0.465020 0.02917
0.46396 0.027890
0.4629 0.02663
0.46182 0.02539
0.46073 0.024170
0.45963 0.02297
0.45853 0.02179
0.45741 0.02064
0.45627 0.01951
0.45513 0.01839
0.45398 0.01730
0.45282 0.01622
0.45166 0.01515
0.450490 0.01409
0.44931 0.01304
0.44813 0.012
0.44695 0.01098
0.44575 0.00997
0.44455 0.00898
0.44333 0.00801
0.44211 0.00706
0.44088 0.00612
0.439640 0.0052
0.43839 0.00429
0.437140 0.0034
0.43588 0.00252000
0.43461 0.00165
0.433330 0.0008
0.432050 -4e-05
0.43076 -0.00087
0.42947 -0.00168
0.42817 -0.002480
0.42686 -0.00326
0.42554 -0.00402
0.42421 -0.00477
0.42288 -0.00551
0.42153 -0.00622
0.42018 -0.00693
0.41882 -0.00761
0.41745 -0.00828
0.416070 -0.00893
0.41469 -0.00956
0.41329 -0.01018
0.41189 -0.01077
0.41048 -0.01136
0.40905 -0.01192
0.40763 -0.01247
0.40619 -0.01301
0.40475 -0.01353
0.4033 -0.01404
0.40184 -0.01453
0.40037 -0.015
0.39888 -0.01544
0.397380 -0.01585
0.39587 -0.01622
0.39433 -0.01657
0.392780 -0.01688
0.39122 -0.01717
0.389640 -0.01742
0.38804 -0.01763
0.38642 -0.017810
0.38478 -0.01794
0.38311 -0.01801
0.38141 -0.01803
0.37968 -0.018
0.37793 -0.01791
0.37615 -0.01777
0.37434 -0.01757
0.3725 -0.01732
0.37063 -0.017
0.3687 -0.01657
0.36671 -0.01601
0.36463 -0.0153
0.36248 -0.01441
0.36032 -0.01336
0.35824 -0.0122
0.35632 -0.01096
0.35464 -0.00966
0.35329 -0.00835
0.35165 -0.00580
0.3514 -0.00465
0.35156 -0.00362
0.35213 -0.00275
0.35305 -0.00201
0.35423 -0.00140
0.35559 -0.00088
0.35706 -0.00044
0.358580 -6e-05
0.36011 0.00028
0.36168 0.00057
0.36326 0.00081
0.36487 0.00101
0.3665 0.00116
0.368140 0.00129
0.36981 0.00138
0.37148 0.001450
0.37316 0.00150
0.37485 0.00154
0.37655 0.00156
0.37825 0.0015800
0.37995 0.0016
0.38165 0.00162
0.38335 0.00164
0.38504 0.00167
0.38673 0.0017
0.38842 0.00175
0.3901 0.001810
0.39177 0.00188
0.39344 0.00196
0.3951 0.00205
0.39675 0.00216
0.3984 0.00229
0.40004 0.00243
0.40167 0.00258
0.40329 0.002750
0.4049 0.002940
0.40651 0.00314
0.4081 0.00336
0.40969 0.00360
0.41127 0.00386
0.41284 0.00413
0.4144 0.00442
0.41595 0.004740
0.41749 0.005070
0.419020 0.00542
0.42054 0.00579
0.42205 0.00618
0.42354 0.0066
0.42503 0.007030
0.42651 0.0074900
0.42798 0.00796
0.42944 0.008440
0.43089 0.00894
0.43234 0.00946
0.43377 0.01
0.4352 0.01056
0.43661 0.01114
0.43801 0.01175
0.43939 0.01238
0.44077 0.01304
0.44213 0.01373
0.44348 0.01443
0.44481 0.01517
0.44614 0.01592
0.44745 0.01671
0.44874 0.01751
0.45003 0.01835
0.4513 0.01921
0.45255 0.02010
0.45379 0.02102
0.45502 0.02197
0.45623 0.02295
0.45742 0.02396
0.4586 0.025
0.45976 0.02607
0.46091 0.02718
0.46203 0.02833
0.46314000 0.02951
0.46423 0.03072
0.4653 0.03197
0.46636 0.03325
0.4674 0.03456
0.46843 0.03589
0.46945 0.037260
0.47045 0.03865
0.47143 0.04006
0.47241 0.0415
0.47337 0.042970
0.47431 0.04447
0.47524 0.04601
0.47614 0.04759
0.47702 0.04923
0.47786 0.05091
0.478640 0.05257
0.47934 0.05412
0.47994 0.05547
0.480410 0.05655
0.48072 0.05727
0.48089 0.0576
-Inserting Flap Ga2-
0.60208 0.17598
0.602080 0.17555
0.60206 0.1747
0.60204 0.17344
0.60201 0.17186
0.60194 0.170050
0.60182 0.16811
0.60165 0.16614
0.601420 0.16422
0.601120 0.16236
0.60078 0.16055
0.60039 0.15879
0.59996 0.157060
0.59951 0.15535
0.59904 0.15367
0.59854 0.15202
0.59803 0.15038
0.59749 0.1487700
0.59693 0.14717
0.59636 0.145590
0.59576 0.14403
0.59515 0.14249
0.59453 0.14096
0.59389 0.13945
0.59323 0.13795
0.59256 0.13647
0.59187 0.13501
0.591160 0.13356
0.59043 0.13214
0.58969 0.13073
0.58893 0.12933
0.58816 0.12794
0.58739 0.12657
0.5866 0.1252
0.58581 0.12384
0.58501 0.12248
0.5842 0.12114
0.58337 0.11982
0.58253 0.1185
0.58167 0.11721
0.58081 0.11592
0.57993 0.11465
0.57903 0.11339
0.57813 0.11214
0.57721 0.1109
0.57628 0.10968
0.57534 0.10846
0.57439 0.10726
0.57344 0.10606
0.57247 0.10488
0.57149 0.10371
0.57049 0.10255
0.56949 0.1014
0.5684700 0.10026
0.56744 0.09914
0.5664 0.09803
0.56534 0.09693
0.56427 0.095850
0.56319 0.09477
0.5621 0.09372
0.5609900 0.092670
0.559860 0.09164
0.55873 0.09062
0.55758 0.08962
0.55641 0.08863
0.55524 0.08766
0.55405 0.08669
0.55285 0.08574
0.55164 0.08479
0.55042 0.08386
0.54918 0.08294
0.54793 0.08204
0.546650 0.08117
0.54535 0.08032
0.54402 0.07949
0.54267 0.078690
0.54129 0.07791
0.53989 0.07716
0.53847 0.07643
0.53702 0.07573
0.53553 0.07506
0.53401 0.07443
0.53244 0.07384
0.53083 0.0733
0.52918 0.0728
0.52748 0.07234
0.52574 0.07193
0.52396 0.07155
0.52214 0.07122
0.52026 0.07095
0.51829 0.07076
0.51623 0.07068
0.51403 0.07072
0.51171 0.0709
0.50933 0.07122
0.50699 0.07168
0.50478 0.07227
0.50279 0.07299
0.50109 0.07382
0.49875 0.07573
0.49816 0.07676
0.49799 0.07778
0.49827 0.07879
0.49891 0.07977
0.49984 0.08072
0.50098 0.08163
0.50224 0.082510
0.503560 0.08334
0.50492 0.08414
0.50632 0.08489
0.50775 0.08561
0.50922 0.0863
0.51072 0.08695
0.51225 0.08758
0.5138 0.08818
0.51537 0.08876
0.516950 0.08933
0.51855 0.08989
0.52015 0.09044
0.52176 0.090980
0.52338 0.09152
0.52499 0.09206
0.5266 0.09261
0.5282 0.09316
0.5298 0.09372
0.53138 0.09428
0.53296 0.09485
0.53453 0.09544
0.53609 0.09603
0.53764 0.09663
0.53918 0.09725
0.540710 0.09788
0.54222 0.09851
0.54373 0.09917
0.54522 0.09983
0.54669 0.10051
0.54816 0.1012
0.54961 0.1019
0.55104 0.10262
0.55247 0.10335
0.55387 0.10409
0.55527 0.104850
0.55664 0.10563
0.55801 0.10642
0.559350 0.10723
0.56068 0.10805
0.562 0.10889
0.563290 0.10975
0.56457 0.11062
0.56584 0.111510
0.56709 0.11241
0.56833 0.11332
0.56956 0.114250
0.57077 0.11519
0.571970 0.11614
0.57315 0.11711
0.57431 0.11811
0.575460 0.11912
0.57658 0.12015
0.57768 0.1212
0.57877 0.12227
0.57983 0.12336
0.58087 0.12447
0.5819 0.1256
0.5829 0.12674
0.58389 0.12791
0.58485 0.12911
0.58579 0.13032
0.58671 0.13155
0.5876 0.13281
0.58848 0.13409
0.58932 0.1354
0.59015 0.136730
0.59095 0.13808
0.59172 0.13946
0.59247 0.14087
0.59318 0.1423
0.59387 0.14377
0.59453 0.14526
0.59517 0.14678
0.595780 0.14832
0.596370 0.14989
0.596930 0.15148
0.597470 0.153090
0.598 0.15472
0.5985 0.15637
0.59898 0.15804
0.59944 0.15974
0.59987 0.16145
0.60028 0.1632
0.60065 0.164990
0.60097 0.16682
0.60125 0.16868
0.60149 0.1705
0.601680 0.17219
0.60183 0.17366
0.60194 0.17482
0.6020100 0.17561
0.60208 0.17598
*.*.Setup: Ga2.txt as Flap 1, Inverted: y, Scale = 1.0, AoA = -2.0, Reposition from (0,0) = (0, 0)*.*.
*.*.Setup: Ga2.txt as Flap 2, Inverted: y, Scale = 0.4, AoA = 27.0, Reposition from previous T.E. = (-0.0267, 0.08), Reposition from (0,0) = (0.971, -0.004)*.*.
*.*.Setup: Ga2.txt as Flap 3, Inverted: y, Scale = 0.4, AoA = 45.0, Reposition from previous T.E. = (0.04, 0.06), Reposition from (0,0) = (1.3763, 0.2201)*.*.
*.*.Setup: Scale Ratio = 0.35986*.*.