0.36871 0.0584
0.36664 0.056110
0.36364 0.05279
0.36008 0.04949
0.35575 0.04625
0.35044 0.04287
0.34402 0.03921
0.33642 0.03524
0.32775 0.031030
0.31823 0.02667
0.30813 0.02228
0.29768 0.01794
0.28706 0.01371
0.27635 0.00963
0.26561 0.00573
0.25483 0.00203
0.24397 -0.00148
0.23301 -0.00483
0.22187 -0.00804
0.21051 -0.01113
0.1989 -0.01416
0.18704 -0.01715
0.17501 -0.02012
0.1629 -0.02307
0.15088 -0.02596
0.13912 -0.02872
0.12781 -0.031290
0.11714 -0.03355
0.10721 -0.03541
0.09798 -0.0368
0.08931 -0.0377
0.08107 -0.03812
0.07318 -0.03806
0.06557 -0.037530
0.05824 -0.03654
0.05117 -0.03512
0.04438 -0.03328
0.03793 -0.03107
0.03191 -0.02857
0.02643 -0.0259
0.02158 -0.023190
0.017420 -0.02056
0.01392 -0.01808
0.011020 -0.01575
0.00861 -0.01357
0.006630 -0.011530
0.00498 -0.00962
0.00363 -0.00783
0.00251 -0.00615
0.00162 -0.0045500
0.00091 -0.00304
0.00038 -0.00160
0.000086 -0.00022
-0.00012 0.00112000
0.000005 0.00247
0.00058 0.003720
0.00162 0.00471
0.00299 0.00547
0.0046 0.00607
0.00645 0.006590
0.0086 0.00708
0.01113 0.00756
0.01414 0.00805
0.01782 0.00855
0.02243 0.00909
0.02829 0.00967
0.03567 0.01028
0.04455 0.01088
0.05453 0.01136
0.065290 0.01163
0.076720 0.01172
0.08875 0.01169
0.101150 0.01161
0.11374 0.01151
0.12629 0.01142
0.13869 0.01137
0.15090 0.01139
0.16291 0.01152
0.1747 0.011760
0.186310 0.01216
0.19773 0.01273
0.209 0.01349
0.22012 0.01445
0.2311100 0.01563
0.24199 0.01703
0.25277 0.01867
0.26346 0.02056
0.274070 0.02268
0.28458 0.02505
0.29498 0.02766
0.30522 0.0305
0.31522 0.03353
0.32483 0.03673
0.33383 0.04
0.34197 0.04326
0.34908 0.04642
0.35514 0.04946
0.36021 0.05238
0.36444 0.05515
0.36871 0.0584
-Inserting Flap s1223rtl-
0.54534 0.15595
0.54466 0.15456
0.54367 0.15255
0.54242 0.15047
0.54078 0.14832
0.5387 0.14596
0.53612 0.14332
0.53301 0.14037
0.52942 0.13715
0.52545 0.13374
0.5212 0.130240
0.51678 0.12671
0.51225 0.12321
0.50767 0.11978
0.50304 0.11642
0.49837 0.11316
0.49364 0.10997
0.48883 0.10685
0.48392 0.10378
0.47888 0.10072
0.47372 0.09767
0.468440 0.0946
0.46306 0.09151
0.45765 0.08843
0.45227 0.08538
0.447 0.08243
0.44192 0.079640
0.4371 0.07708
0.43258 0.07482
0.42834 0.072880
0.424290 0.07125
0.42039 0.069920
0.41659 0.06886
0.41286 0.06806
0.4092 0.06752
0.40561 0.06723
0.40209 0.067180
0.39869 0.06736
0.39545 0.06773
0.39244 0.06826
0.38974 0.06889
0.38738 0.06958
0.38536 0.0702900
0.38364 0.07101
0.38218 0.07173
0.38095 0.07244
0.37989 0.073130
0.37899 0.0738
0.37823 0.07445
0.37758 0.0751
0.37703 0.07573
0.37658 0.07635
0.37622 0.076960
0.37596 0.077580
0.37583 0.07825
0.37594 0.07893
0.3763 0.07955
0.37686 0.0801
0.37755 0.08061
0.37837 0.08112
0.379330 0.08165
0.38048 0.08223
0.38186 0.08288
0.38356 0.08363
0.3857 0.08452
0.38844 0.08561
0.3919 0.08692
0.39608 0.08843
0.40082 0.09004
0.40595 0.09165
0.41143 0.093270
0.41722 0.09491
0.42319 0.096580
0.42925 0.09827
0.4353 0.09996
0.441270 0.10164
0.44713 0.10334
0.45288 0.10505
0.45852 0.10679
0.46404 0.10858
0.469450 0.11043
0.47476 0.11235
0.47998 0.11434
0.4851 0.116430
0.49013 0.1186
0.49509 0.12088
0.499970 0.12325
0.50477 0.12574
0.5095 0.128320
0.51414 0.13101
0.51867 0.13379
0.52306 0.13662
0.52724 0.13948
0.53111 0.1423
0.534570 0.14498
0.53756 0.147480
0.54005 0.149780
0.54208 0.15188
0.54373 0.1538
0.54534 0.15595
-Inserting Flap s1223rtl-
0.661880 0.29038
0.66154 0.28888
0.66105 0.28669
0.66031 0.2843800
0.65921 0.281910
0.65773 0.27914
0.65582 0.27597
0.65348 0.27238
0.65074 0.268420
0.64765 0.26419
0.64433 0.2598
0.64084 0.25535
0.63724 0.2509
0.63357 0.2465
0.62984 0.24217
0.62605 0.23791
0.62218 0.23372
0.61822 0.229580
0.61415 0.22545
0.60996 0.22132
0.60564 0.21716
0.6012 0.21295
0.59668 0.20871
0.59213 0.20446
0.5876 0.20025
0.58315 0.19617
0.57885 0.19228
0.57475 0.18868
0.570880 0.18544
0.56719 0.18257
0.563640 0.18005
0.56015 0.17785
0.55669 0.17595
0.55325 0.17431
0.54981 0.17295
0.54638 0.17183
0.54297 0.17097
0.53962 0.17036
0.53638 0.16997
0.53333 0.16979
0.53056 0.16979
0.5281 0.16991
0.52597 0.17014
0.52413 0.17044
0.52255 0.17081
0.52118 0.17121
0.52 0.17164
0.51897 0.17209
0.51807 0.17255
0.51729 0.17302
0.5166100 0.17351
0.51603 0.17401
0.51554 0.17452
0.51514 0.175070
0.51487 0.17569
0.514810 0.17637
0.51503 0.17706
0.51544 0.17772
0.51599 0.17838
0.51667 0.17906
0.51749 0.1798
0.51847 0.18063
0.51967 0.18158
0.52115 0.1827
0.52302 0.18407
0.52543 0.18575
0.5285 0.18783
0.53222 0.19027
0.53646 0.19292
0.54108 0.19567
0.54605 0.19851
0.55129 0.20145
0.55672 0.20445
0.56223 0.20749
0.56772 0.21052
0.57314 0.21354
0.57846 0.21654
0.58366 0.21953
0.588740 0.22253
0.5937 0.22555
0.59854 0.22859
0.603270 0.23168
0.60788 0.23483
0.61238 0.23803
0.616780 0.24131
0.62108 0.24467
0.625280 0.2481
0.62938 0.25163
0.63338 0.25524
0.637280 0.25892
0.64105 0.26267
0.64466 0.26644
0.64807 0.27019
0.65119 0.27382
0.65394 0.27723
0.65626 0.28035
0.65816 0.28316
0.65966 0.28567
0.66082 0.28792
0.661880 0.29038
*.*.Setup: s1223rtl.txt as Flap 1, Inverted: y, Scale = 1.0, AoA = 9.0, Reposition from (0,0) = (0, 0)*.*.
*.*.Setup: s1223rtl.txt as Flap 2, Inverted: y, Scale = 0.5, AoA = 25.0, Reposition from previous T.E. = (0.02, 0.05), Reposition from (0,0) = (1.0077, 0.2064)*.*.
*.*.Setup: s1223rtl.txt as Flap 3, Inverted: y, Scale = 0.5, AoA = 38.333333333333336, Reposition from previous T.E. = (-0.08, 0.05), Reposition from (0,0) = (1.3808, 0.4677)*.*.
*.*.Setup: Scale Ratio = 0.3733*.*.