0.3665 0.05805
0.36445 0.055780
0.36146 0.05247
0.35793 0.04919
0.35362 0.04597
0.34834 0.04261
0.34196 0.03897
0.33441 0.03503
0.32579 0.030840
0.31632 0.02651
0.30628 0.02215
0.2959 0.01783
0.28534 0.01362
0.27469 0.00957
0.26402 0.0057
0.2533 0.00202
0.24251 -0.00148
0.23161 -0.0048
0.22054 -0.00799
0.20925 -0.01107
0.19771 -0.01407
0.18592 -0.01704
0.17396 -0.02
0.16192 -0.02293
0.14998 -0.0258
0.13829 -0.02855
0.12705 -0.03110
0.11644 -0.03335
0.10657 -0.03519
0.09739 -0.03658
0.08877 -0.03747
0.08058 -0.03789
0.07274 -0.03783
0.06518 -0.03730
0.05789 -0.03633
0.05086 -0.03491
0.04412 -0.03308
0.03771 -0.03089
0.03172 -0.0284
0.02627 -0.02574
0.02145 -0.023050
0.017310 -0.02044
0.01384 -0.01797
0.010950 -0.01565
0.00856 -0.01349
0.006590 -0.011460
0.00495 -0.00956
0.0036 -0.00778
0.0025 -0.00611
0.00161 -0.0045300
0.0009 -0.00302
0.00038 -0.001590
0.000086 -0.00022
-0.00012 0.00111000
0.000005 0.00245
0.00058 0.00370
0.00161 0.00469
0.00297 0.00543
0.00457 0.00603
0.00641 0.006550
0.00855 0.00704
0.01106 0.00751
0.01406 0.008
0.01772 0.0085
0.0223 0.00903
0.02812 0.00961
0.03545 0.01022
0.04428 0.01082
0.0542 0.01129
0.06490 0.01156
0.076270 0.01165
0.08821 0.01162
0.100550 0.01154
0.11306 0.01144
0.12553 0.01135
0.13786 0.0113
0.150 0.01133
0.16193 0.01145
0.17366 0.011690
0.185190 0.01209
0.19655 0.01265
0.20774 0.01341
0.2188 0.01436
0.2297300 0.01553
0.24054 0.01693
0.25126 0.01856
0.26188 0.02043
0.272430 0.02255
0.28287 0.0249
0.29321 0.02749
0.30339 0.03031
0.31333 0.03333
0.32289 0.03651
0.33183 0.03976
0.33992 0.043
0.34699 0.04614
0.35301 0.04917
0.35805 0.05206
0.36225 0.05482
0.3665 0.05805
-Inserting Flap s1223rtl-
0.53465 0.15501
0.53397 0.15364
0.53299 0.15164
0.53175 0.14957
0.53012 0.14743
0.52805 0.14509
0.52548 0.14246
0.5224 0.13952
0.51883 0.13632
0.51488 0.13294
0.51065 0.129460
0.50626 0.12595
0.50176 0.12247
0.4972 0.11906
0.49261 0.11573
0.48796 0.11248
0.48326 0.10931
0.47848 0.10621
0.4736 0.10316
0.46859 0.10012
0.46346 0.09708
0.458210 0.09403
0.45286 0.09096
0.44748 0.0879
0.44214 0.08487
0.4369 0.08194
0.43185 0.079160
0.42706 0.07662
0.42257 0.07437
0.41835 0.072440
0.414330 0.07082
0.41045 0.06950
0.40667 0.06844
0.40297 0.06765
0.39933 0.06712
0.39575 0.06683
0.39226 0.066780
0.38888 0.06695
0.38566 0.06732
0.38267 0.06785
0.37998 0.06848
0.37764 0.06916
0.37562 0.0698700
0.37392 0.07059
0.37247 0.0713
0.37124 0.072
0.3702 0.072690
0.3693 0.07336
0.36854 0.07401
0.36789 0.07465
0.36735 0.07527
0.3669 0.07589
0.36654 0.07650
0.36628 0.077120
0.36616 0.07778
0.36627 0.07846
0.36663 0.07908
0.36718 0.07962
0.36786 0.08013
0.36868 0.08063
0.369640 0.08116
0.37078 0.08174
0.37215 0.08238
0.37384 0.08313
0.37597 0.08402
0.37869 0.08509
0.38213 0.0864
0.38629 0.0879
0.39099 0.0895
0.39609 0.0911
0.40155 0.092710
0.40729 0.09434
0.41323 0.096010
0.41926 0.09768
0.42527 0.09936
0.43120 0.10103
0.43703 0.10272
0.44275 0.10442
0.44835 0.10615
0.45384 0.10793
0.459220 0.10977
0.4645 0.11167
0.46968 0.11366
0.47477 0.115730
0.47978 0.11789
0.4847 0.12015
0.489550 0.12251
0.49433 0.12498
0.49902 0.127550
0.50363 0.13022
0.50814 0.13298
0.5125 0.13581
0.51665 0.13865
0.5205 0.14144
0.523950 0.14411
0.52691 0.14660
0.52939 0.148880
0.53141 0.15097
0.53305 0.15287
0.53465 0.15501
-Inserting Flap s1223rtl-
0.66211 0.29691
0.66186 0.2954
0.6615 0.29320
0.6609 0.29086
0.65995 0.28835
0.65864 0.285510
0.65693 0.28225
0.65482 0.27856
0.652320 0.27447
0.6495 0.270090
0.64646 0.26554
0.64325 0.26092
0.6399400 0.2563
0.63655 0.25173
0.6331 0.24721
0.62959 0.24277
0.62599 0.23839
0.62230 0.23405
0.6185 0.22972
0.61458 0.22538
0.61053 0.2210
0.60637 0.21657
0.60213 0.212090
0.59786 0.20761
0.5936 0.20318
0.58943 0.19887
0.58538 0.19476
0.58152 0.19095
0.57787 0.18751
0.574380 0.18445
0.57099 0.18175
0.56766 0.17936
0.56434 0.17727
0.56102 0.17545
0.55768 0.1739
0.55434 0.1726
0.55101 0.17154
0.54772 0.17074
0.54453 0.17017
0.54152 0.16982
0.53876 0.16965
0.53632 0.16963
0.53419 0.16974
0.53235 0.16993
0.53076 0.1702
0.52938 0.17052
0.52818 0.1708800
0.52713 0.17126
0.526220 0.17167
0.52541 0.17209
0.52471 0.17253
0.52410 0.173
0.523590 0.17348
0.52316 0.174
0.52285 0.1746
0.52276 0.17527
0.52293 0.17597
0.52330 0.17665
0.52381 0.177340
0.52445 0.17805
0.52522 0.17883
0.52614 0.179710
0.52727 0.18072
0.52868 0.18192
0.53046 0.18338
0.53276 0.1852
0.53568 0.18743
0.53923 0.19007
0.54328 0.19294
0.54771 0.195940
0.55247 0.19905
0.55751 0.20226
0.56272 0.20556
0.56801 0.20889
0.57329 0.21222
0.57849 0.21553
0.5836 0.21881
0.58858 0.2220800
0.59345 0.22535
0.59820 0.22863
0.602830 0.23193
0.60734 0.23527
0.61173 0.23866
0.61602 0.2421
0.62019 0.24561
0.62426 0.249190
0.62823 0.25284
0.6321 0.25657
0.63586 0.26039
0.63951 0.26427
0.64304 0.2682
0.64641 0.27216
0.649570 0.276070
0.65246 0.27985
0.65499 0.2834
0.65712 0.28663
0.65883 0.28953
0.660170 0.292110
0.6612 0.2944
0.66211 0.29691
*.*.Setup: s1223rtl.txt as Flap 1, Inverted: y, Scale = 1.0, AoA = 9.0, Reposition from (0,0) = (0, 0)*.*.
*.*.Setup: s1223rtl.txt as Flap 2, Inverted: y, Scale = 0.5, AoA = 25.0, Reposition from previous T.E. = (0.0, 0.05), Reposition from (0,0) = (0.9877, 0.2064)*.*.
*.*.Setup: s1223rtl.txt as Flap 3, Inverted: y, Scale = 0.5, AoA = 41.666666666666664, Reposition from previous T.E. = (-0.03, 0.05), Reposition from (0,0) = (1.4108, 0.4677)*.*.
*.*.Setup: Scale Ratio = 0.37107*.*.