0.35862 0.03769
0.356510 0.03559
0.35344 0.03254
0.34985 0.02953
0.3455 0.02663
0.340220 0.023640
0.33383 0.02043
0.3263 0.01699
0.317730 0.01336
0.308320 0.00964
0.29836 0.00592
0.28806 0.00225
0.277590 -0.001290
0.26706 -0.00468
0.2565 -0.0079
0.24591 -0.010920
0.23527 -0.01377
0.22452 -0.01644
0.2136100 -0.01897
0.2025 -0.02138
0.19115 -0.02371
0.17956 -0.026
0.1678 -0.02825
0.15597 -0.030480
0.14423 -0.03266
0.13275 -0.03474
0.12171 -0.03664
0.1113 -0.03828
0.10163 -0.03957
0.09265 -0.04045
0.08424 -0.04088
0.07627 -0.04087
0.06866 -0.04041
0.06136 -0.03952
0.05433 -0.0382
0.04758 -0.03646
0.041130 -0.03435
0.03502 -0.03189
0.02934 -0.02917
0.02418 -0.02632
0.01964 -0.023460
0.01576 -0.02071
0.01252 -0.01814
0.00983 -0.01575
0.00762 -0.01352
0.005810 -0.01145
0.00432 -0.009530
0.0031 -0.00774
0.00211 -0.00606
0.00133 -0.004470
0.00072 -0.00298
0.00029 -0.00156
0.000055 -0.00022
-6e-05 0.00109
0.00013 0.00238
0.00075 0.00356
0.0018 0.00447
0.003160 0.00512
0.00474 0.005620
0.00656 0.00603
0.00866 0.00639
0.01111 0.00673
0.01405 0.00705
0.01763 0.00735
0.0221 0.007630
0.02777 0.0079
0.03493 0.00812
0.04352 0.008250
0.05318 0.0082
0.06357 0.00792
0.0746 0.00743
0.0862 0.00679
0.09816 0.00609
0.1103 0.00535
0.1224 0.00463
0.134360 0.00396
0.14614 0.00336
0.157730 0.00287
0.16912 0.00251
0.18033 0.00231
0.191380 0.00228
0.20229 0.00244
0.21306 0.00281
0.22373 0.00339
0.23429 0.0042
0.24478 0.00524
0.25518 0.00651
0.26552 0.00802
0.27578 0.00978
0.28594 0.01177
0.29597 0.013990
0.30577 0.01641
0.3152 0.01901
0.32404 0.02171
0.33206 0.02444
0.339080 0.02713
0.34508 0.02976
0.35012 0.03231
0.35433 0.034780
0.35862 0.03769
-Inserting Flap s1223rtl-
0.53525 0.1264
0.53448 0.125130
0.53337 0.12327
0.53198 0.12138
0.53023 0.11945
0.52802 0.11736
0.52532 0.11503000
0.522080 0.11245
0.51836 0.10965
0.51424 0.10671
0.50986 0.1037
0.50531 0.10067
0.50066 0.09769
0.49596 0.09477
0.49122 0.09193
0.48645 0.08918
0.48163 0.08652
0.47674 0.08392
0.47176 0.08137
0.46666 0.078860
0.46143 0.07635
0.45609 0.07384
0.450650 0.07133
0.44519 0.06881
0.43975 0.06634
0.43443 0.063940
0.42931 0.06168
0.42446 0.05963
0.419920 0.05783
0.41567 0.05632
0.41164 0.05509
0.407780 0.05414
0.40403 0.05344
0.400380 0.05299
0.39681 0.05278
0.393320 0.0528
0.389940 0.05305
0.38668 0.0535
0.38359 0.054130
0.38074 0.05489
0.37820 0.05573
0.37598 0.05659
0.3741 0.057450
0.3725 0.05829
0.37116 0.0591
0.370030 0.05988
0.36908 0.06064
0.36827 0.06136
0.36759 0.062050
0.367010 0.06273
0.36654 0.063380
0.36616 0.064010
0.36586 0.06463
0.36567 0.06526
0.3656 0.06591
0.36576 0.06655
0.36616 0.06712
0.36674 0.0676
0.36745 0.06804
0.36828 0.06846
0.36925 0.06889
0.37041 0.06935
0.37179 0.06985
0.37349 0.07043
0.37563 0.07111
0.37835 0.07193
0.381790 0.0729
0.38595 0.074
0.39063 0.0751500
0.39571 0.076270
0.40112 0.07736
0.40683 0.07846
0.412720 0.07956
0.41869 0.08068
0.424650 0.08179
0.43054 0.08291
0.43632 0.08405
0.442 0.08521
0.44757 0.08641
0.45304 0.087670
0.4584 0.08899
0.46367 0.09039
0.46886 0.09187
0.473960 0.09344
0.47899 0.095110
0.48395 0.09689
0.48884 0.09876
0.49367 0.10075
0.498440 0.10284
0.50313 0.10503
0.507720 0.107320
0.51219 0.10969
0.516450 0.11208
0.52041 0.11447
0.52397 0.11676
0.52705 0.11892
0.529640 0.12091
0.53178 0.122760
0.53353 0.12447
0.53525 0.1264
-Inserting Flap s1223rtl-
0.65912 0.2697
0.65888 0.26823
0.65852 0.2661
0.65794 0.26383
0.65702 0.26138
0.65574 0.25863
0.65409 0.25546
0.65203 0.25187
0.6496 0.2479
0.64687 0.24364
0.64391 0.23922
0.64079 0.23474
0.63757 0.23024
0.63428 0.22580
0.63093 0.22141
0.62751 0.2171
0.62402 0.21284
0.62043 0.20862
0.61674 0.20441
0.61293 0.20019
0.60899 0.19593
0.60495 0.19163
0.60083 0.18728
0.59668 0.18293
0.59255 0.17862
0.58849000 0.17443
0.58456 0.17044
0.58081 0.16674
0.57725 0.16339
0.57386 0.16042
0.57057 0.15779
0.567330 0.15548
0.56411 0.15344
0.56088 0.15168
0.55764 0.15016
0.554390 0.1489
0.551150 0.14788
0.54796 0.1471
0.54486 0.14654
0.54193 0.1462
0.53925 0.14604
0.53688 0.14602
0.53481 0.14612
0.53302 0.14631
0.53147 0.14657
0.53013 0.14688
0.52897 0.14723
0.52795 0.1476
0.52706 0.148
0.52628 0.14841
0.5256 0.14884
0.52501 0.14929
0.52451 0.14976
0.52409 0.15026
0.52379 0.15084
0.5237 0.15150
0.52387 0.15218
0.52422 0.15284
0.52472 0.15351
0.52534 0.1542
0.52609 0.15496
0.52699 0.15581
0.52809 0.1568
0.52945 0.15796
0.531190 0.15938
0.53341 0.16114
0.53626 0.163320
0.53971 0.16588
0.543640 0.16867
0.54795 0.17159
0.55257 0.17461
0.557470 0.17773
0.56253 0.180930
0.56768 0.18417
0.57280 0.18741
0.577860 0.190620
0.582820 0.19381
0.58767 0.19699
0.59240 0.20017
0.59701 0.20335
0.60151 0.20656
0.60589 0.20981
0.61016 0.2131
0.61433 0.216440
0.61838 0.219850
0.62234 0.22333
0.62619 0.22688
0.62995 0.23051
0.63361 0.23421
0.63716 0.23798
0.64058 0.24181
0.64386 0.24565
0.64693 0.24945
0.64974 0.25313
0.6522 0.25657
0.65426 0.25972
0.655930 0.26253
0.65724 0.26504
0.65823 0.26727
0.65912 0.2697
*.*.Setup: s1223rtl.txt as Flap 1, Inverted: y, Scale = 1.0, AoA = 6.0, Reposition from (0,0) = (0, 0)*.*.
*.*.Setup: s1223rtl.txt as Flap 2, Inverted: y, Scale = 0.5, AoA = 20.0, Reposition from previous T.E. = (0.02, 0.075), Reposition from (0,0) = (1.0145, 0.1795)*.*.
*.*.Setup: s1223rtl.txt as Flap 3, Inverted: y, Scale = 0.5, AoA = 41.666666666666664, Reposition from previous T.E. = (-0.03, 0.065), Reposition from (0,0) = (1.4544, 0.4155)*.*.
*.*.Setup: Scale Ratio = 0.36059*.*.