0.38431 0.00796
0.383550 0.00709
0.38204 0.00540
0.3798 0.00290
0.37695 -0.00022
0.37364 -0.003740
0.37002 -0.00744
0.36624 -0.01111
0.36241 -0.01456
0.35856 -0.01779
0.3547 -0.02082
0.35083 -0.02369
0.34695 -0.02643
0.34306 -0.02908
0.33917 -0.031630
0.33527 -0.0341
0.33137 -0.036480
0.327460 -0.03879
0.32354 -0.04103
0.31962 -0.0432
0.3157 -0.0453
0.311770 -0.04734
0.30784 -0.04932
0.3039 -0.05124
0.29996 -0.05311
0.29602 -0.054910
0.29207 -0.05665
0.28811 -0.05832
0.28415 -0.05992
0.28019 -0.06146
0.27622 -0.06295
0.27225 -0.06439
0.26828 -0.0658
0.26431 -0.06719000
0.26033 -0.06854
0.25635 -0.06986
0.25237 -0.07113
0.24838 -0.07236
0.244390 -0.07353
0.24040 -0.07465
0.2364 -0.07572
0.2324 -0.07674
0.2284 -0.077710
0.22439 -0.07864
0.22038 -0.07952
0.21637 -0.08037
0.21236 -0.08117
0.20834 -0.08193
0.20432 -0.08266
0.2003 -0.08335
0.19627 -0.08399
0.19224 -0.0846
0.188210 -0.08515
0.18417 -0.08566
0.18013 -0.08612
0.17609 -0.08652
0.17204 -0.08688
0.168 -0.0872
0.16394 -0.08746
0.159890 -0.08767
0.15583 -0.08784
0.15176 -0.08795
0.1477 -0.088
0.14363 -0.08801
0.13955 -0.08796
0.13547 -0.08787
0.13139 -0.08773
0.12731 -0.08755
0.12322 -0.08734
0.11913 -0.08708
0.115040 -0.08676
0.11094 -0.08638
0.10684 -0.0859
0.10273 -0.08534
0.09861 -0.08468
0.09449 -0.083930
0.09036 -0.08309
0.08622 -0.08216
0.082080 -0.08113
0.07793 -0.07999
0.07377 -0.07874
0.0696 -0.07734
0.06542 -0.07579
0.06123 -0.07406
0.05702 -0.07218
0.05281 -0.070130
0.04858 -0.06792
0.04435 -0.06556
0.0401 -0.0630400
0.035840 -0.06029
0.03155 -0.05723
0.02724 -0.05378
0.02289 -0.04986
0.01854 -0.04543
0.01432 -0.040620
0.01041 -0.0356
0.00699 -0.03054
0.00423 -0.02561
0.00228 -0.02097
0.00091 -0.01303
0.00151 -0.009940
0.00297 -0.00758
0.00528 -0.00602
0.00829 -0.005180
0.01182 -0.00490
0.01571 -0.00505
0.01979 -0.0055
0.02391 -0.00613
0.02803 -0.00691
0.03217 -0.00783
0.03631 -0.00890
0.04047 -0.01008
0.04463 -0.01139
0.0488 -0.0128
0.05298 -0.01430
0.05716 -0.01587
0.06134 -0.0175
0.06553 -0.01917
0.06972 -0.02088
0.07391 -0.02261
0.0781 -0.02434
0.0823 -0.02607
0.08649 -0.02779
0.09068 -0.02948
0.09487 -0.03115
0.09905 -0.0328
0.10324 -0.03441
0.10742 -0.035980
0.11160 -0.03752
0.11577 -0.03901
0.11994 -0.0404700
0.12411 -0.04188
0.12828 -0.04324
0.13244 -0.04456
0.1366 -0.04583
0.14076 -0.04705
0.14491 -0.04822
0.14906 -0.049350
0.153210 -0.05042
0.157350 -0.05143
0.16149 -0.0524
0.16563 -0.05330
0.16976 -0.05416
0.17388 -0.054950
0.17801 -0.05568
0.182120 -0.05635
0.18624 -0.05696
0.19035 -0.0575
0.194450 -0.05799
0.19855 -0.05841
0.20265 -0.05879
0.20674 -0.05912
0.21083 -0.0594
0.2149200 -0.05963
0.21901 -0.05981
0.22308 -0.05992
0.22716 -0.05996
0.231230 -0.05992
0.23529 -0.05981
0.23935 -0.05963
0.2434 -0.05937
0.24745 -0.059030
0.25149 -0.05863
0.25553 -0.05815
0.25956 -0.05759
0.26359 -0.05696
0.26761 -0.05625
0.27163 -0.05545
0.27564 -0.05458
0.279640 -0.05361
0.28364 -0.05256
0.28763 -0.05142
0.29161 -0.05018
0.295590 -0.04886
0.29956 -0.04743
0.303530 -0.04590
0.30749 -0.04427
0.31143 -0.04252
0.31538 -0.04068
0.3193100 -0.03873
0.32324 -0.03669
0.327160 -0.03456
0.33108 -0.032350
0.33499 -0.03006
0.3389 -0.02769
0.34280 -0.02525
0.34669 -0.02273
0.35058 -0.02012
0.35446 -0.017430
0.35834 -0.01461
0.3622 -0.01166
0.36606 -0.00855
0.36987 -0.0053
0.37353 -0.00205
0.37687 0.00102
0.37975 0.00372
0.38201 0.00588
0.38354 0.00733
0.38431 0.00796
-Inserting Flap Ga2-
0.5211 0.10598
0.521 0.10553
0.52078 0.10465
0.52046 0.10335
0.520040 0.10171
0.51953 0.09984
0.51895 0.09785
0.5183 0.09585
0.5176 0.09391
0.51684 0.09205
0.51605 0.090250
0.51522 0.08851
0.51437 0.08682
0.51349 0.08515
0.51259 0.083520
0.51168 0.08192
0.51075 0.08034
0.5098 0.07879
0.50884 0.07726
0.50786 0.07576
0.50687 0.07428
0.50587 0.07283
0.50485 0.07139
0.50382 0.06997
0.50278 0.06857
0.50173 0.06719
0.50066 0.06584
0.499570 0.06451
0.49848 0.0632
0.49737 0.06191
0.49624 0.06064
0.49511 0.05938
0.49397 0.05814
0.49283 0.0569
0.49168 0.05568
0.49052 0.05446
0.48936 0.05327
0.488180 0.05209
0.48699 0.05092
0.48579 0.04978
0.48458 0.04865
0.48336 0.047540
0.48213 0.04644
0.48089 0.04536
0.479640 0.0443
0.47838 0.043250
0.47711 0.04221
0.47583 0.041180
0.47455 0.04017
0.47326 0.03917
0.47196 0.03819
0.47065 0.03722
0.46933 0.03627
0.468 0.03533
0.46666 0.03441
0.46531 0.03351
0.46395 0.03262
0.462570 0.03175
0.461190 0.030890
0.4598 0.030060
0.4584 0.02924
0.45698 0.02844
0.455560 0.02765
0.45412 0.026890
0.45267 0.026140
0.45121 0.0254
0.44975 0.02469
0.44827 0.02398
0.44679 0.02329
0.4453 0.0226100
0.44379 0.021960
0.44227 0.02132
0.44073 0.02072
0.43917 0.02015
0.4376 0.01961
0.436 0.0191
0.434380 0.01862
0.43275 0.01817
0.43109 0.01776
0.429410 0.01738
0.42771 0.01704
0.425970 0.01675
0.4242 0.01652
0.4224 0.01634
0.42056 0.01621
0.41869 0.01615
0.41678 0.01613
0.41484 0.01617
0.41287 0.01626
0.41085 0.01643
0.40876 0.01671
0.40659 0.01712
0.40432 0.01769
0.40195 0.01843
0.39955 0.01934
0.39723 0.02038
0.39507 0.02152
0.39317 0.02275
0.39161 0.024020
0.38964 0.0265700
0.38927 0.02777
0.38934 0.02888
0.38986 0.02986
0.39077 0.030730
0.39196 0.03149
0.39337 0.032170
0.39489 0.03277
0.39646 0.03332
0.39806 0.03382
0.3997 0.03427
0.40136 0.03467
0.40305 0.03504
0.40477 0.035360
0.406510 0.03564
0.40826 0.0359
0.41003000 0.03613
0.41182 0.03634
0.41361 0.03653
0.41541 0.03672
0.41722 0.03689
0.41902 0.03707
0.42083 0.03724
0.42263 0.037430
0.42443 0.03761
0.42622 0.037810
0.428010 0.03801
0.42979 0.03823
0.43156 0.03846
0.43333 0.0387
0.435080 0.03896
0.436830 0.039230
0.43857 0.03951
0.44029 0.03982
0.442010 0.040130
0.44372 0.04046
0.445420 0.04081
0.4471 0.04118
0.44878 0.04156
0.45045 0.04196
0.4521 0.04238
0.45374 0.04282
0.45537 0.04327
0.45699 0.04375
0.4586 0.04424
0.46019 0.04476
0.46177 0.0453
0.463340 0.04585
0.46489 0.04643
0.46643 0.04703
0.467960 0.047650
0.46948 0.04829
0.470990 0.048940
0.47248 0.04961
0.47397 0.0503
0.47545 0.051
0.47691 0.05173
0.47835 0.05248
0.47978 0.05326
0.4812 0.05406
0.4826 0.05489
0.48398 0.055740
0.48535 0.05662
0.4867 0.05752
0.48804 0.05845
0.48936 0.0594
0.49066000 0.06038
0.49195 0.06139
0.49321 0.06242
0.49447 0.06348
0.4957 0.06458
0.49691 0.0657
0.49811 0.06685
0.49928 0.06803
0.50044 0.06925
0.50157 0.07050
0.50269 0.07178
0.50378 0.07311
0.50484 0.07446
0.50589 0.07586
0.50691 0.07728
0.50792 0.07874
0.50891 0.08023
0.50987 0.08174
0.51082 0.08329
0.511760 0.08486
0.51268 0.08645
0.5135800 0.08808
0.51446 0.08972
0.51533 0.09141
0.51617 0.09313
0.51698 0.0949
0.51776 0.09672
0.5184900 0.09858
0.51917 0.10042
0.51978 0.10213
0.52029 0.10362
0.52068 0.10481
0.52095 0.10561
0.5211 0.10598
-Inserting Flap Ga2-
0.61199 0.232270
0.61199 0.231810
0.61198 0.2309
0.61196 0.22956
0.61192 0.22787
0.61184 0.22594
0.61172 0.22387
0.61154 0.221770
0.61129 0.21972
0.61098 0.21774
0.61061 0.21581
0.61019 0.213930
0.60974 0.21208
0.609260 0.21026
0.60876 0.20847
0.60823 0.2067
0.60767 0.204960
0.60710 0.20324
0.6065 0.20153
0.60589 0.19985
0.60526 0.19819
0.60461 0.19654
0.60394 0.19491
0.603260 0.19329
0.60256 0.1917
0.60184 0.19012
0.6011 0.18856
0.60035 0.18702
0.599570 0.18549
0.59878 0.18399
0.59797 0.1825
0.597150 0.18102
0.59632 0.179550
0.59549 0.17809
0.59464 0.17664
0.59379 0.1752
0.59292 0.17377
0.59204 0.17235
0.591140 0.17095
0.59023 0.16956
0.5893 0.16819
0.58836 0.166840
0.58741 0.16549
0.58644 0.16416
0.585470 0.16284
0.58448 0.16153
0.58347 0.16024
0.58246 0.15895
0.58144 0.15768
0.5804 0.15641
0.57936 0.15516
0.5783 0.153920
0.57723 0.1527
0.57614 0.151490
0.57504 0.15029
0.57393 0.1491
0.5728 0.14793
0.57166 0.14678
0.57051 0.14563
0.569340 0.1445
0.56816 0.14339
0.56696 0.14229
0.565750 0.14121
0.56452 0.14014
0.56328 0.13908
0.56202 0.13804
0.56075 0.13701
0.55947 0.135990
0.55819 0.13498
0.55688 0.13399
0.55556 0.13301
0.55422 0.13205
0.55286 0.13112
0.55147 0.13021
0.55006 0.129330
0.54862 0.12847
0.54715 0.12764
0.54565 0.12684
0.54413 0.12606
0.54258 0.1253100
0.541 0.1246
0.53937 0.12393
0.5377 0.12330
0.53599 0.12272
0.53422 0.12219
0.53241 0.12170
0.53056 0.12126
0.52866 0.12086
0.52671 0.12051
0.52471 0.12022
0.522610 0.12002
0.5204 0.11993
0.51806 0.11997
0.51558 0.12016
0.51305 0.12051
0.51055 0.1210
0.508190 0.1216300
0.506070 0.122390
0.50426 0.12328
0.50176 0.12532
0.50113 0.12641
0.50095 0.12751
0.50124 0.12858
0.50193 0.12963
0.50292 0.13064
0.50413 0.13161
0.50548 0.13255
0.50689 0.13344
0.50834 0.13428
0.50983 0.13509
0.51136 0.13586
0.51293 0.13659
0.51453 0.13729
0.51616 0.13796
0.51781 0.1386
0.51948 0.13922
0.52118 0.13983
0.52288 0.140420
0.52459 0.14101
0.52631 0.14158
0.52803 0.14216
0.52975 0.14274
0.53147 0.14332
0.53318 0.14391
0.53488 0.1445
0.53657 0.14511
0.53826 0.14572
0.53994 0.14634
0.5416 0.14697
0.54325 0.14762
0.54489 0.14827
0.54652 0.14894
0.54814 0.14962
0.54974 0.15032
0.55133 0.15103
0.55291 0.15175
0.55447 0.152480
0.55602 0.15323
0.55755 0.154
0.55907 0.15478
0.56057 0.15557
0.56205 0.15639
0.563520 0.15721
0.56498 0.15806
0.56641 0.15892
0.56783 0.1598
0.56923 0.16069
0.57062 0.16161
0.57198 0.16254
0.57333 0.16348
0.57467 0.16445
0.57599 0.16542
0.5773 0.16641
0.5786 0.16741
0.57987 0.16843
0.58114 0.16947
0.58238 0.17052
0.5836 0.1716
0.58479 0.1727
0.58597 0.17382
0.587120 0.17497
0.58826 0.17613
0.58937 0.17731
0.59047 0.17852
0.59154 0.17974
0.59259 0.18099
0.59361 0.18226
0.594620 0.18355
0.5956 0.18487
0.59655 0.18621
0.59748 0.18758
0.59839 0.18897
0.59927 0.19039
0.60012 0.19183
0.60095 0.19331
0.60174 0.19481
0.60251 0.19634
0.60324 0.1979
0.603950 0.19950
0.60462 0.201120
0.60528 0.20276
0.6059 0.20443
0.6065 0.20613
0.60708 0.20785
0.6076400 0.20959
0.60818 0.21135
0.60869 0.21313
0.60918 0.21494
0.60965 0.21677
0.61008 0.21864
0.61047 0.22054
0.61082 0.222490
0.61111 0.22448
0.61136 0.22642
0.61157 0.22822
0.61173 0.229790
0.61185 0.23104
0.61193 0.231880
0.61199 0.232270
*.*.Setup: Ga2.txt as Flap 1, Inverted: y, Scale = 1.0, AoA = 4.0, Reposition from (0,0) = (0, 0)*.*.
*.*.Setup: Ga2.txt as Flap 2, Inverted: y, Scale = 0.4, AoA = 32.0, Reposition from previous T.E. = (0.0067, 0.06), Reposition from (0,0) = (1.0077, 0.0807)*.*.
*.*.Setup: Ga2.txt as Flap 3, Inverted: y, Scale = 0.4, AoA = 45.0, Reposition from previous T.E. = (-0.06, 0.06), Reposition from (0,0) = (1.2973, 0.336)*.*.
*.*.Setup: Scale Ratio = 0.38393*.*.