0.36197 0.03804
0.359850 0.03593
0.35675 0.03284
0.35312 0.02981
0.34874 0.02688
0.34340 0.023860
0.33696 0.02062
0.32936 0.01715
0.32070 0.01349
0.311210 0.00973
0.30115 0.00597
0.29076 0.00228
0.280190 -0.00130
0.26956 -0.00473
0.2589 -0.00797
0.24822 -0.011020
0.23747 -0.0139
0.22662 -0.0166
0.2156100 -0.01915
0.2044 -0.02158
0.19294 -0.02394
0.18124 -0.02624
0.16937 -0.02852
0.15743 -0.030770
0.14558 -0.03297
0.13399 -0.03507
0.12285 -0.03698
0.11234 -0.03864
0.10258 -0.03994
0.09352 -0.04083
0.08503 -0.04126
0.07699 -0.04125
0.06931 -0.04079
0.06193 -0.03989
0.05484 -0.03855
0.04803 -0.03681
0.041510 -0.03467
0.03535 -0.03219
0.02961 -0.02945
0.02441 -0.02656
0.01983 -0.023680
0.01591 -0.02091
0.01263 -0.01831
0.00992 -0.01589
0.00769 -0.01365
0.005860 -0.01156
0.00436 -0.009620
0.00313 -0.00781
0.00213 -0.00611
0.00134 -0.004520
0.00073 -0.00301
0.00029 -0.00158
0.000055 -0.00022
-6e-05 0.0011
0.00013 0.0024
0.00075 0.00359
0.00182 0.00451
0.003190 0.00517
0.00479 0.005670
0.00662 0.00609
0.00874 0.00645
0.01122 0.00679
0.01418 0.00711
0.01779 0.00742
0.0223 0.007710
0.02803 0.00797
0.03525 0.00819
0.04393 0.008320
0.05367 0.00828
0.06416 0.008
0.0753 0.0075
0.08701 0.00686
0.09908 0.00614
0.11133 0.0054
0.12355 0.00468
0.135620 0.004
0.14751 0.00339
0.15920 0.0029
0.1707 0.00254
0.18202 0.00233
0.193170 0.0023
0.20418 0.00247
0.21506 0.00284
0.22582 0.00342
0.23649 0.00424
0.24707 0.00528
0.25757 0.00657
0.268 0.0081
0.27836 0.00987
0.28862 0.01188
0.29874 0.014120
0.30863 0.01657
0.31815 0.01919
0.32708 0.02191
0.33517 0.02467
0.342260 0.02739
0.3483 0.03004
0.35339 0.03261
0.35765 0.03510
0.36197 0.03804
-Inserting Flap s1223rtl-
0.52691 0.15135
0.52625 0.15
0.52528 0.14804
0.52406 0.14602
0.52247 0.14392
0.52043 0.14162
0.51792 0.13904
0.51489 0.13616
0.51139 0.13302
0.50751 0.1297
0.50337 0.12629
0.49906 0.12285
0.49465 0.11944
0.490180 0.11609
0.48567 0.11282
0.48111 0.10964
0.47650 0.10653
0.47181 0.103490
0.46702 0.10049
0.46212 0.09751
0.45708 0.094530
0.45193 0.09154
0.44669 0.08853
0.44141 0.08552
0.43616 0.08255
0.43103 0.079680
0.42607 0.07695
0.42137 0.07446
0.41697 0.07226
0.41283 0.07036
0.40889 0.06878
0.40508 0.06747
0.40138 0.06644
0.39774 0.065670
0.39417 0.06514
0.39067 0.0648600
0.387240 0.06481
0.38392 0.06498
0.38077 0.06534
0.37784 0.065860
0.3752 0.06647
0.3729 0.06715
0.370930 0.06784
0.36925 0.06854
0.367830 0.069240
0.36663 0.06993
0.3656 0.0706
0.36472 0.07126
0.36398 0.0719
0.36334 0.07252
0.36281 0.07314
0.36237 0.07374
0.36202 0.07434
0.36176 0.07495
0.36164 0.0756
0.36175 0.076260
0.3621 0.07687
0.36264 0.0774
0.3633100 0.0779
0.36411 0.0784
0.36505 0.078920
0.36617 0.07948
0.36752 0.08011
0.36918 0.080840
0.37126 0.08172
0.37393 0.08277
0.37731 0.08405
0.38139 0.08553
0.386 0.08709
0.391 0.088670
0.39635 0.09024
0.40199 0.09185
0.40781 0.09348
0.413720 0.095120
0.41962 0.09676
0.42544 0.09841
0.43116 0.10006
0.43677 0.10173
0.44226 0.10343
0.44764 0.10517
0.45292 0.10698
0.4581 0.10884
0.463180 0.11079
0.46817 0.11282
0.4730800 0.1149400
0.47792 0.11716
0.48267 0.11948
0.48736 0.1219
0.49196 0.12442
0.49649 0.12704
0.500910 0.12975
0.50518 0.13251
0.50926 0.1353
0.51303 0.13804
0.51641 0.14066
0.51932 0.1431
0.52175 0.14534
0.52373 0.14739
0.52534 0.149260
0.52691 0.15135
-Inserting Flap s1223rtl-
0.65874 0.28788
0.65841 0.28642
0.65792 0.28429
0.6572 0.28204
0.65613 0.27962
0.65468 0.27692
0.65283 0.27383
0.65055 0.27033
0.64787 0.26647
0.64486 0.26234
0.64162 0.25807
0.63822 0.253720
0.63471 0.24939
0.63113 0.24510
0.6275 0.24088
0.6238 0.23673
0.620030 0.23264
0.61617 0.2286
0.6122 0.22458
0.60811 0.22055
0.6039 0.21649
0.59957 0.21239
0.59517 0.20825
0.59073 0.20411
0.58631 0.20001
0.58197 0.19603
0.57778 0.19224
0.57378 0.18873
0.57001 0.18557
0.56642 0.18277
0.56294 0.18032
0.55954 0.17817
0.55617 0.17631
0.55282 0.17472
0.54946 0.173390
0.54612 0.1723
0.5428 0.17146
0.53953 0.17086
0.53637 0.17049
0.5334 0.17031
0.5307 0.17031
0.5283 0.17043
0.52622 0.17065
0.52443 0.17095
0.52289 0.1713
0.52156 0.17169
0.5204 0.17211
0.5194 0.17255
0.51852 0.173
0.517760 0.17346
0.5171 0.173930
0.51653 0.17442
0.516050 0.17492
0.51567 0.17546
0.5154 0.17606
0.51535 0.176730
0.51555 0.1774
0.51595 0.17805
0.51649 0.178690
0.51715 0.17935
0.51795 0.180070
0.51891 0.18088
0.52007 0.18181
0.52152 0.1829
0.52335 0.184230
0.5257 0.18587
0.52869 0.18790
0.53232 0.19027
0.53645 0.19286
0.54095 0.195540
0.54579 0.19831
0.55091 0.20117
0.55620 0.20410
0.561580 0.20706
0.56693 0.21002
0.57221 0.21297
0.5774 0.21589
0.582470 0.21881
0.58743 0.22173
0.59226 0.22467
0.59698 0.22764
0.60159 0.230650
0.60608 0.23372
0.61047 0.23684
0.61476 0.24004
0.61895 0.24331
0.62305 0.24666
0.62705 0.2501
0.63095 0.25362
0.63474 0.25721
0.63842 0.260860
0.64195 0.26454
0.64527 0.26819
0.648310 0.27173
0.6509900 0.27506
0.65326 0.27811
0.6551 0.28084
0.65657 0.283290
0.6577 0.28548
0.65874 0.28788
*.*.Setup: s1223rtl.txt as Flap 1, Inverted: y, Scale = 1.0, AoA = 6.0, Reposition from (0,0) = (0, 0)*.*.
*.*.Setup: s1223rtl.txt as Flap 2, Inverted: y, Scale = 0.5, AoA = 25.0, Reposition from previous T.E. = (0.0, 0.1), Reposition from (0,0) = (0.9945, 0.2045)*.*.
*.*.Setup: s1223rtl.txt as Flap 3, Inverted: y, Scale = 0.5, AoA = 38.333333333333336, Reposition from previous T.E. = (-0.03, 0.065), Reposition from (0,0) = (1.4177, 0.4808)*.*.
*.*.Setup: Scale Ratio = 0.36397*.*.