0.3745500000 -0.0184
0.37376 -0.0192
0.37217 -0.02075
0.36982 -0.02302
0.36684 -0.02586
0.36338 -0.02907
0.3596 -0.03243
0.35566 -0.03574
0.3517 -0.03883
0.347740 -0.04171
0.34378 -0.0444
0.33982 -0.04693
0.33585 -0.04933
0.33189 -0.05164
0.32793 -0.05386
0.32397 -0.056
0.32 -0.05805
0.31604 -0.06004
0.31208 -0.06195
0.30812 -0.06379
0.30416 -0.06557
0.30019 -0.06729
0.29623 -0.06895
0.29227 -0.07055
0.28831 -0.07210
0.28435 -0.07358
0.280380 -0.075
0.27642 -0.07636
0.27246 -0.07765
0.2685 -0.07888
0.26454 -0.08006
0.26057 -0.08119
0.256610 -0.0823
0.25265 -0.08337
0.24869 -0.084420
0.24472 -0.08543
0.24076 -0.0864
0.2368 -0.08732
0.232840 -0.08819
0.22888 -0.089010
0.22491 -0.08978
0.22095 -0.0905
0.21699 -0.09117
0.21303 -0.0918
0.20907 -0.09239
0.2051 -0.09294
0.20114 -0.09345
0.19718 -0.09392
0.19322 -0.09435
0.18926 -0.09474
0.18529 -0.0951
0.18133 -0.09541
0.17737 -0.09568
0.17341 -0.0959
0.16945 -0.09607
0.16548 -0.09619
0.16152 -0.09626
0.15756 -0.09629
0.1536 -0.09627
0.14963 -0.0962
0.14567 -0.09609
0.141710 -0.09592
0.13775 -0.0957
0.13379 -0.09542
0.12982 -0.0951
0.12586 -0.09473
0.1219 -0.09432
0.117940 -0.09387
0.11398 -0.09339
0.11001 -0.09286
0.10605 -0.09227
0.10209 -0.091610
0.09813 -0.090870
0.094170 -0.09005
0.0902 -0.08913
0.08624 -0.08811
0.08228 -0.08701
0.07832 -0.08582
0.07436 -0.08454
0.07039 -0.08315
0.06643 -0.08165
0.06247 -0.08
0.05851 -0.0782100
0.05454 -0.07625
0.05058 -0.0741200
0.04662 -0.071840
0.04266 -0.06941
0.0387 -0.06682
0.03473 -0.06408
0.03077 -0.06111
0.026810 -0.05784
0.02285 -0.054190
0.01889 -0.05008
0.01495 -0.04548
0.01117 -0.04051
0.00771 -0.03536
0.00473 -0.0302
0.00238 -0.02522
0.00079 -0.02057
0.000000 -0.01274
0.00079 -0.00977
0.00238 -0.00758
0.00473 -0.00622
0.00771 -0.0056
0.01117 -0.00557
0.01495 -0.00598
0.01889 -0.0067
0.02285 -0.00759
0.026810 -0.00863
0.03077 -0.00981
0.03473 -0.01113
0.0387 -0.01257
0.04266 -0.01412
0.04662 -0.01578
0.05058 -0.01752
0.05454 -0.01933
0.05851 -0.02121
0.06247 -0.02312
0.06643 -0.02507
0.07039 -0.02703
0.07436 -0.029
0.07832 -0.03097
0.08228 -0.03293
0.08624 -0.03486
0.0902 -0.03677
0.094170 -0.03866
0.09813 -0.04051
0.10209 -0.04233
0.10605 -0.04411
0.11001 -0.04585
0.11398 -0.04754
0.117940 -0.0492
0.1219 -0.05081
0.12586 -0.052380
0.12982 -0.0539
0.13379 -0.05537
0.13775 -0.056790
0.141710 -0.0581700
0.14567 -0.05949
0.14963 -0.06076
0.1536 -0.06198
0.15756 -0.06315
0.16152 -0.06426
0.16548 -0.06531
0.16945 -0.0663
0.17341 -0.06723
0.17737 -0.06811
0.18133 -0.06891
0.18529 -0.06966
0.18926 -0.070360
0.19322 -0.0710
0.19718 -0.0716
0.20114 -0.07215
0.2051 -0.072660
0.20907 -0.07311
0.21303 -0.07349
0.21699 -0.07381
0.22095 -0.07405
0.22491 -0.07422
0.22888 -0.07432
0.232840 -0.07434
0.2368 -0.07429
0.24076 -0.07417
0.24472 -0.07398
0.24869 -0.073720
0.25265 -0.07337
0.256610 -0.07295
0.26057 -0.07245
0.26454 -0.07187
0.2685 -0.0712
0.27246 -0.07045
0.27642 -0.06961
0.280380 -0.06868
0.28435 -0.06766
0.28831 -0.06655
0.29227 -0.06533
0.29623 -0.06401
0.30019 -0.06258
0.30416 -0.06105
0.30812 -0.05942
0.31208 -0.0577
0.31604 -0.0559
0.32 -0.05402
0.32397 -0.052050
0.32793 -0.05002
0.33189 -0.0479
0.33585 -0.04571
0.33982 -0.04344
0.34378 -0.04108
0.347740 -0.03861
0.3517 -0.036
0.35566 -0.033230
0.3596 -0.03033
0.36338 -0.02741
0.36684 -0.02465
0.36982 -0.02222
0.37217 -0.020270
0.37376 -0.01896
0.3745500000 -0.0184
-Inserting Flap Ga2-
0.508 0.077220
0.5079 0.076780
0.50769 0.07592
0.50738 0.07465
0.50697 0.07305
0.50647 0.071230
0.5059 0.06929
0.50527 0.06733
0.504580 0.06544
0.503850 0.063630
0.50307 0.06188
0.50227 0.060180
0.50143 0.05852
0.50058 0.0569
0.4997 0.05531
0.49881 0.05374
0.49790 0.05221
0.49698 0.05069
0.49604 0.04921
0.49509 0.04774
0.494120 0.0463
0.49314 0.04487
0.49215 0.04347
0.49114 0.04209
0.49013 0.04072
0.4891 0.03938
0.488060 0.03806
0.487 0.03676
0.485930 0.03548
0.48485 0.03422
0.48375 0.03298
0.482650 0.03176
0.48154 0.030540
0.48042 0.02934
0.4793 0.02814
0.47817 0.02696
0.47703 0.02579
0.47588 0.02464
0.47472 0.02351
0.47355 0.02239
0.47237 0.02129
0.47118 0.0202
0.46998 0.019140
0.46877 0.01808
0.46755 0.01704
0.466320 0.01602
0.46508 0.01501
0.46384 0.01401
0.46259 0.01302
0.46133 0.01204
0.46006 0.01108
0.45878 0.01014
0.45749 0.00921
0.4562 0.0083
0.45489 0.00740
0.45357 0.00652
0.45224 0.00565
0.4509 0.0048
0.44956 0.00397
0.4482 0.00315
0.44683 0.00235
0.44545 0.001570
0.44406 0.0008
0.44266 6e-05
0.44124 -0.00067
0.43982 -0.00139
0.43839 -0.00209
0.43695 -0.00278
0.4355 -0.00345
0.43405 -0.00411
0.43258 -0.00475
0.4311 -0.00537
0.4296 -0.00596
0.42808 -0.00652
0.4265400 -0.00704
0.424980 -0.00754
0.4234 -0.00801
0.4218 -0.00844
0.42019 -0.00885
0.41855 -0.00922
0.41689 -0.00955
0.41519 -0.00983
0.41347 -0.01006
0.41171 -0.01023
0.40992 -0.01035
0.40809 -0.01042
0.40623 -0.01043
0.404340 -0.01040
0.40241 -0.01031
0.40044 -0.01014
0.3984 -0.00987
0.39628 -0.009470
0.39407 -0.008920
0.39176 -0.00819
0.38942 -0.00731
0.38716 -0.00629
0.385050 -0.00517
0.3832 -0.003980
0.38167 -0.00274
0.37975 -0.00025
0.37939 0.00092
0.37946 0.002
0.379970 0.00296
0.38085 0.0038
0.38202 0.00455
0.38339 0.00521
0.38487 0.0058
0.38641 0.00634
0.38797 0.00682
0.389560 0.00726
0.39119 0.007660
0.39284 0.00801
0.39451 0.00832
0.3962 0.0086
0.39792 0.008850
0.39965 0.00907
0.40139 0.00928
0.40314 0.00947
0.40489 0.00965
0.40665 0.00982
0.40842 0.00999
0.41018 0.01016
0.41194 0.01034
0.41369 0.01052
0.41544 0.01071
0.41718 0.010910
0.41892 0.01113
0.42065 0.01135
0.42237 0.01159
0.42408 0.0118400
0.42579 0.0121
0.42748 0.01238
0.42917 0.012670
0.43084 0.01298
0.43251 0.0133
0.43417 0.01364
0.43581 0.014
0.43745 0.01437
0.43907 0.01477
0.44069 0.01517
0.44229 0.01560
0.4438800 0.01604
0.44546 0.01651
0.4470200 0.01699
0.448580 0.01749
0.45012 0.01802
0.45165 0.01856
0.45316 0.01913
0.45467 0.01971
0.45616 0.02032
0.45764 0.02094
0.45911 0.02158
0.460570 0.02223
0.46202 0.02290
0.46346 0.02358
0.46489 0.02429
0.4663 0.02502
0.46769 0.02578
0.469070 0.02657
0.47044 0.02737
0.47179 0.02821
0.47312 0.02906
0.47444 0.02994
0.47574 0.03085
0.47703 0.03178
0.4783 0.032730
0.47956 0.03371
0.4808 0.03472
0.48202 0.03576
0.48322 0.03683
0.4844 0.03792
0.485570 0.03905
0.48672 0.0402
0.48784 0.04139
0.48895 0.04261
0.49004 0.04386
0.4911 0.04515
0.49214 0.04647
0.49316 0.04783
0.494160 0.04922
0.49514 0.05064
0.4961 0.05210
0.49705 0.05357
0.49798 0.05508
0.49889 0.05661
0.49978 0.05817
0.50066 0.05975
0.50153 0.06136
0.50237 0.063
0.50319 0.06468
0.50398 0.06641
0.50474 0.06818
0.50546 0.07
0.50612 0.07179
0.50671 0.07346
0.50721 0.07492
0.50759 0.07608
0.5078500 0.07686
0.508 0.077220
-Inserting Flap Ga2-
0.60295 0.22014
0.60301 0.21969
0.603100 0.21881
0.603230 0.21751
0.60338 0.21587
0.60353 0.21398
0.60364 0.21197
0.60371 0.20991
0.6037 0.2079
0.60362 0.20594
0.60348 0.20403
0.60329 0.20216
0.60306 0.20032
0.6028 0.19851
0.60251 0.19671
0.6022 0.19494
0.60186 0.19318
0.6015 0.19145
0.60112 0.18973
0.60071 0.18803
0.60029 0.18635
0.59985 0.18468
0.59938 0.18302
0.5989 0.18138
0.59841 0.17976
0.59789 0.17814
0.59735 0.17655
0.59679 0.17497
0.59622 0.173410
0.59562 0.17186
0.595010 0.17032
0.59438 0.1688
0.59374 0.16728
0.5931 0.16577
0.59244 0.16427
0.59178 0.16277
0.5911 0.16129
0.5904 0.15982
0.58969 0.15836
0.58897 0.15691
0.58823 0.15548
0.58747 0.15406
0.5867 0.15265
0.58591 0.15125
0.585110 0.14986
0.5843 0.14848
0.58348 0.14711
0.58264 0.14575
0.5818 0.1444
0.580940 0.14306
0.58007 0.14173
0.57918 0.14041
0.57828 0.1391
0.57737 0.1378
0.57644 0.13651
0.57549 0.13524
0.57453 0.13398
0.57356 0.13273
0.572570 0.13149
0.57157 0.13026
0.57055 0.12905
0.56951 0.127850
0.56846 0.12666
0.56739 0.125490
0.5663 0.12432
0.56521 0.12317
0.564090 0.12203
0.562970 0.12090
0.56183 0.11977
0.560690 0.11866
0.55952 0.11757
0.55833 0.11649
0.55711 0.115420
0.55587 0.1143900
0.5546 0.113370
0.5533 0.112380
0.55197 0.111410
0.55061 0.110460
0.54923 0.10954
0.54781 0.108640
0.5463600 0.107770
0.54486 0.1069300
0.543310 0.106140
0.54171 0.10538
0.54006 0.10466
0.53836 0.10399
0.53662 0.10335
0.53482 0.10274
0.532980 0.10218
0.531070 0.10167
0.52906 0.10124
0.52693 0.1009
0.52466 0.10068
0.52223 0.10059
0.51974 0.10064
0.51726 0.1008300
0.51491 0.10117
0.51276 0.10167
0.51091 0.10233
0.50825 0.10402
0.50752 0.10501
0.50722 0.10605
0.50738 0.10712
0.50793 0.10821
0.50878 0.10931
0.50984 0.11039
0.51104 0.11145
0.51231 0.11247
0.51362 0.11345
0.51497 0.1144
0.51637 0.11532
0.5178 0.1162
0.51927 0.11706
0.52077 0.11789
0.5223 0.11871
0.52385 0.1195
0.525430 0.12028
0.52701 0.12105
0.5286 0.12181
0.5302 0.12256
0.53180 0.12332
0.5334 0.12407
0.535 0.12483
0.53659 0.12559
0.53817 0.12636
0.539750 0.12714
0.54131 0.127920
0.54286 0.12871
0.54441 0.12951
0.54593 0.13033
0.54745 0.13115
0.54895 0.131980
0.55044 0.13282
0.55192 0.13368
0.55338 0.13454
0.55482 0.135420
0.556250 0.13631
0.55766 0.13721
0.559060 0.13813
0.560450 0.13906
0.56181 0.14
0.56316 0.14095
0.56449 0.14192
0.5658 0.1429
0.5671 0.14390
0.56837 0.14491
0.56963 0.14594
0.57087 0.14698
0.57209 0.14804
0.57329 0.14911
0.57447 0.150190
0.57564 0.15129
0.5768 0.15239
0.57794 0.15351
0.57906 0.15464
0.58017 0.15579
0.58125 0.15695
0.58231 0.15814
0.58334 0.15934
0.58436 0.16056
0.58535 0.16179
0.58631 0.16305
0.58726 0.16432
0.58818 0.16561
0.58908 0.16692
0.58996 0.16825
0.59081 0.1696
0.59164 0.17096
0.59244 0.172350
0.59321 0.173760
0.59396 0.17519
0.59468 0.17664
0.59537 0.17812
0.596030 0.17961
0.59666 0.18113
0.59726 0.18268
0.59783 0.18425
0.59837 0.18585
0.598870 0.18747
0.59934 0.18912
0.59979 0.19079
0.6002 0.19248
0.6006 0.19419
0.60096 0.19592
0.60131 0.19767
0.60163 0.19943
0.60192 0.20122
0.60219 0.20303
0.60244 0.20485
0.60264 0.20671
0.60281 0.2086
0.60292 0.21053
0.60299 0.21249
0.60301 0.21440
0.603 0.21617
0.60298 0.21771
0.60295 0.21893
0.60293 0.21975
0.60295 0.22014
*.*.Setup: Ga2.txt as Flap 1, Inverted: y, Scale = 1.0, AoA = 0.0, Reposition from (0,0) = (0, 0)*.*.
*.*.Setup: Ga2.txt as Flap 2, Inverted: y, Scale = 0.4, AoA = 32.0, Reposition from previous T.E. = (0.0067, 0.06), Reposition from (0,0) = (1.0067, 0.0109)*.*.
*.*.Setup: Ga2.txt as Flap 3, Inverted: y, Scale = 0.4, AoA = 51.666666666666664, Reposition from previous T.E. = (-0.01, 0.08), Reposition from (0,0) = (1.3463, 0.2862)*.*.
*.*.Setup: Scale Ratio = 0.37455*.*.