0.36235 0.03808
0.360220 0.03597
0.35712 0.03287
0.35349 0.02984
0.3491 0.0269
0.343760 0.023880
0.33731 0.02064
0.3297 0.01716
0.321030 0.0135
0.311530 0.00974
0.30146 0.00598
0.29106 0.00228
0.280480 -0.00130
0.26984 -0.00473
0.25917 -0.00798
0.24847 -0.011040
0.23772 -0.01391
0.22686 -0.01661
0.2158400 -0.01917
0.20461 -0.0216
0.19314 -0.02396
0.18143 -0.02627
0.16955 -0.02855
0.1576 -0.03080
0.14573 -0.033
0.13413 -0.0351
0.12298 -0.03702
0.11246 -0.03868
0.10269 -0.03999
0.09362 -0.04087
0.08512 -0.04131
0.07707 -0.04129
0.06938 -0.04083
0.062 -0.03993
0.0549 -0.03859
0.04808 -0.03684
0.041560 -0.03471
0.03539 -0.03222
0.02964 -0.02948
0.02443 -0.02659
0.01985 -0.02370
0.01593 -0.02093
0.01265 -0.01833
0.00993 -0.01591
0.0077 -0.01366
0.005870 -0.01157
0.00437 -0.009630
0.00313 -0.00782
0.00214 -0.00612
0.00134 -0.004520
0.00073 -0.00301
0.00029 -0.00158
0.000055 -0.00022
-6e-05 0.0011
0.00013 0.00241
0.00076 0.00359
0.00182 0.00451
0.003190 0.00517
0.00479 0.005680
0.00663 0.0061
0.00875 0.00646
0.01123 0.0068
0.01419 0.00712
0.01781 0.00742
0.02233 0.007710
0.02806 0.00798
0.03529 0.0082
0.04397 0.008330
0.05373 0.00829
0.06423 0.008
0.07538 0.0075
0.0871 0.00686
0.09918 0.00615
0.11144 0.00541
0.12368 0.00468
0.135760 0.004
0.14766 0.0034
0.159370 0.0029
0.17088 0.00254
0.18221 0.00234
0.193370 0.00231
0.20439 0.00247
0.21528 0.00284
0.22606 0.00343
0.23673 0.00424
0.24732 0.00529
0.25784 0.00658
0.26828 0.00811
0.27865 0.00988
0.28892 0.01189
0.29905 0.014130
0.30895 0.01658
0.31848 0.01921
0.32742 0.02193
0.33552 0.02469
0.342610 0.02741
0.34867 0.03007
0.35376 0.03265
0.35802 0.035140
0.36235 0.03808
-Inserting Flap s1223rtl-
0.53354 0.13683
0.53276 0.135540
0.53163 0.13367
0.53024 0.13176
0.52846 0.1298
0.52623 0.12769
0.5235 0.12534000
0.520230 0.12273
0.51647 0.1199
0.51231 0.11693
0.50788 0.11388
0.50328 0.11083
0.49858 0.10781
0.49384 0.10486
0.48905 0.102
0.48423 0.09922
0.47936 0.09653
0.47442 0.0939
0.46938 0.09133
0.46423 0.088790
0.45895 0.08626
0.45355 0.08372
0.448060 0.08118
0.44253 0.07864
0.43704 0.07614
0.43167 0.073710
0.42649 0.07143
0.42159 0.06936
0.417010 0.06754
0.41271 0.06602
0.40864 0.06478
0.404730 0.06381
0.40095 0.0631
0.397260 0.06265
0.39365 0.06244
0.390130 0.06246
0.386710 0.06271
0.38342 0.06317
0.3803 0.06380
0.37742 0.06457
0.374850 0.06542
0.37261 0.06629
0.3707 0.067160
0.36909 0.068
0.36774 0.06882
0.36660 0.06961
0.36563 0.07038
0.36482 0.07111
0.36413 0.071810
0.363550 0.07249
0.36307 0.073150
0.36268 0.073790
0.36239 0.07442
0.36219 0.07504
0.36212 0.0757
0.36228 0.07635
0.36269 0.07693
0.36327 0.07742
0.36399 0.07785
0.36483 0.07828
0.36581 0.07871
0.36698 0.07918
0.36837 0.07969
0.37009 0.08028
0.37225 0.08096
0.375 0.08178
0.378480 0.08277
0.38268 0.08388
0.38741 0.0850400
0.39254 0.086170
0.39801 0.08728
0.40377 0.08838
0.409730 0.0895
0.41576 0.09062
0.421790 0.09175
0.42773 0.09288
0.43358 0.09403
0.43932 0.0952
0.44494 0.09642
0.45047 0.097690
0.45589 0.09903
0.46121 0.10044
0.46645 0.10194
0.471610 0.10353
0.47669 0.105210
0.4817 0.107
0.48664 0.1089
0.49153 0.1109
0.496340 0.11302
0.50108 0.11524
0.505720 0.117550
0.51023 0.11994
0.514540 0.12236
0.51854 0.12477
0.52214 0.12708
0.52525 0.12926
0.527870 0.13128
0.53003 0.133150
0.53179 0.13487
0.53354 0.13683
-Inserting Flap s1223rtl-
0.65869 0.28708
0.65845 0.2856
0.65809 0.28344
0.6575 0.28115
0.65657 0.27868
0.65528 0.27589
0.65361 0.2727
0.65153 0.26907
0.64908 0.26505
0.64631 0.26075
0.64332 0.25629
0.64017 0.25175
0.63692 0.24721
0.6336 0.242720
0.63021 0.23829
0.62676 0.23393
0.62323 0.22963
0.6196 0.22536
0.61587 0.22111
0.61202 0.21685
0.60805 0.21255
0.60396 0.2082
0.5998 0.20381
0.5956 0.19941
0.59143 0.19505
0.58733000 0.19082
0.58335 0.18679
0.57957 0.18305
0.57598 0.17967
0.57255 0.17666
0.56922 0.17401
0.565950 0.17167
0.56269 0.16961
0.55943 0.16783
0.55616 0.1663
0.552880 0.16502
0.549610 0.16399
0.54637 0.1632
0.54324 0.16264
0.54028 0.1623
0.53758 0.16213
0.53518 0.16211
0.53309 0.16221
0.53128 0.16241
0.52972 0.16267
0.52836 0.16298
0.52719 0.16333
0.52616 0.16371
0.52526 0.16411
0.52447 0.16453
0.52378 0.16496
0.52319 0.16542
0.52268 0.16589
0.52226 0.1664
0.52196 0.16699
0.52187 0.167650
0.52203 0.16834
0.52239 0.16901
0.5229 0.16968
0.52352 0.17038
0.52428 0.17115
0.52519 0.17201
0.5263 0.173
0.52768 0.17418
0.529430 0.17562
0.53168 0.1774
0.53455 0.179590
0.53804 0.18218
0.542020 0.185
0.54636 0.18795
0.55104 0.191
0.555980 0.19415
0.5611 0.197390
0.5663 0.20066
0.571480 0.20393
0.576590 0.207180
0.58160 0.2104
0.5865 0.21361
0.591280 0.21682
0.59594 0.22004
0.60048 0.22329
0.60491 0.22656
0.60923 0.22989
0.61343 0.233270
0.61753 0.236710
0.62153 0.24023
0.62543 0.24381
0.62922 0.24748
0.63292 0.25122
0.6365 0.25503
0.63996 0.2589
0.64327 0.26278
0.64638 0.26662
0.64921 0.27034
0.6517 0.27382
0.65379 0.27699
0.655470 0.27984
0.65679 0.28237
0.6578 0.28462
0.65869 0.28708
*.*.Setup: s1223rtl.txt as Flap 1, Inverted: y, Scale = 1.0, AoA = 6.0, Reposition from (0,0) = (0, 0)*.*.
*.*.Setup: s1223rtl.txt as Flap 2, Inverted: y, Scale = 0.5, AoA = 20.0, Reposition from previous T.E. = (0.0, 0.1), Reposition from (0,0) = (0.9945, 0.2045)*.*.
*.*.Setup: s1223rtl.txt as Flap 3, Inverted: y, Scale = 0.5, AoA = 41.666666666666664, Reposition from previous T.E. = (-0.03, 0.08), Reposition from (0,0) = (1.4344, 0.4555)*.*.
*.*.Setup: Scale Ratio = 0.36435*.*.