0.3649800000 -0.01793
0.3642 -0.01871
0.36266 -0.02022
0.36037 -0.02243
0.35746 -0.0252
0.35409 -0.02832
0.35041 -0.0316
0.34657 -0.03482
0.34271 -0.03784
0.338850 -0.04064
0.33499 -0.04326
0.33113 -0.04573
0.32727 -0.04807
0.32341 -0.05032
0.31955 -0.05248
0.31569 -0.05457
0.31182 -0.05657
0.30796 -0.0585
0.3041 -0.06036
0.30024 -0.06216
0.29638 -0.06389
0.29252 -0.06557
0.28866 -0.06719
0.2848 -0.06875
0.28094 -0.070250
0.27708 -0.0717
0.273220 -0.07309
0.26936 -0.07441
0.2655 -0.07566
0.26163 -0.07686
0.25777 -0.07801
0.25391 -0.07912
0.250050 -0.08019
0.24619 -0.08124
0.24233 -0.082260
0.23847 -0.08325
0.23461 -0.08419
0.23075 -0.08509
0.226890 -0.08594
0.22303 -0.086730
0.21917 -0.08748
0.2153 -0.08818
0.21144 -0.08884
0.20758 -0.08946
0.20372 -0.09003
0.19986 -0.09056
0.196 -0.09106
0.19214 -0.09152
0.18828 -0.09194
0.18442 -0.09232
0.18056 -0.09267
0.1767 -0.09297
0.17284 -0.09323
0.16897 -0.09344
0.16511 -0.09361
0.16125 -0.09373
0.15739 -0.0938
0.15353 -0.09383
0.14967 -0.09381
0.14581 -0.09374
0.14195 -0.09363
0.138090 -0.09346
0.13423 -0.09325
0.13037 -0.09298
0.12651 -0.09267
0.12265 -0.09231
0.11878 -0.09191
0.114920 -0.09147
0.11106 -0.091
0.1072 -0.09048
0.10334 -0.08991
0.09948 -0.089270
0.09562 -0.088550
0.091760 -0.08774
0.0879 -0.08685
0.08404 -0.08586
0.08018 -0.08479
0.07632 -0.08363
0.07245 -0.08238
0.06859 -0.08103
0.06473 -0.07956
0.06087 -0.07796
0.05701 -0.0762100
0.05315 -0.0743
0.04929 -0.0722300
0.04543 -0.070010
0.04157 -0.06763
0.03771 -0.06511
0.03385 -0.06244
0.02999 -0.05955
0.026120 -0.05637
0.02226 -0.052810
0.0184 -0.0488
0.01457 -0.04431
0.01089 -0.03947
0.00752 -0.03445
0.00461 -0.02943
0.00232 -0.02457
0.00077 -0.02004
0.000000 -0.01241
0.00077 -0.00952
0.00232 -0.00739
0.00461 -0.00606
0.00752 -0.00546
0.01089 -0.00543
0.01457 -0.00583
0.0184 -0.00653
0.02226 -0.0074
0.026120 -0.00841
0.02999 -0.00956
0.03385 -0.01084
0.03771 -0.01225
0.04157 -0.01376
0.04543 -0.01537
0.04929 -0.01707
0.05315 -0.01884
0.05701 -0.02066
0.06087 -0.02253
0.06473 -0.02442
0.06859 -0.02634
0.07245 -0.02826
0.07632 -0.03018
0.08018 -0.03209
0.08404 -0.03397
0.0879 -0.03583
0.091760 -0.03767
0.09562 -0.03948
0.09948 -0.04125
0.10334 -0.04298
0.1072 -0.04467
0.11106 -0.04633
0.114920 -0.04794
0.11878 -0.04951
0.12265 -0.051040
0.12651 -0.05252
0.13037 -0.05395
0.13423 -0.055340
0.138090 -0.0566800
0.14195 -0.05797
0.14581 -0.05921
0.14967 -0.0604
0.15353 -0.06153
0.15739 -0.06261
0.16125 -0.06364
0.16511 -0.06461
0.16897 -0.06552
0.17284 -0.06636
0.1767 -0.06715
0.18056 -0.06788
0.18442 -0.068560
0.18828 -0.069190
0.19214 -0.06977
0.196 -0.07031
0.19986 -0.07080
0.20372 -0.07124
0.20758 -0.07162
0.21144 -0.07192
0.2153 -0.07216
0.21917 -0.07232
0.22303 -0.07242
0.226890 -0.07244
0.23075 -0.07239
0.23461 -0.07228
0.23847 -0.07209
0.24233 -0.071830
0.24619 -0.0715
0.250050 -0.07109
0.25391 -0.0706
0.25777 -0.07003
0.26163 -0.06938
0.2655 -0.06865
0.26936 -0.06783
0.273220 -0.06693
0.27708 -0.06593
0.28094 -0.06484
0.2848 -0.06366
0.28866 -0.06237
0.29252 -0.06098
0.29638 -0.05949
0.30024 -0.0579
0.3041 -0.05623
0.30796 -0.05447
0.31182 -0.05264
0.31569 -0.050720
0.31955 -0.04874
0.32341 -0.04668
0.32727 -0.04454
0.33113 -0.04233
0.33499 -0.04003
0.338850 -0.03762
0.34271 -0.03508
0.34657 -0.032380
0.35041 -0.02955
0.35409 -0.02671
0.35746 -0.02402
0.36037 -0.02165
0.36266 -0.019760
0.3642 -0.01848
0.3649800000 -0.01793
-Inserting Flap Ga2-
0.51291 0.07115
0.51278 0.07073
0.5125 0.06992
0.51208 0.06871
0.51155 0.06719
0.51092 0.06547
0.5102 0.06363
0.50942 0.06179
0.508590 0.06001
0.50772 0.05831
0.50682 0.05668
0.50589 0.0551
0.5049400 0.05356
0.50398 0.05206
0.50299 0.05059
0.501990 0.04914
0.50098 0.04773
0.49996 0.04634
0.49892 0.04497
0.49787 0.043630
0.49681 0.04231
0.49574 0.04102
0.49465 0.03974
0.49356 0.03848
0.49246 0.037240
0.49135 0.03603
0.49022 0.03483
0.48909 0.033660
0.48794 0.03251
0.48678 0.03138
0.48561 0.030270
0.48444 0.02918
0.48326 0.02809
0.48207 0.02702
0.48088 0.02595
0.47968 0.0249
0.47848 0.02386
0.47727 0.02284
0.47604 0.02184
0.47481 0.02085
0.47357 0.01988
0.47232 0.01893
0.47107 0.018
0.4698 0.01708
0.46853 0.01617
0.46725 0.01528
0.46597 0.0144
0.46467 0.01354
0.46337 0.01269
0.46207 0.01185
0.46075 0.01102
0.45943 0.010220
0.4581 0.00942
0.4567700 0.00865
0.45542 0.00788
0.45407 0.00714
0.4527 0.00641
0.45133 0.0057
0.44995 0.00501
0.44857 0.00433
0.44717 0.00367
0.44576 0.00303
0.44435 0.0024
0.44292 0.0018
0.44149 0.00121
0.44005 0.00064
0.4386 8e-05
0.43714 -0.00047
0.43568 -0.001
0.43421 -0.00152
0.43273 -0.00201
0.431240 -0.00249
0.42973 -0.00293
0.42821 -0.00335
0.42667 -0.00373
0.42512 -0.00408
0.42355 -0.0044
0.42196 -0.00468
0.42036 -0.00494
0.41874 -0.00516
0.41709 -0.005340
0.415430 -0.00547
0.41373 -0.00554
0.41201 -0.00556
0.410260 -0.00553
0.40848 -0.00544
0.40667 -0.00529
0.404840 -0.0051
0.402980 -0.00484
0.40108 -0.00452
0.39912 -0.00408
0.3971 -0.00351
0.395 -0.00279
0.39281 -0.00188
0.39062 -0.00083
0.38851 0.00035
0.38656 0.00161
0.38486 0.002930
0.38349 0.00426
0.38183 0.00684
0.38158 0.00801
0.38174 0.00905
0.38232 0.00994
0.38324 0.01068
0.38444 0.01131
0.38583 0.01183
0.38732 0.01228
0.38885 0.01267
0.39041 0.01301
0.392 0.0133
0.39361 0.01354
0.39524 0.01375
0.39689 0.01391
0.39856 0.01403
0.40024 0.01413
0.40194 0.0142
0.40365 0.01425
0.40536 0.01429
0.40708 0.01431
0.4088 0.01433
0.41053 0.01435
0.41225 0.014370
0.41398 0.01439
0.41569 0.01442
0.41741 0.01445
0.41912 0.0145
0.42082 0.01456
0.42252 0.01463
0.42421 0.014710
0.42589 0.01481
0.42757 0.01492
0.42924 0.01505
0.4309 0.01519
0.43255 0.01535
0.4342 0.01552
0.435840 0.01571
0.437460 0.01591
0.43908 0.01614
0.44069 0.016380
0.44229 0.016640
0.44389 0.01692
0.44547 0.01721
0.44704 0.017530
0.4486 0.017870
0.45015 0.01822
0.4517 0.0186
0.45323 0.019
0.45474 0.01942
0.45625 0.019860
0.45775 0.02032
0.45924 0.0208
0.46072 0.021290
0.46220 0.0218
0.46366 0.02232
0.46512 0.02287
0.466560 0.02344
0.46799 0.02403
0.46941 0.02464
0.47082 0.02529
0.47221 0.02595
0.4735900 0.02665
0.47496 0.02737
0.47631 0.02811
0.47766 0.02888
0.47899 0.02967
0.4803 0.03049
0.4816 0.03134
0.48289 0.03221
0.48416 0.03311
0.48542 0.03405
0.48666 0.03501
0.487890 0.036
0.489100 0.03702
0.4903 0.03808
0.49148 0.03917
0.49264 0.04029
0.49378 0.04145
0.49490 0.042650
0.49601 0.04388
0.4971000 0.04515
0.49817 0.04645
0.49923 0.04777
0.500270 0.04913
0.5013 0.0505100
0.502310 0.05192
0.50331 0.05336
0.5043 0.05482
0.50528 0.05631
0.50624 0.05783
0.50717 0.05939
0.50809 0.061
0.50897 0.06266
0.509830 0.06436
0.510620 0.06605
0.51134 0.067620
0.51194 0.06899
0.512410 0.07008
0.51273 0.07082
0.51291 0.07115
-Inserting Flap Ga2-
0.60544 0.20312
0.60549 0.20268
0.60558 0.20182
0.6057 0.2005500
0.60585 0.19895
0.60599 0.19712
0.60611 0.19516
0.60617 0.19315
0.60616 0.19119
0.60608 0.18928
0.605940 0.18742
0.60576 0.1856
0.60554 0.18381
0.60528 0.18204
0.60501 0.18029
0.6047 0.17856
0.60437 0.17685
0.60402 0.17516
0.60365 0.17349
0.60325 0.17183
0.60284 0.17019
0.60241 0.16856
0.60196 0.16695
0.60149 0.16535
0.601 0.16377
0.6005 0.1622
0.59998 0.16064
0.59943 0.1591
0.59887 0.15758
0.59829 0.15607
0.59769 0.15457
0.59708 0.153090
0.59646 0.1516100
0.59583 0.15014
0.59519 0.14867
0.59454 0.14722
0.59388 0.14577
0.5932 0.14434
0.59251 0.14292
0.59181 0.14151
0.59108 0.14011
0.59034 0.13873
0.58959 0.137350
0.58883 0.13599
0.58805 0.13463
0.58726 0.13329
0.58646 0.13196
0.58564 0.13063
0.58482 0.12931
0.58398 0.128010
0.58313 0.12671
0.58227 0.125420
0.58139 0.12415
0.5805 0.12288
0.5796 0.12163
0.57868 0.12039
0.57774 0.11916
0.57679 0.11794
0.57583 0.11674
0.57485 0.11554
0.57385 0.11436
0.57284 0.11319
0.57182 0.11203
0.570780 0.11088
0.56972 0.10975
0.56865 0.10863
0.56757 0.10752
0.56647 0.10641
0.56537 0.10532
0.56425 0.10424
0.56311 0.10317
0.56195 0.10211
0.560770 0.10108
0.55956 0.10007
0.55832 0.09908
0.55705 0.09811
0.55576 0.09717
0.55443 0.09625
0.55308 0.09534
0.5517 0.09447
0.55028 0.09362
0.54882 0.09281
0.54732 0.09203
0.54576 0.09129
0.54415 0.090590
0.54250 0.08993
0.54079 0.08931
0.53905 0.08872
0.53725 0.08818
0.53538 0.08768
0.53343 0.08726
0.53135 0.08693
0.52914 0.08671
0.52678 0.08663
0.52435 0.08667
0.52194 0.08686
0.51964 0.0871900
0.51754 0.08768
0.51574 0.08832
0.51315 0.08997
0.51244 0.09093
0.512150 0.09194
0.51231 0.09299
0.51284 0.09405
0.51366 0.09512
0.51470 0.09617
0.51587 0.09720
0.5171 0.0982
0.51838 0.09916
0.51970 0.10008
0.52106 0.100980
0.52246 0.10184
0.52389 0.10268
0.52535 0.10349
0.52684 0.10428
0.52836 0.10505
0.52989 0.105810
0.53143 0.10656
0.53298 0.1073
0.53454 0.10804
0.5361 0.10877
0.53766 0.10951
0.539220 0.110240
0.54077 0.11099
0.54231 0.111740
0.54384 0.11249
0.545370 0.11326
0.54688 0.114030
0.54838 0.114810
0.54987 0.1156
0.551350 0.1164
0.55281 0.11721
0.55426 0.11804
0.5557 0.11887
0.55712 0.11971000
0.55853 0.12057
0.55993 0.121430
0.56130 0.12231
0.56267 0.12320
0.56401 0.12411
0.56534 0.12503
0.566660 0.12596
0.56795 0.1269
0.56923 0.12786
0.5705 0.12883
0.57174 0.12981
0.57296 0.13081
0.57417 0.13183
0.575350 0.13286
0.57652 0.1339
0.577680 0.13496
0.57882 0.13603
0.57995 0.13710
0.58106 0.13819
0.58215 0.1393
0.58323 0.140410
0.58429 0.14155
0.58532 0.1427
0.58633 0.14387
0.58731 0.14506
0.58828 0.14627
0.58922 0.14749
0.59014 0.14873
0.59104 0.14999
0.59192 0.15126
0.59277 0.15256
0.5936 0.15387
0.594410 0.1552
0.59519 0.15655
0.59594 0.15793
0.59667 0.15932
0.59737 0.16073
0.59804 0.16217
0.59869 0.16363
0.59931 0.16511
0.59989 0.16662
0.60044 0.16815
0.60097 0.1697
0.60146 0.17128
0.60192 0.1728900
0.60235 0.17452
0.60276 0.176160
0.60314 0.17783
0.6035 0.17952
0.60383 0.18122
0.604140 0.18294
0.604430 0.18468
0.60469 0.18644
0.60493 0.188230
0.60513 0.19004
0.60529 0.19188
0.6054 0.19376
0.60547 0.19566
0.60549 0.19752
0.60548 0.199250
0.60546 0.20075
0.605430 0.20194
0.60541 0.20274
0.60544 0.20312
*.*.Setup: Ga2.txt as Flap 1, Inverted: y, Scale = 1.0, AoA = 0.0, Reposition from (0,0) = (0, 0)*.*.
*.*.Setup: Ga2.txt as Flap 2, Inverted: y, Scale = 0.4, AoA = 27.0, Reposition from previous T.E. = (0.04, 0.08), Reposition from (0,0) = (1.04, 0.0309)*.*.
*.*.Setup: Ga2.txt as Flap 3, Inverted: y, Scale = 0.4, AoA = 51.666666666666664, Reposition from previous T.E. = (-0.01, 0.06), Reposition from (0,0) = (1.3953, 0.2549)*.*.
*.*.Setup: Scale Ratio = 0.36498*.*.