0.34636 0.0364
0.344330 0.03438
0.34136 0.03142
0.33789 0.02852
0.33369 0.02572
0.328590 0.022830
0.32242 0.01973
0.31515 0.01641
0.306870 0.01291
0.297780 0.00931
0.28816 0.00571
0.27822 0.00218
0.268110 -0.001250
0.25793 -0.00452
0.24774 -0.00763
0.23751 -0.010550
0.22723 -0.0133
0.21685 -0.01588
0.2063100 -0.01832
0.19558 -0.02065
0.18461 -0.0229
0.17342 -0.02511
0.16206 -0.02729
0.15064 -0.029440
0.1393 -0.03155
0.12821 -0.03355
0.11755 -0.03539
0.1075 -0.03697
0.09815 -0.03822
0.08949 -0.03907
0.08136 -0.03948
0.07367 -0.03947
0.06632 -0.03903
0.05926 -0.03817
0.05247 -0.03689
0.04595 -0.03522
0.039720 -0.03317
0.03382 -0.0308
0.02834 -0.02818
0.02336 -0.02542
0.01897 -0.022660
0.01522 -0.02001
0.01209 -0.01752
0.00949 -0.01521
0.00736 -0.01306
0.005610 -0.01106
0.00417 -0.00920
0.003 -0.00747
0.00204 -0.00585
0.00128 -0.004320
0.0007 -0.00288
0.00028 -0.00151
0.000055 -0.00021
-6e-05 0.00105
0.00012 0.0023
0.00072 0.00344
0.00174 0.00431
0.003050 0.00495
0.00458 0.005430
0.00633 0.00583
0.00836 0.00618
0.01073 0.0065
0.01357 0.00681
0.01702 0.0071
0.02134 0.007370
0.02683 0.00763
0.03373 0.00784
0.04203 0.007960
0.05136 0.00792
0.06139 0.00765
0.07205 0.00717
0.08325 0.00656
0.09481 0.00588
0.10653 0.00517
0.11822 0.00447
0.129770 0.00382
0.14115 0.00325
0.152340 0.00277
0.16334 0.00243
0.17417 0.00223
0.184840 0.0022
0.19537 0.00236
0.20578 0.00271
0.21608 0.00328
0.22629 0.00405
0.23641 0.00506
0.24646 0.00629
0.25645 0.00775
0.26635 0.00944
0.27617 0.01137
0.28585 0.013510
0.29532 0.01585
0.30443 0.01836
0.31297 0.02097
0.32071 0.0236
0.327490 0.0262
0.33328 0.02874
0.33815 0.03121
0.34222 0.033590
0.34636 0.0364
-Inserting Flap s1223rtl-
0.51696 0.13079
0.51622 0.129560
0.51514 0.12777
0.5138 0.12594
0.51211 0.12407
0.50998 0.12205
0.50736 0.1198000
0.504240 0.11731
0.50064 0.11461
0.49667 0.11177
0.49243 0.10886
0.48804 0.10594
0.48355 0.10306
0.47901 0.10024
0.47444 0.0975
0.46983 0.09484
0.46517 0.09227
0.46045 0.08976
0.45563 0.0873
0.45071 0.084870
0.44566 0.08245
0.4405 0.08003
0.435250 0.0776
0.42997 0.07517
0.42472 0.07278
0.41959 0.070460
0.41464 0.06828
0.40995 0.0663
0.405570 0.06456
0.40147 0.0631
0.39758 0.06192
0.393840 0.06099
0.39022 0.06032
0.386690 0.05988
0.38325 0.05968
0.379880 0.0597
0.376610 0.05994
0.37346 0.06038
0.37048 0.060990
0.36773 0.06172
0.365270 0.06253
0.36313 0.06337
0.36131 0.064190
0.35977 0.065
0.35848 0.06579
0.357390 0.06654
0.35646 0.06727
0.35568 0.06797
0.35502 0.068640
0.354470 0.06929
0.35401 0.069920
0.35364 0.070530
0.35336 0.07113
0.35317 0.07173
0.35311 0.07236
0.35326 0.07298
0.35365 0.07353
0.35421 0.074
0.35489 0.07442
0.35569 0.07482
0.35663 0.07524
0.35775 0.07568
0.35908 0.07617
0.36073 0.07673
0.36279 0.07739
0.36542 0.07818
0.368740 0.07911
0.37275 0.08018
0.37728 0.0812900
0.38219 0.082370
0.38741 0.08343
0.39292 0.08448
0.398610 0.08555
0.40438 0.08663
0.410140 0.0877
0.41582 0.08878
0.42141 0.08988
0.4269 0.091
0.43228 0.09217
0.43755 0.093380
0.44273 0.09466
0.44782 0.09601
0.45283 0.09744
0.457760 0.09896
0.46262 0.100570
0.46741 0.10228
0.47214 0.10409
0.4768 0.10601
0.48140 0.10803
0.48593 0.11015
0.490370 0.112360
0.49468 0.11464
0.49880 0.11696
0.50263 0.11926
0.50606 0.12148
0.50904 0.12356
0.511540 0.12549
0.5136 0.127270
0.51529 0.12892
0.51696 0.13079
-Inserting Flap s1223rtl-
0.66052 0.25621
0.6602 0.25481
0.65974 0.25277
0.65905 0.25061
0.65802 0.2483
0.656640 0.24572
0.65486 0.24276
0.65268 0.23941
0.650120 0.23572
0.647240 0.23177
0.64414 0.22768
0.64088 0.22352
0.637530 0.21937
0.6341 0.21527
0.63062 0.21123
0.62709 0.20726
0.62348 0.203350
0.61978 0.19948
0.61599 0.19563
0.61207 0.19178
0.60804 0.1879
0.60391 0.18397
0.59969 0.180010
0.59544 0.17605
0.59121 0.17213
0.58706 0.16831
0.58305 0.16469
0.57923 0.16133
0.57561 0.1583
0.57218 0.15563
0.56886 0.15328
0.5656 0.15123
0.56238 0.14945
0.55917 0.14793
0.555960 0.14665
0.55276 0.14561
0.54958 0.14481
0.54645 0.14423
0.54343 0.14388
0.54059 0.14371
0.538 0.14370
0.53571 0.14382
0.53372 0.14403
0.532 0.14432
0.53053 0.14465
0.52925 0.14503
0.52815 0.14543
0.527190 0.14585
0.52635 0.14628
0.52562 0.146720
0.52499 0.14717
0.52444 0.14764
0.52399 0.1481200
0.52362 0.14863
0.523360 0.14921
0.52331 0.14985
0.52351 0.15049
0.52389 0.15111
0.52441 0.15172
0.52504 0.152360
0.5258 0.15305
0.52672 0.15382
0.5278400 0.1547
0.529220 0.155750
0.53097 0.15702
0.53322 0.1586
0.53608 0.16053
0.53955 0.16281
0.5435 0.16528
0.54781 0.16785
0.55245 0.1705
0.55734 0.17324
0.56241 0.17604
0.56755 0.178870
0.572670 0.18171
0.57773 0.18452
0.58269 0.187320
0.58754 0.19011
0.59228 0.19291
0.59691 0.19572
0.6014200 0.19856
0.60583 0.201450
0.610130 0.20438
0.61434 0.20737
0.61844 0.21043
0.62245 0.21356
0.62637 0.21677
0.63019 0.22005
0.63393 0.22342
0.63756 0.22686
0.64108 0.23035
0.644450 0.23387
0.64763 0.23737
0.65054 0.24075
0.6531 0.24394
0.65527 0.24685
0.65704 0.24947
0.65844 0.251820
0.65952 0.25391
0.66052 0.25621
*.*.Setup: s1223rtl.txt as Flap 1, Inverted: y, Scale = 1.0, AoA = 6.0, Reposition from (0,0) = (0, 0)*.*.
*.*.Setup: s1223rtl.txt as Flap 2, Inverted: y, Scale = 0.5, AoA = 20.0, Reposition from previous T.E. = (0.02, 0.1), Reposition from (0,0) = (1.0145, 0.2045)*.*.
*.*.Setup: s1223rtl.txt as Flap 3, Inverted: y, Scale = 0.5, AoA = 38.333333333333336, Reposition from previous T.E. = (0.02, 0.05), Reposition from (0,0) = (1.5044, 0.4255)*.*.
*.*.Setup: Scale Ratio = 0.34827*.*.