0.37826 -0.005370
0.37748 -0.0062
0.37594 -0.00781
0.373650 -0.010190
0.37074 -0.01316
0.36737 -0.01651
0.36368 -0.02003
0.35982 -0.02351
0.35594 -0.02677
0.35205 -0.02981
0.348150 -0.03266
0.34424 -0.03535
0.34033 -0.03791
0.33642 -0.04038
0.3325 -0.04276
0.32858 -0.04505
0.32466 -0.04726
0.32074 -0.04940
0.316810 -0.05146
0.312880 -0.05346
0.30895 -0.0554
0.30501 -0.05727
0.30108 -0.05908
0.29714 -0.06084
0.2932 -0.06254
0.28926 -0.06417
0.28531 -0.06575
0.28137 -0.06725
0.27742 -0.06869
0.27347 -0.070070
0.26951 -0.0714
0.265560 -0.07268
0.2616 -0.07393
0.25765 -0.07516
0.25369 -0.07635
0.24973 -0.07751
0.24577 -0.07863
0.241810 -0.0797
0.23784 -0.08071
0.23388 -0.08168
0.22991 -0.08259
0.22594 -0.083460
0.22197 -0.08428
0.218 -0.0850500
0.21403 -0.08578
0.21005 -0.08647
0.20607 -0.08713
0.2021 -0.08774
0.19812 -0.08832
0.19414 -0.08886
0.19015 -0.08935
0.18617 -0.08981
0.18219 -0.09021
0.1782 -0.09057
0.17421 -0.09088
0.17022 -0.09115
0.16623 -0.09136
0.16224 -0.09153
0.15824 -0.09165
0.15424 -0.09172
0.15024 -0.09174
0.14624 -0.09171
0.14224 -0.09163
0.13824 -0.09149
0.13423 -0.09130
0.13022 -0.09107
0.12622 -0.0908
0.12221 -0.09049
0.11819 -0.090140
0.11418 -0.08974
0.110170 -0.08929
0.10615 -0.08876
0.10213 -0.08816
0.0981 -0.08746
0.094080 -0.08668
0.09005 -0.0858
0.08601 -0.08483
0.08198 -0.08377
0.07794 -0.08261
0.0739 -0.08135
0.06985 -0.079970
0.0658 -0.07846
0.06174 -0.07678
0.05767 -0.07495
0.05361 -0.07295
0.04953 -0.07079
0.04545 -0.06847
0.04136 -0.06601
0.03727 -0.06338
0.03317 -0.06053
0.02907 -0.05737
0.02494 -0.05383
0.0208 -0.04983
0.01667 -0.045320
0.01269 -0.04045
0.00902 -0.03538
0.005830 -0.03028
0.00328 -0.02534
0.00152 -0.02071
0.00045 -0.012840
0.00114 -0.00982
0.00266 -0.00756
0.00499 -0.00611
0.00797 -0.00537
0.01146 -0.00522
0.01528 -0.0055
0.01928 -0.00609
0.0233 -0.00685
0.027330 -0.00776
0.03137 -0.00881
0.03541 -0.01
0.03945 -0.01131
0.0435 -0.01273
0.04756 -0.01426
0.05161 -0.01588
0.055670 -0.01757
0.05973 -0.019320
0.06379 -0.02111
0.067860 -0.02293
0.07192 -0.02477
0.07598 -0.026620
0.08005 -0.02847
0.084110 -0.0303
0.08817 -0.03211
0.09223 -0.0339
0.0963 -0.03566
0.10036 -0.03739
0.10441 -0.03908
0.10847 -0.04073
0.11253 -0.04235
0.11658 -0.04392
0.12063 -0.04545
0.12468 -0.04693
0.12873 -0.04837
0.13278 -0.04977
0.13683 -0.05111
0.14087 -0.05241
0.14492 -0.05365
0.14896 -0.05485
0.153 -0.055990
0.157030 -0.05708
0.16107 -0.05812
0.1651 -0.05909
0.16913 -0.06002
0.1731600 -0.060880
0.17719 -0.061680
0.18122 -0.06242
0.18524 -0.06309
0.18926 -0.06371
0.19328 -0.06427
0.19729 -0.06478
0.20131 -0.06524
0.205320 -0.06566
0.20934 -0.06603
0.21335 -0.06634
0.217350 -0.066590
0.22136 -0.06677
0.22536 -0.06688
0.22936 -0.06691
0.23336 -0.06687
0.23736 -0.06675
0.24135 -0.066560
0.24534 -0.0663
0.249330 -0.06597
0.25331 -0.06556
0.25729 -0.06508
0.2612700 -0.06451
0.26525 -0.06387
0.26923 -0.063140
0.2732 -0.06233
0.27716 -0.06144
0.28113 -0.06045
0.28509 -0.05937
0.289050 -0.05821
0.293 -0.05694
0.29696 -0.05557
0.3009 -0.0541
0.30485 -0.05252
0.30879 -0.05084
0.31273 -0.04906
0.31666 -0.047190
0.32059 -0.045230
0.32452 -0.04319
0.32844 -0.04107
0.33237 -0.03888
0.33629 -0.03661
0.3402 -0.034260
0.34412 -0.03183
0.34803 -0.02931
0.35194 -0.02668
0.35584 -0.023910
0.35974 -0.02098
0.3636 -0.01791
0.36731 -0.01484
0.3707 -0.01194
0.37362 -0.00938
0.37592 -0.00734
0.37748 -0.00596
0.37826 -0.005370
-Inserting Flap Ga2-
0.51881 0.08685
0.51867 0.08642
0.51838 0.08558
0.51795 0.08433
0.5174 0.08276
0.51674 0.08097
0.516 0.07907
0.51519 0.07716
0.51434 0.07532
0.51344 0.07356
0.512510 0.071870
0.51154 0.07024
0.51056 0.06865
0.50956 0.06709
0.50854 0.06557
0.50751 0.06407
0.506460 0.0626100
0.50540 0.06117
0.50432 0.05976
0.503240 0.05837
0.50214 0.057
0.50103 0.05566
0.49991 0.05434
0.49878 0.05303
0.49764 0.05175
0.49648 0.05049
0.49532 0.04926
0.49414 0.048040
0.49296 0.04685
0.49176 0.04568
0.49055 0.04454
0.48933 0.0434
0.48811 0.04228
0.48688 0.04117
0.48565 0.04006
0.48441 0.03897
0.483160 0.0379
0.48191 0.03684
0.48064 0.0358
0.47937 0.03478
0.47808 0.03378
0.47679 0.0328
0.47549 0.03183
0.47418 0.03088
0.47286 0.029940
0.47154 0.02902
0.47021 0.02811
0.46887 0.02721
0.46753 0.02633
0.46617 0.02546
0.46481 0.02461
0.46345 0.02377
0.46207 0.02295
0.46069 0.02215
0.45929 0.02136
0.45789 0.02059
0.45648 0.01984
0.45506 0.0191
0.45363 0.01838
0.4522 0.01768
0.45075 0.017
0.44929 0.01633
0.44783 0.01569
0.44635 0.01506
0.44487 0.01445
0.44338 0.01386
0.44188 0.01328
0.44037 0.01271
0.43886 0.01216
0.43734 0.01163
0.43581 0.01111
0.43426 0.01062
0.4327 0.01016
0.43112 0.00973
0.42953 0.00934
0.42792 0.00898
0.4263 0.00865
0.42465 0.00835
0.42299 0.00808
0.42132 0.00786
0.419610 0.00767
0.41789 0.00754
0.41614 0.007460
0.41435 0.00744
0.41254 0.00747
0.4107 0.00757
0.40883 0.00772
0.40693 0.00792
0.405 0.00818
0.40303 0.00852
0.40101 0.00897
0.39892 0.0095600
0.39674 0.010310
0.39448 0.01125
0.39221 0.01234
0.39002 0.01356
0.38801 0.01487
0.386250 0.016230
0.38483 0.01761
0.38311 0.02028
0.38285 0.02149
0.38302 0.02257
0.38361 0.02349
0.38457 0.02426
0.38581 0.0249
0.38724 0.02545
0.388790 0.02591
0.39038 0.02631
0.39199 0.02667
0.39364 0.02697
0.3953 0.02722
0.39699 0.02743
0.3987 0.0276
0.40043 0.02773
0.40217 0.02783
0.40393 0.0279
0.40569 0.02795
0.40747 0.02799
0.40925 0.02802
0.41103 0.02804
0.41282 0.02805
0.41461 0.028070
0.416390 0.02809
0.41817 0.028120
0.41994 0.02816
0.42171 0.028210
0.42347 0.02827
0.42523 0.02834
0.426980 0.028430
0.42873 0.02853
0.43046 0.028640
0.432190 0.02877
0.43391 0.02892
0.43562 0.02908
0.43732 0.02926
0.43902 0.02946
0.4407 0.02967
0.44238 0.02991
0.44405 0.03015
0.4457 0.030420
0.44735 0.03071
0.44899 0.03102
0.45062 0.03134
0.45223 0.03169
0.45384 0.03206
0.45544 0.03245
0.45702 0.032860
0.45859 0.0333
0.46015 0.03376
0.46171 0.03423
0.46325 0.03473
0.46478 0.03524
0.46631 0.03576
0.46783 0.03631
0.46933 0.03687
0.47083 0.03746
0.47231 0.03807
0.47378 0.03871
0.47523 0.03938
0.47668 0.04007
0.4781 0.04078
0.47952 0.041530
0.48092 0.0423
0.48231 0.04309
0.48369 0.043910
0.48505 0.04476
0.4864 0.04564
0.48773 0.04654
0.48905 0.04748
0.49035 0.04844
0.49164 0.04944
0.49291 0.050470
0.49416 0.05153
0.4954 0.05262
0.49662 0.05375
0.49782 0.05491
0.499 0.056110
0.50017 0.057350
0.50131 0.05863
0.50244 0.05994
0.503550 0.06128
0.50464 0.06266
0.50572 0.06406
0.50679 0.06549
0.50784 0.06695
0.50887 0.06844
0.5099 0.069950
0.51091 0.07149
0.5119 0.07306
0.51287 0.07468
0.51382 0.07634
0.51473 0.07806
0.51562 0.07983
0.51644 0.08157
0.51718 0.08320
0.51781 0.08462
0.5183 0.08575
0.51862 0.08651
0.51881 0.08685
-Inserting Flap Ga2-
0.608260 0.2187
0.60826 0.21825
0.60825 0.21735
0.60823 0.216030
0.60818 0.214370
0.60811 0.21247
0.60799 0.210430
0.60781 0.20836
0.60757 0.20635
0.60726 0.2044
0.60689 0.2025
0.606490 0.20065
0.60604 0.19883
0.60557 0.19704
0.60507 0.19528
0.604550 0.19354
0.60401 0.19182
0.60344 0.19013
0.60286 0.18845
0.60225 0.18679
0.60163 0.18516
0.60099 0.18354
0.60033 0.18193
0.59966 0.18034
0.598970 0.17877
0.598260 0.17722
0.59754 0.17568
0.59679 0.17416
0.59603 0.17267
0.59525 0.17118
0.59446 0.16972
0.59365 0.16826
0.59284 0.16682
0.59201 0.16538
0.59118 0.16395
0.59034 0.16253
0.58949 0.16113
0.588620 0.15973
0.58774 0.15835
0.586840 0.15699
0.58593 0.15564
0.585 0.1543
0.58406 0.15298
0.58311 0.15167
0.58215 0.15037
0.58118 0.14909
0.58019 0.14781
0.57919 0.14655
0.57819 0.14529
0.57717 0.14405
0.57614 0.14282
0.5751 0.1416
0.574040 0.14039
0.57298 0.1392
0.57189 0.13802
0.5708 0.13685
0.56969 0.1357
0.56857 0.13456
0.56743 0.13344
0.56628 0.13233
0.56512 0.13123
0.56394 0.13015
0.56274 0.129080
0.56154 0.12803
0.560310 0.12699
0.559080 0.12596
0.55783 0.12495
0.55657 0.12395
0.55530 0.12296
0.55402 0.121980
0.55272 0.12101
0.55141 0.12007
0.55006 0.11915
0.5487 0.11826
0.54730 0.11739
0.54589 0.11655
0.54444 0.11573
0.542970 0.11494
0.54147 0.11418
0.539950 0.11344
0.53839 0.11274
0.53679 0.11208
0.53515 0.11146
0.53346 0.11089
0.53172 0.11036
0.52994 0.10989
0.52811 0.10945
0.52624 0.10906
0.52433 0.10871
0.52235 0.10842
0.52029 0.10823
0.51812 0.10814
0.51582 0.10818
0.513380 0.10837
0.51088 0.108710
0.50843 0.10919
0.5061 0.10981
0.50401 0.11057
0.50223 0.11144
0.49977 0.11345
0.49915 0.11452
0.49898 0.1156
0.49926 0.11666
0.49994 0.11768
0.50091 0.11868
0.50211 0.11964
0.50344 0.12056
0.50482 0.12144
0.50625 0.12227
0.50772 0.1230600
0.50922 0.1238200
0.510760 0.12454
0.51234 0.12522
0.51394 0.12588
0.51557 0.12652
0.51722 0.12713
0.51888 0.12772
0.52056 0.12831
0.52224 0.12888
0.52394 0.12945
0.525630 0.13002
0.52732 0.13059
0.52901 0.13116
0.53069 0.13174
0.53237 0.13233
0.53404 0.132920
0.53569 0.13352
0.53734 0.13413
0.53898 0.13476
0.54061 0.13539
0.54222 0.136040
0.54383 0.13669
0.54542 0.13737
0.54699 0.13805
0.54856 0.138750
0.550110 0.13946
0.55165 0.14018
0.55317 0.14092
0.55468 0.14167
0.55617 0.14244
0.55765 0.14322
0.55911 0.14402
0.56056 0.14483
0.56199 0.14566
0.5634 0.14651
0.56480 0.147380
0.566180 0.14826
0.56754 0.14916
0.56888 0.15007
0.57021 0.15101
0.57153 0.15195
0.572830 0.15291
0.574120 0.15389
0.57539 0.154870
0.57665 0.15587
0.57789 0.15689
0.57911 0.15793
0.58031 0.159
0.58149 0.160080
0.58265 0.161180
0.58378 0.16231
0.58490 0.16345
0.586 0.16461
0.587070 0.1658
0.58813 0.16701
0.58916 0.16823
0.59017 0.16948
0.59116 0.17076
0.59212 0.17205
0.59306 0.173370
0.593980 0.174720
0.59487 0.17609
0.59574 0.17748
0.596570 0.17891
0.59739 0.18036
0.598170 0.181830
0.59892 0.183340
0.59965 0.184880
0.60034 0.18645
0.60101 0.18804
0.60165 0.18966
0.60226 0.191310
0.60286 0.19297
0.60343 0.19467
0.60397 0.19638
0.6045 0.19811
0.60501 0.19987
0.60549 0.20164
0.60595 0.20345
0.60637 0.20528
0.60676 0.20716
0.6071 0.20908
0.60739 0.21103
0.60764 0.212940
0.60784 0.21472
0.608 0.21626
0.60811 0.21749
0.60819 0.21831
0.608260 0.2187
*.*.Setup: Ga2.txt as Flap 1, Inverted: y, Scale = 1.0, AoA = 2.0, Reposition from (0,0) = (0, 0)*.*.
*.*.Setup: Ga2.txt as Flap 2, Inverted: y, Scale = 0.4, AoA = 27.0, Reposition from previous T.E. = (0.0067, 0.08), Reposition from (0,0) = (1.0078, 0.0658)*.*.
*.*.Setup: Ga2.txt as Flap 3, Inverted: y, Scale = 0.4, AoA = 45.0, Reposition from previous T.E. = (-0.06, 0.08), Reposition from (0,0) = (1.3131, 0.3099)*.*.
*.*.Setup: Scale Ratio = 0.37784*.*.