0.35644 0.03746
0.354350 0.03538
0.3513 0.03234
0.34772 0.02935
0.3434 0.02646
0.338150 0.023490
0.33181 0.02031
0.32432 0.01688
0.31580 0.01328
0.306450 0.00958
0.29654 0.00588
0.28631 0.00224
0.275910 -0.001280
0.26544 -0.00465
0.25494 -0.00785
0.24442 -0.010860
0.23384 -0.01368
0.22316 -0.01634
0.2123200 -0.01885
0.20127 -0.02125
0.18999 -0.02357
0.17847 -0.02584
0.16678 -0.02808
0.15502 -0.03030
0.14336 -0.03247
0.13194 -0.03453
0.12097 -0.03642
0.11062 -0.03805
0.10101 -0.03933
0.09209 -0.0402
0.08373 -0.04063
0.07581 -0.04062
0.06825 -0.04016
0.06099 -0.03928
0.054 -0.03796
0.04729 -0.03624
0.040880 -0.03414
0.03481 -0.0317
0.02916 -0.029
0.02403 -0.02616
0.01952 -0.023320
0.01567 -0.02059
0.01244 -0.01803
0.00977 -0.01565
0.00758 -0.01344
0.005770 -0.01139
0.00429 -0.009470
0.00308 -0.00769
0.0021 -0.00602
0.00132 -0.004450
0.00072 -0.00296
0.00029 -0.00155
0.000055 -0.00022
-6e-05 0.00108
0.00013 0.00237
0.00074 0.00354
0.00179 0.00444
0.003140 0.00509
0.00471 0.005590
0.00652 0.006
0.0086 0.00636
0.01105 0.00669
0.01396 0.007
0.01752 0.0073
0.02196 0.007590
0.02761 0.00785
0.03471 0.00807
0.04326 0.00820
0.05285 0.00815
0.06318 0.00787
0.07415 0.00738
0.08568 0.00675
0.09757 0.00605
0.10963 0.00532
0.12166 0.0046
0.133550 0.00393
0.14525 0.00334
0.156770 0.00286
0.16809 0.0025
0.17924 0.0023
0.190220 0.00227
0.20106 0.00243
0.21177 0.00279
0.22237 0.00337
0.23287 0.00417
0.24329 0.0052
0.25363 0.00647
0.26391 0.00798
0.2741 0.00972
0.28421 0.0117
0.29417 0.01390
0.30391 0.01631
0.31328 0.01889
0.32208 0.02158
0.33005 0.02429
0.337020 0.02697
0.34298 0.02958
0.34799 0.03212
0.35218 0.034560
0.35644 0.03746
-Inserting Flap s1223rtl-
0.51163 0.14498
0.5111 0.14361
0.51033 0.1416
0.5093 0.13951
0.50791 0.13731
0.50612 0.13488
0.50387 0.13214
0.50115 0.12905
0.49799 0.12567
0.49447 0.12208
0.4907 0.11838
0.48676 0.11463
0.48273 0.11091
0.47863 0.10724
0.47449 0.103650
0.47029 0.10013
0.46603 0.09669
0.46169 0.0933
0.45725 0.08995
0.4527 0.08661
0.44801 0.08325
0.44321 0.07988
0.43833 0.07647
0.43341 0.07307
0.42852 0.06971
0.42373 0.06644
0.4191 0.06335
0.41471 0.0605
0.41058 0.05796
0.40668 0.05575
0.402950 0.05385
0.39933 0.052250
0.395780 0.05092
0.39228 0.04985
0.38883 0.04902
0.38541 0.04845
0.38205 0.0481
0.37879 0.04798
0.37566 0.048070
0.37274 0.04832
0.3701 0.0487
0.36778 0.04916
0.36579 0.04968
0.36409 0.05022
0.36263 0.05078
0.36139 0.05136
0.360330 0.05193
0.35941 0.0525
0.35862 0.053060
0.35795 0.05362
0.35737 0.05418
0.35689 0.05473
0.35649 0.05529
0.35619 0.05586
0.35602 0.05649
0.35606 0.05715
0.35636 0.05778
0.35684 0.05835
0.35746 0.05889
0.3582 0.05945
0.359080 0.06004
0.36012 0.06069
0.36139 0.06142
0.36296 0.06228
0.36493 0.06332
0.36745 0.06458
0.37065 0.06613
0.37453 0.067920
0.37892 0.06986
0.3837 0.07183
0.38881 0.07384
0.3942 0.07589
0.39977 0.07799
0.40543 0.08011
0.41107 0.082230
0.41664 0.08434
0.42211 0.086450
0.42747 0.08857
0.43271 0.09071
0.43784 0.092880
0.44286 0.0951
0.44778 0.097380
0.4526 0.09973
0.457330 0.10215
0.461960 0.10465
0.46651 0.107240
0.47098 0.10992
0.47536 0.1127
0.47967 0.11557
0.48388 0.11852
0.48798 0.12156
0.49194 0.12464
0.4957 0.12772
0.49917 0.13074
0.50225 0.1336
0.5049 0.13624
0.50709 0.13865
0.50886 0.14082
0.51028 0.14279
0.51163 0.14498
-Inserting Flap s1223rtl-
0.65937 0.27943
0.659040 0.27799
0.65857 0.27589
0.657860 0.27367
0.6568 0.27129
0.65538 0.26863
0.65355 0.26559
0.65130 0.26214
0.64866 0.25834
0.6457 0.25428
0.64251 0.25007
0.63916 0.24579
0.63571 0.24152
0.6321900 0.2373
0.62861 0.23314
0.62496 0.22906
0.62125 0.225030
0.61745 0.22105
0.61354 0.21709
0.60952 0.21313
0.60537 0.20913
0.601110 0.20509
0.59677 0.201020
0.5924 0.19694
0.58805 0.1929
0.58378 0.18898
0.57965 0.18524
0.57571 0.18179
0.57199 0.17868
0.56846 0.17592
0.56504 0.17351
0.56169 0.17139
0.558370 0.16956
0.55507 0.168
0.55177 0.16668
0.54847 0.16561
0.5452 0.16479
0.54198 0.1642
0.53887 0.16383
0.53595 0.16366
0.53328 0.163650
0.53093 0.16377
0.52888 0.16399
0.52711 0.16428
0.5256 0.16463
0.52428 0.16501
0.52315 0.16543
0.52216 0.16586
0.5213 0.1663
0.52055 0.166750
0.5199 0.16722
0.51934 0.1677
0.51887 0.16819
0.51848 0.16872
0.51822 0.16931
0.51817 0.169970
0.51837 0.17064
0.51877 0.17127
0.51930 0.1719
0.51995 0.172560
0.52074 0.173270
0.52168 0.17406
0.52283 0.17497
0.52425 0.176050
0.52605 0.17736
0.528360 0.17898
0.53131 0.18097
0.53488 0.18331
0.53895 0.18586
0.54339 0.1885
0.54815 0.19123
0.55319 0.19404
0.5584 0.196930
0.56369 0.1998500
0.56897 0.20276
0.57417 0.20566
0.57927 0.208540
0.58427 0.21141
0.58915 0.21429
0.59391 0.21718
0.59856 0.22011
0.60309 0.223070
0.60752 0.22609
0.61184 0.22917
0.61607 0.23232
0.62019 0.23554
0.62422 0.23884
0.62816 0.24222
0.6320 0.24569
0.63574 0.24922
0.63936 0.25282
0.64283 0.25644
0.64610 0.26004
0.6491 0.26353
0.65174 0.2668
0.65397 0.2698
0.655790 0.2725
0.65723 0.274910
0.65835 0.27706
0.65937 0.27943
*.*.Setup: s1223rtl.txt as Flap 1, Inverted: y, Scale = 1.0, AoA = 6.0, Reposition from (0,0) = (0, 0)*.*.
*.*.Setup: s1223rtl.txt as Flap 2, Inverted: y, Scale = 0.5, AoA = 30.0, Reposition from previous T.E. = (0.0, 0.05), Reposition from (0,0) = (0.9945, 0.1545)*.*.
*.*.Setup: s1223rtl.txt as Flap 3, Inverted: y, Scale = 0.5, AoA = 38.333333333333336, Reposition from previous T.E. = (0.02, 0.065), Reposition from (0,0) = (1.4475, 0.4695)*.*.
*.*.Setup: Scale Ratio = 0.3584*.*.