0.36194 -0.03048
0.36115 -0.031220
0.35956 -0.03266
0.357210 -0.03479
0.35423 -0.03744
0.350770 -0.04042
0.347 -0.04354
0.34308 -0.04662
0.33914 -0.049480
0.3352 -0.05213
0.33128 -0.0546
0.32736 -0.056910
0.32344 -0.059110
0.31953 -0.06121
0.31562 -0.06322
0.31171 -0.06516
0.3078 -0.06701
0.3039 -0.0688
0.3 -0.07051
0.2961 -0.07216
0.29221 -0.07375
0.28832 -0.07528
0.28442 -0.07676
0.28053 -0.07817
0.27665 -0.07954
0.27276 -0.08084
0.26888 -0.08208
0.265 -0.08326
0.26112 -0.08438
0.25724 -0.08543
0.25337 -0.08644
0.24949 -0.0874
0.24562 -0.08834
0.24175 -0.08925
0.23788 -0.09013
0.23401 -0.09097
0.23014 -0.09177
0.22627 -0.09253
0.22241 -0.09324
0.21855 -0.0939
0.21468 -0.09451
0.21082 -0.09507
0.20697 -0.09559
0.20311 -0.09607
0.19925 -0.0965
0.1954 -0.09690
0.191550 -0.09725
0.1877 -0.09758
0.18385 -0.09786
0.18 -0.09811
0.17615 -0.09832
0.17231 -0.09849
0.16846 -0.09861
0.16462 -0.098690
0.16078 -0.09872
0.15694 -0.09871
0.1531 -0.09864
0.14926 -0.09854
0.14543 -0.09838
0.1416 -0.09818
0.13776 -0.09794
0.13393 -0.09764
0.13011 -0.09729
0.12628 -0.09689
0.12246 -0.09644
0.11863 -0.09595
0.11481 -0.09542
0.11099 -0.09486
0.10717 -0.0942500
0.10336 -0.0936
0.09954 -0.0929
0.09573 -0.09213
0.09192 -0.09128
0.08811 -0.09035
0.0843 -0.08932
0.0805 -0.08821
0.07671 -0.087010
0.07291 -0.08572
0.06912 -0.08435
0.06533 -0.08287
0.06155 -0.081280
0.05777 -0.07955
0.05399 -0.07768
0.05022 -0.07565
0.046460 -0.07346
0.0427 -0.07112
0.03895 -0.06863
0.0352 -0.06599
0.03146 -0.0632
0.02772 -0.0602
0.024 -0.05690
0.02029 -0.05323
0.01659 -0.04912
0.01293 -0.04453
0.00945 -0.039590
0.00627 -0.03449
0.00356 -0.02939
0.00145 -0.02449
7e-05 -0.01993
-0.00043 -0.012330
0.00044 -0.00949
0.00205 -0.00742
0.00437 -0.00618
0.00728 -0.00568
0.01063 -0.00577
0.01427 -0.0063
0.01806 -0.00712
0.02186 -0.008120
0.02566 -0.00926
0.02946 -0.01054
0.03325 -0.01195
0.03703 -0.01347
0.04082 -0.01511
0.0446 -0.01685
0.04837 -0.01867
0.05215 -0.020560
0.05592 -0.0225
0.05969 -0.02449
0.06346 -0.02651
0.06723 -0.02855
0.071 -0.03059
0.07476 -0.032630
0.07853 -0.03466
0.0823 -0.03666
0.08607 -0.03865
0.08985 -0.0406
0.09362 -0.04253
0.09739 -0.04442
0.10117 -0.04628
0.10494 -0.0481
0.10872 -0.04988
0.1125 -0.05161
0.11628 -0.05331
0.12007 -0.05496
0.12385 -0.05656
0.12763 -0.05812
0.13142 -0.05963
0.13521 -0.06110
0.139 -0.06251
0.14279 -0.06388
0.14659 -0.06519
0.15038 -0.06645
0.15418 -0.06766
0.15798 -0.06881
0.16178 -0.06991
0.16559 -0.07094
0.169390 -0.07192
0.1732 -0.07284
0.17701 -0.0737
0.18082 -0.074510
0.18464 -0.07526
0.18845 -0.07598
0.19227 -0.07665
0.19609 -0.07727
0.19991 -0.07784
0.20373 -0.07834
0.20755 -0.07878
0.21138 -0.07915
0.21521 -0.07945
0.21904 -0.079680
0.22288 -0.07983
0.22671 -0.07992
0.23055 -0.079940
0.23439 -0.0798900
0.238240 -0.07976
0.24209 -0.079570
0.24594 -0.07929
0.24979 -0.07894
0.25364 -0.07851
0.2575 -0.078
0.26136 -0.07741
0.26522 -0.07673
0.26909 -0.07596
0.27296 -0.07511
0.27683 -0.07416
0.28071 -0.07312
0.28459 -0.07197
0.28847 -0.07072
0.29236 -0.06938
0.2962500 -0.06794
0.30015 -0.06641
0.30404 -0.0648
0.30794 -0.06311
0.31184 -0.06134
0.31575 -0.0595
0.31965 -0.05759
0.323560 -0.0556
0.32747 -0.05354
0.33139 -0.05139
0.33531 -0.04913
0.33923 -0.04673
0.34316 -0.04419
0.34707 -0.04151
0.35082 -0.03882
0.35427 -0.03626
0.35724 -0.03401
0.35958 -0.03221
0.36116 -0.03099
0.36194 -0.03048
-Inserting Flap Ga2-
0.47911 0.065770
0.47902 0.065350
0.47881 0.06451
0.47851 0.06328
0.478110 0.061740
0.47763 0.05997
0.47708 0.05809
0.47647 0.0562
0.4758 0.05437
0.47509 0.052610
0.47434 0.05091
0.47356 0.0492700
0.47275 0.04766
0.471920 0.04609
0.47107 0.04455
0.47021 0.04303
0.46933 0.04154
0.46844 0.04008
0.46753 0.03864
0.4666 0.03722
0.46567 0.03582
0.46472 0.03444
0.46376 0.03308
0.46278 0.03174
0.4618 0.03042
0.4608 0.02912
0.45979 0.02784
0.45877 0.02658
0.45773 0.02534
0.456680 0.02413
0.45562 0.02293
0.45456 0.02174
0.45348 0.02056
0.45240 0.0194
0.45131 0.01824
0.45022 0.01709
0.44912 0.01596
0.4480 0.01484
0.44688 0.013750
0.44575 0.01266
0.4446 0.0116
0.44345 0.01055
0.44228 0.00951
0.44111 0.00849
0.43993 0.00749
0.43874 0.00649
0.43754 0.00551
0.43634 0.00454
0.43513 0.00359
0.43391 0.00264
0.43268 0.00171
0.43144 0.0008
0.43019 -0.0001
0.42893 -0.00099
0.42767 -0.00186
0.42639 -0.00271
0.4251 -0.00355
0.42381 -0.00437
0.4225 -0.00518
0.42119 -0.00597
0.41986 -0.006740
0.41852 -0.0075
0.41718 -0.00824
0.41582 -0.00897
0.41445 -0.00967
0.413070 -0.01037
0.41169 -0.01105
0.41029 -0.01171
0.40889 -0.01237
0.40748 -0.013
0.40606 -0.01362
0.40462 -0.01422
0.40317 -0.01479
0.4017 -0.01533
0.40021 -0.01585
0.3987 -0.01633
0.39717 -0.016780
0.39562 -0.0172
0.39406 -0.01759
0.39247 -0.01795
0.39086 -0.01827
0.38922 -0.01854
0.38755 -0.01877
0.38585 -0.01894
0.38411 -0.01905
0.382340 -0.019120
0.38054 -0.01913
0.3787 -0.01909
0.37684 -0.01901
0.37493 -0.01884
0.37295 -0.01858
0.3709 -0.01820
0.36876 -0.01766
0.36652 -0.01695
0.36426 -0.0161
0.36206 -0.01512
0.36002 -0.01403
0.35823 -0.0128800
0.35675 -0.01168
0.35489 -0.00927
0.35454 -0.00813
0.35461 -0.00708
0.3551 -0.00616
0.35595 -0.00534
0.357080 -0.00462
0.35841 -0.00398
0.35985 -0.0034
0.36134 -0.00288
0.36285 -0.00241
0.3644 -0.00199
0.36597 -0.001610
0.36756 -0.00127
0.36919 -0.00096
0.37083 -0.00069
0.37249 -0.00045
0.374160 -0.000240
0.37585 -4e-05
0.377540 0.00015
0.37924 0.00032
0.380950 0.00049
0.38266 0.00065
0.38436 0.00082
0.38606 0.00099
0.38776 0.00117
0.38946 0.00135
0.391150 0.001550
0.39283 0.00175
0.3945 0.00197
0.39617 0.0022
0.39783 0.002440
0.39948 0.0027
0.40112 0.00297
0.40275 0.003250
0.40438 0.00355
0.40599 0.003860
0.4076 0.00419
0.40919 0.00454
0.41077 0.0049
0.41235 0.00528
0.41391 0.00567
0.41546 0.006090
0.417 0.00652
0.41853 0.00697
0.42005 0.00744
0.42156 0.00792
0.42305 0.00843
0.42453 0.00896
0.426 0.0095
0.427450 0.01007
0.4289 0.01066
0.43033 0.01126
0.43176 0.01188
0.43317 0.01251
0.43458 0.013150
0.43597 0.01382
0.43735 0.01451
0.43872 0.01522
0.44007 0.01595
0.44141 0.01671
0.44273 0.01749
0.44404 0.0183
0.44533 0.01913
0.4466 0.01998
0.44787 0.02086
0.44911 0.02176
0.45035 0.022680
0.45156 0.02363
0.45276 0.02461
0.45394 0.02562
0.45511 0.02665
0.45626 0.02771
0.45739 0.0288
0.4585 0.02992
0.45959 0.031070
0.46066 0.03225
0.46171 0.03346
0.46274 0.03471
0.46375 0.03599
0.46474 0.03731
0.46571 0.03865
0.46666 0.04003
0.46759 0.041440
0.4685 0.04287
0.4694 0.04433
0.470280 0.04581
0.47115 0.04732
0.4720 0.04885
0.47284 0.05041
0.47366 0.052
0.47445 0.05363
0.47522 0.0553
0.47595 0.05702
0.47665 0.05878
0.47729 0.06052
0.47786 0.06213
0.478340 0.06355
0.47872 0.06467
0.47897 0.06542
0.47911 0.065770
-Inserting Flap Ga2-
0.60128 0.18873
0.60128 0.1883
0.60127 0.18744
0.60125 0.18617
0.60121 0.18458
0.60114000 0.18275
0.60102 0.1808
0.60085 0.17881
0.60062 0.17688
0.60032 0.175
0.59997 0.17318
0.59958 0.1714
0.599150 0.16966
0.5987 0.16794
0.59822 0.16625
0.59772 0.16458
0.5972 0.16293
0.59665 0.1613
0.59609 0.159690
0.59551 0.1581
0.59491 0.156530
0.59430 0.15497
0.59367 0.15343
0.59302 0.15191
0.59236 0.1504
0.59168 0.14891
0.59099 0.14743
0.59027 0.14597
0.58954 0.14454
0.58879 0.14311
0.58803 0.141700
0.58726 0.140310
0.58647 0.13892
0.58568 0.137540
0.58488 0.13617
0.58407 0.13481
0.58325 0.13345
0.58242 0.13212
0.58157 0.13079
0.58071 0.12948
0.57984 0.12819
0.57895 0.1269
0.57805 0.12563
0.57714 0.12438
0.576210 0.12313
0.57528 0.12189
0.57433 0.12067
0.57337 0.11946
0.57241 0.11825
0.57143 0.11706
0.57044 0.11587
0.56944 0.1147
0.56843 0.11355
0.5674 0.1124
0.56636 0.11127
0.56531 0.11015
0.56425 0.10904
0.56317 0.10795
0.56208 0.10687
0.56097 0.1058
0.55986 0.10475
0.55872 0.10371
0.557580 0.10269
0.55642 0.10168
0.55524 0.10068
0.55406 0.0996900
0.55286 0.09872
0.55165 0.09776
0.55043 0.09681
0.5492 0.09587
0.54796 0.09494
0.54669 0.09404
0.5454 0.09315
0.54409 0.09229
0.54275 0.09146
0.541390 0.09065
0.54 0.08987
0.53859 0.08911
0.53716 0.08837
0.53569 0.08767
0.53419 0.087
0.53266 0.086360
0.53108 0.08577
0.52946 0.08522
0.52779 0.08472
0.52608 0.08426
0.52433 0.08384
0.52253 0.083460
0.5207 0.083130
0.5188 0.08285
0.51682 0.08266
0.51473 0.082580
0.51252 0.08262
0.51018 0.0828
0.50778 0.08313
0.505420 0.08359
0.50319 0.08419
0.50118 0.08491
0.49948 0.08575
0.49711 0.08768
0.49652 0.0887
0.49635 0.08974
0.49662 0.09076
0.49727 0.09174
0.49821 0.0927
0.49936 0.09362
0.50063 0.0945
0.50196 0.09535
0.50333 0.09615
0.50474 0.09691
0.50619 0.09763
0.50767 0.09832
0.50918 0.098980
0.51072 0.09961
0.51228 0.10022
0.51386 0.100810
0.51546 0.10138
0.51707 0.10195
0.51869 0.1025
0.52031 0.10304
0.52194 0.10359
0.52357 0.10414
0.52519 0.10469
0.5268 0.10524
0.52841 0.1058
0.53001 0.10637
0.53161 0.1069500
0.53319 0.107540
0.53476 0.10814
0.53632 0.10874
0.53787 0.10936
0.53941 0.11
0.54094 0.11064
0.54246 0.1113
0.54396 0.11197
0.54545 0.11265
0.54692 0.11334
0.54838 0.11405
0.54983 0.114780
0.55127 0.11551
0.552680 0.11626
0.55409 0.11703
0.55548 0.117810
0.55685 0.11861
0.55821 0.119420
0.55955 0.12025
0.56088 0.1211
0.56218 0.12196
0.56347 0.12284
0.56475 0.12374
0.56601 0.12465
0.56726 0.12557
0.5685 0.1265
0.56972 0.12745
0.57093 0.128410
0.57212 0.129390
0.57329 0.13039
0.574440 0.13141
0.57558 0.13245
0.57669 0.13351
0.57778 0.13459
0.57885 0.13569
0.5799 0.1368
0.58094 0.13794
0.58195 0.1391
0.58294 0.14028
0.58391 0.141480
0.58486 0.14270
0.58579 0.14395
0.58669 0.14522
0.58757 0.14651
0.58842 0.14782
0.58926 0.14916
0.59006 0.15053
0.59084 0.15192
0.59159 0.15334
0.592320 0.15479
0.59301 0.15626
0.593680 0.15777
0.59432 0.1593
0.59493 0.16085
0.59552 0.16243
0.59609 0.16404
0.59664 0.16566
0.59717 0.1673
0.59767 0.16897
0.59816 0.17065
0.59862 0.17236
0.59906 0.17409
0.59947 0.17585
0.59984 0.17766
0.60017 0.1795
0.60045 0.18137
0.60068 0.18321
0.60088 0.18491
0.60103 0.18639
0.60114 0.18757
0.60121 0.18836
0.60128 0.18873
*.*.Setup: Ga2.txt as Flap 1, Inverted: y, Scale = 1.0, AoA = -2.0, Reposition from (0,0) = (0, 0)*.*.
*.*.Setup: Ga2.txt as Flap 2, Inverted: y, Scale = 0.4, AoA = 32.0, Reposition from previous T.E. = (-0.0267, 0.07), Reposition from (0,0) = (0.971, -0.014)*.*.
*.*.Setup: Ga2.txt as Flap 3, Inverted: y, Scale = 0.4, AoA = 45.0, Reposition from previous T.E. = (0.04, 0.07), Reposition from (0,0) = (1.3606, 0.2513)*.*.
*.*.Setup: Scale Ratio = 0.36279*.*.