0.3815500000 -0.01875
0.38075 -0.01956
0.37913 -0.02113
0.37674 -0.02345
0.3737 -0.02635
0.37017 -0.02961
0.36632 -0.03303
0.36231 -0.03641
0.35828 -0.03956
0.354240 -0.04249
0.35021 -0.04523
0.34617 -0.04781
0.34213 -0.05026
0.3381 -0.05261
0.33406 -0.05487
0.33003 -0.05704
0.32599 -0.05914
0.32195 -0.06116
0.31792 -0.0631
0.31388 -0.06498
0.30984 -0.0668
0.30581 -0.06855
0.30177 -0.07024
0.29774 -0.07187
0.2937 -0.073450
0.28966 -0.07496
0.285630 -0.07641
0.28159 -0.07779
0.27755 -0.0791
0.27352 -0.08035
0.26948 -0.08155
0.26545 -0.08271
0.261410 -0.08384
0.25737 -0.08493
0.25334 -0.0860
0.2493 -0.08703
0.24527 -0.08801
0.24123 -0.08895
0.237190 -0.08984
0.23316 -0.090670
0.22912 -0.09145
0.22508 -0.09219
0.22105 -0.09288
0.21701 -0.09352
0.21298 -0.09412
0.20894 -0.09468
0.2049 -0.09519
0.20087 -0.09567
0.19683 -0.09611
0.19279 -0.09652
0.18876 -0.09688
0.18472 -0.09719
0.18069 -0.09747
0.17665 -0.09769
0.17261 -0.09786
0.16858 -0.09799
0.16454 -0.09806
0.16051 -0.09809
0.15647 -0.09807
0.15243 -0.098
0.1484 -0.09788
0.144360 -0.09771
0.14032 -0.09748
0.13629 -0.09721
0.13225 -0.09688
0.12822 -0.0965
0.12418 -0.09608
0.120140 -0.09563
0.11611 -0.09513
0.11207 -0.09459
0.10804 -0.09399
0.104 -0.093320
0.09996 -0.092570
0.095930 -0.09173
0.09189 -0.09079
0.08785 -0.08976
0.08382 -0.08864
0.07978 -0.08743
0.07575 -0.08612
0.07171 -0.08471
0.06767 -0.08317
0.06364 -0.0815
0.0596 -0.0796700
0.05556 -0.07767
0.05153 -0.0755100
0.04749 -0.073190
0.04346 -0.07071
0.03942 -0.06807
0.03538 -0.06528
0.03135 -0.06226
0.027310 -0.05893
0.02328 -0.055210
0.01924 -0.05102
0.01523 -0.04633
0.01138 -0.04127
0.00786 -0.03602
0.00482 -0.03077
0.00242 -0.02569
0.00081 -0.02095
0.000000 -0.01298
0.00081 -0.00996
0.00242 -0.00772
0.00482 -0.00634
0.00786 -0.00571
0.01138 -0.00567
0.01523 -0.00609
0.01924 -0.00682
0.02328 -0.00773
0.027310 -0.00879
0.03135 -0.01
0.03538 -0.01134
0.03942 -0.0128
0.04346 -0.01439
0.04749 -0.01607
0.05153 -0.01785
0.05556 -0.0197
0.0596 -0.0216
0.06364 -0.02355
0.06767 -0.02553
0.07171 -0.02754
0.07575 -0.02955
0.07978 -0.03155
0.08382 -0.03354
0.08785 -0.03551
0.09189 -0.03746
0.095930 -0.03938
0.09996 -0.04127
0.104 -0.04312
0.10804 -0.04493
0.11207 -0.0467
0.11611 -0.04843
0.120140 -0.05012
0.12418 -0.05176
0.12822 -0.053360
0.13225 -0.0549
0.13629 -0.0564
0.14032 -0.057850
0.144360 -0.0592600
0.1484 -0.0606
0.15243 -0.0619
0.15647 -0.06314
0.16051 -0.06433
0.16454 -0.06546
0.16858 -0.06653
0.17261 -0.06754
0.17665 -0.06849
0.18069 -0.06938
0.18472 -0.0702
0.18876 -0.07097
0.19279 -0.071670
0.19683 -0.072330
0.20087 -0.07294
0.2049 -0.0735
0.20894 -0.074020
0.21298 -0.07447
0.21701 -0.07487
0.22105 -0.07519
0.22508 -0.07544
0.22912 -0.07561
0.23316 -0.07571
0.237190 -0.07573
0.24123 -0.07568
0.24527 -0.07556
0.2493 -0.07536
0.25334 -0.075090
0.25737 -0.07475
0.261410 -0.07432
0.26545 -0.07381
0.26948 -0.07321
0.27352 -0.07254
0.27755 -0.07177
0.28159 -0.07091
0.285630 -0.06997
0.28966 -0.06893
0.2937 -0.06779
0.29774 -0.06655
0.30177 -0.0652
0.30581 -0.06375
0.30984 -0.06219
0.31388 -0.06053
0.31792 -0.05878
0.32195 -0.05695
0.32599 -0.05503
0.33003 -0.053030
0.33406 -0.05095
0.3381 -0.0488
0.34213 -0.04656
0.34617 -0.04425
0.35021 -0.04185
0.354240 -0.03933
0.35828 -0.03667
0.36231 -0.033860
0.36632 -0.03089
0.37017 -0.02792
0.3737 -0.02511
0.37674 -0.02263
0.37913 -0.020650
0.38075 -0.01932
0.3815500000 -0.01875
-Inserting Flap Ga2-
0.52349 0.07057
0.52335 0.07013
0.52306 0.06928
0.52263 0.06802
0.522070 0.06643
0.52140 0.06463
0.52065 0.06271
0.51984 0.06078
0.51897 0.05892
0.51807 0.05714
0.51713 0.05544
0.51615 0.05378
0.51516 0.05218
0.51415 0.05061
0.51312 0.04907
0.51208 0.04756
0.51102 0.04608
0.50995 0.04463
0.50886 0.0432
0.50777 0.04180
0.50666 0.04042
0.505540 0.03906
0.5044 0.03773
0.50326 0.03641
0.50211 0.035120
0.50095 0.03385
0.49977 0.0326
0.49858 0.031370
0.49738 0.03017
0.49617 0.02899
0.4949500 0.027830
0.49372 0.02668
0.49249 0.02555
0.49125 0.02443
0.49 0.02331
0.48875 0.02221
0.48749 0.02113
0.48623 0.02006
0.48495 0.01901
0.48366 0.01798
0.48236 0.01697
0.481060 0.01598
0.47975 0.015
0.47842 0.01404
0.47709 0.01309
0.47576 0.01216
0.47441 0.01124
0.47306 0.01034
0.4717 0.00945
0.47034 0.00857
0.46896 0.00771
0.46758 0.006860
0.466190 0.00603
0.4648 0.00522
0.46339 0.00443
0.46197 0.00365
0.46055 0.00289
0.45912 0.00215
0.45767 0.00142
0.45622 0.00071
0.45476 0.000059
0.45329 -0.00065
0.45181 -0.0013
0.45032 -0.00194
0.44883 -0.00255
0.447320 -0.00315
0.4458 -0.00373
0.44428 -0.0043
0.44275 -0.00486
0.44122 -0.0054
0.43967 -0.00592
0.43811 -0.00642
0.43654 -0.00688
0.43494 -0.00731
0.43333 -0.00771
0.43171 -0.00808
0.43007 -0.00841
0.4284100 -0.00871
0.42673 -0.00898
0.42504 -0.00921
0.42332 -0.009390
0.42158 -0.00953
0.41981 -0.00961
0.41801 -0.00963
0.41617 -0.00959
0.41431 -0.0095
0.412430 -0.00935
0.41051 -0.00914
0.40856 -0.00888
0.40658 -0.00854
0.40453 -0.00808
0.40242 -0.00749
0.400220 -0.00673
0.39794 -0.00579
0.39565 -0.00468
0.39344 -0.00345
0.3914 -0.00213
0.38963 -0.000760
0.38819 0.00064
0.38645 0.00333
0.38619 0.00456
0.38636 0.00565
0.38697 0.00657
0.38793 0.00735
0.38918 0.008
0.39063 0.00855
0.39219 0.00902
0.3938 0.00943
0.39543 0.00979
0.39709 0.01009
0.39877 0.01034
0.40047 0.01056
0.4022 0.01072
0.40394 0.01086
0.4057 0.01096
0.40748 0.01103
0.409260 0.01108
0.41106 0.01112
0.41285 0.01115
0.41466 0.01117
0.41646 0.01118
0.41826 0.01120
0.42006 0.01123
0.42186 0.01126
0.423650 0.01129
0.42544 0.01134
0.42722 0.0114
0.42899 0.01148
0.43076 0.011560
0.43252 0.01167
0.43427 0.01178
0.43602 0.01191
0.43776 0.01206
0.43948 0.01223
0.4412 0.01241
0.44291 0.01261
0.44462 0.01282
0.44631 0.01306
0.44799 0.013310
0.44967 0.013580
0.45133 0.01387
0.45298 0.01418
0.45463 0.014510
0.45626 0.014860
0.45788 0.01523
0.459490 0.01563
0.46109 0.01604
0.46268 0.01648
0.46426 0.016940
0.46583 0.01743
0.46738 0.01792
0.46893 0.018440
0.47047 0.01897
0.47201 0.01952
0.47353 0.02009
0.47504 0.02068
0.476530 0.0213
0.47802 0.02195
0.479490 0.02262
0.48094 0.02332
0.48239 0.02404
0.48382 0.02479
0.48523 0.02557
0.48663 0.02637
0.48802 0.0272
0.4894 0.02806
0.49076 0.02894
0.49211 0.02986
0.49344 0.0308
0.49475 0.03178
0.49605 0.03278
0.49734 0.03382
0.4986 0.03489
0.49985 0.036
0.501080 0.03713
0.50230 0.03831
0.50349 0.03952
0.50466 0.040770
0.50582 0.04206
0.50696 0.04338
0.50808 0.04474
0.5091800 0.04613
0.51027 0.04755
0.51135 0.0489900
0.51241 0.05047
0.51346 0.05197
0.51449 0.05349
0.515510 0.05505
0.51651 0.05664
0.51749 0.05827
0.51845 0.05995
0.51938 0.06169
0.52027 0.06347
0.5211 0.06523
0.52184 0.066870
0.52248 0.06831
0.52297 0.06945
0.52330 0.07022
0.52349 0.07057
-Inserting Flap Ga2-
0.60114 0.21234
0.60119 0.21189
0.60129 0.21099
0.60142 0.2096600
0.60157 0.20799
0.60172 0.20608
0.60184 0.20402
0.60191 0.20193
0.6019 0.19988
0.601810 0.19788
0.60167 0.19594
0.60148 0.19403
0.60125 0.19216
0.60098 0.19031
0.60069 0.18848
0.60037 0.18667
0.600030 0.18489
0.59966 0.18312
0.59927 0.18137
0.59886 0.17964
0.59842 0.17792
0.59797 0.17622
0.59750 0.17454
0.59701 0.17286
0.59651 0.17121
0.59598 0.16956
0.59543 0.16794
0.59486 0.16633
0.59427 0.16474
0.59367 0.16316
0.59304 0.1616
0.5924 0.160040
0.59175 0.158500
0.5911 0.15696
0.59043 0.15543
0.589750 0.15391
0.58906 0.15239
0.58835 0.1509
0.58763 0.14941
0.58689 0.14794
0.58613 0.14648
0.58536 0.14503
0.58458 0.143590
0.58378 0.14216
0.58296 0.14075
0.58214 0.13934
0.5813 0.13795
0.58045 0.13656
0.57959 0.13519
0.57871 0.133820
0.57782 0.13247
0.576920 0.131120
0.576 0.12979
0.57507 0.12847
0.57413 0.12716
0.57316 0.12586
0.57219 0.12457
0.57119 0.1233
0.57019 0.12204
0.5691600 0.12079
0.56812 0.11955
0.567070 0.11833
0.56600 0.11712
0.56491 0.11592
0.5638 0.11474
0.56268 0.11356
0.56155 0.1124
0.56041 0.11125
0.559250 0.1101
0.55808 0.10897
0.55689 0.10785
0.55568 0.10675
0.55444 0.10567
0.55318 0.10462
0.55188 0.10358
0.55056 0.10257
0.5492 0.10158
0.54782 0.10062
0.54641 0.09968
0.54496 0.09876
0.54348 0.09787
0.54195 0.09702
0.54038 0.09621
0.53875 0.09544
0.53707 0.094710
0.53534 0.09402
0.53356 0.09337
0.53173 0.09275
0.52986 0.09218
0.52791 0.09167
0.52586 0.09123
0.52369 0.09088
0.52138 0.09065
0.51891 0.09056
0.51637 0.09061
0.51385 0.0908
0.51144 0.0911500
0.509260 0.09166
0.50737 0.09233
0.50467 0.09406
0.50392 0.09506
0.50362 0.09612
0.50378 0.09721
0.50434 0.09832
0.5052 0.09944
0.50629 0.10054
0.50751 0.101620
0.5088 0.10266
0.51013 0.10366
0.51151 0.10463
0.51293 0.105560
0.51439 0.10647
0.51589 0.10734
0.517420 0.10819
0.51898 0.10901
0.52056 0.10982
0.52216 0.110620
0.52377 0.1114
0.5254 0.11217
0.52703 0.11294
0.52866 0.11371
0.53029 0.11448
0.53192 0.115250
0.53353 0.11603
0.53515 0.116810
0.53675 0.1176
0.53834 0.1184
0.53993 0.119210
0.5415 0.120030
0.54305 0.12085
0.5446 0.12169
0.54613 0.12254
0.54764 0.1234
0.54915 0.12427
0.55063 0.12515000
0.55211 0.12604
0.55356 0.126950
0.555 0.12787
0.55643 0.12880
0.55784 0.12975
0.55923 0.1307
0.5606 0.13168
0.561960 0.13266
0.56329 0.13366
0.56461 0.13468
0.56591 0.13571
0.56719 0.13676
0.56845 0.13782
0.56969 0.13889
0.57092 0.13999
0.57212 0.14109
0.57332 0.1422
0.574490 0.143330
0.57566 0.14447
0.5768 0.14562
0.57793 0.146790
0.57903 0.14798
0.58011 0.14918
0.58116 0.15041
0.58219 0.15165
0.5832 0.15291
0.58419 0.15419
0.58515 0.15549
0.58609 0.1568
0.587010 0.15813
0.5879 0.15949
0.58877 0.16086
0.58961 0.16225
0.59043 0.16367
0.59121 0.1651
0.59197 0.16656
0.59271 0.16804
0.59341 0.16954
0.59409 0.17106
0.59473 0.17261
0.59534 0.17418
0.595920 0.17578
0.59647 0.17741
0.59698 0.17906
0.59746 0.1807400
0.59791 0.18244
0.59834 0.184160
0.59874 0.18591
0.59911 0.18767
0.59946 0.18945
0.59979 0.19125
0.60009 0.19307
0.60036 0.19491
0.60061 0.196770
0.600820 0.19867
0.60099 0.20059
0.60111 0.20256
0.60117 0.20455
0.60119 0.20649
0.60119 0.20830
0.60116 0.20987
0.60114 0.21111
0.60112 0.21195
0.60114 0.21234
*.*.Setup: Ga2.txt as Flap 1, Inverted: y, Scale = 1.0, AoA = 0.0, Reposition from (0,0) = (0, 0)*.*.
*.*.Setup: Ga2.txt as Flap 2, Inverted: y, Scale = 0.4, AoA = 27.0, Reposition from previous T.E. = (0.0067, 0.07), Reposition from (0,0) = (1.0067, 0.0209)*.*.
*.*.Setup: Ga2.txt as Flap 3, Inverted: y, Scale = 0.4, AoA = 51.666666666666664, Reposition from previous T.E. = (-0.06, 0.07), Reposition from (0,0) = (1.312, 0.2549)*.*.
*.*.Setup: Scale Ratio = 0.38155*.*.