0.3622300000 -0.0178
0.36146 -0.01857
0.35993 -0.02006
0.35765 -0.02226
0.35477 -0.02501
0.35142 -0.02811
0.34777 -0.03136
0.34396 -0.03456
0.34013 -0.03756
0.33630 -0.04034
0.33247 -0.04294
0.32863 -0.04538
0.3248 -0.04771
0.32097 -0.04994
0.31714 -0.05209
0.31331 -0.05416
0.30948 -0.05614
0.30564 -0.05806
0.30181 -0.05991
0.29798 -0.06169
0.29415 -0.06341
0.29032 -0.06507
0.28649 -0.06668
0.28265 -0.06823
0.27882 -0.069720
0.27499 -0.07116
0.271160 -0.07254
0.26733 -0.07385
0.2635 -0.07509
0.25966 -0.07628
0.25583 -0.07742
0.252 -0.07852
0.248170 -0.07959
0.24434 -0.08063
0.2405 -0.081640
0.23667 -0.08262
0.23284 -0.08356
0.22901 -0.08445
0.225180 -0.08529
0.22135 -0.086080
0.21751 -0.08682
0.21368 -0.08752
0.20985 -0.08817
0.20602 -0.08878
0.20219 -0.08935
0.19836 -0.08988
0.19452 -0.09037
0.19069 -0.09083
0.18686 -0.09125
0.18303 -0.09163
0.1792 -0.09197
0.17537 -0.09227
0.17153 -0.09253
0.1677 -0.09274
0.16387 -0.09291
0.16004 -0.09302
0.15621 -0.0931
0.15238 -0.09312
0.14854 -0.09311
0.14471 -0.09304
0.14088 -0.09292
0.137050 -0.09276
0.13322 -0.09255
0.12938 -0.09228
0.12555 -0.09197
0.12172 -0.09161
0.11789 -0.09122
0.114060 -0.09078
0.11023 -0.09031
0.10639 -0.0898
0.10256 -0.08923
0.09873 -0.08860
0.0949 -0.087880
0.091070 -0.08708
0.08724 -0.08619
0.0834 -0.08522
0.07957 -0.08415
0.07574 -0.083
0.07191 -0.08176
0.06808 -0.08042
0.06425 -0.07896
0.06041 -0.07737
0.05658 -0.0756300
0.05275 -0.07374
0.04892 -0.0716800
0.04509 -0.069480
0.04126 -0.06712
0.03742 -0.06462
0.03359 -0.06197
0.02976 -0.0591
0.025930 -0.05594
0.0221 -0.052410
0.01826 -0.04844
0.01446 -0.04398
0.01081 -0.03918
0.00746 -0.03419
0.00457 -0.02921
0.0023 -0.02439
0.00077 -0.01989
0.000000 -0.01232
0.00077 -0.00945
0.0023 -0.00733
0.00457 -0.00602
0.00746 -0.00542
0.01081 -0.00539
0.01446 -0.00579
0.01826 -0.00648
0.0221 -0.00734
0.025930 -0.00835
0.02976 -0.00949
0.03359 -0.01076
0.03742 -0.01215
0.04126 -0.01366
0.04509 -0.01526
0.04892 -0.01694
0.05275 -0.0187
0.05658 -0.02051
0.06041 -0.02236
0.06425 -0.02424
0.06808 -0.02614
0.07191 -0.02805
0.07574 -0.02995
0.07957 -0.03184
0.0834 -0.03372
0.08724 -0.03556
0.091070 -0.03739
0.0949 -0.03918
0.09873 -0.04093
0.10256 -0.04265
0.10639 -0.04434
0.11023 -0.04598
0.114060 -0.04758
0.11789 -0.04914
0.12172 -0.050650
0.12555 -0.05212
0.12938 -0.05355
0.13322 -0.054920
0.137050 -0.0562500
0.14088 -0.05753
0.14471 -0.05876
0.14854 -0.05994
0.15238 -0.06107
0.15621 -0.06214
0.16004 -0.06316
0.16387 -0.06412
0.1677 -0.06502
0.17153 -0.06586
0.17537 -0.06665
0.1792 -0.06737
0.18303 -0.068040
0.18686 -0.068670
0.19069 -0.06925
0.19452 -0.06978
0.19836 -0.070270
0.20219 -0.0707
0.20602 -0.07108
0.20985 -0.07138
0.21368 -0.07162
0.21751 -0.07178
0.22135 -0.07187
0.225180 -0.07189
0.22901 -0.07185
0.23284 -0.07173
0.23667 -0.07155
0.2405 -0.071290
0.24434 -0.07096
0.248170 -0.07055
0.252 -0.07007
0.25583 -0.06951
0.25966 -0.06886
0.2635 -0.06813
0.26733 -0.06732
0.271160 -0.06642
0.27499 -0.06544
0.27882 -0.06436
0.28265 -0.06318
0.28649 -0.0619
0.29032 -0.06052
0.29415 -0.05904
0.29798 -0.05747
0.30181 -0.05581
0.30564 -0.05406
0.30948 -0.05224
0.31331 -0.050340
0.31714 -0.04837
0.32097 -0.04632
0.3248 -0.04421
0.32863 -0.04201
0.33247 -0.03973
0.33630 -0.03734
0.34013 -0.03481
0.34396 -0.032140
0.34777 -0.02933
0.35142 -0.02651
0.35477 -0.02384
0.35765 -0.02149
0.35993 -0.019610
0.36146 -0.01834
0.3622300000 -0.0178
-Inserting Flap Ga2-
0.4849 0.07061
0.48476 0.0702
0.48449 0.06939
0.48408 0.06819
0.48355 0.06669
0.48292 0.06498
0.48221 0.06316
0.48143 0.06132
0.48061 0.05956
0.47975 0.05787
0.47886 0.05625
0.47793 0.05468
0.47699 0.05316
0.47603 0.05167
0.47506 0.05021
0.47407 0.04877
0.47306 0.04737
0.47204 0.04599
0.47101 0.04464
0.46997 0.04330
0.46892 0.04199
0.46785 0.04071
0.46678 0.03944
0.4657 0.03819
0.4646 0.036960
0.4635 0.03575
0.46238 0.03457
0.46125 0.03340
0.460110 0.03226
0.45896 0.03114
0.45781 0.030040
0.45664 0.02896
0.45547 0.02788
0.45429 0.02681
0.45311 0.02576
0.45192 0.02471
0.45073 0.02368
0.44952 0.02267
0.44831 0.02167
0.44709 0.0207
0.44586 0.01973
0.44462 0.01879
0.44337 0.01786
0.442120 0.01695
0.44085 0.01605
0.439580 0.01517
0.43831 0.0143
0.43702 0.01344
0.43573 0.01259
0.43444 0.01176
0.43313 0.01094
0.43182 0.010140
0.43051 0.00935
0.42918 0.00858
0.42784 0.00783
0.4265 0.00709
0.42515 0.00637
0.42378 0.00566
0.42242 0.00497
0.42104 0.0043
0.41965 0.00364
0.41826 0.00301
0.41685 0.00239
0.41544 0.00179
0.41402 0.0012
0.41259 0.00063
0.41115 8e-05
0.40970 -0.00046
0.40825 -0.00099
0.40679 -0.00151
0.40532 -0.002
0.40384 -0.00247
0.40235 -0.00291
0.40084 -0.00332
0.39931 -0.0037
0.39777 -0.00405
0.39621 -0.00436
0.39463 -0.00465
0.39304 -0.0049
0.39143 -0.00512
0.3898 -0.00530
0.38815 -0.00543
0.38647 -0.0055
0.38476 -0.00552
0.38302 -0.00549
0.38125 -0.0054
0.37946 -0.00525
0.37764 -0.00506
0.37579 -0.00481
0.37391 -0.00448
0.37197 -0.00405
0.369960 -0.00349
0.36787 -0.00277
0.36571 -0.00187
0.36353 -0.00082
0.36143 0.00035
0.3595 0.0016
0.35781 0.002910
0.35645 0.00423
0.35480 0.00679
0.35456 0.00795
0.354720 0.00898
0.35529 0.00986
0.35621 0.0106
0.3574 0.01122
0.358770 0.01174
0.36025 0.01219
0.36178 0.01258
0.36332 0.01291
0.3649 0.0132
0.366490 0.01344
0.36811 0.01364
0.36975 0.0138
0.37141 0.01393
0.37308 0.01402
0.37476 0.01409
0.37646 0.01414
0.37816 0.01418
0.37987 0.01421
0.38158 0.01422
0.38329 0.01424
0.385 0.014260
0.38671 0.01428
0.38842 0.01431
0.39012 0.01434
0.391810 0.01439
0.3935 0.01445
0.39519 0.01452
0.39687 0.01460
0.39854 0.0147
0.4002 0.01481
0.40186 0.01493
0.40351 0.01507
0.40515 0.01523
0.40678 0.0154
0.4084 0.01559
0.41002 0.01579
0.411630 0.01602
0.41322 0.016260
0.41481 0.016510
0.416390 0.01679
0.41796 0.01708
0.41952 0.01740
0.42107 0.017730
0.42261 0.01808
0.42414 0.01846
0.425660 0.01885
0.42717 0.01927
0.42867 0.019710
0.43016 0.02016
0.43163 0.02064
0.43311 0.021130
0.43457 0.02163
0.43602 0.02216
0.43747 0.0227
0.4389 0.02326
0.44032 0.02385
0.44173 0.02446
0.44312 0.0251
0.44451 0.02576
0.44588 0.02645
0.447230 0.02716
0.44858 0.0279
0.449910 0.02866
0.45123 0.02945
0.45254 0.03026
0.45383 0.0311
0.45510 0.03197
0.45637 0.03286
0.45762 0.03379
0.458850 0.03475
0.46007 0.03573
0.46127 0.03675
0.46246 0.03779
0.46363 0.03887
0.46478 0.03999
0.46591 0.04114
0.46703 0.042330
0.46812 0.04355
0.4692 0.04481
0.47027 0.0461
0.47132 0.04741
0.47235 0.04876
0.47337 0.0501300
0.47438 0.05153
0.47537 0.05296
0.47636 0.05441
0.47732 0.05588
0.47827 0.05739
0.4792 0.05894
0.48011 0.06054
0.48099 0.06219
0.48184 0.06388
0.48263 0.06555
0.48334 0.067110
0.48394 0.06847
0.48441 0.06955
0.48472 0.07028
0.4849 0.07061
-Inserting Flap Ga2-
0.60687 0.19339
0.60688 0.19295
0.60686 0.1921
0.60684 0.19083
0.6068 0.18924
0.60673 0.18742
0.60662 0.185460
0.60645 0.18348
0.60621 0.18155
0.60592 0.17968
0.60557 0.17786
0.60518 0.17608
0.60475 0.174340
0.6043 0.17263
0.603820 0.17094
0.60332 0.16927
0.6028 0.16762
0.60226 0.166
0.6017 0.16439
0.60112 0.16280
0.60052 0.16123
0.59991 0.15968
0.59928 0.15814
0.59863 0.15662
0.59797 0.15511
0.59729 0.15362
0.5966 0.15215
0.59589 0.15069
0.59515 0.14926
0.59441 0.14784
0.593650 0.14643
0.59287 0.14504
0.59209 0.14365
0.5913 0.14227
0.5905 0.1409
0.5897 0.13954
0.58888 0.13819
0.58805 0.13686
0.5872 0.13554
0.58634 0.13423
0.58547 0.13293
0.58458 0.13165
0.58368 0.13039
0.58277 0.12913
0.58185 0.12789
0.58091 0.12665
0.57997 0.12543
0.57901 0.12422
0.57805 0.12301
0.57707 0.12182
0.57608 0.12064
0.57509 0.11947
0.57407 0.11832
0.57305 0.11717
0.57201 0.11604
0.57096 0.11492
0.5699 0.11382
0.56882 0.112730
0.56774 0.11165
0.56663 0.11059
0.56552 0.109530
0.56439 0.1085
0.56324 0.10747
0.56208 0.10646
0.56091 0.10547
0.55973 0.10449
0.55853 0.10351
0.55732 0.10255
0.55611 0.1016
0.55488 0.10066
0.55363 0.09974
0.55237 0.09884
0.55109 0.09795
0.54978 0.0971
0.548440 0.09626
0.54708 0.09546
0.54569 0.09467
0.54429 0.09392
0.542850 0.09318
0.541390 0.09248
0.539890 0.09181
0.53836 0.09117
0.53678 0.09058
0.53516 0.09003
0.5335 0.08953
0.53179 0.08907
0.53004 0.08865
0.52825 0.08828
0.52642 0.08794
0.52452 0.08767
0.52254 0.08748
0.52046 0.0874
0.51825 0.08744
0.51592 0.08762
0.51352 0.08795
0.51117 0.08841
0.50894 0.089
0.50693 0.08972
0.50523 0.09056
0.50287 0.09249
0.50228 0.09351
0.50211 0.09455
0.50238 0.09556
0.50303 0.09655
0.50397 0.0975
0.50511 0.09842
0.50638 0.0993
0.50771 0.10014
0.50908 0.10094
0.51049 0.1017
0.51193 0.102430
0.51341 0.10312
0.51492 0.10378
0.51645 0.10441
0.51802 0.10501
0.5196 0.1056
0.52119 0.10617
0.5228 0.10673
0.52441 0.10728
0.52604 0.10783
0.52766 0.10837
0.529280 0.10892
0.5309 0.10947
0.53251 0.11002
0.53412 0.11058
0.53572 0.111150
0.53731 0.11173
0.53889 0.11232
0.54046 0.11291
0.54202 0.11352
0.54357 0.11414
0.54511 0.11477
0.54663 0.11542
0.54814 0.11607
0.54964 0.11674
0.55113 0.11742
0.5526 0.11811
0.55406 0.11882
0.555510 0.11954
0.55694 0.12028
0.55836 0.12103
0.55976 0.12179
0.56115 0.12258
0.56252 0.12337
0.56387 0.12418
0.56521 0.12501
0.56653 0.12586
0.56784 0.12672
0.56913 0.1276
0.5704 0.12849
0.57166 0.1294
0.57291 0.13032
0.57414 0.13125
0.57537 0.1322
0.57657 0.13316
0.57776 0.13414
0.57893 0.13513
0.58008 0.13615
0.58121 0.137190
0.58232 0.13825
0.58341 0.13933
0.58448 0.14042
0.58553 0.14154
0.58656 0.14267
0.58758 0.14383
0.58857 0.14501
0.58954 0.14621
0.59048 0.14743
0.59141 0.14867
0.59231 0.14994
0.59319 0.15123
0.59404 0.15254
0.594870 0.153880
0.59567 0.15524
0.59645 0.15663
0.5972 0.158050
0.59793 0.159490
0.59862 0.160970
0.59928 0.16247
0.59992 0.164
0.60054 0.16555
0.60113 0.16713
0.6017 0.16873
0.60224 0.17035
0.60277 0.17199
0.603270 0.17365
0.60376 0.17533
0.60422 0.17704
0.60466 0.17877
0.605070 0.18053
0.60544 0.18233
0.60576 0.18417
0.60605 0.18604
0.60628 0.187870
0.60647 0.18957
0.606620 0.19105
0.60674 0.19223
0.60681 0.19302
0.60687 0.19339
*.*.Setup: Ga2.txt as Flap 1, Inverted: y, Scale = 1.0, AoA = 0.0, Reposition from (0,0) = (0, 0)*.*.
*.*.Setup: Ga2.txt as Flap 2, Inverted: y, Scale = 0.4, AoA = 27.0, Reposition from previous T.E. = (-0.0267, 0.08), Reposition from (0,0) = (0.9733, 0.0309)*.*.
*.*.Setup: Ga2.txt as Flap 3, Inverted: y, Scale = 0.4, AoA = 45.0, Reposition from previous T.E. = (0.04, 0.07), Reposition from (0,0) = (1.3787, 0.2649)*.*.
*.*.Setup: Scale Ratio = 0.36223*.*.