0.38806 0.00804
0.38730 0.00716
0.38578 0.005450
0.38351 0.002930
0.38064 -0.00022
0.3773 -0.003780
0.37364 -0.00752
0.36981 -0.01122
0.36595 -0.0147
0.36206 -0.01796
0.35817 -0.02102
0.35426 -0.02392
0.35034 -0.02669
0.34642 -0.02936
0.34249 -0.031940
0.33855 -0.03443
0.33461 -0.036840
0.330660 -0.03917
0.32671 -0.04143
0.32275 -0.04362
0.31878 -0.04574
0.314820 -0.0478
0.31085 -0.0498
0.30687 -0.05174
0.30289 -0.05363
0.29891 -0.055450
0.29492 -0.0572
0.29093 -0.05889
0.28693 -0.0605
0.28293 -0.06206
0.27892 -0.06356
0.27491 -0.06502
0.2709 -0.06645
0.26689 -0.06784000
0.26287 -0.06921
0.25885 -0.07054
0.25483 -0.07183
0.25081 -0.07306
0.246780 -0.07425
0.242750 -0.07538
0.23871 -0.07646
0.23467 -0.07749
0.23063 -0.078470
0.22659 -0.07941
0.22254 -0.0803
0.21849 -0.08115
0.21443 -0.08196
0.21038 -0.08273
0.20632 -0.08347
0.20225 -0.08416
0.19819 -0.08481
0.19412 -0.08542
0.190050 -0.08598
0.18597 -0.08649
0.18189 -0.08696
0.17781 -0.08737
0.17373 -0.08773
0.16964 -0.08805
0.16554 -0.08831
0.161450 -0.08853
0.15735 -0.08869
0.15325 -0.0888
0.14914 -0.08886
0.14503 -0.08887
0.14091 -0.08882
0.1368 -0.08872
0.13268 -0.08859
0.12855 -0.08841
0.12443 -0.0882
0.1203 -0.08793
0.116160 -0.08761
0.11203 -0.08722
0.10788 -0.08674
0.10373 -0.08618
0.09957 -0.08551
0.09541 -0.084750
0.09124 -0.0839
0.08706 -0.08296
0.082880 -0.08192
0.07869 -0.08078
0.07449 -0.0795
0.07028 -0.07809
0.06606 -0.07653
0.06182 -0.07479
0.05758 -0.07288
0.05332 -0.070810
0.04906 -0.06859
0.04478 -0.0662
0.04049 -0.0636600
0.036190 -0.06088
0.03186 -0.05779
0.0275 -0.05431
0.02312 -0.05035
0.01872 -0.04588
0.01446 -0.041020
0.01052 -0.03595
0.00706 -0.03084
0.00428 -0.02586
0.0023 -0.02118
0.00092 -0.01315
0.00152 -0.010030
0.003 -0.00765
0.00533 -0.00608
0.00837 -0.005230
0.01194 -0.004940
0.01587 -0.0051
0.01998 -0.00555
0.02414 -0.00619
0.02831 -0.00698
0.03248 -0.00791
0.03667 -0.008980
0.04086 -0.01018
0.04507 -0.0115
0.04928 -0.01292
0.05349 -0.014440
0.05772 -0.01602
0.06194 -0.01767
0.06617 -0.01936
0.0704 -0.02108
0.07463 -0.02283
0.07887 -0.02458
0.0831 -0.02633
0.08733 -0.02806
0.09156 -0.02977
0.09579 -0.03146
0.10002 -0.03312
0.10424 -0.03474
0.10847 -0.036330
0.112690 -0.03788
0.1169 -0.03939
0.12112 -0.0408600
0.12533 -0.04228
0.12953 -0.04366
0.13374 -0.04499
0.13794 -0.04628
0.14214 -0.04751
0.14633 -0.0487
0.15052 -0.049830
0.154710 -0.05091
0.158890 -0.05194
0.16307 -0.05291
0.16724 -0.053830
0.17141 -0.05468
0.17558 -0.055480
0.17974 -0.05622
0.18390 -0.0569
0.18806 -0.05751
0.19221 -0.05806
0.196350 -0.05855
0.20049 -0.05898
0.20463 -0.05936
0.20876 -0.05969
0.21289 -0.05998
0.2170200 -0.06021
0.22115 -0.06039
0.22526 -0.0605
0.22938 -0.06055
0.233490 -0.06051
0.23759 -0.0604
0.24169 -0.06021
0.24578 -0.05995
0.24987 -0.059610
0.25395 -0.0592
0.25803 -0.05872
0.2621 -0.05816
0.26617 -0.05752
0.27023 -0.0568
0.27428 -0.056
0.27833 -0.05511
0.282370 -0.05413
0.28641 -0.05307
0.29044 -0.05192
0.29446 -0.05067
0.298480 -0.04933
0.30249 -0.04789
0.306490 -0.046350
0.31049 -0.0447
0.31448 -0.04294
0.31846 -0.04107
0.3224300 -0.03911
0.3264 -0.03705
0.330360 -0.0349
0.33431 -0.032670
0.33826 -0.03036
0.34221 -0.02797
0.346150 -0.02549
0.35008 -0.02295
0.35401 -0.02032
0.35793 -0.01760
0.36184 -0.01476
0.36574 -0.01178
0.36963 -0.00864
0.37349 -0.00535
0.37718 -0.00207
0.38055 0.00103
0.38346 0.00376
0.38574 0.00594
0.38728 0.00741
0.38806 0.00804
-Inserting Flap Ga2-
0.51935 0.094910
0.51921 0.09447
0.51892 0.09360
0.51848 0.09232
0.51791 0.09071
0.51724 0.08888
0.51647 0.086930
0.51564 0.08497
0.51476 0.08308
0.513840 0.08127
0.51289 0.07954
0.5119 0.07786
0.51089 0.07623
0.50986 0.07463
0.508820 0.07307
0.50776 0.07154
0.50668 0.07003
0.5056 0.06856
0.50449 0.06711
0.50338 0.06568
0.50225 0.06428
0.50111 0.0629
0.49996 0.06155
0.4988 0.06021
0.497630 0.05889
0.496450 0.0576
0.49525 0.05633
0.49405 0.05509
0.49283 0.05387
0.4916 0.05267
0.49036 0.05149
0.489110 0.05033
0.48786 0.04917
0.4866 0.04803
0.48533 0.0469
0.48406 0.04578
0.48278 0.04468
0.481490 0.0436
0.48019 0.04253
0.47889 0.041490
0.477570 0.04046
0.47624 0.03945
0.47491 0.03845
0.47356 0.03748
0.47221 0.03651
0.47086 0.03557
0.46949 0.03464
0.46812 0.03372
0.46674 0.03281
0.46535 0.03192
0.46395 0.03105
0.462550 0.03019
0.46114 0.02934
0.45972 0.02852
0.45829 0.02771
0.45685 0.02692
0.4554 0.02615
0.45395 0.02539
0.45248 0.02466
0.45101 0.02394
0.44952 0.02324
0.44803 0.02255
0.44653 0.02189
0.44501 0.02125
0.44349 0.020620
0.44196 0.020010
0.44042 0.01942
0.43888 0.01884
0.43732 0.01827
0.43576 0.01772
0.43419 0.0172
0.4326 0.01669
0.431 0.01622
0.42939 0.015780
0.427750 0.01538
0.42610 0.01501
0.42443 0.01467
0.42275 0.01436
0.42104 0.01409
0.41932 0.01386
0.41758 0.01367
0.41581 0.01353
0.41401 0.01345
0.41218 0.01343
0.41032 0.01346
0.40843 0.01356
0.40651 0.01371
0.40456 0.01392
0.40258 0.01419
0.40056 0.01454
0.39849 0.015
0.39634 0.0156
0.3941 0.01637
0.3917900 0.01733
0.38946 0.01846
0.38722 0.01971
0.38515 0.02105
0.38334 0.02245
0.381880 0.02386
0.38012 0.0266
0.37985 0.02784
0.38003 0.02895
0.38064 0.02989
0.381620 0.03068
0.38289 0.03135
0.38436 0.0319
0.38595 0.03238
0.38758 0.03279
0.38924 0.03316
0.39092 0.03346
0.39263 0.03372
0.394360 0.033940
0.39612 0.03411
0.39789 0.03424
0.39968 0.03434
0.40148 0.03442
0.40329 0.03447
0.40511 0.03451
0.406940 0.03454
0.40877 0.03456
0.410610 0.03458
0.41244 0.0346
0.41427 0.03462
0.41609 0.03465
0.41791 0.03469
0.41973 0.03474
0.421540 0.0348
0.42334 0.03487
0.42514 0.03496
0.42693 0.03507
0.428710 0.03518
0.43048 0.03532
0.43224 0.035470
0.434 0.03564
0.43575 0.03582
0.43748 0.03602
0.43921 0.03624
0.44093 0.03648
0.44264 0.03673
0.44435 0.03701
0.44604 0.03731
0.44772 0.037620
0.44939 0.03796
0.45105 0.03831
0.45269 0.03869
0.45433 0.03909
0.45596 0.03951
0.45757 0.03996
0.45917 0.04043
0.46076 0.04092
0.46235 0.04142
0.46392 0.04195
0.46549 0.0424900
0.467040 0.04305
0.46859 0.04363
0.47012 0.04423
0.47164 0.04486
0.47315 0.04551
0.47465 0.0462
0.47612 0.046910
0.47759 0.047640
0.47904 0.0484
0.48048 0.04919
0.48191 0.05001
0.48332 0.05085
0.48472 0.05172
0.4861 0.05262
0.48747 0.053550
0.488820 0.05451
0.49016 0.0555
0.49148 0.05652
0.49278 0.05758
0.49407 0.05866
0.4953400 0.05979
0.49659 0.06094
0.49782 0.06214
0.49903 0.06337
0.50023 0.06464
0.5014 0.06595
0.50256 0.06729
0.5037 0.06867
0.50482 0.07008
0.50593 0.07152
0.50702 0.07299
0.5081 0.07449
0.509160 0.07601
0.51021 0.07757
0.51125 0.07915
0.51226 0.08076
0.51326 0.08242
0.514230 0.08413
0.515170 0.08589
0.51608 0.0877
0.51692 0.08949
0.51768 0.09116
0.51833 0.0926200
0.51883 0.09378
0.51917 0.09456
0.51935 0.094910
-Inserting Flap Ga2-
0.61113 0.22244
0.61113 0.22197
0.61112 0.22105
0.6111 0.2197
0.61106 0.21799
0.61098 0.21604
0.61086 0.21395
0.61068 0.21183
0.61042 0.20977
0.61011 0.20776
0.60973 0.20582
0.60931 0.20392
0.60886 0.20205
0.60837 0.20022
0.60786 0.19841
0.60733 0.19662
0.60677 0.19486
0.60619 0.19312
0.60559 0.19140
0.60497 0.1897
0.60433 0.188020
0.60368 0.18636
0.603 0.18471
0.60231 0.18308
0.6016 0.18147
0.60088 0.17987
0.60013 0.1783
0.59937 0.17674
0.59859 0.1752
0.59779 0.17368
0.59697 0.172180
0.59615 0.170690
0.59531 0.1692
0.5944700 0.167730
0.59361 0.16626
0.592750 0.16481
0.59187 0.16336
0.59098 0.16193
0.59008 0.16052
0.58916 0.15912
0.58822 0.15773
0.58727 0.15636
0.58631 0.15501
0.58533 0.15366
0.58435 0.15233
0.58335 0.15101
0.582340 0.1497
0.58131 0.1484
0.58028 0.14712
0.57924 0.14584
0.57818 0.14458
0.57711 0.14333
0.57603 0.14209
0.57493 0.14086
0.57382 0.13965
0.5727 0.13846
0.57156 0.13728
0.57041 0.13611
0.56924 0.13495
0.56806 0.13381
0.56687 0.13269
0.56566 0.13158
0.56443 0.13048
0.5632 0.1294
0.56194 0.12834
0.56067 0.127290
0.55939 0.12625
0.5581 0.12522
0.5568 0.1242
0.555480 0.1232
0.55415 0.12221
0.5528 0.12124
0.55142 0.1203
0.55002 0.11938
0.54859 0.11849
0.54714 0.11762
0.54565 0.11679
0.54415 0.11597
0.54261 0.11519
0.54104 0.11444
0.53944 0.11372
0.5378 0.113040
0.536120 0.1124
0.53438 0.11182
0.5326 0.11128
0.53077 0.11079
0.5289 0.110340
0.52698 0.109940
0.52502 0.109580
0.52299 0.10929
0.52088 0.10909
0.51865 0.109
0.51628 0.10904
0.51378 0.10924
0.51122 0.10958
0.5087 0.11008
0.50632 0.11071
0.50417 0.11149
0.502350 0.11238
0.49982 0.1144400
0.49919 0.11554
0.499010 0.11665
0.4993 0.11773
0.49999 0.11879
0.50099 0.11981
0.50222 0.1208
0.503580 0.12174
0.505 0.12264
0.50647 0.12349
0.5079700 0.12431
0.50952 0.12508
0.5111 0.12582
0.51272 0.126530
0.51436 0.1272
0.51603 0.12785
0.51772 0.128480
0.51943 0.12909
0.52115 0.12969
0.52288 0.13028
0.52461 0.13087
0.52635 0.13145
0.52809 0.13203
0.529820 0.13262
0.53155 0.13321
0.53327 0.13381
0.53498 0.13442
0.53668 0.135040
0.53837 0.135670
0.54005 0.13631
0.54172 0.13696
0.54338 0.13762
0.54502 0.1383
0.54666 0.13898
0.548270 0.13969
0.54988 0.1404
0.55147 0.14113
0.553050 0.14187
0.554610 0.14263
0.55616 0.143400
0.55769 0.14419
0.55921 0.14499
0.56071 0.14581
0.56219 0.146650
0.56366 0.1475
0.56511 0.148370
0.56654 0.14925
0.56796 0.15016
0.56935 0.15108
0.57073 0.15202
0.5721 0.15298
0.57345 0.15395
0.57478 0.15494
0.5761 0.15593
0.57741 0.15695
0.5787 0.157970
0.579970 0.159020
0.58123 0.16009
0.58246 0.16118
0.58367 0.16229
0.58485 0.16342
0.58602 0.16457
0.58717 0.16575
0.58829 0.16694
0.5894 0.16816
0.59048 0.1694
0.59154 0.17066
0.59258 0.171940
0.59359 0.173250
0.594580 0.17458
0.59554 0.17593
0.59648 0.17731
0.5974 0.17872
0.59828 0.18015
0.59915 0.18161
0.59998 0.18309
0.60078 0.18461
0.60155 0.18616
0.6023 0.18774
0.60301 0.18934
0.60369 0.19098
0.60435 0.19264
0.60498 0.19433
0.60559 0.19604
0.60618 0.19778
0.60674 0.19953
0.60728 0.20131
0.60780 0.20311
0.608290 0.20494
0.60876 0.20679
0.6092 0.20867
0.60959 0.2106
0.60995 0.21257
0.61025 0.21457
0.6105 0.21653
0.6107 0.21835
0.61086 0.21994
0.61098 0.22119
0.61106 0.22204
0.61113 0.22244
*.*.Setup: Ga2.txt as Flap 1, Inverted: y, Scale = 1.0, AoA = 4.0, Reposition from (0,0) = (0, 0)*.*.
*.*.Setup: Ga2.txt as Flap 2, Inverted: y, Scale = 0.4, AoA = 27.0, Reposition from previous T.E. = (-0.0267, 0.06), Reposition from (0,0) = (0.9743, 0.0807)*.*.
*.*.Setup: Ga2.txt as Flap 3, Inverted: y, Scale = 0.4, AoA = 45.0, Reposition from previous T.E. = (-0.06, 0.06), Reposition from (0,0) = (1.2797, 0.3048)*.*.
*.*.Setup: Scale Ratio = 0.38768*.*.