0.36831 -0.005230
0.36756 -0.00604
0.36606 -0.00761
0.363830 -0.009920
0.361 -0.01281
0.35771 -0.01608
0.35412 -0.0195
0.35037 -0.02289
0.34659 -0.02607
0.34279 -0.02903
0.3390 -0.0318
0.3352 -0.03442
0.33139 -0.03692
0.32758 -0.03932
0.32376 -0.04163
0.31995 -0.04386
0.31613 -0.04602
0.31231 -0.04810
0.308480 -0.05011
0.304660 -0.05206
0.30083 -0.05394
0.297 -0.05576
0.29317 -0.05753
0.28933 -0.05924
0.28549 -0.06089
0.28166 -0.06249
0.27782 -0.06402
0.27397 -0.06548
0.27013 -0.06689
0.26628 -0.068230
0.26243 -0.06952
0.258580 -0.07077
0.25473 -0.07199
0.25088 -0.07318
0.24702 -0.07435
0.24317 -0.07548
0.23931 -0.07656
0.235450 -0.0776
0.23159 -0.07859
0.22773 -0.07953
0.22387 -0.08042
0.22 -0.081260
0.21614 -0.08206
0.21227 -0.0828200
0.2084 -0.08353
0.20453 -0.0842
0.20066 -0.08484
0.19679 -0.08543
0.19291 -0.086
0.18903 -0.08652
0.18516 -0.087
0.18128 -0.08745
0.1774 -0.08784
0.17352 -0.08819
0.16963 -0.0885
0.16575 -0.08875
0.16186 -0.08896
0.15797 -0.08913
0.15408 -0.08924
0.15019 -0.08931
0.1463 -0.08933
0.1424 -0.0893
0.1385 -0.08922
0.13461 -0.08909
0.1307 -0.08890
0.1268 -0.08868
0.1229 -0.08841
0.11899 -0.08811
0.11509 -0.087770
0.11118 -0.08738
0.107270 -0.08694
0.10336 -0.08643
0.09944 -0.08584
0.09553 -0.08517
0.091610 -0.0844
0.08768 -0.08354
0.08375 -0.0826
0.07982 -0.08156
0.07589 -0.08044
0.07195 -0.07922
0.06801 -0.077870
0.06407 -0.07639
0.06012 -0.07477
0.05616 -0.07298
0.0522 -0.07103
0.04823 -0.06893
0.04426 -0.06667
0.04028 -0.06427
0.03629 -0.06171
0.0323 -0.05894
0.0283 -0.05586
0.02429 -0.05242
0.02026 -0.04852
0.01624 -0.044130
0.01236 -0.03938
0.00878 -0.03445
0.005680 -0.02949
0.0032 -0.02467
0.00148 -0.02016
0.00044 -0.012510
0.00111 -0.00957
0.00259 -0.00736
0.00485 -0.00595
0.00776 -0.00523
0.01116 -0.00508
0.01488 -0.00536
0.01877 -0.00593
0.02269 -0.00667
0.026610 -0.00755
0.03054 -0.00858
0.03448 -0.00973
0.03842 -0.01101
0.04236 -0.0124
0.04631 -0.01389
0.05026 -0.01546
0.054210 -0.01711
0.05816 -0.018810
0.06212 -0.02055
0.066070 -0.02233
0.07003 -0.02412
0.07399 -0.025920
0.07794 -0.02772
0.08190 -0.0295
0.08586 -0.03127
0.08981 -0.03301
0.09376 -0.03472
0.09772 -0.0364
0.10167 -0.03805
0.10562 -0.03966
0.10957 -0.04123
0.11352 -0.04277
0.11746 -0.04425
0.12141 -0.0457
0.12535 -0.0471
0.12929 -0.04846
0.13323 -0.04977
0.13717 -0.05103
0.14111 -0.05224
0.14504 -0.05341
0.14898 -0.054520
0.152910 -0.05558
0.15684 -0.05659
0.16076 -0.05754
0.16469 -0.05844
0.1686100 -0.059280
0.17253 -0.060060
0.17645 -0.06078
0.18037 -0.06144
0.18429 -0.06204
0.1882 -0.06258
0.19211 -0.06308
0.19602 -0.06353
0.199930 -0.06394
0.20384 -0.0643
0.20774 -0.0646
0.211640 -0.064840
0.21554 -0.06502
0.21944 -0.06512
0.22334 -0.06515
0.22723 -0.06511
0.23112 -0.06499
0.23501 -0.064810
0.23889 -0.06456
0.242780 -0.06423
0.24666 -0.06384
0.25053 -0.06337
0.2544100 -0.06282
0.25828 -0.06219
0.26215 -0.061480
0.26602 -0.06069
0.26988 -0.05982
0.27374 -0.05886
0.2776 -0.05781
0.281450 -0.05668
0.2853 -0.05544
0.28915 -0.05411
0.293 -0.05268
0.29684 -0.05114
0.30067 -0.0495
0.30451 -0.04777
0.30834 -0.045950
0.31217 -0.044040
0.31599 -0.04206
0.31981 -0.03999
0.32363 -0.03786
0.32745 -0.03564
0.33126 -0.033360
0.33508 -0.031
0.33888 -0.02854
0.34269 -0.02598
0.34649 -0.023280
0.35028 -0.02043
0.35405 -0.01744
0.35766 -0.01445
0.36096 -0.01162
0.3638 -0.00913
0.36605 -0.00714
0.36756 -0.0058
0.36831 -0.005230
-Inserting Flap Ga2-
0.50517 0.07721
0.50504 0.07679
0.50476 0.07597
0.50434 0.07475
0.5038 0.07323
0.50316 0.07149
0.50244 0.06964
0.50165 0.06778
0.50082 0.06599
0.49995 0.06427
0.499040 0.062630
0.4981 0.06103
0.49714 0.05948
0.49617 0.05797
0.49518 0.05649
0.49417 0.05503
0.493150 0.053600
0.492120 0.0522
0.49107 0.05083
0.490010 0.04948
0.48894 0.04815
0.48786 0.04684
0.48677 0.04555
0.48567 0.04428
0.48456 0.04303
0.48344 0.04181
0.4823 0.0406
0.48116 0.039420
0.48 0.03826
0.47883 0.03713
0.47766 0.03601
0.47647 0.0349
0.47528 0.03381
0.47409 0.03273
0.47289 0.03165
0.47168 0.03059
0.470470 0.02955
0.46924 0.02852
0.46801 0.02751
0.46677 0.02651
0.46552 0.02554
0.46426 0.02458
0.46299 0.02364
0.46172 0.02271
0.46044 0.021790
0.45915 0.0209
0.45785 0.02001
0.45655 0.01914
0.45524 0.01828
0.45392 0.01744
0.4526 0.01661
0.45127 0.01579
0.44993 0.01499
0.44858 0.01421
0.44722 0.01344
0.44586 0.01269
0.44448 0.01196
0.4431 0.01124
0.44171 0.01054
0.44031 0.00986
0.4389 0.00919
0.43749 0.00855
0.43606 0.00792
0.43462 0.00731
0.43318 0.00671
0.43173 0.00613
0.43027 0.00557
0.4288 0.00502
0.42733 0.00448
0.42584 0.00396
0.42435 0.00346
0.42285 0.00299
0.42133 0.00254
0.4198 0.00212
0.41824 0.00174
0.41668 0.00138
0.41509 0.00106
0.41349 0.00077
0.41188 0.00051
0.41024 0.00029
0.408590 0.00011
0.40691 -0.000048
0.4052 -0.00010
0.40346 -0.00012
0.4017 -8e-05
0.3999 0.000032
0.39808 0.00016
0.39623 0.00036
0.39436 0.00061
0.39244 0.00094
0.39047 0.00138
0.38843 0.0019500
0.38631 0.002680
0.38411 0.00359
0.3819 0.00466
0.37977 0.00584
0.37781 0.00712
0.37610 0.008440
0.37471 0.00979
0.37304 0.01239
0.37279 0.01357
0.37295 0.01462
0.37353 0.01551
0.37447 0.01626
0.37567 0.01689
0.37707 0.01742
0.378570 0.01787
0.38012 0.01827
0.38169 0.01861
0.38329 0.0189
0.38491 0.01915
0.38656 0.01935
0.38822 0.01951
0.3899 0.01964
0.3916 0.01974
0.39331 0.01981
0.39503 0.01986
0.39676 0.0199
0.3985 0.01992
0.40023 0.01994
0.40197 0.01996
0.40371 0.019970
0.405450 0.02
0.40718 0.020030
0.40891 0.02006
0.41063 0.020110
0.41235 0.02017
0.41406 0.02024
0.415760 0.020320
0.41746 0.02042
0.41915 0.020530
0.420830 0.02066
0.42251 0.0208
0.42417 0.02096
0.42583 0.02114
0.42748 0.02133
0.42912 0.02154
0.43075 0.02176
0.43238 0.022
0.43399 0.022270
0.4356 0.02255
0.43719 0.02284
0.43878 0.02316
0.44035 0.0235
0.44191 0.02386
0.44347 0.02424
0.44501 0.024640
0.44654 0.02507
0.44806 0.02551
0.44957 0.02597
0.45107 0.02646
0.45257 0.02695
0.45405 0.02747
0.45553 0.028
0.457 0.02855
0.45845 0.02912
0.4599 0.02971
0.46133 0.03033
0.46275 0.03098
0.46415 0.03166
0.46554 0.03235
0.46692 0.033080
0.46828 0.03383
0.46964 0.0346
0.47098 0.03540
0.4723 0.03623
0.47362 0.03708
0.47491 0.03796
0.4762 0.03887
0.47747 0.03981
0.47872 0.04078
0.47996 0.041780
0.48118 0.04282
0.48238 0.04388
0.48357 0.04498
0.48474 0.04611
0.48589 0.047280
0.48702 0.048490
0.48814 0.04973
0.48923 0.051
0.490310 0.05231
0.49138 0.05365
0.49243 0.05502
0.49347 0.05641
0.49449 0.05783
0.4955 0.05928
0.4965 0.060750
0.49748 0.06225
0.49845 0.06379
0.49939 0.06536
0.50031 0.06698
0.50121 0.06865
0.50207 0.07037
0.50287 0.07207
0.50359 0.073650
0.5042 0.07504
0.50468 0.07614
0.505 0.07688
0.50517 0.07721
-Inserting Flap Ga2-
0.610670 0.20559
0.61067 0.20515
0.61066 0.20428
0.61064 0.2030
0.6106 0.201380
0.61053 0.19953
0.61041 0.197540
0.61024 0.19553
0.61 0.19357
0.60969 0.19167
0.60934 0.18982
0.608940 0.18802
0.60851 0.18625
0.60805 0.18451
0.60757 0.18279
0.607060 0.1811
0.60653 0.17942
0.60598 0.17777
0.60541 0.17614
0.60482 0.17453
0.60421 0.17293
0.60359 0.17135
0.60295 0.16979
0.6023 0.16825
0.601630 0.16672
0.600940 0.1652
0.60023 0.16371
0.59951 0.16223
0.59876 0.16077
0.59801 0.15933
0.59723 0.1579
0.59645 0.15648
0.59565 0.15508
0.59485 0.15368
0.59404 0.15228
0.59322 0.1509
0.59239 0.14953
0.591540 0.14818
0.59069 0.14683
0.589810 0.14551
0.58892 0.14419
0.58802 0.14289
0.58711 0.1416
0.58618 0.14033
0.58525 0.13906
0.5843 0.13781
0.58334 0.13657
0.58237 0.13534
0.58139 0.13411
0.5804 0.1329
0.5794 0.13171
0.57838 0.13052
0.577350 0.12934
0.57631 0.12818
0.57526 0.12703
0.57419 0.1259
0.57311 0.12478
0.57202 0.12367
0.57092 0.12257
0.5698 0.12149
0.56866 0.12042
0.56751 0.11937
0.56635 0.118330
0.56517 0.11731
0.563980 0.11629
0.562780 0.1153
0.56157 0.11431
0.56034 0.11333
0.559110 0.11237
0.55786 0.111410
0.55659 0.11048
0.55531 0.10956
0.554 0.10866
0.55267 0.10779
0.551320 0.10695
0.54994 0.10613
0.54853 0.10533
0.54710 0.10456
0.54564 0.10382
0.544150 0.1031
0.54263 0.10242
0.54108 0.10178
0.53948 0.10117
0.53783 0.10062
0.53614 0.10011
0.53441 0.09964
0.53263 0.09922
0.53081 0.09883
0.52895 0.09849
0.52702 0.09822
0.52501 0.09802
0.5229 0.09794
0.52066 0.09798
0.518280 0.09817
0.51585 0.09850
0.51346 0.09897
0.5112 0.09957
0.50916 0.1003
0.50743 0.10115
0.50503 0.10311
0.50443 0.10415
0.50426 0.1052
0.50454 0.10623
0.50519 0.10723
0.50615 0.1082
0.50731 0.10914
0.5086 0.11003
0.50995 0.11089
0.51134 0.1117
0.51277 0.1124700
0.51424 0.1132100
0.515740 0.11391
0.51727 0.11457
0.51883 0.11522
0.52042 0.11583
0.52202 0.11643
0.52364 0.11701
0.52527 0.11758
0.52692 0.11814
0.52856 0.11869
0.530210 0.11925
0.53186 0.1198
0.5335 0.12036
0.53514 0.12092
0.53677 0.12149
0.5384 0.122070
0.54001 0.12265
0.54162 0.12325
0.54321 0.12386
0.5448 0.12447
0.54637 0.12510
0.54793 0.12574
0.54948 0.1264
0.55101 0.12706
0.55254 0.127740
0.554050 0.12843
0.55554 0.12914
0.55703 0.12986
0.55849 0.13059
0.55995 0.13134
0.56139 0.1321
0.56281 0.13288
0.56422 0.13367
0.56562 0.13448
0.56699 0.1353
0.568350 0.136140
0.569690 0.137
0.57102 0.13788
0.57233 0.13877
0.57362 0.13968
0.5749 0.1406
0.576170 0.14154
0.577420 0.14248
0.57867 0.143440
0.57989 0.14442
0.5811 0.14541
0.58229 0.14643
0.58346 0.14746
0.5846 0.148510
0.58573 0.149590
0.58684 0.15068
0.587920 0.1518
0.58899 0.15293
0.590040 0.15408
0.59107 0.15526
0.59207 0.15645
0.59306 0.15767
0.59402 0.15891
0.59496 0.16017
0.59587 0.161460
0.596770 0.162770
0.59763 0.1641
0.59848 0.16546
0.599290 0.16685
0.60008 0.16826
0.600850 0.16970
0.60158 0.171170
0.60228 0.172660
0.60296 0.17419
0.60361 0.17574
0.60423 0.17732
0.60483 0.178920
0.60541 0.18055
0.60596 0.18219
0.6065 0.18386
0.60701 0.18555
0.6075 0.18726
0.60797 0.18899
0.60842 0.19074
0.60883 0.19253
0.60921 0.19436
0.60954 0.19623
0.60983 0.19813
0.61007 0.199990
0.61026 0.20172
0.61041 0.20322
0.61053 0.20441
0.6106 0.20522
0.610670 0.20559
*.*.Setup: Ga2.txt as Flap 1, Inverted: y, Scale = 1.0, AoA = 2.0, Reposition from (0,0) = (0, 0)*.*.
*.*.Setup: Ga2.txt as Flap 2, Inverted: y, Scale = 0.4, AoA = 27.0, Reposition from previous T.E. = (0.0067, 0.06), Reposition from (0,0) = (1.0078, 0.0458)*.*.
*.*.Setup: Ga2.txt as Flap 3, Inverted: y, Scale = 0.4, AoA = 45.0, Reposition from previous T.E. = (-0.01, 0.08), Reposition from (0,0) = (1.3631, 0.2899)*.*.
*.*.Setup: Scale Ratio = 0.36791*.*.