0.35051 0.05551
0.34854 0.053340
0.34569 0.05018
0.34231 0.04705
0.33819 0.04396
0.33315 0.04075
0.32704 0.03727
0.31982 0.0335
0.31157 0.02950
0.30252 0.02536
0.29292 0.02118
0.28299 0.01705
0.27289 0.01303
0.26271 0.00915
0.2525 0.00545
0.24225 0.00193
0.23193 -0.00141
0.22151 -0.00459
0.21092 -0.00764
0.20012 -0.01058
0.18908 -0.01346
0.17781 -0.0163
0.16637 -0.01912
0.15486 -0.02193
0.14343 -0.02467
0.13226 -0.02731
0.1215 -0.029740
0.11136 -0.03189
0.10192 -0.03366
0.09314 -0.03498
0.0849 -0.03584
0.07707 -0.03623
0.06956 -0.03618
0.06234 -0.035680
0.05536 -0.03474
0.04864 -0.03339
0.04219 -0.03164
0.03606 -0.02954
0.03034 -0.02716
0.02512 -0.02462
0.02051 -0.022040
0.016560 -0.01955
0.01323 -0.01718
0.010470 -0.01497
0.00819 -0.0129
0.00630 -0.010960
0.00474 -0.00914
0.00345 -0.00744
0.00239 -0.00584
0.00154 -0.0043300
0.00086 -0.00289
0.00036 -0.001520
0.000086 -0.00021
-0.00012 0.00106000
0.000005 0.00235
0.00055 0.003530
0.00154 0.00448
0.00284 0.0052
0.00437 0.00577
0.00613 0.006270
0.00818 0.00673
0.01058 0.00719
0.01344 0.00765
0.01694 0.00813
0.02132 0.00864
0.02689 0.00919
0.03391 0.00978
0.04235 0.01035
0.05184 0.0108
0.062060 0.01106
0.072940 0.01114
0.08437 0.01112
0.096160 0.01104
0.10812 0.01094
0.12006 0.01086
0.13185 0.01081
0.143450 0.01083
0.15487 0.01095
0.16608 0.011180
0.177110 0.01156
0.18797 0.0121
0.19868 0.01282
0.20925 0.01374
0.219700 0.01486
0.23005 0.01619
0.2403 0.01775
0.25046 0.01954
0.260540 0.02156
0.27053 0.02381
0.28042 0.02629
0.29016 0.02899
0.29966 0.03188
0.3088 0.03492
0.31735 0.03803
0.32509 0.04112
0.33185 0.04413
0.33761 0.04702
0.34243 0.04979
0.34645 0.05243
0.35051 0.05551
-Inserting Flap s1223rtl-
0.51132 0.14825
0.51068 0.14693
0.50974 0.14502
0.50855 0.14305
0.50699 0.141
0.50501 0.13876
0.50255 0.13624
0.4996 0.13344
0.49619 0.13038
0.49241 0.12714
0.48837 0.123810
0.48417 0.12046
0.47987 0.11713
0.47551 0.11386
0.47111 0.11068
0.46667 0.10757
0.46217 0.10454
0.4576 0.10158
0.45293 0.09865
0.44815 0.09575
0.44324 0.09285
0.438210 0.08993
0.4331 0.087
0.42796 0.08406
0.42285 0.08117
0.41784 0.07836
0.413 0.075710
0.40842 0.07328
0.40413 0.07113
0.4001 0.069280
0.396250 0.06773
0.39254 0.066460
0.38893 0.06546
0.38538 0.0647
0.3819 0.06419
0.37849 0.06392
0.37515 0.063870
0.37191 0.06403
0.36883 0.06439
0.36597 0.06489
0.3634 0.06549
0.36116 0.06615
0.35924 0.0668200
0.3576 0.06751
0.35622 0.06819
0.35504 0.06886
0.35404 0.069520
0.35319 0.07016
0.35246 0.07078
0.35184 0.07139
0.35132 0.07199
0.35089 0.07258
0.35055 0.073160
0.3503 0.073750
0.35018 0.07439
0.35028 0.07503
0.35063 0.07563
0.35116 0.07615
0.35181 0.07663
0.35259 0.07712
0.353510 0.07762
0.3546 0.07817
0.35591 0.07879
0.35753 0.0795
0.35957 0.08035
0.36216 0.08138
0.36546 0.08263
0.36943 0.08407
0.37393 0.08559
0.37881 0.08713
0.38403 0.088670
0.38952 0.09023
0.3952 0.091820
0.40097 0.09342
0.40671 0.09502
0.412390 0.09663
0.41796 0.09824
0.42343 0.09986
0.42879 0.10152
0.43404 0.10322
0.439180 0.10498
0.44423 0.1068
0.44919 0.1087
0.45406 0.110680
0.45884 0.11275
0.46355 0.11491
0.468190 0.11717
0.47276 0.11953
0.47725 0.121990
0.48166 0.12454
0.48597 0.12718
0.49014 0.12988
0.49411 0.1326
0.49779 0.13527
0.501090 0.13783
0.50392 0.14020
0.50629 0.142390
0.50823 0.14438
0.50979 0.1462
0.51132 0.14825
-Inserting Flap s1223rtl-
0.66377 0.26777
0.66336 0.26636
0.662770 0.26431
0.66194 0.26216
0.66076 0.25987
0.65920 0.25733
0.65722 0.25442
0.65480 0.2511500
0.65197 0.24754
0.64881 0.24369
0.64541 0.23971
0.64185 0.23568
0.6382 0.23166
0.63447 0.22769
0.63069 0.22378
0.62686 0.21996
0.62296 0.21619
0.61897 0.21248
0.61488 0.20879
0.6106700 0.2051
0.60634 0.20139
0.6019 0.19764
0.59737 0.19386
0.59282 0.19008
0.58828 0.18634
0.583840 0.18271
0.579540 0.17926
0.57545 0.17607
0.5716 0.1732
0.5679400 0.17069
0.56443 0.16849
0.56099 0.1666
0.55761 0.16498
0.55425 0.16362
0.55091 0.16251
0.54759 0.16165
0.54431 0.16102
0.5411 0.16062
0.538 0.16043
0.5351 0.16043
0.53247 0.16058
0.53014 0.16084
0.52813 0.16117
0.526410 0.16156
0.52492 0.16199
0.52365 0.16245
0.52255 0.162920
0.5216 0.1634
0.52077 0.16389
0.52006 0.16438
0.51944 0.16488
0.51891 0.165390
0.51848 0.1659
0.51813 0.16644
0.5179 0.16705
0.51789 0.16770
0.51813 0.16834
0.518560 0.16895
0.51912 0.16954
0.51980 0.17015
0.52062 0.17081
0.5216 0.17154
0.522780 0.17237
0.52425 0.17336
0.526110 0.17455
0.52849 0.17602
0.53151 0.17782
0.53518 0.17992
0.53935 0.18221
0.54388 0.18456
0.54875 0.18698
0.55389 0.18948
0.55921 0.19203
0.56461 0.19461
0.56999 0.19719
0.5753 0.199750
0.58051 0.2023
0.58561 0.20485
0.5906 0.20742
0.59548 0.21001
0.60024 0.21263
0.60489 0.2153
0.60944 0.21803
0.6139 0.22082
0.618250 0.22369
0.62251 0.22664
0.626690 0.22967
0.63078 0.23279
0.63477 0.23599
0.638670 0.23927
0.64246 0.24262
0.6461 0.246
0.64954 0.24937
0.6527 0.25264
0.6555 0.25573
0.65788 0.25856
0.65983 0.26112
0.66139 0.26342
0.66262 0.26549
0.66377 0.26777
*.*.Setup: s1223rtl.txt as Flap 1, Inverted: y, Scale = 1.0, AoA = 9.0, Reposition from (0,0) = (0, 0)*.*.
*.*.Setup: s1223rtl.txt as Flap 2, Inverted: y, Scale = 0.5, AoA = 25.0, Reposition from previous T.E. = (0.0, 0.05), Reposition from (0,0) = (0.9877, 0.2064)*.*.
*.*.Setup: s1223rtl.txt as Flap 3, Inverted: y, Scale = 0.5, AoA = 35.0, Reposition from previous T.E. = (0.02, 0.05), Reposition from (0,0) = (1.4608, 0.4677)*.*.
*.*.Setup: Scale Ratio = 0.35488*.*.