0.37177 -0.0313
0.37095 -0.032070
0.36932 -0.03355
0.36690 -0.03573
0.36384 -0.03845
0.360290 -0.04152
0.35641 -0.04473
0.35239 -0.04788
0.34834 -0.050820
0.3443 -0.05355
0.34027 -0.05608
0.33624 -0.058460
0.33222 -0.060710
0.3282 -0.06287
0.32418 -0.06494
0.32017 -0.06693
0.31616 -0.06883
0.31215 -0.07066
0.30814 -0.07243
0.30414 -0.07412
0.30014 -0.07575
0.29614 -0.07733
0.29214 -0.07884
0.28815 -0.0803
0.28415 -0.08169
0.28016 -0.08303
0.27617 -0.08431
0.27219 -0.08552
0.2682 -0.08666
0.26422 -0.08775
0.26024 -0.08878
0.25626 -0.08978
0.25228 -0.09074
0.24831 -0.09167
0.24433 -0.09257
0.24036 -0.09344
0.23638 -0.09426
0.23241 -0.09504
0.22844 -0.09577
0.22448 -0.09644
0.22051 -0.09707
0.21655 -0.09765
0.21258 -0.09818
0.20862 -0.09867
0.20466 -0.09912
0.2007 -0.099530
0.196750 -0.09989
0.19279 -0.10022
0.18884 -0.10052
0.18488 -0.10077
0.18093 -0.10099
0.17698 -0.10116
0.17303 -0.10129
0.16909 -0.101370
0.16514 -0.1014
0.1612 -0.10138
0.15725 -0.10132
0.15331 -0.10121
0.14937 -0.10105
0.14544 -0.10085
0.1415 -0.10059
0.13757 -0.10029
0.13364 -0.09993
0.12971 -0.09952
0.12578 -0.09906
0.12185 -0.09856
0.11793 -0.09801
0.114 -0.09743
0.11008 -0.0968100
0.10616 -0.09614
0.10224 -0.09542
0.09832 -0.09463
0.09441 -0.09376
0.0905 -0.0928
0.08659 -0.09175
0.08269 -0.0906
0.07879 -0.089370
0.07489 -0.08805
0.07099 -0.08664
0.0671 -0.08512
0.06322 -0.083480
0.05933 -0.08171
0.05546 -0.07979
0.05159 -0.0777
0.047720 -0.07546
0.04386 -0.07305
0.04 -0.07049
0.03615 -0.06778
0.03231 -0.06492
0.02847 -0.06183
0.02465 -0.058440
0.02084 -0.05468
0.01704 -0.05045
0.01329 -0.04574
0.0097 -0.040670
0.00644 -0.03542
0.00365 -0.03019
0.00149 -0.02515
7e-05 -0.02048
-0.00044 -0.012670
0.00045 -0.00974
0.0021 -0.00762
0.00448 -0.00635
0.00747 -0.00584
0.01092 -0.00592
0.01466 -0.00647
0.01855 -0.00731
0.02245 -0.008340
0.02636 -0.00951
0.03026 -0.01083
0.03415 -0.01227
0.03804 -0.01384
0.04192 -0.01552
0.04581 -0.01731
0.04968 -0.01918
0.05356 -0.021120
0.05744 -0.02312
0.06131 -0.02516
0.06518 -0.02723
0.06905 -0.02932
0.07292 -0.03142
0.07679 -0.033510
0.08067 -0.0356
0.08454 -0.03766
0.08841 -0.0397
0.09228 -0.04171
0.09616 -0.04369
0.10004 -0.04563
0.10391 -0.04754
0.10779 -0.0494
0.11167 -0.05123
0.11555 -0.05301
0.11944 -0.05475
0.12332 -0.05645
0.12721 -0.0581
0.1311 -0.0597
0.13499 -0.06125
0.13888 -0.062750
0.14277 -0.06421
0.14667 -0.06561
0.15057 -0.06696
0.15446 -0.06826
0.15837 -0.0695
0.16227 -0.07068
0.16617 -0.07181
0.17008 -0.07287
0.173990 -0.07387
0.1779 -0.07482
0.18181 -0.0757
0.18573 -0.076530
0.18965 -0.07731
0.19356 -0.07804
0.19749 -0.07873
0.20141 -0.07936
0.20533 -0.07995
0.20926 -0.08047
0.21319 -0.08092
0.21712 -0.0813
0.22105 -0.08161
0.22499 -0.081840
0.22892 -0.082
0.23287 -0.08209
0.23681 -0.082110
0.24076 -0.0820500
0.24470 -0.08193
0.24866 -0.081730
0.25261 -0.08145
0.25657 -0.08109
0.26053 -0.08064
0.26449 -0.08012
0.26845 -0.07951
0.27242 -0.07881
0.27639 -0.07803
0.28037 -0.07715
0.28435 -0.07618
0.28833 -0.0751
0.29231 -0.07393
0.2963 -0.07264
0.3003 -0.07126
0.3042900 -0.06978
0.30829 -0.06821
0.31229 -0.06655
0.3163 -0.06482
0.3203 -0.06301
0.32431 -0.06112
0.32833 -0.05915
0.332340 -0.05711
0.33636 -0.05499
0.34038 -0.05278
0.34441 -0.05046
0.34844 -0.048
0.35247 -0.04539
0.35649 -0.04264
0.36034 -0.03987
0.36388 -0.03725
0.36693 -0.03493
0.36934 -0.03308
0.37096 -0.03183
0.37177 -0.0313
-Inserting Flap Ga2-
0.51038 0.05965
0.51025 0.05922
0.50996 0.05839
0.50954 0.05716
0.509 0.05561
0.50835 0.05385
0.50761 0.05198
0.50682 0.05009
0.50597 0.04828
0.50509 0.04654
0.504170 0.04487
0.50322 0.04326
0.50225 0.04169
0.50126 0.04016
0.50026 0.03865
0.49924 0.03718
0.498210 0.03574
0.497160 0.03432
0.4961 0.03292
0.495030 0.031550
0.49394 0.03021
0.49285 0.028880
0.49174 0.02758
0.49063 0.02629
0.4895 0.025030
0.48837 0.02379
0.48722 0.02257
0.48606 0.02137
0.48489 0.0202
0.4837 0.01905
0.48251 0.017910
0.48131 0.01679
0.48011 0.01569
0.4789 0.01459
0.47768 0.0135
0.47646 0.01243
0.475230 0.01137
0.47399 0.01033
0.47274 0.0093
0.47149 0.0083
0.47022 0.00731
0.46894 0.00634
0.46766 0.00538
0.46637 0.00444
0.46507 0.00352
0.46377 0.00261000
0.46245 0.00171
0.46113 0.00083
0.45981 -4e-05
0.45847 -0.0009
0.45713 -0.00174
0.45578 -0.002560
0.45443 -0.00337
0.45306 -0.00417
0.45169 -0.00494
0.4503 -0.0057
0.44891 -0.00645
0.44751 -0.00717
0.44611 -0.00788
0.44469 -0.00857
0.44326 -0.00925
0.44183 -0.0099
0.44038 -0.01054
0.43893 -0.01116
0.43746 -0.01176
0.43599 -0.01234
0.43451 -0.01291
0.43303 -0.01347
0.43154 -0.01402
0.43003 -0.01454
0.42852 -0.01505
0.427 -0.01553
0.42546 -0.01599
0.42391 -0.01641
0.42234 -0.0168
0.42075 -0.01716
0.41915 -0.01748
0.41753 -0.01778
0.41589 -0.01804
0.41423 -0.01826
0.412560 -0.018440
0.41085 -0.01857
0.40912 -0.01865
0.40737 -0.01867
0.40558 -0.01864
0.40376 -0.01854
0.40192 -0.0184
0.40004 -0.0182
0.39814 -0.01794
0.3962 -0.0176
0.39421 -0.01716
0.39214 -0.01658
0.39 -0.01584
0.38777 -0.01492
0.38553 -0.01384
0.38337 -0.01264
0.38138 -0.01135
0.379650 -0.01
0.37825 -0.00864
0.37655 -0.006010
0.3763 -0.00482
0.37646 -0.00375
0.37705 -0.00285
0.378 -0.00209
0.37922 -0.001450
0.38063 -0.00091
0.382160 -0.00046
0.38372 -6e-05
0.38532 0.00029
0.38693 0.00059
0.38858 0.00084
0.39024 0.00104
0.39193 0.00121
0.39363 0.00133
0.39535 0.00143
0.39708 0.001510
0.39883 0.001560
0.40058 0.00159
0.40233 0.00162
0.40409 0.0016400
0.40585 0.00166
0.40762 0.00167
0.4093700 0.0017
0.41113 0.00173
0.41288 0.00176
0.41462 0.00181
0.41636 0.001870
0.4181 0.00194
0.41982 0.00203
0.42154 0.00213
0.42325 0.00224
0.42496 0.00237
0.42665 0.00251
0.42834 0.00267
0.43002 0.002850
0.43169 0.003040
0.43335 0.00326
0.43501 0.00348
0.43665 0.003730
0.43829 0.00399
0.43991 0.00428
0.44153 0.00458
0.44313 0.00490
0.44473 0.005250
0.44631 0.00561
0.44788 0.006
0.44945 0.0064
0.451 0.00683
0.45254 0.007280
0.45407 0.0077500
0.45559 0.00824
0.4571 0.008740
0.45861 0.00926
0.4601 0.0098
0.46159 0.01036
0.46306 0.01093
0.46453 0.01154
0.46597 0.01217
0.46741 0.01282
0.46883 0.01351
0.47024 0.01421
0.47164 0.01495
0.47302 0.0157
0.47439 0.01649
0.47575 0.0173
0.47709 0.01813
0.47842 0.019
0.47973 0.01989
0.48103 0.020820
0.48232 0.02177
0.483590 0.02275
0.48484 0.02376
0.48608 0.02481
0.4873 0.02589
0.4885 0.027
0.48969 0.02815
0.49085 0.02933
0.492 0.03055
0.49313 0.03181
0.49424 0.0331
0.495330 0.03443
0.49641 0.03578
0.49748 0.03717
0.49853 0.038580
0.49956 0.04002
0.50059 0.04148
0.50159 0.04298
0.50259 0.04450
0.50357 0.04605
0.50453 0.04764
0.50546 0.04928
0.50636 0.05098
0.50724 0.05272
0.50805 0.05444
0.50878 0.05604
0.50939 0.05744
0.50988 0.05856
0.5102 0.05931
0.51038 0.05965
-Inserting Flap Ga2-
0.59860 0.18222
0.5986 0.18178
0.59859 0.1809
0.59857 0.17959
0.59853 0.17795
0.59846 0.176080
0.59834 0.17407
0.59816 0.17203
0.59792 0.17005
0.59761 0.16812
0.59725 0.16625
0.596850 0.16442
0.59641 0.162630
0.59595 0.16087
0.595460 0.15913
0.5949400 0.15741
0.59441 0.15572
0.59385 0.1540500
0.59327 0.15239
0.59268 0.150760
0.59206 0.14914
0.59143 0.14755
0.59078 0.14596
0.59012 0.1444
0.589440 0.14285
0.588740 0.14131
0.58803 0.1398
0.5873 0.1383
0.58654 0.13683
0.58577 0.13536
0.58499 0.13392
0.5842 0.13248
0.58339 0.13106
0.58258 0.12964
0.58176 0.12823
0.58093 0.12683
0.58009 0.12544
0.579230 0.12407
0.57836 0.12271
0.57748 0.12137
0.57658 0.12003
0.57566 0.11872
0.57474 0.11741
0.5738 0.11612
0.57285 0.11484
0.57189 0.11357
0.57092 0.11231
0.56994 0.11106
0.56894 0.10983
0.56794 0.1086
0.56693 0.10739
0.5659 0.10618
0.56486 0.10499
0.5638 0.10382
0.56274 0.10266
0.56166 0.10151
0.56056 0.10037
0.55946 0.099250
0.55834 0.09814
0.5572 0.09704
0.55605 0.095960
0.55489 0.09489
0.55371 0.09384
0.55252 0.0928
0.551320 0.09178
0.55010 0.09077
0.54887 0.08977
0.54763 0.08878
0.546380 0.0878
0.54511 0.08683
0.54383 0.08589
0.54253 0.08496
0.54121 0.08405
0.53986 0.08317
0.538490 0.08231
0.53709 0.081480
0.53566 0.08067
0.534210 0.07989
0.53274 0.07914
0.531230 0.07842
0.52969 0.07773
0.52811 0.07707
0.52649 0.07646
0.52483 0.0759
0.52312 0.07538
0.52136 0.07491
0.51956 0.07448
0.51772 0.07409
0.51583 0.07375
0.51388 0.07347
0.51185 0.07327
0.5097 0.07319
0.50743 0.07323
0.5050300 0.07342
0.50257 0.07375
0.50014 0.07423
0.49785 0.07484
0.49579 0.07558
0.49403 0.07644
0.49161 0.07842
0.491 0.07948
0.49083 0.08054
0.49111 0.08159
0.49177 0.0826
0.49274 0.08358
0.49391 0.08453
0.49522 0.085440
0.49659 0.0863
0.498 0.08712
0.49944 0.0879
0.50093 0.08865
0.50245 0.08936
0.504 0.09004
0.50558 0.09069
0.50719 0.09131
0.50881 0.09191
0.51046 0.0925
0.51211 0.09308
0.51377 0.09365
0.51544 0.094210
0.517110 0.09477
0.51878 0.09533
0.52044 0.09589
0.5221 0.09646
0.52376 0.09704
0.5254 0.09763
0.52704 0.09822
0.52866 0.09882
0.53028 0.09944
0.53188 0.10006
0.53348 0.1007
0.53506 0.10135
0.53662 0.10201
0.53818 0.10269
0.53972 0.10337
0.541250 0.10407
0.54277 0.10479
0.54427 0.10552
0.54576 0.10626
0.54723 0.10701
0.54869 0.10779
0.55013 0.108570
0.55156 0.10938
0.55297 0.1102
0.55436 0.11103
0.555740 0.11188
0.55710 0.11275
0.55844 0.11364
0.55977 0.11454
0.56108 0.115460
0.56237 0.1164
0.563660 0.11734
0.564930 0.11830
0.56619 0.11928
0.56743 0.12026
0.56865 0.12127
0.56985 0.1223
0.57104 0.12334
0.5722 0.12441
0.57334 0.1255
0.57446 0.12661
0.575560 0.12774
0.57665 0.12888
0.577710 0.13005
0.57875 0.13124
0.57977 0.13245
0.58076 0.13369
0.58174 0.13494
0.58269 0.13622
0.58361 0.13752
0.584520 0.13885
0.5854 0.1402
0.58625 0.141580
0.587080 0.14298
0.58788 0.14441
0.58865 0.14587
0.58939 0.14735
0.59011 0.14887
0.59079 0.15042
0.59145 0.15199
0.59208 0.15359
0.59269 0.15521
0.59327 0.15685
0.59383 0.158520
0.59438 0.16021
0.5949 0.16192
0.59539 0.16365
0.59587 0.1654
0.59632 0.16718
0.596740 0.16899
0.59712 0.170840
0.59746 0.17274
0.59775 0.17466
0.59799 0.17655
0.59819 0.1783
0.59834 0.17982
0.59846 0.18103
0.59853 0.18184
0.59860 0.18222
*.*.Setup: Ga2.txt as Flap 1, Inverted: y, Scale = 1.0, AoA = -2.0, Reposition from (0,0) = (0, 0)*.*.
*.*.Setup: Ga2.txt as Flap 2, Inverted: y, Scale = 0.4, AoA = 27.0, Reposition from previous T.E. = (0.0067, 0.08), Reposition from (0,0) = (1.0043, -0.004)*.*.
*.*.Setup: Ga2.txt as Flap 3, Inverted: y, Scale = 0.4, AoA = 45.0, Reposition from previous T.E. = (-0.06, 0.06), Reposition from (0,0) = (1.3097, 0.2201)*.*.
*.*.Setup: Scale Ratio = 0.37263*.*.