0.36315 0.03817
0.361010 0.03604
0.35791 0.03295
0.35427 0.02991
0.34986 0.02696
0.344510 0.023940
0.33805 0.02069
0.33043 0.0172
0.321740 0.01353
0.312210 0.00976
0.30212 0.00599
0.2917 0.00228
0.28110 -0.001310
0.27043 -0.00474
0.25974 -0.008
0.24902 -0.011060
0.23824 -0.01394
0.22736 -0.01665
0.2163100 -0.01921
0.20506 -0.02165
0.19356 -0.02401
0.18183 -0.02632
0.16992 -0.02861
0.15794 -0.030870
0.14605 -0.03308
0.13443 -0.03518
0.12325 -0.0371
0.1127 -0.03877
0.10291 -0.04007
0.09382 -0.04096
0.08531 -0.0414
0.07724 -0.04138
0.06953 -0.04092
0.06213 -0.04001
0.05502 -0.03868
0.04818 -0.03693
0.041650 -0.03478
0.03546 -0.03229
0.02971 -0.02954
0.02449 -0.02665
0.01989 -0.023760
0.01596 -0.02098
0.01267 -0.01837
0.00995 -0.01595
0.00772 -0.01369
0.005880 -0.0116
0.00437 -0.009650
0.00314 -0.00783
0.00214 -0.00613
0.00134 -0.004530
0.00073 -0.00302
0.00029 -0.00158
0.000055 -0.00022
-6e-05 0.0011
0.00013 0.00241
0.00076 0.0036
0.00183 0.00452
0.00320 0.00519
0.0048 0.005690
0.00664 0.00611
0.00877 0.00648
0.01125 0.00682
0.01422 0.00714
0.01785 0.00744
0.02238 0.007730
0.02813 0.008
0.03537 0.00822
0.04407 0.008350
0.05385 0.0083
0.06437 0.00802
0.07555 0.00752
0.08729 0.00688
0.0994 0.00616
0.11169 0.00542
0.12395 0.00469
0.136060 0.00401
0.14799 0.00341
0.159720 0.00291
0.17125 0.00255
0.18261 0.00234
0.19380 0.00231
0.20484 0.00247
0.21575 0.00285
0.22655 0.00343
0.23725 0.00425
0.24787 0.0053
0.25841 0.00659
0.26887 0.00813
0.27926 0.0099
0.28955 0.01192
0.29971 0.014160
0.30963 0.01662
0.31918 0.01925
0.32813 0.02198
0.33625 0.02475
0.343360 0.02747
0.34943 0.03013
0.35454 0.03272
0.35881 0.035210
0.36315 0.03817
-Inserting Flap s1223rtl-
0.52 0.16115
0.51959 0.1597
0.518980 0.15759
0.51812 0.15538
0.51691 0.153030
0.51530 0.150400
0.51327 0.14742
0.510780 0.14404
0.50787 0.14033
0.50462 0.13638
0.50112 0.13228
0.49746 0.12813
0.49369 0.12399
0.48986 0.119910
0.48597 0.11589
0.48203 0.11195
0.4780100 0.10808
0.47391 0.10426
0.4697 0.10046
0.46537 0.09666
0.46092 0.09284
0.45634 0.08899
0.45169 0.0851
0.4470 0.08121
0.44234 0.07736
0.437760 0.07363
0.433340 0.07008
0.42913 0.06679
0.42517 0.06385
0.421410 0.06126
0.41779 0.059
0.41426 0.05705
0.41077 0.05539
0.40732 0.05399
0.40388 0.052850
0.40047 0.05196
0.39709 0.05131
0.39379 0.0509
0.3906 0.05071
0.38762 0.05071
0.38491 0.05086
0.38251 0.05112
0.38044 0.05146
0.378670 0.05186
0.37714 0.05231
0.37583 0.05278
0.3747 0.05327
0.37372 0.05376
0.37287 0.05426
0.372130 0.05477
0.3715 0.05528
0.37096 0.0558
0.37051 0.05633
0.37015 0.05689
0.36992 0.05751
0.36991 0.05818
0.37015 0.05885
0.370590 0.05947
0.37117 0.06008
0.371870 0.06071
0.37271 0.06138
0.37372 0.06213
0.374940 0.06299
0.37645 0.06401
0.378360 0.06523
0.38081 0.06674
0.38392 0.06859
0.3877 0.07076
0.39198 0.07311
0.39665 0.07554
0.40166 0.07803
0.40695 0.08059
0.41242 0.08322
0.41798 0.08587
0.42351 0.08852
0.42898 0.09116
0.43434 0.09379
0.43959 0.09641
0.44472 0.09905
0.44974 0.10171
0.45464 0.104410
0.45943 0.10716
0.46411 0.10997
0.46869 0.112840
0.473170 0.1158
0.47756 0.11883
0.481850 0.12195
0.48606 0.12515
0.49017 0.12845
0.49418 0.13183
0.49808 0.13527
0.50182 0.13875
0.50536 0.14221
0.50862 0.14558
0.5115 0.14876
0.51395 0.15167
0.51595 0.15431
0.51756 0.15668
0.51882 0.158800
0.52 0.16115
-Inserting Flap s1223rtl-
0.6586 0.28412
0.65819 0.28268
0.65758 0.28057
0.65672 0.27836
0.65551 0.276
0.65391 0.27338
0.65187 0.27039
0.64938 0.26702
0.64647 0.263310
0.64322 0.25935
0.63972 0.25526
0.63606 0.25111
0.632290 0.24697
0.62846 0.24288
0.62457 0.23887
0.62063 0.23493
0.61661 0.23106
0.61251 0.227230
0.6083 0.22344
0.60397 0.21964
0.59952 0.21582
0.59495 0.21197
0.59029 0.20808
0.5856 0.20419
0.58094 0.20034
0.57636 0.1966
0.57194 0.19305
0.56773 0.18977
0.56377 0.18682
0.56001 0.18423
0.55639 0.18198
0.552860 0.18003
0.54937 0.17836
0.54592 0.17696
0.54248 0.17582
0.53907 0.17493
0.53569 0.174290
0.53239 0.17388
0.52920 0.17368
0.52622 0.17368
0.52351 0.173830
0.521110 0.1741
0.51904 0.174440
0.51727 0.17484
0.51574 0.17528
0.51443 0.175760
0.5133 0.17624
0.51232 0.17674
0.51147 0.17724
0.51074 0.17775
0.5101 0.17826
0.50956 0.17878
0.50911 0.17931
0.50875 0.17987
0.50852 0.180490
0.50851 0.18116
0.50875 0.18182
0.50919 0.18245
0.50977 0.18306
0.51047 0.18368
0.51131 0.18436
0.51232 0.185110
0.51354 0.18597
0.51505 0.18698
0.51696 0.188210
0.51941 0.18972
0.52252 0.191570
0.5263 0.19374
0.53058 0.19609
0.53525 0.19851
0.54026 0.201
0.54555 0.20357
0.55102 0.20619
0.55658 0.20885
0.56212 0.2115
0.56758 0.21414
0.57294 0.21676
0.578190 0.21939
0.58332 0.22203
0.58834 0.22469
0.59324 0.22739
0.59803 0.23014
0.6027100 0.23295
0.60729 0.23582
0.61177 0.23877
0.61616 0.2418
0.62045 0.24492
0.62466 0.24813
0.62877 0.25143
0.63278 0.2548
0.63668 0.25825
0.64042 0.26173
0.64396 0.26519
0.64722 0.26856
0.6501 0.271730
0.65255 0.27465
0.65455 0.27728
0.65616 0.27965
0.657420 0.28178
0.6586 0.28412
*.*.Setup: s1223rtl.txt as Flap 1, Inverted: y, Scale = 1.0, AoA = 6.0, Reposition from (0,0) = (0, 0)*.*.
*.*.Setup: s1223rtl.txt as Flap 2, Inverted: y, Scale = 0.5, AoA = 35.0, Reposition from previous T.E. = (0.02, 0.05), Reposition from (0,0) = (1.0145, 0.1545)*.*.
*.*.Setup: s1223rtl.txt as Flap 3, Inverted: y, Scale = 0.5, AoA = 35.0, Reposition from previous T.E. = (-0.03, 0.05), Reposition from (0,0) = (1.3941, 0.4913)*.*.
*.*.Setup: Scale Ratio = 0.36515*.*.