0.38479 -0.0324
0.38394 -0.033190
0.38226 -0.03472
0.379760 -0.03698
0.37658 -0.0398
0.372910 -0.04297
0.3689 -0.04629
0.36473 -0.04956
0.36054 -0.05260
0.35636 -0.05542
0.35219 -0.05804
0.34802 -0.060510
0.34385 -0.062840
0.33969 -0.06507
0.33554 -0.06721
0.33138 -0.06927
0.32723 -0.07124
0.32308 -0.07314
0.31894 -0.07496
0.31479 -0.07672
0.31065 -0.07841
0.30651 -0.08003
0.30238 -0.0816
0.29824 -0.08311
0.29411 -0.08456
0.28998 -0.08594
0.28585 -0.08726
0.28172 -0.08852
0.2776 -0.0897
0.27348 -0.09082
0.26936 -0.09189
0.26524 -0.09292
0.26112 -0.09391
0.25701 -0.09488
0.25289 -0.09581
0.24878 -0.09671
0.24466 -0.09757
0.24055 -0.09837
0.23645 -0.09912
0.23234 -0.09982
0.22823 -0.10047
0.22413 -0.10107
0.22003 -0.10162
0.21593 -0.10213
0.21183 -0.10259
0.20773 -0.103010
0.203640 -0.10339
0.19954 -0.10373
0.19545 -0.10404
0.19136 -0.1043
0.18727 -0.10453
0.18318 -0.1047
0.17909 -0.10484
0.17501 -0.104920
0.17092 -0.10495
0.16684 -0.10494
0.16276 -0.10487
0.15868 -0.10476
0.15461 -0.10459
0.15053 -0.10438
0.14646 -0.10412
0.14239 -0.1038
0.13832 -0.10343
0.13425 -0.10301
0.13018 -0.10253
0.12612 -0.10201
0.12206 -0.10145
0.118 -0.10084
0.11394 -0.100200
0.10988 -0.09951
0.10582 -0.09876
0.10177 -0.09795
0.09772 -0.09704
0.09367 -0.09605
0.08963 -0.09496
0.08558 -0.09378
0.08155 -0.09250
0.07751 -0.09113
0.07348 -0.08967
0.06945 -0.0881
0.06543 -0.086410
0.06141 -0.08457
0.0574 -0.08258
0.05339 -0.08043
0.049390 -0.0781
0.0454 -0.07561
0.04141 -0.07296
0.03742 -0.07016
0.03344 -0.06719
0.02947 -0.064
0.02551 -0.060490
0.02157 -0.05659
0.01764 -0.05222
0.01375 -0.04734
0.01004 -0.042090
0.00667 -0.03666
0.00378 -0.03125
0.00154 -0.02603
8e-05 -0.02119
-0.00046 -0.013110
0.00046 -0.01009
0.00217 -0.00788
0.00464 -0.00657
0.00774 -0.00604
0.0113 -0.00613
0.01517 -0.00669
0.01919 -0.00757
0.02324 -0.008630
0.02728 -0.00985
0.03132 -0.01121
0.03535 -0.0127
0.03937 -0.01432
0.04339 -0.01607
0.04741 -0.01791
0.05143 -0.01985
0.05544 -0.021860
0.05945 -0.02393
0.06346 -0.02604
0.06746 -0.02818
0.07147 -0.03035
0.07548 -0.03252
0.07948 -0.034690
0.08349 -0.03684
0.0875 -0.03898
0.09151 -0.04109
0.09552 -0.04317
0.09953 -0.04522
0.10354 -0.04723
0.10755 -0.0492
0.11157 -0.05113
0.11558 -0.05302
0.1196 -0.05487
0.12362 -0.05667
0.12764 -0.05842
0.13167 -0.06013
0.13569 -0.06179
0.13972 -0.0634
0.14374 -0.064950
0.14777 -0.06646
0.15181 -0.06791
0.15584 -0.06931
0.15987 -0.07065
0.16391 -0.07193
0.16795 -0.07316
0.17199 -0.07432
0.17604 -0.07542
0.180080 -0.07646
0.18413 -0.07744
0.18818 -0.07835
0.19223 -0.079210
0.19629 -0.08001
0.20034 -0.08077
0.2044 -0.08148
0.20846 -0.08214
0.21252 -0.08275
0.21659 -0.08329
0.22065 -0.08376
0.22472 -0.08415
0.22879 -0.08446
0.23287 -0.08470
0.23694 -0.08487
0.24102 -0.08496
0.2451 -0.084980
0.24919 -0.0849300
0.253270 -0.0848
0.25736 -0.084590
0.26146 -0.0843
0.26555 -0.08393
0.26965 -0.08347
0.27375 -0.08293
0.27786 -0.08229
0.28196 -0.08157
0.28607 -0.08076
0.29019 -0.07985
0.29431 -0.07884
0.29843 -0.07773
0.30255 -0.07651
0.30668 -0.07519
0.31081 -0.07376
0.3149500 -0.07222
0.31909 -0.0706
0.32323 -0.06889
0.32738 -0.06709
0.33152 -0.06521
0.33567 -0.06326
0.33983 -0.06122
0.343980 -0.05911
0.34814 -0.05692
0.35231 -0.05463
0.35647 -0.05223
0.36064 -0.04968
0.36482 -0.04698
0.36897 -0.04413
0.37297 -0.04127
0.37663 -0.03855
0.37979 -0.03615
0.38227 -0.03424
0.38395 -0.03295
0.38479 -0.0324
-Inserting Flap Ga2-
0.52826 0.05402
0.52812 0.05358
0.52782 0.05272
0.52739 0.05145
0.52682 0.04984
0.52615 0.04802
0.52539 0.04608
0.52457 0.04413
0.52369 0.04225
0.52278 0.04046
0.521830 0.03873
0.52085 0.03706
0.51984 0.03544
0.51882 0.03385
0.51778 0.03229
0.51673 0.03077
0.515660 0.02927
0.514570 0.02781
0.51348 0.02636
0.512370 0.024950
0.51124 0.02355
0.51011 0.022180
0.50897 0.02083
0.50781 0.0195
0.50665 0.018190
0.50547 0.01691
0.50428 0.01564
0.50308 0.01441
0.50187 0.01319
0.50065 0.012
0.49941 0.010830
0.49817 0.00967
0.49692 0.00852
0.49567 0.00739
0.49441 0.00626
0.49315 0.00515
0.491870 0.00405
0.49059 0.00297
0.4893 0.00191
0.488 0.00087
0.48669 -0.00015
0.48537 -0.00115
0.48404 -0.00214
0.48271 -0.00312
0.48136 -0.00407
0.48001 -0.00501000
0.47865 -0.00594
0.47729 -0.00685
0.47591 -0.00775
0.47453 -0.00864
0.47314 -0.00951
0.47175 -0.010370
0.47034 -0.01121
0.46893 -0.01203
0.46751 -0.01283
0.46608 -0.01362
0.46464 -0.01438
0.46319 -0.01514
0.46173 -0.01587
0.46026 -0.01659
0.45879 -0.01728
0.4573 -0.01796
0.45581 -0.01862
0.4543 -0.01926
0.45279 -0.01988
0.45126 -0.02049
0.44973 -0.02108
0.4482 -0.02166
0.44665 -0.02222
0.4451 -0.02277
0.44353 -0.02329
0.44196 -0.02379
0.44036 -0.02426
0.43876 -0.0247
0.43713 -0.0251
0.43549 -0.02547
0.43383 -0.02581
0.43215 -0.02611
0.43046 -0.02638
0.42874 -0.02661
0.427010 -0.02680
0.42524 -0.02694
0.42345 -0.02702
0.42163 -0.02704
0.41978 -0.027
0.4179 -0.02691
0.41599 -0.02676
0.41406 -0.02655
0.41209 -0.02628
0.41008 -0.02593
0.40801 -0.02547
0.40588 -0.02488
0.40366 -0.02411
0.40135 -0.02315
0.39903 -0.02204
0.3968 -0.02079
0.39474 -0.01946
0.392950 -0.01807
0.3915 -0.01666
0.38974 -0.013930
0.38948 -0.0127
0.38965 -0.0116
0.39026 -0.01066
0.39124 -0.00987
0.3925 -0.009210
0.39396 -0.00866
0.395540 -0.00819
0.39716 -0.00777
0.39881 -0.00741
0.40049 -0.00711
0.40219 -0.00685
0.40391 -0.00664
0.40566 -0.00647
0.40742 -0.00633
0.4092 -0.00623
0.41099 -0.006160
0.4128 -0.00610
0.41461 -0.00606
0.41643 -0.00604
0.41825 -0.0060200
0.42007 -0.006
0.42189 -0.00598
0.4237100 -0.00596
0.42553 -0.00593
0.42734 -0.00589
0.42915 -0.00584
0.43095 -0.005780
0.43274 -0.0057
0.43453 -0.00562
0.43631 -0.00551
0.43808 -0.0054
0.43984 -0.00526
0.4416 -0.00511
0.44334 -0.00495
0.44508 -0.004760
0.44681 -0.004560
0.44853 -0.00434
0.45024 -0.00411
0.45194 -0.003850
0.45364 -0.00358
0.45532 -0.00329
0.45699 -0.00297
0.45865 -0.002640
0.4603 -0.002280
0.46194 -0.00191
0.46357 -0.00151
0.46519 -0.00109
0.46679 -0.00064
0.46839 -0.000180
0.46997 0.0003100
0.47155 0.00081
0.47311 0.001330
0.47467 0.00187
0.47622 0.00243
0.47776 0.003
0.47928 0.0036
0.4808 0.00423
0.4823 0.00488
0.48378 0.00556
0.48525 0.00627
0.48671 0.007
0.48816 0.00776
0.48959 0.00854
0.49101 0.00935
0.49241 0.01019
0.4938 0.01106
0.49518 0.01195
0.49654 0.01288
0.49788 0.013830
0.49921 0.01482
0.500530 0.01583
0.50182 0.01688
0.5031 0.01796
0.50437 0.01908
0.50561 0.02023
0.50684 0.02142
0.50804 0.02264
0.50923 0.02391
0.5104 0.02521
0.51155 0.02655
0.512680 0.02792
0.5138 0.02932
0.5149 0.03076
0.51599 0.032220
0.51706 0.03371
0.51812 0.03522
0.51916 0.03677
0.52019 0.038340
0.52121 0.03995
0.5222 0.0416
0.52316 0.0433
0.5241 0.04505
0.525 0.04685
0.52584 0.04863
0.5266 0.05029
0.52724 0.05174
0.52774 0.05289
0.52807 0.05367
0.52826 0.05402
-Inserting Flap Ga2-
0.59256 0.20449
0.59267 0.20404
0.59287 0.20315
0.59316 0.20183
0.59351 0.200170
0.59388 0.19827
0.59424 0.19622
0.59455 0.19412
0.59478 0.19206
0.59493 0.19005
0.59502 0.18808
0.59505 0.18615
0.59504 0.18424
0.59499 0.18235
0.59491 0.18048
0.5948 0.17863
0.59467 0.1768
0.5945 0.17498
0.59432 0.173180
0.59411 0.17139
0.59387 0.16961
0.59362 0.16785
0.59334 0.16611
0.59305 0.16437
0.59274 0.16265
0.5924 0.16094
0.59204 0.15924
0.59166 0.15756
0.59125 0.15589
0.59083 0.15424
0.59039 0.152590
0.589930 0.15096
0.58946 0.14933
0.58898 0.14771
0.58849 0.14609
0.58799 0.14449
0.58747 0.14289
0.58693 0.1413
0.586380 0.13972
0.58581 0.138160
0.58523 0.1366
0.58462 0.13506
0.584 0.13352
0.58336 0.132
0.58271 0.13048
0.58205 0.12897
0.58137 0.12747
0.58068 0.12598
0.57997 0.1245
0.57926 0.123030
0.57852 0.121560
0.57778 0.1201
0.57701 0.11866
0.57623 0.11722
0.57544 0.11579
0.57462 0.11438
0.57379 0.11297
0.57294 0.11158
0.57208 0.11019
0.5712 0.10882
0.5703 0.10746
0.56939 0.1061
0.56845 0.104760
0.5675 0.10343
0.56653 0.10211
0.56554 0.10081
0.56454 0.0995
0.56353 0.09821
0.5625 0.09693
0.561460 0.09565
0.5604 0.094390
0.55931 0.09315
0.55819 0.091920
0.55705 0.09071
0.55587 0.08952
0.55466 0.08835
0.55341 0.08719
0.55214 0.08606
0.55083 0.08495
0.54949 0.08386
0.54811 0.0828
0.54667 0.08177
0.54519 0.08077
0.54364 0.0798
0.54204 0.07887
0.54039 0.07797
0.53867 0.07711
0.53691 0.07628
0.53509 0.075490
0.53320 0.07474
0.53119 0.07406
0.52906 0.07346
0.526760 0.07296
0.52429 0.07257
0.52174 0.07232
0.51918 0.07222
0.516730 0.072290
0.514470 0.07255
0.5125 0.073
0.50958 0.07441
0.50872 0.07533
0.508290 0.07636
0.50832 0.07748
0.50875 0.07866
0.50949 0.07988
0.51045 0.081110
0.51155 0.08234
0.51272 0.08353
0.51394 0.0847
0.51521 0.08583
0.51653 0.08694
0.51789 0.08801
0.51929 0.08907
0.52073 0.0901
0.5222 0.09111
0.52369 0.09211
0.5252 0.09309
0.52673 0.09407
0.52827 0.09503
0.52982 0.096
0.53136 0.09696
0.532910 0.09792
0.53445 0.09889
0.53599 0.09986
0.53752 0.10084
0.53903 0.10182
0.54054 0.10281
0.54203 0.1038
0.54351 0.10481
0.54498 0.10582
0.54643 0.10684
0.547870 0.10787
0.54929 0.10891
0.5507 0.10996
0.55209 0.11102
0.55346 0.11209
0.55481 0.113180
0.556150 0.11427
0.55747 0.115370
0.55878 0.11648
0.56006 0.11761
0.56133 0.11875
0.56257 0.1199
0.5638 0.12106
0.565 0.122230
0.56618 0.12342
0.56735 0.12462
0.56849 0.12583
0.56961 0.127060
0.57071 0.1283
0.57179 0.12955
0.57286 0.13081
0.57391 0.13208
0.57494 0.13336
0.57595 0.13465
0.57695 0.13595
0.57791 0.13727
0.57886 0.13861
0.579770 0.13996
0.58066 0.14133
0.58153 0.14272
0.58237 0.14412
0.583180 0.14553
0.58397 0.146960
0.58473 0.148410
0.58547 0.14987
0.58618 0.151350
0.58686 0.15285
0.58752 0.154360
0.58814 0.1559
0.588730 0.15745
0.58929 0.15902
0.58983 0.16061
0.59032 0.16222
0.59079 0.16385
0.59122 0.1655
0.59161 0.16717
0.59197 0.16887
0.59229 0.170590
0.59258 0.17233
0.59283 0.17409
0.59305 0.17587000
0.59325 0.17767
0.59342 0.17948
0.59356 0.18131
0.59368 0.18316
0.59377 0.18502
0.59383 0.1869
0.59386 0.1888
0.593850 0.19072
0.593790 0.19268
0.59368 0.19466
0.59351 0.196670
0.59330 0.19863
0.59308 0.20044
0.59287 0.20201
0.5927 0.20325
0.59259 0.20409
0.59256 0.20449
*.*.Setup: Ga2.txt as Flap 1, Inverted: y, Scale = 1.0, AoA = -2.0, Reposition from (0,0) = (0, 0)*.*.
*.*.Setup: Ga2.txt as Flap 2, Inverted: y, Scale = 0.4, AoA = 27.0, Reposition from previous T.E. = (0.0067, 0.06), Reposition from (0,0) = (1.0043, -0.024)*.*.
*.*.Setup: Ga2.txt as Flap 3, Inverted: y, Scale = 0.4, AoA = 58.333333333333336, Reposition from previous T.E. = (-0.06, 0.06), Reposition from (0,0) = (1.3097, 0.2001)*.*.
*.*.Setup: Scale Ratio = 0.38568*.*.