0.367800000 -0.01807
0.36702 -0.01886
0.36546 -0.02037
0.36315 -0.02261
0.36022 -0.0254
0.35683 -0.02854
0.35312 -0.03184
0.34925 -0.03509
0.34536 -0.03813
0.341470 -0.04096
0.33758 -0.0436
0.33369 -0.04608
0.3298 -0.04844
0.32591 -0.05071
0.32202 -0.05289
0.31813 -0.05499
0.31424 -0.05701
0.31034 -0.05895
0.30645 -0.06083
0.30256 -0.06264
0.29867 -0.06439
0.29478 -0.06607
0.29089 -0.0677
0.287 -0.06928
0.28311 -0.07080
0.27922 -0.07226
0.275330 -0.07365
0.27144 -0.07498
0.26755 -0.07625
0.26366 -0.07746
0.25977 -0.07861
0.25588 -0.07973
0.251980 -0.08081
0.24809 -0.08187
0.2442 -0.08290
0.24031 -0.08389
0.23642 -0.08484
0.23253 -0.08575
0.228640 -0.0866
0.22475 -0.08740
0.22086 -0.08816
0.21697 -0.08887
0.21308 -0.08953
0.20919 -0.09015
0.2053 -0.09072
0.20141 -0.09126
0.19752 -0.09176
0.19363 -0.09222
0.18973 -0.09265
0.18584 -0.09304
0.18195 -0.09338
0.17806 -0.09369
0.17417 -0.09395
0.17028 -0.09417
0.16639 -0.09433
0.1625 -0.09445
0.15861 -0.09453
0.15472 -0.09456
0.15083 -0.09454
0.14694 -0.09447
0.14305 -0.09435
0.139160 -0.09419
0.13527 -0.09397
0.13137 -0.0937
0.12748 -0.09338
0.12359 -0.09302
0.1197 -0.09262
0.115810 -0.09218
0.11192 -0.0917
0.10803 -0.09118
0.10414 -0.0906
0.10025 -0.089960
0.09636 -0.089230
0.092470 -0.08842
0.08858 -0.08752
0.08469 -0.08653
0.0808 -0.08544
0.07691 -0.08428
0.07301 -0.08302
0.06912 -0.08165
0.06523 -0.08017
0.06134 -0.07856
0.05745 -0.076800
0.05356 -0.07487
0.04967 -0.0727900
0.04578 -0.070550
0.04189 -0.06816
0.038 -0.06562
0.03411 -0.06292
0.03022 -0.06001
0.026330 -0.0568
0.02244 -0.053220
0.01855 -0.04918
0.01468 -0.04466
0.01097 -0.03978
0.00757 -0.03472
0.00464 -0.02966
0.00233 -0.02476
0.00078 -0.02019
0.000000 -0.01251
0.00078 -0.0096
0.00233 -0.00744
0.00464 -0.00611
0.00757 -0.0055
0.01097 -0.00547
0.01468 -0.00587
0.01855 -0.00658
0.02244 -0.00745
0.026330 -0.00848
0.03022 -0.00964
0.03411 -0.01093
0.038 -0.01234
0.04189 -0.01387
0.04578 -0.01549
0.04967 -0.0172
0.05356 -0.01899
0.05745 -0.02082
0.06134 -0.0227
0.06523 -0.02461
0.06912 -0.02654
0.07301 -0.02848
0.07691 -0.03041
0.0808 -0.03233
0.08469 -0.03423
0.08858 -0.03611
0.092470 -0.03796
0.09636 -0.03978
0.10025 -0.04156
0.10414 -0.04331
0.10803 -0.04502
0.11192 -0.04669
0.115810 -0.04831
0.1197 -0.04989
0.12359 -0.051430
0.12748 -0.05293
0.13137 -0.05437
0.13527 -0.055770
0.139160 -0.0571200
0.14305 -0.05842
0.14694 -0.05967
0.15083 -0.06087
0.15472 -0.06201
0.15861 -0.0631
0.1625 -0.06413
0.16639 -0.06511
0.17028 -0.06602
0.17417 -0.06688
0.17806 -0.06767
0.18195 -0.06841
0.18584 -0.069090
0.18973 -0.069720
0.19363 -0.07031
0.19752 -0.07085
0.20141 -0.071350
0.2053 -0.07179
0.20919 -0.07217
0.21308 -0.07248
0.21697 -0.07272
0.22086 -0.07288
0.22475 -0.07298
0.228640 -0.073
0.23253 -0.07295
0.23642 -0.07283
0.24031 -0.07265
0.2442 -0.072390
0.24809 -0.07205
0.251980 -0.07164
0.25588 -0.07115
0.25977 -0.07058
0.26366 -0.06992
0.26755 -0.06918
0.27144 -0.06836
0.275330 -0.06745
0.27922 -0.06644
0.28311 -0.06535
0.287 -0.06415
0.29089 -0.06285
0.29478 -0.06145
0.29867 -0.05995
0.30256 -0.05835
0.30645 -0.05666
0.31034 -0.05489
0.31424 -0.05304
0.31813 -0.051120
0.32202 -0.04911
0.32591 -0.04704
0.3298 -0.04489
0.33369 -0.04266
0.33758 -0.04034
0.341470 -0.03791
0.34536 -0.03535
0.34925 -0.032630
0.35312 -0.02978
0.35683 -0.02692
0.36022 -0.02421
0.36315 -0.02182
0.36546 -0.019910
0.36702 -0.01862
0.367800000 -0.01807
-Inserting Flap Ga2-
0.51687 0.06802
0.51674 0.0676
0.51646 0.06678
0.51604 0.06556
0.51551 0.06404
0.51487 0.0623
0.51414 0.06045
0.51336 0.05859
0.512520 0.0568
0.51165 0.05508
0.51074 0.05344
0.5098 0.05185
0.5088500 0.0503
0.50787 0.04878
0.50688 0.0473
0.505880 0.04585
0.50486 0.04442
0.50382 0.04302
0.50278 0.04164
0.50172 0.040290
0.50065 0.03896
0.49957 0.03765
0.49848 0.03637
0.49738 0.0351
0.49627 0.033850
0.49514 0.03263
0.49401 0.03142
0.49287 0.030240
0.49171 0.02908
0.49054 0.02795
0.48937 0.026830
0.48818 0.02572
0.48699 0.02463
0.4858 0.02355
0.4846 0.02247
0.48339 0.02141
0.48218 0.02037
0.48095 0.01934
0.47972 0.01833
0.47848 0.01734
0.47723 0.01636
0.47597 0.0154
0.47471 0.01446
0.47343 0.01353
0.47215 0.01262
0.47086 0.01172
0.46957 0.01084
0.46826 0.00997
0.46696 0.00911
0.46564 0.00826
0.46432 0.00743
0.46298 0.006620
0.46165 0.00582
0.460300 0.00503
0.45894 0.00427
0.45758 0.00352
0.4562 0.00278
0.45482 0.00207
0.45343 0.00137
0.45203 0.00069
0.45062 0.000059
0.44921 -0.00063
0.44778 -0.00125
0.44635 -0.00187
0.4449 -0.00246
0.44345 -0.00304
0.44199 -0.0036
0.44052 -0.00415
0.43905 -0.00469
0.43757 -0.00521
0.43608 -0.00571
0.434570 -0.00618
0.43306 -0.00663
0.43152 -0.00705
0.42997 -0.00743
0.4284 -0.00779
0.42682 -0.00811
0.42522 -0.0084
0.42361 -0.00866
0.42197 -0.00888
0.42032 -0.009060
0.418640 -0.00919
0.41693 -0.00926
0.41519 -0.00929
0.413430 -0.00925
0.41164 -0.00916
0.40981 -0.00901
0.407970 -0.00881
0.406090 -0.00856
0.40418 -0.00823
0.40221 -0.00779
0.40017 -0.00722
0.39805 -0.00649
0.39585 -0.00558
0.39364 -0.00451
0.39151 -0.00333
0.38955 -0.00205
0.38784 -0.000730
0.38645 0.00062
0.38478 0.00321
0.38453 0.00439
0.38469 0.00544
0.38527 0.00634
0.38621 0.00709
0.38741 0.00772
0.38881 0.00824
0.39031 0.0087
0.39186 0.00909
0.39343 0.00943
0.39503 0.00973
0.39665 0.00997
0.39829 0.01017
0.39996 0.01034
0.40164 0.01046
0.40334 0.01056
0.40505 0.01063
0.40677 0.01068
0.40849 0.01072
0.41023 0.01075
0.41196 0.01077
0.4137 0.01078
0.41544 0.01080
0.41718 0.01082
0.41891 0.01085
0.42064 0.01089
0.42236 0.01093
0.42408 0.01099
0.42579 0.01106
0.42749 0.011150
0.42919 0.01125
0.43088 0.01136
0.43256 0.01148
0.43423 0.01163
0.4359 0.01179
0.43756 0.01196
0.43920 0.01215
0.440840 0.01236
0.44248 0.01259
0.4441 0.012830
0.44571 0.013090
0.44732 0.01337
0.44891 0.01367
0.4505 0.013990
0.45207 0.014330
0.45363 0.01468
0.45519 0.01506
0.45673 0.01547
0.45826 0.01589
0.45978 0.016330
0.46129 0.0168
0.46279 0.01728
0.46429 0.017780
0.465770 0.01829
0.46725 0.01882
0.46871 0.01937
0.470170 0.01994
0.47161 0.02053
0.47304 0.02116
0.47446 0.0218
0.47586 0.02248
0.4772500 0.02318
0.47863 0.0239
0.48 0.02465
0.48135 0.02542
0.48269 0.02622
0.48401 0.02705
0.48533 0.0279
0.48662 0.02878
0.48791 0.02969
0.48917 0.03063
0.49043 0.0316
0.491660 0.0326
0.4928800 0.03363
0.49409 0.0347
0.49528 0.03579
0.49645 0.03693
0.4976 0.0381
0.498730 0.03930
0.49984 0.04054
0.50094000 0.04182
0.50202 0.04313
0.50308 0.04447
0.504140 0.04583
0.50517 0.0472300
0.50620 0.04865
0.5072 0.05009
0.5082 0.05157
0.50918 0.05307
0.51015 0.0546
0.51109 0.05617
0.51202 0.05779
0.51291 0.05946
0.513770 0.06118
0.514570 0.06288
0.51529 0.064460
0.5159 0.06584
0.516380 0.06694
0.5167 0.06768
0.51687 0.06802
-Inserting Flap Ga2-
0.60031 0.220370
0.60047 0.21995
0.600750 0.21913
0.60117 0.2179200
0.60169 0.21639
0.60225 0.21462
0.60282 0.21272
0.60335 0.21077
0.60379 0.20884
0.60416 0.20696
0.60446 0.2051
0.6047 0.20327
0.6049 0.20146
0.60506 0.199670
0.6052 0.19789
0.6053 0.19612
0.60537 0.19437
0.60542 0.19263
0.60544 0.1909
0.60544 0.18919
0.60542 0.187480
0.60537 0.185790
0.605310 0.1841
0.60522 0.18242
0.60511 0.18076
0.60498 0.1791
0.60483 0.17745
0.60466 0.17582
0.60446 0.17419
0.60424 0.172580
0.604 0.17097
0.60375 0.16937
0.60348 0.16778
0.60321 0.16619
0.60292 0.16461
0.60262 0.16303
0.60231 0.16146
0.601980 0.159890
0.60163 0.15834
0.60127 0.15679
0.60088 0.15525
0.60048 0.15372
0.60006 0.1522
0.59963 0.15069
0.59918 0.14918
0.598720 0.14768
0.59824 0.14618
0.597750 0.14469
0.59725 0.14321
0.59673 0.14173
0.5962 0.14027
0.59565 0.1388
0.59509 0.13735
0.59451 0.1359
0.59391 0.13446
0.5933 0.1330300
0.5926700 0.13161
0.59202 0.13019
0.59136 0.12879
0.59067 0.12739
0.58997 0.126
0.58926 0.12461
0.58852 0.12324
0.58776 0.12188
0.58699 0.12052
0.5862 0.119170
0.5854 0.117830
0.58458 0.11649
0.58375 0.11516
0.5829 0.11384
0.58204 0.11253
0.58115 0.11122
0.580230 0.10994
0.579270 0.10866
0.57829 0.10741
0.57727 0.10616
0.57622 0.10494
0.57514 0.10372
0.57402 0.10253
0.572870 0.10135
0.57168 0.10019
0.57044 0.0990500
0.56914 0.09794
0.56778 0.09685
0.56637 0.09579
0.5649 0.09476
0.56338 0.09375
0.5618 0.09277
0.56016 0.09182
0.55845 0.0909
0.55663 0.09003
0.55467 0.08923
0.55255 0.0885
0.550260 0.08786
0.54786 0.08734
0.545450 0.08697
0.54312 0.086760
0.54096 0.08675
0.53904 0.08696
0.53612 0.08797
0.5352 0.0887500
0.53468 0.08968
0.53459 0.09074
0.53486 0.09191
0.53542 0.09314
0.5362 0.09442
0.53711 0.0957
0.53808 0.09696
0.53911 0.0982
0.54019 0.09942
0.54131 0.100610
0.54248 0.10178
0.54369 0.10293
0.54494 0.10407
0.54622 0.10519
0.54752 0.1063
0.54885 0.1074
0.55019 0.10849
0.551540 0.10958
0.552890 0.11066
0.55425 0.11174
0.55561 0.11283
0.55697 0.113910
0.55831 0.115
0.55965 0.1161
0.56098 0.11719
0.5623 0.1183
0.5636 0.11941
0.56489 0.12052
0.56617 0.12164
0.56743 0.12277
0.56868 0.123910
0.56991 0.12505
0.57112 0.1262
0.57232 0.12736
0.5735100 0.12852
0.57467 0.1297
0.57582 0.13088
0.57695 0.13207
0.57806 0.13327
0.57915 0.13448
0.58022 0.1357
0.58127 0.13692
0.58231 0.13816
0.58332 0.1394
0.58431 0.14066
0.58527 0.141930
0.58622 0.14320
0.58714 0.14449
0.58805 0.14578
0.58894 0.14709
0.58981 0.1484
0.59066 0.14972
0.5915 0.15104
0.59232 0.15238
0.59311 0.15373
0.59388 0.15508
0.59463 0.15645
0.59534 0.15784
0.59604 0.159230
0.5967 0.16064
0.59734 0.16206
0.597960 0.1634900
0.59855 0.16493
0.59911 0.16638
0.59965 0.16785
0.60015 0.16933
0.60063 0.170820
0.60108 0.17233
0.6015 0.17385
0.60189 0.17539
0.60225 0.17694
0.60258 0.1785
0.60287 0.18008
0.60313 0.181680
0.60336 0.18329
0.60355 0.18492
0.6037 0.18657
0.60381 0.18823
0.60389 0.189910
0.603930 0.191610
0.60395 0.19332
0.60394 0.19504
0.6039 0.19678
0.60383 0.198530
0.60373 0.20029
0.603610 0.20206
0.60346 0.20385
0.60328 0.20565
0.603050 0.20747
0.60278 0.20932
0.60246 0.21118
0.60208 0.21307
0.60166 0.2149
0.60126 0.21659
0.60089 0.21805
0.60058 0.21921
0.60038 0.21999
0.60031 0.220370
*.*.Setup: Ga2.txt as Flap 1, Inverted: y, Scale = 1.0, AoA = 0.0, Reposition from (0,0) = (0, 0)*.*.
*.*.Setup: Ga2.txt as Flap 2, Inverted: y, Scale = 0.4, AoA = 27.0, Reposition from previous T.E. = (0.04, 0.07), Reposition from (0,0) = (1.04, 0.0209)*.*.
*.*.Setup: Ga2.txt as Flap 3, Inverted: y, Scale = 0.4, AoA = 65.0, Reposition from previous T.E. = (0.04, 0.06), Reposition from (0,0) = (1.4453, 0.2449)*.*.
*.*.Setup: Scale Ratio = 0.3678*.*.