0.34975 0.03676
0.347690 0.03471
0.3447 0.03173
0.3412 0.0288
0.33696 0.02597
0.33180 0.023050
0.32558 0.01992
0.31823 0.01657
0.309870 0.01303
0.30070 0.0094
0.29098 0.00577
0.28094 0.0022
0.270730 -0.001260
0.26046 -0.00457
0.25016 -0.0077
0.23983 -0.010650
0.22945 -0.01343
0.21897 -0.01603
0.2083300 -0.0185
0.19749 -0.02085
0.18642 -0.02313
0.17512 -0.02535
0.16365 -0.02755
0.15211 -0.029730
0.14066 -0.03186
0.12947 -0.03388
0.1187 -0.03573
0.10855 -0.03734
0.09911 -0.0386
0.09036 -0.03945
0.08216 -0.03987
0.07439 -0.03985
0.06697 -0.03941
0.05984 -0.03854
0.05299 -0.03725
0.0464 -0.03556
0.040110 -0.0335
0.03416 -0.0311
0.02861 -0.02845
0.02358 -0.02567
0.01916 -0.022880
0.01537 -0.0202
0.01221 -0.01769
0.00959 -0.01536
0.00743 -0.01319
0.005670 -0.01117
0.00421 -0.009290
0.00303 -0.00754
0.00206 -0.00591
0.00129 -0.004360
0.0007 -0.00291
0.00028 -0.00153
0.000055 -0.00021
-6e-05 0.00106
0.00012 0.00232
0.00073 0.00347
0.00176 0.00436
0.003080 0.00499
0.00462 0.005480
0.0064 0.00588
0.00844 0.00624
0.01084 0.00656
0.0137 0.00687
0.01719 0.00717
0.02155 0.007440
0.02709 0.0077
0.03406 0.00792
0.04244 0.008040
0.05186 0.008
0.06199 0.00773
0.07276 0.00724
0.08407 0.00663
0.09574 0.00594
0.10757 0.00522
0.11937 0.00452
0.131040 0.00386
0.14253 0.00328
0.153830 0.0028
0.16494 0.00245
0.17587 0.00225
0.186650 0.00223
0.19728 0.00238
0.20779 0.00274
0.21819 0.00331
0.2285 0.00409
0.23872 0.00511
0.24887 0.00635
0.25895 0.00783
0.26896 0.00954
0.27887 0.01148
0.28865 0.013640
0.29821 0.01601
0.3074 0.01854
0.31603 0.02117
0.32385 0.02383
0.33070 0.02646
0.33654 0.02902
0.34146 0.03151
0.34557 0.033920
0.34975 0.03676
-Inserting Flap s1223rtl-
0.50906 0.15985
0.50854 0.15849
0.50778 0.15652
0.50677 0.15447
0.50541 0.15231
0.50365 0.14993
0.50144 0.14724
0.49877 0.14421
0.49567 0.1409
0.49222 0.13737
0.48852 0.13374
0.48466 0.13007
0.4807 0.12641
0.47668 0.12281
0.47261 0.119280
0.4685 0.11584
0.46432 0.11246
0.46006 0.10913
0.4557 0.10585
0.45123 0.10257
0.44664 0.09928
0.44193 0.09596
0.43714 0.09262
0.43231 0.08928
0.42751 0.08598
0.42281 0.08278
0.41827 0.07974
0.41396 0.07695
0.4099 0.07445
0.40608 0.07229
0.402420 0.07042
0.39886 0.068850
0.395380 0.06754
0.39195 0.06649
0.38856 0.06569
0.38521 0.06512
0.38192 0.06478
0.37871 0.06467
0.37564 0.064750
0.37277 0.065
0.37018 0.06537
0.36791 0.06583
0.36595 0.06633
0.36428 0.06686
0.36286 0.06742
0.36164 0.06798
0.36060 0.06854
0.3597 0.0691
0.35892 0.069650
0.35826 0.0702
0.35769 0.07074
0.35722 0.07129
0.35683 0.07183
0.35654 0.0724
0.35636 0.07301
0.35641 0.07366
0.3567 0.07427
0.35717 0.07484
0.35778 0.07537
0.35851 0.07592
0.359370 0.07649
0.3604 0.07713
0.36164 0.07785
0.36318 0.0787
0.36511 0.07971
0.36759 0.08095
0.37073 0.08247
0.37453 0.084230
0.37884 0.08613
0.38353 0.08806
0.38854 0.09003
0.39383 0.09205
0.3993 0.09411
0.40485 0.09619
0.41039 0.098270
0.41585 0.10034
0.42122 0.102410
0.42647 0.10449
0.43162 0.10659
0.43666 0.108720
0.44158 0.1109
0.44641 0.113140
0.45114 0.11544
0.455770 0.11781
0.460320 0.12027
0.46478 0.122810
0.46917 0.12544
0.47347 0.12816
0.47769 0.13098
0.48183 0.13388
0.48585 0.13686
0.48974 0.13988
0.49342 0.14291
0.49683 0.14587
0.49986 0.14867
0.50245 0.15127
0.5046 0.15363
0.50634 0.15576
0.50773 0.1577
0.50906 0.15985
-Inserting Flap s1223rtl-
0.66013 0.28356
0.65973 0.28217
0.65914 0.28014
0.65832 0.27801
0.65715 0.275740
0.65561 0.2732200
0.65364 0.27034
0.65124 0.26709
0.64844 0.26352
0.645310 0.25971
0.641940 0.25576
0.63842 0.25177
0.63479 0.24778
0.6311 0.243840
0.62736 0.23998
0.623560 0.23618
0.61969 0.23245
0.61574 0.22877
0.61168 0.22511
0.60751 0.22146
0.603220 0.21778
0.59882 0.21407
0.59434 0.21032
0.58982 0.20658
0.585330 0.20287
0.58092 0.19927
0.57667 0.19585
0.57261 0.19269
0.56879 0.18985
0.56517 0.18736
0.56169 0.18519
0.55828 0.18331
0.55493 0.1817
0.5516 0.18036
0.5483 0.179260
0.54501 0.1784
0.54176 0.17778
0.53857 0.17738
0.5355 0.1772
0.53263 0.1772
0.53002 0.17734
0.52771 0.1776
0.52572 0.17793
0.52401 0.17831
0.52254 0.17874
0.521280 0.17919
0.52019 0.17966
0.51925 0.18014
0.518430 0.18062
0.51772 0.18111
0.51711 0.1816
0.51659 0.18211
0.51615 0.18262
0.51581 0.18315
0.51558 0.18375
0.515570 0.1844
0.51581 0.18504
0.51623 0.18564
0.51679 0.18622
0.51746 0.18683
0.51827 0.18748
0.51924 0.1882
0.52042 0.18903
0.52187 0.19001
0.52371 0.19118
0.526070 0.19264
0.52907 0.19442
0.532710 0.19651
0.536830 0.19877
0.54133 0.20111
0.54616 0.20351
0.55125 0.20598
0.55652 0.20851
0.56187 0.21106
0.5672 0.21362
0.57246 0.21616
0.57763 0.21869
0.58268 0.22122
0.58763 0.22376
0.592460 0.22632
0.59718 0.228920
0.60179 0.23157
0.6063 0.23427
0.610710 0.237040
0.61503 0.23988
0.61925 0.2428
0.62339 0.24581
0.62744 0.2489
0.6314 0.25207
0.63526 0.25532
0.63902 0.25864
0.64262 0.26199
0.64603 0.26533
0.64916 0.26857
0.65194 0.27163
0.65430 0.27444
0.65623 0.27698
0.657780 0.27926
0.65899 0.281300
0.66013 0.28356
*.*.Setup: s1223rtl.txt as Flap 1, Inverted: y, Scale = 1.0, AoA = 6.0, Reposition from (0,0) = (0, 0)*.*.
*.*.Setup: s1223rtl.txt as Flap 2, Inverted: y, Scale = 0.5, AoA = 30.0, Reposition from previous T.E. = (0.02, 0.1), Reposition from (0,0) = (1.0145, 0.2045)*.*.
*.*.Setup: s1223rtl.txt as Flap 3, Inverted: y, Scale = 0.5, AoA = 35.0, Reposition from previous T.E. = (0.02, 0.065), Reposition from (0,0) = (1.4675, 0.5195)*.*.
*.*.Setup: Scale Ratio = 0.35167*.*.