0.36173 -0.03046
0.36094 -0.03120
0.35935 -0.03264
0.3570 -0.03477
0.35402 -0.03741
0.350560 -0.0404
0.34679 -0.04352
0.34288 -0.04659
0.33894 -0.049450
0.33501 -0.0521
0.33108 -0.05457
0.32716 -0.056880
0.32325 -0.059070
0.31934 -0.06117
0.31543 -0.06319
0.31153 -0.06512
0.30762 -0.06697
0.30372 -0.06876
0.29983 -0.07047
0.29593 -0.07212
0.29204 -0.07371
0.28815 -0.07524
0.28426 -0.07671
0.28037 -0.07813
0.27648 -0.07949
0.2726 -0.08079
0.26872 -0.08203
0.26484 -0.08321
0.26096 -0.08433
0.25709 -0.08538
0.25322 -0.08639
0.24935 -0.08735
0.24547 -0.08829
0.24161 -0.08919
0.23774 -0.09007
0.23387 -0.09092
0.23 -0.09172
0.22614 -0.09248
0.22228 -0.09318
0.21842 -0.09384
0.21456 -0.09445
0.2107 -0.09501
0.20684 -0.09553
0.20299 -0.09601
0.19914 -0.09644
0.19529 -0.096840
0.191440 -0.0972
0.18759 -0.09752
0.18374 -0.0978
0.17989 -0.09805
0.17605 -0.09826
0.1722 -0.09843
0.16836 -0.09855
0.16452 -0.098630
0.16068 -0.09866
0.15685 -0.09865
0.15301 -0.09859
0.14918 -0.09848
0.14534 -0.09833
0.14151 -0.09813
0.13768 -0.09788
0.13386 -0.09758
0.13003 -0.09723
0.12621 -0.09683
0.12238 -0.09639
0.11856 -0.0959
0.11474 -0.09537
0.11093 -0.0948
0.10711 -0.094200
0.10329 -0.09355
0.09948 -0.09285
0.09567 -0.09208
0.09186 -0.09123
0.08806 -0.09029
0.08426 -0.08927
0.08046 -0.08816
0.07666 -0.086960
0.07287 -0.08567
0.06908 -0.0843
0.06529 -0.08282
0.06151 -0.081230
0.05773 -0.07951
0.05396 -0.07764
0.05019 -0.07561
0.046430 -0.07342
0.04268 -0.07108
0.03892 -0.06859
0.03518 -0.06595
0.03144 -0.06317
0.02771 -0.06016
0.02398 -0.056870
0.02027 -0.0532
0.01658 -0.04909
0.01293 -0.0445
0.00944 -0.039570
0.00627 -0.03447
0.00355 -0.02938
0.00145 -0.02447
7e-05 -0.01992
-0.00043 -0.012320
0.00044 -0.00948
0.00204 -0.00741
0.00436 -0.00618
0.00727 -0.00568
0.01062 -0.00576
0.01426 -0.00629
0.01804 -0.00712
0.02185 -0.008110
0.02565 -0.00926
0.02944 -0.01053
0.03323 -0.01194
0.03701 -0.01347
0.04079 -0.0151
0.04457 -0.01684
0.04834 -0.01866
0.05212 -0.020550
0.05589 -0.02249
0.05965 -0.02448
0.06342 -0.02649
0.06719 -0.02853
0.07095 -0.03057
0.07472 -0.032610
0.07849 -0.03463
0.08226 -0.03664
0.08602 -0.03862
0.08979 -0.04058
0.09356 -0.04251
0.09734 -0.0444
0.10111 -0.04625
0.10488 -0.04807
0.10866 -0.04985
0.11244 -0.05158
0.11621 -0.05327
0.11999 -0.05492
0.12378 -0.05653
0.12756 -0.05809
0.13134 -0.0596
0.13513 -0.061060
0.13892 -0.06248
0.14271 -0.06384
0.1465 -0.06515
0.1503 -0.06641
0.15409 -0.06762
0.15789 -0.06877
0.16169 -0.06987
0.16549 -0.0709
0.169290 -0.07188
0.1731 -0.0728
0.17691 -0.07366
0.18072 -0.074460
0.18453 -0.07522
0.18834 -0.07593
0.19215 -0.0766
0.19597 -0.07722
0.19979 -0.07779
0.20361 -0.0783
0.20743 -0.07874
0.21126 -0.07911
0.21508 -0.0794
0.21891 -0.079630
0.22275 -0.07978
0.22658 -0.07987
0.23042 -0.079890
0.23426 -0.0798400
0.23810 -0.07972
0.24194 -0.079520
0.24579 -0.07925
0.24964 -0.0789
0.25349 -0.07847
0.25735 -0.07796
0.26121 -0.07736
0.26507 -0.07668
0.26893 -0.07592
0.2728 -0.07507
0.27667 -0.07412
0.28055 -0.07307
0.28442 -0.07193
0.28831 -0.07068
0.29219 -0.06934
0.2960800 -0.0679
0.29997 -0.06637
0.30386 -0.06476
0.30776 -0.06307
0.31166 -0.0613
0.31556 -0.05947
0.31947 -0.05755
0.323370 -0.05557
0.32728 -0.05351
0.3312 -0.05136
0.33511 -0.0491
0.33903 -0.04671
0.34296 -0.04417
0.34687 -0.04149
0.35062 -0.03879
0.35406 -0.03624
0.35703 -0.03399
0.35937 -0.03219
0.36095 -0.03097
0.36173 -0.03046
-Inserting Flap Ga2-
0.50869 0.05079
0.50856 0.05037
0.50828 0.04956
0.50787 0.04836
0.50734 0.04686
0.506710 0.04514
0.506 0.04332
0.50522 0.04149
0.5044 0.03972
0.503540 0.03803
0.50264 0.03641
0.501720 0.03484
0.50078 0.03331
0.49982 0.03182
0.49884 0.03036
0.49785 0.02893
0.49684 0.02752
0.49583 0.02614
0.494790 0.02478
0.49375 0.023450
0.4927 0.02214
0.49163 0.020850
0.49056 0.01958
0.48947 0.01833
0.48838 0.01710
0.48727 0.01589
0.486150 0.01471
0.48503 0.01354
0.48388 0.0124
0.48273 0.01128
0.48157 0.010180
0.480410 0.00909
0.47923 0.00801
0.47806 0.00694
0.47687 0.00589
0.47568 0.00484
0.47449 0.00381
0.473280 0.0028
0.47207 0.0018
0.47085 0.00082
0.469610 -0.00014
0.4683700 -0.00109
0.46712 -0.00201
0.46587 -0.00293
0.4646 -0.00383
0.46333 -0.00471000
0.46206 -0.00559
0.46077 -0.00644
0.45948 -0.00729
0.45818 -0.00812
0.4568800 -0.00894
0.45557 -0.009750
0.454250 -0.01053
0.45292 -0.01131
0.45158 -0.01206
0.45024 -0.0128
0.44888 -0.01352
0.44752 -0.01423
0.44615 -0.01492
0.44477 -0.01559
0.44338 -0.01625
0.44199 -0.01689
0.44058 -0.01751
0.43917 -0.01811
0.43774 -0.01869
0.43631 -0.01926
0.4348700 -0.01982
0.43343 -0.02036
0.43197 -0.02089
0.430510 -0.0214
0.42904 -0.0219
0.42756 -0.02237
0.42606 -0.02281
0.42455 -0.02322
0.42302 -0.0236
0.421480 -0.02394
0.41992 -0.02426
0.41834 -0.02455
0.41675 -0.0248
0.41514 -0.02502
0.41351 -0.02520
0.41185 -0.02532
0.41017 -0.0254
0.40846 -0.02542
0.40672 -0.02539
0.404950 -0.0253
0.40315 -0.02515
0.40133 -0.02496
0.39948 -0.02471
0.39759 -0.02438
0.39565 -0.02395
0.39364 -0.02339
0.39155 -0.02266
0.38939 -0.02177
0.38721 -0.02072
0.38511 -0.01955
0.38317 -0.01829
0.38149 -0.01699
0.38012 -0.01566
0.37847 -0.01310
0.37823 -0.01194
0.37839 -0.0109
0.37896 -0.01002
0.37988 -0.00928
0.38107 -0.008660
0.38244 -0.00814
0.38393 -0.0077
0.38545 -0.00731
0.387 -0.00697
0.38858 -0.00668
0.39017 -0.00644
0.39179 -0.00624
0.39343 -0.00608
0.39509 -0.00595
0.39677 -0.00586
0.39845 -0.005790
0.40015 -0.005740
0.40185 -0.0057
0.40356 -0.00568
0.40527 -0.0056600
0.40699 -0.00564
0.4087 -0.00562
0.41041 -0.0056
0.41212 -0.00557
0.41382 -0.00554
0.41552 -0.00549
0.417210 -0.005430
0.4189 -0.00536
0.42058 -0.00528
0.42225 -0.00518
0.42391 -0.00507
0.42557 -0.00495
0.42722 -0.00481
0.42887 -0.00465
0.4305 -0.004480
0.43213 -0.004290
0.43374 -0.00408
0.43535 -0.00386
0.43695 -0.003620
0.43854 -0.00336
0.44012 -0.00309
0.44169 -0.00279
0.44326 -0.002480
0.44481 -0.002150
0.44635 -0.00179
0.447880 -0.00142
0.4494 -0.00102
0.45091 -0.0006
0.45241 -0.000170
0.4539 0.0002900
0.45538 0.00076
0.45685 0.001250
0.45831 0.00176
0.45977 0.00228
0.46122 0.00282
0.46265 0.00339
0.464070 0.00397
0.46548 0.00459
0.46688 0.00523
0.46826 0.00589
0.46963 0.00658
0.47099 0.00729
0.47234 0.00803
0.47367 0.00879
0.47499 0.00958
0.4763 0.01039
0.47759 0.01124
0.47887 0.0121
0.480140 0.0130
0.48138 0.01393
0.48262 0.01488
0.48384 0.01587
0.48504 0.01689
0.48623 0.01794
0.4874 0.01902
0.48855 0.02013
0.48969 0.02129
0.4908 0.02248
0.4919 0.0237
0.49298 0.02496
0.49405 0.02625
0.4951 0.02757
0.49613 0.02891
0.49716 0.030290
0.49816 0.03169
0.499160 0.03311
0.50014 0.03456
0.501110 0.036040
0.50206 0.03755
0.50299 0.0391
0.50390 0.0407
0.50478 0.04235
0.50563 0.04405
0.50642 0.04572
0.50713 0.04728
0.50773 0.04864
0.5082 0.04972
0.50852 0.05046
0.50869 0.05079
-Inserting Flap Ga2-
0.60061 0.185510
0.60066 0.18508
0.60075 0.18423
0.600880 0.182970
0.60102 0.18138
0.60116 0.17956
0.60128 0.1776
0.60134 0.17561
0.60133 0.17366
0.60125 0.17177
0.60111 0.16992
0.60093 0.16811
0.60071 0.16633
0.60046 0.16457
0.60018 0.16284
0.59988 0.16112
0.59955 0.15942
0.5992 0.15774
0.59883 0.15608
0.59844 0.15443
0.59803 0.1528
0.5976 0.15119
0.59715 0.14958
0.59669 0.148
0.59621 0.14642
0.5957 0.14486
0.59519 0.14332
0.59465 0.14179
0.59409 0.14027
0.59351 0.13878
0.592910 0.13729
0.59231 0.135810
0.59169 0.134340
0.59107 0.13288
0.59043 0.13143
0.58979 0.12998
0.58913 0.12855
0.58846 0.12712
0.58777 0.12571
0.58707 0.12431
0.58635 0.12292
0.58562 0.12154
0.58487 0.12018
0.58411 0.11882
0.583340 0.11748
0.58255 0.11614
0.58176 0.11482
0.58095 0.1135
0.58013 0.1122
0.57930 0.11090
0.57845 0.10961
0.57759 0.10833
0.57672 0.10706
0.57584 0.10581
0.57494 0.10456
0.57403 0.10333
0.5731 0.102110
0.57215 0.1009
0.5712 0.0997
0.57022 0.09851
0.56924 0.09734
0.56823 0.09617
0.56721 0.09502
0.56618 0.09389
0.56513 0.09276
0.56407 0.09165
0.562990 0.09054
0.56190 0.08944
0.5608 0.08836
0.559690 0.08728
0.55856 0.08622
0.55741 0.08517
0.55623 0.08415
0.55503 0.08314
0.5538 0.08216
0.55254 0.0812
0.55126 0.08026
0.54994 0.07934
0.5486 0.07845
0.54723 0.07758
0.5458200 0.07674
0.54437 0.07593
0.542870 0.07516
0.54132 0.07442
0.53973 0.073730
0.53808 0.07307
0.53639 0.07246
0.53466 0.07187
0.532870 0.07133
0.531020 0.07084
0.52907 0.07042
0.52701 0.07009
0.52481 0.06988
0.52247 0.06979
0.52005 0.06983
0.51766 0.07002
0.51537 0.07035
0.513300 0.07083
0.5115 0.07147
0.50894 0.07311
0.50822 0.07406
0.50794 0.07507
0.50809 0.07611
0.50862 0.07717
0.50944 0.07822
0.51047 0.07927
0.51164 0.08030
0.51286 0.08128
0.51413 0.08224
0.51544 0.08316
0.51679 0.08405
0.51818 0.0849
0.5196 0.08573
0.52105 0.08654
0.52254 0.08732
0.52404 0.08809
0.525560 0.088850
0.52709 0.08959
0.52863 0.09033
0.53018 0.09106
0.531730 0.09179
0.53328 0.09252
0.53483 0.09325
0.53637 0.09399
0.5379 0.09473
0.539420 0.09548
0.54094 0.09624
0.54244 0.097010
0.54393 0.09779
0.54541 0.09857
0.54688 0.09937
0.54833 0.10017
0.54978 0.10099
0.5512 0.10182
0.55262 0.102660
0.55401 0.10351
0.55540 0.104370
0.55677 0.10524
0.558120 0.10613
0.559460 0.10702
0.56078 0.10793
0.56209 0.10886
0.56337 0.1098
0.56465 0.11075
0.5659 0.11171
0.56713 0.11269
0.56835 0.11368
0.56955 0.11469
0.57073 0.11572
0.57189 0.11675
0.57304 0.1178
0.57417 0.11886
0.575290 0.11993
0.57639 0.12101
0.57748 0.12211
0.57855 0.12322
0.5796 0.124350
0.58062 0.12549
0.58163 0.12666
0.58261 0.12784
0.58356 0.12904
0.5845 0.13025
0.58542 0.13148
0.58631 0.13273
0.587180 0.134
0.58803 0.13528
0.58885 0.13659
0.58965 0.13791
0.59043 0.13926
0.59118 0.14062
0.5919 0.142
0.5926 0.14341
0.59327 0.14483
0.593910 0.14628
0.59452 0.14775
0.5951 0.14925
0.595650 0.15077
0.59617 0.15232
0.59666 0.15389
0.59711 0.155480
0.59754 0.1571
0.59795 0.15874
0.59833 0.16039
0.59868 0.16207
0.59901 0.16376
0.59932 0.16547
0.59961 0.1672
0.59987 0.16895
0.60011 0.17072
0.60031 0.17252
0.60047 0.17435
0.60058 0.17621
0.60064 0.17811
0.60066 0.17995
0.60065 0.18167
0.60063 0.18316
0.60061 0.184340
0.60059 0.18514
0.60061 0.185510
*.*.Setup: Ga2.txt as Flap 1, Inverted: y, Scale = 1.0, AoA = -2.0, Reposition from (0,0) = (0, 0)*.*.
*.*.Setup: Ga2.txt as Flap 2, Inverted: y, Scale = 0.4, AoA = 27.0, Reposition from previous T.E. = (0.04, 0.06), Reposition from (0,0) = (1.0377, -0.024)*.*.
*.*.Setup: Ga2.txt as Flap 3, Inverted: y, Scale = 0.4, AoA = 51.666666666666664, Reposition from previous T.E. = (-0.01, 0.07), Reposition from (0,0) = (1.393, 0.2101)*.*.
*.*.Setup: Scale Ratio = 0.36257*.*.