0.3712400000 -0.01824
0.37045 -0.01903
0.36888 -0.02056
0.36655 -0.02282
0.36359 -0.02564
0.36016 -0.02881
0.35642 -0.03214
0.35252 -0.03542
0.34859 -0.03849
0.344670 -0.04134
0.34074 -0.04401
0.33681 -0.04651
0.33288 -0.0489
0.32896 -0.05119
0.32503 -0.05339
0.3211 -0.0555
0.31718 -0.05754
0.31325 -0.0595
0.30932 -0.0614
0.3054 -0.06323
0.30147 -0.06499
0.29754 -0.06669
0.29361 -0.06834
0.28969 -0.06993
0.28576 -0.071460
0.28183 -0.07293
0.277910 -0.07434
0.27398 -0.07569
0.27005 -0.07696
0.26612 -0.07818
0.2622 -0.07935
0.25827 -0.08048
0.254340 -0.08157
0.25042 -0.08264
0.24649 -0.083670
0.24256 -0.08468
0.23863 -0.08564
0.23471 -0.08655
0.230780 -0.08741
0.22685 -0.088220
0.22293 -0.08898
0.219 -0.0897
0.21507 -0.09037
0.21115 -0.09099
0.20722 -0.09157
0.20329 -0.09212
0.19936 -0.09262
0.19544 -0.09309
0.19151 -0.09352
0.18758 -0.09391
0.18366 -0.09426
0.17973 -0.09457
0.1758 -0.09483
0.17187 -0.09505
0.16795 -0.09522
0.16402 -0.09534
0.16009 -0.09541
0.15617 -0.09544
0.15224 -0.09542
0.14831 -0.09535
0.14439 -0.09524
0.140460 -0.09507
0.13653 -0.09485
0.1326 -0.09458
0.12868 -0.09426
0.12475 -0.09389
0.12082 -0.09349
0.11690 -0.09304
0.11297 -0.09256
0.10904 -0.09204
0.10511 -0.09145
0.10119 -0.09080
0.09726 -0.090070
0.093330 -0.08925
0.08941 -0.08834
0.08548 -0.08734
0.08155 -0.08624
0.07762 -0.08506
0.0737 -0.08379
0.06977 -0.08242
0.06584 -0.08092
0.06192 -0.07929
0.05799 -0.0775100
0.05406 -0.07557
0.05014 -0.0734700
0.04621 -0.071210
0.04228 -0.06879
0.03835 -0.06623
0.03443 -0.06351
0.0305 -0.06057
0.026570 -0.05733
0.02265 -0.053710
0.01872 -0.04964
0.01482 -0.04507
0.01107 -0.04015
0.00764 -0.03505
0.00469 -0.02993
0.00236 -0.02499
0.00079 -0.02038
0.000000 -0.01263
0.00079 -0.00969
0.00236 -0.00751
0.00469 -0.00617
0.00764 -0.00555
0.01107 -0.00552
0.01482 -0.00593
0.01872 -0.00664
0.02265 -0.00752
0.026570 -0.00856
0.0305 -0.00973
0.03443 -0.01103
0.03835 -0.01246
0.04228 -0.014
0.04621 -0.01564
0.05014 -0.01736
0.05406 -0.01916
0.05799 -0.02102
0.06192 -0.02292
0.06584 -0.02484
0.06977 -0.02679
0.0737 -0.02875
0.07762 -0.0307
0.08155 -0.03264
0.08548 -0.03455
0.08941 -0.03645
0.093330 -0.03832
0.09726 -0.04015
0.10119 -0.04195
0.10511 -0.04372
0.10904 -0.04544
0.11297 -0.04712
0.11690 -0.04876
0.12082 -0.05036
0.12475 -0.051910
0.12868 -0.05342
0.1326 -0.05488
0.13653 -0.056290
0.140460 -0.0576500
0.14439 -0.05897
0.14831 -0.06023
0.15224 -0.06143
0.15617 -0.06259
0.16009 -0.06369
0.16402 -0.06473
0.16795 -0.06572
0.17187 -0.06664
0.1758 -0.0675
0.17973 -0.06831
0.18366 -0.06905
0.18758 -0.069740
0.19151 -0.070380
0.19544 -0.07097
0.19936 -0.07152
0.20329 -0.072020
0.20722 -0.07246
0.21115 -0.07284
0.21507 -0.07316
0.219 -0.0734
0.22293 -0.07357
0.22685 -0.07366
0.230780 -0.07368
0.23471 -0.07363
0.23863 -0.07352
0.24256 -0.07333
0.24649 -0.073060
0.25042 -0.07272
0.254340 -0.07231
0.25827 -0.07181
0.2622 -0.07124
0.26612 -0.07057
0.27005 -0.06983
0.27398 -0.069
0.277910 -0.06808
0.28183 -0.06707
0.28576 -0.06596
0.28969 -0.06475
0.29361 -0.06344
0.29754 -0.06203
0.30147 -0.06051
0.3054 -0.0589
0.30932 -0.05719
0.31325 -0.05541
0.31718 -0.05354
0.3211 -0.051590
0.32503 -0.04957
0.32896 -0.04748
0.33288 -0.04531
0.33681 -0.04306
0.34074 -0.04072
0.344670 -0.03827
0.34859 -0.03568
0.35252 -0.032940
0.35642 -0.03006
0.36016 -0.02717
0.36359 -0.02443
0.36655 -0.02202
0.36888 -0.02010
0.37045 -0.0188
0.3712400000 -0.01824
-Inserting Flap Ga2-
0.49114 0.083960
0.49104 0.083530
0.490830 0.08267
0.49052 0.08141
0.49011 0.07983
0.48962 0.078030
0.48906 0.0761
0.48843 0.07416
0.48775 0.07229
0.48702 0.070490
0.48625 0.06875
0.48545 0.067070
0.48462 0.06543
0.48378 0.06382
0.48291 0.06224
0.48203 0.06069
0.48113 0.05917
0.480210 0.05767
0.47928 0.0562
0.47834 0.05474
0.47738 0.05331
0.47641 0.0519
0.47542 0.05051
0.47443 0.04914
0.47342 0.04779
0.472400 0.04646
0.47137 0.04515
0.47032 0.04386
0.46926 0.04259
0.46819 0.04135
0.4671 0.04012
0.46601 0.0389
0.46491 0.03770
0.4638 0.03651
0.46269 0.03532
0.46157 0.03415
0.46044 0.03299
0.4593 0.03185
0.45815 0.03072
0.45699 0.02962
0.45582 0.02853
0.45464 0.02745
0.45345 0.026390
0.452250 0.02535
0.45104 0.02432
0.44982 0.0233
0.4486 0.0223
0.44737 0.02131
0.446130 0.02033
0.44488 0.01936
0.44362 0.01841
0.44235 0.01747
0.44108 0.01655
0.43979 0.01565
0.43849 0.014760
0.43719 0.01388
0.43587 0.01303
0.43454 0.01218
0.43321 0.01136
0.43186 0.01055
0.4305 0.00976
0.42914 0.008980
0.42776 0.00822
0.42637 0.00748
0.42497 0.00676
0.42356 0.00605
0.42214 0.00536
0.42071 0.00467
0.41928 0.004
0.417840 0.00335
0.41638 0.00272
0.41491 0.0021
0.41342 0.00152
0.41192 0.00097
0.41039 0.00044
0.40885 -5e-05
0.40728 -0.00051
0.4057 -0.00094
0.4041 -0.00135
0.40248 -0.00171
0.40083 -0.00204
0.39915 -0.00232
0.397440 -0.00255
0.3957 -0.00272
0.39392 -0.00284
0.39211 -0.0029
0.39026 -0.00292
0.38839 -0.002880
0.38648 -0.00279
0.38452 -0.00263
0.382510 -0.00236
0.38041 -0.001960
0.37821 -0.001410
0.375920 -0.00069
0.37361 0.00018
0.37136 0.00119
0.36927 0.0023
0.36744 0.003480
0.365930 0.00471
0.36402 0.00717
0.36366 0.00834
0.36373 0.00941
0.36424 0.01036
0.36511 0.01119
0.36627 0.01193
0.36762 0.01259
0.3691 0.01317
0.37062 0.01371
0.37217 0.01419
0.37375 0.01462
0.37536 0.015010
0.37699 0.01536
0.378650 0.01567
0.38033 0.01595
0.38203 0.016190
0.38374 0.01642
0.38547 0.01662
0.3872 0.01681
0.38894 0.01699
0.39069 0.01716
0.39243 0.01733
0.39418 0.0175
0.39592 0.01767
0.397660 0.01785
0.399390 0.01804
0.40112 0.018240
0.40284 0.01845
0.40456 0.01867
0.40626 0.01891
0.40796 0.0191600
0.40965 0.01942
0.411330 0.01969
0.4130 0.019980
0.41466 0.02029
0.41631 0.02061
0.41795 0.02095
0.41958 0.0213
0.42121 0.02167
0.42282 0.02206
0.42442 0.02246
0.4260 0.022890
0.42758 0.02333
0.42915 0.02379
0.4307 0.02427
0.43224 0.02476
0.43377 0.02528
0.43528 0.02582
0.43679 0.02638
0.43827 0.02696
0.43975 0.02756
0.44122 0.02818
0.44268 0.02881
0.44413 0.02946
0.445560 0.030120
0.44699 0.0308
0.4484 0.0315
0.4498 0.03223
0.45119 0.03298
0.45255 0.03376
0.45391 0.03456
0.45524 0.03538
0.456560 0.03623
0.45787 0.0371
0.45916 0.038
0.460440 0.03892
0.4617 0.039870
0.46294 0.04084
0.46417 0.04184
0.46538 0.04287
0.46657 0.04393
0.46775 0.04501
0.4689 0.04613
0.470040 0.04727
0.471160 0.04845
0.47226 0.04965
0.47333 0.0509
0.47439 0.05217
0.47542 0.05349
0.47643 0.05483
0.47742 0.05621
0.47839 0.05762
0.4793400 0.059060
0.48028 0.06053
0.4812 0.06202
0.4821 0.06354
0.48299 0.06508
0.48386 0.06665
0.484720 0.06824
0.48556 0.06987
0.486370 0.07153
0.48715 0.07324
0.4879 0.07501
0.48862 0.07681
0.48927 0.07858
0.48986 0.08024
0.49035 0.08168
0.49073 0.08283
0.49099 0.0836
0.49114 0.083960
-Inserting Flap Ga2-
0.60381 0.2219
0.60387 0.22146
0.60396 0.22059
0.60409 0.2193
0.60424 0.21767
0.60438 0.21581
0.6045 0.21381
0.604560 0.21177
0.60455 0.20977
0.60447 0.20783
0.60433 0.20594
0.60414 0.20409
0.60392 0.20226
0.60366 0.20046
0.60338 0.19868
0.60307 0.19693
0.60273 0.19519
0.60237 0.19347
0.60199 0.19177
0.60159 0.19008
0.60117 0.18841
0.60073 0.18676
0.60027 0.18512
0.5998 0.18349
0.5993 0.18188
0.59879 0.18028
0.59826 0.1787
0.59771 0.17713
0.59713 0.175580
0.59654 0.17405
0.59593 0.17253
0.59531 0.17102
0.59468 0.16951
0.59404 0.16802
0.59339 0.16653
0.59273 0.16505
0.59206 0.16358
0.59137 0.16212
0.59067 0.16067
0.58995 0.15924
0.58921 0.15782
0.58846 0.15641
0.5877 0.15501
0.58692 0.15362
0.58613 0.15225
0.585320 0.15088
0.58451 0.14952
0.58368 0.14817
0.582840 0.14683
0.58199 0.14551
0.58113 0.14419
0.58025 0.14288
0.57936 0.14158
0.57845 0.14029
0.57753 0.13902
0.57659 0.13776
0.57564 0.13651
0.57468 0.13527
0.5737 0.13404
0.5727 0.13282
0.57169 0.13162
0.57066 0.130430
0.56962 0.12925
0.56856 0.128090
0.56749 0.12694
0.5664 0.12579
0.56529 0.12466
0.56418 0.123540
0.56306 0.12243
0.56192 0.12133
0.560760 0.12024
0.55958 0.11917
0.55838 0.118120
0.55715 0.1170900
0.55589 0.116080
0.5546 0.11510
0.55328 0.114140
0.55194 0.11320
0.55056 0.11228
0.54916 0.111390
0.54771 0.110530
0.54623 0.109700
0.5447 0.108910
0.543110 0.10816
0.54148 0.10745
0.53979 0.10678
0.53806 0.10614
0.53628 0.10555
0.53446 0.10499
0.53256 0.10449
0.53057 0.10406
0.52846 0.10373
0.52621 0.1035
0.52381 0.10341
0.52133 0.10346
0.51888 0.1036500
0.5165400 0.10399
0.51441 0.10448
0.51258 0.10514
0.509950 0.10681
0.509220 0.10779
0.50893 0.10882
0.50908 0.10989
0.50963 0.11097
0.51047 0.11205
0.51152 0.11312
0.51271 0.11417
0.513970 0.11519
0.51526 0.11616
0.51661 0.1171
0.51799 0.11801
0.51941 0.11889
0.52087 0.11974
0.52236 0.12056
0.523870 0.12137
0.52541 0.12215
0.52697 0.12293
0.52854 0.12369
0.53012 0.12444
0.53170 0.12519
0.53329 0.12594
0.534880 0.12669
0.53646 0.12744
0.53804 0.12819
0.5396 0.12896
0.54116 0.12972
0.54272 0.13050
0.54425 0.13129
0.54578 0.13208
0.5473 0.13289
0.5488 0.1337
0.55029 0.134530
0.55176 0.13536
0.55323 0.13621
0.55467 0.13707
0.55610 0.137940
0.55752 0.13882
0.55892 0.13971
0.56031 0.14062
0.56168 0.14154
0.56303 0.14247
0.56437 0.14342
0.56569 0.14438
0.56699 0.14535
0.56827 0.146340
0.56954 0.14734
0.57078 0.14836
0.572010 0.14939
0.57322 0.15044
0.57441 0.1515
0.57558 0.152580
0.57674 0.15366
0.57789 0.15476
0.57902 0.15586
0.58013 0.15699
0.58123 0.15812
0.5823 0.15928
0.58335 0.16045
0.58438 0.16164
0.58538 0.16285
0.58636 0.16408
0.58732 0.16532
0.58826 0.16658
0.58917 0.16786
0.59006 0.16916
0.59093 0.17048
0.59178 0.17181
0.59259 0.17317
0.59339 0.174540
0.59415 0.175940
0.59489 0.17735
0.59561 0.17879
0.59629 0.18025
0.59695 0.18174
0.59758 0.18324
0.59817 0.18478
0.59874 0.18633
0.59927 0.18792
0.59976 0.18952
0.60023 0.19116
0.60067 0.19281
0.60109 0.19449
0.60148 0.19618
0.60184 0.1979
0.60218 0.19963
0.6025 0.20138
0.60279 0.20315
0.60306 0.20494
0.6033 0.20676
0.6035 0.2086
0.60367 0.21047
0.60378 0.21238
0.60384 0.21432
0.60387 0.216210
0.60386 0.21797
0.60384 0.21949
0.60381 0.2207
0.60379 0.22152
0.60381 0.2219
*.*.Setup: Ga2.txt as Flap 1, Inverted: y, Scale = 1.0, AoA = 0.0, Reposition from (0,0) = (0, 0)*.*.
*.*.Setup: Ga2.txt as Flap 2, Inverted: y, Scale = 0.4, AoA = 32.0, Reposition from previous T.E. = (-0.0267, 0.08), Reposition from (0,0) = (0.9733, 0.0309)*.*.
*.*.Setup: Ga2.txt as Flap 3, Inverted: y, Scale = 0.4, AoA = 51.666666666666664, Reposition from previous T.E. = (0.04, 0.07), Reposition from (0,0) = (1.363, 0.2962)*.*.
*.*.Setup: Scale Ratio = 0.37124*.*.