0.37308 0.05909
0.37099 0.056780
0.36795 0.05341
0.36435 0.05007
0.35996 0.04679
0.3546 0.04338
0.3481 0.03967
0.34041 0.03566
0.33163 0.03140
0.322 0.02699
0.31178 0.02255
0.30121 0.01815
0.29046 0.01387
0.27962 0.00974
0.26875 0.0058
0.25785 0.00206
0.24687 -0.0015
0.23577 -0.00489
0.2245 -0.00813
0.213 -0.01127
0.20126 -0.01433
0.18926 -0.01735
0.17708 -0.02036
0.16483 -0.02334
0.15267 -0.02626
0.14077 -0.02906
0.12933 -0.031660
0.11853 -0.03395
0.10848 -0.03583
0.09914 -0.03723
0.09037 -0.03815
0.08203 -0.03857
0.07404 -0.03851
0.06635 -0.037970
0.05893 -0.03698
0.05177 -0.03554
0.04491 -0.03368
0.03838 -0.03144
0.03229 -0.02891
0.02674 -0.02621
0.02183 -0.023460
0.017620 -0.02081
0.01409 -0.01829
0.011150 -0.01593
0.00872 -0.01373
0.00670 -0.011660
0.00504 -0.00973
0.00367 -0.00792
0.00254 -0.00622
0.00163 -0.0046100
0.00092 -0.00308
0.00039 -0.001620
0.000086 -0.00023
-0.00013 0.00113000
0.000005 0.0025
0.00059 0.003760
0.00164 0.00477
0.00302 0.00553
0.00465 0.00614
0.00653 0.006670
0.0087 0.00716
0.01126 0.00765
0.01431 0.00814
0.01804 0.00865
0.0227 0.0092
0.02862 0.00978
0.03609 0.01041
0.04507 0.01101
0.05518 0.01149
0.066060 0.01177
0.077630 0.01186
0.0898 0.01183
0.102350 0.01175
0.11509 0.01165
0.12779 0.01156
0.14034 0.01151
0.152690 0.01153
0.16484 0.01165
0.17677 0.01190
0.188520 0.0123
0.20007 0.01288
0.21147 0.01365
0.22273 0.01462
0.2338500 0.01581
0.24486 0.01724
0.25577 0.0189
0.26659 0.0208
0.277320 0.02295
0.28795 0.02535
0.29847 0.02799
0.30884 0.03086
0.31896 0.03393
0.32868 0.03716
0.33779 0.04047
0.34602 0.04377
0.35322 0.04697
0.35935 0.05005
0.36448 0.053
0.36876 0.0558
0.37308 0.05909
-Inserting Flap s1223rtl-
0.5581 0.14257
0.5573 0.14124
0.55613 0.1393
0.55468 0.13731
0.55284 0.13529
0.55053 0.1331
0.5477 0.13066
0.54431 0.12795
0.540410 0.12502
0.5361 0.12194
0.53151 0.11879
0.52674 0.11562
0.52187 0.11249
0.51694 0.10944
0.51199 0.10646
0.506990 0.10358
0.50194 0.10079
0.49682 0.098070
0.49159 0.09540
0.48625 0.09277
0.48078 0.09014
0.47518 0.08752
0.46949 0.084880
0.46376 0.08225
0.45807 0.079650
0.4525 0.07714
0.44713 0.07478
0.44204 0.07262
0.43729 0.07074
0.43284 0.06916
0.42862 0.06787
0.42457 0.06687
0.42065 0.06614
0.41682 0.06567
0.41308 0.06545
0.40943 0.06547
0.40588 0.06573
0.40247 0.06621
0.39924 0.06687
0.39626 0.06766
0.39359 0.068540
0.39127 0.06945
0.38929 0.07034
0.38762 0.07122
0.386220 0.07207
0.38503 0.07289
0.38403 0.07368
0.38319 0.07444
0.38247 0.07517
0.38187 0.07587
0.381380 0.07655
0.38097 0.07722
0.38067 0.077870
0.38046 0.07852
0.380390 0.0792
0.38056 0.07988
0.38098 0.08047
0.381590 0.08098
0.38233 0.08143
0.3832 0.08187
0.384220 0.08232
0.38543 0.0828
0.38688 0.08334
0.38866 0.08394
0.39089 0.08466
0.39375 0.08551
0.39735 0.08653
0.4017 0.08768
0.406620 0.08888
0.41193 0.09006
0.41760 0.0912
0.42358 0.092350
0.42975 0.09351
0.43601 0.09467
0.44225 0.09584
0.44841 0.09701
0.45447 0.0982
0.46042 0.09942
0.46626 0.10068
0.47198 0.102
0.47760 0.10339
0.48312 0.10485
0.48855 0.1064
0.4939 0.10805
0.49917 0.1098
0.50436 0.11165
0.50949 0.11362
0.51455 0.1157
0.51954 0.11789
0.52446 0.12019
0.52927 0.12259
0.533940 0.12506
0.53841 0.12757
0.542560 0.13007
0.54629 0.13247
0.54952 0.13473
0.55223 0.13682
0.55447 0.13876
0.55630 0.14055
0.5581 0.14257
-Inserting Flap s1223rtl-
0.66143 0.295
0.66127 0.2934600
0.66103 0.2912
0.66055 0.28879
0.65974 0.28618
0.65858 0.28322
0.65704 0.279810
0.65511 0.275930
0.65281 0.27162
0.65021 0.26701
0.647380 0.26221
0.644390 0.25732
0.6413 0.25243
0.63813 0.24758
0.634890 0.24279
0.63158 0.23807
0.62819 0.2334
0.62469 0.22877
0.62109 0.22415
0.61736 0.21950
0.61351 0.214810
0.60954 0.21006
0.6055 0.20527
0.60142 0.20046
0.59736 0.1957
0.59337 0.191070
0.5895 0.18666
0.58581 0.18256
0.5823 0.17885
0.57893 0.17553
0.57565 0.17258
0.5724 0.16996
0.56915 0.16764
0.56589 0.1656
0.56259 0.16382
0.55927 0.16230
0.55595 0.16103
0.55265 0.16002
0.54944 0.15925
0.5464 0.15872
0.54361 0.15838
0.54113 0.15822
0.53896 0.1582
0.53708 0.15829
0.53545 0.15847
0.534030 0.158710
0.53279 0.159
0.5317 0.15933
0.53074 0.15969
0.52990 0.16007
0.52916 0.16048
0.52852 0.16092
0.52797 0.16138
0.5275 0.161880
0.52715 0.16247
0.52702 0.163150
0.52715 0.16387
0.527480 0.164580
0.52796 0.165310
0.52857 0.16607
0.5293 0.16691
0.53019 0.16786
0.53128 0.16896
0.53264 0.17026
0.53436 0.17185
0.53659 0.173830
0.53943 0.17627
0.54288 0.17916
0.54683 0.18232
0.551150 0.185630
0.5558 0.18907
0.56073 0.19263
0.56584 0.19629
0.57102 0.19999
0.57618 0.20369
0.581270 0.20736
0.58626 0.211
0.59114 0.21462
0.5959 0.21822
0.60053 0.22184
0.60503 0.22547
0.60942 0.22913
0.61368 0.23283
0.61783 0.23658
0.62187 0.24039
0.62579 0.24427
0.62961 0.24822
0.63332 0.25224
0.63692 0.25634
0.6404 0.2605
0.64375 0.2647
0.64694 0.26892
0.64992 0.27309
0.65263 0.2771
0.65499 0.28086
0.65696 0.28427
0.65854 0.28731
0.65975 0.29001
0.66065 0.2924
0.66143 0.295
*.*.Setup: s1223rtl.txt as Flap 1, Inverted: y, Scale = 1.0, AoA = 9.0, Reposition from (0,0) = (0, 0)*.*.
*.*.Setup: s1223rtl.txt as Flap 2, Inverted: y, Scale = 0.5, AoA = 20.0, Reposition from previous T.E. = (0.02, 0.05), Reposition from (0,0) = (1.0077, 0.2064)*.*.
*.*.Setup: s1223rtl.txt as Flap 3, Inverted: y, Scale = 0.5, AoA = 45.0, Reposition from previous T.E. = (-0.08, 0.05), Reposition from (0,0) = (1.3975, 0.4274)*.*.
*.*.Setup: Scale Ratio = 0.37773*.*.