0.3714300000 -0.01825
0.37064 -0.01904
0.36907 -0.02057
0.36674 -0.02283
0.36378 -0.02565
0.36035 -0.02882
0.35661 -0.03216
0.3527 -0.03544
0.34877 -0.03851
0.344840 -0.04136
0.34091 -0.04403
0.33699 -0.04654
0.33306 -0.04892
0.32913 -0.05121
0.3252 -0.05341
0.32127 -0.05553
0.31734 -0.05757
0.31341 -0.05954
0.30948 -0.06143
0.30555 -0.06326
0.30162 -0.06502
0.29769 -0.06673
0.29377 -0.06837
0.28984 -0.06996
0.28591 -0.07150
0.28198 -0.07297
0.278050 -0.07438
0.27412 -0.07572
0.27019 -0.077
0.26626 -0.07822
0.26233 -0.07939
0.2584 -0.08052
0.254470 -0.08161
0.25055 -0.08268
0.24662 -0.083720
0.24269 -0.08472
0.23876 -0.08568
0.23483 -0.08659
0.23090 -0.08746
0.22697 -0.088270
0.22304 -0.08903
0.21911 -0.08974
0.21518 -0.09041
0.21125 -0.09104
0.20733 -0.09162
0.2034 -0.09216
0.19947 -0.09267
0.19554 -0.09313
0.19161 -0.09356
0.18768 -0.09396
0.18375 -0.09431
0.17982 -0.09462
0.17589 -0.09488
0.17196 -0.0951
0.16803 -0.09527
0.16411 -0.09539
0.16018 -0.09546
0.15625 -0.09549
0.15232 -0.09547
0.14839 -0.0954
0.14446 -0.09529
0.140530 -0.09512
0.1366 -0.0949
0.13267 -0.09463
0.12874 -0.09431
0.12481 -0.09394
0.12089 -0.09353
0.116960 -0.09309
0.11303 -0.09261
0.1091 -0.09208
0.10517 -0.0915
0.10124 -0.090850
0.09731 -0.090120
0.093380 -0.0893
0.08945 -0.08838
0.08552 -0.08738
0.08159 -0.08629
0.07767 -0.08511
0.07374 -0.08384
0.06981 -0.08246
0.06588 -0.08097
0.06195 -0.07934
0.05802 -0.0775500
0.05409 -0.07561
0.05016 -0.0735100
0.04623 -0.071240
0.0423 -0.06883
0.03837 -0.06627
0.03445 -0.06355
0.03052 -0.0606
0.026590 -0.05736
0.02266 -0.053740
0.01873 -0.04967
0.01483 -0.0451
0.01108 -0.04017
0.00765 -0.03506
0.00469 -0.02995
0.00236 -0.02501
0.00079 -0.02039
0.000000 -0.01263
0.00079 -0.00969
0.00236 -0.00752
0.00469 -0.00617
0.00765 -0.00555
0.01108 -0.00552
0.01483 -0.00593
0.01873 -0.00664
0.02266 -0.00753
0.026590 -0.00856
0.03052 -0.00973
0.03445 -0.01104
0.03837 -0.01246
0.0423 -0.014
0.04623 -0.01565
0.05016 -0.01737
0.05409 -0.01917
0.05802 -0.02103
0.06195 -0.02293
0.06588 -0.02486
0.06981 -0.02681
0.07374 -0.02876
0.07767 -0.03071
0.08159 -0.03265
0.08552 -0.03457
0.08945 -0.03647
0.093380 -0.03834
0.09731 -0.04017
0.10124 -0.04197
0.10517 -0.04374
0.1091 -0.04546
0.11303 -0.04715
0.116960 -0.04879
0.12089 -0.05039
0.12481 -0.051940
0.12874 -0.05345
0.13267 -0.05491
0.1366 -0.056320
0.140530 -0.0576800
0.14446 -0.059
0.14839 -0.06026
0.15232 -0.06147
0.15625 -0.06262
0.16018 -0.06372
0.16411 -0.06476
0.16803 -0.06575
0.17196 -0.06667
0.17589 -0.06754
0.17982 -0.06834
0.18375 -0.06908
0.18768 -0.069770
0.19161 -0.070410
0.19554 -0.071
0.19947 -0.07155
0.2034 -0.072050
0.20733 -0.0725
0.21125 -0.07288
0.21518 -0.0732
0.21911 -0.07344
0.22304 -0.0736
0.22697 -0.0737
0.23090 -0.07372
0.23483 -0.07367
0.23876 -0.07355
0.24269 -0.07336
0.24662 -0.07310
0.25055 -0.07276
0.254470 -0.07235
0.2584 -0.07185
0.26233 -0.07127
0.26626 -0.07061
0.27019 -0.06987
0.27412 -0.06903
0.278050 -0.06811
0.28198 -0.0671
0.28591 -0.06599
0.28984 -0.06478
0.29377 -0.06347
0.29769 -0.06206
0.30162 -0.06054
0.30555 -0.05893
0.30948 -0.05722
0.31341 -0.05544
0.31734 -0.05357
0.32127 -0.051620
0.3252 -0.0496
0.32913 -0.0475
0.33306 -0.04533
0.33699 -0.04308
0.34091 -0.04074
0.344840 -0.03829
0.34877 -0.0357
0.3527 -0.032960
0.35661 -0.03007
0.36035 -0.02718
0.36378 -0.02445
0.36674 -0.02203
0.36907 -0.020110
0.37064 -0.01881
0.3714300000 -0.01825
-Inserting Flap Ga2-
0.5096 0.06869
0.50946 0.06827
0.50918 0.06744
0.50876 0.06621
0.508220 0.06467
0.507570 0.06291
0.50684 0.06105
0.50605 0.05917
0.5052 0.05736
0.50432 0.05563
0.50341 0.05397
0.50246 0.05236
0.50149 0.05079
0.50051 0.04926
0.49951 0.04777
0.49849 0.0463
0.49746 0.04486
0.49642 0.04344
0.49536 0.04206
0.49429 0.040690
0.49321 0.03935
0.492120 0.03803
0.49102 0.03673
0.48991 0.03545
0.48879 0.034190
0.48766 0.03295
0.48651 0.03173
0.48536 0.030540
0.48419 0.02937
0.48301 0.02822
0.4818200 0.027090
0.48062 0.02598
0.47942 0.02487
0.47822 0.02378
0.477 0.0227
0.47579 0.02163
0.47456 0.02057
0.47333 0.01953
0.47208 0.01851
0.47083 0.01751
0.46957 0.01652
0.46830 0.01555
0.46702 0.0146
0.46573 0.01367
0.46444 0.01274
0.46313 0.01184
0.46183 0.01094
0.46051 0.01006
0.45919 0.0092
0.45786 0.00834
0.45652 0.00751
0.45518 0.006680
0.453830 0.00587
0.45246 0.00508
0.45109 0.00431
0.44972 0.00355
0.44833 0.00281
0.44693 0.00209
0.44553 0.00138
0.44412 0.00069
0.4427 0.000059
0.44127 -0.00063
0.43983 -0.00127
0.43838 -0.00188
0.43692 -0.00248
0.435450 -0.00307
0.43398 -0.00364
0.4325 -0.00419
0.43101 -0.00473
0.42951 -0.00526
0.42801 -0.00576
0.42649 -0.00625
0.42495 -0.0067
0.4234 -0.00712
0.42184 -0.00751
0.42026 -0.00786
0.41866 -0.00819
0.4170400 -0.00848
0.41541 -0.00874
0.41376 -0.00896
0.41209 -0.009140
0.41039 -0.00928
0.40867 -0.00936
0.40692 -0.00938
0.40513 -0.00934
0.40332 -0.00925
0.401480 -0.0091
0.39962 -0.0089
0.39772 -0.00864
0.39579 -0.00831
0.3938 -0.00787
0.39174 -0.00729
0.38960 -0.00655
0.38738 -0.00563
0.38515 -0.00456
0.383 -0.00336
0.38102 -0.00207
0.37929 -0.000740
0.37789 0.00062
0.3762 0.00325
0.37595 0.00444
0.37611 0.0055
0.3767 0.0064
0.37764 0.00716
0.37886 0.00779
0.38027 0.00833
0.38179 0.00878
0.38335 0.00918
0.38494 0.00953
0.38655 0.00982
0.38819 0.01007
0.38985 0.01028
0.39153 0.01044
0.39323 0.01057
0.39494 0.01067
0.39667 0.01074
0.39840 0.01079
0.40015 0.01083
0.4019 0.01085
0.40365 0.01087
0.40541 0.01089
0.40716 0.010910
0.40892 0.01093
0.41067 0.01096
0.412410 0.011
0.41415 0.01104
0.41588 0.0111
0.41761 0.01117
0.41933 0.011260
0.42105 0.01136
0.42275 0.01147
0.42445 0.0116
0.42614 0.01174
0.42782 0.0119
0.4295 0.01208
0.43116 0.01227
0.43282 0.01248
0.43447 0.01271
0.43611 0.012960
0.43774 0.013220
0.43936 0.0135
0.44097 0.0138
0.44257 0.014130
0.44416 0.014470
0.44573 0.01483
0.44730 0.01521
0.44886 0.01562
0.45041 0.01605
0.45194 0.01650
0.45347 0.01696
0.45498 0.01745
0.45649 0.017950
0.45799 0.01847
0.45948 0.019
0.46096 0.01956
0.46243 0.02014
0.463890 0.02074
0.46534 0.02137
0.466770 0.02202
0.46818 0.0227
0.46959 0.0234
0.47098 0.02414
0.47236 0.02489
0.47372 0.02567
0.47508 0.02648
0.47642 0.02731
0.47774 0.02818
0.47905 0.02907
0.48035 0.02999
0.48163 0.03093
0.48289 0.03191
0.48414 0.03292
0.48537 0.03397
0.48659 0.03504
0.487790 0.03615
0.488970 0.03729
0.49013 0.03847
0.49128 0.039690
0.4924 0.04095
0.49351 0.04223
0.4946 0.04355
0.4956700 0.04491
0.49674 0.04628
0.49778 0.0476900
0.49882 0.04913
0.49983 0.05059
0.50084 0.05207
0.501830 0.05359
0.50281 0.05514
0.50376 0.05673
0.50469 0.05836
0.5056 0.06005
0.50646 0.06179
0.50727 0.0635
0.508 0.06510
0.50862 0.0665
0.5091 0.06761
0.509420 0.06835
0.5096 0.06869
-Inserting Flap Ga2-
0.60376 0.20671
0.60382 0.20627
0.60391 0.20539
0.60404 0.204100
0.60419 0.20247
0.60433 0.20061
0.60445 0.19861
0.60451 0.19657
0.6045 0.19457
0.604420 0.19263
0.60428 0.19074
0.60409 0.18888
0.60387 0.18706
0.60361 0.18526
0.60333 0.18348
0.60301 0.18172
0.602680 0.17998
0.60232 0.17826
0.60194 0.17656
0.60154 0.17487
0.60112 0.1732
0.60068 0.17155
0.600220 0.1699
0.59975 0.16828
0.59925 0.16666
0.59874 0.16507
0.59821 0.16348
0.59765 0.16192
0.59708 0.16037
0.59649 0.15883
0.59588 0.15731
0.59526 0.15580
0.59463 0.1542900
0.59399 0.15279
0.59334 0.1513
0.592680 0.14982
0.592 0.14835
0.59132 0.14689
0.59061 0.14545
0.58989 0.14401
0.58916 0.14259
0.58841 0.14118
0.58764 0.139780
0.58686 0.13839
0.58607 0.13702
0.58527 0.13565
0.58445 0.13429
0.58362 0.13294
0.58278 0.1316
0.58193 0.130270
0.58106 0.12895
0.580190 0.127640
0.57929 0.12634
0.57839 0.12506
0.57747 0.12378
0.57653 0.12252
0.57558 0.12127
0.57461 0.12003
0.57363 0.1188
0.5726300 0.11758
0.57162 0.11638
0.57060 0.11519
0.5695500 0.11401
0.56849 0.11285
0.56742 0.11169
0.56633 0.11055
0.56523 0.10942
0.56411 0.1083
0.562990 0.10718
0.56185 0.10608
0.56069 0.10499
0.55951 0.10392
0.5583 0.10287
0.55707 0.10184
0.55581 0.10083
0.55452 0.09985
0.5532 0.09889
0.55186 0.09795
0.55048 0.09703
0.54908 0.09614
0.54763 0.09528
0.54615 0.09445
0.54461 0.09366
0.54303 0.09291
0.54139 0.09220
0.53971 0.09153
0.53798 0.09089
0.5362 0.09029
0.53437 0.08974
0.53247 0.08923
0.53048 0.08881
0.52837 0.08847
0.52612 0.08825
0.52371 0.08816
0.52124 0.0882
0.51879 0.08839
0.51645 0.0887300
0.514320 0.08923
0.51248 0.08988
0.50985 0.09156
0.50912 0.09254
0.50883 0.09357
0.50899 0.09463
0.50953 0.09572
0.51037 0.0968
0.51143 0.09787
0.51262 0.098920
0.51387 0.09994
0.51517 0.10091
0.51651 0.10185
0.51789 0.102760
0.51932 0.10364
0.52077 0.10449
0.522270 0.10532
0.52378 0.10612
0.52532 0.10691
0.52688 0.107680
0.52845 0.10844
0.53003 0.1092
0.53162 0.10995
0.5332 0.11069
0.53479 0.11144
0.53637 0.112190
0.53795 0.11295
0.53952 0.113710
0.54108 0.11448
0.54263 0.11526
0.54417 0.116050
0.5457 0.116840
0.54722 0.11765
0.54872 0.11846
0.55021 0.11929
0.55169 0.12012
0.55315 0.12097
0.5546 0.12183000
0.55603 0.1227
0.55745 0.123580
0.55885 0.12448
0.56024 0.125380
0.56161 0.1263
0.56296 0.12724
0.5643 0.12818
0.565620 0.12914
0.56692 0.13012
0.5682 0.13111
0.56947 0.13211
0.57072 0.13313
0.57194 0.13416
0.57315 0.13521
0.57434 0.13627
0.57552 0.13735
0.57668 0.13843
0.577820 0.139530
0.57896 0.14064
0.58007 0.14176
0.58117 0.14290
0.58224 0.14405
0.58329 0.14522
0.58432 0.14642
0.58532 0.14763
0.5863 0.14885
0.58726 0.1501
0.5882 0.15136
0.58911 0.15264
0.590010 0.15394
0.59088 0.15525
0.59172 0.15659
0.59254 0.15795
0.59333 0.15932
0.5941 0.16072
0.59484 0.16214
0.59555 0.16358
0.59624 0.16504
0.5969 0.16652
0.59752 0.16803
0.59812 0.16956
0.598680 0.17112
0.59921 0.1727
0.59971 0.17431
0.60018 0.1759500
0.60062 0.1776
0.60104 0.179280
0.60142 0.18097
0.60179 0.18269
0.60213 0.18443
0.60244 0.18618
0.60274 0.18795
0.60301 0.18974
0.60325 0.191550
0.603450 0.1934
0.60362 0.19527
0.60373 0.19718
0.60379 0.19912
0.60382 0.20102
0.60381 0.202770
0.60379 0.2043
0.60376 0.20551
0.60374 0.20632
0.60376 0.20671
*.*.Setup: Ga2.txt as Flap 1, Inverted: y, Scale = 1.0, AoA = 0.0, Reposition from (0,0) = (0, 0)*.*.
*.*.Setup: Ga2.txt as Flap 2, Inverted: y, Scale = 0.4, AoA = 27.0, Reposition from previous T.E. = (0.0067, 0.07), Reposition from (0,0) = (1.0067, 0.0209)*.*.
*.*.Setup: Ga2.txt as Flap 3, Inverted: y, Scale = 0.4, AoA = 51.666666666666664, Reposition from previous T.E. = (-0.01, 0.07), Reposition from (0,0) = (1.362, 0.2549)*.*.
*.*.Setup: Scale Ratio = 0.37143*.*.