0.37428 -0.03152
0.37346 -0.032290
0.37182 -0.03378
0.369380 -0.03597
0.3663 -0.03871
0.362720 -0.0418
0.35882 -0.04503
0.35477 -0.0482
0.35069 -0.051170
0.34663 -0.05391
0.34257 -0.05646
0.33851 -0.058850
0.33446 -0.061120
0.33041 -0.06329
0.32637 -0.06538
0.32233 -0.06738
0.31829 -0.0693
0.31426 -0.07114
0.31022 -0.07292
0.30619 -0.07462
0.30217 -0.07627
0.29814 -0.07785
0.29412 -0.07937
0.29009 -0.08084
0.28607 -0.08225
0.28205 -0.08359
0.27804 -0.08488
0.27403 -0.0861
0.27001 -0.08725
0.26601 -0.08834
0.262 -0.08938
0.25799 -0.09038
0.25399 -0.09135
0.24998 -0.09229
0.24598 -0.0932
0.24198 -0.09407
0.23798 -0.0949
0.23398 -0.09568
0.22999 -0.09642
0.22599 -0.0971
0.222 -0.09773
0.21801 -0.09831
0.21402 -0.09885
0.21003 -0.09934
0.20604 -0.09979
0.20206 -0.10020
0.198070 -0.10057
0.19409 -0.1009
0.19011 -0.1012
0.18613 -0.10145
0.18215 -0.10167
0.17818 -0.10184
0.1742 -0.10197
0.17023 -0.102050
0.16625 -0.10208
0.16228 -0.10207
0.15832 -0.10201
0.15435 -0.1019
0.15038 -0.10174
0.14642 -0.10153
0.14246 -0.10127
0.1385 -0.10096
0.13454 -0.1006
0.13058 -0.10019
0.12663 -0.09973
0.12268 -0.09922
0.11872 -0.09867
0.11477 -0.09809
0.11082 -0.0974600
0.10688 -0.09679
0.10293 -0.09607
0.09899 -0.09527
0.09505 -0.09439
0.09111 -0.09343
0.08718 -0.09237
0.08325 -0.09122
0.07932 -0.089980
0.07539 -0.08865
0.07147 -0.08722
0.06756 -0.0857
0.06364 -0.084050
0.05973 -0.08226
0.05583 -0.08033
0.05193 -0.07823
0.048040 -0.07596
0.04416 -0.07354
0.04027 -0.07097
0.0364 -0.06824
0.03253 -0.06536
0.02867 -0.06225
0.02481 -0.058840
0.02098 -0.05505
0.01715 -0.05079
0.01338 -0.04604
0.00977 -0.040940
0.00648 -0.03566
0.00368 -0.0304
0.0015 -0.02532
7e-05 -0.02061
-0.00045 -0.012750
0.00045 -0.00981
0.00211 -0.00767
0.00452 -0.00639
0.00752 -0.00588
0.01099 -0.00596
0.01476 -0.00651
0.01867 -0.00736
0.02261 -0.00840
0.02654 -0.00958
0.03046 -0.0109
0.03438 -0.01235
0.0383 -0.01393
0.04221 -0.01563
0.04612 -0.01742
0.05002 -0.0193
0.05392 -0.021260
0.05782 -0.02327
0.06172 -0.02533
0.06562 -0.02741
0.06952 -0.02952
0.07342 -0.03163
0.07731 -0.033740
0.08121 -0.03584
0.08511 -0.03791
0.08901 -0.03996
0.09291 -0.04199
0.09681 -0.04398
0.10071 -0.04594
0.10462 -0.04786
0.10852 -0.04974
0.11243 -0.05158
0.11634 -0.05337
0.12024 -0.05512
0.12416 -0.05683
0.12807 -0.05849
0.13198 -0.0601
0.1359 -0.06166
0.13982 -0.063180
0.14374 -0.06464
0.14766 -0.06605
0.15158 -0.06741
0.15551 -0.06872
0.15943 -0.06997
0.16336 -0.07116
0.1673 -0.07229
0.17123 -0.07336
0.175160 -0.07437
0.1791 -0.07532
0.18304 -0.07621
0.18698 -0.077040
0.19093 -0.07783
0.19487 -0.07856
0.19882 -0.07926
0.20277 -0.0799
0.20672 -0.08049
0.21067 -0.08101
0.21463 -0.08147
0.21858 -0.08185
0.22254 -0.08216
0.22651 -0.082390
0.23047 -0.08255
0.23444 -0.08264
0.23841 -0.082660
0.24238 -0.0826100
0.246360 -0.08248
0.25033 -0.082280
0.25432 -0.082
0.2583 -0.08163
0.26228 -0.08119
0.26627 -0.08066
0.27027 -0.08005
0.27426 -0.07934
0.27826 -0.07855
0.28226 -0.07767
0.28627 -0.07669
0.29028 -0.07561
0.29429 -0.07442
0.2983 -0.07313
0.30232 -0.07174
0.3063500 -0.07025
0.31037 -0.06867
0.3144 -0.067
0.31843 -0.06526
0.32247 -0.06343
0.3265 -0.06153
0.33054 -0.05955
0.334590 -0.05749
0.33863 -0.05536
0.34268 -0.05314
0.34673 -0.0508
0.35079 -0.04833
0.35485 -0.0457
0.35889 -0.04293
0.36278 -0.04014
0.36634 -0.0375
0.36941 -0.03517
0.37183 -0.0333
0.37346 -0.03205
0.37428 -0.03152
-Inserting Flap Ga2-
0.52633 0.05255
0.5262 0.05212
0.52591 0.05128
0.52549 0.05004
0.52494 0.04848
0.524280 0.04671
0.52355 0.04482
0.52274 0.04293
0.52189 0.0411
0.5210 0.03935
0.52008 0.03767
0.519120 0.03605
0.51815 0.03447
0.51715 0.03292
0.51614 0.03141
0.51511 0.02993
0.51407 0.02847
0.51302 0.02705
0.511950 0.02564
0.51087 0.024260
0.50978 0.02291
0.50868 0.021570
0.50757 0.02026
0.50645 0.01897
0.50531 0.01770
0.50417 0.01645
0.503010 0.01522
0.50185 0.01401
0.50067 0.01283
0.49948 0.01167
0.49828 0.010530
0.497070 0.0094
0.49585 0.00829
0.49464 0.00718
0.49341 0.00609
0.49218 0.00501
0.49094 0.00394
0.48970 0.00289
0.48844 0.00186
0.48717 0.00085
0.48590 -0.00015
0.4846200 -0.00112
0.48333 -0.00208
0.48203 -0.00303
0.48072 -0.00396
0.4794 -0.00488000
0.47808 -0.00578
0.47675 -0.00667
0.47542 -0.00754
0.47407 -0.0084
0.4727200 -0.00925
0.47137 -0.010080
0.470 -0.0109
0.46863 -0.0117
0.46724 -0.01248
0.46585 -0.01324
0.46445 -0.01399
0.46304 -0.01472
0.46162 -0.01544
0.4602 -0.01613
0.45876 -0.01681
0.45732 -0.01747
0.45586 -0.01811
0.4544 -0.01874
0.45292 -0.01934
0.45144 -0.01993
0.4499500 -0.0205
0.44846 -0.02106
0.44695 -0.02161
0.445440 -0.02214
0.44392 -0.02265
0.44239 -0.02314
0.44084 -0.0236
0.43928 -0.02402
0.43769 -0.02442
0.43610 -0.02478
0.43448 -0.0251
0.43285 -0.0254
0.4312 -0.02566
0.42954 -0.02589
0.42785 -0.026070
0.42613 -0.0262
0.42439 -0.02628
0.42262 -0.0263
0.42082 -0.02627
0.418990 -0.02617
0.41713 -0.02602
0.41525 -0.02582
0.41334 -0.02556
0.41138 -0.02523
0.40937 -0.02478
0.4073 -0.0242
0.40513 -0.02345
0.40289 -0.02252
0.40064 -0.02144
0.39847 -0.02023
0.39646 -0.01893
0.39472 -0.01758
0.39331 -0.0162
0.3916 -0.013550
0.39134 -0.01235
0.39151 -0.01128
0.3921 -0.01037
0.39305 -0.0096
0.39428 -0.008960
0.39571 -0.00842
0.39724 -0.00796
0.39882 -0.00756
0.40042 -0.00721
0.40205 -0.00691
0.40371 -0.00666
0.40538 -0.00645
0.40708 -0.00629
0.40879 -0.00616
0.41053 -0.00606
0.41227 -0.005990
0.41402 -0.005930
0.41579 -0.0059
0.41756 -0.00587
0.41933 -0.0058500
0.4211 -0.00584
0.42287 -0.00582
0.42464 -0.0058
0.42641 -0.00577
0.42817 -0.00573
0.42993 -0.00568
0.431680 -0.005620
0.43342 -0.00555
0.43516 -0.00546
0.43689 -0.00536
0.43862 -0.00525
0.44033 -0.00512
0.44204 -0.00497
0.44374 -0.00481
0.44543 -0.004630
0.44711 -0.004440
0.44878 -0.00423
0.45045 -0.004
0.4521 -0.003750
0.45375 -0.00348
0.45539 -0.0032
0.45701 -0.00289
0.45863 -0.002570
0.46023 -0.002220
0.46183 -0.00185
0.463410 -0.00147
0.46499 -0.00106
0.46655 -0.00063
0.4681 -0.000170
0.46964 0.000300
0.47117 0.00079
0.47269 0.00130
0.47421 0.00182
0.47571 0.00236
0.47721 0.00292
0.4787 0.00351
0.480170 0.00411
0.48163 0.00475
0.48307 0.00541
0.4845 0.00609
0.48592 0.00681
0.48733 0.00754
0.48872 0.00831
0.4901 0.0091
0.49146 0.00991
0.49282 0.01075
0.49415 0.01162
0.49548 0.01252
0.496790 0.013450
0.49808 0.01441
0.49936 0.0154
0.50062 0.01642
0.50186 0.01747
0.50309 0.01856
0.5043 0.01968
0.5055 0.02083
0.50667 0.02203
0.50783 0.02326
0.50896 0.02452
0.51008 0.02582
0.51118 0.02716
0.51227 0.02852
0.51334 0.02992
0.5144 0.031340
0.51544 0.03278
0.516470 0.03426
0.51749 0.03576
0.518490 0.037290
0.51947 0.03886
0.52044 0.04046
0.521380 0.04211
0.52229 0.04382
0.52317 0.04557
0.52398 0.0473
0.52472 0.04892
0.52534 0.05033
0.52583 0.05145
0.52615 0.0522
0.52633 0.05255
-Inserting Flap Ga2-
0.59268 0.21169
0.59284 0.21127
0.59313 0.21043
0.59356 0.20919
0.59409 0.20763
0.594660 0.20583
0.59524 0.20389
0.59578 0.2019
0.59623 0.19994
0.596610 0.19801
0.59691 0.19612
0.59716 0.19425
0.59736 0.19241
0.597530 0.19058
0.597660 0.18876
0.59777 0.18696
0.59784 0.18517
0.59789 0.1834
0.59792 0.18164
0.59791 0.17989
0.59789 0.17815
0.59784 0.17642
0.59778 0.1747
0.5976900 0.17299
0.59758 0.17129
0.59745 0.16960
0.59729 0.16792
0.59711 0.16625
0.59691 0.164590
0.596680 0.162950
0.59644 0.16131
0.59618 0.15968
0.59591 0.15805
0.59563 0.15643
0.59534 0.15481
0.59504 0.1532
0.59472 0.1516
0.59438 0.15001
0.59403 0.14842
0.59365 0.146840
0.59326 0.14528
0.59285 0.14371
0.59243 0.14216
0.59199 0.14062
0.59153 0.13908
0.59106 0.13755
0.59057 0.13602
0.59007 0.1345
0.58956 0.13299
0.58903 0.13149
0.58849 0.12999
0.587930 0.1285
0.587350 0.12701
0.58676 0.12554
0.586150 0.12407
0.58553 0.12261
0.58488 0.12116
0.58422 0.11972
0.58355 0.11828
0.58285 0.11685
0.582140 0.11543
0.5814 0.11402
0.58065 0.11262
0.57988 0.11123
0.57909 0.10985
0.57829 0.108470
0.57747 0.1071
0.57664 0.10574
0.57579 0.10438
0.574930 0.10303
0.57404 0.10169
0.57313 0.10037
0.57219 0.09905
0.57122 0.09775
0.57022 0.09647
0.56918 0.0952
0.56811 0.093950
0.56701 0.09271
0.56587 0.09149
0.56469 0.09029
0.56348 0.08911
0.56221 0.087950
0.56089 0.08681
0.5595 0.0857
0.55806 0.08463
0.55656 0.08357
0.55501 0.08255
0.5534 0.08155
0.55173 0.08057
0.54998 0.07964
0.54813 0.07875
0.54613 0.07793
0.54397 0.077190
0.54163 0.07654
0.53918 0.07601
0.53673 0.07562
0.53435 0.075410
0.532140 0.0754
0.53018 0.07561
0.52721 0.07665
0.52627 0.07744
0.52574 0.07839
0.52564 0.07947
0.52592 0.08066
0.5265 0.08192
0.52729 0.08322
0.52821 0.08453
0.529210 0.08582
0.53026 0.08708
0.53136 0.08832
0.53250 0.08954
0.5337 0.09073
0.53493 0.091910
0.5362 0.09307
0.53751 0.09421
0.53884 0.09534
0.54019 0.09646
0.54155 0.09758
0.54293 0.09869
0.54432 0.09979
0.5457 0.1009
0.54709 0.102
0.54847 0.10311
0.54984 0.10422
0.55121 0.10534
0.55256 0.10646
0.5539100 0.10758
0.55524 0.10871
0.55655 0.10985
0.55786 0.11099
0.55914 0.11214
0.56042 0.11330
0.56167 0.11447
0.56291 0.11564
0.56413 0.11682
0.56534 0.11801
0.56653 0.11921
0.5677 0.12042
0.56885 0.12163
0.569980 0.122850
0.5711 0.12409
0.57219 0.12533
0.57326 0.12658
0.57432 0.12784
0.57535 0.12911
0.57636 0.13039
0.57734 0.131680
0.57831 0.132980
0.57925 0.13429
0.580170 0.13562
0.58108 0.13694
0.58197 0.13828
0.58284 0.13963
0.58369 0.14098
0.58453 0.14234
0.58534 0.14372
0.58612 0.1451
0.58688 0.1465
0.58761 0.14791
0.58832 0.14933
0.589 0.15077
0.58965 0.15221
0.59028 0.15367
0.590880 0.15514
0.59146 0.15663
0.592 0.15812
0.59252 0.159630
0.59301 0.161160
0.59347 0.16269
0.5939 0.16425
0.5943 0.16581
0.59466 0.16739
0.595 0.16899
0.5953 0.1706
0.59556 0.17223
0.59579 0.17387
0.59598 0.17553
0.59613 0.17721
0.59625 0.17891
0.59633 0.180630
0.59638 0.182360
0.59639 0.1841
0.59638 0.18586
0.59634 0.18763
0.59627 0.1894100
0.59617 0.191210
0.59605 0.19302
0.595890 0.19484
0.59571 0.19668
0.59548 0.19854
0.5952 0.20042
0.59487 0.20232
0.59448 0.204250
0.59406 0.20611
0.59365 0.20783
0.593270 0.20933
0.5929600 0.21051
0.59275 0.21131
0.59268 0.21169
*.*.Setup: Ga2.txt as Flap 1, Inverted: y, Scale = 1.0, AoA = -2.0, Reposition from (0,0) = (0, 0)*.*.
*.*.Setup: Ga2.txt as Flap 2, Inverted: y, Scale = 0.4, AoA = 27.0, Reposition from previous T.E. = (0.04, 0.06), Reposition from (0,0) = (1.0377, -0.024)*.*.
*.*.Setup: Ga2.txt as Flap 3, Inverted: y, Scale = 0.4, AoA = 65.0, Reposition from previous T.E. = (-0.01, 0.07), Reposition from (0,0) = (1.393, 0.2101)*.*.
*.*.Setup: Scale Ratio = 0.37515*.*.