0.38149 -0.005410
0.38071 -0.00625
0.37915 -0.00788
0.376840 -0.010280
0.37391 -0.01327
0.3705 -0.01665
0.36678 -0.0202
0.3629 -0.02371
0.35898 -0.027
0.35505 -0.03006
0.351120 -0.03294
0.34718 -0.03565
0.34324 -0.03824
0.33929 -0.04072
0.33534 -0.04312
0.33139 -0.04543
0.32743 -0.04767
0.32348 -0.049820
0.319520 -0.0519
0.315550 -0.05392
0.31159 -0.05587
0.30762 -0.05776
0.30365 -0.05959
0.29968 -0.06136
0.2957 -0.06307
0.29173 -0.06472
0.28775 -0.06631
0.28377 -0.06783
0.27979 -0.06928
0.2758 -0.070670
0.27182 -0.07201
0.267830 -0.0733
0.26384 -0.07457
0.25985 -0.0758
0.25586 -0.07701
0.25186 -0.07817
0.24787 -0.0793
0.243870 -0.08038
0.23988 -0.0814
0.23588 -0.08237
0.23188 -0.0833
0.22787 -0.084170
0.22387 -0.085
0.21986 -0.0857800
0.21585 -0.08652
0.21184 -0.08721
0.20783 -0.08787
0.20382 -0.08849
0.19981 -0.08907
0.19579 -0.08961
0.19178 -0.09012
0.18776 -0.09057
0.18374 -0.09098
0.17972 -0.09135
0.1757 -0.09166
0.17167 -0.09193
0.16765 -0.09214
0.16362 -0.09231
0.15959 -0.09243
0.15556 -0.0925
0.15153 -0.09253
0.14749 -0.09249
0.14346 -0.09241
0.13942 -0.09227
0.13538 -0.092080
0.13134 -0.09185
0.12729 -0.09157
0.12325 -0.09126
0.1192 -0.090910
0.11516 -0.09051
0.111110 -0.09005
0.10706 -0.08952
0.103 -0.08891
0.09894 -0.08821
0.094880 -0.08742
0.09082 -0.08653
0.08675 -0.08555
0.08268 -0.08448
0.0786 -0.08332
0.07453 -0.08205
0.07044 -0.080660
0.06636 -0.07913
0.06227 -0.07744
0.05817 -0.07559
0.05406 -0.07357
0.04995 -0.07139
0.04584 -0.06906
0.04172 -0.06657
0.03759 -0.06392
0.03346 -0.06105
0.02931 -0.05786
0.02516 -0.05429
0.02098 -0.05025
0.01682 -0.045710
0.0128 -0.04079
0.0091 -0.03568
0.005880 -0.03054
0.00331 -0.02555
0.00154 -0.02088
0.00045 -0.012950
0.00115 -0.00991
0.00269 -0.00762
0.00503 -0.00616
0.00804 -0.00542
0.01156 -0.00527
0.01541 -0.00555
0.01944 -0.00614
0.0235 -0.00691
0.027570 -0.00782
0.03164 -0.00889
0.03571 -0.01008
0.03979 -0.0114
0.04388 -0.01284
0.04796 -0.01439
0.05205 -0.01602
0.056150 -0.01772
0.06024 -0.019480
0.06434 -0.02129
0.068440 -0.02313
0.07253 -0.02498
0.07663 -0.026850
0.08073 -0.02871
0.084830 -0.03056
0.08893 -0.03239
0.09302 -0.03419
0.09712 -0.03596
0.10121 -0.03771
0.10531 -0.03941
0.1094 -0.04108
0.11349 -0.04271
0.11758 -0.04429
0.12166 -0.04584
0.12575 -0.04734
0.12983 -0.04879
0.13392 -0.05019
0.138 -0.05155
0.14208 -0.05285
0.14615 -0.05411
0.15023 -0.05532
0.1543 -0.056470
0.158370 -0.05757
0.16244 -0.05861
0.16651 -0.0596
0.17058 -0.06053
0.1746400 -0.06140
0.1787 -0.06220
0.18276 -0.06295
0.18682 -0.06363
0.19088 -0.06425
0.19493 -0.06482
0.19898 -0.06533
0.20303 -0.0658
0.207080 -0.06622
0.21112 -0.0666
0.21517 -0.06691
0.219210 -0.067160
0.22325 -0.06734
0.22729 -0.06745
0.23132 -0.06748
0.23535 -0.06744
0.23938 -0.06732
0.24341 -0.067130
0.24744 -0.06687
0.251460 -0.06653
0.25548 -0.06612
0.25949 -0.06563
0.2635100 -0.06507
0.26752 -0.06442
0.27152 -0.063680
0.27553 -0.06287
0.27953 -0.06196
0.28353 -0.06097
0.28753 -0.05988
0.291520 -0.0587
0.29551 -0.05743
0.29949 -0.05605
0.30347 -0.05456
0.30745 -0.05297
0.31143 -0.05127
0.3154 -0.04948
0.31936 -0.047590
0.32333 -0.045620
0.32729 -0.04356
0.33125 -0.04143
0.33521 -0.03921
0.33916 -0.03692
0.34311 -0.034550
0.34706 -0.03211
0.351 -0.02956
0.35494 -0.02691
0.35888 -0.024110
0.36281 -0.02116
0.36671 -0.01807
0.37045 -0.01497
0.37387 -0.01204
0.37681 -0.00946
0.37914 -0.0074
0.3807 -0.00601
0.38149 -0.005410
-Inserting Flap Ga2-
0.51726 0.09187
0.51716 0.09142
0.51694 0.09055
0.51662 0.08926
0.51621 0.08763
0.5157 0.085780
0.51512 0.083810
0.51448 0.08182
0.51378 0.07989
0.51303 0.07805
0.51225 0.07626
0.51142 0.07454
0.51058 0.07285
0.50971 0.0712
0.508820 0.06958
0.50791 0.06799
0.50699 0.06642
0.50605 0.06489
0.50509 0.06337
0.50412 0.061880
0.50314 0.06041
0.502140 0.05897
0.50113 0.05754
0.5001100 0.05613
0.49908 0.05474
0.49803 0.05337
0.49697 0.05203
0.49589 0.05071
0.4948 0.04941
0.4937 0.04813
0.49259 0.04687
0.49147 0.04562
0.49034 0.044390
0.4892 0.04316
0.48806 0.04194
0.48691 0.04074
0.48575 0.03955
0.48458 0.03838
0.4834 0.03723
0.48221 0.03609
0.48101 0.03497
0.4798 0.03387
0.47858 0.032780
0.47734 0.03171
0.4761 0.03065
0.47485 0.02961
0.4736 0.02858
0.47233 0.02756
0.47106 0.02656
0.46977 0.02556
0.46848 0.02459
0.46718 0.02363000
0.46587 0.02268
0.46455 0.02175
0.46322 0.020840
0.46188 0.01994
0.46053 0.01906
0.45917 0.0182
0.4578 0.01735
0.45642 0.01652
0.45502 0.0157
0.45362 0.014910
0.4522 0.01413
0.45078 0.01337
0.449340 0.01263
0.44789 0.0119
0.44644 0.01119
0.444970 0.01049
0.4435 0.0098
0.44202 0.00913
0.44053 0.00848
0.43902 0.00785
0.43749 0.00725
0.43594 0.006680
0.43438 0.00614
0.43279 0.00564
0.43119 0.00516
0.42956 0.00472
0.42792 0.00431
0.42625 0.00393
0.42456 0.0036
0.42284 0.00331
0.42108 0.00308
0.41929 0.0029
0.41747 0.00278
0.41561 0.00271
0.41372 0.00269
0.41179 0.002730
0.40983 0.00282
0.40783 0.00299
0.40575 0.00327
0.4036 0.00367
0.401340 0.004240
0.39899 0.00498
0.39662 0.00588
0.39431 0.00691
0.39217 0.00805
0.39028 0.00926
0.38874 0.01052
0.38677 0.01305
0.38641 0.01425
0.38648 0.01535
0.387 0.016320
0.3879 0.01718
0.38908 0.017940
0.39048 0.01861
0.39199 0.01921
0.393550 0.01976
0.39514 0.02025
0.39676 0.0207
0.39841 0.0211
0.40009 0.02146
0.40179 0.02178
0.40352 0.02206
0.40526 0.022310
0.40702 0.02254
0.40879 0.02275
0.41057 0.02294
0.41236 0.02312
0.41415 0.0233
0.41594 0.02347
0.417730 0.02365
0.41952 0.02383
0.42131 0.02402
0.42309 0.02421
0.42486 0.02441
0.426630 0.02463
0.42839 0.02486
0.43014 0.0251
0.43188 0.02535
0.43361 0.02562
0.43534 0.0259
0.43705 0.0262
0.43876 0.02652
0.44045 0.02685
0.44214 0.02719
0.44381 0.027550
0.44548 0.02794
0.44713 0.02833
0.448770 0.02875
0.4504 0.02918
0.45202 0.02963
0.45363 0.03011
0.45522 0.0306
0.4568 0.03111
0.45837 0.03164
0.45993 0.0322
0.46147000 0.03277
0.463 0.033370
0.46452 0.03398
0.46602 0.03461
0.46752 0.03526
0.469 0.03592
0.47048 0.0366
0.47195 0.0373
0.4734 0.03803
0.47483 0.03877
0.47625 0.03954
0.47765 0.04034
0.47904 0.04116
0.48041 0.04201
0.48177 0.042880
0.4831100 0.043770
0.484440 0.04469
0.48575 0.04564
0.48704 0.04661
0.48832 0.04761
0.489580 0.04864
0.49082 0.04969
0.492050 0.05078
0.49325 0.05189
0.49444 0.05304
0.4956 0.05421
0.49675 0.05542
0.49788 0.05666
0.49898 0.05793
0.50007 0.05924
0.50112 0.06059
0.50216 0.06197
0.50318 0.06339
0.50418 0.06484
0.505150 0.06631
0.50612 0.06782
0.507060 0.06935
0.50799 0.07091
0.5089 0.07249
0.50979 0.0741
0.51067 0.07574
0.51153 0.07741
0.51236 0.07912
0.51317 0.08087
0.51394 0.08268
0.51467 0.08453
0.51535 0.086350
0.51595 0.08805
0.51645 0.089530
0.51684 0.09071
0.51711 0.09151
0.51726 0.09187
-Inserting Flap Ga2-
0.60747 0.21722
0.60747 0.21676
0.60746 0.21586
0.60744 0.21453
0.6074 0.21285
0.60733 0.21094
0.60721 0.20888
0.60703 0.2068
0.60678 0.20477
0.60647 0.2028
0.60610 0.20088
0.60569 0.19902
0.60524 0.19718
0.60476 0.195380
0.60426 0.1936
0.60374 0.19185
0.6031900 0.19011
0.60262 0.1884
0.60203 0.18671
0.60142 0.18504
0.60079 0.18339
0.60014 0.181760
0.59948 0.18014
0.5988 0.17854
0.59811 0.17695
0.59739 0.17538
0.596660 0.17383
0.59591 0.1723
0.59514 0.17079
0.594360 0.1693
0.59356 0.16782
0.59274 0.16635
0.59192 0.1649
0.59109 0.16345
0.59025 0.162
0.5894 0.16057
0.58854 0.15915
0.58767 0.157750
0.58678 0.15636
0.58587 0.15498
0.58495 0.153620
0.5840200 0.15227
0.58307 0.15094
0.58211 0.14962
0.58114 0.14831
0.58016 0.14701
0.57917 0.14573
0.578160 0.144450
0.57715 0.143190
0.57612 0.141930
0.57508 0.1406900
0.57403 0.13946
0.5729700 0.138240
0.57189 0.13704
0.57080 0.13585
0.5697 0.13467
0.56858 0.13351
0.56745 0.13236
0.5663 0.13123
0.56514 0.13011
0.56396 0.129
0.56278 0.12791
0.56157 0.12684
0.56035 0.12577
0.55912 0.12473
0.55787 0.12369
0.55662 0.12267
0.55535 0.12166
0.55407 0.12066
0.55277 0.11967
0.551470 0.1187
0.55014 0.11775
0.54878 0.11682
0.5474 0.11592
0.546 0.11504
0.54457 0.1142
0.543110 0.11337
0.54163 0.11257
0.54012 0.1118
0.53858 0.11106
0.53701 0.1103600
0.53539 0.10969
0.53374 0.10907
0.53203 0.10849
0.530280 0.10796
0.52849 0.10748
0.52664 0.107040
0.52476 0.10664
0.52283 0.10629
0.52084 0.106
0.51876 0.1058
0.51657 0.10571
0.514240 0.10576
0.51178 0.10595
0.50927 0.10629
0.50679 0.10678
0.50445 0.1074
0.50234 0.10816
0.50054 0.10904
0.49806 0.111070
0.49744 0.11215
0.49726 0.11324
0.49755 0.1143
0.49823 0.11534
0.499210 0.11635
0.50042 0.11732
0.50176 0.11824
0.50315 0.11913
0.50459 0.11997
0.50608 0.12077
0.50759 0.12153
0.50915 0.12225
0.51074 0.12295
0.51235 0.12361
0.51399 0.12425
0.51566 0.12487
0.51733 0.12547
0.519030 0.12606
0.52073 0.12664
0.52243 0.12721
0.52414 0.12779
0.52585 0.12836
0.52755 0.12894
0.529250 0.12952
0.53094 0.13011
0.532620 0.13071
0.53429 0.13131
0.53595 0.13193
0.5376100 0.13256
0.53925 0.1332
0.540880 0.13385
0.54249 0.13452
0.5441 0.13519
0.54569 0.13588
0.54726 0.13658
0.54883 0.1373
0.55038 0.13803
0.55191 0.13877
0.55343 0.13953
0.55494 0.14031
0.55643 0.1411
0.55791 0.1419
0.55937 0.14272
0.56081 0.14356
0.56224 0.14442
0.56364 0.14529
0.56503 0.1461800
0.56641 0.14708
0.567760 0.14801
0.5691 0.14895
0.57043 0.14990
0.57174 0.15087
0.57304 0.15185
0.57433 0.15285
0.57559 0.15386
0.57685 0.15489
0.57808 0.15594
0.57929 0.15701
0.58048 0.1581
0.58164 0.15921
0.58279 0.16034
0.58392 0.16150
0.58502 0.16267
0.58611 0.16387
0.58717 0.165080
0.58821 0.166320
0.589230 0.16758
0.59023 0.16887
0.5912 0.17018
0.59215 0.17151
0.59307 0.17286
0.59397 0.17425
0.59484 0.17565
0.59569 0.17709
0.59651 0.17855
0.5973 0.18004
0.59806 0.18156
0.59879 0.18311
0.59949 0.18469
0.60016 0.1863
0.60081 0.18793
0.60143 0.18959
0.60203 0.19128
0.6026 0.19298
0.60315 0.19471
0.60369 0.19646
0.6042 0.19823
0.60468 0.20002
0.60514 0.20184
0.60557 0.20369
0.605960 0.20558
0.60631 0.20752
0.6066 0.20949
0.60685 0.21141
0.60705 0.2132
0.60721 0.21476
0.60733 0.216
0.60741 0.21683
0.60747 0.21722
*.*.Setup: Ga2.txt as Flap 1, Inverted: y, Scale = 1.0, AoA = 2.0, Reposition from (0,0) = (0, 0)*.*.
*.*.Setup: Ga2.txt as Flap 2, Inverted: y, Scale = 0.4, AoA = 32.0, Reposition from previous T.E. = (0.0067, 0.06), Reposition from (0,0) = (1.0078, 0.0458)*.*.
*.*.Setup: Ga2.txt as Flap 3, Inverted: y, Scale = 0.4, AoA = 45.0, Reposition from previous T.E. = (-0.06, 0.06), Reposition from (0,0) = (1.2974, 0.3011)*.*.
*.*.Setup: Scale Ratio = 0.38106*.*.