0.36071 0.03791
0.358590 0.0358
0.3555 0.03273
0.35189 0.02971
0.34752 0.02678
0.34220 0.023770
0.33578 0.02055
0.32821 0.01709
0.319580 0.01344
0.310120 0.0097
0.3001 0.00595
0.28974 0.00227
0.279210 -0.00130
0.26862 -0.00471
0.258 -0.00794
0.24735 -0.010990
0.23664 -0.01385
0.22583 -0.01654
0.2148600 -0.01908
0.20368 -0.02151
0.19226 -0.02385
0.18061 -0.02615
0.16878 -0.02842
0.15688 -0.030660
0.14507 -0.03285
0.13352 -0.03494
0.12242 -0.03685
0.11195 -0.03851
0.10222 -0.03981
0.09319 -0.04068
0.08473 -0.04112
0.07672 -0.0411
0.06906 -0.04064
0.06172 -0.03975
0.05465 -0.03842
0.04786 -0.03668
0.041370 -0.03455
0.03523 -0.03208
0.02951 -0.02934
0.02432 -0.02647
0.01976 -0.02360
0.01585 -0.02084
0.01259 -0.01825
0.00989 -0.01584
0.00767 -0.0136
0.005840 -0.01152
0.00435 -0.009590
0.00312 -0.00778
0.00213 -0.00609
0.00134 -0.00450
0.00073 -0.003
0.00029 -0.00157
0.000055 -0.00022
-6e-05 0.00109
0.00013 0.0024
0.00075 0.00358
0.00181 0.00449
0.003180 0.00515
0.00477 0.005650
0.0066 0.00607
0.00871 0.00643
0.01118 0.00677
0.01413 0.00709
0.01773 0.00739
0.02223 0.007680
0.02794 0.00794
0.03513 0.00816
0.04377 0.008290
0.05349 0.00825
0.06394 0.00797
0.07504 0.00747
0.0867 0.00683
0.09874 0.00612
0.11094 0.00539
0.12312 0.00466
0.135150 0.00398
0.14699 0.00338
0.158650 0.00289
0.17011 0.00253
0.18138 0.00232
0.19250 0.0023
0.20347 0.00246
0.2143 0.00283
0.22503 0.00341
0.23566 0.00422
0.2462 0.00527
0.25667 0.00655
0.26707 0.00807
0.27739 0.00983
0.28761 0.01184
0.29769 0.014070
0.30755 0.01651
0.31704 0.01912
0.32593 0.02184
0.334 0.02458
0.341060 0.02729
0.34709 0.02993
0.35216 0.0325
0.3564 0.034980
0.36071 0.03791
-Inserting Flap s1223rtl-
0.52501 0.15579
0.52447 0.15439
0.52369 0.15236
0.52265 0.15025
0.52125 0.14802
0.51943 0.14557
0.51716 0.14279
0.5144 0.13967
0.5112 0.13625
0.50764 0.13261
0.50383 0.12886
0.49985 0.12507
0.49576 0.1213
0.49162 0.11759
0.48742 0.113960
0.48318 0.1104
0.47887 0.10691
0.47448 0.10349
0.46999 0.10009
0.46537 0.09671
0.46063 0.09332
0.45578 0.0899
0.45083 0.08646
0.44586 0.08301
0.44091 0.07961
0.43606 0.07631
0.43138 0.07318
0.42693 0.07029
0.42275 0.06772
0.4188 0.06548
0.415030 0.06356
0.41136 0.061940
0.407770 0.06059
0.40424 0.05951
0.40074 0.05868
0.39728 0.05809
0.39388 0.05775
0.39058 0.05763
0.38741 0.057710
0.38446 0.05797
0.38179 0.05835
0.37944 0.05882
0.37742 0.05934
0.3757 0.05989
0.37423 0.06046
0.37297 0.06104
0.37190 0.06162
0.37097 0.06219
0.37017 0.062760
0.36949 0.06333
0.3689 0.06389
0.36841 0.06445
0.36802 0.06502
0.36771 0.0656
0.36753 0.06623
0.36758 0.0669
0.36788 0.06753
0.36837 0.06811
0.36899 0.06867
0.36974 0.06923
0.370630 0.06982
0.37169 0.07048
0.37297 0.07122
0.37456 0.0721
0.37655 0.07314
0.37911 0.07442
0.38235 0.07599
0.38627 0.077810
0.39072 0.07976
0.39555 0.08176
0.40072 0.08379
0.40618 0.08587
0.41182 0.08799
0.41754 0.09014
0.42325 0.092280
0.42888 0.09442
0.43442 0.096550
0.43984 0.0987
0.44515 0.10086
0.45034 0.103060
0.45542 0.10531
0.4604 0.107620
0.46528 0.10999
0.470060 0.11244
0.474750 0.11497
0.47935 0.117590
0.48387 0.1203
0.48831 0.12311
0.49266 0.12602
0.49693 0.12901
0.50108 0.13208
0.50509 0.1352
0.50889 0.13832
0.5124 0.14137
0.51552 0.14427
0.5182 0.14694
0.52041 0.14937
0.52221 0.15158
0.52364 0.15357
0.52501 0.15579
-Inserting Flap s1223rtl-
0.6496 0.29448
0.649360 0.29301
0.649 0.29086
0.64841 0.28858
0.647490 0.28611
0.64621 0.28334
0.64454 0.28016
0.64247 0.27655
0.64003 0.27255
0.63728 0.26827
0.6343 0.26383
0.63117 0.25931
0.62793 0.2548
0.62462 0.250320
0.621250 0.24591
0.617810 0.24157
0.6143 0.23729
0.61069 0.23304
0.60697 0.22881
0.60314 0.22457
0.59919 0.22028
0.595120 0.21595
0.59098 0.21158
0.5868 0.2072
0.58264 0.20287
0.57856 0.198660
0.57461 0.19464
0.57083 0.19092
0.56726 0.18755
0.56385 0.18457
0.56054 0.18192
0.55728 0.17959
0.55404 0.17755
0.55079 0.17577
0.547530 0.17425
0.54427 0.17298
0.54101 0.17195
0.537790 0.17116
0.53467 0.17061
0.53173 0.17026
0.529040 0.1701
0.52665 0.17008
0.5245700 0.17018
0.522770 0.17037
0.52121 0.17063
0.519870 0.17095
0.51869 0.1713
0.51767 0.17167
0.51677 0.17207
0.51599 0.17248
0.5153 0.17292
0.51471 0.17337
0.5142 0.17384
0.51379 0.17435
0.51349 0.17493
0.5134 0.17560
0.51356 0.17628
0.51392 0.17694
0.51442 0.17761
0.51504 0.17831
0.51579 0.17907
0.5167 0.17993
0.51781 0.18092
0.519180 0.18209
0.52092 0.18352
0.52317 0.18529
0.52602 0.187480
0.5295 0.19005
0.53345 0.19287
0.53778 0.1958
0.54244 0.19883
0.54736 0.20197
0.55246 0.205190
0.55763 0.20845
0.56279 0.21171
0.56787 0.214940
0.57286 0.21815
0.57773 0.22135
0.58249 0.22454
0.58714 0.22775
0.59166 0.23097
0.59607 0.23424
0.60036 0.23755
0.60455 0.240910
0.60863 0.244340
0.61261 0.24784
0.61649 0.25141
0.62027 0.25506
0.62394 0.25879
0.62751 0.26258
0.63096 0.26643
0.63425 0.27029
0.63734 0.27412
0.64016 0.27781
0.64264 0.28128
0.644720 0.28444
0.6464 0.28727
0.64771 0.28979
0.648710 0.29203
0.6496 0.29448
*.*.Setup: s1223rtl.txt as Flap 1, Inverted: y, Scale = 1.0, AoA = 6.0, Reposition from (0,0) = (0, 0)*.*.
*.*.Setup: s1223rtl.txt as Flap 2, Inverted: y, Scale = 0.5, AoA = 30.0, Reposition from previous T.E. = (0.02, 0.075), Reposition from (0,0) = (1.0145, 0.1795)*.*.
*.*.Setup: s1223rtl.txt as Flap 3, Inverted: y, Scale = 0.5, AoA = 41.666666666666664, Reposition from previous T.E. = (-0.03, 0.05), Reposition from (0,0) = (1.4175, 0.4795)*.*.
*.*.Setup: Scale Ratio = 0.3627*.*.