0.36016 0.05704
0.35815 0.054810
0.35521 0.05156
0.35174 0.04834
0.34751 0.04518
0.34232 0.04188
0.33605 0.0383
0.32863 0.03442
0.32016 0.030310
0.31086 0.02606
0.30099 0.02177
0.29079 0.01752
0.2804 0.01339
0.26995 0.00941
0.25945 0.0056
0.24892 0.00198
0.23832 -0.00145
0.22761 -0.00472
0.21673 -0.00785
0.20563 -0.01088
0.19429 -0.01383
0.18271 -0.01675
0.17095 -0.01965
0.15913 -0.02253
0.14738 -0.02535
0.1359 -0.02806
0.12485 -0.030560
0.11442 -0.03277
0.10473 -0.03459
0.09571 -0.03594
0.08724 -0.03683
0.07919 -0.03723
0.07148 -0.03717
0.06406 -0.036660
0.05689 -0.0357
0.04998 -0.03431
0.04335 -0.03251
0.03706 -0.03035
0.03117 -0.02791
0.02581 -0.0253
0.02108 -0.022650
0.017010 -0.02009
0.0136 -0.01766
0.010760 -0.01538
0.00841 -0.01325
0.006470 -0.011260
0.00487 -0.0094
0.00354 -0.00765
0.00246 -0.006
0.00158 -0.0044500
0.00089 -0.00297
0.00037 -0.001560
0.000086 -0.00022
-0.00012 0.00109000
0.000005 0.00241
0.00057 0.003630
0.00159 0.00461
0.00292 0.00534
0.00449 0.00593
0.0063 0.006440
0.0084 0.00692
0.01087 0.00738
0.01381 0.00786
0.01741 0.00835
0.02191 0.00888
0.02763 0.00944
0.03484 0.01005
0.04351 0.01063
0.05327 0.0111
0.063770 0.01136
0.074950 0.01145
0.08669 0.01142
0.098810 0.01134
0.1111 0.01124
0.12337 0.01116
0.13548 0.01111
0.147410 0.01113
0.15913 0.01125
0.17066 0.011490
0.181990 0.01188
0.19315 0.01243
0.20415 0.01317
0.21502 0.01411
0.2257600 0.01527
0.23638 0.01664
0.24692 0.01824
0.25736 0.02008
0.267720 0.02216
0.27798 0.02447
0.28814 0.02702
0.29815 0.02979
0.30792 0.03276
0.31731 0.03588
0.32609 0.03907
0.33405 0.04225
0.341 0.04535
0.34691 0.04832
0.35187 0.05116
0.35599 0.05387
0.36016 0.05704
-Inserting Flap s1223rtl-
0.52536 0.17556
0.52481 0.174150
0.52403 0.17211
0.52298 0.16999
0.52157 0.167750
0.51975 0.16528
0.51746 0.162490
0.51469 0.15935
0.51147 0.15591
0.50789 0.15226
0.50406 0.14849
0.50005 0.14468
0.49595 0.14089
0.49178 0.13715
0.48756 0.1335
0.4833 0.129920
0.47896 0.12642
0.47455 0.12297
0.47003 0.11956
0.46539 0.11616
0.46063 0.1127500
0.45575 0.10931
0.45078 0.10585
0.44577 0.10239
0.4408 0.09897
0.435920 0.09565
0.43121 0.0925
0.42674 0.0896
0.42254 0.08701
0.41857 0.08476
0.41478 0.08284
0.41109 0.0812
0.40748 0.07985
0.40393 0.07876
0.40041 0.07792
0.39693 0.07733
0.39352 0.07699
0.39019 0.076870
0.38701 0.07695
0.38404 0.07721
0.38136 0.0776
0.379 0.07807
0.37697 0.07859
0.37524 0.07914
0.37376 0.07971
0.3725 0.080300
0.37141 0.08088
0.37048 0.08146
0.36968 0.08203
0.36899 0.0826
0.3684 0.08316
0.36791 0.08373
0.36751 0.0843
0.3672 0.08488
0.36703 0.08552
0.36707 0.08619
0.36737 0.08683
0.36786 0.08741
0.36849 0.08796
0.36925 0.08853
0.37014 0.08913
0.37121 0.08979
0.3725 0.09054
0.37409 0.09141
0.37609 0.09246
0.37866 0.09375
0.38192 0.09533
0.38586 0.09715
0.39033 0.09912
0.39519 0.10113
0.40039 0.10317
0.40588 0.10526
0.41155 0.10739
0.4173 0.10955
0.42304 0.11171
0.42871 0.11386
0.43427 0.116
0.43972 0.11816
0.44506 0.120340000
0.45028 0.12255
0.45539 0.12481
0.46039 0.12712
0.4653 0.12951
0.4701 0.13197
0.47482 0.13452
0.47945 0.13715
0.48399 0.1398800
0.48846 0.14271
0.49283 0.14563
0.49712 0.14864
0.501290 0.15172
0.50532 0.15486
0.509140 0.158
0.512670 0.16106
0.51582 0.16397
0.51851 0.16666
0.52073 0.16911
0.522540 0.17132
0.523980 0.17333
0.52536 0.17556
-Inserting Flap s1223rtl-
0.64554 0.29837
0.64512 0.29692
0.64451 0.29482
0.64366 0.29261
0.64245 0.29026
0.64085 0.28764
0.63881 0.28466
0.63632 0.28129
0.63342 0.27758
0.63017 0.27363
0.62668 0.26954
0.62302 0.2654
0.61926 0.26127
0.61544 0.25718
0.61155 0.253180
0.60761 0.24924
0.6036 0.24537
0.59951 0.24156
0.5953 0.237760
0.59098 0.23397
0.58653 0.23016
0.581960 0.22631
0.57732 0.22243
0.57263 0.21854
0.56798 0.2147
0.56341 0.21097
0.55899 0.20742
0.55479 0.20414
0.55083 0.2012
0.54707 0.19861
0.54346 0.19636
0.53993 0.19441
0.53646 0.19275
0.53301 0.19136
0.52957 0.19022
0.52616 0.18933
0.522790 0.18868
0.51949 0.18827
0.51631 0.18808
0.513330 0.18808
0.51062 0.18823
0.50823 0.18849
0.50617 0.18883
0.50439 0.18924
0.50287 0.18968
0.50156 0.19015
0.50043 0.19063
0.49945 0.19113
0.4986 0.19163
0.497870 0.1921400
0.49723 0.19265
0.4966900 0.193170
0.49625 0.1937
0.49589 0.19425
0.49566 0.19487
0.49564 0.19555
0.49589 0.19621
0.49633 0.19683
0.4969 0.19744
0.49761 0.198070
0.4984400 0.19874
0.49945 0.19949
0.50067 0.20035
0.50218 0.20136
0.50409 0.20258
0.50653 0.20409
0.50964 0.20594
0.51341 0.2081
0.51769 0.21045
0.52235 0.21287
0.52736 0.21536
0.53264 0.21792
0.5381 0.22054
0.54365 0.22319
0.549180 0.22584
0.554630 0.22848
0.55999 0.2311
0.56523 0.23372
0.570360 0.23636
0.57537 0.23902
0.58026 0.24171
0.585040 0.24446
0.58972 0.24726
0.59429 0.25013
0.59877 0.25308
0.60315 0.25611
0.60744 0.25922
0.61164 0.26243
0.615750 0.26572
0.61975 0.26909
0.62364 0.27253
0.627380 0.276
0.63092 0.27946
0.63417 0.28282
0.63704 0.286
0.63949 0.28891
0.64149 0.29154
0.6431 0.29391
0.64436 0.29603
0.64554 0.29837
*.*.Setup: s1223rtl.txt as Flap 1, Inverted: y, Scale = 1.0, AoA = 9.0, Reposition from (0,0) = (0, 0)*.*.
*.*.Setup: s1223rtl.txt as Flap 2, Inverted: y, Scale = 0.5, AoA = 30.0, Reposition from previous T.E. = (0.02, 0.075), Reposition from (0,0) = (1.0077, 0.2314)*.*.
*.*.Setup: s1223rtl.txt as Flap 3, Inverted: y, Scale = 0.5, AoA = 35.0, Reposition from previous T.E. = (-0.08, 0.05), Reposition from (0,0) = (1.3607, 0.5314)*.*.
*.*.Setup: Scale Ratio = 0.36465*.*.