0.3683100000 -0.0181
0.36753 -0.01888
0.36597 -0.0204
0.36366 -0.02264
0.36073 -0.02543
0.35733 -0.02858
0.35361 -0.03189
0.34974 -0.03514
0.34584 -0.03819
0.341950 -0.04102
0.33805 -0.04366
0.33416 -0.04615
0.33026 -0.04851
0.32636 -0.05078
0.32247 -0.05296
0.31857 -0.05506
0.31468 -0.05709
0.31078 -0.05904
0.30688 -0.06091
0.30299 -0.06273
0.29909 -0.06448
0.2952 -0.06617
0.2913 -0.0678
0.2874 -0.06938
0.28351 -0.07090
0.27961 -0.07236
0.275710 -0.07376
0.27182 -0.07509
0.26792 -0.07636
0.26403 -0.07757
0.26013 -0.07872
0.25623 -0.07984
0.252340 -0.08093
0.24844 -0.08198
0.24455 -0.083010
0.24065 -0.08401
0.23675 -0.08496
0.23286 -0.08587
0.228960 -0.08672
0.22507 -0.087530
0.22117 -0.08828
0.21727 -0.08899
0.21338 -0.08965
0.20948 -0.09027
0.20558 -0.09085
0.20169 -0.09139
0.19779 -0.09189
0.1939 -0.09235
0.19 -0.09278
0.1861 -0.09317
0.18221 -0.09352
0.17831 -0.09382
0.17442 -0.09408
0.17052 -0.0943
0.16662 -0.09447
0.16273 -0.09459
0.15883 -0.09466
0.15494 -0.09469
0.15104 -0.09467
0.14714 -0.0946
0.14325 -0.09449
0.139350 -0.09432
0.13545 -0.0941
0.13156 -0.09383
0.12766 -0.09351
0.12377 -0.09315
0.11987 -0.09275
0.115970 -0.09231
0.11208 -0.09183
0.10818 -0.09131
0.10429 -0.09073
0.10039 -0.090090
0.09649 -0.089360
0.09260 -0.08855
0.0887 -0.08764
0.08481 -0.08665
0.08091 -0.08556
0.07701 -0.08439
0.07312 -0.08313
0.06922 -0.08177
0.06532 -0.08029
0.06143 -0.07867
0.05753 -0.076900
0.05364 -0.07498
0.04974 -0.0728900
0.04584 -0.070650
0.04195 -0.06825
0.03805 -0.06571
0.03416 -0.06301
0.03026 -0.0601
0.026360 -0.05688
0.02247 -0.053290
0.01857 -0.04925
0.0147 -0.04472
0.01099 -0.03983
0.00758 -0.03477
0.00465 -0.0297
0.00234 -0.0248
0.00078 -0.02022
0.000000 -0.01253
0.00078 -0.00961
0.00234 -0.00745
0.00465 -0.00612
0.00758 -0.00551
0.01099 -0.00548
0.0147 -0.00588
0.01857 -0.00658
0.02247 -0.00746
0.026360 -0.00849
0.03026 -0.00965
0.03416 -0.01094
0.03805 -0.01236
0.04195 -0.01389
0.04584 -0.01551
0.04974 -0.01723
0.05364 -0.01901
0.05753 -0.02085
0.06143 -0.02274
0.06532 -0.02465
0.06922 -0.02658
0.07312 -0.02852
0.07701 -0.03046
0.08091 -0.03238
0.08481 -0.03428
0.0887 -0.03616
0.09260 -0.03801
0.09649 -0.03984
0.10039 -0.04162
0.10429 -0.04337
0.10818 -0.04508
0.11208 -0.04675
0.115970 -0.04838
0.11987 -0.04996
0.12377 -0.05150
0.12766 -0.053
0.13156 -0.05445
0.13545 -0.055850
0.139350 -0.057200
0.14325 -0.0585
0.14714 -0.05975
0.15104 -0.06095
0.15494 -0.0621
0.15883 -0.06319
0.16273 -0.06422
0.16662 -0.0652
0.17052 -0.06611
0.17442 -0.06697
0.17831 -0.06777
0.18221 -0.0685
0.1861 -0.069190
0.19 -0.069820
0.1939 -0.07041
0.19779 -0.07095
0.20169 -0.071450
0.20558 -0.07189
0.20948 -0.07227
0.21338 -0.07258
0.21727 -0.07282
0.22117 -0.07299
0.22507 -0.07308
0.228960 -0.0731
0.23286 -0.07305
0.23675 -0.07294
0.24065 -0.07275
0.24455 -0.072490
0.24844 -0.07215
0.252340 -0.07174
0.25623 -0.07125
0.26013 -0.07067
0.26403 -0.07002
0.26792 -0.06928
0.27182 -0.06845
0.275710 -0.06754
0.27961 -0.06654
0.28351 -0.06544
0.2874 -0.06424
0.2913 -0.06294
0.2952 -0.06154
0.29909 -0.06003
0.30299 -0.05843
0.30688 -0.05674
0.31078 -0.05497
0.31468 -0.05312
0.31857 -0.051190
0.32247 -0.04918
0.32636 -0.0471
0.33026 -0.04495
0.33416 -0.04272
0.33805 -0.0404
0.341950 -0.03796
0.34584 -0.0354
0.34974 -0.032680
0.35361 -0.02982
0.35733 -0.02695
0.36073 -0.02424
0.36366 -0.02185
0.36597 -0.019940
0.36753 -0.01865
0.3683100000 -0.0181
-Inserting Flap Ga2-
0.492780 0.08688
0.49272 0.08644
0.49259 0.08558
0.49239 0.08431
0.49213 0.082710
0.4918 0.08089
0.491410 0.07894
0.49095 0.07697
0.49044 0.075050
0.48988 0.07321
0.489270 0.07143
0.48862 0.0697
0.48795 0.068
0.48725 0.06634
0.48653 0.06471
0.48579 0.0631
0.48503 0.06151
0.48426 0.059950
0.48347 0.05842
0.482660 0.0569
0.48183 0.0554
0.481 0.05392
0.48015 0.05246
0.47928 0.05102
0.4784 0.0496
0.47751 0.0482
0.4766 0.04681
0.47568 0.04545
0.47474 0.0441
0.47378 0.04278
0.47282 0.04147
0.47184 0.04018
0.47086 0.03889
0.46987 0.03762
0.468870 0.03635
0.4678700 0.03509
0.46685 0.03385
0.46583 0.03262
0.46479 0.03141
0.46374 0.03022
0.46267 0.02904
0.4616 0.02788
0.46051 0.02673
0.45942 0.02559
0.458310 0.024470
0.4572 0.02336
0.45607 0.02226
0.45494 0.02117
0.4538 0.0201
0.45265 0.01904
0.45149 0.017990
0.45032 0.01695
0.44913 0.01593
0.44794 0.01492
0.44674 0.013930
0.44552 0.01296
0.44429 0.012
0.44306 0.01105
0.44181 0.01012
0.44055 0.00920
0.43927 0.0083
0.43799 0.00741
0.43669 0.00655
0.43538 0.00569
0.43406 0.004860
0.43273 0.00404
0.43139 0.00323
0.43004 0.00243
0.42868 0.00164
0.42731 0.000870
0.425920 0.00012
0.42452 -0.000610
0.4231 -0.00132
0.42166 -0.002
0.4202 -0.002640
0.41872 -0.00326
0.41721 -0.00386
0.41569 -0.00442
0.41414 -0.00496
0.41256 -0.00546
0.4109600 -0.00592
0.40933 -0.00634
0.40766 -0.00672
0.40595 -0.00704
0.4042 -0.00731
0.40242 -0.007530
0.4006 -0.007710
0.39874 -0.00783
0.39685 -0.00791
0.39490 -0.00791
0.392880 -0.00782
0.39077 -0.00762
0.38856 -0.00726
0.38623 -0.00675
0.38387 -0.00608
0.381560 -0.00528
0.37940 -0.00437
0.3774800 -0.00336
0.375880 -0.002270
0.37378 -0.000004
0.37333 0.00112
0.37331 0.00218
0.37373 0.00316
0.37452 0.00407
0.3756 0.0049
0.37688 0.00566
0.37829 0.00637
0.37974 0.00702
0.38123 0.007640
0.382760 0.0082
0.38431 0.00873
0.3859 0.00921
0.38751 0.00966
0.38915 0.01008
0.3908 0.01047
0.39248 0.01084
0.39417 0.01119
0.39586 0.01152
0.39757 0.01185
0.39928 0.01217
0.40099 0.01249
0.40270 0.012810
0.40441 0.01313
0.40611 0.01346
0.40781 0.01380
0.4095 0.014150
0.41118 0.0145
0.41286 0.01487
0.41452 0.01525
0.41618 0.01564
0.41783 0.01605
0.41946 0.01646
0.42109 0.016890
0.4227 0.01734
0.42431 0.0178
0.42590 0.01828
0.42748 0.01877
0.42905 0.01927
0.43061 0.0198
0.43216 0.02033
0.43369 0.02089
0.43521 0.02146
0.43672 0.02205
0.43821 0.02266
0.43969 0.02328
0.44116 0.02393
0.44261 0.024590
0.44404 0.02528
0.44547 0.02598
0.44687 0.0267
0.44827 0.02743
0.44966 0.02818
0.45103 0.02895
0.4524 0.02973
0.45375 0.03052
0.45508 0.03134
0.4564 0.03218
0.45771 0.03304
0.4589900 0.03393
0.460260 0.03483
0.46151 0.03576
0.46274 0.03672
0.46396 0.03769
0.46516 0.038690
0.466340 0.03971
0.46750 0.040760
0.46865 0.04183
0.46977 0.04292
0.47088 0.04404
0.47197 0.04519
0.47303 0.04636
0.47408 0.04757
0.4751 0.0488
0.47611 0.05005
0.47709 0.05134
0.47804 0.05266
0.47898 0.05402
0.47988 0.0554
0.48077 0.05682
0.48162 0.058270
0.48246 0.05975
0.48328 0.06125
0.48408 0.06278
0.48486 0.06434
0.48562 0.06592
0.48636 0.06752
0.48709 0.06914
0.4878 0.07079
0.48848 0.07247
0.48914 0.07419
0.489770 0.0759500
0.49036 0.07775
0.49091 0.0796
0.49141 0.08141
0.49184 0.08309
0.4922 0.08456
0.49248 0.08573
0.49267 0.08652
0.492780 0.08688
-Inserting Flap Ga2-
0.60457 0.22374
0.60462 0.2233
0.60471 0.22243
0.60484 0.22115
0.60499 0.21954
0.60513 0.21769
0.60525 0.2157
0.60531 0.21368
0.6053 0.2117
0.60522 0.20978
0.60508 0.2079
0.60490 0.20606
0.604670 0.20425
0.60442 0.20247
0.60414 0.2007
0.60383 0.198960
0.6035 0.19723
0.60314 0.19553
0.60276 0.19384
0.60237 0.19217
0.60195 0.19051
0.60151 0.18887
0.60106 0.18724
0.60059 0.18563
0.6001 0.18403
0.59959 0.18244
0.59906 0.180870
0.59851 0.17932
0.597940 0.1777800
0.59736 0.17626
0.59675 0.17475
0.59614 0.17325
0.59551 0.17176
0.59488 0.17028
0.59423 0.1688
0.59358 0.16733
0.59291 0.16587
0.59223 0.16442
0.59153 0.16299
0.59082 0.16157
0.59009 0.16016
0.58934 0.15876
0.58858 0.15737
0.587810 0.15599
0.58703 0.154630
0.58623 0.15327
0.58542 0.15193
0.5846 0.15059
0.58376 0.14926
0.58292 0.14794
0.58206 0.14663
0.58119 0.14533
0.58031 0.1440500
0.57941 0.14277
0.57849 0.14151
0.57757 0.14025
0.57662 0.13901
0.575660 0.13778
0.57469 0.13657
0.5737 0.13536
0.5727 0.13417
0.57168 0.132990
0.57065 0.13182
0.5696 0.13066
0.56853 0.12952
0.56745 0.12839
0.56636 0.12726
0.56525 0.12615
0.56414 0.12505
0.56301 0.12395
0.56186 0.12287
0.56069 0.121810
0.55949 0.1207700
0.55827 0.11975
0.55702 0.11875
0.555740 0.117780
0.55444 0.116820
0.5531 0.115890
0.55174 0.114980
0.55035 0.11410
0.54891 0.11324
0.54744 0.11242
0.54592 0.11164
0.54435 0.11089
0.54273 0.11019
0.54106 0.10952
0.539340 0.10889
0.537570 0.1083
0.53576 0.10775
0.53388 0.10725
0.5319 0.10682
0.52981 0.10649
0.52758 0.10627
0.52519 0.106180
0.52274 0.10623
0.52031 0.106420
0.51799 0.10675
0.51588 0.10724
0.51405 0.10789
0.51145 0.10955
0.51072 0.110520
0.51043 0.11155
0.51059 0.1126
0.51113 0.11368
0.51196 0.11475
0.51301 0.11582
0.51419 0.11686
0.51543 0.11786
0.51672 0.11883
0.51805 0.11976
0.519420 0.12067
0.52083 0.12154
0.52228 0.12238
0.52376 0.1232
0.52526 0.124
0.52679 0.12478
0.52833 0.12554
0.52989 0.1263
0.531460 0.12704
0.53303 0.12779
0.5346 0.12853
0.53618 0.12927
0.53775 0.13002
0.539310 0.13077
0.54087 0.13152
0.54242 0.13229
0.54395 0.13306
0.545480 0.13384
0.547 0.13462
0.5485 0.13542
0.54999 0.13623
0.55147 0.13705
0.55293 0.13788
0.55438 0.13872
0.55582 0.13957
0.55724 0.14043
0.55864 0.14131
0.56004 0.1422
0.56141 0.1431
0.56277 0.14401
0.56411 0.14493
0.56544 0.14587
0.56675 0.14682
0.56804 0.14779
0.56931 0.148770
0.57057 0.14976
0.5718 0.15077
0.57302 0.1518
0.57422 0.15284
0.57540 0.15389
0.57656 0.154960
0.57771 0.15603
0.57885 0.15712
0.57997 0.15822
0.58108 0.15933
0.58216 0.16046
0.58323 0.16161
0.584270 0.16277
0.58529 0.16395
0.58628 0.16515
0.58726 0.16637
0.58821 0.1676
0.58914 0.16885
0.59005 0.17012
0.59093 0.17141
0.59179 0.17272
0.59263 0.17404
0.59344 0.17538
0.594230 0.17675
0.59499 0.178130
0.59572 0.17954
0.59643 0.18097
0.59711 0.18242
0.59776 0.18389
0.59838 0.18538
0.598980 0.1869
0.59953 0.18845
0.60006 0.19002
0.60055 0.19161
0.601020 0.19323
0.60146 0.19487
0.601870 0.19654
0.60225 0.19822
0.60261 0.19992
0.60295 0.20164
0.60326 0.20338
0.60355 0.20514
0.60382 0.20691
0.60406 0.20871
0.60426 0.21054
0.60442 0.2124
0.60454 0.21429
0.6046 0.21622
0.60462 0.218090
0.60462 0.21983
0.60459 0.22135
0.60457 0.22255
0.60455 0.223360
0.60457 0.22374
*.*.Setup: Ga2.txt as Flap 1, Inverted: y, Scale = 1.0, AoA = 0.0, Reposition from (0,0) = (0, 0)*.*.
*.*.Setup: Ga2.txt as Flap 2, Inverted: y, Scale = 0.4, AoA = 37.0, Reposition from previous T.E. = (0.0067, 0.06), Reposition from (0,0) = (1.0067, 0.0109)*.*.
*.*.Setup: Ga2.txt as Flap 3, Inverted: y, Scale = 0.4, AoA = 51.666666666666664, Reposition from previous T.E. = (0.04, 0.07), Reposition from (0,0) = (1.3779, 0.3059)*.*.
*.*.Setup: Scale Ratio = 0.36831*.*.