0.35362 0.05601
0.35164 0.053820
0.34876 0.05063
0.34535 0.04746
0.34119 0.04435
0.3361 0.04112
0.32994 0.0376
0.32266 0.0338
0.31434 0.029760
0.30521 0.02558
0.29552 0.02137
0.2855 0.0172
0.27531 0.01314
0.26504 0.00923
0.25474 0.0055
0.2444 0.00195
0.23399 -0.00142
0.22347 -0.00464
0.21279 -0.00771
0.2019 -0.01068
0.19076 -0.01358
0.17939 -0.01645
0.16785 -0.01929
0.15623 -0.02212
0.14471 -0.02489
0.13343 -0.02755
0.12258 -0.030010
0.11235 -0.03217
0.10282 -0.03396
0.09397 -0.03529
0.08565 -0.03616
0.07775 -0.03656
0.07018 -0.0365
0.06289 -0.035990
0.05586 -0.03505
0.04907 -0.03368
0.04257 -0.03192
0.03638 -0.0298
0.03061 -0.0274
0.02534 -0.02484
0.0207 -0.022240
0.016710 -0.01972
0.01335 -0.01734
0.010570 -0.0151
0.00826 -0.01301
0.006360 -0.011060
0.00478 -0.00923
0.00348 -0.00751
0.00241 -0.00589
0.00155 -0.0043700
0.00087 -0.00292
0.00037 -0.001540
0.000086 -0.00021
-0.00012 0.00107000
0.000005 0.00237
0.00056 0.003570
0.00156 0.00452
0.00287 0.00524
0.00441 0.00582
0.00619 0.006320
0.00825 0.00679
0.01067 0.00725
0.01356 0.00772
0.0171 0.0082
0.02151 0.00872
0.02713 0.00927
0.03421 0.00986
0.04272 0.01044
0.0523 0.0109
0.062620 0.01116
0.073590 0.01124
0.08512 0.01121
0.097010 0.01114
0.10908 0.01104
0.12112 0.01095
0.13302 0.01091
0.144730 0.01093
0.15624 0.01104
0.16756 0.011280
0.178680 0.01166
0.18964 0.01221
0.20044 0.01293
0.21111 0.01386
0.2216600 0.01499
0.23209 0.01634
0.24243 0.01791
0.25268 0.01971
0.262850 0.02175
0.27293 0.02403
0.28291 0.02653
0.29273 0.02925
0.30233 0.03216
0.31154 0.03523
0.32017 0.03836
0.32798 0.04149
0.3348 0.04452
0.34061 0.04744
0.34547 0.05023
0.34952 0.05289
0.35362 0.05601
-Inserting Flap s1223rtl-
0.51586 0.15851
0.51521 0.15719
0.51427 0.15526
0.51306 0.15327
0.51149 0.1512
0.5095 0.14894
0.50702 0.14641
0.50404 0.14357
0.5006 0.14048
0.49679 0.13722
0.49271 0.133860
0.48847 0.13048
0.48413 0.12712
0.47973 0.12383
0.4753 0.12061
0.47082 0.11748
0.46628 0.11442
0.46167 0.11143
0.45696 0.10848
0.45213 0.10555
0.44718 0.10262
0.442110 0.09968
0.43695 0.09672
0.43176 0.09376
0.4266 0.09084
0.42155 0.08801
0.41667 0.085330
0.41205 0.08288
0.40772 0.08071
0.40365 0.078850
0.399770 0.07729
0.39603 0.076010
0.39238 0.07499
0.38881 0.07423
0.3853 0.07371
0.38185 0.07343
0.37848 0.073390
0.37521 0.07355
0.37211 0.07391
0.36922 0.07441
0.36663 0.07502
0.36437 0.07568
0.36243 0.0763700
0.36078 0.07706
0.35938 0.07774
0.3582 0.07842
0.35719 0.079080
0.35633 0.07973
0.35559 0.08036
0.35497 0.08097
0.35444 0.08158
0.35401 0.08217
0.35366 0.082760
0.35342 0.083360
0.35329 0.084
0.3534 0.08465
0.35375 0.08525
0.35428 0.08577
0.35494 0.08627
0.35572 0.08675
0.356650 0.08726
0.35775 0.08782
0.35907 0.08844
0.36071 0.08916
0.36276 0.09002
0.36538 0.09106
0.3687 0.09232
0.37272 0.09377
0.37726 0.0953
0.38218 0.09685
0.38744 0.09840
0.39298 0.09998
0.39871 0.101580
0.40453 0.1032
0.41033 0.10482
0.416050 0.10644
0.42168 0.10806
0.42719 0.1097
0.4326 0.11137
0.43789 0.11309
0.443090 0.11486
0.44818 0.1167
0.45318 0.11862
0.45809 0.120610
0.46292 0.1227
0.46767 0.12488
0.472350 0.12716
0.47696 0.12954
0.48149 0.132020
0.48594 0.1346
0.49029 0.13726
0.49449 0.13998
0.4985 0.14273
0.50222 0.14542
0.505540 0.148
0.5084 0.15040
0.51079 0.15260
0.51274 0.15462
0.51432 0.15645
0.51586 0.15851
-Inserting Flap s1223rtl-
0.663440 0.29282
0.66312 0.29138
0.66264 0.28928
0.66193 0.2870700
0.66088 0.284690
0.65946 0.28204
0.65763 0.279
0.65539 0.27555
0.65275 0.271750
0.64979 0.2677
0.6466 0.26349
0.64326 0.25922
0.63981 0.25495
0.63629 0.25073
0.63271 0.24658
0.62908 0.2425
0.62537 0.23848
0.62157 0.23450
0.61766 0.23055
0.61364 0.22659
0.6095 0.22259
0.60525 0.21856
0.60091 0.21449
0.59654 0.21041
0.5922 0.20638
0.58793 0.20246
0.58381 0.19873
0.57987 0.19528
0.576160 0.19217
0.57263 0.18942
0.569210 0.18701
0.56587 0.1849
0.56255 0.18307
0.55925 0.1815
0.55595 0.18019
0.55266 0.17912
0.5494 0.1783
0.54618 0.17771
0.54308 0.17734
0.54015 0.17717
0.53749 0.17716
0.53514 0.17728
0.53309 0.1775
0.53133 0.17779
0.52981 0.17814
0.5285 0.17852
0.52737 0.17894
0.52638 0.17937
0.52552 0.17981
0.52477 0.18026
0.5241200 0.18073
0.52356 0.18121
0.52309 0.1817
0.52271 0.182230
0.52244 0.18282
0.522390 0.18348
0.52259 0.18414
0.52299 0.18477
0.52352 0.1854
0.52417 0.18606
0.52496 0.18677
0.5259 0.18756
0.52704 0.18847
0.52847 0.18955
0.53027 0.19086
0.53258 0.19247
0.53552 0.19447
0.53909 0.1968
0.54315 0.19935
0.54758 0.20199
0.55234 0.20471
0.55738 0.20752
0.56258 0.2104
0.56787 0.21332
0.57314 0.21623
0.57833 0.21912
0.58343 0.222
0.58842 0.22487
0.59330 0.22775
0.59805 0.23064
0.6027 0.23356
0.607230 0.23652
0.61165 0.23954
0.61597 0.24261
0.620190 0.24576
0.62431 0.24898
0.628340 0.25227
0.63227 0.25565
0.63611 0.25911
0.639840 0.26265
0.64346 0.26624
0.64693 0.26986
0.65019 0.27345
0.65319 0.27693
0.65582 0.28021
0.65805 0.2832
0.65987 0.28589
0.66131 0.2883
0.66242 0.29046
0.663440 0.29282
*.*.Setup: s1223rtl.txt as Flap 1, Inverted: y, Scale = 1.0, AoA = 9.0, Reposition from (0,0) = (0, 0)*.*.
*.*.Setup: s1223rtl.txt as Flap 2, Inverted: y, Scale = 0.5, AoA = 25.0, Reposition from previous T.E. = (0.0, 0.075), Reposition from (0,0) = (0.9877, 0.2314)*.*.
*.*.Setup: s1223rtl.txt as Flap 3, Inverted: y, Scale = 0.5, AoA = 38.333333333333336, Reposition from previous T.E. = (0.02, 0.065), Reposition from (0,0) = (1.4608, 0.5077)*.*.
*.*.Setup: Scale Ratio = 0.35803*.*.