0.34986 -0.02946
0.34909 -0.030180
0.34756 -0.03157
0.345280 -0.03363
0.3424 -0.03619
0.339050 -0.03907
0.33541 -0.04209
0.33162 -0.04506
0.32781 -0.047830
0.32401 -0.05039
0.32021 -0.05278
0.31642 -0.055010
0.31264 -0.057130
0.30886 -0.05916
0.30508 -0.06111
0.3013 -0.06298
0.29752 -0.06478
0.29375 -0.0665
0.28998 -0.06816
0.28622 -0.06975
0.28245 -0.07129
0.27869 -0.07277
0.27493 -0.07419
0.27117 -0.07556
0.26741 -0.07688
0.26365 -0.07814
0.2599 -0.07934
0.25615 -0.08048
0.2524 -0.08156
0.24865 -0.08258
0.2449 -0.08355
0.24116 -0.08449
0.23742 -0.08539
0.23367 -0.08627
0.22993 -0.08712
0.22619 -0.08793
0.22245 -0.08871
0.21872 -0.08944
0.21498 -0.09013
0.21125 -0.09076
0.20751 -0.09135
0.20378 -0.0919
0.20005 -0.0924
0.19633 -0.09286
0.1926 -0.09328
0.18887 -0.093660
0.185150 -0.09401
0.18143 -0.09432
0.17771 -0.09459
0.17399 -0.09483
0.17027 -0.09504
0.16655 -0.0952
0.16283 -0.09532
0.15912 -0.095390
0.15541 -0.09542
0.1517 -0.09541
0.14799 -0.09535
0.14428 -0.09525
0.14057 -0.0951
0.13687 -0.09491
0.13316 -0.09466
0.12946 -0.09438
0.12576 -0.09404
0.12206 -0.09366
0.11837 -0.09322
0.11467 -0.09275
0.11098 -0.09224
0.10729 -0.09169
0.10359 -0.091100
0.0999 -0.09048
0.09622 -0.0898
0.09253 -0.08905
0.08885 -0.08823
0.08517 -0.08733
0.08149 -0.08634
0.07782 -0.08526
0.07414 -0.084110
0.07048 -0.08286
0.06681 -0.08153
0.06315 -0.0801
0.05949 -0.078560
0.05584 -0.0769
0.05219 -0.07509
0.04855 -0.07312
0.044910 -0.07101
0.04127 -0.06874
0.03765 -0.06634
0.03402 -0.06379
0.03041 -0.06109
0.0268 -0.05819
0.0232 -0.0550
0.01961 -0.05145
0.01603 -0.04748
0.0125 -0.04304
0.00913 -0.038270
0.00606 -0.03334
0.00344 -0.02841
0.0014 -0.02367
7e-05 -0.01927
-0.00042 -0.011920
0.00042 -0.00917
0.00198 -0.00717
0.00422 -0.00598
0.00703 -0.00549
0.01027 -0.00558
0.01379 -0.00609
0.01745 -0.00688
0.02113 -0.007850
0.0248 -0.00895
0.02847 -0.01019
0.03214 -0.01155
0.0358 -0.01302
0.03945 -0.01461
0.04311 -0.01629
0.04676 -0.01805
0.0504 -0.019870
0.05405 -0.02175
0.0577 -0.02367
0.06134 -0.02562
0.06498 -0.02759
0.06862 -0.02957
0.07227 -0.031540
0.07591 -0.0335
0.07956 -0.03544
0.0832 -0.03736
0.08685 -0.03925
0.09049 -0.04111
0.09414 -0.04294
0.09779 -0.04473
0.10144 -0.04649
0.10509 -0.04821
0.10874 -0.04989
0.1124 -0.05153
0.11606 -0.05312
0.11971 -0.05467
0.12337 -0.05618
0.12703 -0.05764
0.13069 -0.059060
0.13436 -0.06042
0.13802 -0.06174
0.14169 -0.06301
0.14536 -0.06423
0.14903 -0.0654
0.15271 -0.06651
0.15638 -0.06757
0.16006 -0.06858
0.163740 -0.06952
0.16742 -0.07041
0.1711 -0.07124
0.17478 -0.072020
0.17847 -0.07275
0.18216 -0.07344
0.18585 -0.07409
0.18954 -0.07469
0.19323 -0.07524
0.19692 -0.07573
0.20062 -0.07615
0.20432 -0.07651
0.20802 -0.0768
0.21173 -0.077010
0.21543 -0.07716
0.21914 -0.07725
0.22285 -0.077270
0.22657 -0.0772200
0.230280 -0.0771
0.234 -0.076910
0.23772 -0.07665
0.24145 -0.07631
0.24517 -0.07589
0.2489 -0.0754
0.25263 -0.07482
0.25637 -0.07417
0.2601 -0.07343
0.26385 -0.0726
0.26759 -0.07169
0.27134 -0.07068
0.27509 -0.06957
0.27884 -0.06836
0.2826 -0.06706
0.2863600 -0.06567
0.29012 -0.06419
0.29389 -0.06263
0.29766 -0.061
0.30143 -0.05929
0.3052 -0.05751
0.30898 -0.05566
0.312760 -0.05374
0.31654 -0.05175
0.32032 -0.04967
0.32411 -0.04749
0.3279 -0.04517
0.3317 -0.04272
0.33548 -0.04013
0.33911 -0.03752
0.34244 -0.03505
0.34531 -0.03287
0.34757 -0.03113
0.3491 -0.02996
0.34986 -0.02946
-Inserting Flap Ga2-
0.48649 0.063570
0.4864 0.063160
0.4862 0.06236
0.4859 0.06117
0.48552 0.059670
0.48506 0.05797
0.48452 0.05615
0.48393 0.05432
0.483290 0.05255
0.4826 0.050850
0.48188 0.04921
0.48112 0.0476200
0.48034 0.04607
0.47954 0.04455
0.47872 0.04306
0.47789 0.0416
0.477040 0.04016
0.47617 0.03874
0.47529 0.03735
0.4744 0.03598
0.47349 0.03462
0.47258 0.03329
0.47165 0.03198
0.47071 0.03068
0.469760 0.02941
0.46879 0.02815
0.46782 0.02691
0.46683 0.02569
0.46582 0.0245
0.46481 0.02332
0.46379 0.02216
0.462750 0.02101
0.46171 0.01988
0.46067 0.01875
0.459620 0.01763
0.45856 0.01652
0.45749 0.01543
0.45642 0.01435
0.45533 0.013290
0.45424 0.01224
0.45313 0.01121
0.45202 0.0102
0.45089 0.00919
0.44976 0.00821
0.44862 0.00724
0.44747 0.00628
0.44631 0.00533
0.44514 0.00439
0.44397 0.00347
0.44279 0.00256
0.4416 0.00166
0.44041 0.00077
0.4392 -0.0001
0.43799 -0.00095
0.43676 -0.0018
0.43553 -0.00262
0.434290 -0.00343
0.43303 -0.00423
0.43177 -0.00501
0.4305 -0.00577
0.42922 -0.006520
0.42792 -0.00725
0.42662 -0.00797
0.42531 -0.00867
0.42399 -0.00935
0.42266 -0.01002
0.42132 -0.01068
0.41997 -0.01132
0.41861 -0.01195
0.41725 -0.01257
0.41588 -0.01317
0.41449 -0.01375
0.41308 -0.0143
0.41166 -0.01482
0.41022 -0.01532
0.40876 -0.01578
0.40728 -0.016220
0.40579 -0.01663
0.40428 -0.01701
0.40274 -0.01735
0.40118 -0.01766
0.3996 -0.01792
0.39798 -0.01814
0.39634 -0.0183
0.39466 -0.01842
0.39295 -0.018480
0.391210 -0.01849
0.38943 -0.01846
0.38763 -0.01837
0.38578 -0.01821
0.38388 -0.01796
0.38189 -0.017590
0.37982 -0.01707
0.37766 -0.01639
0.375470 -0.01556
0.37335 -0.01461
0.37138 -0.01357
0.36964 -0.0124500
0.36822 -0.01129
0.36641 -0.00896
0.36607 -0.00786
0.36614 -0.00685
0.366620 -0.00595
0.36744 -0.00516
0.36854 -0.00446
0.36982 -0.00385
0.371210 -0.00329
0.37265 -0.00279
0.37411 -0.00233
0.3756 -0.00192
0.37712 -0.001550
0.37867 -0.00122
0.38023 -0.00093
0.38182 -0.00067
0.38342 -0.00044
0.38504 -0.000230
0.38667 -4e-05
0.38831 0.00014
0.38996 0.00031
0.3916 0.00047
0.39325 0.00063
0.3949 0.00079
0.39655 0.00096
0.39819 0.00113
0.39983 0.00131
0.40146 0.00150
0.40309 0.0017
0.404710 0.0019
0.40632 0.00213
0.40792 0.002360
0.40952 0.00261
0.4111 0.00287
0.41268 0.003140
0.41425 0.00343
0.41581 0.003730
0.41736 0.00405
0.4189 0.00439
0.42043 0.00474
0.42195 0.0051
0.42347 0.00549
0.42497 0.005880
0.426450 0.0063
0.42793 0.00673
0.4294 0.00719
0.430860 0.00766
0.4323 0.00815
0.43373 0.00866
0.43515 0.00919
0.43656 0.00973
0.43795 0.0103
0.43934 0.01088
0.44072 0.01148
0.44208 0.01209
0.44344 0.012720
0.44479 0.01336
0.44612 0.01402
0.447450 0.01471
0.44875 0.01542
0.45004 0.01615
0.45132 0.01691
0.45258 0.01769
0.45383 0.01849
0.45507 0.01931
0.45629 0.02016
0.45749 0.02103
0.45868 0.021920
0.45986 0.02284
0.46102 0.02379
0.46216 0.02476
0.46329 0.02576
0.4644 0.02678
0.46549 0.02784
0.46656 0.02892
0.46762 0.030030
0.46865 0.03117
0.46967 0.03234
0.47067 0.03355
0.47164 0.03479
0.4726 0.03606
0.47353 0.03736
0.47445 0.03869
0.47535 0.040050
0.47623 0.04144
0.4771 0.04285
0.47796 0.04428
0.4788 0.04574
0.47962 0.04722
0.48043 0.04873
0.48122 0.05026
0.48198 0.05184
0.48273 0.05345
0.48344 0.05512
0.48411 0.05682
0.48473 0.0585
0.48528 0.06006
0.48575 0.06142
0.48611 0.06251
0.486350 0.06324
0.48649 0.063570
-Inserting Flap Ga2-
0.60458 0.18243
0.60458 0.18201
0.60457 0.18118
0.60455 0.17996
0.60451 0.17841
0.60444 0.17665
0.60433 0.17476
0.60416 0.17284
0.60394 0.17097
0.60365 0.16916
0.60331 0.1674
0.60293 0.16568
0.60252 0.16399
0.60208 0.16233
0.60162 0.1607
0.60114 0.15908
0.60063 0.15749
0.60011 0.15591
0.59956 0.154360
0.599 0.15282
0.59842 0.15130
0.59783 0.1498
0.59722 0.14831
0.5966 0.14683
0.59596 0.14538
0.5953 0.14393
0.59463 0.14251
0.59394 0.1411
0.59323 0.13971
0.59251 0.13833
0.59177 0.1369700
0.59102 0.135620
0.59026 0.13428
0.58950 0.132950
0.58873 0.13162
0.58795 0.1303
0.58715 0.129
0.58635 0.1277
0.58553 0.12642
0.5847 0.12516
0.58385 0.12391
0.58299 0.12267
0.58212 0.12144
0.58124 0.12022
0.58035 0.11902
0.57944 0.11782
0.578530 0.11664
0.5776 0.11547
0.57667 0.1143
0.57572 0.11315
0.57477 0.112
0.5738 0.11087
0.57282 0.10975
0.57183 0.10865
0.57083 0.10755
0.56981 0.10647
0.56878 0.1054
0.56774 0.10434
0.56669 0.1033
0.56562 0.10227
0.56454 0.10125
0.56344 0.10025
0.56234 0.09926
0.56121 0.09828
0.56008 0.09732
0.55893 0.0963600
0.55777 0.09542
0.556610 0.09449
0.55543 0.09357
0.55424 0.09266
0.55303 0.09177
0.55181 0.0909
0.55057 0.09004
0.5493 0.08921
0.54801 0.08841
0.54669 0.08762
0.54535 0.08687
0.54398 0.08613
0.54259 0.08542
0.54118 0.08474
0.53973 0.08409
0.53824 0.083480
0.536720 0.0829
0.53515 0.08237
0.53354 0.08189
0.53189 0.08144
0.53019 0.08104
0.52846 0.080670
0.52668 0.080350
0.52485 0.08009
0.52293 0.0799
0.52092 0.079820
0.51878 0.07986
0.51652 0.08004
0.5142 0.08035
0.51192 0.0808
0.50977 0.08137
0.50782 0.08207
0.506170 0.08288
0.50389 0.08475
0.50331 0.08574
0.503150 0.08674
0.50342 0.08772
0.50404 0.08868
0.50495 0.0896
0.50606 0.0905
0.50729 0.09135
0.50858 0.09216
0.5099 0.09293
0.511260 0.09367
0.51266 0.09437
0.51409 0.09504
0.51555 0.095680
0.51704 0.09629
0.51855 0.09688
0.52008 0.097440
0.52163 0.098
0.52318 0.09854
0.52475 0.09907
0.52632 0.0996
0.52789 0.10013
0.52946 0.10066
0.531030 0.10119
0.53259 0.10173
0.53414 0.10227
0.53569 0.10282
0.53723 0.1033800
0.53876 0.103950
0.54028 0.10452
0.54179 0.10511
0.54329 0.10571
0.54478 0.10632
0.54625 0.10695
0.54772 0.10758
0.54917 0.10823
0.55061 0.10889
0.552030 0.10956
0.553450 0.11024
0.55485 0.110940
0.55623 0.11165
0.5576 0.11238
0.55896 0.11312
0.56031 0.113880
0.56163 0.11465
0.56295 0.115430
0.56424 0.11624
0.56552 0.11705
0.56678 0.11789
0.56803 0.11874
0.569270 0.11961
0.57049 0.12048
0.57169 0.12138
0.57289 0.12228
0.57407 0.12319
0.57524 0.124120
0.576390 0.125070
0.57752 0.12604
0.57864 0.12702
0.57973 0.12803
0.58081 0.12905
0.58186 0.13009
0.5829 0.13115
0.58392 0.13224
0.58491 0.13334
0.58589 0.13445
0.58685 0.13559
0.58779 0.136750
0.58871 0.137940
0.58960 0.13914
0.59047 0.14037
0.59132 0.14161
0.59215 0.14289
0.59295 0.14418
0.59373 0.1455
0.594490 0.14685
0.59521 0.14822
0.59591 0.14962
0.59658 0.15104
0.59723 0.1525
0.59785 0.15398
0.59844 0.15548
0.59901 0.15701
0.59956 0.15856
0.60009 0.16013
0.6006 0.16171
0.60109 0.16332
0.601560 0.16495
0.602010 0.1666
0.60243 0.16828
0.60283 0.16998
0.60318 0.17172
0.6035 0.1735
0.60377 0.17532
0.604 0.17709
0.60419 0.17873
0.60433 0.18017
0.60444 0.18131
0.60451 0.18207
0.60458 0.18243
*.*.Setup: Ga2.txt as Flap 1, Inverted: y, Scale = 1.0, AoA = -2.0, Reposition from (0,0) = (0, 0)*.*.
*.*.Setup: Ga2.txt as Flap 2, Inverted: y, Scale = 0.4, AoA = 32.0, Reposition from previous T.E. = (0.04, 0.07), Reposition from (0,0) = (1.0377, -0.014)*.*.
*.*.Setup: Ga2.txt as Flap 3, Inverted: y, Scale = 0.4, AoA = 45.0, Reposition from previous T.E. = (0.04, 0.07), Reposition from (0,0) = (1.4273, 0.2513)*.*.
*.*.Setup: Scale Ratio = 0.35067*.*.