0.3622 0.03807
0.360080 0.03595
0.35698 0.03286
0.35335 0.02983
0.34896 0.02689
0.343620 0.023870
0.33717 0.02063
0.32957 0.01716
0.32090 0.0135
0.31140 0.00974
0.30134 0.00598
0.29094 0.00228
0.280370 -0.00130
0.26973 -0.00473
0.25907 -0.00797
0.24837 -0.011030
0.23762 -0.0139
0.22677 -0.01661
0.2157500 -0.01916
0.20453 -0.0216
0.19306 -0.02395
0.18136 -0.02626
0.16948 -0.02854
0.15753 -0.030790
0.14567 -0.03299
0.13408 -0.03509
0.12293 -0.03701
0.11241 -0.03867
0.10264 -0.03997
0.09358 -0.04085
0.08509 -0.04129
0.07704 -0.04127
0.06935 -0.04081
0.06197 -0.03991
0.05487 -0.03858
0.04806 -0.03683
0.041540 -0.03469
0.03537 -0.03221
0.02963 -0.02947
0.02442 -0.02658
0.01984 -0.023690
0.01592 -0.02092
0.01264 -0.01832
0.00993 -0.0159
0.0077 -0.01366
0.005870 -0.01157
0.00436 -0.009630
0.00313 -0.00781
0.00214 -0.00612
0.00134 -0.004520
0.00073 -0.00301
0.00029 -0.00158
0.000055 -0.00022
-6e-05 0.0011
0.00013 0.00241
0.00075 0.00359
0.00182 0.00451
0.003190 0.00517
0.00479 0.005680
0.00662 0.00609
0.00874 0.00646
0.01122 0.0068
0.01419 0.00712
0.0178 0.00742
0.02232 0.007710
0.02805 0.00797
0.03528 0.0082
0.04396 0.008330
0.05371 0.00828
0.0642 0.008
0.07535 0.0075
0.08706 0.00686
0.09914 0.00615
0.1114 0.00541
0.12363 0.00468
0.135710 0.004
0.1476 0.0034
0.15930 0.0029
0.17081 0.00254
0.18214 0.00233
0.19330 0.00231
0.20431 0.00247
0.21519 0.00284
0.22596 0.00343
0.23664 0.00424
0.24722 0.00529
0.25774 0.00657
0.26818 0.0081
0.27854 0.00988
0.2888 0.01189
0.29893 0.014130
0.30883 0.01658
0.31835 0.0192
0.32728 0.02193
0.33538 0.02468
0.342470 0.0274
0.34853 0.03006
0.35362 0.03264
0.35788 0.035120
0.3622 0.03807
-Inserting Flap s1223rtl-
0.51866 0.16073
0.51824 0.15929
0.517630 0.15718
0.51678 0.15498
0.51557 0.152630
0.513970 0.1500100
0.51194 0.14703
0.509450 0.14367
0.50655 0.13997
0.50331 0.13602
0.49982 0.13194
0.49617 0.1278
0.49241 0.12367
0.48859 0.11960
0.48471 0.11559
0.48078 0.11166
0.4767700 0.1078
0.47268 0.10399
0.46848 0.1002
0.46416 0.09641
0.45972 0.0926
0.45516 0.08876
0.45052 0.08488
0.445840 0.081
0.44119 0.07716
0.436630 0.07344
0.432220 0.06989
0.42802 0.06662
0.42406 0.06368
0.420310 0.0611
0.41671 0.05885
0.41318 0.0569
0.40971 0.05524
0.40626 0.05385
0.40284 0.052710
0.39943 0.05182
0.39606 0.05118
0.39276 0.05077
0.38959 0.05058
0.38661 0.05058
0.38391 0.05073
0.38152 0.05099
0.37946 0.05133
0.377690 0.05173
0.37617 0.05217
0.37486 0.05264
0.37373 0.05313
0.37275 0.05362
0.3719 0.05412
0.371170 0.05463
0.37054 0.05514
0.37 0.05566
0.36955 0.05619
0.36919 0.05674
0.36896 0.05736
0.36895 0.05803
0.36919 0.05869
0.369630 0.05931
0.37021 0.05992
0.370910 0.06055
0.37175 0.06122
0.37275 0.06197
0.373970 0.06283
0.37547 0.06384
0.377380 0.06506
0.37982 0.06657
0.38293 0.06842
0.38669 0.07058
0.39097 0.07292
0.39562 0.07534
0.40062 0.07782
0.4059 0.08038
0.41135 0.083
0.41689 0.08565
0.42242 0.08829
0.42787 0.09092
0.43321 0.09354
0.43845 0.09616
0.44357 0.0988
0.44857 0.10145
0.45346 0.104140
0.45824 0.10688
0.46291 0.10968
0.46747 0.112550
0.471940 0.1155
0.47632 0.11852
0.48060 0.12163
0.4848 0.12483
0.4889 0.12812
0.4929 0.13148
0.49679 0.13492
0.50052 0.13839
0.50405 0.14184
0.5073 0.1452
0.51017 0.14837
0.51261 0.15128
0.51462 0.15391
0.51622 0.15627
0.51748 0.1583900
0.51866 0.16073
-Inserting Flap s1223rtl-
0.63869 0.29431
0.63827 0.29287
0.63766 0.29077
0.63681 0.28856
0.6356 0.28621
0.634 0.2836
0.63197 0.28062
0.62948 0.27725
0.62658 0.273550
0.62334 0.26961
0.61985 0.26552
0.6162 0.26138
0.612440 0.25726
0.60862 0.25318
0.60474 0.24917
0.60081 0.24525
0.5968 0.24138
0.59271 0.237570
0.58851 0.23378
0.5842 0.23
0.57975 0.22619
0.57519 0.22234
0.57055 0.21847
0.56587 0.21459
0.56122 0.21075
0.55666 0.20702
0.55225 0.20348
0.54805 0.2002
0.5441 0.19727
0.54035 0.19468
0.53674 0.19243
0.533210 0.19049
0.52974 0.18883
0.52629 0.18743
0.52287 0.18629
0.51946 0.18541
0.51609 0.184760
0.5128 0.18435
0.509620 0.18416
0.50664 0.18416
0.50394 0.184310
0.501550 0.18457
0.49949 0.184910
0.49772 0.18531
0.4962 0.18576
0.49489 0.186230
0.49376 0.18671
0.49278 0.18721
0.49194 0.18771
0.4912 0.18821
0.49057 0.18872
0.49003 0.18924
0.48958 0.18977
0.48923 0.19033
0.48899 0.190950
0.48898 0.19162
0.48922 0.19228
0.48966 0.1929
0.49024 0.19351
0.49094 0.19413
0.49178 0.19481
0.49278 0.195560
0.494 0.19641
0.49551 0.19742
0.49741 0.198650
0.49985 0.20015
0.50296 0.2020
0.50672 0.20416
0.511 0.2065
0.51566 0.20892
0.52065 0.21141
0.52593 0.21397
0.53139 0.21659
0.53692 0.21923
0.54245 0.22188
0.5479 0.22451
0.55324 0.22713
0.558480 0.22975
0.5636 0.23238
0.5686 0.23503
0.57349 0.23773
0.57827 0.24047
0.5829400 0.24327
0.58751 0.24614
0.59198 0.24908
0.59635 0.2521
0.60064 0.25521
0.60483 0.25841
0.60893 0.2617
0.61293 0.26507
0.61682 0.2685
0.62055 0.27197
0.62408 0.27543
0.62733 0.27879
0.6302 0.281960
0.63264 0.28486
0.63465 0.28749
0.63625 0.28985
0.637510 0.29197
0.63869 0.29431
*.*.Setup: s1223rtl.txt as Flap 1, Inverted: y, Scale = 1.0, AoA = 6.0, Reposition from (0,0) = (0, 0)*.*.
*.*.Setup: s1223rtl.txt as Flap 2, Inverted: y, Scale = 0.5, AoA = 35.0, Reposition from previous T.E. = (0.02, 0.05), Reposition from (0,0) = (1.0145, 0.1545)*.*.
*.*.Setup: s1223rtl.txt as Flap 3, Inverted: y, Scale = 0.5, AoA = 35.0, Reposition from previous T.E. = (-0.08, 0.08), Reposition from (0,0) = (1.3441, 0.5213)*.*.
*.*.Setup: Scale Ratio = 0.3642*.*.