0.34339 0.03609
0.341380 0.03408
0.33844 0.03115
0.335 0.02828
0.33083 0.0255
0.325770 0.022630
0.31966 0.01956
0.31245 0.01627
0.304240 0.01279
0.295230 0.00923
0.28569 0.00567
0.27583 0.00216
0.265810 -0.001240
0.25572 -0.00448
0.24561 -0.00756
0.23547 -0.010460
0.22528 -0.01318
0.21499 -0.01574
0.2045500 -0.01816
0.1939 -0.02047
0.18303 -0.02271
0.17194 -0.02489
0.16068 -0.02705
0.14935 -0.029190
0.13811 -0.03128
0.12712 -0.03327
0.11654 -0.03509
0.10657 -0.03666
0.09731 -0.03789
0.08872 -0.03873
0.08067 -0.03914
0.07304 -0.03913
0.06575 -0.03869
0.05875 -0.03784
0.05202 -0.03657
0.04556 -0.03492
0.039380 -0.03289
0.03354 -0.03054
0.02809 -0.02794
0.02316 -0.0252
0.01881 -0.022460
0.01509 -0.01984
0.01198 -0.01737
0.00941 -0.01508
0.0073 -0.01295
0.005560 -0.01097
0.00414 -0.009130
0.00297 -0.00741
0.00202 -0.0058
0.00127 -0.004280
0.00069 -0.00285
0.00027 -0.0015
0.000055 -0.00021
-6e-05 0.00104
0.00012 0.00228
0.00072 0.00341
0.00173 0.00428
0.003020 0.0049
0.00454 0.005380
0.00628 0.00578
0.00829 0.00612
0.01064 0.00644
0.01345 0.00675
0.01688 0.00704
0.02116 0.007310
0.0266 0.00756
0.03344 0.00777
0.04167 0.00790
0.05092 0.00785
0.06087 0.00759
0.07144 0.00711
0.08254 0.0065
0.094 0.00583
0.10561 0.00513
0.11721 0.00444
0.128660 0.00379
0.13994 0.00322
0.151030 0.00275
0.16194 0.00241
0.17268 0.00221
0.183260 0.00219
0.1937 0.00234
0.20402 0.00269
0.21423 0.00325
0.22435 0.00402
0.23439 0.00501
0.24435 0.00623
0.25425 0.00768
0.26407 0.00936
0.2738 0.01127
0.2834 0.013390
0.29279 0.01572
0.30182 0.0182
0.31029 0.02079
0.31797 0.0234
0.324690 0.02598
0.33043 0.0285
0.33526 0.03094
0.33929 0.03330
0.34339 0.03609
-Inserting Flap s1223rtl-
0.51253 0.12967
0.51179 0.128450
0.51072 0.12667
0.5094 0.12486
0.50772 0.12301
0.50561 0.12101
0.50302 0.11878000
0.499920 0.11631
0.49635 0.11363
0.49241 0.11081
0.48822 0.10793
0.48386 0.10503
0.47941 0.10217
0.47491 0.09938
0.47037 0.09666
0.4658 0.09403
0.46119 0.09148
0.4565 0.08899
0.45173 0.08655
0.44685 0.084140
0.44184 0.08174
0.43673 0.07934
0.431520 0.07693
0.42629 0.07452
0.42109 0.07215
0.41599 0.069860
0.41108 0.0677
0.40644 0.06573
0.402090 0.06401
0.39803 0.06256
0.39417 0.06139
0.390470 0.06047
0.38688 0.0598
0.383380 0.05937
0.37996 0.05917
0.376630 0.05919
0.373380 0.05943
0.37026 0.05986
0.36731 0.060470
0.36458 0.0612
0.362140 0.062
0.36002 0.06282
0.35821 0.063640
0.35669 0.06444
0.35541 0.06522
0.354320 0.06597
0.35341 0.06669
0.35264 0.06739
0.35198 0.068050
0.351430 0.0687
0.35098 0.069320
0.35061 0.069930
0.35033 0.07052
0.35014 0.07112
0.35008 0.07174
0.35023 0.07236
0.35062 0.0729
0.35117 0.07337
0.35185 0.07378
0.35265 0.07418
0.35358 0.07459
0.35468 0.07503
0.35601 0.07552
0.35764 0.07608
0.35968 0.07673
0.36229 0.07751
0.365580 0.07844
0.36956 0.07949
0.37405 0.0805900
0.37891 0.081660
0.3841 0.08271
0.38956 0.08376
0.39520 0.08482
0.40092 0.08588
0.406620 0.08695
0.41226 0.08802
0.4178 0.08911
0.42324 0.09022
0.42857 0.09138
0.4338 0.092580
0.43894 0.09385
0.44399 0.09519
0.44895 0.0966
0.453840 0.09811
0.45865 0.099710
0.4634 0.1014
0.46809 0.1032
0.47272 0.1051
0.477280 0.1071
0.48177 0.10921
0.486170 0.11140
0.49044 0.11366
0.494520 0.11596
0.49832 0.11824
0.50173 0.12043
0.50468 0.1225
0.507160 0.12441
0.5092 0.126180
0.51088 0.12782
0.51253 0.12967
-Inserting Flap s1223rtl-
0.66086 0.25631
0.66046 0.25495
0.65989 0.25295
0.65908 0.25086
0.65793 0.248640
0.65641 0.246160
0.65448 0.24333
0.65213 0.24014
0.64938 0.23663
0.6463 0.23289
0.643 0.22902
0.63954 0.2251
0.63598 0.22118
0.63235 0.217320
0.62868 0.21352
0.62495 0.2098
0.62115 0.20614
0.61727 0.20252
0.61329 0.19893
0.60919 0.19534
0.60498 0.19173
0.60066 0.18808
0.59626 0.18441
0.59182 0.18073
0.58741 0.17709
0.58309 0.17356
0.57891 0.1702
0.57493 0.16709
0.57118 0.16431
0.56762 0.16186
0.5642 0.15973
0.560860 0.15788
0.55757 0.15631
0.5543 0.15499
0.55105 0.153910
0.54782 0.15307
0.54463 0.15245
0.5415 0.15207
0.538490 0.15188
0.53567 0.15188
0.53311 0.15203
0.530840 0.15228
0.52889 0.1526
0.52721 0.15298
0.52577 0.1534
0.52453 0.15384
0.52346 0.1543
0.52253 0.15477
0.52173 0.15525
0.52103 0.15572
0.52043 0.15621
0.51992 0.1567
0.51949 0.1572
0.51916 0.15773
0.51894 0.15832
0.51892 0.15895
0.51915 0.15958
0.51957 0.16017
0.52012 0.16074
0.52078 0.16134
0.52158 0.16198
0.52253 0.16269
0.52368 0.1635
0.52511 0.1644600
0.52692 0.16562
0.52923 0.16704
0.53218 0.1688
0.53574 0.17085
0.5398 0.17307
0.54421 0.17536
0.54895 0.17772
0.55395 0.18014
0.55913 0.18262
0.56438 0.18513
0.56962 0.18764
0.57478 0.19014
0.57985 0.19262
0.58482 0.1951
0.58967 0.1976
0.59441 0.20012
0.59905 0.202670
0.60357 0.20527
0.6080 0.20792
0.61233 0.210640
0.61657 0.21343
0.62072 0.2163
0.62478 0.21925
0.62876 0.22228
0.63265 0.2254
0.63644 0.22859
0.64012 0.23185
0.64366 0.23514
0.64701 0.238410
0.65009 0.2416
0.65281 0.2446
0.65513 0.24736
0.65703 0.24985
0.65855 0.25209
0.659740 0.25410
0.66086 0.25631
*.*.Setup: s1223rtl.txt as Flap 1, Inverted: y, Scale = 1.0, AoA = 6.0, Reposition from (0,0) = (0, 0)*.*.
*.*.Setup: s1223rtl.txt as Flap 2, Inverted: y, Scale = 0.5, AoA = 20.0, Reposition from previous T.E. = (0.02, 0.1), Reposition from (0,0) = (1.0145, 0.2045)*.*.
*.*.Setup: s1223rtl.txt as Flap 3, Inverted: y, Scale = 0.5, AoA = 35.0, Reposition from previous T.E. = (0.02, 0.08), Reposition from (0,0) = (1.5044, 0.4555)*.*.
*.*.Setup: Scale Ratio = 0.34528*.*.