0.36784 0.00762
0.367110 0.00679
0.36567 0.005170
0.36352 0.002780
0.3608 -0.00021
0.35763 -0.003580
0.35416 -0.00713
0.35054 -0.01064
0.34687 -0.01394
0.34319 -0.01702
0.3395 -0.01993
0.33579 -0.02267
0.33208 -0.0253
0.32836 -0.02783
0.32463 -0.030270
0.3209 -0.03263
0.31717 -0.034920
0.313420 -0.03713
0.30968 -0.03927
0.30592 -0.04134
0.30217 -0.04336
0.298410 -0.04531
0.29464 -0.04721
0.29088 -0.04905
0.2871 -0.05083
0.28333 -0.052560
0.27955 -0.05422
0.27576 -0.05582
0.27197 -0.05735
0.26818 -0.05882
0.26438 -0.06025
0.26058 -0.06163
0.25678 -0.06298
0.25298 -0.06431000
0.24917 -0.0656
0.24536 -0.06686
0.24155 -0.06808
0.23774 -0.06926
0.233920 -0.07038
0.23010 -0.07145
0.22627 -0.07247
0.22244 -0.07345
0.21861 -0.074380
0.21478 -0.07527
0.21094 -0.07612
0.2071 -0.07692
0.20326 -0.07769
0.19941 -0.07842
0.19556 -0.07912
0.19171 -0.07978
0.18786 -0.08039
0.184 -0.08097
0.180140 -0.0815
0.17628 -0.08199
0.17241 -0.08242
0.16854 -0.08282
0.16467 -0.08316
0.1608 -0.08346
0.15692 -0.08371
0.153030 -0.08392
0.14915 -0.08407
0.14526 -0.08418
0.14137 -0.08423
0.13747 -0.08423
0.13357 -0.08419
0.12967 -0.0841
0.12576 -0.08397
0.12185 -0.0838
0.11794 -0.0836
0.11403 -0.08335
0.110110 -0.08305
0.10619 -0.08267
0.10226 -0.08222
0.09832 -0.08168
0.09438 -0.08105
0.09044 -0.080340
0.08648 -0.07953
0.08252 -0.07864
0.078560 -0.07765
0.07459 -0.07657
0.0706 -0.07536
0.06661 -0.07402
0.06261 -0.07254
0.0586 -0.07089
0.05458 -0.06908
0.05054 -0.067120
0.0465 -0.06501
0.04245 -0.06275
0.03838 -0.0603400
0.03430 -0.05771
0.0302 -0.05478
0.02607 -0.05148
0.02191 -0.04772
0.01774 -0.04349
0.01371 -0.038880
0.00997 -0.03408
0.00669 -0.02923
0.00405 -0.02452
0.00218 -0.02007
0.00087 -0.01247
0.00144 -0.009510
0.00285 -0.00725
0.00505 -0.00577
0.00793 -0.004950
0.01132 -0.004690
0.01504 -0.00483
0.01894 -0.00526
0.02288 -0.00586
0.02683 -0.00661
0.03079 -0.0075
0.03476 -0.008510
0.03873 -0.00965
0.04272 -0.0109
0.04671 -0.01225
0.0507 -0.013680
0.05471 -0.01519
0.05871 -0.01675
0.06272 -0.01835
0.06673 -0.01999
0.07074 -0.02164
0.07476 -0.0233
0.07877 -0.02495
0.08278 -0.0266
0.08679 -0.02822
0.0908 -0.02982
0.09481 -0.03139
0.09881 -0.03293
0.10281 -0.034440
0.106810 -0.03591
0.11081 -0.03734
0.1148 -0.0387300
0.11879 -0.04008
0.12278 -0.04139
0.12677 -0.04265
0.13075 -0.04386
0.13473 -0.04503
0.1387 -0.04616
0.14267 -0.047230
0.146640 -0.04826
0.150610 -0.04923
0.15457 -0.05015
0.15853 -0.051020
0.16248 -0.05183
0.16643 -0.052590
0.17038 -0.05329
0.174320 -0.05394
0.17825 -0.05452
0.18219 -0.05504
0.186120 -0.0555
0.19004 -0.05591
0.19396 -0.05627
0.19788 -0.05658
0.2018 -0.05685
0.2057100 -0.05708
0.20962 -0.05724
0.21352 -0.05735
0.21742 -0.05739
0.221320 -0.05736
0.22521 -0.05725
0.22909 -0.05707
0.23297 -0.05682
0.23684 -0.05650
0.24071 -0.05611
0.24458 -0.05566
0.24844 -0.05513
0.25229 -0.05452
0.25614 -0.05384
0.25998 -0.05308
0.26382 -0.05224
0.267650 -0.05131
0.27148 -0.05031
0.2753 -0.04921
0.27912 -0.04803
0.282920 -0.04676
0.28672 -0.0454
0.290520 -0.043930
0.29431 -0.04237
0.29809 -0.0407
0.30186 -0.03893
0.3056300 -0.03707
0.30939 -0.03512
0.313140 -0.03308
0.31689 -0.030970
0.32063 -0.02878
0.32437 -0.02651
0.32810 -0.02417
0.33183 -0.02175
0.33555 -0.01926
0.33927 -0.016680
0.34298 -0.01399
0.34668 -0.01116
0.35037 -0.00819
0.35402 -0.00507
0.35752 -0.00196
0.36071 0.00098
0.36347 0.00357
0.36564 0.00563
0.3671 0.00702
0.36784 0.00762
-Inserting Flap Ga2-
0.49202 0.11236
0.49196 0.11192
0.49183 0.11106
0.49163 0.1098
0.49137 0.1082
0.49104 0.10638
0.49065 0.10443
0.4902 0.10247
0.48969 0.10056
0.48912 0.09872
0.48852 0.09695
0.48787 0.09522
0.4872 0.09353
0.48650 0.091870000
0.48578 0.09024
0.48505 0.08863
0.48429 0.08705
0.48352 0.08549
0.48273 0.083960
0.48192 0.08245
0.4811 0.08095
0.48026 0.07948
0.47941 0.07802
0.478550 0.07658
0.47767 0.07516
0.476780 0.073760
0.47588 0.07238
0.47496 0.07102
0.47402 0.06968
0.47307 0.06836
0.4721 0.06705
0.47113 0.065760
0.47015 0.06448
0.46916 0.06321
0.46817 0.06194
0.46716 0.060690
0.46615 0.05945
0.46513 0.05823
0.46409 0.05702
0.46304 0.05583
0.46198 0.05465
0.46091 0.053490
0.45983 0.05234
0.45873 0.05121
0.45763 0.05009
0.45652 0.04898
0.4554 0.04789
0.45427 0.0468
0.45313 0.04573
0.45198 0.04467
0.45082 0.04363
0.44965 0.04259
0.448470 0.04157
0.44728 0.04057
0.44608 0.03958
0.44487 0.0386
0.443640 0.03765
0.44241 0.0367
0.44116 0.03577
0.4399 0.03486
0.43863 0.03396
0.437350 0.03308
0.43606 0.03221
0.43475 0.03136
0.43343 0.03052
0.43211 0.0297
0.43077 0.0289
0.42942 0.0281
0.428060 0.027320
0.4267 0.02655
0.42532 0.0258
0.423920 0.02507
0.4225 0.02436
0.42106 0.02369
0.41961 0.02304
0.41813 0.02242
0.41662 0.02183
0.4151 0.02127
0.41356 0.02073
0.411990 0.02023
0.41039 0.01977
0.40876 0.01935
0.40709 0.01898
0.40539 0.01865
0.403640 0.01838
0.40186 0.01816
0.40005 0.01799
0.39820 0.01786
0.39631 0.01779
0.39436 0.01778
0.39235 0.01787
0.39025 0.0180800
0.38803 0.01843
0.38571 0.01895
0.38335 0.01961
0.38105 0.02041
0.3789 0.02132
0.37699 0.02233
0.37539 0.02341
0.37329 0.02568
0.37284 0.02679
0.37282 0.02785
0.373240 0.02884
0.37403 0.02973
0.3751 0.03056
0.37638 0.03132
0.377790 0.03203
0.37924 0.03269
0.38073 0.0333
0.38225 0.03386
0.3838 0.034380
0.385380 0.03487
0.38699 0.035320
0.38862 0.03573
0.390280 0.03612
0.39195 0.03649
0.39363 0.03684
0.39532 0.03718
0.39703 0.0375
0.398730 0.03782
0.40044 0.03814
0.40215 0.03846
0.40385 0.03878
0.40555 0.03911
0.40724 0.03945
0.40893 0.03979
0.41061 0.04015
0.41228 0.040510
0.41394 0.040890
0.41559 0.04128
0.41724 0.041690
0.41887 0.0421
0.42049 0.04253
0.42210 0.04298
0.4237 0.04344
0.42529 0.04391
0.42687 0.04440
0.42844 0.04491
0.42999 0.04543
0.43153 0.04596
0.43306 0.046520
0.43458 0.04709
0.43608 0.04768
0.43757 0.04828
0.43905 0.04891
0.440510 0.04955
0.44196 0.05021
0.44339 0.0509
0.444810 0.05160
0.44622 0.05231
0.44761 0.05305
0.449 0.0538
0.45037 0.05456
0.45173 0.05534
0.45308 0.05613
0.45441 0.05695
0.45573 0.05778
0.45703 0.05864
0.45831 0.05953
0.45957 0.06043
0.46082 0.06136
0.46205 0.06231
0.46326 0.06328
0.46446 0.06428
0.46564 0.0653
0.4668 0.06634
0.46794 0.06741
0.46907 0.0685
0.47017 0.06962
0.47125 0.07076
0.472320 0.071940
0.473360 0.07314
0.47438 0.07436
0.47538 0.07562
0.47636 0.0769
0.47732 0.07822
0.47825 0.07957
0.47915 0.08095
0.48003 0.08237
0.48089 0.08382
0.481730 0.08529
0.482540 0.08679
0.48334 0.08832
0.48412 0.08987
0.48488 0.09144
0.48562 0.09304
0.48634 0.09466
0.48705 0.09631
0.487730 0.09799
0.48839 0.0997
0.48902 0.10145
0.48961 0.103250
0.49015 0.10509
0.4906500 0.1069
0.49108 0.108580
0.491440 0.11005
0.49172 0.11121
0.49191 0.112
0.49202 0.11236
-Inserting Flap Ga2-
0.61576 0.236910
0.61577 0.236470
0.61575 0.2356
0.61573 0.23432
0.61569 0.2327
0.61562 0.23085
0.61551 0.22887
0.615330 0.22686
0.61509 0.2249
0.61479 0.223
0.61444 0.22116
0.61404 0.219360
0.61361 0.21759
0.61315 0.21585
0.61267 0.21414
0.61216 0.21244
0.61163 0.21077
0.61108 0.20912
0.610510 0.20749
0.609920 0.20588
0.60932 0.20429
0.6087 0.20271
0.60806 0.20115
0.6074 0.19961
0.60673 0.19808
0.60605 0.19657
0.60534 0.19508
0.60462 0.1936
0.60388 0.19214
0.60312 0.1907
0.60234 0.18928
0.60156 0.18786
0.600770 0.1864500
0.59997 0.18506
0.59916 0.18367
0.598340 0.18229
0.59751000 0.18092
0.59666 0.17956
0.59581 0.17822
0.59493 0.1769
0.59405 0.17558
0.59315 0.174280
0.59224 0.173
0.59131 0.171720
0.59037 0.17046
0.58943 0.16921
0.58847 0.16797
0.5875 0.16674
0.58652 0.16552
0.58553 0.16431
0.58453 0.16311
0.58352 0.16193
0.58249 0.16075
0.58145 0.15959
0.5804 0.15845
0.57933 0.15731
0.578260 0.15619
0.57716 0.15508
0.57606 0.15399
0.57494 0.15291
0.57381 0.15184
0.57266 0.15079
0.5715 0.14975
0.57033 0.14873
0.56914 0.14772
0.56793 0.14672
0.56672 0.14574
0.5655 0.14476
0.56426 0.1438
0.563020 0.14284
0.56175 0.14191
0.56047 0.14099
0.55917 0.1401
0.55784 0.13923
0.55648 0.138380
0.5551 0.13756
0.5537 0.136770
0.55227 0.136
0.55081 0.13526
0.54933 0.134540
0.54781 0.13386
0.54626 0.13322
0.54466 0.132620
0.54302 0.13206
0.54133 0.13155
0.5395900 0.13108
0.53782 0.13066
0.536 0.13028
0.53414 0.12994
0.53222 0.12966
0.53021 0.129470
0.52810 0.12938
0.52586 0.12943
0.52349 0.12961
0.521060 0.12994
0.51867 0.13041
0.51641 0.131010
0.51438 0.131750
0.51265 0.1326
0.51026 0.13455
0.509650 0.13559
0.509480 0.13664
0.50976 0.13767
0.51042 0.13867
0.51137 0.13964
0.51253 0.14057
0.513820 0.14147
0.51517 0.14232
0.51656 0.14313
0.517980 0.1439
0.51945 0.14463
0.52095 0.14533
0.52248 0.146
0.52404 0.14664
0.52562 0.14726
0.52722 0.14785
0.52884 0.14843
0.53047 0.1490
0.53211 0.14956
0.53376 0.15012
0.5354 0.15067
0.53705 0.15122
0.53869 0.15178
0.54033 0.15234
0.541960 0.15291
0.54358 0.15349
0.54519 0.15407
0.5468 0.15467
0.54839 0.15527
0.549970 0.15589
0.55154 0.15652
0.5531 0.15716
0.55465 0.15781
0.556180 0.15847
0.55770 0.15915
0.55921 0.15984
0.56071 0.16055
0.56219 0.16127
0.56365 0.162
0.56511 0.16274
0.56654 0.16351
0.56797 0.16428
0.56937 0.16507
0.57077 0.16588
0.57214 0.16671
0.5735 0.16755
0.57484 0.1684
0.57616 0.16928
0.57747 0.17017
0.57876 0.17108
0.580040 0.172
0.58131 0.17293
0.58256 0.17388
0.5838 0.17484
0.58502 0.17581
0.586230 0.1768
0.58742 0.17781
0.58858 0.17885
0.58973 0.1799
0.59086 0.18097
0.59196 0.18207
0.59305 0.18318
0.59411 0.18431
0.59516 0.18546
0.59619 0.18664
0.59719 0.18783
0.59817 0.18905
0.59914 0.19029
0.600070 0.19155
0.60099 0.19283
0.60188 0.19414
0.60274 0.19547
0.60359 0.19683
0.6044 0.19821
0.60519 0.199620
0.60595 0.20106
0.60669 0.20253
0.60739 0.20402
0.60806 0.20554
0.60871 0.20710
0.60934 0.20867
0.60993 0.21027
0.61051 0.21189
0.61107 0.21354
0.6116 0.2152
0.61211 0.21689
0.61260 0.2186
0.613070 0.22033
0.613520 0.22208
0.61393 0.22387
0.61431 0.22569
0.61464 0.227560
0.61492 0.22946
0.61516 0.23131
0.61536 0.23304
0.61551 0.234540
0.6156200 0.23573
0.6157 0.23654
0.61576 0.236910
*.*.Setup: Ga2.txt as Flap 1, Inverted: y, Scale = 1.0, AoA = 4.0, Reposition from (0,0) = (0, 0)*.*.
*.*.Setup: Ga2.txt as Flap 2, Inverted: y, Scale = 0.4, AoA = 37.0, Reposition from previous T.E. = (0.0067, 0.06), Reposition from (0,0) = (1.0077, 0.0807)*.*.
*.*.Setup: Ga2.txt as Flap 3, Inverted: y, Scale = 0.4, AoA = 45.0, Reposition from previous T.E. = (0.04, 0.07), Reposition from (0,0) = (1.3789, 0.3758)*.*.
*.*.Setup: Scale Ratio = 0.36747*.*.