0.36226 -0.0305
0.36147 -0.031250
0.35988 -0.03269
0.357520 -0.03482
0.35454 -0.03747
0.351070 -0.04046
0.3473 -0.04358
0.34338 -0.04666
0.33943 -0.049520
0.3355 -0.05218
0.33157 -0.05465
0.32764 -0.056960
0.32372 -0.059160
0.31981 -0.06126
0.31589 -0.06328
0.31198 -0.06521
0.30807 -0.06707
0.30417 -0.06886
0.30026 -0.07058
0.29636 -0.07223
0.29246 -0.07382
0.28857 -0.07535
0.28467 -0.07682
0.28078 -0.07824
0.27689 -0.07961
0.273 -0.08091
0.26911 -0.08215
0.26523 -0.08333
0.26135 -0.08445
0.25747 -0.08551
0.25359 -0.08651
0.24971 -0.08748
0.24583 -0.08842
0.24196 -0.08932
0.23809 -0.0902
0.23421 -0.09105
0.23034 -0.09185
0.22647 -0.09261
0.2226 -0.09332
0.21874 -0.09398
0.21487 -0.09459
0.21101 -0.09515
0.20715 -0.09567
0.20329 -0.09615
0.19943 -0.09659
0.19557 -0.096980
0.191720 -0.09734
0.18786 -0.09766
0.18401 -0.09795
0.18016 -0.0982
0.1763 -0.09841
0.17246 -0.09857
0.16861 -0.0987
0.16476 -0.098780
0.16092 -0.09881
0.15707 -0.09879
0.15323 -0.09873
0.14939 -0.09862
0.14556 -0.09847
0.14172 -0.09827
0.13788 -0.09802
0.13405 -0.09772
0.13022 -0.09737
0.12639 -0.09698
0.12256 -0.09653
0.11874 -0.09604
0.11491 -0.09551
0.11109 -0.09494
0.10727 -0.0943300
0.10345 -0.09369
0.09963 -0.09298
0.09581 -0.09221
0.092 -0.09136
0.08819 -0.09043
0.08438 -0.0894
0.08057 -0.08829
0.07677 -0.087090
0.07297 -0.0858
0.06918 -0.08442
0.06539 -0.08294
0.0616 -0.081350
0.05782 -0.07962
0.05404 -0.07775
0.05027 -0.07572
0.04650 -0.07353
0.04274 -0.07118
0.03898 -0.06869
0.03523 -0.06605
0.03148 -0.06326
0.02775 -0.06025
0.02402 -0.056950
0.0203 -0.05328
0.0166 -0.04916
0.01295 -0.04457
0.00945 -0.039630
0.00628 -0.03452
0.00356 -0.02942
0.00145 -0.02451
7e-05 -0.01995
-0.00043 -0.012340
0.00044 -0.00949
0.00205 -0.00742
0.00437 -0.00619
0.00728 -0.00569
0.01064 -0.00577
0.01428 -0.0063
0.01807 -0.00713
0.02188 -0.008130
0.02568 -0.00927
0.02948 -0.01055
0.03328 -0.01196
0.03707 -0.01348
0.04085 -0.01512
0.04463 -0.01686
0.04841 -0.01868
0.05219 -0.020580
0.05597 -0.02252
0.05974 -0.02451
0.06351 -0.02653
0.06729 -0.02857
0.07106 -0.03062
0.07483 -0.032660
0.0786 -0.03469
0.08238 -0.03669
0.08615 -0.03868
0.08992 -0.04064
0.0937 -0.04257
0.09748 -0.04446
0.10126 -0.04632
0.10504 -0.04814
0.10882 -0.04992
0.1126 -0.05166
0.11638 -0.05335
0.12017 -0.055
0.12396 -0.05661
0.12775 -0.05817
0.13154 -0.05968
0.13533 -0.061150
0.13912 -0.06257
0.14292 -0.06393
0.14672 -0.06525
0.15052 -0.06651
0.15432 -0.06772
0.15812 -0.06887
0.16192 -0.06997
0.16573 -0.07101
0.169540 -0.07199
0.17335 -0.0729
0.17717 -0.07376
0.18098 -0.074570
0.1848 -0.07533
0.18862 -0.07604
0.19244 -0.07671
0.19626 -0.07734
0.20008 -0.0779
0.20391 -0.07841
0.20773 -0.07885
0.21156 -0.07922
0.2154 -0.07952
0.21923 -0.079740
0.22307 -0.0799
0.22691 -0.07999
0.23075 -0.080010
0.2346 -0.0799600
0.238450 -0.07983
0.2423 -0.079640
0.24615 -0.07936
0.25001 -0.07901
0.25386 -0.07858
0.25773 -0.07807
0.26159 -0.07748
0.26546 -0.0768
0.26933 -0.07603
0.2732 -0.07518
0.27708 -0.07423
0.28096 -0.07318
0.28484 -0.07204
0.28873 -0.07079
0.29262 -0.06944
0.2965100 -0.068
0.30041 -0.06647
0.30431 -0.06485
0.30821 -0.06316
0.31211 -0.06139
0.31602 -0.05955
0.31993 -0.05764
0.323850 -0.05565
0.32776 -0.05359
0.33168 -0.05143
0.3356 -0.04917
0.33953 -0.04678
0.34346 -0.04423
0.34737 -0.04155
0.35113 -0.03885
0.35458 -0.0363
0.35755 -0.03404
0.35989 -0.03223
0.36147 -0.03102
0.36226 -0.0305
-Inserting Flap Ga2-
0.49708 0.080250
0.49702 0.07982
0.49689 0.07897
0.49669 0.07772
0.49643 0.07614
0.4961 0.07434
0.49572 0.07242
0.49527 0.07048
0.49477 0.06859
0.49421 0.06678
0.49361 0.06502
0.49297 0.06331
0.49231 0.061640
0.49162 0.06
0.49091 0.05839
0.49018 0.05681
0.489440 0.05525
0.48867 0.05371
0.48789 0.05219
0.48709 0.05069
0.48628 0.04922
0.48546 0.04776
0.48462 0.04632
0.48376 0.0449
0.4829 0.0435
0.48202 0.04211
0.48112 0.04075
0.48021 0.0394
0.47928 0.03808
0.47834 0.03678
0.47739 0.035490
0.47643 0.03421
0.47546 0.03294
0.47449 0.03169
0.4735 0.03044
0.47251 0.0292
0.47151 0.02797
0.4705 0.02676
0.46947 0.02557
0.46844 0.02439
0.46739 0.02323
0.466330 0.02208
0.46526 0.02095
0.464180 0.01983
0.46309 0.018720
0.46199 0.01763
0.46088 0.01655
0.45977 0.015480
0.45864 0.01442
0.45751 0.013370
0.45636 0.01234
0.45521 0.01131
0.45404 0.01031
0.45287 0.00931
0.45168 0.008340
0.45048 0.00737
0.44927 0.00643
0.44805 0.00549
0.44682 0.00457
0.44558 0.003670
0.44432 0.00278
0.44306 0.00191
0.44178 0.00105
0.44049 0.00021
0.43918 -0.00061
0.43787 -0.00142
0.43655 -0.00222
0.43522 -0.003
0.43388 -0.00378
0.43253 -0.00454
0.43116 -0.00528
0.42978 -0.0060
0.42838 -0.0067
0.42696 -0.00737
0.42552 -0.00801
0.42406 -0.00862
0.42257 -0.0092
0.42107 -0.00976
0.41954 -0.01028
0.41799 -0.01078
0.41641 -0.01124
0.4148 -0.01165
0.413150 -0.01202
0.41147 -0.01234
0.40975 -0.01261
0.40799 -0.012820
0.40619 -0.013
0.40436 -0.01312
0.4025 -0.01319
0.4005800 -0.0132
0.39859 -0.01311
0.39651 -0.01291
0.39432 -0.01256
0.39203 -0.01205
0.3897 -0.01139
0.38742 -0.01061
0.3853 -0.00971
0.38341 -0.00871
0.381830 -0.007640
0.37976 -0.0054
0.37931 -0.0043
0.37929 -0.00325
0.3797 -0.00228
0.38048 -0.00139
0.38154 -0.00057
0.38281 0.00018
0.3842 0.00088
0.38563 0.00153
0.38710 0.00213
0.3886 0.00269
0.39014 0.0032
0.3917 0.00368
0.39329 0.00413
0.3949 0.00454
0.39654 0.00492
0.39819 0.00529
0.39985 0.00563
0.40153 0.00596
0.40321 0.00628
0.40489 0.0066
0.40658 0.00691
0.40827 0.007230
0.40995 0.00755
0.41163 0.00787
0.4133 0.00821
0.41497 0.00855
0.41663 0.0089
0.41828 0.00926
0.41992 0.00963
0.42155 0.01002
0.42318 0.01042
0.42479 0.01083
0.42639 0.01126
0.42799 0.0117
0.42957 0.01215
0.43114 0.01262
0.4327 0.0131
0.43425 0.0136
0.43578 0.01412
0.43731 0.01465
0.43882 0.01519
0.44032 0.01576
0.4418 0.01634
0.44327 0.01694
0.44473 0.01756
0.44618 0.01819
0.44761 0.01885
0.44902 0.01952
0.45043 0.02021
0.45182 0.02092
0.45319 0.02165
0.454560 0.02239
0.45592 0.02314
0.45726 0.02391
0.45859 0.02469
0.45991 0.0255
0.46121 0.02632
0.46249 0.02717
0.46376 0.02805
0.46501 0.02894
0.46624 0.02986
0.46746 0.0308
0.46866 0.03176
0.469840 0.032740
0.471 0.03375
0.47215 0.03478
0.47328 0.03584
0.47439 0.03692
0.47548 0.03802
0.47655 0.03915
0.47761 0.04031
0.47864 0.04149
0.479650 0.04271
0.48064 0.04395
0.4816 0.04522
0.48254 0.04652
0.48346 0.04785
0.48436 0.04922
0.48523 0.05062
0.48607 0.05205
0.4869 0.0535
0.48771 0.05499
0.48849 0.05650
0.48926 0.058030
0.49001 0.05958
0.49075 0.06116
0.49146 0.06277
0.49216 0.06439
0.49284 0.06605
0.49349 0.06774
0.4941 0.069470
0.49469 0.07125
0.495230 0.07307
0.49572 0.07486
0.49614 0.07652
0.4965 0.07797
0.49678 0.07912
0.49696 0.0799
0.49708 0.080250
-Inserting Flap Ga2-
0.6011900 0.20333
0.60119 0.20289
0.60118 0.20203
0.60116 0.20076
0.60112 0.19917
0.60105 0.19734
0.60094 0.19538
0.60077 0.19339
0.60053 0.19146
0.60023 0.18958
0.59988 0.18776
0.599490 0.18598
0.59906 0.18423
0.59861 0.18251
0.598130 0.18082
0.59763 0.17915
0.59711 0.1775
0.59656 0.17587
0.596 0.174260
0.59542 0.17267
0.59482 0.171090
0.59421 0.1695300
0.59358 0.16799
0.59293 0.16647
0.59227 0.16496
0.591590 0.16346
0.59089 0.16199
0.59018 0.16053
0.58944 0.15909
0.58869 0.15766
0.587930 0.15625
0.58716 0.15486
0.58637 0.15347
0.58558 0.15209
0.58478 0.15071
0.58397 0.14935
0.58315 0.148
0.58232 0.1466600
0.58147 0.14533
0.58061 0.14402
0.57973 0.142730
0.57884 0.14144
0.57794 0.14017
0.57703 0.13891
0.5761 0.13766
0.57517 0.13643
0.57422 0.1352
0.57326 0.13399000
0.5723 0.13278
0.57132 0.131590
0.57033 0.1304
0.56933 0.12923
0.56831 0.12807
0.56729 0.12692
0.56625 0.12579
0.56519 0.12467
0.56413 0.12356
0.56305 0.12247
0.56196 0.12139
0.56085 0.12032
0.55973 0.11927
0.5586 0.11823
0.55745 0.1172
0.55629 0.11619
0.55512 0.11519
0.55393 0.11421
0.55273 0.11323
0.55152 0.11227
0.55030 0.11132
0.54907 0.11038
0.54782 0.10945
0.54656 0.10854
0.54527 0.10766
0.54395 0.1068
0.542620 0.10597
0.54125 0.10516
0.53986 0.10437
0.538450 0.10361
0.537010 0.10288
0.535550 0.10217
0.534050 0.1015
0.53251 0.100860
0.53093 0.10027
0.52931 0.09972
0.52764 0.09922
0.52593 0.09875
0.52417 0.098340
0.52238 0.097960
0.52054 0.09762
0.51864 0.09735
0.51666 0.09716
0.51457 0.09708
0.51236 0.09712
0.51001 0.0973
0.50762 0.09763
0.50525 0.09809
0.50302 0.09869
0.50101 0.09941
0.4993 0.10025
0.49694 0.1021800
0.49634 0.10321
0.49617 0.10424
0.49645 0.10526
0.49709 0.10625
0.49803 0.10721
0.49918 0.10813
0.50046 0.10901
0.50179 0.10985
0.50316 0.11066
0.50457 0.11142
0.50602 0.11214
0.5075 0.11284
0.50901 0.11350
0.51055 0.11413
0.51212 0.11474
0.5137 0.115330
0.5153 0.1159
0.51691 0.11646
0.51853 0.11701
0.52016 0.11756
0.52179 0.11811
0.523410 0.11865
0.52503 0.1192
0.52665 0.11976
0.52826 0.12032
0.52986 0.12089
0.53146 0.121470
0.53304 0.122060
0.53462 0.12266
0.53618 0.12327
0.53773 0.12389
0.53927 0.12452
0.5408 0.12516
0.54232 0.12582
0.54382 0.12649
0.54531 0.12717
0.54679 0.12787
0.54825 0.12858
0.54970 0.129300
0.55114 0.13004
0.55256 0.13079
0.55396 0.13156
0.55535 0.132340
0.55673 0.13314
0.55809 0.13395
0.55943 0.13478
0.56075 0.13563
0.56206 0.1365
0.56335 0.13738
0.56463 0.13827
0.56589 0.13918
0.567140 0.1401
0.568380 0.14104
0.56961 0.14199
0.57082 0.142950
0.57201 0.143930
0.57318 0.14493
0.57433 0.14595
0.57547 0.14699
0.57658 0.14805
0.57767 0.14913
0.57875 0.15023
0.5798 0.15135
0.58083 0.15249
0.58185 0.15365
0.58284 0.15483
0.58381 0.156030
0.58476 0.15725
0.58569 0.1585
0.58659 0.15977
0.58747 0.16106
0.58833 0.16238
0.589160 0.16372
0.58997 0.16509
0.59075 0.16648
0.5915 0.1679
0.59222 0.16935
0.59292 0.17082
0.59358 0.17233
0.59422 0.17386
0.59484 0.17542
0.59543 0.177
0.596 0.1786
0.59655 0.18023
0.59708 0.18187
0.597580 0.18354
0.59807 0.18523
0.59853 0.18694
0.59897 0.18867
0.599380 0.19043
0.59975 0.19224
0.60008 0.19408
0.60036 0.19596
0.6006 0.19779
0.60079 0.1995
0.60094 0.20098
0.60105 0.20216
0.60113 0.20295
0.6011900 0.20333
*.*.Setup: Ga2.txt as Flap 1, Inverted: y, Scale = 1.0, AoA = -2.0, Reposition from (0,0) = (0, 0)*.*.
*.*.Setup: Ga2.txt as Flap 2, Inverted: y, Scale = 0.4, AoA = 37.0, Reposition from previous T.E. = (0.04, 0.08), Reposition from (0,0) = (1.0377, -0.004)*.*.
*.*.Setup: Ga2.txt as Flap 3, Inverted: y, Scale = 0.4, AoA = 45.0, Reposition from previous T.E. = (-0.01, 0.07), Reposition from (0,0) = (1.359, 0.291)*.*.
*.*.Setup: Scale Ratio = 0.3631*.*.