0.36179 -0.005140
0.36105 -0.00593
0.35958 -0.00747
0.357390 -0.009750
0.3546 -0.01259
0.35138 -0.01579
0.34785 -0.01916
0.34416 -0.02248
0.34045 -0.0256
0.33672 -0.02851
0.332990 -0.03124
0.32926 -0.03381
0.32552 -0.03626
0.32178 -0.03862
0.31803 -0.0409
0.31428 -0.04309
0.31053 -0.0452
0.30678 -0.047250
0.303020 -0.04922
0.299260 -0.05114
0.2955 -0.05299
0.29174 -0.05478
0.28797 -0.05651
0.28421 -0.05819
0.28044 -0.05981
0.27667 -0.06138
0.27289 -0.06288
0.26912 -0.06432
0.26534 -0.0657
0.26156 -0.067020
0.25778 -0.06829
0.2540 -0.06952
0.25022 -0.07072
0.24643 -0.07189
0.24265 -0.07303
0.23886 -0.07414
0.23507 -0.07521
0.231280 -0.07623
0.22749 -0.0772
0.2237 -0.07812
0.2199 -0.079
0.21611 -0.079820
0.21231 -0.08061
0.20851 -0.0813500
0.20471 -0.08205
0.20091 -0.08271
0.1971 -0.08333
0.1933 -0.08392
0.18949 -0.08447
0.18569 -0.08499
0.18188 -0.08546
0.17807 -0.0859
0.17426 -0.08629
0.17044 -0.08663
0.16663 -0.08693
0.16281 -0.08718
0.15899 -0.08739
0.15517 -0.08755
0.15135 -0.08766
0.14753 -0.08773
0.14371 -0.08775
0.13988 -0.08772
0.13605 -0.08764
0.13222 -0.08751
0.12839 -0.087330
0.12456 -0.08711
0.12072 -0.08685
0.11689 -0.08655
0.11305 -0.086210
0.10921 -0.08584
0.105370 -0.0854
0.10153 -0.0849
0.09768 -0.08432
0.09383 -0.08366
0.089980 -0.0829
0.08613 -0.08206
0.08227 -0.08113
0.07841 -0.08012
0.07455 -0.07902
0.07068 -0.07781
0.06681 -0.076490
0.06293 -0.07504
0.05905 -0.07344
0.05516 -0.07169
0.05127 -0.06977
0.04737 -0.06771
0.04347 -0.06549
0.03956 -0.06313
0.03565 -0.06062
0.03173 -0.05789
0.0278 -0.05488
0.02386 -0.05149
0.0199 -0.04766
0.01595 -0.043350
0.01214 -0.03869
0.00863 -0.03384
0.005580 -0.02896
0.00314 -0.02423
0.00146 -0.0198
0.00043 -0.012280
0.00109 -0.0094
0.00255 -0.00723
0.00477 -0.00584
0.00763 -0.00514
0.01096 -0.00499
0.01462 -0.00526
0.01844 -0.00582
0.02229 -0.00655
0.026140 -0.00742
0.03 -0.00843
0.03387 -0.00956
0.03774 -0.01082
0.04161 -0.01218
0.04549 -0.01364
0.04937 -0.01519
0.053250 -0.01681
0.05713 -0.018480
0.06102 -0.02019
0.06490 -0.02193
0.06879 -0.02369
0.07268 -0.025460
0.07656 -0.02723
0.080450 -0.02898
0.08433 -0.03071
0.08822 -0.03242
0.0921 -0.03411
0.09599 -0.03576
0.09987 -0.03738
0.10375 -0.03896
0.10763 -0.0405
0.11151 -0.04201
0.11538 -0.04347
0.11926 -0.04489
0.12313 -0.04627
0.127 -0.0476
0.13087 -0.04889
0.13474 -0.05013
0.13861 -0.05132
0.14247 -0.05246
0.14634 -0.053550
0.15020 -0.0546
0.15406 -0.05559
0.15792 -0.05652
0.16177 -0.0574
0.1656300 -0.058230
0.16948 -0.058990
0.17333 -0.0597
0.17718 -0.06035
0.18102 -0.06094
0.18486 -0.06147
0.18871 -0.06196
0.19255 -0.0624
0.196390 -0.0628
0.20022 -0.06316
0.20406 -0.06346
0.207890 -0.06370
0.21173 -0.06387
0.21555 -0.06397
0.21938 -0.064
0.2232 -0.06395
0.22703 -0.06384
0.23084 -0.063660
0.23466 -0.06341
0.238470 -0.0631
0.24229 -0.06271
0.2461 -0.06225
0.249900 -0.06171
0.25371 -0.06109
0.25751 -0.06040
0.26131 -0.05962
0.2651 -0.05876
0.26889 -0.05782
0.27268 -0.05679
0.276470 -0.05567
0.28025 -0.05446
0.28403 -0.05315
0.28781 -0.05175
0.29158 -0.05023
0.29535 -0.04863
0.29911 -0.04692
0.30288 -0.045130
0.30664 -0.043260
0.31039 -0.04131
0.31415 -0.03929
0.3179 -0.03719
0.32165 -0.03501
0.3254 -0.032770
0.32914 -0.03045
0.33288 -0.02804
0.33662 -0.02552
0.34035 -0.022870
0.34408 -0.02007
0.34778 -0.01713
0.35132 -0.0142
0.35456 -0.01142
0.35736 -0.00897
0.35956 -0.00702
0.36105 -0.0057
0.36179 -0.005140
-Inserting Flap Ga2-
0.49056 0.09074
0.49046 0.09032
0.49026 0.08949
0.48995 0.08826
0.48956 0.08672
0.48908 0.084970
0.48853 0.083090
0.48792 0.08121
0.48726 0.07938
0.48655 0.07763
0.4858 0.07594
0.48502 0.0743
0.48422 0.0727
0.48339 0.07114
0.482550 0.0696
0.48169 0.06809
0.48081 0.06661
0.47992 0.06515
0.47901 0.06371
0.47809 0.06230
0.47716 0.06091
0.476220 0.05953
0.47526 0.05818
0.4742900 0.05685
0.47331 0.05553
0.47232 0.05423
0.47131 0.05296
0.47029 0.0517
0.46926 0.05047
0.46821 0.04926
0.46716 0.04806
0.46609 0.04688
0.46502 0.045710
0.46394 0.04455
0.46286 0.04339
0.46177 0.04225
0.46067 0.04112
0.45956 0.04001
0.45845 0.03892
0.45732 0.03784
0.45618 0.03678
0.45503 0.03573
0.45387 0.03470
0.4527 0.03368
0.45152 0.03268
0.45034 0.03169
0.44915 0.03072
0.44795 0.02975
0.44674 0.0288
0.44552 0.02786
0.4443 0.02693
0.44306 0.02602000
0.44182 0.02512
0.44057 0.02424
0.43931 0.023370
0.43804 0.02252
0.43675 0.02169
0.43546 0.02087
0.43416 0.02007
0.43285 0.01928
0.43153 0.01851
0.4302 0.017750
0.42886 0.01701
0.4275 0.01629
0.426140 0.01559
0.42477 0.0149
0.42339 0.01422
0.4220 0.01356
0.4206 0.01291
0.4192 0.01227
0.41778 0.01165
0.41635 0.01106
0.4149 0.01049
0.41344 0.009950
0.41195 0.00944
0.41045 0.00896
0.40893 0.00851
0.40739 0.00809
0.40583 0.0077
0.40425 0.00734
0.40264 0.00703
0.40101 0.00675
0.39934 0.00653
0.39765 0.00636
0.39592 0.00625
0.39415 0.00618
0.39236 0.00617
0.39053 0.006210
0.38867 0.00629
0.38677 0.00645
0.38481 0.00671
0.38276 0.0071
0.380620 0.007630
0.37839 0.00834
0.37614 0.00919
0.37396 0.01017
0.37192 0.01124
0.37014 0.0124
0.36867 0.01359
0.36681 0.01599
0.36646 0.01713
0.36653 0.01817
0.36702 0.019090
0.36787 0.01991
0.369 0.020620
0.37032 0.02126
0.37175 0.02183
0.373230 0.02235
0.37474 0.02282
0.37628 0.02324
0.37784 0.02362
0.37944 0.02396
0.38105 0.02426
0.38269 0.02453
0.38434 0.024770
0.38601 0.02499
0.38769 0.02519
0.38937 0.02537
0.39107 0.02554
0.39277 0.02571
0.39447 0.02588
0.396170 0.02604
0.39786 0.02621
0.39956 0.02639
0.40125 0.02657
0.40293 0.02677
0.40460 0.02697
0.40627 0.02719
0.40793 0.02742
0.40958 0.02766
0.41123 0.02791
0.41286 0.02818
0.41449 0.02846
0.41611 0.02876
0.41772 0.02907
0.41931 0.0294
0.4209 0.029750
0.42248 0.03011
0.42405 0.03048
0.42560 0.03088
0.42715 0.03129
0.42868 0.03172
0.43021 0.03217
0.43172 0.03263
0.43322 0.03312
0.43471 0.03362
0.43618 0.03415
0.43764000 0.03469
0.4391 0.035260
0.44053 0.03584
0.44196 0.03644
0.44338 0.03705
0.44479 0.03768
0.44619 0.03833
0.44758 0.03899
0.44896 0.03968
0.45032 0.04038
0.45166 0.04111
0.45299 0.04187
0.45431 0.04265
0.45561 0.04345
0.4569 0.044280
0.4581700 0.045130
0.459430 0.046
0.46067 0.0469
0.4619 0.04782
0.46311 0.04877
0.46430 0.04974
0.46548 0.05074
0.466640 0.05177
0.46779 0.05283
0.46891 0.05391
0.47002 0.05503
0.47111 0.05617
0.47217 0.05735
0.47322 0.05856
0.47425 0.0598
0.47525 0.06108
0.47624 0.06239
0.4772 0.06373
0.47815 0.0651
0.479070 0.0665
0.47999 0.06793
0.480880 0.06938
0.48176 0.07086
0.48263 0.07236
0.48347 0.07389
0.48431 0.07544
0.48512 0.07703
0.48591 0.07865
0.48668 0.08031
0.48741 0.08203
0.4881 0.08378
0.48874 0.085510
0.48931 0.08712
0.48979 0.088530
0.49016 0.08964
0.49041 0.0904
0.49056 0.09074
-Inserting Flap Ga2-
0.61225 0.20962
0.61225 0.20919
0.61224 0.20833
0.61222 0.20707
0.61218 0.20548
0.61211 0.20366
0.612 0.20171
0.61183 0.19973
0.61159 0.19781
0.61129 0.19594
0.610950 0.19413
0.61056 0.19236
0.61013 0.19062
0.60968 0.188910
0.6092 0.18722
0.60871 0.18556
0.6081900 0.18391
0.60764 0.18229
0.60708 0.18069
0.60651 0.1791
0.60591 0.17754
0.6053 0.175990
0.60467 0.17445
0.60403 0.17293
0.60337 0.17143
0.60269 0.16994
0.6020 0.16847
0.60129 0.16702
0.60056 0.16559
0.599810 0.16417
0.59905 0.16277
0.59828 0.16138
0.5975 0.16
0.59671 0.15862
0.59592 0.15725
0.59511 0.1559
0.5943 0.15455
0.59347 0.153220
0.59262 0.1519
0.59176 0.1506
0.59089 0.149310
0.5900100 0.14803
0.58911 0.14676
0.5882 0.14551
0.58728 0.14427
0.58635 0.14304
0.58541 0.14182
0.584450 0.140610
0.58349 0.139410
0.58252 0.138220
0.58153 0.1370400
0.58054 0.13587
0.5795300 0.134720
0.57851 0.13358
0.577470 0.13245
0.57642 0.13134
0.57536 0.13023
0.57429 0.12914
0.5732 0.12807
0.5721 0.12701
0.57099 0.12596
0.56986 0.12492
0.56872 0.1239
0.56756 0.1229
0.56639 0.1219
0.56521 0.12092
0.56402 0.11995
0.56282 0.11899
0.5616 0.11804
0.56038 0.11711
0.559130 0.11619
0.55787 0.11528
0.55659 0.1144
0.55528 0.11355
0.55395 0.11272
0.55259 0.11191
0.551210 0.11113
0.54981 0.11038
0.54837 0.10965
0.54691 0.10894
0.54542 0.1082700
0.54389 0.10764
0.54232 0.10705
0.5407 0.1065
0.539040 0.106
0.53734 0.10554
0.53559 0.105130
0.53381 0.10475
0.53198 0.10442
0.53009 0.10414
0.52811 0.10396
0.52604 0.10387
0.523830 0.10391
0.5215 0.10409
0.51912 0.10442
0.51677 0.10488
0.51454 0.10547
0.51254 0.10619
0.51084 0.10703
0.50849 0.108950
0.50789 0.10997
0.50773 0.11101
0.508 0.11202
0.50864 0.113
0.509580 0.11395
0.51072 0.11487
0.51199 0.11575
0.51332 0.11659
0.51468 0.11739
0.51609 0.11814
0.51753 0.11887
0.519 0.11956
0.52051 0.12021
0.52204 0.12084
0.5236 0.12145
0.52517 0.12203
0.52676 0.1226
0.528370 0.12316
0.52998 0.12371
0.5316 0.12426
0.53322 0.1248
0.53484 0.12535
0.53645 0.12589
0.538060 0.12645
0.53966 0.12701
0.541260 0.12757
0.54285 0.12815
0.54442 0.12873
0.5459900 0.12933
0.54755 0.12994
0.549090 0.13055
0.55062 0.13118
0.55214 0.13183
0.55365 0.13248
0.55515 0.13315
0.55663 0.13383
0.5581 0.13452
0.55956 0.13522
0.561 0.13594
0.56243 0.13668
0.56384 0.13743
0.56524 0.13819
0.56663 0.13897
0.568 0.13976
0.56935 0.14057
0.57068 0.1414
0.572 0.1422400
0.5733 0.1431
0.574590 0.14398
0.57586 0.14487
0.57712 0.145780
0.57836 0.1467
0.5796 0.14763
0.58081 0.14857
0.58202 0.14953
0.5832 0.1505
0.58437 0.1515
0.58552 0.15251
0.58665 0.15355
0.58775 0.15461
0.58884 0.15568
0.58991 0.156780
0.59096 0.15789
0.59199 0.15902
0.593 0.160180
0.59398 0.161350
0.594950 0.16255
0.5959 0.16376
0.59682 0.165
0.59772 0.16627
0.59859 0.16755
0.59945 0.16886
0.60027 0.1702
0.60108 0.17156
0.60185 0.17295
0.6026 0.17436
0.60332 0.1758
0.60401 0.17727
0.60468 0.17877
0.60531 0.1803
0.60593 0.18185
0.60652 0.18342
0.60708 0.18501
0.60763 0.18663
0.60815 0.18827
0.60866 0.18993
0.60914 0.19161
0.6096 0.19331
0.61004 0.19503
0.61045 0.19679
0.610820 0.19858
0.61114 0.20042
0.61142 0.20229
0.61166 0.20411
0.61185 0.20581
0.612 0.20729
0.61211 0.20846
0.61219 0.20925
0.61225 0.20962
*.*.Setup: Ga2.txt as Flap 1, Inverted: y, Scale = 1.0, AoA = 2.0, Reposition from (0,0) = (0, 0)*.*.
*.*.Setup: Ga2.txt as Flap 2, Inverted: y, Scale = 0.4, AoA = 32.0, Reposition from previous T.E. = (0.0067, 0.07), Reposition from (0,0) = (1.0078, 0.0558)*.*.
*.*.Setup: Ga2.txt as Flap 3, Inverted: y, Scale = 0.4, AoA = 45.0, Reposition from previous T.E. = (0.04, 0.06), Reposition from (0,0) = (1.3974, 0.3111)*.*.
*.*.Setup: Scale Ratio = 0.36139*.*.