0.38149 -0.03212
0.38065 -0.032910
0.37898 -0.03443
0.37650 -0.03667
0.37336 -0.03946
0.369710 -0.0426
0.36574 -0.0459
0.3616 -0.04913
0.35745 -0.052150
0.35331 -0.05495
0.34917 -0.05755
0.34504 -0.059990
0.34091 -0.06230
0.33678 -0.06451
0.33266 -0.06664
0.32854 -0.06868
0.32443 -0.07063
0.32031 -0.07251
0.3162 -0.07432
0.3121 -0.07606
0.30799 -0.07774
0.30389 -0.07935
0.29978 -0.0809
0.29568 -0.0824
0.29159 -0.08383
0.28749 -0.08521
0.2834 -0.08652
0.27931 -0.08776
0.27522 -0.08893
0.27113 -0.09005
0.26705 -0.09111
0.26297 -0.09212
0.25888 -0.09311
0.2548 -0.09407
0.25072 -0.09499
0.24665 -0.09588
0.24257 -0.09673
0.23849 -0.09753
0.23442 -0.09827
0.23035 -0.09897
0.22628 -0.09961
0.22221 -0.1002
0.21814 -0.10075
0.21408 -0.10125
0.21002 -0.10171
0.20595 -0.102130
0.201890 -0.10251
0.19783 -0.10285
0.19378 -0.10315
0.18972 -0.10341
0.18566 -0.10363
0.18161 -0.10381
0.17756 -0.10394
0.17351 -0.104020
0.16946 -0.10405
0.16541 -0.10404
0.16137 -0.10397
0.15732 -0.10386
0.15328 -0.1037
0.14924 -0.10349
0.1452 -0.10322
0.14117 -0.10291
0.13713 -0.10254
0.1331 -0.10212
0.12907 -0.10165
0.12504 -0.10114
0.12101 -0.10058
0.11699 -0.09998
0.11296 -0.0993400
0.10894 -0.09866
0.10492 -0.09792
0.1009 -0.09711
0.09688 -0.09621
0.09287 -0.09523
0.08886 -0.09415
0.08485 -0.09297
0.08085 -0.091710
0.07685 -0.09035
0.07285 -0.0889
0.06886 -0.08735
0.06487 -0.085670
0.06089 -0.08385
0.05691 -0.08188
0.05293 -0.07974
0.048970 -0.07743
0.04501 -0.07496
0.04105 -0.07234
0.0371 -0.06956
0.03316 -0.06662
0.02922 -0.06345
0.02529 -0.059970
0.02138 -0.05611
0.01748 -0.05177
0.01363 -0.04693
0.00996 -0.041730
0.00661 -0.03635
0.00375 -0.03098
0.00153 -0.02581
8e-05 -0.02101
-0.00045 -0.0130
0.00046 -0.01
0.00216 -0.00782
0.0046 -0.00652
0.00767 -0.00599
0.0112 -0.00608
0.01504 -0.00664
0.01903 -0.0075
0.02304 -0.008560
0.02705 -0.00976
0.03105 -0.01111
0.03504 -0.01259
0.03903 -0.0142
0.04302 -0.01593
0.047 -0.01776
0.05098 -0.01968
0.05496 -0.021670
0.05894 -0.02372
0.06291 -0.02581
0.06689 -0.02794
0.07086 -0.03009
0.07483 -0.03224
0.0788 -0.034390
0.08278 -0.03653
0.08675 -0.03864
0.09072 -0.04073
0.0947 -0.0428
0.09867 -0.04483
0.10265 -0.04682
0.10663 -0.04878
0.11061 -0.0507
0.11459 -0.05257
0.11858 -0.0544
0.12256 -0.05618
0.12655 -0.05792
0.13054 -0.05962
0.13453 -0.06126
0.13852 -0.06285
0.14251 -0.06440
0.14651 -0.06589
0.15051 -0.06733
0.1545 -0.06871
0.15851 -0.07004
0.16251 -0.07131
0.16651 -0.07253
0.17052 -0.07368
0.17453 -0.07478
0.178540 -0.07581
0.18255 -0.07677
0.18657 -0.07768
0.19059 -0.078530
0.19461 -0.07933
0.19863 -0.08008
0.20265 -0.08078
0.20668 -0.08144
0.2107 -0.08204
0.21473 -0.08257
0.21876 -0.08304
0.2228 -0.08343
0.22683 -0.08374
0.23087 -0.083980
0.23491 -0.08414
0.23896 -0.08423
0.243 -0.084250
0.24705 -0.084200
0.251110 -0.08407
0.25516 -0.083860
0.25922 -0.08358
0.26328 -0.08321
0.26734 -0.08275
0.27141 -0.08221
0.27548 -0.08159
0.27955 -0.08087
0.28362 -0.08007
0.2877 -0.07917
0.29179 -0.07817
0.29587 -0.07707
0.29996 -0.07586
0.30405 -0.07454
0.30815 -0.07312
0.3122500 -0.07161
0.31636 -0.06999
0.32046 -0.0683
0.32457 -0.06651
0.32868 -0.06465
0.3328 -0.06271
0.33692 -0.0607
0.341040 -0.0586
0.34516 -0.05643
0.34929 -0.05416
0.35342 -0.05178
0.35755 -0.04926
0.36169 -0.04658
0.36581 -0.04375
0.36977 -0.04091
0.3734 -0.03822
0.37653 -0.03584
0.379 -0.03395
0.38066 -0.03267
0.38149 -0.03212
-Inserting Flap Ga2-
0.49824 0.05739
0.4981 0.05695
0.49781 0.05609
0.49738 0.05483
0.49682 0.05324
0.496150 0.05143
0.4954 0.04951
0.49458 0.04758
0.49372 0.04572
0.492810 0.04394
0.49186 0.04222
0.490890 0.04057
0.4899 0.03896
0.48888 0.03738
0.48785 0.03584
0.48681 0.03433
0.48575 0.03285
0.48467 0.03139
0.483580 0.02996
0.48248 0.028560
0.48137 0.02717
0.48025 0.025810
0.47912 0.02448
0.47797 0.02316
0.47682 0.021860
0.47565 0.02059
0.474470 0.01933
0.47328 0.01811
0.47208 0.0169
0.47087 0.01572
0.46964 0.014560
0.468410 0.01341
0.46717 0.01227
0.46593 0.01115
0.46468 0.01003
0.46343 0.00893
0.46217 0.00784
0.46090 0.00677
0.45962 0.00572
0.45833 0.00469
0.457030 0.00368
0.4557200 0.00268
0.4544 0.0017
0.45308 0.00073
0.45175 -0.00021
0.45041 -0.00115000
0.44906 -0.00207
0.4477 -0.00297
0.44634 -0.00386
0.44497 -0.00474
0.443600 -0.00561
0.44222 -0.006450
0.440820 -0.00729
0.43942 -0.0081
0.43801 -0.0089
0.43659 -0.00968
0.43517 -0.01044
0.43373 -0.01118
0.43228 -0.01191
0.43083 -0.01262
0.42937 -0.01331
0.42789 -0.01398
0.42641 -0.01464
0.42492 -0.01527
0.42342 -0.01589
0.42191 -0.01649
0.4203900 -0.01708
0.41886 -0.01765
0.41733 -0.01821
0.415790 -0.01875
0.41424 -0.01927
0.41268 -0.01976
0.4111 -0.02023
0.4095 -0.02066
0.40789 -0.02106
0.406260 -0.02143
0.40462 -0.02176
0.40296 -0.02206
0.40128 -0.02233
0.39958 -0.02256
0.39786 -0.022750
0.39611 -0.02288
0.39434 -0.02297
0.39253 -0.02299
0.3907 -0.02295
0.388830 -0.02285
0.38694 -0.0227
0.38502 -0.0225
0.38307 -0.02223
0.38107 -0.02189
0.37903 -0.02143
0.37691 -0.02084
0.37471 -0.02008
0.37242 -0.01913
0.37012 -0.01802
0.36791 -0.01679
0.36587 -0.01547
0.36409 -0.01409
0.36265 -0.01269
0.36091 -0.009990
0.36065 -0.00877
0.36082 -0.00767
0.36142 -0.00674
0.36239 -0.00596
0.36365 -0.005310
0.3651 -0.00476
0.36666 -0.00429
0.36827 -0.00388
0.3699 -0.00353
0.37156 -0.00322
0.37325 -0.00297
0.37496 -0.00276
0.37669 -0.00259
0.37844 -0.00245
0.3802 -0.00235
0.38198 -0.002280
0.38377 -0.002230
0.38556 -0.00219
0.38737 -0.00216
0.38917 -0.0021400
0.39098 -0.00212
0.39279 -0.00211
0.39459 -0.00208
0.39639 -0.00205
0.39819 -0.00201
0.39998 -0.00197
0.401760 -0.00190
0.40354 -0.00183
0.40531 -0.00174
0.40708 -0.00164
0.40883 -0.00153
0.41058 -0.00139
0.41232 -0.00125
0.41405 -0.00108
0.41578 -0.00090
0.41749 -0.00070
0.4192 -0.00048
0.42089 -0.00025
0.42258 0.000010
0.42426 0.00028
0.42593 0.00057
0.42758 0.00088
0.42923 0.001210
0.43087 0.001560
0.43249 0.00193
0.434110 0.00233
0.43571 0.00275
0.4373 0.00319
0.43888 0.003650
0.44045 0.0041300
0.44202 0.00463
0.44357 0.005150
0.44511 0.00568
0.44665 0.00623
0.44817 0.0068
0.44968 0.0074
0.451190 0.00802
0.45267 0.00866
0.45414 0.00934
0.4556 0.01004
0.45705 0.01076
0.45848 0.01151
0.4599 0.01229
0.46131 0.0131
0.4627 0.01393
0.46408 0.01479
0.46544 0.01567
0.46679 0.01659
0.468120 0.017540
0.46944 0.01851
0.47075 0.01952
0.47203 0.02056
0.4733 0.02163
0.47455 0.02274
0.47579 0.02388
0.477 0.02506
0.4782 0.02627
0.47938 0.02753
0.48053 0.02882
0.48167 0.03015
0.4828 0.03151
0.48391 0.0329
0.485 0.03432
0.48608 0.035760
0.48714 0.03724
0.488190 0.03875
0.48922 0.04028
0.490250 0.041840
0.49125 0.04343
0.49223 0.04506
0.493190 0.04675
0.49412 0.04849
0.49501 0.05028
0.49585 0.05204
0.49659 0.05368
0.49723 0.05512
0.49772 0.05626
0.49806 0.05704
0.49824 0.05739
-Inserting Flap Ga2-
0.59518 0.203290
0.59523 0.20284
0.59533 0.20194
0.595460 0.200610
0.59562 0.19893
0.59577 0.19701
0.59588 0.19495
0.59595 0.19285
0.59594 0.1908
0.59585 0.1888
0.59571 0.18685
0.59552 0.18494
0.59529 0.18306
0.59502 0.18121
0.59473 0.17938
0.59441 0.17757
0.59407 0.17578
0.5937 0.17401
0.5933 0.17225
0.59289 0.17052
0.59246 0.1688
0.59201 0.16709
0.59153 0.1654
0.59104 0.16373
0.59054 0.16207
0.59001 0.16042
0.58946 0.15879
0.58889 0.15718
0.5883 0.15558
0.58769 0.154
0.587060 0.15244
0.58642 0.150880
0.58577 0.149330
0.58512 0.14779
0.58445 0.14625
0.58377 0.14473
0.58307 0.14322
0.58237 0.14171
0.58164 0.14022
0.5809 0.13875
0.58014 0.13728
0.57937 0.13583
0.57858 0.13439
0.57778 0.13296
0.576970 0.13154
0.57614 0.13014
0.5753 0.12874
0.57444 0.12735
0.57358 0.12597
0.57270 0.12460
0.57181 0.12324
0.57091 0.1219
0.56999 0.12056
0.56906 0.11923
0.56811 0.11792
0.56714 0.11662
0.56616 0.115330
0.56517 0.11406
0.56416 0.11279
0.56313 0.11154
0.56209 0.1103
0.56104 0.10908
0.55996 0.10786
0.55887 0.10666
0.55776 0.10548
0.55664 0.1043
0.555510 0.10313
0.554360 0.10198
0.5532 0.10083
0.552030 0.0997
0.55083 0.09858
0.54962 0.09747
0.54838 0.09639
0.54711 0.09533
0.54581 0.0943
0.54449 0.09328
0.54313 0.09229
0.54175 0.09133
0.54033 0.09038
0.53888 0.08946
0.537400 0.08858
0.53587 0.08772
0.534290 0.08691
0.53266 0.08614
0.53097 0.08540
0.52924 0.08471
0.52746 0.08406
0.52562 0.08345
0.523740 0.08287
0.521790 0.08235
0.51974 0.08191
0.51756 0.08157
0.51524 0.08134
0.51277 0.08125
0.51022 0.08129
0.5077 0.08149
0.50529 0.08184
0.503100 0.08235
0.50121 0.08302
0.4985 0.08475
0.49775 0.08575
0.49745 0.08682
0.49761 0.08791
0.49817 0.08903
0.49903 0.09014
0.50012 0.09125
0.50135 0.092330
0.50264 0.09337
0.50397 0.09438
0.50536 0.09535
0.50678 0.09628
0.50824 0.09719
0.50975 0.09806
0.51128 0.09891
0.51284 0.09974
0.51443 0.10055
0.516030 0.101350
0.51765 0.10213
0.51927 0.10291
0.52091 0.10368
0.522540 0.10445
0.52418 0.10522
0.52581 0.10599
0.52743 0.10677
0.52904 0.10756
0.530650 0.10835
0.53225 0.10915
0.53383 0.109960
0.53541 0.11078
0.53697 0.1116
0.53852 0.11244
0.54005 0.11329
0.54157 0.11415
0.54307 0.11503
0.54456 0.115910
0.54604 0.11681
0.54750 0.117720
0.54894 0.11864
0.550370 0.11957
0.551780 0.12052
0.55318 0.12148
0.55455 0.12245
0.55591 0.12344
0.55725 0.12444
0.55857 0.12546
0.55988 0.12649
0.56116 0.12754
0.56242 0.12861
0.56366 0.12969
0.56489 0.13078
0.5661 0.13188
0.5673 0.133
0.568480 0.13413
0.56964 0.13527
0.57079 0.13643
0.57192 0.1376
0.57302 0.138790
0.5741 0.14
0.57516 0.14122
0.57619 0.14247
0.5772 0.14373
0.57819 0.14501
0.57916 0.14631
0.5801 0.14763
0.581020 0.14897
0.58191 0.15032
0.58278 0.1517
0.58362 0.15309
0.58444 0.15451
0.58523 0.15595
0.58599 0.15741
0.58673 0.15889
0.58744 0.16039
0.588110 0.16192
0.58876 0.16347
0.58937 0.16505
0.589950 0.16665
0.5905 0.16829
0.59101 0.16994
0.59149 0.171620
0.59195 0.17333
0.59237 0.17505
0.59277 0.1768
0.59315 0.17857
0.5935 0.18035
0.59382 0.18216
0.59413 0.18398
0.5944 0.18582
0.59465 0.18769
0.59486 0.18959
0.59503 0.19152
0.59515 0.19349
0.59521 0.19548
0.59523 0.19743
0.59523 0.19924
0.5952 0.20081
0.59518 0.202060
0.59516 0.2029
0.59518 0.203290
*.*.Setup: Ga2.txt as Flap 1, Inverted: y, Scale = 1.0, AoA = -2.0, Reposition from (0,0) = (0, 0)*.*.
*.*.Setup: Ga2.txt as Flap 2, Inverted: y, Scale = 0.4, AoA = 27.0, Reposition from previous T.E. = (-0.06, 0.07), Reposition from (0,0) = (0.9377, -0.014)*.*.
*.*.Setup: Ga2.txt as Flap 3, Inverted: y, Scale = 0.4, AoA = 51.666666666666664, Reposition from previous T.E. = (-0.01, 0.08), Reposition from (0,0) = (1.293, 0.2301)*.*.
*.*.Setup: Scale Ratio = 0.38238*.*.