0.36433 0.00755
0.363610 0.00672
0.36218 0.005120
0.36006 0.002750
0.35735 -0.00021
0.35422 -0.003550
0.35078 -0.00706
0.34719 -0.01053
0.34356 -0.0138
0.33992 -0.01686
0.33626 -0.01974
0.33259 -0.02246
0.32891 -0.02506
0.32523 -0.02756
0.32154 -0.029980
0.31784 -0.03232
0.31414 -0.034580
0.310430 -0.03677
0.30672 -0.03889
0.30301 -0.04095
0.29929 -0.04294
0.295560 -0.04488
0.29183 -0.04676
0.2881 -0.04858
0.28436 -0.05035
0.28063 -0.052050
0.27688 -0.0537
0.27313 -0.05528
0.26938 -0.0568
0.26562 -0.05826
0.26186 -0.05967
0.2581 -0.06104
0.25433 -0.06238
0.25056 -0.06369000
0.24679 -0.06498
0.24302 -0.06623
0.23925 -0.06743
0.23547 -0.06859
0.231690 -0.06971
0.22790 -0.07077
0.22411 -0.07178
0.22032 -0.07275
0.21652 -0.073670
0.21273 -0.07455
0.20893 -0.07539
0.20512 -0.07619
0.20132 -0.07695
0.19751 -0.07767
0.1937 -0.07836
0.18988 -0.07901
0.18606 -0.07963
0.18225 -0.0802
0.178420 -0.08072
0.1746 -0.0812
0.17077 -0.08164
0.16694 -0.08203
0.1631 -0.08237
0.15926 -0.08266
0.15542 -0.08291
0.151570 -0.08311
0.14772 -0.08327
0.14387 -0.08337
0.14002 -0.08343
0.13616 -0.08343
0.13229 -0.08339
0.12843 -0.0833
0.12456 -0.08317
0.12069 -0.083
0.11682 -0.0828
0.11294 -0.08256
0.109060 -0.08225
0.10517 -0.08189
0.10128 -0.08144
0.09739 -0.0809
0.09348 -0.08028
0.08957 -0.079570
0.08566 -0.07877
0.08174 -0.07789
0.077810 -0.07691
0.07387 -0.07583
0.06993 -0.07464
0.06598 -0.07332
0.06202 -0.07184
0.05804 -0.07021
0.05406 -0.06842
0.05006 -0.066480
0.04606 -0.06439
0.04204 -0.06215
0.03801 -0.0597600
0.033970 -0.05716
0.02991 -0.05426
0.02582 -0.05098
0.0217 -0.04727
0.01758 -0.04307
0.01358 -0.038510
0.00987 -0.03375
0.00663 -0.02896
0.00401 -0.02428
0.00216 -0.01988
0.00086 -0.01235
0.00143 -0.009420
0.00282 -0.00719
0.00501 -0.00571
0.00786 -0.004910
0.01121 -0.004640
0.0149 -0.00479
0.01876 -0.00521
0.02266 -0.00581
0.02657 -0.00655
0.0305 -0.00743
0.03442 -0.008430
0.03836 -0.00956
0.04231 -0.0108
0.04626 -0.01213
0.05022 -0.013550
0.05418 -0.01504
0.05815 -0.01659
0.06212 -0.01818
0.0661 -0.01979
0.07007 -0.02143
0.07404 -0.02307
0.07802 -0.02472
0.08199 -0.02634
0.08596 -0.02795
0.08993 -0.02953
0.0939 -0.03109
0.09787 -0.03262
0.10183 -0.034110
0.105790 -0.03557
0.10975 -0.03698
0.11371 -0.0383600
0.11766 -0.0397
0.12161 -0.04099
0.12556 -0.04224
0.1295 -0.04345
0.13344 -0.0446
0.13738 -0.04572
0.14131 -0.046780
0.145240 -0.0478
0.149170 -0.04876
0.15309 -0.04967
0.15701 -0.050530
0.16093 -0.05134
0.16484 -0.052090
0.16875 -0.05278
0.172650 -0.05342
0.17655 -0.054
0.18045 -0.05451
0.184340 -0.05497
0.18823 -0.05538
0.19211 -0.05573
0.19599 -0.05604
0.19987 -0.05631
0.2037500 -0.05653
0.20762 -0.0567
0.21149 -0.0568
0.21535 -0.05684
0.21920 -0.05681
0.22306 -0.0567
0.2269 -0.05653
0.23075 -0.05628
0.23458 -0.055960
0.23842 -0.05558
0.24224 -0.05513
0.24607 -0.0546
0.24988 -0.054
0.2537 -0.05332
0.2575 -0.05257
0.26131 -0.05174
0.26510 -0.05082
0.26889 -0.04983
0.27267 -0.04874
0.27645 -0.04757
0.280220 -0.04632
0.28399 -0.04496
0.287750 -0.043520
0.2915 -0.04197
0.29524 -0.04031
0.29898 -0.03856
0.3027100 -0.03672
0.30643 -0.03478
0.310150 -0.03277
0.31387 -0.030670
0.31757 -0.0285
0.32128 -0.02625
0.324970 -0.02394
0.32867 -0.02154
0.33235 -0.01908
0.33603 -0.016520
0.33971 -0.01385
0.34337 -0.01106
0.34702 -0.00811
0.35064 -0.00502
0.35411 -0.00194
0.35727 0.00097
0.36 0.00353
0.36215 0.00557
0.3636 0.00695
0.36433 0.00755
-Inserting Flap Ga2-
0.49401 0.10411
0.49391 0.10368
0.49371 0.10285
0.4934 0.10161
0.4930 0.10006
0.49252 0.09829
0.49197 0.09641
0.49135 0.0945
0.49068 0.09267
0.48997 0.0909
0.48922 0.08920
0.48843 0.08755
0.48762 0.08594
0.48679 0.08436
0.48594 0.082820
0.48508 0.0813
0.48419 0.0798
0.4833 0.07833
0.48238 0.07689
0.48146 0.07546
0.48052 0.07406
0.47957 0.07268
0.4786 0.07131
0.47763 0.06997
0.47664 0.06864
0.47564 0.06734
0.47462 0.06605
0.47360 0.06479
0.47256 0.06355
0.4715 0.06233
0.47044 0.06112
0.46937 0.05993
0.46829 0.05875
0.46721 0.05758
0.46612 0.05642
0.46502 0.05527
0.46391 0.05414
0.46280 0.05302
0.46167 0.05191
0.46053 0.05083
0.45938 0.04976
0.45823 0.048710
0.45706 0.04767
0.45588 0.04664
0.45470 0.04563
0.4535 0.044640
0.4523 0.04365
0.45109 0.042680
0.44988 0.04172
0.44865 0.04078
0.44742 0.03984
0.44618 0.03892
0.44493 0.03802
0.44367 0.03713
0.44239 0.03626
0.44111 0.0354
0.43982 0.03456
0.438520 0.03374
0.437210 0.032930
0.43589 0.032130
0.43456 0.03136
0.43322 0.0306
0.431870 0.02985
0.43051 0.029130
0.42913 0.028420
0.42775 0.02772
0.42636 0.02704
0.42496 0.02637
0.42356 0.02572
0.42214 0.0250800
0.42072 0.024450
0.41927 0.02386
0.41782 0.02328
0.41634 0.02274
0.41484 0.02223
0.41333 0.02174
0.41180 0.02129
0.41025 0.02087
0.40868 0.02047
0.407080 0.02011
0.40547 0.0198
0.403820 0.01952
0.40215 0.0193
0.40044 0.01913
0.39869 0.01901
0.39692 0.01895
0.39511 0.01893
0.39327 0.01897
0.3914 0.01906
0.38948 0.01922
0.3875 0.01948
0.38545 0.01987
0.38329 0.02041
0.38105 0.02111
0.37878 0.02197
0.37658 0.02296
0.37453 0.02404
0.37273 0.0252
0.37125 0.026410
0.36938 0.0288300
0.36903 0.02997
0.3691 0.03102
0.36959 0.03195
0.37045 0.032770
0.37158 0.03349
0.37291 0.034130
0.37436 0.03471
0.37585 0.03523
0.37737 0.0357
0.37892 0.03613
0.38049 0.03651
0.3821 0.03685
0.38372 0.037160
0.385370 0.03743
0.38703 0.03767
0.38871000 0.03789
0.39041 0.03809
0.39211 0.03827
0.39381 0.03845
0.39552 0.03861
0.39724 0.03878
0.39895 0.03895
0.40066 0.039120
0.40236 0.0393
0.40406 0.039480
0.405760 0.03968
0.40744 0.03988
0.40912 0.0401
0.4108 0.04033
0.412460 0.04057
0.414120 0.040830
0.41576 0.0411
0.4174 0.04138
0.419030 0.041680
0.42065 0.042
0.422260 0.04233
0.42386 0.04268
0.42545 0.04304
0.42702 0.04342
0.42859 0.04382
0.43015 0.04423
0.4317 0.04466
0.43323 0.04511
0.43475 0.04558
0.43626 0.04607
0.43776 0.04658
0.439250 0.04711
0.44072 0.04766
0.44218 0.04823
0.443630 0.048810
0.44507 0.04942
0.44650 0.050040
0.44792 0.05067
0.44933 0.05132
0.45073 0.05199
0.45211 0.05268
0.45348 0.05339
0.45484 0.05413
0.45618 0.05489
0.4575 0.05567
0.45882 0.056480
0.46011 0.05731
0.46139 0.05817
0.46266 0.05905
0.46391 0.05995
0.46515000 0.06088
0.46637 0.06183
0.46757 0.06281
0.46876 0.06382
0.46992 0.06486
0.47108 0.06592
0.47221 0.06701
0.47332 0.06814
0.47442 0.06929
0.47549 0.070470
0.47655 0.07169
0.47758 0.07294
0.4786 0.07423
0.47959 0.07555
0.48056 0.0769
0.48151 0.07829
0.48244 0.0797
0.48336 0.08113
0.48426 0.0826
0.485150 0.08408
0.48602 0.0856
0.4868800 0.08714
0.48771 0.0887
0.48853 0.09029
0.48933 0.09193
0.4901 0.0936
0.49084 0.09533
0.4915300 0.0971
0.49218 0.09884
0.49275 0.10046
0.49323 0.10188
0.49361 0.103
0.49386 0.10376
0.49401 0.10411
-Inserting Flap Ga2-
0.61657 0.231110
0.61657 0.230670
0.61656 0.22981
0.61654 0.22854
0.6165 0.22694
0.61643 0.22511
0.61631 0.22315
0.61614 0.221160
0.6159 0.21922
0.61561 0.21734
0.61526 0.21551
0.61486 0.213720
0.61443 0.21197
0.613980 0.21025
0.6135 0.20855
0.613 0.20688
0.61247 0.205220
0.611930 0.20359
0.61137 0.20197
0.61078 0.20038
0.61018 0.1988
0.60957 0.19724
0.60893 0.19569
0.608290 0.19416
0.60762 0.19265
0.60694 0.19115
0.60624 0.18967
0.60553 0.18821
0.604790 0.18677
0.60404 0.18534
0.60328 0.18393
0.60250 0.18253
0.60171 0.181130
0.60092 0.17975
0.60012 0.17837
0.59931 0.17701
0.59849 0.17565
0.59765 0.17431
0.59680 0.17298
0.59594 0.17167
0.59506 0.17037
0.59417 0.169080
0.59326 0.16781
0.59235 0.16654
0.591420 0.16529
0.59048 0.16405
0.58953 0.16282
0.58857 0.16161
0.5876 0.1604
0.58662 0.1592
0.58563 0.15801
0.58463 0.156840
0.58361 0.15568
0.58258 0.154530
0.58154 0.15339
0.58049 0.15227
0.57942 0.15116
0.57834 0.15006
0.57724 0.14898
0.576130 0.14791
0.57501 0.14685
0.57388 0.14581
0.572730 0.14478
0.57156 0.14377
0.57039 0.14277
0.5692 0.14178
0.56799 0.1408
0.56678 0.139840
0.56556 0.13888
0.56432 0.13794
0.56307 0.13701
0.5618 0.1361
0.56051 0.13522
0.5592 0.13436
0.55785 0.133520
0.55649 0.13271
0.5551 0.13192
0.55368 0.13116
0.55224 0.13042
0.55077 0.1297200
0.54926 0.12904
0.54772 0.12841
0.54614 0.127810
0.54451 0.12726
0.54284 0.12675
0.54112 0.126290
0.53937 0.12587
0.53757 0.12549
0.53572 0.12516
0.53382 0.12488
0.531830 0.12469
0.52974 0.12461
0.52752 0.12465
0.52517 0.12483
0.52277 0.12516
0.5204 0.125630
0.518170 0.1262200
0.516150 0.126950
0.51444 0.12779
0.51207 0.12972
0.51147 0.13076
0.5113 0.13179
0.51158 0.13281
0.51222 0.1338
0.51317 0.13476
0.51432 0.13569
0.5156 0.13657
0.51693 0.13742
0.51831 0.13822
0.51972 0.13898
0.52117 0.13971
0.52266 0.14041
0.52417 0.14107
0.52572 0.1417
0.52728 0.14231
0.52887 0.1429
0.53047 0.14348
0.53209 0.144040
0.53371 0.14459
0.53534 0.14514
0.53697 0.14569
0.5386 0.14624
0.54023 0.14679
0.54185 0.14735
0.54347 0.14791
0.54507 0.14848
0.54667 0.14906
0.54826 0.14965
0.54984 0.15025
0.5514 0.15086
0.55296 0.15148
0.5545 0.15212
0.55603 0.15276
0.55755 0.15342
0.55906 0.15409
0.56055 0.15478
0.56204 0.155470
0.5635 0.15619
0.56495 0.15691
0.56639 0.15765
0.56782 0.1584
0.56923 0.15917
0.570620 0.15996
0.572 0.16076
0.57336 0.16157
0.57471 0.16241
0.57603 0.16326
0.57735 0.16412
0.57864 0.165
0.57992 0.1659
0.58119 0.16681
0.58244 0.16774
0.58368 0.16868
0.58491 0.16963
0.58612 0.17059
0.58732 0.17158
0.58849 0.17258
0.58965 0.1736
0.59078 0.17464
0.5919 0.1757
0.592990 0.17679
0.59407 0.17789
0.59512 0.17901
0.59616 0.18015
0.59718 0.18132
0.59817 0.1825
0.59915 0.1837
0.60010 0.18493
0.60103 0.18618
0.60193 0.18745
0.60281 0.18875
0.60367 0.19007
0.60451 0.19141
0.60531 0.19278
0.6061 0.19418
0.60685 0.1956
0.60758 0.19705
0.60827 0.19853
0.608940 0.200040
0.60958 0.201580
0.6102 0.20314
0.61079 0.20472
0.61137 0.20633
0.61191 0.20796
0.6124400 0.20961
0.61295 0.21128
0.61344 0.21297
0.6139 0.21468
0.61434 0.21642
0.61475 0.21819
0.61512 0.22
0.61545 0.221840
0.61574 0.22372
0.61597 0.22556
0.61617 0.22727
0.61632 0.228760
0.61643 0.22994
0.6165 0.230740
0.61657 0.231110
*.*.Setup: Ga2.txt as Flap 1, Inverted: y, Scale = 1.0, AoA = 4.0, Reposition from (0,0) = (0, 0)*.*.
*.*.Setup: Ga2.txt as Flap 2, Inverted: y, Scale = 0.4, AoA = 32.0, Reposition from previous T.E. = (0.0067, 0.07), Reposition from (0,0) = (1.0077, 0.0907)*.*.
*.*.Setup: Ga2.txt as Flap 3, Inverted: y, Scale = 0.4, AoA = 45.0, Reposition from previous T.E. = (0.04, 0.08), Reposition from (0,0) = (1.3973, 0.366)*.*.
*.*.Setup: Scale Ratio = 0.36396*.*.