0.362 0.03805
0.359870 0.03593
0.35678 0.03284
0.35315 0.02981
0.34876 0.02688
0.343420 0.023860
0.33698 0.02062
0.32938 0.01715
0.320720 0.01349
0.311230 0.00973
0.30117 0.00597
0.29078 0.00228
0.280210 -0.00130
0.26958 -0.00473
0.25892 -0.00797
0.24823 -0.011030
0.23749 -0.0139
0.22664 -0.0166
0.2156300 -0.01915
0.20441 -0.02158
0.19295 -0.02394
0.18125 -0.02624
0.16938 -0.02852
0.15744 -0.030770
0.14559 -0.03297
0.134 -0.03507
0.12286 -0.03699
0.11235 -0.03864
0.10259 -0.03995
0.09353 -0.04083
0.08504 -0.04127
0.07699 -0.04125
0.06931 -0.04079
0.06194 -0.03989
0.05484 -0.03856
0.04803 -0.03681
0.041520 -0.03467
0.03535 -0.03219
0.02962 -0.02945
0.02441 -0.02657
0.01983 -0.023680
0.01591 -0.02091
0.01263 -0.01831
0.00992 -0.0159
0.00769 -0.01365
0.005860 -0.01156
0.00436 -0.009620
0.00313 -0.00781
0.00213 -0.00611
0.00134 -0.004520
0.00073 -0.00301
0.00029 -0.00158
0.000055 -0.00022
-6e-05 0.0011
0.00013 0.0024
0.00075 0.00359
0.00182 0.00451
0.003190 0.00517
0.00479 0.005670
0.00662 0.00609
0.00874 0.00646
0.01122 0.00679
0.01418 0.00711
0.01779 0.00742
0.02231 0.007710
0.02804 0.00797
0.03526 0.00819
0.04393 0.008320
0.05368 0.00828
0.06417 0.008
0.07531 0.0075
0.08701 0.00686
0.09909 0.00615
0.11134 0.0054
0.12356 0.00468
0.135630 0.004
0.14752 0.00339
0.159210 0.0029
0.17071 0.00254
0.18203 0.00233
0.193190 0.0023
0.20419 0.00247
0.21507 0.00284
0.22584 0.00342
0.2365 0.00424
0.24709 0.00528
0.25759 0.00657
0.26802 0.0081
0.27838 0.00987
0.28864 0.01188
0.29876 0.014120
0.30865 0.01657
0.31817 0.01919
0.3271 0.02191
0.33519 0.02467
0.342280 0.02739
0.34833 0.03004
0.35342 0.03262
0.35768 0.03510
0.362 0.03805
-Inserting Flap s1223rtl-
0.52689 0.14725
0.52635 0.14585
0.52557 0.14381
0.52453 0.14168
0.52312 0.13945
0.52129 0.13699
0.51901 0.1342
0.51625 0.13107
0.51303 0.12763
0.50946 0.12399
0.50563 0.12022
0.50164 0.11642
0.49754 0.11264
0.49338 0.10891
0.48917 0.105260
0.48491 0.10169
0.48058 0.0982
0.47618 0.09476
0.47167 0.09135
0.46704 0.08796
0.46228 0.08455
0.45741 0.08112
0.45245 0.07767
0.44745 0.07421
0.44249 0.0708
0.43762 0.06748
0.43292 0.06434
0.42846 0.06144
0.42426 0.05886
0.4203 0.05662
0.416510 0.05469
0.41284 0.053060
0.409230 0.05171
0.40568 0.05062
0.40217 0.04979
0.3987 0.0492
0.39529 0.04885
0.39197 0.04873
0.3888 0.048820
0.38583 0.04908
0.38315 0.04946
0.3808 0.04993
0.37877 0.05045
0.37704 0.051
0.37557 0.05158
0.37431 0.05216
0.373230 0.05274
0.3723 0.05332
0.3715 0.053890
0.37081 0.05446
0.37022 0.05502
0.36973 0.05559
0.36933 0.05615
0.36903 0.05674
0.36885 0.05737
0.36889 0.05804
0.36919 0.05868
0.36968 0.05926
0.37031 0.05981
0.37106 0.06038
0.371960 0.06097
0.37302 0.06163
0.37431 0.06238
0.3759 0.06325
0.3779 0.0643
0.38046 0.06559
0.38372 0.06716
0.38765 0.068980
0.39211 0.07094
0.39696 0.07295
0.40215 0.07499
0.40763 0.07707
0.41329 0.07921
0.41904 0.08136
0.42477 0.083510
0.43042 0.08566
0.43597 0.08780
0.44141 0.08995
0.44674 0.09212
0.45195 0.094330
0.45705 0.09659
0.46205 0.09890
0.46694 0.10128
0.471740 0.10374
0.476450 0.10628
0.48107 0.108910
0.4856 0.11163
0.49006 0.11445
0.49443 0.11737
0.49871 0.12037
0.50287 0.12345
0.50689 0.12658
0.51071 0.12972
0.51423 0.13278
0.51737 0.13568
0.52005 0.13837
0.52228 0.14081
0.52408 0.14302
0.52552 0.14502
0.52689 0.14725
-Inserting Flap s1223rtl-
0.65873 0.28925
0.65840 0.28778
0.65792 0.28565
0.65720 0.2834
0.65613 0.28099
0.65468 0.27828
0.65283 0.27519
0.650540 0.27169
0.64786 0.26783
0.64486 0.26371
0.64161 0.25943
0.63821 0.25509
0.63471 0.25075
0.6311300 0.24646
0.62749 0.24224
0.62379 0.23809
0.62002 0.2340
0.61616 0.22996
0.61219 0.22594
0.6081 0.22191
0.60389 0.21785
0.599570 0.21375
0.59516 0.209610
0.59072 0.20547
0.5863 0.20137
0.58196 0.19739
0.57777 0.19359
0.57377 0.19008
0.57 0.18692
0.56641 0.18413
0.56293 0.18167
0.55953 0.17953
0.556160 0.17767
0.55281 0.17608
0.54945 0.17474
0.54611 0.17366
0.54279 0.17282
0.53952 0.17222
0.53636 0.17184
0.53339 0.17167
0.53068 0.171660
0.52829 0.17179
0.52621 0.17201
0.52442 0.1723
0.52287 0.17266
0.52154 0.17305
0.52039 0.17347
0.51938 0.1739
0.51851 0.17435
0.51775 0.174820
0.51709 0.17529
0.51652 0.17578
0.51604 0.17628
0.51565 0.17681
0.51538 0.17742
0.51533 0.178080
0.51554 0.17876
0.51594 0.1794
0.516480 0.18004
0.51714 0.180710
0.51794 0.181430
0.5189 0.18224
0.52006 0.18316
0.52151 0.184260
0.52334 0.18559
0.525690 0.18723
0.52868 0.18926
0.53231 0.19163
0.53644 0.19422
0.54094 0.1969
0.54578 0.19967
0.5509 0.20253
0.55619 0.205460
0.56157 0.2084200
0.56692 0.21138
0.57221 0.21432
0.57739 0.217250
0.58246 0.22017
0.58742 0.22309
0.59225 0.22603
0.59697 0.229
0.60158 0.232010
0.60608 0.23508
0.61047 0.23821
0.61476 0.2414
0.61895 0.24467
0.62304 0.24803
0.62704 0.25146
0.630940 0.25498
0.63474 0.25857
0.63842 0.26222
0.64194 0.26591
0.645260 0.26956
0.6483 0.2731
0.65099 0.27643
0.65325 0.27947
0.65510 0.28221
0.65656 0.284660
0.6577 0.28685
0.65873 0.28925
*.*.Setup: s1223rtl.txt as Flap 1, Inverted: y, Scale = 1.0, AoA = 6.0, Reposition from (0,0) = (0, 0)*.*.
*.*.Setup: s1223rtl.txt as Flap 2, Inverted: y, Scale = 0.5, AoA = 30.0, Reposition from previous T.E. = (0.02, 0.05), Reposition from (0,0) = (1.0145, 0.1545)*.*.
*.*.Setup: s1223rtl.txt as Flap 3, Inverted: y, Scale = 0.5, AoA = 38.333333333333336, Reposition from previous T.E. = (-0.03, 0.08), Reposition from (0,0) = (1.4175, 0.4845)*.*.
*.*.Setup: Scale Ratio = 0.36399*.*.