0.35365 0.05601
0.35167 0.053820
0.34878 0.05063
0.34538 0.04747
0.34122 0.04436
0.33613 0.04112
0.32997 0.03761
0.32268 0.0338
0.31436 0.029760
0.30523 0.02558
0.29554 0.02137
0.28552 0.01721
0.27533 0.01315
0.26506 0.00924
0.25476 0.0055
0.24442 0.00195
0.23401 -0.00142
0.22349 -0.00464
0.21281 -0.00771
0.20191 -0.01068
0.19077 -0.01358
0.1794 -0.01645
0.16786 -0.0193
0.15625 -0.02212
0.14472 -0.02489
0.13344 -0.02755
0.12259 -0.030010
0.11235 -0.03218
0.10283 -0.03396
0.09398 -0.03529
0.08566 -0.03616
0.07776 -0.03656
0.07019 -0.0365
0.0629 -0.0360
0.05586 -0.03505
0.04908 -0.03369
0.04257 -0.03192
0.03639 -0.0298
0.03061 -0.0274
0.02535 -0.02484
0.0207 -0.022240
0.016710 -0.01972
0.01335 -0.01734
0.010570 -0.0151
0.00826 -0.01301
0.006360 -0.011060
0.00478 -0.00923
0.00348 -0.00751
0.00241 -0.0059
0.00155 -0.0043700
0.00087 -0.00292
0.00037 -0.001540
0.000086 -0.00021
-0.00012 0.00107000
0.000005 0.00237
0.00056 0.003570
0.00156 0.00452
0.00287 0.00524
0.00441 0.00582
0.00619 0.006320
0.00825 0.00679
0.01067 0.00725
0.01356 0.00772
0.0171 0.0082
0.02152 0.00872
0.02713 0.00927
0.03421 0.00986
0.04273 0.01044
0.0523 0.0109
0.062620 0.01116
0.073590 0.01124
0.08512 0.01122
0.097020 0.01114
0.10909 0.01104
0.12113 0.01096
0.13303 0.01091
0.144740 0.01093
0.15625 0.01105
0.16757 0.011280
0.17870 0.01166
0.18965 0.01221
0.20046 0.01294
0.21113 0.01386
0.2216700 0.01499
0.23211 0.01634
0.24245 0.01791
0.2527 0.01972
0.262870 0.02176
0.27295 0.02403
0.28293 0.02653
0.29275 0.02925
0.30235 0.03216
0.31156 0.03523
0.32019 0.03837
0.328 0.04149
0.33482 0.04453
0.34063 0.04744
0.3455 0.05024
0.34955 0.0529
0.35365 0.05601
-Inserting Flap s1223rtl-
0.51585 0.16343
0.51532 0.162050
0.51454 0.16004
0.51352 0.15796
0.51214 0.155760
0.51034 0.15334
0.50809 0.150590
0.50537 0.14751
0.50222 0.14414
0.4987 0.14055
0.49493 0.13685
0.491 0.13311
0.48697 0.12939
0.48288 0.12572
0.47874 0.12213
0.47455 0.118620
0.4703 0.11518
0.46596 0.1118
0.46152 0.10845
0.45697 0.10511
0.45229 0.1017600
0.4475 0.09838
0.44262 0.09498
0.4377 0.09158
0.43282 0.08823
0.428030 0.08497
0.42341 0.08187
0.41902 0.07903
0.41489 0.07649
0.411 0.07428
0.40727 0.07238
0.40365 0.07078
0.40011 0.06945
0.39662 0.06838
0.39316 0.06756
0.38975 0.06698
0.3864 0.06664
0.38313 0.066520
0.38 0.06661
0.37709 0.06686
0.37445 0.06724
0.37214 0.0677
0.37015 0.06821
0.36845 0.06876
0.367 0.06932
0.36575 0.0698900
0.36469 0.07046
0.36378 0.07103
0.36299 0.0716
0.36231 0.07215
0.36174 0.07271
0.36125 0.07326
0.36086 0.07382
0.36056 0.07439
0.36038 0.07502
0.36043 0.07568
0.36072 0.0763
0.36121 0.07688
0.36182 0.07742
0.36256 0.07798
0.36344 0.07856
0.36449 0.07921
0.36576 0.07995
0.36732 0.08081
0.36929 0.08184
0.37181 0.0831
0.37501 0.08465
0.37888 0.08644
0.38327 0.08837
0.38804 0.09034
0.39314 0.09235
0.39853 0.0944
0.4041 0.0965
0.40975 0.09862
0.41539 0.10073
0.42095 0.10284
0.42641 0.10495
0.43176 0.10707
0.437 0.10921000
0.44213 0.11138
0.44715 0.1136
0.45206 0.11587
0.45687 0.11821
0.4616 0.12063
0.46622 0.12313
0.47077 0.12572
0.47523 0.128400
0.47962 0.13117
0.48391 0.13404
0.48812 0.13699
0.492220 0.14003
0.49618 0.1431
0.499930 0.14619
0.50340 0.1492
0.50648 0.15205
0.50912 0.15469
0.51131 0.1571
0.513080 0.15927
0.51450 0.16124
0.51585 0.16343
-Inserting Flap s1223rtl-
0.66344 0.29774
0.66311 0.2963
0.66264 0.2942
0.66193 0.29199
0.660880 0.28962
0.65945 0.28696
0.65763 0.28392
0.65538 0.280470
0.65275 0.27668
0.64979 0.27262
0.6466 0.26841
0.64325 0.26414
0.6398 0.25987
0.63629 0.25565
0.63271 0.25150
0.62907 0.24742
0.62536 0.2434
0.62156 0.239420
0.61766 0.235470
0.61364 0.2315
0.60949 0.227510
0.60524 0.22348
0.6009 0.21941
0.59654 0.215330
0.59219 0.2113
0.58792 0.20738
0.5838 0.20365
0.57987 0.2002
0.57615 0.19709
0.57262 0.19434
0.5692 0.19192
0.565860 0.18981
0.56254 0.18798
0.55924 0.18642
0.55594 0.18511
0.552650 0.18404
0.54938 0.18321
0.54617 0.18262
0.543060 0.18225
0.54014 0.18208
0.53748 0.18208
0.53512 0.1822
0.53308 0.18241
0.53132 0.18271
0.52980 0.18305
0.52849 0.18344
0.52735 0.18385
0.52637 0.18428
0.5255 0.18472
0.52476 0.18518
0.5241 0.18564
0.52355 0.18612
0.52308 0.18662
0.52269 0.187140
0.52243 0.18773
0.52238 0.18839
0.52258 0.18905
0.52298 0.18969
0.52351 0.19032
0.524160 0.19097
0.5249400 0.19168
0.52589 0.19248
0.52703 0.19339
0.52845 0.19446
0.530250 0.19577
0.53256 0.19739
0.53551 0.19938
0.53908 0.20172
0.543140 0.20426
0.54757 0.2069
0.5523300 0.20963
0.55737 0.212440
0.56257 0.21532
0.56786 0.21824
0.57313 0.22115
0.57832 0.224040
0.58342 0.22692
0.58841 0.22979
0.59329 0.23266
0.59805 0.235560
0.60269 0.238480
0.60722 0.24144
0.61164 0.24446
0.61596 0.24753
0.62018 0.25068
0.6243 0.2539
0.62833 0.257190
0.63227 0.260570
0.6361 0.26403
0.63984 0.26757
0.64345 0.27116
0.64692 0.27478
0.65019 0.27837
0.65318 0.28185
0.65582 0.285130
0.65805 0.28812
0.65987 0.29082
0.6613 0.29323
0.66242 0.29538
0.66344 0.29774
*.*.Setup: s1223rtl.txt as Flap 1, Inverted: y, Scale = 1.0, AoA = 9.0, Reposition from (0,0) = (0, 0)*.*.
*.*.Setup: s1223rtl.txt as Flap 2, Inverted: y, Scale = 0.5, AoA = 30.0, Reposition from previous T.E. = (0.02, 0.05), Reposition from (0,0) = (1.0077, 0.2064)*.*.
*.*.Setup: s1223rtl.txt as Flap 3, Inverted: y, Scale = 0.5, AoA = 38.333333333333336, Reposition from previous T.E. = (0.02, 0.065), Reposition from (0,0) = (1.4607, 0.5214)*.*.
*.*.Setup: Scale Ratio = 0.35805*.*.