0.35053 0.05552
0.34857 0.053350
0.34571 0.05018
0.34233 0.04705
0.33821 0.04397
0.33317 0.04076
0.32706 0.03728
0.31984 0.0335
0.31159 0.02950
0.30254 0.02536
0.29294 0.02118
0.28301 0.01705
0.27291 0.01303
0.26273 0.00915
0.25251 0.00545
0.24226 0.00193
0.23195 -0.00141
0.22152 -0.00459
0.21093 -0.00764
0.20013 -0.01058
0.18909 -0.01346
0.17782 -0.0163
0.16638 -0.01913
0.15487 -0.02193
0.14344 -0.02468
0.13227 -0.02731
0.12151 -0.029740
0.11136 -0.03189
0.10193 -0.03366
0.09315 -0.03498
0.08491 -0.03584
0.07707 -0.03624
0.06957 -0.03618
0.06234 -0.035680
0.05537 -0.03474
0.04864 -0.03339
0.04219 -0.03164
0.03606 -0.02954
0.03034 -0.02716
0.02512 -0.02462
0.02052 -0.022050
0.016560 -0.01955
0.01324 -0.01719
0.010470 -0.01497
0.00819 -0.0129
0.00630 -0.010960
0.00474 -0.00914
0.00345 -0.00744
0.00239 -0.00584
0.00154 -0.0043300
0.00086 -0.00289
0.00036 -0.001520
0.000086 -0.00021
-0.00012 0.00106000
0.000005 0.00235
0.00055 0.003530
0.00154 0.00448
0.00284 0.0052
0.00437 0.00577
0.00613 0.006270
0.00818 0.00673
0.01058 0.00719
0.01344 0.00765
0.01695 0.00813
0.02133 0.00864
0.02689 0.00919
0.03391 0.00978
0.04235 0.01035
0.05184 0.0108
0.062070 0.01106
0.072940 0.01114
0.08437 0.01112
0.096170 0.01104
0.10813 0.01094
0.12007 0.01086
0.13186 0.01081
0.143470 0.01083
0.15488 0.01095
0.16609 0.011180
0.177120 0.01156
0.18798 0.0121
0.19869 0.01282
0.20927 0.01374
0.2197200 0.01486
0.23006 0.01619
0.24031 0.01775
0.25048 0.01954
0.260560 0.02156
0.27055 0.02382
0.28044 0.0263
0.29018 0.02899
0.29968 0.03188
0.30882 0.03492
0.31737 0.03803
0.32511 0.04112
0.33188 0.04413
0.33763 0.04702
0.34246 0.04979
0.34647 0.05243
0.35053 0.05552
-Inserting Flap s1223rtl-
0.51131 0.16199
0.51078 0.160620
0.51001 0.15864
0.509 0.15657
0.50763 0.154390
0.50585 0.15199
0.50362 0.149270
0.50092 0.14621
0.49779 0.14287
0.49431 0.13931
0.49058 0.13564
0.48668 0.13194
0.48268 0.12825
0.47863 0.12461
0.47452 0.12106
0.47037 0.117580
0.46615 0.11417
0.46186 0.11081
0.45746 0.10749
0.45295 0.10418
0.44831 0.1008600
0.44356 0.09752
0.43872 0.09415
0.43385 0.09078
0.42901 0.08745
0.424260 0.08422
0.41968 0.08115
0.41533 0.07833
0.41124 0.07581
0.40738 0.07362
0.40368 0.07175
0.4001 0.07016
0.39659 0.06884
0.39312 0.06778
0.3897 0.06697
0.38632 0.06639
0.38299 0.06605
0.37976 0.065940
0.37666 0.06602
0.37377 0.06627
0.37116 0.06665
0.36886 0.06711
0.36689 0.06761
0.3652 0.06815
0.36376 0.06871
0.36253 0.0692800
0.36148 0.06984
0.36057 0.07041
0.35979 0.07096
0.35912 0.07152
0.35855 0.07207
0.35807 0.07262
0.35768 0.07317
0.35738 0.07374
0.35721 0.07436
0.35725 0.07501
0.35755 0.07563
0.35803 0.0762
0.35864 0.07674
0.35937 0.07729
0.36024 0.07787
0.36128 0.07851
0.36253 0.07924
0.36408 0.0801
0.36604 0.08112
0.36854 0.08237
0.37171 0.0839
0.37554 0.08568
0.37989 0.08759
0.38462 0.08955
0.38968 0.09154
0.39502 0.09357
0.40054 0.09565
0.40614 0.09775
0.41173 0.09985
0.41724 0.10194
0.42266 0.10403
0.42796 0.10613
0.43316 0.10824000
0.43824 0.1104
0.44321 0.1126
0.44808 0.11485
0.45285 0.11717
0.45753 0.11957
0.46212 0.12205
0.46662 0.12461
0.47105 0.1272700
0.47539 0.13002
0.47965 0.13286
0.48382 0.13579
0.487890 0.13879
0.49181 0.14184
0.495530 0.1449
0.498960 0.14788
0.50202 0.15072
0.50464 0.15333
0.50681 0.15571
0.508560 0.15787
0.509960 0.15982
0.51131 0.16199
-Inserting Flap s1223rtl-
0.66376 0.29216
0.66336 0.29076
0.66277 0.28871
0.66194 0.28656
0.66076 0.28427
0.6592 0.28172
0.65721 0.27882
0.6548 0.27554
0.65197 0.27193
0.64881 0.26809
0.64541 0.26411
0.64185 0.26008
0.63819 0.25605
0.63447 0.25208
0.63069 0.248180
0.62685 0.24435
0.62295 0.24059
0.61896 0.23687
0.61487 0.233180
0.61066 0.22949
0.60633 0.22578
0.601890 0.22203
0.59737 0.21825
0.59281 0.21447
0.58828 0.21073
0.58383 0.2071
0.57953 0.20365
0.57544 0.20046
0.57159 0.19759
0.56793 0.19508
0.56442 0.19288
0.56098 0.19099
0.5576 0.18937
0.55424 0.18801
0.5509 0.1869
0.54758 0.18604
0.54430 0.18541
0.54109 0.18501
0.53799 0.18482
0.535090 0.18482
0.53246 0.18497
0.53013 0.18523
0.52812 0.18556
0.52639 0.18595
0.52491 0.18638
0.52364 0.18684
0.52254 0.18731
0.52159 0.18779
0.52076 0.18828
0.520040 0.1887700
0.51943 0.18927
0.518900 0.189780
0.51846 0.19029
0.51812 0.19083
0.51789 0.19144
0.51788 0.19209
0.51812 0.19273
0.51854 0.19334
0.5191 0.19393
0.51979 0.194540
0.520600 0.1952
0.52158 0.19593
0.52277 0.19677
0.52424 0.19775
0.52609 0.19894
0.52848 0.20041
0.5315 0.20221
0.53517 0.20431
0.53933 0.2066
0.54387 0.20896
0.54874 0.21138
0.55388 0.21387
0.5592 0.21642
0.5646 0.219
0.569980 0.22158
0.575290 0.22414
0.5805 0.22669
0.58561 0.22925
0.590590 0.23181
0.59547 0.2344
0.60023 0.23702
0.604890 0.23969
0.60944 0.24242
0.61389 0.24522
0.61824 0.24809
0.62251 0.25103
0.62668 0.25406
0.63077 0.25718
0.634770 0.26038
0.63867 0.26367
0.64245 0.26701
0.646090 0.2704
0.64953 0.27376
0.6527 0.27703
0.6555 0.28012
0.65788 0.28296
0.65983 0.28552
0.66139 0.28782
0.66262 0.28989
0.66376 0.29216
*.*.Setup: s1223rtl.txt as Flap 1, Inverted: y, Scale = 1.0, AoA = 9.0, Reposition from (0,0) = (0, 0)*.*.
*.*.Setup: s1223rtl.txt as Flap 2, Inverted: y, Scale = 0.5, AoA = 30.0, Reposition from previous T.E. = (0.02, 0.05), Reposition from (0,0) = (1.0077, 0.2064)*.*.
*.*.Setup: s1223rtl.txt as Flap 3, Inverted: y, Scale = 0.5, AoA = 35.0, Reposition from previous T.E. = (0.02, 0.08), Reposition from (0,0) = (1.4607, 0.5364)*.*.
*.*.Setup: Scale Ratio = 0.3549*.*.