0.35451 0.03726
0.352430 0.03519
0.3494 0.03216
0.34584 0.0292
0.34154 0.02632
0.336320 0.023370
0.33001 0.0202
0.32257 0.01679
0.314090 0.01321
0.304790 0.00953
0.29494 0.00585
0.28476 0.00223
0.274420 -0.001280
0.264 -0.00463
0.25356 -0.00781
0.2431 -0.01080
0.23257 -0.01361
0.22195 -0.01625
0.2111700 -0.01875
0.20018 -0.02114
0.18896 -0.02344
0.1775 -0.0257
0.16588 -0.02793
0.15419 -0.030140
0.14258 -0.03229
0.13123 -0.03434
0.12032 -0.03622
0.11002 -0.03784
0.10046 -0.03912
0.09159 -0.03999
0.08328 -0.04041
0.0754 -0.0404
0.06788 -0.03995
0.06066 -0.03906
0.05371 -0.03776
0.04704 -0.03605
0.040660 -0.03395
0.03462 -0.03152
0.029 -0.02884
0.0239 -0.02602
0.01942 -0.023190
0.01558 -0.02048
0.01237 -0.01793
0.00972 -0.01557
0.00754 -0.01337
0.005740 -0.01132
0.00427 -0.009420
0.00307 -0.00765
0.00209 -0.00599
0.00131 -0.004420
0.00071 -0.00295
0.00028 -0.00155
0.000055 -0.00021
-6e-05 0.00107
0.00013 0.00235
0.00074 0.00352
0.00178 0.00441
0.003120 0.00506
0.00469 0.005560
0.00648 0.00596
0.00856 0.00632
0.01099 0.00665
0.01389 0.00697
0.01742 0.00726
0.02185 0.007550
0.02746 0.00781
0.03453 0.00802
0.04302 0.008150
0.05257 0.00811
0.06284 0.00783
0.07375 0.00734
0.08521 0.00672
0.09704 0.00602
0.10903 0.00529
0.121 0.00458
0.132820 0.00391
0.14447 0.00332
0.155920 0.00284
0.16718 0.00249
0.17827 0.00228
0.189190 0.00226
0.19997 0.00242
0.21062 0.00278
0.22116 0.00335
0.23161 0.00415
0.24197 0.00518
0.25226 0.00644
0.26248 0.00793
0.27262 0.00967
0.28267 0.01163
0.29258 0.013830
0.30227 0.01622
0.31159 0.01879
0.32033 0.02146
0.32826 0.02416
0.33520 0.02682
0.34112 0.02942
0.34611 0.03194
0.35028 0.034380
0.35451 0.03726
-Inserting Flap s1223rtl-
0.50764 0.17514
0.50723 0.17372
0.506640 0.17167
0.5058 0.16951
0.50462 0.167210
0.503050 0.1646500
0.50106 0.16173
0.498630 0.15844
0.49579 0.15482
0.49262 0.15096
0.4892 0.14696
0.48563 0.14291
0.48195 0.13887
0.47821 0.134880
0.47442 0.13096
0.47057 0.12711
0.4666400 0.12333
0.46264 0.1196
0.45853 0.11589
0.4543 0.11219
0.44995 0.10846
0.44549 0.1047
0.44095 0.1009
0.436370 0.0971
0.43182 0.09335
0.427350 0.0897
0.423040 0.08623
0.41893 0.08303
0.41506 0.08015
0.411390 0.07762
0.40785 0.07542
0.4044 0.07352
0.40101 0.07189
0.39763 0.07053
0.39428 0.069410
0.39095 0.06854
0.38765 0.06791
0.38442 0.06751
0.38131 0.06733
0.3784 0.06732
0.37575 0.06747
0.37342 0.06773
0.3714 0.06806
0.369660 0.06845
0.36817 0.06889
0.36689 0.06935
0.36579 0.06982
0.36483 0.07031
0.364 0.0708
0.363290 0.07129
0.36267 0.07179
0.36214 0.0723
0.3617 0.07282
0.36135 0.07336
0.36112 0.07397
0.36111 0.07462
0.36135 0.07527
0.361780 0.07588
0.36234 0.07647
0.363030 0.07709
0.36385 0.07775
0.36483 0.07848
0.366020 0.07932
0.3675 0.08031
0.369360 0.0815
0.37175 0.08298
0.37479 0.08479
0.37848 0.0869
0.38266 0.08919
0.38722 0.09156
0.39211 0.09399
0.39727 0.0965
0.40262 0.09906
0.40804 0.10165
0.41344 0.10424
0.41878 0.10682
0.42401 0.10938
0.42914 0.11194
0.43415 0.11452
0.43904 0.11712
0.44383 0.119750
0.4485 0.12244
0.45307 0.12518
0.45754 0.127980
0.461920 0.13086
0.4662 0.13383
0.470390 0.13687
0.4745 0.14
0.47852 0.14322
0.48243 0.14651
0.48623 0.14988
0.48989 0.15327
0.49334 0.15665
0.49652 0.15994
0.49933 0.16304
0.50172 0.16589
0.50368 0.16846
0.50525 0.17077
0.50648 0.1728500
0.50764 0.17514
-Inserting Flap s1223rtl-
0.64294 0.29519
0.64253 0.29378
0.64194 0.29172
0.64111 0.28956
0.63992 0.28726
0.63835 0.2847
0.63636 0.28179
0.63393 0.27849
0.63109 0.274870
0.62792 0.27101
0.62451 0.26701
0.62093 0.26296
0.617260 0.25892
0.61352 0.25493
0.60972 0.25101
0.60587 0.24717
0.60195 0.24338
0.59794 0.239650
0.59383 0.23595
0.58961 0.23224
0.58526 0.22851
0.5808 0.22475
0.57625 0.22095
0.57168 0.21716
0.56712 0.2134
0.56266 0.20975
0.55834 0.20628
0.55423 0.20308
0.55036 0.2002
0.54669 0.19768
0.54316 0.19547
0.539710 0.19357
0.53631 0.19194
0.53294 0.19058
0.52958 0.18947
0.52625 0.1886
0.52295 0.187970
0.51973 0.18757
0.516620 0.18738
0.5137 0.18738
0.51106 0.187520
0.508720 0.18778
0.5067 0.188120
0.50497 0.18851
0.50348 0.18894
0.5022 0.18940
0.50109 0.18987
0.50014 0.19036
0.49931 0.19085
0.49859 0.19134
0.49797 0.19184
0.49744 0.19235
0.497 0.19287
0.49666 0.19341
0.49643 0.194020
0.49641 0.19468
0.49665 0.19532
0.49708 0.19593
0.49765 0.19653
0.49833 0.19714
0.49915 0.1978
0.50014 0.198530
0.50133 0.19937
0.5028 0.20036
0.50467 0.201550
0.50706 0.20303
0.5101 0.204840
0.51378 0.20695
0.51797 0.20925
0.52252 0.21162
0.52741 0.21405
0.53258 0.21655
0.53792 0.21911
0.54334 0.2217
0.54875 0.22429
0.55408 0.22687
0.55932 0.22943
0.564440 0.232
0.56945 0.23457
0.57435 0.23717
0.57913 0.23981
0.58381 0.24249
0.5883800 0.24523
0.59285 0.24804
0.59722 0.25092
0.60151 0.25388
0.6057 0.25692
0.60981 0.26005
0.61382 0.26327
0.61774 0.26657
0.62154 0.26993
0.62519 0.27332
0.62865 0.27671
0.63183 0.27999
0.63464 0.28310
0.63703 0.28594
0.63899 0.28851
0.64056 0.29083
0.641790 0.2929
0.64294 0.29519
*.*.Setup: s1223rtl.txt as Flap 1, Inverted: y, Scale = 1.0, AoA = 6.0, Reposition from (0,0) = (0, 0)*.*.
*.*.Setup: s1223rtl.txt as Flap 2, Inverted: y, Scale = 0.5, AoA = 35.0, Reposition from previous T.E. = (0.02, 0.1), Reposition from (0,0) = (1.0145, 0.2045)*.*.
*.*.Setup: s1223rtl.txt as Flap 3, Inverted: y, Scale = 0.5, AoA = 35.0, Reposition from previous T.E. = (-0.03, 0.05), Reposition from (0,0) = (1.3941, 0.5413)*.*.
*.*.Setup: Scale Ratio = 0.35646*.*.