0.34411 0.0545
0.34218 0.052370
0.33937 0.04926
0.33606 0.04619
0.33201 0.04316
0.32706 0.04001
0.32107 0.03659
0.31398 0.03289
0.30588 0.028960
0.297 0.02489
0.28757 0.02079
0.27782 0.01674
0.2679 0.01279
0.25791 0.00899
0.24788 0.00535
0.23782 0.0019
0.2277 -0.00139
0.21746 -0.00451
0.20707 -0.0075
0.19646 -0.01039
0.18563 -0.01321
0.17456 -0.016
0.16333 -0.01878
0.15203 -0.02153
0.14081 -0.02422
0.12984 -0.02681
0.11929 -0.02920
0.10932 -0.03131
0.10006 -0.03304
0.09144 -0.03434
0.08335 -0.03518
0.07566 -0.03557
0.06829 -0.03552
0.0612 -0.035020
0.05435 -0.03411
0.04775 -0.03278
0.04142 -0.03106
0.0354 -0.029
0.02978 -0.02666
0.02466 -0.02417
0.02014 -0.021640
0.016260 -0.01919
0.01299 -0.01687
0.010280 -0.0147
0.00804 -0.01266
0.006180 -0.010760
0.00465 -0.00898
0.00338 -0.00731
0.00235 -0.00574
0.00151 -0.0042500
0.00085 -0.00284
0.00036 -0.001490
0.000086 -0.00021
-0.00012 0.00105000
0.000005 0.0023
0.00054 0.003470
0.00152 0.0044
0.00279 0.0051
0.00429 0.00566
0.00602 0.006150
0.00803 0.00661
0.01038 0.00706
0.0132 0.00751
0.01664 0.00798
0.02094 0.00848
0.0264 0.00902
0.03329 0.0096
0.04157 0.01016
0.05089 0.0106
0.060930 0.01086
0.071610 0.01094
0.08283 0.01091
0.09440 0.01084
0.10615 0.01074
0.11787 0.01066
0.12944 0.01061
0.140840 0.01063
0.15204 0.01075
0.16305 0.010980
0.173880 0.01135
0.18454 0.01188
0.19505 0.01259
0.20543 0.01349
0.2156900 0.01459
0.22585 0.0159
0.23591 0.01743
0.24588 0.01918
0.255780 0.02117
0.26559 0.02338
0.2753 0.02581
0.28486 0.02846
0.29419 0.0313
0.30316 0.03428
0.31156 0.03733
0.31915 0.04037
0.32579 0.04332
0.33144 0.04616
0.33618 0.04888
0.34012 0.05147
0.34411 0.0545
-Inserting Flap s1223rtl-
0.51477 0.14021
0.51402 0.13898
0.51294 0.13719
0.51161 0.13536
0.50991 0.13349
0.50778 0.13147
0.50517 0.12922
0.50204 0.12673
0.498440 0.12403
0.49447 0.12118
0.49023 0.11827
0.48583 0.11535
0.48134 0.11247
0.4768 0.10965
0.47223 0.10691
0.467620 0.10425
0.46296 0.10167
0.45824 0.099160
0.45342 0.09670
0.44849 0.09427
0.44344 0.09185
0.43828 0.08943
0.43303 0.0870
0.42775 0.08457
0.4225 0.082180
0.41736 0.07986
0.41241 0.07768
0.40772 0.07569
0.40334 0.07396
0.39923 0.0725
0.39534 0.07131
0.3916 0.07039
0.38798 0.06971
0.38445 0.06928
0.381 0.06908
0.37764 0.0691
0.37437 0.06934
0.37122 0.06978
0.36823 0.07038
0.36548 0.07112
0.36302 0.071930
0.36088 0.07276
0.35906 0.07359
0.35752 0.0744
0.356230 0.07518
0.35514 0.07594
0.35421 0.07667
0.35343 0.07737
0.35277 0.07804
0.35222 0.07869
0.351760 0.07932
0.35139 0.07993
0.35111 0.080530
0.35092 0.08113
0.350850 0.08176
0.35101 0.08239
0.3514 0.08293
0.351960 0.0834
0.35264 0.08382
0.35344 0.08422
0.354380 0.08464
0.3555 0.08508
0.35683 0.08558
0.35848 0.08614
0.36054 0.08679
0.36317 0.08758
0.3665 0.08852
0.37051 0.08958
0.375040 0.09069
0.37994 0.09177
0.385170 0.09283
0.39068 0.093890
0.39637 0.09496
0.40215 0.09603
0.40791 0.09711
0.41359 0.09819
0.41918 0.09929
0.42467 0.10041
0.43005 0.10157
0.43533 0.10279
0.440510 0.10407
0.44561 0.10542
0.45062 0.10685
0.45555 0.10837
0.4604 0.10998
0.4652 0.11169
0.46993 0.1135
0.47459 0.11542
0.4792 0.11744
0.48373 0.11956
0.48817 0.12178
0.492480 0.12406
0.4966 0.12638
0.500430 0.12868
0.50387 0.13089
0.50684 0.13298
0.50935 0.13491
0.51141 0.13669
0.51310 0.13834
0.51477 0.14021
-Inserting Flap s1223rtl-
0.66443 0.268
0.66403 0.26662
0.66345 0.26461
0.66263 0.2625
0.66148 0.26025
0.65994 0.25775
0.658 0.2549
0.65562 0.25168
0.65285 0.24814
0.649750 0.24437
0.646410 0.24046
0.64292 0.2365
0.63932 0.23255
0.63567 0.22865
0.63196 0.2248200
0.628190 0.22106
0.62436 0.21737
0.62045 0.21372
0.61643 0.21010
0.6123 0.20647
0.608050 0.20283
0.60369 0.19915
0.59925 0.19544
0.59477 0.19173
0.590320 0.18806
0.58596 0.18449
0.58174 0.18111
0.57773 0.17797
0.57394 0.17516
0.57035 0.17269
0.5669 0.17054
0.56353 0.16868
0.56021 0.16709
0.55691 0.16576
0.55363 0.16467
0.55038 0.16382
0.54716 0.1632
0.544 0.16281
0.54096 0.16263
0.53811 0.16262
0.53553 0.16277
0.53324 0.16302
0.53127 0.16335
0.52958 0.16373
0.52812 0.16415
0.526870 0.1646
0.52579 0.16507
0.52486 0.16554
0.524050 0.16602
0.52334 0.16650
0.52274 0.16699
0.52222 0.16749
0.52179 0.16799
0.52145 0.168530
0.52123 0.16912
0.521220 0.16976
0.52145 0.17039
0.52187 0.17098
0.52242 0.17157
0.52309 0.172170
0.52389 0.17281
0.52485 0.17353
0.52602 0.17435
0.52746 0.17531
0.52928 0.17648
0.531620 0.17792
0.53459 0.17969
0.538190 0.18176
0.542280 0.184
0.54674 0.18632
0.55152 0.18869
0.55656 0.19114
0.561780 0.19364
0.56708 0.19618
0.57237 0.19871
0.57758 0.20122
0.58269 0.20373
0.5877 0.20624
0.5926 0.20875
0.597390 0.21129
0.60206 0.21387
0.60663 0.21649
0.6111 0.21917
0.615470 0.22191
0.61974 0.22473
0.62393 0.22762
0.62803 0.2306
0.63204 0.23366
0.63596 0.2368
0.63979 0.24002
0.64351 0.24331
0.64708 0.24663
0.65046 0.24993
0.65356 0.25315
0.65631 0.25618
0.658650 0.25896
0.66056 0.26147
0.66210 0.26373
0.6633 0.26576
0.66443 0.268
*.*.Setup: s1223rtl.txt as Flap 1, Inverted: y, Scale = 1.0, AoA = 9.0, Reposition from (0,0) = (0, 0)*.*.
*.*.Setup: s1223rtl.txt as Flap 2, Inverted: y, Scale = 0.5, AoA = 20.0, Reposition from previous T.E. = (0.02, 0.075), Reposition from (0,0) = (1.0077, 0.2314)*.*.
*.*.Setup: s1223rtl.txt as Flap 3, Inverted: y, Scale = 0.5, AoA = 35.0, Reposition from previous T.E. = (0.02, 0.08), Reposition from (0,0) = (1.4975, 0.4824)*.*.
*.*.Setup: Scale Ratio = 0.34839*.*.