0.36469 -0.03071
0.36389 -0.031460
0.3623 -0.03291
0.359930 -0.03505
0.35692 -0.03772
0.353430 -0.04073
0.34963 -0.04388
0.34568 -0.04697
0.34171 -0.049860
0.33775 -0.05253
0.33379 -0.05501
0.32984 -0.057350
0.3259 -0.059560
0.32195 -0.06167
0.31801 -0.0637
0.31408 -0.06565
0.31014 -0.06752
0.30621 -0.06932
0.30228 -0.07105
0.29835 -0.07271
0.29443 -0.07431
0.29051 -0.07585
0.28658 -0.07734
0.28267 -0.07877
0.27875 -0.08014
0.27483 -0.08145
0.27092 -0.08271
0.26701 -0.08389
0.2631 -0.08502
0.2592 -0.08608
0.25529 -0.08709
0.25139 -0.08807
0.24749 -0.08901
0.24358 -0.08992
0.23968 -0.09081
0.23579 -0.09166
0.23189 -0.09247
0.22799 -0.09323
0.2241 -0.09395
0.22021 -0.09461
0.21632 -0.09522
0.21243 -0.09579
0.20854 -0.09632
0.20465 -0.0968
0.20077 -0.09723
0.19688 -0.097630
0.1930 -0.09799
0.18912 -0.09832
0.18524 -0.09861
0.18137 -0.09886
0.17749 -0.09907
0.17361 -0.09924
0.16974 -0.09936
0.16587 -0.099440
0.162 -0.09947
0.15813 -0.09946
0.15426 -0.09939
0.1504 -0.09929
0.14653 -0.09913
0.14267 -0.09893
0.13881 -0.09868
0.13495 -0.09838
0.1311 -0.09803
0.12724 -0.09763
0.12339 -0.09718
0.11953 -0.09668
0.11568 -0.09615
0.11184 -0.09558
0.10799 -0.0949700
0.10414 -0.09432
0.1003 -0.09361
0.09645 -0.09283
0.09261 -0.09198
0.08878 -0.09103
0.08495 -0.09
0.08112 -0.08888
0.07729 -0.087670
0.07346 -0.08638
0.06964 -0.08499
0.06583 -0.0835
0.06201 -0.08190
0.0582 -0.08016
0.0544 -0.07827
0.0506 -0.07623
0.046810 -0.07402
0.04302 -0.07166
0.03924 -0.06915
0.03547 -0.06649
0.0317 -0.06368
0.02793 -0.06066
0.02418 -0.057330
0.02044 -0.05364
0.01671 -0.04949
0.01303 -0.04487
0.00952 -0.039890
0.00632 -0.03475
0.00358 -0.02962
0.00146 -0.02467
7e-05 -0.02009
-0.00043 -0.012420
0.00044 -0.00956
0.00206 -0.00747
0.0044 -0.00623
0.00733 -0.00573
0.01071 -0.00581
0.01438 -0.00634
0.01819 -0.00717
0.02203 -0.008180
0.02586 -0.00933
0.02968 -0.01062
0.0335 -0.01204
0.03732 -0.01358
0.04113 -0.01523
0.04493 -0.01698
0.04874 -0.01881
0.05254 -0.020720
0.05634 -0.02268
0.06014 -0.02468
0.06394 -0.02671
0.06774 -0.02876
0.07154 -0.03082
0.07533 -0.032880
0.07913 -0.03492
0.08293 -0.03694
0.08673 -0.03894
0.09053 -0.04091
0.09433 -0.04285
0.09813 -0.04476
0.10194 -0.04663
0.10574 -0.04846
0.10955 -0.05025
0.11336 -0.052
0.11717 -0.05371
0.12098 -0.05537
0.12479 -0.05699
0.1286 -0.05856
0.13242 -0.06009
0.13624 -0.061560
0.14006 -0.06299
0.14388 -0.06436
0.1477 -0.06569
0.15153 -0.06696
0.15535 -0.06817
0.15918 -0.06934
0.16301 -0.07044
0.16684 -0.07148
0.170680 -0.07247
0.17452 -0.07339
0.17836 -0.07426
0.1822 -0.075070
0.18604 -0.07583
0.18988 -0.07655
0.19373 -0.07723
0.19758 -0.07785
0.20143 -0.07843
0.20528 -0.07894
0.20913 -0.07938
0.21299 -0.07975
0.21684 -0.08005
0.22071 -0.080280
0.22457 -0.08044
0.22844 -0.08052
0.2323 -0.080540
0.23618 -0.0804900
0.240050 -0.08037
0.24392 -0.080170
0.2478 -0.0799
0.25169 -0.07954
0.25557 -0.07911
0.25946 -0.07859
0.26335 -0.078
0.26724 -0.07731
0.27114 -0.07654
0.27504 -0.07568
0.27894 -0.07473
0.28284 -0.07367
0.28675 -0.07252
0.29067 -0.07126
0.29458 -0.0699
0.298500 -0.06845
0.30243 -0.06691
0.30635 -0.06529
0.31028 -0.06359
0.31421 -0.06181
0.31815 -0.05995
0.32208 -0.05802
0.326020 -0.05602
0.32996 -0.05395
0.33391 -0.05178
0.33786 -0.0495
0.34181 -0.04709
0.34577 -0.04453
0.34971 -0.04183
0.35349 -0.03911
0.35696 -0.03654
0.35995 -0.03427
0.36231 -0.03245
0.3639 -0.03123
0.36469 -0.03071
-Inserting Flap Ga2-
0.50067 0.05851
0.50054 0.0581
0.50026 0.05728
0.49985 0.05607
0.49931 0.05455
0.49868 0.05283
0.49796 0.05099
0.49718 0.04914
0.49635 0.04736
0.49548 0.04566
0.494580 0.04402
0.49365 0.04244
0.4927 0.0409
0.49173 0.03939
0.49074 0.03792
0.48974 0.03647
0.488730 0.03506
0.48770 0.03366
0.48666 0.0323
0.485610 0.030950
0.48455 0.02963
0.48347 0.028330
0.48239 0.02705
0.4813 0.02579
0.48019 0.024550
0.47908 0.02333
0.47795 0.02214
0.47681 0.02096
0.47566 0.01981
0.4745 0.01868
0.47333 0.017570
0.47216 0.01647
0.47097 0.01539
0.46979 0.01431
0.46859 0.01325
0.4674 0.01219
0.466190 0.01115
0.46497 0.01013
0.46375 0.00913
0.46252 0.00814
0.46127 0.00717
0.46002 0.00622
0.45877 0.00528
0.4575 0.00436
0.45623 0.00345
0.45494 0.00256000
0.45366 0.00168
0.45236 0.00081
0.45106 -4e-05
0.44975 -0.00088
0.44844 -0.0017
0.44711 -0.002510
0.44578 -0.00331
0.44444 -0.00409
0.4431 -0.00485
0.44174 -0.00559
0.44037 -0.00632
0.439 -0.00703
0.43762 -0.00773
0.43623 -0.00841
0.43483 -0.00907
0.43342 -0.00971
0.432 -0.01034
0.43058 -0.01095
0.42914 -0.01154
0.4277 -0.01211
0.42625 -0.01267
0.42479 -0.01321
0.42333 -0.01375
0.42185 -0.01427
0.42037 -0.01476
0.41888 -0.01524
0.41737 -0.01568
0.41584 -0.0161
0.4143 -0.01648
0.41274 -0.01683
0.41117 -0.01715
0.40958 -0.01744
0.40798 -0.01769
0.40635 -0.01791
0.404710 -0.018090
0.40304 -0.01822
0.40134 -0.0183
0.39962 -0.01832
0.39786 -0.01828
0.39608 -0.01819
0.39427 -0.01805
0.39243 -0.01785
0.39057 -0.0176
0.38867 -0.01727
0.38671 -0.01683
0.38468 -0.01627
0.38258 -0.01554
0.38039 -0.01463
0.3782 -0.01358
0.37608 -0.0124
0.37413 -0.01113
0.372430 -0.00981
0.37105 -0.00848
0.36939 -0.00590
0.36914 -0.00472
0.3693 -0.00368
0.36988 -0.00279
0.37081 -0.00205
0.372 -0.001420
0.37339 -0.0009
0.374890 -0.00045
0.37642 -6e-05
0.37799 0.00028
0.37957 0.00057
0.38118 0.00082
0.38282 0.00102
0.38447 0.00118
0.38614 0.00131
0.38783 0.00141
0.38953 0.001480
0.39124 0.001530
0.39296 0.00156
0.39468 0.00159
0.39641 0.0016100
0.39813 0.00162
0.39986 0.00164
0.4015900 0.00166
0.40331 0.00169
0.40502 0.00173
0.40674 0.00178
0.40844 0.001840
0.41014 0.00191
0.41184 0.00199
0.41352 0.00209
0.4152 0.0022
0.41687 0.00232
0.41854 0.00247
0.42019 0.00262
0.42184 0.00280
0.42348 0.002990
0.42511 0.00319
0.42673 0.00342
0.42834 0.003660
0.42995 0.00392
0.43154 0.0042
0.43313 0.00449
0.4347 0.004810
0.43627 0.005150
0.43782 0.0055
0.43936 0.00588
0.4409 0.00628
0.44242 0.0067
0.44393 0.007140
0.44543 0.007600
0.44692 0.00808
0.44841 0.008580
0.44988 0.00909
0.45135 0.00961
0.45281 0.01016
0.45425 0.01073
0.45569 0.01132
0.45711 0.01194
0.45852 0.01258
0.45991 0.01325
0.4613 0.01394
0.46266 0.01466
0.46402 0.01541
0.46537 0.01617
0.4667 0.01697
0.46801 0.01779
0.46932 0.01864
0.47061 0.01951
0.47188 0.020420
0.47314 0.02135
0.474390 0.02232
0.47562 0.02331
0.47683 0.02434
0.47803 0.02539
0.47921 0.02648
0.48037 0.02761
0.48151 0.02877
0.48264 0.02997
0.48375 0.03121
0.48484 0.03247
0.485910 0.03377
0.48697 0.0351
0.48801 0.03646
0.48904 0.037840
0.49006 0.03926
0.49106 0.04069
0.49205 0.04216
0.49303 0.043650
0.49399 0.04517
0.49493 0.04674
0.49584 0.04835
0.49673 0.05001
0.49759 0.05172
0.49838 0.0534
0.4991 0.05497
0.4997 0.05635
0.50018 0.05744
0.5005 0.05818
0.50067 0.05851
-Inserting Flap Ga2-
0.59817 0.20112
0.59827 0.2007
0.59846 0.19985
0.59874 0.19861
0.59907 0.197030
0.59942 0.19523
0.59977 0.19328
0.60006 0.1913
0.60028 0.18934
0.60042 0.18744
0.6005 0.18557
0.60053 0.18374
0.60052 0.18193
0.60047 0.18014
0.6004 0.17837
0.6003 0.17661
0.60017 0.17487
0.60001 0.17315
0.59984 0.171440
0.59964 0.16975
0.59942 0.16807
0.59917 0.1664
0.59891 0.16474
0.59863 0.1631
0.59834 0.16146
0.59802 0.15984
0.59768 0.15824
0.59732 0.15664
0.59693 0.15506
0.59653 0.15349
0.59611 0.151930
0.595670 0.15038
0.59523 0.14884
0.59478 0.14731
0.59431 0.14577
0.59383 0.14425
0.59334 0.14274
0.59284 0.14123
0.592320 0.13974
0.59178 0.138250
0.59122 0.13678
0.59065 0.13531
0.59006 0.13386
0.58946 0.13241
0.58884 0.13098
0.58821 0.12955
0.58757 0.12813
0.58691 0.12671
0.58624 0.12531
0.58556 0.123910
0.58487 0.122520
0.58416 0.12114
0.58344 0.11977
0.5827 0.11841
0.58194 0.11706
0.58117 0.11572
0.58038 0.11439
0.57958 0.11306
0.57876 0.11175
0.57793 0.11045
0.57708 0.10916
0.57621 0.10787
0.57532 0.10660
0.57442 0.10534
0.5735 0.10409
0.57256 0.10285
0.57162 0.10162
0.57066 0.10039
0.56968 0.09918
0.568690 0.09797
0.56769 0.096770
0.56666 0.09559
0.5656 0.094430
0.56451 0.09328
0.56339 0.09215
0.56225 0.09104
0.56107 0.08995
0.55986 0.08888
0.55862 0.08783
0.55735 0.08679
0.55604 0.08579
0.55468 0.08481
0.55327 0.08386
0.55181 0.08294
0.55029 0.08206
0.54872 0.08121
0.5471 0.0804
0.54543 0.07961
0.5437 0.078860
0.541910 0.07815
0.54001 0.0775
0.53798 0.07693
0.535810 0.07646
0.53347 0.07609
0.53104 0.07586
0.52862 0.07576
0.52630 0.075830
0.524160 0.07607
0.52229 0.0765
0.51953 0.07784
0.5187 0.07871
0.51830 0.07968
0.51833 0.08074
0.51874 0.08186
0.51944 0.08302
0.52035 0.084190
0.52139 0.08535
0.5225 0.08648
0.52366 0.08759
0.52486 0.08866
0.52611 0.08971
0.5274 0.09073
0.52873 0.09173
0.53009 0.0927
0.53148 0.09366
0.5329 0.09461
0.53433 0.09554
0.53578 0.09646
0.53724 0.09738
0.5387 0.0983
0.54017 0.09921
0.541640 0.10012
0.5431 0.10104
0.54455 0.10196
0.546 0.10288
0.54744 0.10381
0.54887 0.10475
0.55028 0.10569
0.55168 0.10664
0.55307 0.1076
0.55445 0.10857
0.555810 0.10955
0.55716 0.11054
0.55849 0.11153
0.55981 0.11254
0.56111 0.11355
0.5624 0.114580
0.563660 0.11561
0.56492 0.116660
0.56615 0.11771
0.56737 0.11878
0.56857 0.11986
0.56975 0.12095
0.57091 0.12205
0.57205 0.123160
0.57317 0.12428
0.57427 0.12542
0.57536 0.12657
0.57642 0.127740
0.57746 0.12891
0.57848 0.13009
0.5795 0.13129
0.58049 0.13249
0.58147 0.1337
0.58243 0.13493
0.58337 0.13617
0.58429 0.13742
0.58518 0.13868
0.586050 0.13997
0.58689 0.14126
0.58771 0.14257
0.58851 0.1439
0.589280 0.14524
0.59003 0.14660
0.59075 0.147970
0.59145 0.14935
0.59213 0.150760
0.59277 0.15218
0.59339 0.153610
0.59398 0.15507
0.594540 0.15654
0.59508 0.15802
0.59558 0.15953
0.59605 0.16106
0.59649 0.1626
0.5969 0.16417
0.59727 0.16576
0.59761 0.16736
0.59791 0.168990
0.59818 0.17064
0.59843 0.17231
0.59864 0.174000
0.59883 0.1757
0.59898 0.17742
0.59912 0.17915
0.59923 0.1809
0.59931 0.18267
0.59937 0.18445
0.5994 0.18625
0.599390 0.18807
0.599330 0.18993
0.59923 0.19181
0.59907 0.193710
0.598870 0.19557
0.59867 0.19728
0.59847 0.19877
0.59831 0.19995
0.59819 0.20075
0.59817 0.20112
*.*.Setup: Ga2.txt as Flap 1, Inverted: y, Scale = 1.0, AoA = -2.0, Reposition from (0,0) = (0, 0)*.*.
*.*.Setup: Ga2.txt as Flap 2, Inverted: y, Scale = 0.4, AoA = 27.0, Reposition from previous T.E. = (0.0067, 0.08), Reposition from (0,0) = (1.0043, -0.004)*.*.
*.*.Setup: Ga2.txt as Flap 3, Inverted: y, Scale = 0.4, AoA = 58.333333333333336, Reposition from previous T.E. = (0.04, 0.06), Reposition from (0,0) = (1.4097, 0.2201)*.*.
*.*.Setup: Scale Ratio = 0.36554*.*.