0.3749 -0.03157
0.37407 -0.032340
0.37243 -0.03383
0.370 -0.03603
0.3669 -0.03878
0.363320 -0.04187
0.35942 -0.0451
0.35535 -0.04828
0.35127 -0.051250
0.3472 -0.054
0.34313 -0.05655
0.33907 -0.058950
0.33502 -0.061220
0.33096 -0.0634
0.32691 -0.06549
0.32286 -0.06749
0.31882 -0.06941
0.31478 -0.07126
0.31074 -0.07304
0.3067 -0.07475
0.30267 -0.07639
0.29863 -0.07798
0.2946 -0.0795
0.29057 -0.08097
0.28655 -0.08238
0.28252 -0.08373
0.2785 -0.08502
0.27448 -0.08624
0.27046 -0.08739
0.26645 -0.08849
0.26243 -0.08953
0.25842 -0.09053
0.25441 -0.0915
0.2504 -0.09244
0.24639 -0.09335
0.24238 -0.09423
0.23838 -0.09506
0.23437 -0.09584
0.23037 -0.09658
0.22637 -0.09726
0.22237 -0.09789
0.21837 -0.09847
0.21437 -0.09901
0.21038 -0.0995
0.20639 -0.09995
0.20239 -0.100360
0.19840 -0.10074
0.19441 -0.10107
0.19043 -0.10136
0.18644 -0.10162
0.18245 -0.10184
0.17847 -0.10201
0.17449 -0.10214
0.17051 -0.102220
0.16653 -0.10225
0.16255 -0.10224
0.15858 -0.10218
0.1546 -0.10206
0.15063 -0.10191
0.14666 -0.1017
0.14269 -0.10144
0.13873 -0.10113
0.13476 -0.10077
0.1308 -0.10036
0.12684 -0.0999
0.12288 -0.09939
0.11892 -0.09884
0.11496 -0.09825
0.11101 -0.0976300
0.10705 -0.09695
0.1031 -0.09623
0.09915 -0.09543
0.09521 -0.09455
0.09126 -0.09358
0.08732 -0.09252
0.08338 -0.09137
0.07945 -0.090120
0.07552 -0.08879
0.07159 -0.08737
0.06767 -0.08584
0.06375 -0.084190
0.05983 -0.0824
0.05592 -0.08046
0.05202 -0.07836
0.048120 -0.07609
0.04423 -0.07366
0.04034 -0.07108
0.03646 -0.06835
0.03258 -0.06547
0.02871 -0.06235
0.02486 -0.058940
0.02101 -0.05514
0.01718 -0.05088
0.0134 -0.04612
0.00978 -0.041010
0.0065 -0.03572
0.00368 -0.03045
0.0015 -0.02536
7e-05 -0.02065
-0.00045 -0.012770
0.00045 -0.00983
0.00212 -0.00768
0.00452 -0.0064
0.00754 -0.00589
0.01101 -0.00597
0.01478 -0.00652
0.0187 -0.00738
0.02264 -0.008410
0.02658 -0.00959
0.03051 -0.01092
0.03444 -0.01237
0.03836 -0.01396
0.04228 -0.01565
0.04619 -0.01745
0.0501 -0.01934
0.05401 -0.021290
0.05792 -0.02331
0.06182 -0.02537
0.06573 -0.02746
0.06963 -0.02957
0.07354 -0.03168
0.07744 -0.03380
0.08134 -0.0359
0.08525 -0.03797
0.08915 -0.04003
0.09306 -0.04206
0.09697 -0.04405
0.10088 -0.04601
0.10479 -0.04794
0.1087 -0.04982
0.11261 -0.05166
0.11653 -0.05346
0.12044 -0.05521
0.12436 -0.05692
0.12828 -0.05859
0.1322 -0.0602
0.13613 -0.06177
0.14005 -0.063280
0.14398 -0.06475
0.1479 -0.06616
0.15183 -0.06752
0.15577 -0.06883
0.1597 -0.07008
0.16364 -0.07128
0.16757 -0.07241
0.17151 -0.07348
0.175450 -0.0745
0.1794 -0.07545
0.18335 -0.07634
0.18729 -0.077170
0.19124 -0.07796
0.1952 -0.07869
0.19915 -0.07939
0.2031 -0.08003
0.20706 -0.08062
0.21102 -0.08115
0.21498 -0.0816
0.21895 -0.08199
0.22291 -0.08229
0.22688 -0.082530
0.23085 -0.08269
0.23483 -0.08278
0.2388 -0.08280
0.24278 -0.0827400
0.246760 -0.08262
0.25075 -0.082410
0.25474 -0.08213
0.25873 -0.08177
0.26272 -0.08132
0.26672 -0.08079
0.27071 -0.08018
0.27472 -0.07948
0.27872 -0.07868
0.28273 -0.0778
0.28674 -0.07682
0.29076 -0.07573
0.29478 -0.07455
0.2988 -0.07326
0.30282 -0.07186
0.3068500 -0.07037
0.31089 -0.06878
0.31492 -0.06711
0.31896 -0.06536
0.323 -0.06354
0.32705 -0.06163
0.33109 -0.05965
0.335140 -0.05759
0.33919 -0.05546
0.34325 -0.05323
0.34731 -0.05088
0.35137 -0.04841
0.35544 -0.04577
0.35949 -0.043
0.36338 -0.04021
0.36695 -0.03756
0.37002 -0.03523
0.37245 -0.03336
0.37408 -0.0321
0.3749 -0.03157
-Inserting Flap Ga2-
0.50879 0.071880
0.50868 0.071440
0.50847 0.07058
0.50816 0.0693
0.50775 0.06770
0.50725 0.06588
0.50668 0.06393
0.50604 0.06197
0.50535 0.06007
0.50462 0.058250
0.50384 0.05649
0.50303 0.0547900
0.50219 0.05313
0.50134 0.0515
0.50046 0.0499
0.49957 0.04833
0.49865 0.04679
0.49773 0.04527
0.49678 0.04378
0.49583 0.04231
0.49486 0.04086
0.4938800 0.03943
0.49288 0.03803
0.491870 0.03664
0.49085 0.03527
0.48982 0.03392
0.48877 0.03259
0.48771 0.03129
0.48664 0.03001
0.48555 0.02875
0.48446 0.0275
0.48335 0.02627
0.48223 0.02506
0.48112 0.02385
0.47999 0.02265
0.47886 0.02146
0.47771 0.02029
0.47656 0.01913
0.4754 0.0180
0.47422 0.01687
0.47304 0.01577
0.47184 0.01468
0.47064 0.01361
0.469420 0.01255
0.4682 0.01151
0.46697 0.01048
0.46573 0.00947
0.46448 0.00846
0.463220 0.00747
0.46196 0.0065
0.46069 0.00553
0.4594 0.00458
0.45811 0.00365
0.45681 0.00273
0.4555 0.00183
0.45418 0.00095
0.45284 8e-05
0.4515 -0.00077
0.45015 -0.00161
0.44879 -0.00243
0.44741 -0.003230
0.44603 -0.00401
0.44463 -0.00478
0.44323 -0.00553
0.441810 -0.00626
0.44038 -0.00698
0.43895 -0.00768
0.4375 -0.00837
0.43605 -0.00905
0.43459 -0.00971
0.43312 -0.01035
0.43163 -0.01097
0.43012 -0.01157
0.4286 -0.01213
0.42705 -0.01266
0.42549 -0.01315
0.42391 -0.013620
0.42231 -0.01406
0.42069 -0.01447
0.41904 -0.01484
0.41737 -0.01516
0.41568 -0.01545
0.41394 -0.01568
0.41218 -0.01586
0.41038 -0.01598
0.40855 -0.016040
0.40668 -0.01606
0.40478 -0.01602
0.40285 -0.01593
0.40087 -0.01576
0.39883 -0.01549
0.3967 -0.015090
0.394480 -0.01453
0.39216 -0.0138
0.38982 -0.01292
0.38755 -0.0119
0.38543 -0.01078
0.38357 -0.0095800
0.38205 -0.00834
0.38011 -0.00584
0.37975 -0.00466
0.37982 -0.00358
0.38033 -0.00262
0.38122 -0.00177
0.38239 -0.00103
0.38376 -0.00036
0.38525 0.00023
0.38679 0.00077
0.38836 0.00126
0.38996 0.0017
0.39159 0.002090
0.39324 0.00245
0.39492 0.00276
0.39662 0.00304
0.39834 0.00329
0.40008 0.003510
0.40182 0.00372
0.40358 0.00391
0.40534 0.00409
0.40711 0.00426
0.40888 0.00444
0.41064 0.00461
0.41241 0.00479
0.41417 0.00497
0.41592 0.00516
0.41767 0.005360
0.419410 0.00557
0.42115 0.0058
0.42287 0.00604
0.42459 0.006290
0.4263 0.00655
0.428 0.00683
0.4296900 0.007120
0.43138 0.00743
0.43305 0.007760
0.43471 0.0081
0.43636 0.00846
0.438 0.00883
0.43963 0.00923
0.44125 0.00964
0.44286 0.010060
0.44445 0.01051
0.44604 0.01097
0.44761 0.01146
0.44917 0.01196
0.45072 0.01249
0.45225 0.01303
0.453770 0.0136
0.45528 0.01419
0.45677 0.0148
0.45826 0.01542
0.45973 0.01606
0.4612 0.01671
0.46266 0.017380
0.4641 0.01807
0.46553 0.01878
0.46695 0.01952
0.46835 0.02028
0.46973 0.02106
0.4711 0.02187
0.47245 0.02271
0.47379 0.02357
0.475110 0.02445
0.47642 0.02536
0.47771 0.02629
0.47899 0.027250
0.48025 0.02824
0.481490 0.02925
0.48271 0.03029
0.483920 0.03136
0.48511 0.03246
0.48628 0.03359
0.48743 0.03474
0.48856 0.035930
0.48967 0.03716
0.49076 0.03841
0.49183 0.03971
0.49287 0.04104
0.4939 0.0424
0.4949 0.04379
0.49588 0.04522
0.496850 0.046680
0.4978 0.04816
0.498730 0.04967
0.49964 0.05121
0.50054 0.05277
0.50142 0.05436
0.50229 0.05597
0.50313 0.05762
0.50396 0.0593
0.50475 0.06104
0.50551 0.06282
0.50623 0.06464
0.5069 0.06644
0.50749 0.06812
0.50799 0.06958
0.50837 0.07074
0.50863 0.07152
0.50879 0.071880
-Inserting Flap Ga2-
0.59775 0.203
0.59775 0.20255
0.59774 0.20167
0.59771 0.20035
0.59767 0.1987
0.5976 0.19681
0.59748 0.19478
0.5973 0.19273
0.59706 0.19072
0.59675 0.18878
0.596390 0.1869
0.59598 0.18505
0.59554 0.18325
0.59507 0.18147
0.59458 0.17971
0.59406 0.17798
0.593520 0.17628
0.59296 0.17459
0.59237 0.172920
0.59177 0.17127
0.59115 0.169650
0.59052 0.16803
0.58986 0.16644
0.58919 0.16486
0.58851 0.1633
0.58781 0.16175
0.58709 0.16022
0.58635 0.15871
0.58559 0.15722
0.5848100 0.15575
0.58402 0.1542900
0.58322 0.152840
0.58241 0.15141
0.58159 0.149980
0.58076 0.14856
0.57993 0.14715
0.57908 0.14575
0.578210 0.14436
0.57734 0.14299
0.576440 0.14163
0.57554 0.14029
0.574620 0.13896
0.57368 0.13765
0.57274 0.13634
0.57178 0.13505
0.57081 0.13377
0.56983 0.1325
0.5688400 0.13125
0.56784 0.13
0.56683 0.12876
0.5658 0.12754
0.56477 0.12632
0.563720 0.12512
0.56266 0.12394
0.561580 0.12277
0.56049 0.12161
0.55939 0.12046
0.55827 0.11933
0.55714 0.11821
0.556 0.1171
0.55484 0.11601
0.55367 0.11494
0.55248 0.11388
0.55128 0.11283
0.55006 0.1118
0.54884 0.1107800
0.54759 0.10977
0.54634 0.10877
0.54508 0.10779
0.54381 0.10681
0.542520 0.10585
0.5412 0.10492
0.53987 0.104
0.53851 0.10311
0.53713 0.10225
0.53571 0.10141
0.534280 0.1006
0.53282 0.09981
0.53133 0.09905
0.52981 0.09832
0.52826 0.09763
0.52667 0.096970
0.52503 0.09635
0.52335 0.09578
0.521630 0.09526
0.51985 0.09479
0.51804 0.09435
0.51618 0.093960
0.51428 0.093620
0.51231 0.09333
0.51026 0.09314
0.5081 0.093050
0.505810 0.09309
0.50339 0.09328
0.5009 0.09362
0.49846 0.0941
0.49615 0.09471
0.49407 0.09546
0.4923 0.09633
0.48985 0.09833
0.48924 0.09939
0.48906 0.10047
0.48935 0.10152
0.49002 0.10254
0.490990 0.10353
0.49218 0.10449
0.4935 0.1054
0.49488 0.10627
0.4963 0.1071
0.49776 0.10789
0.49925 0.10864
0.500790 0.10936
0.50235 0.110040
0.50395 0.1107
0.50556 0.11133
0.5072 0.111930
0.50886 0.11253
0.51053 0.11311
0.5122 0.11368
0.51388 0.11425
0.51557 0.11481
0.51725 0.11538
0.51893 0.11595
0.52060 0.11652
0.52227 0.1171
0.523930 0.11769
0.52558 0.1182900
0.52722 0.11890
0.528850 0.11952
0.53047 0.12015
0.532070 0.12079
0.53367 0.12145
0.53525 0.12212
0.53682 0.1228
0.53837 0.12349
0.53991 0.1242
0.54144 0.12492
0.54296 0.12565
0.54446 0.12640
0.54594 0.12716
0.54741 0.12794
0.54887 0.12873
0.55031 0.129540
0.55173 0.13037
0.55314 0.131210
0.55452 0.13207
0.5559 0.13295
0.55725 0.13384
0.558590 0.13475
0.55991 0.13568
0.56122 0.13662
0.56251 0.13758
0.56379 0.13855
0.56506 0.13953
0.56631 0.140520
0.56754 0.141540
0.56876 0.14257
0.56995 0.14363
0.57112 0.1447
0.57227 0.1458
0.57341 0.14692
0.57452 0.14806
0.57561 0.14922
0.57668 0.15039
0.57773 0.15159
0.57875 0.15282
0.579760 0.154060
0.58074 0.155320
0.5817 0.15661
0.58263 0.15793
0.58355 0.15927
0.58443 0.16063
0.58529 0.16202
0.58613 0.16343
0.58693 0.16487
0.587710 0.16634
0.58846 0.16784
0.58918 0.16937
0.58987 0.17093
0.59053 0.17251
0.59117 0.17413
0.59178 0.17576
0.59237 0.17742
0.59294 0.1791
0.59349 0.18081
0.59401 0.18253
0.59451 0.18428
0.59499 0.18604
0.59545 0.18784
0.59587 0.18966
0.596250 0.19153
0.59659 0.19344
0.59689 0.19538
0.59713 0.19728
0.59733 0.19904
0.59749 0.20058
0.5976 0.2018
0.59768 0.20262
0.59775 0.203
*.*.Setup: Ga2.txt as Flap 1, Inverted: y, Scale = 1.0, AoA = -2.0, Reposition from (0,0) = (0, 0)*.*.
*.*.Setup: Ga2.txt as Flap 2, Inverted: y, Scale = 0.4, AoA = 32.0, Reposition from previous T.E. = (0.0067, 0.08), Reposition from (0,0) = (1.0043, -0.004)*.*.
*.*.Setup: Ga2.txt as Flap 3, Inverted: y, Scale = 0.4, AoA = 45.0, Reposition from previous T.E. = (-0.06, 0.08), Reposition from (0,0) = (1.294, 0.2713)*.*.
*.*.Setup: Scale Ratio = 0.37577*.*.