0.38169 -0.005420
0.38091 -0.00626
0.37935 -0.00788
0.377040 -0.010280
0.37411 -0.01328
0.3707 -0.01666
0.36698 -0.02021
0.36309 -0.02372
0.35917 -0.02701
0.35524 -0.03008
0.351310 -0.03295
0.34737 -0.03567
0.34342 -0.03826
0.33947 -0.04075
0.33552 -0.04314
0.33157 -0.04546
0.32761 -0.04769
0.32365 -0.049850
0.319680 -0.05193
0.315720 -0.05395
0.31175 -0.0559
0.30778 -0.05779
0.30381 -0.05962
0.29984 -0.06139
0.29586 -0.0631
0.29188 -0.06475
0.2879 -0.06634
0.28392 -0.06786
0.27994 -0.06931
0.27595 -0.070710
0.27196 -0.07205
0.267970 -0.07334
0.26398 -0.07461
0.25999 -0.07584
0.25599 -0.07705
0.252 -0.07822
0.248 -0.07934
0.2440 -0.08042
0.24 -0.08145
0.236 -0.08242
0.232 -0.08334
0.22799 -0.084210
0.22399 -0.08504
0.21998 -0.0858200
0.21597 -0.08656
0.21196 -0.08726
0.20794 -0.08792
0.20393 -0.08854
0.19992 -0.08912
0.1959 -0.08966
0.19188 -0.09016
0.18786 -0.09062
0.18384 -0.09103
0.17982 -0.0914
0.17579 -0.09171
0.17177 -0.09198
0.16774 -0.09219
0.16371 -0.09236
0.15968 -0.09248
0.15564 -0.09255
0.15161 -0.09257
0.14757 -0.09254
0.14353 -0.09246
0.13949 -0.09232
0.13545 -0.092130
0.13141 -0.0919
0.12736 -0.09162
0.12332 -0.09131
0.11927 -0.090960
0.11522 -0.09056
0.111170 -0.0901
0.10711 -0.08957
0.10305 -0.08896
0.09899 -0.08826
0.094930 -0.08746
0.09087 -0.08658
0.0868 -0.0856
0.08272 -0.08453
0.07865 -0.08336
0.07457 -0.08209
0.07048 -0.08070
0.06639 -0.07917
0.0623 -0.07748
0.0582 -0.07563
0.05409 -0.07361
0.04998 -0.07143
0.04586 -0.06909
0.04174 -0.06661
0.03761 -0.06396
0.03348 -0.06108
0.02933 -0.05789
0.02517 -0.05432
0.02099 -0.05028
0.01682 -0.045730
0.01281 -0.04081
0.0091 -0.0357
0.005880 -0.03056
0.00331 -0.02557
0.00154 -0.02089
0.00045 -0.012960
0.00115 -0.00991
0.00269 -0.00763
0.00503 -0.00616
0.00805 -0.00542
0.01156 -0.00527
0.01542 -0.00555
0.01945 -0.00614
0.02351 -0.00691
0.027580 -0.00783
0.03165 -0.00889
0.03573 -0.01009
0.03981 -0.01141
0.0439 -0.01285
0.04799 -0.01439
0.05208 -0.01603
0.056180 -0.01773
0.06027 -0.019490
0.06437 -0.0213
0.068470 -0.02314
0.07257 -0.025
0.07667 -0.026860
0.08077 -0.02873
0.084870 -0.03057
0.08897 -0.0324
0.09307 -0.03421
0.09717 -0.03598
0.10127 -0.03773
0.10536 -0.03943
0.10945 -0.0411
0.11355 -0.04273
0.11764 -0.04432
0.12173 -0.04586
0.12582 -0.04736
0.1299 -0.04881
0.13399 -0.05022
0.13807 -0.05158
0.14215 -0.05288
0.14623 -0.05414
0.15031 -0.05535
0.15438 -0.05650
0.158460 -0.0576
0.16253 -0.05864
0.1666 -0.05963
0.17067 -0.06056
0.1747300 -0.061430
0.1788 -0.062240
0.18286 -0.06298
0.18692 -0.06367
0.19098 -0.06429
0.19503 -0.06485
0.19909 -0.06537
0.20314 -0.06584
0.207190 -0.06626
0.21124 -0.06663
0.21528 -0.06695
0.219330 -0.06720
0.22337 -0.06738
0.22741 -0.06749
0.23145 -0.06752
0.23548 -0.06747
0.23951 -0.06735
0.24354 -0.067160
0.24757 -0.0669
0.251590 -0.06657
0.25561 -0.06616
0.25963 -0.06567
0.2636500 -0.0651
0.26766 -0.06445
0.27167 -0.063720
0.27568 -0.0629
0.27968 -0.06199
0.28368 -0.061
0.28768 -0.05991
0.291670 -0.05873
0.29566 -0.05746
0.29965 -0.05608
0.30364 -0.05459
0.30762 -0.053
0.31159 -0.0513
0.31556 -0.0495
0.31953 -0.047620
0.3235 -0.045640
0.32746 -0.04358
0.33143 -0.04145
0.33538 -0.03923
0.33934 -0.03694
0.34329 -0.034570
0.34724 -0.03212
0.35119 -0.02958
0.35513 -0.02692
0.35907 -0.024130
0.363 -0.02117
0.3669 -0.01808
0.37064 -0.01498
0.37406 -0.01205
0.37701 -0.00946
0.37934 -0.0074
0.3809 -0.00601
0.38169 -0.005420
-Inserting Flap Ga2-
0.4981 0.08764
0.49796 0.08721
0.49767 0.08635
0.49724 0.08509
0.49668 0.08351
0.49602 0.08171
0.49527 0.07979
0.49445 0.07786
0.49359 0.07601
0.492680 0.07423
0.49174 0.072520
0.490770 0.07087
0.48978 0.06927
0.48877 0.0677
0.48774 0.06616
0.4867 0.06465
0.48564 0.0631800
0.48457 0.06172
0.4834800 0.0603
0.48239 0.0589
0.48128 0.05752
0.48016 0.05616
0.47903 0.05483
0.47789 0.05352
0.47674 0.05222
0.47557 0.05095
0.47440 0.0497
0.47321 0.048480
0.47201 0.04728
0.4708 0.0461
0.46958 0.04494
0.468360 0.0438
0.46712 0.04266
0.46588 0.04154
0.46464 0.04043
0.46339 0.03933
0.46213 0.03824
0.460860 0.03718
0.45959 0.03613
0.4583 0.0351
0.457010 0.03409
0.4557 0.0331
0.45439 0.03212
0.45307 0.03116
0.45174 0.030210
0.4504 0.02928
0.44906 0.02836
0.44771 0.02746
0.44635 0.02657
0.44499 0.0257
0.443620 0.02483
0.44224 0.02399
0.44085 0.02316
0.43945 0.02235
0.43804 0.02155
0.43663 0.02078
0.43521 0.02002
0.43377 0.01927
0.43233 0.01855
0.43088 0.01784
0.42942 0.01715
0.42796 0.01648
0.42648 0.01583
0.42499 0.0152
0.42349 0.01458
0.42199 0.01398
0.420470 0.0134
0.41895 0.01283
0.41743 0.01227
0.415890 0.01173
0.41434 0.01121
0.41278 0.01072
0.41121 0.01025
0.40962 0.00982
0.408010 0.00942
0.406390 0.00906
0.40475 0.00873
0.40309 0.00842
0.40142 0.00816
0.39972 0.00793
0.39801 0.00774
0.39626 0.00761
0.3945 0.007530
0.3927 0.0075
0.39087 0.00754
0.3890100 0.00764
0.38712 0.00779
0.3852 0.00799
0.38326 0.00826
0.38127 0.0086
0.37923 0.00905
0.37712 0.0096500
0.37492 0.01040
0.37264 0.01135
0.37035 0.01245
0.36815 0.01368
0.36611 0.015
0.36434 0.016380
0.3629 0.01777
0.36117 0.02046
0.36091 0.02168
0.36108 0.02277
0.36168 0.0237
0.362650 0.02448
0.3639 0.02513
0.36534 0.02568
0.3669 0.02615
0.3685 0.02655
0.37013 0.02691
0.37179 0.02721
0.37347 0.02747
0.375170 0.02768
0.3769 0.02785
0.37864 0.02798
0.3804 0.02808
0.38218 0.02815
0.38396 0.02821
0.38575 0.02824
0.38755 0.02827
0.38935 0.02829
0.391150 0.02831
0.39295 0.028320
0.39475 0.02835
0.39655 0.028380
0.39834 0.02842
0.40012 0.028470
0.40190 0.02853
0.40367 0.0286
0.40544 0.028690
0.4072 0.02879
0.40895 0.02890
0.41069 0.02904
0.41243 0.02918
0.41416 0.02935
0.41588 0.02953
0.41758 0.02973
0.41929 0.02994
0.42098 0.03018
0.42266 0.03043
0.42433 0.03070
0.42599 0.03099
0.42765 0.0313
0.42929 0.03163
0.43092 0.03198
0.43254 0.03235
0.43415 0.03275
0.43575 0.033160
0.43734 0.0336
0.43891 0.03406
0.44048 0.03454
0.44204 0.03504
0.44358 0.03556
0.44512 0.03609
0.44665 0.03664
0.44817 0.03721
0.44968 0.0378
0.45118 0.03842
0.45266 0.03906
0.45413 0.03973
0.45559 0.04043
0.45703 0.04116
0.45846 0.041910
0.45987 0.04268
0.46127 0.04348
0.46266 0.044310
0.46404 0.04517
0.4654 0.04605
0.46674 0.04697
0.468070 0.04791
0.46938 0.04888
0.47068 0.04989
0.47197 0.050930
0.47323 0.052
0.47448 0.0531
0.47571 0.05424
0.47692 0.05541
0.47812 0.056620
0.47929 0.057870
0.48044 0.05916
0.48158 0.06048
0.4827 0.06184
0.4838 0.06322
0.48489 0.06464
0.48597 0.06608
0.48703 0.06756
0.488080 0.06906
0.48911 0.070580
0.49013 0.07214
0.49113 0.07373
0.49211 0.07536
0.493060 0.07704
0.493990 0.07877
0.49488 0.08055
0.49571 0.08231
0.49646 0.083950
0.49709 0.08539
0.49758 0.08653
0.49792 0.08729
0.4981 0.08764
-Inserting Flap Ga2-
0.60742 0.22068
0.60743 0.22023
0.60741 0.21933
0.60739 0.217990
0.60735 0.216320
0.60728 0.2144
0.60716 0.212340
0.60698000 0.21026
0.60673 0.20822
0.60642 0.20625
0.60605 0.20434
0.60564 0.20247
0.60519 0.20064
0.60471 0.19883
0.60421 0.19705
0.60368 0.1953
0.60314 0.19356
0.60257 0.19185
0.601980 0.19016
0.601370 0.18849
0.60074 0.18684
0.60009 0.1852
0.59943 0.18358
0.59875 0.18198
0.59805 0.1804
0.59734 0.17883
0.59661 0.17728
0.59586 0.17575
0.59509 0.17423
0.5943 0.17274
0.5935 0.17126
0.59269 0.16979
0.591860 0.16833
0.59103 0.16688
0.59019 0.16544
0.589340 0.16401
0.588480 0.16259
0.58761 0.16118
0.58672 0.15979
0.58581 0.15841
0.58489 0.15705
0.58396 0.1557
0.58301 0.15437
0.58205 0.15305
0.58108 0.15174
0.5801 0.15044
0.5791 0.14915
0.5781 0.14788
0.57708 0.14661
0.57606 0.14536
0.57502 0.14411
0.57397 0.14288
0.5729 0.14167
0.57182 0.14046
0.57073 0.13927
0.56963 0.1381
0.5685100 0.13693
0.56737 0.13578
0.56623 0.13465
0.56507 0.13353
0.56389 0.13242
0.5627 0.13133
0.5615 0.130250
0.56028 0.12919
0.55905 0.12814
0.5578 0.12711
0.55654 0.12609
0.55527 0.12507
0.55399 0.12407
0.55270 0.123080
0.55139 0.12211
0.55006 0.12116
0.5487 0.12023
0.54732 0.11933
0.54592 0.11846
0.54449 0.11761
0.54303 0.11678
0.54155 0.11598
0.54004 0.11521
0.5385 0.11447
0.53692 0.11376
0.53531 0.1131
0.53365 0.11247
0.53194 0.1119
0.53019 0.11137
0.528390 0.11088
0.52655 0.11044
0.52467 0.11005
0.52274 0.1097
0.52074 0.10941
0.51866 0.10921
0.516470 0.10912
0.51414 0.10916
0.51168 0.10936
0.509170 0.10970
0.50669 0.11019
0.50434 0.11081
0.50223 0.11157
0.50044 0.11245
0.49795 0.11448
0.497330 0.11556
0.497150 0.11665
0.49744 0.11771
0.49812 0.11875
0.49911 0.11976
0.50031 0.12073
0.501650 0.12165
0.50305 0.12254
0.50449 0.12338
0.505970 0.1241800
0.50749 0.1249400
0.50905 0.12567
0.51063 0.12636
0.51225 0.12702
0.51389 0.12766
0.51556 0.12828
0.51724 0.12888
0.51893 0.12947
0.52063 0.13005
0.52234 0.13063
0.52405 0.1312
0.52575 0.13178
0.52746 0.13235
0.52915 0.13294
0.530850 0.13353
0.53253 0.134130
0.5342 0.13473
0.53587 0.13535
0.53752 0.13598
0.539160 0.13662
0.54079 0.137270
0.54241 0.13794
0.54401 0.13861
0.54560 0.1393
0.547180 0.140010
0.54875 0.14072
0.5503 0.14145
0.55184 0.1422
0.55336 0.14296
0.55486 0.14373
0.55636 0.14452
0.55783 0.14533
0.55929 0.14615
0.56074 0.14699
0.56216 0.14784
0.56357 0.148710
0.56496 0.1496
0.56634 0.15051
0.56769 0.15144
0.56903 0.15238
0.570360 0.15333
0.57167 0.1543
0.57297 0.15528
0.57426 0.156280
0.57553 0.15729
0.5767800 0.15832
0.57801 0.15937
0.57922 0.16044
0.58041 0.161530
0.58158 0.162640
0.58273 0.16378
0.58385 0.16493
0.58496 0.16611
0.58605 0.1673
0.58711 0.16852
0.58815 0.16976
0.58917 0.17102
0.59017 0.17231
0.591140 0.17362
0.59209 0.174950
0.59302 0.176310
0.59392 0.17769
0.59479 0.1791
0.59564 0.18053
0.59645 0.18199
0.59725 0.183480
0.59801 0.185010
0.59873 0.186560
0.59944 0.18814
0.60011 0.18975
0.60075 0.19138
0.60138 0.193040
0.60197 0.19473
0.60255 0.19643
0.6031 0.19816
0.60363 0.19991
0.604140 0.20168
0.604630 0.20348
0.605090 0.2053
0.60552 0.20715
0.60591 0.20904
0.60626 0.21098
0.60655 0.21295
0.6068 0.214870
0.607 0.21666
0.60716 0.21823
0.607280 0.21946
0.60736 0.2203
0.60742 0.22068
*.*.Setup: Ga2.txt as Flap 1, Inverted: y, Scale = 1.0, AoA = 2.0, Reposition from (0,0) = (0, 0)*.*.
*.*.Setup: Ga2.txt as Flap 2, Inverted: y, Scale = 0.4, AoA = 27.0, Reposition from previous T.E. = (-0.06, 0.08), Reposition from (0,0) = (0.9411, 0.0658)*.*.
*.*.Setup: Ga2.txt as Flap 3, Inverted: y, Scale = 0.4, AoA = 45.0, Reposition from previous T.E. = (-0.01, 0.08), Reposition from (0,0) = (1.2964, 0.3099)*.*.
*.*.Setup: Scale Ratio = 0.38127*.*.