0.36923 0.05848
0.36716 0.056190
0.36415 0.05286
0.36059 0.04956
0.35625 0.04631
0.35094 0.04293
0.3445 0.03926
0.3369 0.03529
0.32821 0.031070
0.31868 0.02671
0.30856 0.02231
0.2981 0.01796
0.28746 0.01372
0.27674 0.00964
0.26598 0.00574
0.25518 0.00203
0.24432 -0.00149
0.23333 -0.00484
0.22218 -0.00805
0.21081 -0.01115
0.19918 -0.01418
0.18731 -0.01717
0.17525 -0.02015
0.16313 -0.0231
0.15109 -0.02599
0.13932 -0.02876
0.12799 -0.031330
0.1173 -0.03359
0.10736 -0.03546
0.09812 -0.03685
0.08943 -0.03775
0.08118 -0.03817
0.07328 -0.03811
0.06567 -0.037580
0.05832 -0.0366
0.05124 -0.03517
0.04444 -0.03333
0.03799 -0.03112
0.03196 -0.02861
0.02646 -0.02593
0.02161 -0.023220
0.017440 -0.02059
0.01394 -0.0181
0.011030 -0.01577
0.00863 -0.01359
0.006640 -0.011540
0.00499 -0.00963
0.00363 -0.00784
0.00252 -0.00615
0.00162 -0.0045600
0.00091 -0.00305
0.00038 -0.00160
0.000086 -0.00022
-0.00012 0.00112000
0.000005 0.00247
0.00058 0.003720
0.00163 0.00472
0.00299 0.00547
0.0046 0.00608
0.00646 0.00660
0.00861 0.00709
0.01114 0.00757
0.01416 0.00806
0.01785 0.00856
0.02246 0.0091
0.02833 0.00968
0.03572 0.0103
0.04461 0.0109
0.05461 0.01138
0.065380 0.01165
0.076830 0.01174
0.08887 0.01171
0.10130 0.01163
0.1139 0.01153
0.12647 0.01144
0.13889 0.01139
0.151120 0.01141
0.16314 0.01153
0.17495 0.011780
0.186570 0.01218
0.19801 0.01275
0.20929 0.01351
0.22043 0.01447
0.2314400 0.01565
0.24233 0.01706
0.25313 0.0187
0.26383 0.02058
0.274450 0.02271
0.28498 0.02509
0.29539 0.0277
0.30565 0.03054
0.31567 0.03358
0.32529 0.03678
0.3343 0.04006
0.34245 0.04332
0.34958 0.04649
0.35564 0.04953
0.36072 0.05245
0.36495 0.05523
0.36923 0.05848
-Inserting Flap s1223rtl-
0.53863 0.15616
0.53795 0.15478
0.53696 0.15276
0.53571 0.15069
0.53407 0.14853
0.53198 0.14617
0.52939 0.14352
0.52628 0.14056
0.52269 0.13734
0.51871 0.13393
0.51445 0.130420
0.51003 0.12689
0.5055 0.12338
0.50091 0.11995
0.49627 0.11659
0.49159 0.11332
0.48686 0.11013
0.48204 0.107
0.47712 0.10392
0.47208 0.10087
0.46691 0.09781
0.461620 0.09473
0.45623 0.09164
0.45081 0.08855
0.44543 0.0855
0.44015 0.08255
0.43506 0.079750
0.43023 0.07719
0.42571 0.07493
0.42146 0.072980
0.417410 0.07135
0.4135 0.070010
0.4097 0.06895
0.40597 0.06816
0.4023 0.06762
0.3987 0.06733
0.39518 0.067280
0.39177 0.06745
0.38853 0.06782
0.38552 0.06835
0.38281 0.06899
0.38045 0.06968
0.37842 0.0703900
0.3767 0.07111
0.37524 0.07183
0.37401 0.07254
0.37295 0.073230
0.37205 0.0739
0.37128 0.07456
0.37063 0.0752
0.37008 0.07583
0.36963 0.07645
0.36927 0.077070
0.36901 0.077690
0.36889 0.07836
0.36899 0.07904
0.36936 0.07966
0.36991 0.08021
0.3706 0.08073
0.37142 0.08123
0.372390 0.08177
0.37354 0.08234
0.37492 0.08299
0.37662 0.08375
0.37877 0.08464
0.38151 0.08573
0.38497 0.08704
0.38916 0.08856
0.3939 0.09016
0.39904 0.09178
0.40454 0.09340
0.41033 0.09505
0.41631 0.096720
0.42238 0.09841
0.42843 0.1001
0.434410 0.10179
0.44028 0.10348
0.44604 0.1052
0.45169 0.10694
0.45722 0.10874
0.462640 0.11059
0.46796 0.11251
0.47317 0.1145
0.4783 0.116590
0.48335 0.11877
0.48831 0.12104
0.493190 0.12343
0.49801 0.12591
0.50274 0.12850
0.50738 0.13119
0.51192 0.13397
0.51632 0.13682
0.5205 0.13968
0.52438 0.1425
0.527850 0.14519
0.53083 0.147690
0.53333 0.149990
0.53537 0.15209
0.53702 0.15401
0.53863 0.15616
-Inserting Flap s1223rtl-
0.66183 0.28206
0.6614 0.28058
0.660780 0.27843
0.65991 0.27616
0.65867 0.27375
0.657020 0.27107
0.65493 0.26801
0.652390 0.2645600
0.64941 0.26076
0.64608 0.25671
0.6425 0.25252
0.63875 0.24827
0.6349 0.24403
0.63097 0.23985
0.62699 0.23574
0.62295 0.2317
0.61884 0.22774
0.61464 0.22382
0.61033 0.21994
0.605900 0.21605
0.60134 0.21214
0.59666 0.20819
0.59189 0.20421
0.58709 0.20023
0.58232 0.19629
0.577630 0.19247
0.573110 0.18883
0.5688 0.18547
0.56474 0.18245
0.5608900 0.1798
0.55719 0.17749
0.55357 0.1755
0.55 0.17379
0.54647 0.17236
0.54295 0.17119
0.53946 0.17028
0.536 0.16962
0.53261 0.1692
0.52935 0.169
0.5263 0.169
0.52352 0.16916
0.52107 0.16943
0.51895 0.16978
0.517130 0.17019
0.51557 0.17064
0.51423 0.17112
0.51307 0.171620
0.51207 0.17213
0.5112 0.17264
0.51045 0.17316
0.5098 0.17369
0.50924 0.174220
0.50878 0.17476
0.50842 0.17533
0.50818 0.17597
0.50817 0.176660
0.50842 0.17733
0.508870 0.17797
0.50946 0.1786
0.510180 0.17924
0.51104 0.17993
0.51207 0.1807
0.513320 0.18158
0.51486 0.18262
0.516820 0.18387
0.51933 0.18542
0.52251 0.18731
0.52638 0.18953
0.53077 0.19194
0.53555 0.19442
0.54068 0.19697
0.54609 0.1996
0.55169 0.20228
0.55738 0.205
0.56305 0.20772
0.56864 0.210420
0.57413 0.21311
0.57951 0.21579
0.58476 0.2185
0.5899 0.22122
0.59491 0.22398
0.59981 0.2268
0.60461 0.22967
0.6093 0.23262
0.613880 0.23564
0.61838 0.23874
0.622770 0.24193
0.62708 0.24522
0.63129 0.24859
0.63540 0.25205
0.63939 0.25557
0.64322 0.25914
0.64684 0.26268
0.65017 0.26613
0.65312 0.26938
0.65563 0.27237
0.65769 0.27507
0.65933 0.27749
0.66062 0.27967
0.66183 0.28206
*.*.Setup: s1223rtl.txt as Flap 1, Inverted: y, Scale = 1.0, AoA = 9.0, Reposition from (0,0) = (0, 0)*.*.
*.*.Setup: s1223rtl.txt as Flap 2, Inverted: y, Scale = 0.5, AoA = 25.0, Reposition from previous T.E. = (0.0, 0.05), Reposition from (0,0) = (0.9877, 0.2064)*.*.
*.*.Setup: s1223rtl.txt as Flap 3, Inverted: y, Scale = 0.5, AoA = 35.0, Reposition from previous T.E. = (-0.08, 0.05), Reposition from (0,0) = (1.3608, 0.4677)*.*.
*.*.Setup: Scale Ratio = 0.37383*.*.