0.36809 -0.03099
0.36728 -0.031750
0.36567 -0.03322
0.363270 -0.03538
0.36024 -0.03807
0.356720 -0.04111
0.35289 -0.04428
0.3489 -0.04741
0.34489 -0.050320
0.34089 -0.05302
0.3369 -0.05553
0.33291 -0.057880
0.32893 -0.060110
0.32495 -0.06225
0.32097 -0.0643
0.317 -0.06626
0.31303 -0.06815
0.30906 -0.06997
0.30509 -0.07171
0.30113 -0.07339
0.29717 -0.075
0.29321 -0.07656
0.28925 -0.07806
0.2853 -0.0795
0.28134 -0.08089
0.27739 -0.08221
0.27344 -0.08348
0.26949 -0.08467
0.26555 -0.08581
0.26161 -0.08688
0.25767 -0.0879
0.25373 -0.08889
0.24979 -0.08984
0.24585 -0.09076
0.24191 -0.09165
0.23798 -0.09251
0.23405 -0.09333
0.23011 -0.0941
0.22618 -0.09482
0.22225 -0.09549
0.21833 -0.09611
0.2144 -0.09668
0.21048 -0.09721
0.20656 -0.0977
0.20264 -0.09814
0.19872 -0.098540
0.19480 -0.09891
0.19088 -0.09923
0.18697 -0.09952
0.18305 -0.09978
0.17914 -0.09999
0.17523 -0.10016
0.17132 -0.10028
0.16741 -0.100360
0.16351 -0.1004
0.1596 -0.10038
0.1557 -0.10032
0.1518 -0.10021
0.1479 -0.10005
0.144 -0.09985
0.1401 -0.0996
0.13621 -0.0993
0.13231 -0.09894
0.12842 -0.09854
0.12453 -0.09808
0.12065 -0.09758
0.11676 -0.09704
0.11288 -0.09647
0.10899 -0.0958500
0.10511 -0.09519
0.10123 -0.09448
0.09735 -0.09369
0.09348 -0.09283
0.0896 -0.09188
0.08574 -0.09084
0.08187 -0.08971
0.07801 -0.088490
0.07415 -0.08718
0.07029 -0.08578
0.06644 -0.08428
0.06259 -0.082660
0.05875 -0.0809
0.05491 -0.079
0.05107 -0.07693
0.047250 -0.07471
0.04343 -0.07233
0.03961 -0.06979
0.0358 -0.06711
0.03199 -0.06428
0.02819 -0.06122
0.0244 -0.057870
0.02063 -0.05414
0.01687 -0.04995
0.01315 -0.04528
0.00961 -0.040260
0.00638 -0.03507
0.00362 -0.02989
0.00147 -0.0249
7e-05 -0.02027
-0.00044 -0.012540
0.00044 -0.00965
0.00208 -0.00754
0.00444 -0.00629
0.0074 -0.00578
0.01081 -0.00587
0.01451 -0.0064
0.01836 -0.00724
0.02223 -0.008260
0.0261 -0.00942
0.02996 -0.01072
0.03381 -0.01215
0.03766 -0.0137
0.04151 -0.01537
0.04535 -0.01713
0.04919 -0.01899
0.05303 -0.020910
0.05687 -0.02289
0.0607 -0.02491
0.06454 -0.02696
0.06837 -0.02903
0.0722 -0.03111
0.07603 -0.033180
0.07987 -0.03524
0.0837 -0.03728
0.08754 -0.0393
0.09137 -0.04129
0.09521 -0.04325
0.09905 -0.04518
0.10288 -0.04707
0.10673 -0.04891
0.11057 -0.05072
0.11441 -0.05249
0.11826 -0.05421
0.1221 -0.05589
0.12595 -0.05752
0.1298 -0.05911
0.13365 -0.06064
0.13751 -0.062130
0.14136 -0.06357
0.14522 -0.06496
0.14908 -0.0663
0.15294 -0.06758
0.1568 -0.06881
0.16066 -0.06998
0.16453 -0.07109
0.1684 -0.07215
0.172270 -0.07314
0.17614 -0.07408
0.18001 -0.07495
0.18389 -0.075770
0.18777 -0.07654
0.19165 -0.07726
0.19553 -0.07795
0.19941 -0.07858
0.2033 -0.07916
0.20719 -0.07967
0.21108 -0.08012
0.21497 -0.0805
0.21886 -0.0808
0.22276 -0.081030
0.22666 -0.08119
0.23056 -0.08127
0.23447 -0.081290
0.23837 -0.0812400
0.242280 -0.08112
0.24619 -0.080920
0.25011 -0.08064
0.25403 -0.08028
0.25795 -0.07985
0.26187 -0.07933
0.2658 -0.07872
0.26973 -0.07803
0.27366 -0.07725
0.27759 -0.07639
0.28153 -0.07542
0.28547 -0.07436
0.28942 -0.07319
0.29337 -0.07192
0.29732 -0.07055
0.3012800 -0.06909
0.30524 -0.06753
0.3092 -0.0659
0.31317 -0.06418
0.31713 -0.06238
0.3211 -0.06051
0.32508 -0.05856
0.329050 -0.05654
0.33303 -0.05445
0.33701 -0.05226
0.341 -0.04996
0.34499 -0.04753
0.34898 -0.04494
0.35296 -0.04222
0.35678 -0.03948
0.36028 -0.03688
0.3633 -0.03459
0.36568 -0.03275
0.36729 -0.03152
0.36809 -0.03099
-Inserting Flap Ga2-
0.50533 0.05906
0.5052 0.05864
0.50491 0.05781
0.5045 0.05659
0.50396 0.05506
0.50332 0.05332
0.50259 0.05146
0.5018 0.0496
0.50096 0.0478
0.50009 0.04608
0.499180 0.04443
0.49824 0.04283
0.49728 0.04128
0.4963 0.03976
0.49531 0.03827
0.4943 0.03681
0.493270 0.03538
0.492240 0.03398
0.49119 0.0326
0.490130 0.031240
0.48905 0.02991
0.48797 0.02860
0.48688 0.02731
0.48577 0.02603
0.48466 0.024780
0.48353 0.02355
0.4824 0.02234
0.48125 0.02116
0.48009 0.02
0.47892 0.01886
0.47774 0.017740
0.47655 0.01663
0.47536 0.01553
0.47416 0.01444
0.47295 0.01337
0.47174 0.01231
0.470530 0.01126
0.4693 0.01022
0.46806 0.00921
0.46682 0.00821
0.46557 0.00724
0.4643 0.00627
0.46303 0.00533
0.46176 0.0044
0.46047 0.00348
0.45918 0.00258000
0.45788 0.0017
0.45657 0.00082
0.45526 -4e-05
0.45394 -0.00089
0.45261 -0.00172
0.45127 -0.002540
0.44993 -0.00334
0.44858 -0.00413
0.44722 -0.00489
0.44585 -0.00565
0.44447 -0.00638
0.44308 -0.0071
0.44169 -0.0078
0.44029 -0.00849
0.43888 -0.00915
0.43745 -0.0098
0.43602 -0.01043
0.43458 -0.01105
0.43313 -0.01164
0.43168 -0.01222
0.43021 -0.01279
0.42874 -0.01334
0.42726 -0.01388
0.42578 -0.0144
0.42428 -0.0149
0.42277 -0.01538
0.42125 -0.01583
0.41971 -0.01625
0.41816 -0.01663
0.41658 -0.01699
0.415 -0.01731
0.41339 -0.0176
0.41177 -0.01786
0.41013 -0.01808
0.408470 -0.018260
0.40679 -0.01839
0.40508 -0.01847
0.40333 -0.01849
0.40156 -0.01845
0.39976 -0.01836
0.39794 -0.01822
0.39608 -0.01802
0.3942 -0.01776
0.39228 -0.01743
0.39031 -0.01699
0.38826 -0.01642
0.38614 -0.01568
0.38393 -0.01477
0.38171 -0.0137
0.37958 -0.01251
0.37761 -0.01124
0.375890 -0.00991
0.3745 -0.00856
0.37282 -0.005950
0.37257 -0.00477
0.37274 -0.00371
0.37332 -0.00282
0.37426 -0.00207
0.37546 -0.001440
0.37686 -0.0009
0.378370 -0.00045
0.37992 -6e-05
0.3815 0.00029
0.3831 0.00058
0.38473 0.00083
0.38638 0.00103
0.38805 0.00119
0.38974 0.00132
0.39144 0.00142
0.39315 0.001490
0.39488 0.001540
0.39661 0.00158
0.39835 0.0016
0.40009 0.0016200
0.40184 0.00164
0.40358 0.00166
0.4053200 0.00168
0.40706 0.00171
0.40879 0.00175
0.41052 0.00179
0.41224 0.001850
0.41396 0.00192
0.41567 0.00201
0.41737 0.00211
0.41906 0.00222
0.42075 0.00235
0.42243 0.00249
0.4241 0.00265
0.42576 0.002820
0.42742 0.003010
0.42906 0.00322
0.4307 0.00345
0.43233 0.003690
0.43395 0.00396
0.43556 0.00424
0.43716 0.00454
0.43875 0.004860
0.44032 0.005190
0.44189 0.00555
0.44345 0.00594
0.445 0.00634
0.44653 0.00676
0.44806 0.007210
0.44957 0.0076700
0.45108 0.00816
0.45258 0.008660
0.45407 0.00917
0.45555 0.0097
0.45702 0.01025
0.45848 0.01083
0.45993 0.01142
0.46136 0.01205
0.46278 0.0127
0.46419 0.01337
0.46559 0.01407
0.46697 0.0148
0.46834 0.01555
0.46969 0.01633
0.47104 0.01713
0.47237 0.01796
0.47368 0.01881
0.47499 0.0197
0.47627 0.020610
0.47754 0.02155
0.47880 0.02252
0.48004 0.02353
0.48127 0.02456
0.48247 0.02563
0.48367 0.02673
0.48484 0.02787
0.48599 0.02904
0.48713 0.03025
0.48825 0.0315
0.48935 0.03278
0.490430 0.03409
0.4915 0.03543
0.49255 0.0368
0.49359 0.03820
0.49462 0.03962
0.49563 0.04107
0.49663 0.04255
0.49762 0.044060
0.49858 0.04559
0.49953 0.04717
0.50046 0.0488
0.50135 0.05047
0.50222 0.0522
0.50302 0.0539
0.50374 0.05549
0.50435 0.05687
0.50483 0.05798
0.50515 0.05872
0.50533 0.05906
-Inserting Flap Ga2-
0.59886 0.196150
0.59892 0.19571
0.59901 0.19484
0.59913 0.193560
0.59928 0.19194
0.59943 0.19009
0.59954 0.1881
0.5996 0.18608
0.59959 0.18409
0.59951 0.18217
0.59938 0.18029
0.59919 0.17844
0.59897 0.17663
0.59871 0.17484
0.59843 0.17307
0.59812 0.17133
0.59779 0.1696
0.59743 0.16789
0.59705 0.1662
0.59666 0.16453
0.59624 0.16287
0.5958 0.16122
0.59534 0.15959
0.59487 0.15798
0.59438 0.15637
0.59387 0.15479
0.59334 0.15321
0.59279 0.15166
0.59222 0.15012
0.59164 0.14859
0.59103 0.14708
0.59042 0.145580
0.58979 0.144080
0.58915 0.1426
0.58851 0.14112
0.58785 0.13964
0.58718 0.13818
0.5865 0.13673
0.5858 0.1353
0.58508 0.13387
0.58435 0.13246
0.58361 0.13106
0.58285 0.12967
0.58207 0.12829
0.58129 0.12692
0.58049 0.12556
0.57968 0.12422
0.57886 0.12288
0.578020 0.12155
0.57717 0.120220
0.576320 0.11891
0.57544 0.11761
0.57456 0.11632
0.57366 0.11504
0.57274 0.11378
0.57181 0.11252
0.5708700 0.111280
0.56991 0.11005
0.56893 0.10883
0.56794 0.10762
0.56694 0.10643
0.56592 0.10524
0.56488 0.10407
0.56383 0.10291
0.56276 0.10177
0.56168 0.10063
0.56058 0.09951
0.55948 0.0984
0.55836 0.09729
0.55723 0.09619
0.556080 0.09511
0.5549 0.09405
0.55371 0.09301
0.55248 0.09198
0.55123 0.09098
0.54995 0.09001
0.54864 0.08905
0.547310 0.08812
0.54594 0.08721
0.54454 0.08632
0.54311 0.08546
0.54163 0.08464
0.54011 0.08386
0.53854 0.08311
0.53691 0.08240
0.53524 0.08174
0.53352 0.08111
0.53175 0.08051
0.52994 0.07996
0.52805 0.07946
0.52607 0.07903
0.52397 0.0787
0.52174 0.07848
0.51935 0.07839
0.51689 0.07844
0.51445 0.07863
0.5121300 0.07897
0.51002 0.07946
0.50819 0.0801
0.505580 0.08177
0.504860 0.08274
0.50456 0.08377
0.50472 0.08483
0.50526 0.0859
0.50609 0.08698
0.50714 0.08804
0.50833 0.089090
0.50957 0.09009
0.51086 0.09106
0.51219 0.092
0.51357 0.0929
0.51498 0.09377
0.51643 0.09462
0.51791 0.09544
0.519420 0.09624
0.52095 0.09702
0.52249 0.097780
0.52405 0.09854
0.52562 0.09929
0.52720 0.10004
0.52878 0.10078
0.53035 0.10152
0.53193 0.10227
0.53349 0.10302
0.53505 0.10378
0.5366 0.10454
0.53814 0.10531
0.53967 0.106090
0.54119 0.10688
0.5427 0.10768
0.54419 0.10849
0.54567 0.10931
0.54714 0.11014
0.54859 0.11098
0.55003 0.111840
0.551450 0.1127
0.55286 0.113580
0.55425 0.11447
0.55563 0.11537
0.55699 0.11628
0.55833 0.11721
0.55966 0.11815
0.56097 0.1191
0.56227 0.12007
0.56354 0.12105
0.5648 0.12205
0.56604 0.12306
0.567260 0.12409
0.56845 0.12513
0.56964 0.12618
0.57081 0.12725
0.57196 0.12833
0.5731 0.12942
0.57422 0.13052
0.57533 0.13163
0.57642 0.13276
0.57748 0.133910
0.57853 0.13508
0.57955 0.13626
0.58054 0.13746
0.58152 0.13868
0.58247 0.13992
0.5834 0.14117
0.58431 0.14244
0.5852 0.14373
0.58606 0.14504
0.5869 0.14637
0.58771 0.14771
0.5885 0.14908
0.58926 0.15047
0.59 0.15188
0.59071 0.15331
0.59139 0.15476
0.59204 0.15623
0.59267 0.15773
0.59326 0.15925
0.59382 0.1608
0.59434 0.16237
0.59484 0.16397
0.59531 0.165590
0.59574 0.16724
0.59615 0.1689
0.59654 0.17059
0.5969 0.17229
0.59724 0.17402
0.59755 0.17576
0.59785 0.17752
0.59811 0.17929
0.59835 0.1811
0.59855 0.18293
0.59872 0.18479
0.59883 0.18669
0.59889 0.18861
0.59892 0.1905
0.59891 0.19224
0.59889 0.19376
0.59886 0.194960
0.59884 0.19577
0.59886 0.196150
*.*.Setup: Ga2.txt as Flap 1, Inverted: y, Scale = 1.0, AoA = -2.0, Reposition from (0,0) = (0, 0)*.*.
*.*.Setup: Ga2.txt as Flap 2, Inverted: y, Scale = 0.4, AoA = 27.0, Reposition from previous T.E. = (0.0067, 0.08), Reposition from (0,0) = (1.0043, -0.004)*.*.
*.*.Setup: Ga2.txt as Flap 3, Inverted: y, Scale = 0.4, AoA = 51.666666666666664, Reposition from previous T.E. = (-0.01, 0.07), Reposition from (0,0) = (1.3597, 0.2301)*.*.
*.*.Setup: Scale Ratio = 0.36894*.*.