0.34711 0.05498
0.34516 0.052830
0.34233 0.04969
0.33899 0.04659
0.33491 0.04354
0.32991 0.04036
0.32387 0.03691
0.31671 0.03318
0.30855 0.029210
0.29959 0.02511
0.29008 0.02098
0.28024 0.01689
0.27024 0.0129
0.26016 0.00906
0.25005 0.0054
0.2399 0.00191
0.22968 -0.0014
0.21936 -0.00455
0.20887 -0.00757
0.19818 -0.01048
0.18725 -0.01333
0.17609 -0.01614
0.16475 -0.01894
0.15336 -0.02171
0.14204 -0.02443
0.13097 -0.02704
0.12033 -0.029450
0.11028 -0.03158
0.10093 -0.03333
0.09224 -0.03464
0.08408 -0.03549
0.07632 -0.03588
0.06889 -0.03583
0.06173 -0.035330
0.05483 -0.0344
0.04817 -0.03306
0.04178 -0.03133
0.03571 -0.02925
0.03004 -0.0269
0.02488 -0.02438
0.02031 -0.021830
0.01640 -0.01936
0.01311 -0.01702
0.010370 -0.01482
0.00811 -0.01277
0.006240 -0.010850
0.00469 -0.00906
0.00341 -0.00737
0.00237 -0.00579
0.00152 -0.0042900
0.00086 -0.00286
0.00036 -0.001510
0.000086 -0.00021
-0.00012 0.00105000
0.000005 0.00232
0.00055 0.00350
0.00153 0.00444
0.00281 0.00515
0.00433 0.00571
0.00607 0.006210
0.0081 0.00667
0.01047 0.00712
0.01331 0.00757
0.01678 0.00805
0.02112 0.00856
0.02663 0.0091
0.03358 0.00968
0.04194 0.01025
0.05134 0.01069
0.061460 0.01095
0.072230 0.01103
0.08355 0.01101
0.095230 0.01093
0.10707 0.01084
0.11889 0.01075
0.13057 0.01071
0.142060 0.01073
0.15336 0.01084
0.16447 0.011070
0.175390 0.01145
0.18615 0.01198
0.19675 0.0127
0.20722 0.0136
0.2175700 0.01471
0.22781 0.01604
0.23796 0.01758
0.24803 0.01935
0.258010 0.02135
0.26791 0.02358
0.2777 0.02604
0.28734 0.02871
0.29676 0.03157
0.3058 0.03458
0.31427 0.03766
0.32194 0.04072
0.32863 0.0437
0.33433 0.04656
0.33911 0.04931
0.34309 0.05192
0.34711 0.05498
-Inserting Flap s1223rtl-
0.51925 0.13265
0.51851 0.13141
0.51742 0.1296
0.51607 0.12776
0.51436 0.12587
0.51221 0.12383
0.50957 0.12156
0.50642 0.11905
0.502790 0.11632
0.49878 0.11345
0.49451 0.11052
0.49007 0.10757
0.48554 0.10466
0.48096 0.10182
0.47635 0.09905
0.47170 0.09637
0.467 0.09377
0.46223 0.091240
0.45737 0.088760
0.4524 0.08631
0.44731 0.08387
0.4421 0.08142
0.43681 0.078970
0.43148 0.07652
0.42618 0.074110
0.421 0.07177
0.416 0.06957
0.41127 0.06757
0.40685 0.06582
0.40271 0.06435
0.39879 0.06315
0.39502 0.06222
0.39136 0.06154
0.3878 0.0611
0.38433 0.06089
0.38093 0.06092
0.37763 0.06116
0.37445 0.0616
0.37145 0.06221
0.36867 0.06295
0.36619 0.063770
0.36403 0.06461
0.36219 0.06545
0.36064 0.06626
0.359330 0.06705
0.35823 0.06782
0.3573 0.06855
0.35651 0.06926
0.35585 0.06993
0.35529 0.07059
0.354830 0.07122
0.35445 0.07184
0.35417 0.072450
0.35398 0.07305
0.353910 0.07369
0.35407 0.07432
0.35446 0.07487
0.355020 0.07534
0.35571 0.07576
0.35652 0.07617
0.357470 0.07659
0.3586 0.07704
0.35995 0.07754
0.3616 0.0781
0.36368 0.07876
0.36634 0.07956
0.36969 0.0805
0.37374 0.08158
0.378310 0.08269
0.38326 0.08379
0.388530 0.08485
0.39409 0.085920
0.39983 0.087
0.40565 0.08808
0.41146 0.08917
0.4172 0.09026
0.42284 0.09137
0.42837 0.0925
0.4338 0.09367
0.43913 0.0949
0.444360 0.09619
0.44949 0.09755
0.45454 0.09899
0.45952 0.10053
0.46442 0.10215
0.46925 0.10388
0.47402 0.10571
0.47873 0.10764
0.48338 0.10968
0.48795 0.11182
0.49243 0.11405
0.496780 0.11635
0.50093 0.11869
0.504790 0.12101
0.50826 0.12325
0.51126 0.12535
0.51379 0.1273
0.51587 0.1291
0.517570 0.13076
0.51925 0.13265
-Inserting Flap s1223rtl-
0.66412 0.26448
0.66380 0.26306
0.66333 0.261
0.662630 0.25883
0.6616 0.2565
0.6602 0.25389
0.65841 0.25091
0.656210 0.247530
0.65362 0.2438
0.65072 0.23982
0.64759 0.23569
0.6443 0.23149
0.64092 0.22731
0.6374600 0.22317
0.63395 0.219090
0.63038 0.21508
0.62674 0.21114
0.62301 0.20724
0.61918 0.203350
0.61523 0.19946
0.61117 0.195540
0.606990 0.19158
0.60274 0.18759
0.59845 0.1835900
0.59418 0.17963
0.59 0.17578
0.58595 0.17212
0.58209 0.16873
0.57844 0.16568
0.57497 0.16298
0.57162 0.16061
0.56834 0.15854
0.565090 0.15675
0.56185 0.15521
0.55861 0.15392
0.55538 0.15288
0.55217 0.15207
0.54901 0.15149
0.54597 0.15112
0.5431 0.15096
0.54049 0.15095
0.53817 0.15107
0.53616 0.15128
0.53444 0.15157
0.53295 0.15191
0.53166 0.15229
0.53055 0.15269
0.52958 0.15311
0.52873 0.15355
0.528 0.15399
0.52736 0.15445
0.52681 0.15492
0.52635 0.15541
0.52597 0.155920
0.52571 0.1565
0.52566 0.15715
0.52586 0.1578
0.52625 0.15842
0.526770 0.15904
0.52741 0.15968
0.52818 0.16038
0.52911 0.16116
0.53023 0.16205
0.53163 0.16311
0.53339 0.16439
0.535660 0.16598
0.53855 0.16793
0.54205 0.17023
0.54604 0.17273
0.55039 0.17532
0.55506 0.17799
0.56 0.180750
0.56511 0.18358
0.5703 0.18644
0.57547 0.1893
0.58057 0.192140
0.58558 0.19496
0.59048 0.19778
0.59526 0.2006
0.59993 0.203440
0.60449 0.206310
0.60894 0.20922
0.61328 0.21218
0.61752 0.2152
0.62166 0.21828
0.6257 0.22144
0.62966 0.224680
0.63352 0.2280
0.637290 0.23139
0.64095 0.23486
0.6445 0.23839
0.6479 0.24194
0.651110 0.24547
0.65405 0.24888
0.65664 0.25210
0.65883 0.25504
0.660610 0.25768
0.66202 0.26004
0.66311 0.26216
0.66412 0.26448
*.*.Setup: s1223rtl.txt as Flap 1, Inverted: y, Scale = 1.0, AoA = 9.0, Reposition from (0,0) = (0, 0)*.*.
*.*.Setup: s1223rtl.txt as Flap 2, Inverted: y, Scale = 0.5, AoA = 20.0, Reposition from previous T.E. = (0.02, 0.05), Reposition from (0,0) = (1.0077, 0.2064)*.*.
*.*.Setup: s1223rtl.txt as Flap 3, Inverted: y, Scale = 0.5, AoA = 38.333333333333336, Reposition from previous T.E. = (0.02, 0.065), Reposition from (0,0) = (1.4975, 0.4424)*.*.
*.*.Setup: Scale Ratio = 0.35143*.*.