0.35876 0.03771
0.356650 0.03561
0.35358 0.03255
0.34999 0.02955
0.34564 0.02664
0.340350 0.023650
0.33397 0.02044
0.32643 0.01699
0.317850 0.01337
0.308440 0.00965
0.29848 0.00592
0.28817 0.00226
0.277710 -0.001290
0.26717 -0.00468
0.2566 -0.0079
0.24601 -0.010930
0.23536 -0.01377
0.22461 -0.01645
0.213700 -0.01898
0.20258 -0.02139
0.19122 -0.02372
0.17963 -0.02601
0.16787 -0.02826
0.15603 -0.03050
0.14429 -0.03268
0.1328 -0.03475
0.12176 -0.03666
0.11134 -0.0383
0.10167 -0.03959
0.09269 -0.04047
0.08428 -0.0409
0.0763 -0.04088
0.06869 -0.04043
0.06138 -0.03953
0.05435 -0.03821
0.0476 -0.03648
0.041150 -0.03436
0.03504 -0.0319
0.02935 -0.02919
0.02419 -0.02633
0.01965 -0.023470
0.01577 -0.02072
0.01252 -0.01815
0.00983 -0.01575
0.00763 -0.01353
0.005810 -0.01146
0.00432 -0.009530
0.0031 -0.00774
0.00212 -0.00606
0.00133 -0.004480
0.00072 -0.00298
0.00029 -0.00156
0.000055 -0.00022
-6e-05 0.00109
0.00013 0.00238
0.00075 0.00356
0.00181 0.00447
0.003160 0.00512
0.00474 0.005620
0.00656 0.00604
0.00866 0.0064
0.01112 0.00673
0.01405 0.00705
0.01763 0.00735
0.02211 0.007640
0.02779 0.0079
0.03494 0.00812
0.04354 0.008250
0.0532 0.0082
0.06359 0.00792
0.07463 0.00743
0.08623 0.0068
0.0982 0.00609
0.11034 0.00536
0.12245 0.00463
0.134420 0.00396
0.1462 0.00336
0.157790 0.00287
0.16919 0.00252
0.1804 0.00231
0.191460 0.00228
0.20237 0.00245
0.21315 0.00281
0.22382 0.00339
0.23439 0.0042
0.24487 0.00524
0.25528 0.00651
0.26563 0.00803
0.27589 0.00978
0.28606 0.01177
0.29609 0.013990
0.30589 0.01642
0.31532 0.01902
0.32417 0.02172
0.33219 0.02445
0.339220 0.02714
0.34521 0.02977
0.35026 0.03233
0.35447 0.034790
0.35876 0.03771
-Inserting Flap s1223rtl-
0.52218 0.14593
0.52164 0.14454
0.52086 0.14252
0.51983 0.14042
0.51844 0.1382
0.51663 0.13576
0.51436 0.133
0.51162 0.12989
0.50844 0.12649
0.5049 0.12288
0.50111 0.11915
0.49715 0.11538
0.49309 0.11163
0.48896 0.10794
0.48479 0.104320
0.48057 0.10078
0.47628 0.09732
0.47191 0.09391
0.46745 0.09054
0.46286 0.08717
0.45814 0.0838
0.45331 0.0804
0.4484 0.07697
0.44345 0.07355
0.43853 0.07016
0.4337 0.06688
0.42905 0.06376
0.42462 0.06089
0.42046 0.05834
0.41654 0.05611
0.412790 0.0542
0.40914 0.052590
0.405570 0.05125
0.40205 0.05017
0.39857 0.04934
0.39513 0.04876
0.39176 0.04842
0.38847 0.0483
0.38532 0.048380
0.38238 0.04864
0.37972 0.04902
0.37739 0.04948
0.37538 0.05
0.37367 0.05055
0.37221 0.05112
0.37096 0.05169
0.369890 0.05227
0.36897 0.05284
0.36817 0.053410
0.36749 0.05397
0.36691 0.05453
0.36642 0.05509
0.36603 0.05565
0.36572 0.05623
0.36555 0.05686
0.36559 0.05752
0.36589 0.05815
0.36638 0.05873
0.367 0.05928
0.36774 0.05983
0.368630 0.06043
0.36968 0.06108
0.37096 0.06182
0.37253 0.06269
0.37452 0.06373
0.37706 0.065
0.38028 0.06656
0.38418 0.068370
0.3886 0.07031
0.39341 0.0723
0.39855 0.07432
0.40398 0.07639
0.40959 0.0785
0.41529 0.08063
0.42096 0.082760
0.42657 0.08489
0.43207 0.087010
0.43746 0.08915
0.44274 0.0913
0.44791 0.093490
0.45296 0.09572
0.45791 0.098020
0.46276 0.10038
0.467520 0.10281
0.472180 0.10533
0.47676 0.107940
0.48126 0.11064
0.48567 0.11343
0.49 0.11632
0.49424 0.1193
0.49837 0.12235
0.50236 0.12545
0.50614 0.12856
0.50963 0.13159
0.51274 0.13447
0.5154 0.13713
0.5176 0.13955
0.51939 0.14174
0.52081 0.14372
0.52218 0.14593
-Inserting Flap s1223rtl-
0.6591 0.27824
0.65869 0.27681
0.65809 0.27473
0.65725 0.27255
0.65605 0.270220
0.65446 0.2676300
0.65245 0.26468
0.64999 0.26135
0.64711 0.25768
0.64390 0.25377
0.640450 0.24973
0.63683 0.24563
0.63311 0.24154
0.62933 0.23750
0.62549 0.23353
0.621590 0.22964
0.61762 0.22582
0.61357 0.22204
0.60941 0.21829
0.60513 0.21454
0.600730 0.21077
0.59621 0.20696
0.59162 0.20312
0.58698 0.19927
0.582370 0.19547
0.57786 0.19178
0.57349 0.18827
0.56933 0.18503
0.56541 0.18212
0.5617 0.17956
0.55812 0.17733
0.55463 0.17541
0.55119 0.17376
0.54778 0.17238
0.54439 0.171250
0.54101 0.17037
0.53768 0.16973
0.53441 0.16933
0.53126 0.16914
0.52832 0.16914
0.52564 0.16929
0.52327 0.16955
0.52123 0.16989
0.51947 0.17028
0.51797 0.17072
0.516670 0.17118
0.51556 0.17167
0.51459 0.17215
0.513750 0.17265
0.51302 0.17315
0.51239 0.17366
0.51186 0.17417
0.51142 0.1747
0.51106 0.17525
0.51083 0.17586
0.510820 0.17652
0.51106 0.17718
0.5115 0.17779
0.51207 0.1784
0.51276 0.17902
0.51359 0.17968
0.51459 0.18043
0.51579 0.18128
0.51728 0.18228
0.51917 0.18348
0.521590 0.18498
0.52467 0.18681
0.528390 0.18895
0.532630 0.19127
0.53724 0.19367
0.54219 0.19613
0.54742 0.19866
0.55282 0.20125
0.55831 0.20388
0.56378 0.2065
0.56918 0.2091
0.57447 0.2117
0.57966 0.21429
0.58473 0.2169
0.589690 0.21953
0.59453 0.22220
0.59926 0.22491
0.60388 0.22768
0.608410 0.230520
0.61284 0.23344
0.61717 0.23644
0.62141 0.23952
0.62557 0.24269
0.62963 0.24594
0.6336 0.24928
0.63744 0.25268
0.64114 0.25612
0.64464 0.25954
0.64785 0.26286
0.6507 0.266
0.653120 0.26888
0.6551 0.27149
0.656690 0.27383
0.65794 0.2759300
0.6591 0.27824
*.*.Setup: s1223rtl.txt as Flap 1, Inverted: y, Scale = 1.0, AoA = 6.0, Reposition from (0,0) = (0, 0)*.*.
*.*.Setup: s1223rtl.txt as Flap 2, Inverted: y, Scale = 0.5, AoA = 30.0, Reposition from previous T.E. = (0.02, 0.05), Reposition from (0,0) = (1.0145, 0.1545)*.*.
*.*.Setup: s1223rtl.txt as Flap 3, Inverted: y, Scale = 0.5, AoA = 35.0, Reposition from previous T.E. = (-0.03, 0.08), Reposition from (0,0) = (1.4175, 0.4845)*.*.
*.*.Setup: Scale Ratio = 0.36074*.*.