0.35542 -0.02993
0.35464 -0.030660
0.35308 -0.03207
0.350770 -0.03416
0.34784 -0.03676
0.344440 -0.03969
0.34074 -0.04276
0.33689 -0.04578
0.33302 -0.048590
0.32916 -0.05119
0.3253 -0.05361
0.32145 -0.055890
0.31761 -0.058040
0.31376 -0.06011
0.30992 -0.06208
0.30609 -0.06398
0.30225 -0.0658
0.29842 -0.06756
0.29459 -0.06924
0.29076 -0.07086
0.28694 -0.07242
0.28311 -0.07392
0.27929 -0.07537
0.27547 -0.07676
0.27166 -0.0781
0.26784 -0.07938
0.26403 -0.0806
0.26022 -0.08176
0.25641 -0.08285
0.2526 -0.08389
0.2488 -0.08488
0.24499 -0.08583
0.24119 -0.08674
0.23739 -0.08764
0.23359 -0.0885
0.22979 -0.08933
0.22599 -0.09012
0.22219 -0.09086
0.2184 -0.09156
0.2146 -0.0922
0.21081 -0.0928
0.20702 -0.09336
0.20323 -0.09387
0.19945 -0.09433
0.19566 -0.09476
0.19188 -0.095150
0.188090 -0.0955
0.18431 -0.09582
0.18053 -0.0961
0.17675 -0.09634
0.17297 -0.09655
0.1692 -0.09671
0.16542 -0.09683
0.16165 -0.096910
0.15788 -0.09694
0.15411 -0.09693
0.15034 -0.09687
0.14657 -0.09676
0.14281 -0.09661
0.13904 -0.09641
0.13528 -0.09617
0.13152 -0.09588
0.12776 -0.09553
0.124 -0.09514
0.12025 -0.0947
0.11649 -0.09422
0.11274 -0.0937
0.10899 -0.09314
0.10524 -0.0925500
0.10149 -0.09192
0.09774 -0.09123
0.094 -0.09047
0.09026 -0.08964
0.08652 -0.08872
0.08278 -0.08771
0.07905 -0.08662
0.07532 -0.085440
0.0716 -0.08418
0.06787 -0.08283
0.06415 -0.08138
0.06044 -0.079810
0.05672 -0.07812
0.05302 -0.07628
0.04932 -0.07429
0.045620 -0.07214
0.04193 -0.06984
0.03824 -0.06739
0.03456 -0.0648
0.03089 -0.06206
0.02722 -0.05911
0.02356 -0.055870
0.01992 -0.05227
0.01629 -0.04823
0.0127 -0.04372
0.00928 -0.038880
0.00616 -0.03387
0.00349 -0.02886
0.00142 -0.02405
7e-05 -0.01958
-0.00042 -0.012110
0.00043 -0.00932
0.00201 -0.00728
0.00429 -0.00607
0.00715 -0.00558
0.01044 -0.00566
0.01401 -0.00618
0.01773 -0.00699
0.02147 -0.007970
0.0252 -0.00909
0.02892 -0.01035
0.03265 -0.01173
0.03637 -0.01323
0.04008 -0.01484
0.04379 -0.01654
0.0475 -0.01833
0.05121 -0.020190
0.05491 -0.0221
0.05861 -0.02405
0.06231 -0.02603
0.06601 -0.02803
0.06972 -0.03004
0.07342 -0.032040
0.07712 -0.03403
0.08082 -0.036
0.08452 -0.03795
0.08823 -0.03987
0.09193 -0.04176
0.09564 -0.04362
0.09934 -0.04544
0.10305 -0.04723
0.10676 -0.04898
0.11047 -0.05068
0.11419 -0.05234
0.1179 -0.05396
0.12162 -0.05554
0.12533 -0.05707
0.12905 -0.05856
0.13277 -0.059990
0.13649 -0.06138
0.14022 -0.06273
0.14394 -0.06402
0.14767 -0.06525
0.1514 -0.06644
0.15513 -0.06757
0.15886 -0.06865
0.1626 -0.06967
0.166340 -0.07062
0.17008 -0.07153
0.17382 -0.07237
0.17756 -0.073160
0.18131 -0.07391
0.18505 -0.07461
0.1888 -0.07526
0.19255 -0.07587
0.1963 -0.07643
0.20005 -0.07693
0.20381 -0.07736
0.20757 -0.07773
0.21133 -0.07802
0.21509 -0.078240
0.21886 -0.07839
0.22262 -0.07848
0.22639 -0.078490
0.23017 -0.0784400
0.233940 -0.07832
0.23772 -0.078130
0.2415 -0.07786
0.24528 -0.07752
0.24907 -0.0771
0.25286 -0.0766
0.25665 -0.07601
0.26044 -0.07535
0.26424 -0.07459
0.26804 -0.07376
0.27184 -0.07283
0.27565 -0.0718
0.27946 -0.07067
0.28327 -0.06945
0.28709 -0.06813
0.2909100 -0.06671
0.29473 -0.06521
0.29856 -0.06363
0.30239 -0.06197
0.30622 -0.06023
0.31005 -0.05843
0.31389 -0.05655
0.317730 -0.0546
0.32157 -0.05257
0.32541 -0.05046
0.32926 -0.04824
0.33311 -0.04589
0.33697 -0.0434
0.34081 -0.04076
0.3445 -0.03812
0.34788 -0.03561
0.35079 -0.03339
0.35309 -0.03163
0.35464 -0.03043
0.35542 -0.02993
-Inserting Flap Ga2-
0.49422 0.061020
0.49413 0.06060
0.49393 0.05979
0.49363 0.05858
0.49324 0.057060
0.49277 0.05533
0.49222 0.05348
0.49162 0.05162
0.490970 0.04982
0.49027 0.04810
0.48953 0.04643
0.48876 0.0448200
0.48797 0.04324
0.48716 0.0417
0.48633 0.04018
0.48548 0.03869
0.484620 0.03723
0.48374 0.03579
0.48284 0.03438
0.48194 0.03298
0.48102 0.03161
0.48009 0.03026
0.47914 0.02892
0.47819 0.02761
0.477220 0.02631
0.47624 0.02503
0.47525 0.02378
0.47424 0.02254
0.47323 0.02132
0.4722 0.02013
0.47115 0.01895
0.470110 0.01778
0.46905 0.01663
0.46799 0.01548
0.466920 0.01435
0.46585 0.01322
0.46476 0.01211
0.46367 0.01101
0.46257 0.009940
0.46145 0.00887
0.46033 0.00783
0.4592 0.00679
0.45806 0.00578
0.4569 0.00478
0.45574 0.00379
0.45458 0.00281
0.4534 0.00185
0.45222 0.0009
0.45103 -4e-05
0.44983 -0.00097
0.44862 -0.00188
0.44741 -0.00278
0.44618 -0.00366
0.44495 -0.00453
0.4437 -0.00539
0.44245 -0.00622
0.441190 -0.00705
0.43991 -0.00786
0.43863 -0.00865
0.43734 -0.00942
0.43604 -0.010180
0.43472 -0.01093
0.4334 -0.01166
0.43207 -0.01237
0.43072 -0.01306
0.42937 -0.01374
0.42801 -0.01441
0.42664 -0.01506
0.42527 -0.0157
0.42388 -0.01633
0.42248 -0.01694
0.42107 -0.01753
0.41965 -0.01809
0.4182 -0.01862
0.41674 -0.01912
0.41525 -0.0196
0.41375 -0.020040
0.41224 -0.02045
0.4107 -0.02084
0.40914 -0.02119
0.40756 -0.0215
0.40595 -0.02177
0.40431 -0.02199
0.40264 -0.02216
0.40093 -0.02227
0.39919 -0.022330
0.397420 -0.02235
0.39562 -0.02231
0.39379 -0.02222
0.39191 -0.02207
0.38998 -0.02181
0.38796 -0.021430
0.38586 -0.0209
0.38366 -0.02021
0.381440 -0.01937
0.37928 -0.01841
0.37728 -0.01734
0.37552 -0.0162100
0.37407 -0.01503
0.37223 -0.01266
0.37189 -0.01155
0.37196 -0.01052
0.372450 -0.00961
0.37328 -0.0088
0.37439 -0.0081
0.37569 -0.00747
0.377110 -0.00691
0.37857 -0.0064
0.38006 -0.00593
0.38157 -0.00552
0.38312 -0.005140
0.38468 -0.00481
0.38628 -0.00451
0.38789 -0.00424
0.38952 -0.00401
0.39116 -0.003790
0.39282 -0.0036
0.39448 -0.00342
0.39615 -0.00325
0.39783 -0.00308
0.3995 -0.00292
0.40118 -0.00276
0.40285 -0.00259
0.40452 -0.00241
0.40618 -0.00223
0.40784 -0.002040
0.40949 -0.00184
0.411140 -0.00163
0.41277 -0.0014
0.4144 -0.001160
0.41602 -0.00091
0.41764 -0.00065
0.41924 -0.000370
0.42083 -8e-05
0.42242 0.000230
0.42399 0.00056
0.42556 0.00089
0.42711 0.00125
0.42866 0.00162
0.43019 0.00201
0.43172 0.002420
0.433230 0.00284
0.43473 0.00328
0.43622 0.00374
0.43770 0.00422
0.43917 0.00471
0.44062 0.00523
0.44206 0.00577
0.44349 0.00633
0.44491 0.0069
0.44632 0.00749
0.44772 0.0081
0.44911 0.00872
0.45049 0.009350
0.45186 0.01001
0.45321 0.01068
0.454560 0.01138
0.45588 0.0121
0.4572 0.01284
0.45849 0.01361
0.45978 0.0144
0.46104 0.01522
0.4623 0.01606
0.46354 0.01692
0.46476 0.0178
0.46597 0.018710
0.46717 0.01964
0.46834 0.0206
0.4695 0.02159
0.47065 0.02261
0.47178 0.02365
0.47288 0.02472
0.47398 0.02581
0.47505 0.026940
0.4761 0.0281
0.47713 0.02929
0.47815 0.03052
0.47914 0.03178
0.48011 0.03307
0.48106 0.03439
0.48199 0.03575
0.4829 0.037130
0.4838 0.03853
0.48468 0.03997
0.48555 0.04142
0.4864 0.0429
0.48724 0.04441
0.48806 0.04594
0.48886 0.0475
0.48964 0.0491
0.4904 0.05074
0.49112 0.05243
0.4918 0.05416
0.49243 0.05586
0.49299 0.05745
0.49346 0.05884
0.49383 0.05994
0.494080 0.06068
0.49422 0.061020
-Inserting Flap Ga2-
0.60234 0.19695
0.6024 0.19653
0.602480 0.19569
0.60261 0.19445
0.60275 0.19289
0.60289 0.1911
0.603 0.18918
0.60306 0.18723
0.60305 0.18532
0.60297 0.18345
0.60284 0.181640
0.60266 0.17986
0.60244 0.17811
0.6022 0.17638
0.60192 0.17468
0.601630 0.17299
0.60131 0.171320
0.60096 0.16967
0.60060 0.16804
0.600210 0.16642
0.59981 0.16482
0.59939 0.16323
0.59895 0.16166
0.59849 0.1601
0.59802 0.15855
0.59753 0.15701
0.59702 0.1555
0.59649 0.15399
0.59593 0.15251
0.59537 0.15104
0.59478 0.14958
0.59419 0.14812
0.59358 0.14668
0.59297 0.14525
0.59235 0.14382
0.59171 0.1424
0.59107 0.14098
0.59041 0.13958
0.58973 0.1382
0.58904 0.13682
0.58833 0.13546
0.58761 0.13411
0.58688 0.13276
0.58613 0.131430
0.58538 0.13011
0.5846 0.12880
0.58382 0.1275
0.58303 0.1262
0.58222 0.12492
0.5814 0.12364
0.58057 0.12238
0.57973 0.12112
0.57888 0.11988
0.57801 0.11864
0.57712 0.11742
0.57622 0.11621
0.57531 0.11501
0.57439 0.11382
0.5734400 0.11264
0.57249 0.11147
0.57152 0.11032
0.57053 0.10918
0.56953 0.10805
0.56852 0.106930
0.567480 0.10582
0.56644 0.104730
0.56538 0.10364
0.56431 0.102570
0.56323 0.1015
0.56214 0.10044
0.56103 0.0994
0.5599 0.09837
0.55874 0.09736
0.55756 0.096370
0.55635 0.095410
0.55512 0.09447
0.55385 0.09354
0.55256 0.09264
0.55124 0.09176
0.5499 0.09091
0.54851 0.090080
0.54709 0.089290
0.54561 0.0885300
0.5441 0.08781
0.542530 0.08713
0.54091 0.08648
0.53925 0.08587
0.53754 0.0853
0.53579 0.08477
0.53397 0.08428
0.53206 0.08387
0.53003 0.08355
0.52787 0.08334
0.525570 0.08325
0.5232 0.0833
0.520840 0.08348
0.5186 0.08381
0.51656 0.084280
0.51479 0.0849
0.51227 0.08651
0.51157 0.08745
0.51129 0.08844
0.51144 0.08946
0.51196 0.0905
0.51277 0.09154
0.51378 0.09257
0.514920 0.09358
0.51613 0.09455
0.5173700 0.09548
0.51866 0.09639
0.51999 0.09726
0.521350 0.0981
0.52275 0.09892
0.52418 0.09971
0.52563 0.100480
0.52711 0.10124
0.5286 0.10198
0.53011 0.10271
0.53163 0.10343
0.53315 0.10415
0.53467 0.10487
0.53619 0.10558
0.53771 0.10631
0.53922 0.10703
0.54073 0.10776
0.54223 0.1085
0.54371 0.109250
0.54519 0.11
0.54666 0.11076
0.54811 0.11153
0.54955 0.11232
0.55098 0.1131100
0.5524 0.11391
0.5538 0.11472
0.55519 0.11555
0.55656 0.116380
0.55792 0.11723
0.55927 0.11809
0.5606 0.11896
0.56191 0.11984
0.56321 0.12073
0.56449 0.12164
0.56576 0.12256
0.56701 0.12350
0.568240 0.12444
0.56945 0.12541
0.570650 0.12638
0.57182 0.12737
0.57298 0.128380
0.57413 0.1294
0.57525 0.13043
0.5763700 0.13147
0.57747 0.13252
0.57855 0.13358
0.57962 0.13466
0.58067 0.13575
0.5817 0.13686
0.58271 0.13799
0.58369 0.13913
0.584660 0.14029
0.5856 0.14147
0.58652 0.14266
0.58742 0.14387
0.5883 0.1451
0.58915 0.14634
0.58998 0.1476
0.5907900 0.14889
0.59158 0.15019
0.59234 0.151510
0.59308 0.15285
0.59379 0.15421
0.59447 0.15559
0.595130 0.15699
0.59576 0.15841
0.59636 0.15986
0.59693 0.16133
0.59747 0.16282
0.59798 0.16434
0.598460 0.165880
0.59891 0.16745
0.59933 0.16904
0.59973 0.17065
0.6001 0.17227
0.60045 0.17392
0.60078 0.17558
0.60108 0.17726
0.60136 0.17896
0.601620 0.18068
0.60185 0.18242
0.60205 0.18419
0.6022 0.18598
0.60231 0.18782
0.60237 0.18968
0.6024 0.1915
0.60239 0.19318
0.60237 0.19464
0.60234 0.1958
0.60232 0.19659
0.60234 0.19695
*.*.Setup: Ga2.txt as Flap 1, Inverted: y, Scale = 1.0, AoA = -2.0, Reposition from (0,0) = (0, 0)*.*.
*.*.Setup: Ga2.txt as Flap 2, Inverted: y, Scale = 0.4, AoA = 32.0, Reposition from previous T.E. = (0.04, 0.06), Reposition from (0,0) = (1.0377, -0.024)*.*.
*.*.Setup: Ga2.txt as Flap 3, Inverted: y, Scale = 0.4, AoA = 51.666666666666664, Reposition from previous T.E. = (0.04, 0.08), Reposition from (0,0) = (1.4273, 0.2513)*.*.
*.*.Setup: Scale Ratio = 0.35624*.*.