0.36831 -0.03101
0.3675 -0.031770
0.36588 -0.03324
0.363490 -0.0354
0.36045 -0.03809
0.356930 -0.04113
0.3531 -0.04431
0.34911 -0.04744
0.3451 -0.050350
0.3411 -0.05305
0.3371 -0.05556
0.33311 -0.057910
0.32913 -0.060150
0.32514 -0.06229
0.32117 -0.06434
0.31719 -0.0663
0.31322 -0.06819
0.30924 -0.07001
0.30528 -0.07175
0.30131 -0.07343
0.29735 -0.07505
0.29338 -0.07661
0.28942 -0.0781
0.28547 -0.07955
0.28151 -0.08093
0.27756 -0.08226
0.2736 -0.08353
0.26966 -0.08472
0.26571 -0.08586
0.26176 -0.08693
0.25782 -0.08796
0.25388 -0.08894
0.24994 -0.08989
0.246 -0.09082
0.24206 -0.09171
0.23812 -0.09257
0.23419 -0.09339
0.23025 -0.09416
0.22632 -0.09488
0.22239 -0.09555
0.21846 -0.09617
0.21453 -0.09674
0.2106 -0.09727
0.20668 -0.09775
0.20276 -0.0982
0.19884 -0.09860
0.194920 -0.09896
0.191 -0.09929
0.18708 -0.09958
0.18316 -0.09984
0.17925 -0.10005
0.17533 -0.10022
0.17142 -0.10034
0.16751 -0.100420
0.1636 -0.10046
0.1597 -0.10044
0.15579 -0.10038
0.15189 -0.10027
0.14798 -0.10011
0.14408 -0.09991
0.14019 -0.09966
0.13629 -0.09935
0.13239 -0.099
0.1285 -0.09859
0.12461 -0.09814
0.12072 -0.09764
0.11683 -0.0971
0.11294 -0.09652
0.10906 -0.0959100
0.10517 -0.09525
0.10129 -0.09453
0.09741 -0.09375
0.09353 -0.09289
0.08966 -0.09194
0.08579 -0.09089
0.08192 -0.08976
0.07805 -0.088540
0.07419 -0.08723
0.07033 -0.08583
0.06648 -0.08433
0.06263 -0.082710
0.05878 -0.08095
0.05494 -0.07905
0.05111 -0.07698
0.047280 -0.07475
0.04345 -0.07237
0.03963 -0.06984
0.03582 -0.06715
0.03201 -0.06432
0.02821 -0.06126
0.02442 -0.05790
0.02064 -0.05417
0.01688 -0.04998
0.01316 -0.04531
0.00961 -0.040290
0.00638 -0.03509
0.00362 -0.02991
0.00147 -0.02492
7e-05 -0.02029
-0.00044 -0.012550
0.00044 -0.00965
0.00208 -0.00755
0.00444 -0.00629
0.0074 -0.00578
0.01081 -0.00587
0.01452 -0.00641
0.01837 -0.00725
0.02224 -0.008260
0.02611 -0.00942
0.02997 -0.01073
0.03383 -0.01216
0.03768 -0.01371
0.04153 -0.01538
0.04538 -0.01714
0.04922 -0.019
0.05306 -0.020920
0.0569 -0.0229
0.06074 -0.02492
0.06457 -0.02698
0.06841 -0.02905
0.07224 -0.03113
0.07608 -0.03320
0.07991 -0.03526
0.08375 -0.03731
0.08759 -0.03933
0.09143 -0.04132
0.09526 -0.04328
0.0991 -0.0452
0.10295 -0.04709
0.10679 -0.04894
0.11063 -0.05075
0.11448 -0.05252
0.11833 -0.05424
0.12218 -0.05592
0.12603 -0.05756
0.12988 -0.05914
0.13373 -0.06068
0.13759 -0.062170
0.14144 -0.06361
0.1453 -0.065
0.14916 -0.06634
0.15303 -0.06762
0.15689 -0.06885
0.16076 -0.07002
0.16463 -0.07114
0.1685 -0.07219
0.172370 -0.07319
0.17625 -0.07412
0.18012 -0.07499
0.184 -0.075820
0.18788 -0.07659
0.19176 -0.07731
0.19565 -0.07799
0.19953 -0.07863
0.20342 -0.0792
0.20731 -0.07972
0.2112 -0.08017
0.2151 -0.08054
0.21899 -0.08085
0.22289 -0.081080
0.22679 -0.08123
0.2307 -0.08132
0.23461 -0.081340
0.23852 -0.0812900
0.242430 -0.08117
0.24634 -0.080970
0.25026 -0.08069
0.25418 -0.08033
0.2581 -0.07989
0.26203 -0.07937
0.26596 -0.07877
0.26989 -0.07808
0.27382 -0.0773
0.27776 -0.07643
0.2817 -0.07547
0.28565 -0.0744
0.28959 -0.07324
0.29355 -0.07197
0.2975 -0.0706
0.3014600 -0.06913
0.30542 -0.06757
0.30939 -0.06594
0.31335 -0.06422
0.31732 -0.06242
0.3213 -0.06055
0.32527 -0.0586
0.329250 -0.05658
0.33323 -0.05448
0.33722 -0.05229
0.3412 -0.04999
0.3452 -0.04756
0.34919 -0.04497
0.35317 -0.04224
0.35699 -0.0395
0.36049 -0.0369
0.36352 -0.03461
0.3659 -0.03277
0.36751 -0.03154
0.36831 -0.03101
-Inserting Flap Ga2-
0.47523 0.070620
0.47513 0.070190
0.47492 0.06934
0.47461 0.06809
0.47421 0.066510
0.47372 0.06472
0.47316 0.06281
0.47254 0.06088
0.471860 0.05901
0.47114 0.057220
0.47037 0.0555
0.46958 0.0538200
0.46875 0.05219
0.46791 0.05059
0.46705 0.04902
0.46617 0.04748
0.465280 0.04597
0.46437 0.04448
0.46344 0.04301
0.4625 0.04156
0.46155 0.04014
0.46058 0.03874
0.4596 0.03736
0.45862 0.03599
0.457610 0.03465
0.4566 0.03332
0.45557 0.03202
0.45453 0.03074
0.45347 0.02948
0.45241 0.02824
0.45133 0.02702
0.450240 0.02581
0.44915 0.02462
0.44805 0.02343
0.446940 0.02225
0.44583 0.02109
0.44471 0.01993
0.44357 0.0188
0.44243 0.017680
0.44128 0.01658
0.44011 0.01549
0.43894 0.01442
0.43775 0.01337
0.43656 0.01233
0.43536 0.01131
0.43415 0.0103
0.43293 0.0093
0.4317 0.00832
0.43047 0.00734
0.42923 0.00638
0.42798 0.00544
0.42672 0.0045
0.42545 0.00359
0.42417 0.00269
0.42288 0.0018
0.42158 0.00093
0.420270 8e-05
0.41895 -0.00076
0.41762 -0.00158
0.41629 -0.00238
0.41494 -0.003170
0.41358 -0.00394
0.4122 -0.0047
0.41082 -0.00543
0.40943 -0.00615
0.40803 -0.00686
0.40662 -0.00755
0.4052 -0.00823
0.40377 -0.00889
0.40234 -0.00954
0.40089 -0.01017
0.39943 -0.01078
0.39795 -0.01136
0.39645 -0.01191
0.39494 -0.01243
0.3934 -0.01292
0.39185 -0.013380
0.39027 -0.01381
0.38868 -0.01421
0.38707 -0.01458
0.38543 -0.0149
0.38376 -0.01518
0.38206 -0.0154
0.38032 -0.01558
0.37856 -0.01569
0.37675 -0.015760
0.374920 -0.01577
0.37306 -0.01574
0.37116 -0.01565
0.36921 -0.01548
0.36721 -0.01522
0.36512 -0.014830
0.36293 -0.01428
0.36066 -0.01356
0.358360 -0.01269
0.35612 -0.01169
0.35405 -0.01059
0.35222 -0.0094100
0.35072 -0.00819
0.34882 -0.00574
0.34846 -0.00458
0.34854 -0.00352
0.349040 -0.00257
0.34991 -0.00174
0.35106 -0.00101
0.35241 -0.00036
0.353870 0.00023
0.35538 0.00076
0.35692 0.00124
0.3585 0.00167
0.3601 0.002060
0.36172 0.0024
0.36337 0.00271
0.36504 0.00299
0.36673 0.00323
0.36843 0.003450
0.37015 0.00365
0.37187 0.00384
0.3736 0.00402
0.37534 0.00419
0.37708 0.00436
0.37881 0.00453
0.38055 0.0047
0.38227 0.00488
0.384 0.00507
0.38572 0.005270
0.38743 0.00548
0.389130 0.0057
0.39083 0.00593
0.39252 0.006180
0.3942 0.00644
0.39587 0.00671
0.39753 0.0070
0.39918 0.0073
0.40082 0.007620
0.40246 0.00796
0.40408 0.00831
0.40569 0.00868
0.40729 0.00906
0.40888 0.00947
0.41046 0.009890
0.412030 0.01032
0.41359 0.01078
0.41513 0.01126
0.416660 0.01175
0.41818 0.01227
0.41969 0.01281
0.42118 0.01336
0.42266 0.01394
0.42413 0.01454
0.42559 0.01515
0.42704 0.01578
0.42848 0.01642
0.42991 0.017080
0.43133 0.01776
0.43274 0.01845
0.434130 0.01918
0.4355 0.01992
0.43686 0.02069
0.43821 0.02149
0.43954 0.02231
0.44085 0.02315
0.44215 0.02402
0.44344 0.02491
0.4447 0.02583
0.44596 0.026770
0.44719 0.02774
0.44841 0.02874
0.44962 0.02976
0.4508 0.03081
0.45197 0.03189
0.45312 0.033
0.45425 0.03413
0.45536 0.03530
0.45645 0.0365
0.45752 0.03774
0.45857 0.03901
0.4596 0.04031
0.4606 0.04165
0.46159 0.04303
0.46255 0.04443
0.4635 0.045860
0.46443 0.04732
0.46535 0.0488
0.46625 0.05031
0.46713 0.05184
0.468 0.0534
0.46885 0.05499
0.46968 0.05661
0.47049 0.05826
0.47127 0.05996
0.47201 0.06171
0.47272 0.06351
0.47338 0.06527
0.47396 0.06692
0.47445 0.06835
0.47483 0.0695
0.475080 0.07027
0.47523 0.070620
-Inserting Flap Ga2-
0.59954 0.19574
0.59954 0.1953
0.59953 0.19443
0.59951 0.19314
0.59947 0.19151
0.5994 0.18966
0.59928 0.18767
0.59911 0.18565
0.59887 0.18368
0.59857 0.18177
0.59821 0.17992
0.59781 0.17811
0.59738 0.17633
0.59692 0.17459
0.59643 0.17286
0.59592 0.17116
0.59539 0.16949
0.59484 0.16783
0.59427 0.166190
0.59368 0.16457
0.59307 0.162970
0.59244 0.16139
0.5918 0.15982
0.59114 0.15827
0.59047 0.15673
0.58978 0.15522
0.58907 0.15371
0.58834 0.15223
0.5876 0.15077
0.58684 0.14932
0.58606 0.1478900
0.58527 0.146470
0.58448 0.14505
0.583670 0.143650
0.58286 0.14225
0.58204 0.14087
0.5812 0.13949
0.58035 0.13813
0.57949 0.13678
0.57862 0.13545
0.57773 0.13413
0.57682 0.13283
0.57591 0.13153
0.57498 0.13025
0.57404 0.12899
0.57308 0.12773
0.572120 0.12648
0.57115 0.12525
0.57016 0.12402
0.56917 0.12281
0.56816 0.1216
0.56715 0.12041
0.56612 0.11923
0.56507 0.11807
0.56402 0.11692
0.56294 0.11578
0.56186 0.11465
0.56076 0.11354
0.55965 0.11244
0.55853 0.11135
0.55739 0.11028
0.55624 0.10923
0.55508 0.10818
0.55389 0.10715
0.5527 0.10614
0.55149 0.1051400
0.55027 0.10415
0.549040 0.10317
0.5478 0.1022
0.54655 0.10124
0.54528 0.1003
0.544 0.09938
0.54269 0.09848
0.54135 0.09761
0.53999 0.09676
0.5386 0.09594
0.53719 0.09514
0.53576 0.09437
0.53429 0.09362
0.5328 0.0929
0.53128 0.09222
0.52971 0.091570
0.528110 0.09097
0.52646 0.09041
0.52476 0.0899
0.52302 0.08943
0.52124 0.089
0.51941 0.088620
0.51754 0.088280
0.51561 0.088
0.5136 0.08781
0.51147 0.087720
0.50922 0.08776
0.50684 0.08795
0.5044 0.08828
0.502 0.08875
0.49973 0.08936
0.49769 0.09009
0.495950 0.09095
0.49355 0.09291
0.49294 0.09396
0.492770 0.09501
0.49305 0.09604
0.49371 0.09705
0.49466 0.09802
0.49583 0.09896
0.49713 0.09986
0.49848 0.10071
0.49988 0.10153
0.501310 0.1023
0.50278 0.10304
0.50429 0.10374
0.50583 0.104410
0.50739 0.10506
0.50898 0.10568
0.51059 0.106280
0.51222 0.10686
0.51386 0.10743
0.5155 0.10799
0.51716 0.10855
0.51881 0.1091
0.52046 0.10966
0.522110 0.11022
0.52376 0.11078
0.5254 0.11135
0.52703 0.11193
0.52865 0.1125200
0.53026 0.113120
0.53186 0.11373
0.53345 0.11435
0.53502 0.11498
0.53659 0.11562
0.53814 0.11628
0.53969 0.11695
0.54121 0.11763
0.54273 0.11832
0.544230 0.11903
0.545720 0.11975
0.54719 0.120480
0.54865 0.12123
0.5501 0.122
0.55152 0.12278
0.55294 0.123570
0.55434 0.12439
0.55572 0.125210
0.55708 0.12606
0.55843 0.12692
0.55976 0.1278
0.56107 0.12869
0.562370 0.1296
0.56366 0.13053
0.56493 0.13147
0.56619 0.13242
0.56743 0.13338
0.56866 0.134360
0.569870 0.135360
0.57107 0.13637
0.57224 0.13741
0.57339 0.13847
0.57452 0.13955
0.57563 0.14065
0.57672 0.14176
0.57779 0.1429
0.57884 0.14406
0.57987 0.14524
0.58088 0.14644
0.58187 0.147660
0.58284 0.14890
0.583780 0.15017
0.5847 0.15146
0.58559 0.15277
0.58646 0.15411
0.58731 0.15548
0.58813 0.15687
0.588920 0.15828
0.58969 0.15973
0.59042 0.1612
0.59113 0.1627
0.59181 0.16423
0.59246 0.16579
0.59308 0.16737
0.59369 0.16898
0.59427 0.17061
0.59482 0.17226
0.59536 0.17394
0.59587 0.17563
0.596370 0.17734
0.596840 0.17908
0.59729 0.18084
0.5977 0.18264
0.59808 0.18447
0.59841 0.18634
0.5987 0.18825
0.59894 0.19012
0.59913 0.19185
0.59929 0.19336
0.5994 0.19456
0.59948 0.19537
0.59954 0.19574
*.*.Setup: Ga2.txt as Flap 1, Inverted: y, Scale = 1.0, AoA = -2.0, Reposition from (0,0) = (0, 0)*.*.
*.*.Setup: Ga2.txt as Flap 2, Inverted: y, Scale = 0.4, AoA = 32.0, Reposition from previous T.E. = (-0.06, 0.08), Reposition from (0,0) = (0.9377, -0.004)*.*.
*.*.Setup: Ga2.txt as Flap 3, Inverted: y, Scale = 0.4, AoA = 45.0, Reposition from previous T.E. = (0.04, 0.07), Reposition from (0,0) = (1.3273, 0.2613)*.*.
*.*.Setup: Scale Ratio = 0.36917*.*.