0.3779200000 -0.01857
0.37712 -0.01937
0.37552 -0.02093
0.37315 -0.02323
0.37014 -0.0261
0.36665 -0.02933
0.36283 -0.03272
0.35886 -0.03606
0.35487 -0.03918
0.350870 -0.04209
0.34687 -0.0448
0.34287 -0.04735
0.33887 -0.04978
0.33488 -0.05211
0.33088 -0.05435
0.32688 -0.0565
0.32288 -0.05858
0.31889 -0.06058
0.31489 -0.0625
0.31089 -0.06436
0.30689 -0.06616
0.3029 -0.06789
0.2989 -0.06957
0.2949 -0.07119
0.2909 -0.072750
0.2869 -0.07424
0.282910 -0.07568
0.27891 -0.07705
0.27491 -0.07835
0.27091 -0.07959
0.26692 -0.08078
0.26292 -0.08192
0.258920 -0.08304
0.25492 -0.08412
0.25092 -0.085180
0.24693 -0.0862
0.24293 -0.08718
0.23893 -0.08811
0.234930 -0.08898
0.23094 -0.089810
0.22694 -0.09058
0.22294 -0.09131
0.21894 -0.09199
0.21495 -0.09263
0.21095 -0.09322
0.20695 -0.09377
0.20295 -0.09429
0.19895 -0.09476
0.19496 -0.0952
0.19096 -0.0956
0.18696 -0.09595
0.18296 -0.09627
0.17897 -0.09654
0.17497 -0.09676
0.17097 -0.09693
0.16697 -0.09705
0.16297 -0.09713
0.15898 -0.09716
0.15498 -0.09714
0.15098 -0.09707
0.14698 -0.09695
0.142990 -0.09678
0.13899 -0.09656
0.13499 -0.09628
0.13099 -0.09595
0.12699 -0.09558
0.123 -0.09517
0.1190 -0.09472
0.115 -0.09423
0.111 -0.09369
0.10701 -0.0931
0.10301 -0.092440
0.09901 -0.091690
0.095010 -0.09086
0.09102 -0.08993
0.08702 -0.08891
0.08302 -0.0878
0.07902 -0.08659
0.07502 -0.0853
0.07103 -0.0839
0.06703 -0.08238
0.06303 -0.08072
0.05903 -0.0789100
0.05504 -0.07693
0.05104 -0.0747900
0.04704 -0.072490
0.04304 -0.07003
0.03904 -0.06742
0.03505 -0.06466
0.03105 -0.06166
0.027050 -0.05836
0.02305 -0.054680
0.01906 -0.05053
0.01508 -0.04589
0.01127 -0.04087
0.00778 -0.03568
0.00477 -0.03047
0.0024 -0.02544
0.0008 -0.02075
0.000000 -0.01285
0.0008 -0.00986
0.0024 -0.00765
0.00477 -0.00628
0.00778 -0.00565
0.01127 -0.00562
0.01508 -0.00604
0.01906 -0.00676
0.02305 -0.00766
0.027050 -0.00871
0.03105 -0.0099
0.03505 -0.01123
0.03904 -0.01268
0.04304 -0.01425
0.04704 -0.01592
0.05104 -0.01768
0.05504 -0.01951
0.05903 -0.0214
0.06303 -0.02333
0.06703 -0.02529
0.07103 -0.02727
0.07502 -0.02926
0.07902 -0.03125
0.08302 -0.03322
0.08702 -0.03518
0.09102 -0.03711
0.095010 -0.03901
0.09901 -0.04088
0.10301 -0.04271
0.10701 -0.0445
0.111 -0.04626
0.115 -0.04797
0.1190 -0.04964
0.123 -0.05127
0.12699 -0.052850
0.13099 -0.05438
0.13499 -0.05587
0.13899 -0.05730
0.142990 -0.0586900
0.14698 -0.06003
0.15098 -0.06131
0.15498 -0.06254
0.15898 -0.06372
0.16297 -0.06483
0.16697 -0.0659
0.17097 -0.0669
0.17497 -0.06784
0.17897 -0.06872
0.18296 -0.06953
0.18696 -0.07029
0.19096 -0.070990
0.19496 -0.071640
0.19895 -0.07225
0.20295 -0.0728
0.20695 -0.073310
0.21095 -0.07377
0.21495 -0.07415
0.21894 -0.07448
0.22294 -0.07472
0.22694 -0.07489
0.23094 -0.07498
0.234930 -0.07501
0.23893 -0.07496
0.24293 -0.07484
0.24693 -0.07465
0.25092 -0.074380
0.25492 -0.07403
0.258920 -0.07361
0.26292 -0.07311
0.26692 -0.07252
0.27091 -0.07184
0.27491 -0.07109
0.27891 -0.07024
0.282910 -0.0693
0.2869 -0.06827
0.2909 -0.06714
0.2949 -0.06592
0.2989 -0.06458
0.3029 -0.06314
0.30689 -0.0616
0.31089 -0.05996
0.31489 -0.05822
0.31889 -0.0564
0.32288 -0.0545
0.32688 -0.052520
0.33088 -0.05047
0.33488 -0.04833
0.33887 -0.04612
0.34287 -0.04383
0.34687 -0.04145
0.350870 -0.03895
0.35487 -0.03632
0.35886 -0.033530
0.36283 -0.0306
0.36665 -0.02766
0.37014 -0.02487
0.37315 -0.02242
0.37552 -0.020460
0.37712 -0.01913
0.3779200000 -0.01857
-Inserting Flap Ga2-
0.52517 0.077910
0.52507 0.077470
0.52486 0.0766
0.52454 0.07532
0.52413 0.07371
0.523630 0.071870
0.523050 0.06992
0.52241 0.06794
0.52172 0.06603
0.52098 0.06420
0.5202 0.06243
0.519380 0.060720
0.51854 0.05905
0.517680 0.05741
0.5168 0.05581
0.5159 0.05423
0.51498 0.05268
0.51405 0.05115
0.513100 0.04965
0.51214 0.04817
0.51116 0.04671
0.51018 0.04528
0.50917 0.04386
0.50816 0.04247
0.50714 0.04109
0.5061 0.03973
0.50505 0.0384
0.50398 0.03709
0.5029 0.0358
0.50181 0.03453
0.5007 0.03328
0.49959 0.03204
0.498470 0.030820
0.49734 0.0296
0.49621 0.0284
0.49507 0.0272
0.49392 0.02603
0.49276 0.02486
0.49159 0.02372
0.49041 0.02259
0.48922 0.02148
0.48802 0.02039
0.48681 0.019310
0.48558 0.01824
0.48435 0.0172
0.48311 0.01616
0.48187 0.01514
0.480610 0.01413
0.47935 0.01314
0.47808 0.01215
0.4768 0.01118
0.47551 0.01023
0.47421 0.00929
0.47290 0.00837
0.47158 0.007460
0.470250 0.00657
0.46891 0.0057
0.46756 0.00484
0.4662 0.004
0.46483 0.00318
0.46345 0.00237
0.46205 0.001580
0.46065 0.00081
0.45924 6e-05
0.45781 -0.00068
0.45638 -0.0014
0.454930 -0.00211
0.45348 -0.0028
0.45202 -0.00348
0.45055 -0.00415
0.44907 -0.00479
0.44757 -0.00542
0.44606 -0.00601
0.44452 -0.00658
0.44297 -0.00711
0.4414 -0.00761
0.43981 -0.00808
0.4382 -0.00852
0.43657 -0.00893
0.43491 -0.0093
0.433240 -0.00963
0.43153 -0.00992
0.42979 -0.01015
0.42801 -0.01033
0.42620 -0.01045
0.42436 -0.01051
0.42248 -0.01053
0.42057 -0.010490
0.41863 -0.0104
0.41664 -0.01023
0.41458 -0.00996
0.41245 -0.009560
0.41021 -0.0090
0.40788 -0.00826
0.40552 -0.00737
0.40324 -0.00635
0.40111 -0.00522
0.39924 -0.004020
0.39771 -0.00277
0.39576 -0.00026
0.3954 0.00093
0.39547 0.00202
0.39599 0.00299
0.39687 0.00384
0.39805 0.00459
0.39943 0.00525
0.40093 0.00585
0.40248 0.00639
0.40406 0.00688
0.40567 0.00733
0.40731 0.007720
0.40897 0.00808
0.41066 0.00839
0.41237 0.00868
0.4141 0.008930
0.41584 0.00915
0.4176 0.00936
0.41936 0.00955
0.421130 0.00973
0.42291 0.00991
0.42469 0.01008
0.42647 0.01025
0.42824 0.01043
0.43001 0.01062
0.43178 0.01081
0.43353 0.011010
0.43529 0.01123
0.43703 0.01145
0.43877 0.01169
0.4405 0.0119400
0.44222 0.01221
0.44393 0.01249
0.44563 0.012790
0.44732 0.0131
0.4490 0.01342
0.45067 0.01377
0.45233 0.01413
0.45398 0.0145
0.4556200 0.0149
0.45725 0.01531
0.45886 0.015740
0.46047 0.01619
0.462060 0.01666
0.46364 0.01714
0.46521 0.01765
0.4667700 0.01818
0.46831 0.01873
0.46984 0.0193
0.471360 0.01989
0.47286 0.0205
0.47436 0.02113
0.47584 0.02177
0.47731 0.02243
0.47878 0.02310
0.48023 0.0238
0.48167 0.02451
0.48309 0.02525
0.48450 0.02601
0.48589 0.0268
0.48727 0.02762
0.48863 0.02846
0.48998 0.02932
0.49131 0.03021
0.49262 0.03112
0.49392 0.03206
0.4952 0.033030
0.49647 0.03402
0.49772 0.03504
0.49895 0.03608
0.50016 0.03716
0.501360 0.03826
0.50254 0.0394
0.50369 0.04056
0.50483 0.04176
0.50595 0.04299
0.50704 0.04425
0.50812 0.04555
0.50917 0.04689
0.5102 0.04826
0.51121 0.04967
0.51219 0.0511
0.51316 0.052560
0.51412 0.05406
0.51505 0.05558
0.51597 0.05712
0.51688 0.05869
0.51777 0.06029
0.51864 0.06191
0.51949 0.06357
0.52031 0.06526
0.52111 0.067
0.52188 0.0688
0.5226 0.07063
0.52327 0.07244
0.52387 0.07412
0.52437 0.0756
0.524760 0.07676
0.52502 0.07755
0.52517 0.077910
-Inserting Flap Ga2-
0.60208 0.21456
0.602140 0.21411
0.60223 0.21322
0.60236 0.21191
0.60251 0.21025
0.60266 0.20835
0.602780 0.20632
0.60284 0.20424
0.60283 0.20221
0.60275 0.20024
0.60261 0.19831
0.60242 0.19642
0.60219 0.19456
0.60193 0.19273
0.601640 0.19092
0.60132 0.18913
0.60098 0.18736
0.60062 0.18561
0.60023 0.18388
0.59982 0.18217
0.59939 0.18047
0.59894 0.17878
0.59848 0.17711
0.59799 0.17546
0.59749 0.17381
0.59697 0.17219
0.59643 0.17058
0.5958700 0.16898
0.59528 0.167410
0.59468 0.16585
0.59406 0.1643
0.59343 0.16276
0.59279 0.16123
0.59213 0.1597
0.591470 0.15819
0.5908 0.15668
0.590120 0.15518
0.58942 0.1537
0.5887 0.15222
0.58797 0.15077
0.58722 0.14932
0.5864600 0.14788
0.58568 0.14646
0.58489 0.14505
0.58408 0.14365
0.58326 0.14226
0.58243 0.14087
0.58159 0.1395
0.58073 0.13814
0.57987 0.13679
0.57899 0.13544
0.57809 0.13411
0.57719 0.13279
0.576260 0.13148
0.57533 0.13018
0.57437 0.1289
0.5734 0.12763
0.57242 0.12636
0.57142 0.12511
0.57041 0.12388
0.56938 0.12265
0.56834 0.121440
0.56727 0.12024
0.56619 0.119060
0.5651 0.11788
0.56399 0.11672
0.56287 0.11557
0.56174 0.114430
0.56059 0.11329
0.55943 0.11217
0.55825 0.11106
0.55705 0.10997
0.55583 0.108910
0.55457 0.1078600
0.55329 0.106830
0.55198 0.105830
0.55064 0.104850
0.54927 0.10390
0.54787 0.10296
0.54644 0.102060
0.54497 0.101180
0.54346 0.1003400
0.5419 0.099530
0.54029 0.09877
0.53862 0.09805
0.53691 0.09736
0.53515 0.09672
0.53334 0.09611
0.53148 0.09554
0.52955 0.09503
0.527520 0.09459
0.52537 0.09425
0.5230800 0.09403
0.52064 0.09394
0.51812 0.09398
0.51562 0.0941800
0.51324 0.09452
0.51107 0.09503
0.5092 0.09569
0.50653 0.0974
0.50579 0.09839
0.50549 0.09944
0.505650 0.10053
0.5062 0.10163
0.50706 0.10273
0.50813 0.10382
0.50934 0.10489
0.51062 0.10592
0.51194 0.10691
0.51331 0.10787
0.51471 0.1088
0.51616 0.10969
0.51764 0.11056
0.51916 0.1114
0.5207 0.11222
0.52227 0.11302
0.52385 0.1138
0.52545 0.11458
0.52706 0.11534
0.52867 0.11611
0.53029 0.11687
0.53191 0.11763
0.53352 0.11839
0.53512 0.11916
0.53672 0.11994
0.53831 0.12072
0.53988 0.121510
0.54145 0.12231
0.543010 0.12312
0.54455 0.12394
0.54608 0.12477
0.547590 0.125610
0.5491 0.12646
0.55058 0.12732
0.55206 0.1282
0.55351 0.129080
0.55496 0.12998
0.55638 0.13089
0.5578 0.13181
0.55919 0.13275
0.56057 0.1337
0.56193 0.13466
0.56327 0.13564
0.5646 0.13663
0.5659 0.137630
0.567190 0.13866
0.56846 0.13969
0.5697 0.14074
0.57093 0.14181
0.57215 0.14289
0.5733400 0.143980
0.57452 0.14509
0.57569 0.1462
0.576840 0.14733
0.577980 0.14847
0.57909 0.14963
0.58018 0.15081
0.58125 0.152
0.5823 0.15321
0.58332 0.15444
0.58432 0.15569
0.58529 0.15696
0.58625 0.15824
0.587180 0.15955
0.58809 0.16087
0.58897 0.16221
0.58983 0.16357
0.59066 0.16494
0.59147 0.166350
0.59225 0.167770
0.593 0.16921
0.59373 0.17067
0.59443 0.17216
0.5951 0.17367
0.59573 0.1752
0.59634 0.17676
0.59691 0.17835
0.59745 0.17996
0.59796 0.1816
0.59844 0.18326
0.59889 0.18494
0.59931 0.18665
0.5997 0.18838
0.60007 0.19012
0.60042 0.19189
0.6007400 0.19367
0.60104 0.19547
0.60131 0.19729
0.60156 0.19914
0.60177 0.20101
0.60193 0.20292
0.602050 0.20487
0.60211 0.20684
0.602140 0.208770
0.60213 0.21055
0.602110 0.21211
0.60208 0.21334
0.60206 0.21417
0.60208 0.21456
*.*.Setup: Ga2.txt as Flap 1, Inverted: y, Scale = 1.0, AoA = 0.0, Reposition from (0,0) = (0, 0)*.*.
*.*.Setup: Ga2.txt as Flap 2, Inverted: y, Scale = 0.4, AoA = 32.0, Reposition from previous T.E. = (0.04, 0.06), Reposition from (0,0) = (1.04, 0.0109)*.*.
*.*.Setup: Ga2.txt as Flap 3, Inverted: y, Scale = 0.4, AoA = 51.666666666666664, Reposition from previous T.E. = (-0.06, 0.06), Reposition from (0,0) = (1.3296, 0.2662)*.*.
*.*.Setup: Scale Ratio = 0.37792*.*.