0.35864 -0.0302
0.35785 -0.030940
0.35628 -0.03236
0.353950 -0.03447
0.35099 -0.03709
0.347560 -0.04005
0.34383 -0.04315
0.33994 -0.04619
0.33604 -0.049030
0.33214 -0.05165
0.32825 -0.0541
0.32436 -0.056390
0.32048 -0.058570
0.31661 -0.06065
0.31273 -0.06265
0.30886 -0.06456
0.30499 -0.0664
0.30112 -0.06817
0.29726 -0.06987
0.2934 -0.0715
0.28954 -0.07308
0.28568 -0.07459
0.28182 -0.07605
0.27797 -0.07746
0.27412 -0.07881
0.27027 -0.0801
0.26642 -0.08133
0.26257 -0.0825
0.25873 -0.0836
0.25489 -0.08465
0.25105 -0.08565
0.24721 -0.08661
0.24337 -0.08753
0.23954 -0.08843
0.2357 -0.0893
0.23187 -0.09014
0.22804 -0.09093
0.2242 -0.09169
0.22038 -0.09239
0.21655 -0.09304
0.21272 -0.09364
0.2089 -0.0942
0.20507 -0.09472
0.20125 -0.09519
0.19743 -0.09562
0.19361 -0.096010
0.18980 -0.09637
0.18598 -0.09668
0.18217 -0.09697
0.17835 -0.09721
0.17454 -0.09742
0.17073 -0.09759
0.16692 -0.09771
0.16311 -0.097790
0.15931 -0.09782
0.1555 -0.0978
0.1517 -0.09774
0.1479 -0.09764
0.1441 -0.09749
0.1403 -0.09729
0.1365 -0.09704
0.13271 -0.09675
0.12892 -0.0964
0.12513 -0.09601
0.12134 -0.09556
0.11755 -0.09508
0.11376 -0.09455
0.10998 -0.09399
0.10619 -0.0933900
0.10241 -0.09275
0.09863 -0.09205
0.09485 -0.09129
0.09108 -0.09045
0.0873 -0.08952
0.08353 -0.08851
0.07977 -0.0874
0.076 -0.086220
0.07224 -0.08494
0.06849 -0.08358
0.06473 -0.08211
0.06098 -0.080540
0.05724 -0.07883
0.0535 -0.07697
0.04976 -0.07496
0.046030 -0.07279
0.04231 -0.07047
0.03859 -0.068
0.03488 -0.06539
0.03117 -0.06263
0.02747 -0.05965
0.02378 -0.056380
0.0201 -0.05275
0.01644 -0.04867
0.01282 -0.04412
0.00936 -0.039230
0.00621 -0.03417
0.00352 -0.02913
0.00144 -0.02426
7e-05 -0.01975
-0.00043 -0.012220
0.00043 -0.0094
0.00203 -0.00735
0.00433 -0.00613
0.00721 -0.00563
0.01053 -0.00572
0.01414 -0.00624
0.01789 -0.00706
0.02166 -0.008040
0.02543 -0.00918
0.02919 -0.01044
0.03294 -0.01184
0.0367 -0.01335
0.04044 -0.01497
0.04419 -0.01669
0.04793 -0.0185
0.05167 -0.020370
0.05541 -0.0223
0.05914 -0.02427
0.06288 -0.02627
0.06661 -0.02828
0.07035 -0.03031
0.07408 -0.032330
0.07782 -0.03434
0.08155 -0.03633
0.08529 -0.03829
0.08902 -0.04023
0.09276 -0.04214
0.0965 -0.04402
0.10024 -0.04586
0.10399 -0.04766
0.10773 -0.04942
0.11147 -0.05114
0.11522 -0.05282
0.11897 -0.05445
0.12272 -0.05604
0.12647 -0.05759
0.13022 -0.05909
0.13397 -0.060540
0.13773 -0.06194
0.14149 -0.06329
0.14525 -0.0646
0.14901 -0.06585
0.15277 -0.06704
0.15654 -0.06818
0.1603 -0.06927
0.16407 -0.0703
0.167840 -0.07126
0.17162 -0.07217
0.17539 -0.07303
0.17917 -0.073820
0.18295 -0.07458
0.18673 -0.07528
0.19051 -0.07594
0.19429 -0.07656
0.19808 -0.07712
0.20187 -0.07763
0.20566 -0.07806
0.20945 -0.07843
0.21324 -0.07872
0.21704 -0.078950
0.22084 -0.0791
0.22464 -0.07919
0.22845 -0.079210
0.23225 -0.0791600
0.236060 -0.07903
0.23987 -0.078840
0.24369 -0.07857
0.2475 -0.07822
0.25132 -0.0778
0.25515 -0.07729
0.25897 -0.0767
0.2628 -0.07603
0.26663 -0.07527
0.27047 -0.07442
0.2743 -0.07348
0.27814 -0.07245
0.28199 -0.07131
0.28584 -0.07008
0.28969 -0.06874
0.2935400 -0.06732
0.2974 -0.0658
0.30126 -0.0642
0.30513 -0.06253
0.30899 -0.06078
0.31286 -0.05896
0.31673 -0.05706
0.32060 -0.05509
0.32448 -0.05305
0.32836 -0.05092
0.33224 -0.04868
0.33613 -0.04631
0.34002 -0.04379
0.3439 -0.04113
0.34762 -0.03846
0.35103 -0.03593
0.35397 -0.0337
0.35629 -0.03191
0.35786 -0.03071
0.35864 -0.0302
-Inserting Flap Ga2-
0.49236 0.05395
0.49222 0.05354
0.49195 0.05273
0.49154 0.05154
0.49102 0.05005
0.49039 0.04835
0.48969 0.04655
0.48892 0.04473
0.4881 0.04298
0.48725 0.0413
0.486360 0.03969
0.48545 0.03814
0.48451 0.03662
0.48356 0.03514
0.48259 0.03369
0.48161 0.03227
0.480610 0.03088
0.47960 0.02951
0.47858 0.02817
0.477540 0.026850
0.4765 0.02555
0.47544 0.024270
0.47438 0.02301
0.4733 0.02177
0.47221 0.020550
0.47112 0.01935
0.47001 0.01818
0.46889 0.01702
0.46776 0.01589
0.46662 0.01478
0.46547 0.013690
0.46431 0.01261
0.46315 0.01154
0.46198 0.01048
0.46081 0.00943
0.45963 0.00839
0.458440 0.00737
0.45725 0.00637
0.45605 0.00538
0.45483 0.00441
0.45361 0.00346
0.45238 0.00252
0.45114 0.0016
0.4499 0.00069
0.44865 -0.0002
0.44739 -0.00108000
0.44612 -0.00194
0.44485 -0.00279
0.44357 -0.00363
0.44228 -0.00446
0.44099 -0.00527
0.43969 -0.006070
0.43838 -0.00685
0.43706 -0.00761
0.43573 -0.00836
0.4344 -0.0091
0.43306 -0.00981
0.43171 -0.01051
0.43035 -0.0112
0.42898 -0.01186
0.42761 -0.01251
0.42622 -0.01315
0.42483 -0.01376
0.42342 -0.01436
0.42201 -0.01494
0.42059 -0.0155
0.41917 -0.01605
0.41773 -0.01659
0.41629 -0.01711
0.41485 -0.01762
0.41339 -0.01811
0.41192 -0.01858
0.41043 -0.01902
0.40894 -0.01942
0.40742 -0.0198
0.40589 -0.02015
0.40434 -0.02046
0.40278 -0.02074
0.4012 -0.02099
0.3996 -0.02121
0.397980 -0.021380
0.39634 -0.02151
0.39467 -0.02159
0.39298 -0.02161
0.39125 -0.02157
0.3895 -0.02148
0.38772 -0.02134
0.38591 -0.02115
0.38408 -0.0209
0.38221 -0.02058
0.38028 -0.02015
0.37829 -0.01959
0.37622 -0.01888
0.37407 -0.01799
0.37191 -0.01694
0.36983 -0.01579
0.36791 -0.01454
0.366240 -0.01325
0.36489 -0.01193
0.36325 -0.009390
0.36301 -0.00824
0.36317 -0.00721
0.36373 -0.00634
0.36465 -0.00561
0.36582 -0.004990
0.36719 -0.00448
0.368660 -0.00403
0.37017 -0.00365
0.37171 -0.00332
0.37327 -0.00303
0.37485 -0.00279
0.37646 -0.00259
0.37808 -0.00243
0.37973 -0.00231
0.38139 -0.00221
0.38306 -0.002140
0.38474 -0.002090
0.38643 -0.00206
0.38812 -0.00203
0.38982 -0.0020100
0.39152 -0.002
0.39322 -0.00198
0.3949100 -0.00196
0.39661 -0.00193
0.3983 -0.00189
0.39998 -0.00185
0.40166 -0.001790
0.40333 -0.00172
0.40499 -0.00164
0.40665 -0.00154
0.4083 -0.00143
0.40995 -0.00131
0.41158 -0.00117
0.41321 -0.00102
0.41483 -0.000840
0.41644 -0.000660
0.41805 -0.00045
0.41964 -0.00023
0.42123 0.000010
0.42281 0.00026
0.42437 0.00053
0.42593 0.00082
0.42748 0.001140
0.42902 0.001470
0.43055 0.00182
0.43206 0.00219
0.43357 0.00258
0.43507 0.003
0.43655 0.003430
0.43803 0.0038800
0.4395 0.00435
0.44096 0.004840
0.44241 0.00534
0.44385 0.00586
0.44529 0.00639
0.44671 0.00695
0.44812 0.00754
0.44952 0.00814
0.4509 0.00878
0.45227 0.00943
0.45363 0.01012
0.45498 0.01082
0.45631 0.01156
0.45763 0.01231
0.45894 0.01309
0.46024 0.0139
0.46152 0.01473
0.46279 0.0156
0.46404 0.016490
0.46528 0.0174
0.466510 0.01835
0.46772 0.01933
0.46891 0.02034
0.47009 0.02138
0.47125 0.02245
0.47239 0.02356
0.47351 0.0247
0.47462 0.02588
0.47571 0.02709
0.47678 0.02834
0.477840 0.02962
0.47888 0.03092
0.47991 0.03226
0.48092 0.033620
0.48192 0.03501
0.4829 0.03642
0.48388 0.03786
0.48484 0.039330
0.48578 0.04083
0.48671 0.04236
0.48761 0.04395
0.48848 0.04558
0.48932 0.04726
0.4901 0.04892
0.49081 0.05047
0.4914 0.05182
0.49187 0.05289
0.49218 0.05362
0.49236 0.05395
-Inserting Flap Ga2-
0.60146 0.183920
0.60151 0.18349
0.6016 0.18265
0.60172 0.18140
0.60187 0.17982
0.60201 0.17802
0.60212 0.17608
0.60218 0.17411
0.60217 0.17218
0.60209 0.1703
0.60196 0.16847
0.60178 0.16667
0.60156 0.16491
0.60131 0.16316
0.60104 0.16144
0.60074 0.15974
0.60041 0.15806
0.60006 0.15639
0.5997 0.15474
0.59931 0.15311
0.5989 0.1515
0.59848 0.14989
0.59803 0.1483
0.59757 0.14673
0.59709 0.14517
0.5966 0.14362
0.59608 0.14209
0.59555 0.14057
0.59499 0.13907
0.59442 0.13759
0.59383 0.13611
0.59323 0.134650
0.59262 0.133190
0.592 0.13175
0.59137 0.1303
0.59073 0.12887
0.59008 0.12745
0.58941 0.12603
0.58873 0.12463
0.58803 0.12324
0.58732 0.12187
0.5866 0.1205
0.58586 0.11915
0.5851 0.11781
0.58434 0.11647
0.58356 0.11515
0.58277 0.11384
0.58197 0.11253
0.581150 0.11124
0.58033 0.109950
0.579490 0.10867
0.57864 0.1074
0.57778 0.10615
0.5769 0.1049
0.57601 0.10367
0.5751 0.10245
0.5741800 0.101230
0.57325 0.10003
0.5723 0.09885
0.57133 0.09767
0.57036 0.0965
0.56936 0.09535
0.56835 0.09421
0.56732 0.09308
0.56628 0.09197
0.56523 0.09086
0.56416 0.08977
0.56308 0.08868
0.562 0.0876
0.56089 0.08654
0.559770 0.08548
0.55863 0.08445
0.55746 0.08343
0.55627 0.08243
0.55505 0.08146
0.5538 0.08051
0.55253 0.07957
0.551230 0.07866
0.5499 0.07778
0.54854 0.07691
0.54714 0.07608
0.5457 0.07528
0.54422 0.07451
0.54268 0.07379
0.5411 0.07310
0.53947 0.07245
0.53779 0.07184
0.53607 0.07126
0.5343 0.07072
0.53247 0.07023
0.53054 0.06982
0.52849 0.06949
0.52631 0.06928
0.52399 0.06919
0.52159 0.06923
0.51922 0.06942
0.5169500 0.06975
0.51489 0.07023
0.51312 0.07086
0.510570 0.07248
0.509870 0.07343
0.50958 0.07443
0.50973 0.07546
0.51026 0.0765
0.51107 0.07755
0.5121 0.07859
0.51325 0.079610
0.51446 0.08059
0.51572 0.08153
0.51702 0.08245
0.51836 0.08333
0.51973 0.08418
0.52114 0.085
0.52259 0.0858
0.524050 0.08658
0.52554 0.08734
0.52705 0.088080
0.52857 0.08882
0.5301 0.08955
0.531640 0.09028
0.53317 0.091
0.53471 0.09172
0.53624 0.09245
0.53777 0.09318
0.53929 0.09392
0.5408 0.09467
0.5423 0.09542
0.54379 0.096180
0.54527 0.09695
0.54674 0.09773
0.54819 0.09852
0.54963 0.09932
0.55106 0.10013
0.55248 0.10095
0.55388 0.101780
0.555260 0.10262
0.55664 0.103470
0.55799 0.10434
0.55934 0.10522
0.56066 0.10611
0.56197 0.10701
0.56327 0.10793
0.56454 0.10886
0.5658 0.1098
0.56705 0.11075
0.56827 0.11173
0.56948 0.11271
0.570660 0.11371
0.57183 0.11473
0.57299 0.11575
0.57412 0.11679
0.57525 0.11784
0.57636 0.11891
0.57745 0.11998
0.57853 0.12107
0.57959 0.12217
0.58063 0.123280
0.58164 0.12442
0.58264 0.12557
0.58361 0.12674
0.58456 0.12793
0.58549 0.12914
0.5864 0.13036
0.58728 0.1316
0.58815 0.13285
0.58899 0.13413
0.5898 0.13542
0.5906 0.13673
0.59137 0.13806
0.59211 0.13942
0.59282 0.14079
0.59352 0.14218
0.59418 0.14359
0.59481 0.14503
0.59542 0.14649
0.596 0.14797
0.59654 0.14948
0.59706 0.15101
0.59754 0.15257
0.59799 0.154150
0.59842 0.15575
0.59882 0.15738
0.5992 0.15902
0.59955 0.16068
0.59988 0.16236
0.60018 0.16405
0.60047 0.16577
0.60073 0.1675
0.60096 0.16926
0.60116 0.17104
0.60132 0.17285
0.60143 0.1747
0.60149 0.17658
0.60151 0.17841
0.6015 0.18011
0.60148 0.18159
0.60146 0.182760
0.60144 0.18355
0.60146 0.183920
*.*.Setup: Ga2.txt as Flap 1, Inverted: y, Scale = 1.0, AoA = -2.0, Reposition from (0,0) = (0, 0)*.*.
*.*.Setup: Ga2.txt as Flap 2, Inverted: y, Scale = 0.4, AoA = 27.0, Reposition from previous T.E. = (0.0067, 0.07), Reposition from (0,0) = (1.0043, -0.014)*.*.
*.*.Setup: Ga2.txt as Flap 3, Inverted: y, Scale = 0.4, AoA = 51.666666666666664, Reposition from previous T.E. = (0.04, 0.06), Reposition from (0,0) = (1.4097, 0.2101)*.*.
*.*.Setup: Scale Ratio = 0.35947*.*.