0.36413 0.03827
0.361990 0.03614
0.35888 0.03304
0.35523 0.02999
0.35081 0.02704
0.345440 0.0240
0.33896 0.02074
0.33132 0.01725
0.322610 0.01357
0.313060 0.00979
0.30294 0.00601
0.29249 0.00229
0.281860 -0.001310
0.27117 -0.00475
0.26044 -0.00802
0.24969 -0.011090
0.23889 -0.01398
0.22797 -0.01669
0.216900 -0.01926
0.20561 -0.02171
0.19408 -0.02408
0.18232 -0.0264
0.17038 -0.02869
0.15837 -0.030950
0.14645 -0.03317
0.13479 -0.03527
0.12358 -0.0372
0.11301 -0.03887
0.10319 -0.04018
0.09408 -0.04107
0.08554 -0.04151
0.07745 -0.04149
0.06972 -0.04103
0.0623 -0.04012
0.05517 -0.03878
0.04831 -0.03703
0.041760 -0.03488
0.03556 -0.03238
0.02979 -0.02962
0.02455 -0.02672
0.01995 -0.023820
0.016 -0.02103
0.01271 -0.01842
0.00998 -0.01599
0.00774 -0.01373
0.00590 -0.01163
0.00439 -0.009680
0.00315 -0.00785
0.00215 -0.00615
0.00135 -0.004540
0.00073 -0.00303
0.00029 -0.00159
0.000055 -0.00022
-6e-05 0.0011
0.00013 0.00242
0.00076 0.00361
0.00183 0.00453
0.003210 0.0052
0.00481 0.005710
0.00666 0.00613
0.00879 0.00649
0.01128 0.00683
0.01426 0.00715
0.0179 0.00746
0.02244 0.007750
0.0282 0.00802
0.03546 0.00824
0.04419 0.008370
0.05399 0.00833
0.06454 0.00804
0.07575 0.00754
0.08752 0.0069
0.09967 0.00618
0.11199 0.00544
0.12428 0.0047
0.136430 0.00402
0.14839 0.00341
0.160150 0.00292
0.17172 0.00255
0.1831 0.00235
0.194320 0.00232
0.20539 0.00248
0.21634 0.00285
0.22717 0.00344
0.23789 0.00426
0.24854 0.00532
0.2591 0.00661
0.2696 0.00815
0.28002 0.00993
0.29034 0.01195
0.30052 0.01420
0.31047 0.01666
0.32004 0.0193
0.32902 0.02204
0.33716 0.02481
0.344290 0.02755
0.35038 0.03022
0.3555 0.03281
0.35978 0.035310
0.36413 0.03827
-Inserting Flap s1223rtl-
0.53737 0.1431
0.5367 0.14174
0.53573 0.13977
0.53451 0.13773
0.5329 0.13562
0.53086 0.13331
0.52832 0.13072
0.52528 0.12782
0.52176 0.12466
0.51786 0.12132
0.51369 0.11789
0.50935 0.11443
0.50492 0.11099
0.500420 0.10763
0.49588 0.10434
0.4913 0.10113
0.486660 0.09801
0.48194 0.094950
0.47713 0.09193
0.47219 0.08894
0.46713 0.085940
0.46194 0.08293
0.45667 0.0799
0.45136 0.07688
0.44608 0.07389
0.44092 0.0710
0.43593 0.06826
0.4312 0.06575
0.42678 0.06353
0.42261 0.06163
0.41865 0.06003
0.41482 0.05872
0.41109 0.05768
0.40744 0.05690
0.40384 0.05638
0.40032 0.0560900
0.396870 0.05604
0.39353 0.05621
0.39036 0.05658
0.38741 0.057090
0.38476 0.05772
0.38244 0.05839
0.380460 0.05909
0.37877 0.0598
0.377340 0.06050
0.37613 0.06119
0.3751 0.06187
0.37422 0.06253
0.37347 0.06317
0.37283 0.0638
0.37229 0.06442
0.37185 0.06503
0.3715 0.06563
0.37124 0.06624
0.37112 0.0669
0.37122 0.067560
0.37158 0.06817
0.37212 0.06871
0.372800 0.06921
0.3736 0.06971
0.37455 0.070230
0.37567 0.0708
0.37703 0.07144
0.3787 0.072170
0.3808 0.07305
0.38348 0.07411
0.38687 0.0754
0.39098 0.07688
0.39562 0.07846
0.40065 0.080040
0.40603 0.08163
0.41171 0.08324
0.41756 0.08488
0.423510 0.086530
0.42944 0.08819
0.43529 0.08984
0.44105 0.0915
0.44669 0.09318
0.45222 0.09489
0.45763 0.09665
0.46294 0.09846
0.46815 0.10034
0.473260 0.1023
0.47828 0.10434
0.4832200 0.1064700
0.48808 0.1087
0.49287 0.11103
0.49758 0.11347
0.50222 0.11601
0.50677 0.11864
0.511210 0.12136
0.51551 0.12415
0.51961 0.12695
0.52341 0.12971
0.52681 0.13235
0.52973 0.1348
0.53218 0.13705
0.53418 0.13911
0.53579 0.140990
0.53737 0.1431
-Inserting Flap s1223rtl-
0.64483 0.29409
0.64458 0.29260
0.64422 0.29043
0.64363 0.28813
0.6427 0.28565
0.6414 0.28285
0.63972 0.27964
0.63763 0.27599
0.63517 0.27195
0.63239 0.26763
0.62938 0.263150
0.62622 0.258590
0.62295 0.25403
0.61961 0.24951
0.61621 0.24506
0.61274 0.24068
0.609190 0.23635
0.60555 0.23207
0.6018 0.2278
0.59793 0.223510
0.59393 0.21919
0.58983 0.21482
0.58565 0.21041
0.58143 0.20599
0.57723 0.201610
0.57311 0.197360
0.56912 0.19331
0.56531 0.18955
0.56171 0.18615
0.55826 0.18313
0.55492 0.18047
0.55163 0.17811
0.54836 0.176050
0.54508 0.174250
0.54179 0.17272
0.53849 0.17143
0.53521 0.1704
0.53196 0.1696
0.52881 0.16904
0.52584 0.16869
0.52312 0.16853
0.52071 0.16851
0.51861 0.168610
0.51679 0.1688
0.51522 0.16907
0.51386 0.169380
0.51268 0.16974
0.51164 0.17012
0.51074 0.17052
0.509950 0.170940
0.5092600 0.17137
0.50866 0.17183
0.50815 0.172310
0.50773 0.172820
0.50742 0.17341
0.50733 0.17408
0.5075 0.17477
0.50786 0.17544
0.50837 0.17611
0.50899 0.17682
0.50975 0.177590
0.51067 0.17846
0.51178 0.17945
0.51317 0.18064
0.51493 0.18208
0.517190 0.18387
0.52008 0.18608
0.52358 0.18867
0.52758 0.19151
0.53195 0.19447
0.53665 0.197540
0.54162 0.20071
0.54676 0.20396
0.55198 0.20725
0.55719 0.21053
0.56232 0.2138
0.56736 0.217040
0.57228 0.22026
0.57708 0.22349
0.58177 0.22672
0.58633 0.22998
0.59078 0.23328
0.595120 0.23662
0.59935 0.24001
0.60347 0.24347
0.60748 0.24701
0.6114 0.25061
0.6152100 0.2543
0.61893 0.25806
0.622530 0.26189
0.62601 0.265770
0.62933 0.26967
0.63245 0.27353
0.6353 0.27727
0.6378 0.28076
0.6399 0.28395
0.64159 0.28681
0.64292 0.28936
0.64393 0.29162
0.64483 0.29409
*.*.Setup: s1223rtl.txt as Flap 1, Inverted: y, Scale = 1.0, AoA = 6.0, Reposition from (0,0) = (0, 0)*.*.
*.*.Setup: s1223rtl.txt as Flap 2, Inverted: y, Scale = 0.5, AoA = 25.0, Reposition from previous T.E. = (0.02, 0.075), Reposition from (0,0) = (1.0145, 0.1795)*.*.
*.*.Setup: s1223rtl.txt as Flap 3, Inverted: y, Scale = 0.5, AoA = 41.666666666666664, Reposition from previous T.E. = (-0.08, 0.08), Reposition from (0,0) = (1.3877, 0.4708)*.*.
*.*.Setup: Scale Ratio = 0.36613*.*.