0.35542 -0.02993
0.35464 -0.030660
0.35308 -0.03207
0.350770 -0.03416
0.34784 -0.03676
0.344440 -0.03969
0.34074 -0.04276
0.33689 -0.04578
0.33302 -0.048590
0.32916 -0.05119
0.3253 -0.05361
0.32145 -0.055890
0.31761 -0.058040
0.31376 -0.06011
0.30992 -0.06208
0.30609 -0.06398
0.30225 -0.0658
0.29842 -0.06756
0.29459 -0.06924
0.29076 -0.07086
0.28694 -0.07242
0.28311 -0.07392
0.27929 -0.07537
0.27547 -0.07676
0.27166 -0.0781
0.26784 -0.07938
0.26403 -0.0806
0.26022 -0.08176
0.25641 -0.08285
0.2526 -0.08389
0.2488 -0.08488
0.24499 -0.08583
0.24119 -0.08674
0.23739 -0.08764
0.23359 -0.0885
0.22979 -0.08933
0.22599 -0.09012
0.22219 -0.09086
0.2184 -0.09156
0.2146 -0.0922
0.21081 -0.0928
0.20702 -0.09336
0.20323 -0.09387
0.19945 -0.09433
0.19566 -0.09476
0.19188 -0.095150
0.188090 -0.0955
0.18431 -0.09582
0.18053 -0.0961
0.17675 -0.09634
0.17297 -0.09655
0.1692 -0.09671
0.16542 -0.09683
0.16165 -0.096910
0.15788 -0.09694
0.15411 -0.09693
0.15034 -0.09687
0.14657 -0.09676
0.14281 -0.09661
0.13904 -0.09641
0.13528 -0.09617
0.13152 -0.09588
0.12776 -0.09553
0.124 -0.09514
0.12025 -0.0947
0.11649 -0.09422
0.11274 -0.0937
0.10899 -0.09314
0.10524 -0.0925500
0.10149 -0.09192
0.09774 -0.09123
0.094 -0.09047
0.09026 -0.08964
0.08652 -0.08872
0.08278 -0.08771
0.07905 -0.08662
0.07532 -0.085440
0.0716 -0.08418
0.06787 -0.08283
0.06415 -0.08138
0.06044 -0.079810
0.05672 -0.07812
0.05302 -0.07628
0.04932 -0.07429
0.045620 -0.07214
0.04193 -0.06984
0.03824 -0.06739
0.03456 -0.0648
0.03089 -0.06206
0.02722 -0.05911
0.02356 -0.055870
0.01992 -0.05227
0.01629 -0.04823
0.0127 -0.04372
0.00928 -0.038880
0.00616 -0.03387
0.00349 -0.02886
0.00142 -0.02405
7e-05 -0.01958
-0.00042 -0.012110
0.00043 -0.00932
0.00201 -0.00728
0.00429 -0.00607
0.00715 -0.00558
0.01044 -0.00566
0.01401 -0.00618
0.01773 -0.00699
0.02147 -0.007970
0.0252 -0.00909
0.02892 -0.01035
0.03265 -0.01173
0.03637 -0.01323
0.04008 -0.01484
0.04379 -0.01654
0.0475 -0.01833
0.05121 -0.020190
0.05491 -0.0221
0.05861 -0.02405
0.06231 -0.02603
0.06601 -0.02803
0.06972 -0.03004
0.07342 -0.032040
0.07712 -0.03403
0.08082 -0.036
0.08452 -0.03795
0.08823 -0.03987
0.09193 -0.04176
0.09564 -0.04362
0.09934 -0.04544
0.10305 -0.04723
0.10676 -0.04898
0.11047 -0.05068
0.11419 -0.05234
0.1179 -0.05396
0.12162 -0.05554
0.12533 -0.05707
0.12905 -0.05856
0.13277 -0.059990
0.13649 -0.06138
0.14022 -0.06273
0.14394 -0.06402
0.14767 -0.06525
0.1514 -0.06644
0.15513 -0.06757
0.15886 -0.06865
0.1626 -0.06967
0.166340 -0.07062
0.17008 -0.07153
0.17382 -0.07237
0.17756 -0.073160
0.18131 -0.07391
0.18505 -0.07461
0.1888 -0.07526
0.19255 -0.07587
0.1963 -0.07643
0.20005 -0.07693
0.20381 -0.07736
0.20757 -0.07773
0.21133 -0.07802
0.21509 -0.078240
0.21886 -0.07839
0.22262 -0.07848
0.22639 -0.078490
0.23017 -0.0784400
0.233940 -0.07832
0.23772 -0.078130
0.2415 -0.07786
0.24528 -0.07752
0.24907 -0.0771
0.25286 -0.0766
0.25665 -0.07601
0.26044 -0.07535
0.26424 -0.07459
0.26804 -0.07376
0.27184 -0.07283
0.27565 -0.0718
0.27946 -0.07067
0.28327 -0.06945
0.28709 -0.06813
0.2909100 -0.06671
0.29473 -0.06521
0.29856 -0.06363
0.30239 -0.06197
0.30622 -0.06023
0.31005 -0.05843
0.31389 -0.05655
0.317730 -0.0546
0.32157 -0.05257
0.32541 -0.05046
0.32926 -0.04824
0.33311 -0.04589
0.33697 -0.0434
0.34081 -0.04076
0.3445 -0.03812
0.34788 -0.03561
0.35079 -0.03339
0.35309 -0.03163
0.35464 -0.03043
0.35542 -0.02993
-Inserting Flap Ga2-
0.49422 0.064580
0.49413 0.064170
0.49393 0.06335
0.49363 0.06214
0.49324 0.060620
0.49277 0.05889
0.49222 0.05705
0.49162 0.05518
0.490970 0.05339
0.49027 0.051660
0.48953 0.04999
0.48876 0.0483800
0.48797 0.0468
0.48716 0.04526
0.48633 0.04374
0.48548 0.04226
0.484620 0.04079
0.48374 0.03936
0.48284 0.03794
0.48194 0.03655
0.48102 0.03517
0.48009 0.03382
0.47914 0.03249
0.47819 0.03117
0.477220 0.02987
0.47624 0.0286
0.47525 0.02734
0.47424 0.0261
0.47323 0.02489
0.4722 0.02369
0.47115 0.02251
0.470110 0.02135
0.46905 0.02019
0.46799 0.01905
0.466920 0.01791
0.46585 0.01678
0.46476 0.01567
0.46367 0.01458
0.46257 0.01350
0.46145 0.01244
0.46033 0.01139
0.4592 0.01036
0.45806 0.00934
0.4569 0.00834
0.45574 0.00735
0.45458 0.00637
0.4534 0.00541
0.45222 0.00446
0.45103 0.00352
0.44983 0.0026
0.44862 0.00168
0.44741 0.00078
0.44618 -0.0001
0.44495 -0.00097
0.4437 -0.00182
0.44245 -0.00266
0.441190 -0.00349
0.43991 -0.00429
0.43863 -0.00509
0.43734 -0.00586
0.43604 -0.006620
0.43472 -0.00737
0.4334 -0.00809
0.43207 -0.0088
0.43072 -0.0095
0.42937 -0.01018
0.42801 -0.01085
0.42664 -0.0115
0.42527 -0.01214
0.42388 -0.01277
0.42248 -0.01338
0.42107 -0.01397
0.41965 -0.01453
0.4182 -0.01506
0.41674 -0.01556
0.41525 -0.01603
0.41375 -0.016480
0.41224 -0.01689
0.4107 -0.01728
0.40914 -0.01763
0.40756 -0.01794
0.40595 -0.01821
0.40431 -0.01843
0.40264 -0.01859
0.40093 -0.01871
0.39919 -0.018770
0.397420 -0.01878
0.39562 -0.01875
0.39379 -0.01866
0.39191 -0.0185
0.38998 -0.01825
0.38796 -0.017870
0.38586 -0.01734
0.38366 -0.01665
0.381440 -0.01581
0.37928 -0.01484
0.37728 -0.01378
0.37552 -0.0126500
0.37407 -0.01147
0.37223 -0.0091
0.37189 -0.00798
0.37196 -0.00696
0.372450 -0.00605
0.37328 -0.00524
0.37439 -0.00453
0.37569 -0.00391
0.377110 -0.00334
0.37857 -0.00283
0.38006 -0.00237
0.38157 -0.00195
0.38312 -0.001580
0.38468 -0.00124
0.38628 -0.00095
0.38789 -0.00068
0.38952 -0.00044
0.39116 -0.000230
0.39282 -4e-05
0.39448 0.00014
0.39615 0.00032
0.39783 0.00048
0.3995 0.00064
0.40118 0.00081
0.40285 0.00097
0.40452 0.00115
0.40618 0.00133
0.40784 0.001520
0.40949 0.00172
0.411140 0.00194
0.41277 0.00216
0.4144 0.00240
0.41602 0.00265
0.41764 0.00291
0.41924 0.003190
0.42083 0.00349
0.42242 0.003790
0.42399 0.00412
0.42556 0.00446
0.42711 0.00481
0.42866 0.00518
0.43019 0.00557
0.43172 0.005980
0.433230 0.0064
0.43473 0.00684
0.43622 0.0073
0.43770 0.00778
0.43917 0.00828
0.44062 0.00879
0.44206 0.00933
0.44349 0.00989
0.44491 0.01046
0.44632 0.01106
0.44772 0.01166
0.44911 0.01228
0.45049 0.012920
0.45186 0.01357
0.45321 0.01425
0.454560 0.01494
0.45588 0.01566
0.4572 0.01641
0.45849 0.01718
0.45978 0.01797
0.46104 0.01878
0.4623 0.01962
0.46354 0.02048
0.46476 0.02136
0.46597 0.022270
0.46717 0.02321
0.46834 0.02417
0.4695 0.02515
0.47065 0.02617
0.47178 0.02721
0.47288 0.02828
0.47398 0.02938
0.47505 0.030510
0.4761 0.03166
0.47713 0.03286
0.47815 0.03408
0.47914 0.03534
0.48011 0.03663
0.48106 0.03796
0.48199 0.03931
0.4829 0.040690
0.4838 0.0421
0.48468 0.04353
0.48555 0.04499
0.4864 0.04647
0.48724 0.04797
0.48806 0.0495
0.48886 0.05106
0.48964 0.05266
0.4904 0.0543
0.49112 0.05599
0.4918 0.05772
0.49243 0.05943
0.49299 0.06101
0.49346 0.0624
0.49383 0.0635
0.494080 0.06424
0.49422 0.064580
-Inserting Flap Ga2-
0.60234 0.19339
0.6024 0.19297
0.602480 0.19213
0.60261 0.19089
0.60275 0.18933
0.60289 0.18754
0.603 0.18562
0.60306 0.18367
0.60305 0.18175
0.60297 0.17989
0.60284 0.178080
0.60266 0.1763
0.60244 0.17455
0.6022 0.17282
0.60192 0.17111
0.601630 0.16943
0.60131 0.167760
0.60096 0.16611
0.60060 0.16448
0.600210 0.16286
0.59981 0.16126
0.59939 0.15967
0.59895 0.15809
0.59849 0.15653
0.59802 0.15499
0.59753 0.15345
0.59702 0.15193
0.59649 0.15043
0.59593 0.14895
0.59537 0.14747
0.59478 0.14601
0.59419 0.14456
0.59358 0.14312
0.59297 0.14168
0.59235 0.14025
0.59171 0.13883
0.59107 0.13742
0.59041 0.13602
0.58973 0.13463
0.58904 0.13326
0.58833 0.1319
0.58761 0.13054
0.58688 0.1292
0.58613 0.127870
0.58538 0.12655
0.5846 0.125240
0.58382 0.12393
0.58303 0.12264
0.58222 0.12136
0.5814 0.12008
0.58057 0.11881
0.57973 0.11756
0.57888 0.11631
0.57801 0.11508
0.57712 0.11386
0.57622 0.11265
0.57531 0.11145
0.57439 0.11026
0.5734400 0.10908
0.57249 0.10791
0.57152 0.10676
0.57053 0.10562
0.56953 0.10449
0.56852 0.103370
0.567480 0.10226
0.56644 0.101170
0.56538 0.10008
0.56431 0.0990
0.56323 0.09794
0.56214 0.09688
0.56103 0.09583
0.5599 0.09481
0.55874 0.0938
0.55756 0.092810
0.55635 0.091850
0.55512 0.0909
0.55385 0.08998
0.55256 0.08908
0.55124 0.0882
0.5499 0.08734
0.54851 0.086520
0.54709 0.085720
0.54561 0.0849600
0.5441 0.08424
0.542530 0.08356
0.54091 0.08292
0.53925 0.08231
0.53754 0.08174
0.53579 0.0812
0.53397 0.08072
0.53206 0.08031
0.53003 0.07999
0.52787 0.07978
0.525570 0.07969
0.5232 0.07973
0.520840 0.07992
0.5186 0.08024
0.51656 0.080720
0.51479 0.08134
0.51227 0.08295
0.51157 0.08389
0.51129 0.08488
0.51144 0.0859
0.51196 0.08694
0.51277 0.08798
0.51378 0.08901
0.514920 0.09001
0.51613 0.09099
0.5173700 0.09192
0.51866 0.09283
0.51999 0.0937
0.521350 0.09454
0.52275 0.09536
0.52418 0.09615
0.52563 0.096920
0.52711 0.09767
0.5286 0.09841
0.53011 0.09915
0.53163 0.09987
0.53315 0.10059
0.53467 0.1013
0.53619 0.10202
0.53771 0.10274
0.53922 0.10347
0.54073 0.1042
0.54223 0.10494
0.54371 0.105680
0.54519 0.10644
0.54666 0.1072
0.54811 0.10797
0.54955 0.10875
0.55098 0.1095400
0.5524 0.11035
0.5538 0.11116
0.55519 0.11198
0.55656 0.112820
0.55792 0.11367
0.55927 0.11452
0.5606 0.11539
0.56191 0.11628
0.56321 0.11717
0.56449 0.11808
0.56576 0.119
0.56701 0.119930
0.568240 0.12088
0.56945 0.12184
0.570650 0.12282
0.57182 0.12381
0.57298 0.124820
0.57413 0.12584
0.57525 0.12687
0.5763700 0.12791
0.57747 0.12896
0.57855 0.13002
0.57962 0.1311
0.58067 0.13219
0.5817 0.1333
0.58271 0.13442
0.58369 0.13557
0.584660 0.13673
0.5856 0.1379
0.58652 0.1391
0.58742 0.14031
0.5883 0.14153
0.58915 0.14278
0.58998 0.14404
0.5907900 0.14532
0.59158 0.14662
0.59234 0.147940
0.59308 0.14928
0.59379 0.15064
0.59447 0.15202
0.595130 0.15343
0.59576 0.15485
0.59636 0.1563
0.59693 0.15777
0.59747 0.15926
0.59798 0.16078
0.598460 0.162320
0.59891 0.16389
0.59933 0.16548
0.59973 0.16708
0.6001 0.16871
0.60045 0.17036
0.60078 0.17202
0.60108 0.1737
0.60136 0.1754
0.601620 0.17712
0.60185 0.17886
0.60205 0.18062
0.6022 0.18242
0.60231 0.18426
0.60237 0.18612
0.6024 0.18793
0.60239 0.18962
0.60237 0.19108
0.60234 0.19224
0.60232 0.19302
0.60234 0.19339
*.*.Setup: Ga2.txt as Flap 1, Inverted: y, Scale = 1.0, AoA = -2.0, Reposition from (0,0) = (0, 0)*.*.
*.*.Setup: Ga2.txt as Flap 2, Inverted: y, Scale = 0.4, AoA = 32.0, Reposition from previous T.E. = (0.04, 0.07), Reposition from (0,0) = (1.0377, -0.014)*.*.
*.*.Setup: Ga2.txt as Flap 3, Inverted: y, Scale = 0.4, AoA = 51.666666666666664, Reposition from previous T.E. = (0.04, 0.06), Reposition from (0,0) = (1.4273, 0.2413)*.*.
*.*.Setup: Scale Ratio = 0.35624*.*.