0.35064 0.05554
0.34868 0.053370
0.34582 0.0502
0.34244 0.04706
0.33832 0.04398
0.33327 0.04077
0.32716 0.03729
0.31994 0.03351
0.31169 0.029510
0.30263 0.02537
0.29303 0.02119
0.2831 0.01706
0.27299 0.01303
0.26281 0.00916
0.25259 0.00545
0.24234 0.00193
0.23202 -0.00141
0.22159 -0.0046
0.211 -0.00764
0.20019 -0.01059
0.18915 -0.01347
0.17788 -0.01631
0.16643 -0.01913
0.15492 -0.02193
0.14349 -0.02468
0.13231 -0.02732
0.12155 -0.029750
0.1114 -0.0319
0.10196 -0.03367
0.09318 -0.03499
0.08493 -0.03585
0.07709 -0.03625
0.06959 -0.03619
0.06236 -0.035690
0.05538 -0.03475
0.04866 -0.0334
0.04221 -0.03165
0.03608 -0.02955
0.03035 -0.02717
0.02513 -0.02463
0.02052 -0.022050
0.016560 -0.01955
0.01324 -0.01719
0.010480 -0.01498
0.00819 -0.0129
0.00630 -0.010960
0.00474 -0.00915
0.00345 -0.00745
0.00239 -0.00584
0.00154 -0.0043300
0.00086 -0.00289
0.00036 -0.001520
0.000086 -0.00021
-0.00012 0.00107000
0.000005 0.00235
0.00055 0.003540
0.00154 0.00448
0.00284 0.0052
0.00437 0.00577
0.00614 0.006270
0.00818 0.00673
0.01058 0.00719
0.01345 0.00765
0.01695 0.00813
0.02133 0.00864
0.0269 0.00919
0.03392 0.00978
0.04236 0.01035
0.05186 0.0108
0.062090 0.01106
0.072970 0.01115
0.0844 0.01112
0.09620 0.01104
0.10816 0.01095
0.1201 0.01086
0.1319 0.01082
0.143510 0.01084
0.15492 0.01095
0.16614 0.011190
0.177180 0.01156
0.18804 0.0121
0.19875 0.01283
0.20933 0.01374
0.2197900 0.01486
0.23013 0.0162
0.24039 0.01776
0.25055 0.01955
0.260640 0.02157
0.27063 0.02382
0.28052 0.0263
0.29027 0.029
0.29978 0.03189
0.30891 0.03493
0.31747 0.03804
0.32521 0.04114
0.33198 0.04415
0.33773 0.04704
0.34256 0.04981
0.34658 0.05245
0.35064 0.05554
-Inserting Flap s1223rtl-
0.50436 0.17979
0.50384 0.178420
0.50307 0.17643
0.50205 0.17436
0.50068 0.172190
0.4989 0.16978
0.49667 0.167060
0.49398 0.16401
0.49085 0.16066
0.48736 0.1571
0.48363 0.15343
0.47973 0.14973
0.47573 0.14604
0.47167 0.1424
0.46757 0.13884
0.46341 0.135360
0.4592 0.13195
0.4549 0.1286
0.4505 0.12528
0.44598 0.12197
0.44135 0.1186400
0.43659 0.1153
0.43176 0.11193
0.42688 0.10856
0.42204 0.10523
0.417290 0.10199
0.41271 0.09893
0.40836 0.09611
0.40426 0.09359
0.4004 0.0914
0.39671 0.08952
0.39312 0.08793
0.38961 0.08661
0.38614 0.08555
0.38272 0.08474
0.37934 0.08417
0.37601 0.08383
0.37277 0.083710
0.36967 0.08379
0.36678 0.08404
0.36417 0.08442
0.36187 0.08488
0.3599 0.08538
0.35821 0.08592
0.35677 0.08648
0.35554 0.0870500
0.35449 0.08762
0.35358 0.08818
0.3528 0.08874
0.35213 0.08929
0.35156 0.08984
0.35108 0.09039
0.35069 0.09094
0.35039 0.09151
0.35022 0.09213
0.35026 0.09279
0.35056 0.09341
0.35103 0.09397
0.35165 0.09451
0.35238 0.09506
0.35325 0.09565
0.35429 0.09629
0.35555 0.09702
0.35709 0.09787
0.35905 0.09889
0.36155 0.10015
0.36472 0.10168
0.36856 0.10346
0.37291 0.10537
0.37764 0.10733
0.3827 0.10931
0.38804 0.11135
0.39356 0.11343
0.39917 0.11553
0.40476 0.11763
0.41027 0.11972
0.41569 0.12181
0.42099 0.12391
0.42619 0.12603000
0.43127 0.12818
0.43625 0.13038
0.44112 0.13264
0.44589 0.13496
0.45057 0.13736
0.45516 0.13983
0.45967 0.1424
0.46409 0.1450600
0.46844 0.14781
0.4727 0.15065
0.47687 0.15358
0.480940 0.15659
0.48486 0.15964
0.488580 0.16269
0.492020 0.16568
0.49507 0.16851
0.49769 0.17113
0.49986 0.17351
0.501620 0.17567
0.503020 0.17762
0.50436 0.17979
-Inserting Flap s1223rtl-
0.65687 0.29935
0.65646 0.29795
0.65587 0.2959
0.65504 0.29375
0.65386 0.29146
0.6523 0.28891
0.65032 0.28601
0.6479 0.28273
0.64507 0.27912
0.64191 0.27527
0.63851 0.27129
0.63495 0.26726
0.63129 0.26323
0.62756 0.25926
0.62378 0.255360
0.61995 0.25152
0.61604 0.24776
0.61205 0.24404
0.60796 0.240350
0.60375 0.23666
0.59942 0.23295
0.594980 0.2292
0.59045 0.22542
0.58589 0.22164
0.58136 0.2179
0.57691 0.21426
0.57261 0.21081
0.56852 0.20762
0.56466 0.20476
0.56101 0.20224
0.55749 0.20004
0.55405 0.19815
0.55067 0.19653
0.54731 0.19517
0.54397 0.19406
0.54065 0.1932
0.537370 0.19257
0.53415 0.19217
0.53106 0.19198
0.528160 0.19198
0.52552 0.19213
0.52319 0.19238
0.52118 0.19272
0.51945 0.19311
0.51797 0.19354
0.5167 0.19399
0.5156 0.19447
0.51464 0.19495
0.51382 0.19544
0.51310 0.1959300
0.51249 0.19643
0.5119600 0.196930
0.51152 0.19745
0.51118 0.19799
0.51095 0.1986
0.51094 0.19925
0.51117 0.19989
0.5116 0.2005
0.51216 0.20109
0.51285 0.20170
0.5136600 0.20236
0.51464 0.20309
0.51583 0.20393
0.5173 0.20491
0.51916 0.2061
0.52154 0.20757
0.52456 0.20937
0.52823 0.21148
0.5324 0.21376
0.53694 0.21612
0.54181 0.21854
0.54695 0.22104
0.55227 0.22359
0.55767 0.22617
0.563060 0.22875
0.568370 0.23131
0.57358 0.23386
0.57869 0.23642
0.583680 0.23898
0.58855 0.24157
0.59332 0.2442
0.597970 0.24687
0.60252 0.2496
0.60698 0.25239
0.61133 0.25526
0.6156 0.25821
0.61978 0.26124
0.62387 0.26436
0.627860 0.26756
0.63176 0.27085
0.63555 0.2742
0.639190 0.27758
0.64263 0.28095
0.6458 0.28422
0.6486 0.28731
0.65098 0.29014
0.65293 0.29271
0.65449 0.29501
0.65572 0.29707
0.65687 0.29935
*.*.Setup: s1223rtl.txt as Flap 1, Inverted: y, Scale = 1.0, AoA = 9.0, Reposition from (0,0) = (0, 0)*.*.
*.*.Setup: s1223rtl.txt as Flap 2, Inverted: y, Scale = 0.5, AoA = 30.0, Reposition from previous T.E. = (0.0, 0.1), Reposition from (0,0) = (0.9877, 0.2564)*.*.
*.*.Setup: s1223rtl.txt as Flap 3, Inverted: y, Scale = 0.5, AoA = 35.0, Reposition from previous T.E. = (0.02, 0.05), Reposition from (0,0) = (1.4407, 0.5564)*.*.
*.*.Setup: Scale Ratio = 0.35501*.*.