0.37149 -0.03128
0.37067 -0.032040
0.36905 -0.03352
0.366630 -0.0357
0.36357 -0.03842
0.360020 -0.04149
0.35615 -0.04469
0.35212 -0.04785
0.34808 -0.050790
0.34404 -0.05351
0.34001 -0.05604
0.33599 -0.058410
0.33197 -0.060670
0.32795 -0.06282
0.32394 -0.06489
0.31993 -0.06688
0.31592 -0.06878
0.31192 -0.07061
0.30791 -0.07237
0.30391 -0.07407
0.29991 -0.0757
0.29592 -0.07727
0.29192 -0.07878
0.28793 -0.08024
0.28394 -0.08163
0.27995 -0.08297
0.27597 -0.08425
0.27199 -0.08546
0.268 -0.0866
0.26402 -0.08768
0.26005 -0.08872
0.25607 -0.08971
0.2521 -0.09067
0.24812 -0.0916
0.24415 -0.0925
0.24018 -0.09337
0.23621 -0.09419
0.23224 -0.09497
0.22827 -0.0957
0.22431 -0.09637
0.22035 -0.097
0.21638 -0.09758
0.21242 -0.09811
0.20847 -0.0986
0.20451 -0.09905
0.20055 -0.099450
0.19660 -0.09982
0.19265 -0.10015
0.1887 -0.10044
0.18474 -0.1007
0.1808 -0.10091
0.17685 -0.10108
0.1729 -0.10121
0.16896 -0.101290
0.16502 -0.10132
0.16108 -0.10131
0.15714 -0.10125
0.1532 -0.10114
0.14926 -0.10098
0.14533 -0.10077
0.1414 -0.10052
0.13747 -0.10021
0.13354 -0.09986
0.12961 -0.09945
0.12569 -0.09899
0.12176 -0.09848
0.11784 -0.09794
0.11392 -0.09736
0.11 -0.0967400
0.10608 -0.09607
0.10216 -0.09535
0.09825 -0.09456
0.09434 -0.09369
0.09043 -0.09273
0.08653 -0.09168
0.08263 -0.09054
0.07873 -0.089310
0.07483 -0.08799
0.07094 -0.08657
0.06705 -0.08506
0.06317 -0.083420
0.05929 -0.08165
0.05542 -0.07973
0.05155 -0.07765
0.047680 -0.0754
0.04383 -0.073
0.03997 -0.07044
0.03613 -0.06773
0.03229 -0.06487
0.02845 -0.06179
0.02463 -0.05840
0.02082 -0.05464
0.01703 -0.05041
0.01328 -0.0457
0.0097 -0.040640
0.00644 -0.0354
0.00365 -0.03017
0.00149 -0.02513
7e-05 -0.02046
-0.00044 -0.012660
0.00045 -0.00974
0.0021 -0.00761
0.00448 -0.00635
0.00747 -0.00583
0.01091 -0.00592
0.01465 -0.00646
0.01853 -0.00731
0.02244 -0.008330
0.02634 -0.00951
0.03023 -0.01082
0.03412 -0.01226
0.03801 -0.01383
0.04189 -0.01551
0.04577 -0.01729
0.04965 -0.01916
0.05352 -0.02110
0.05739 -0.0231
0.06126 -0.02514
0.06513 -0.02721
0.069 -0.0293
0.07287 -0.0314
0.07674 -0.033490
0.08061 -0.03557
0.08447 -0.03763
0.08834 -0.03967
0.09222 -0.04168
0.09609 -0.04365
0.09996 -0.0456
0.10384 -0.0475
0.10771 -0.04937
0.11159 -0.05119
0.11547 -0.05297
0.11935 -0.05471
0.12323 -0.0564
0.12712 -0.05805
0.131 -0.05965
0.13489 -0.0612
0.13878 -0.062710
0.14267 -0.06416
0.14656 -0.06556
0.15045 -0.06691
0.15435 -0.06821
0.15825 -0.06944
0.16215 -0.07063
0.16605 -0.07175
0.16995 -0.07282
0.173860 -0.07382
0.17777 -0.07476
0.18168 -0.07564
0.18559 -0.076470
0.1895 -0.07725
0.19342 -0.07798
0.19734 -0.07867
0.20126 -0.07931
0.20518 -0.07989
0.2091 -0.08041
0.21303 -0.08086
0.21695 -0.08124
0.22089 -0.08155
0.22482 -0.081780
0.22875 -0.08194
0.23269 -0.08203
0.23663 -0.082040
0.24058 -0.0819900
0.244520 -0.08187
0.24847 -0.081660
0.25242 -0.08139
0.25637 -0.08103
0.26033 -0.08058
0.26429 -0.08006
0.26825 -0.07945
0.27222 -0.07875
0.27619 -0.07797
0.28016 -0.07709
0.28413 -0.07612
0.28811 -0.07505
0.2921 -0.07387
0.29608 -0.07259
0.30007 -0.07121
0.3040600 -0.06973
0.30806 -0.06816
0.31206 -0.0665
0.31606 -0.06477
0.32007 -0.06296
0.32407 -0.06107
0.32808 -0.0591
0.33210 -0.05707
0.33611 -0.05495
0.34013 -0.05274
0.34415 -0.05042
0.34818 -0.04797
0.35221 -0.04536
0.35622 -0.04261
0.36008 -0.03984
0.36361 -0.03722
0.36666 -0.0349
0.36906 -0.03306
0.37068 -0.03181
0.37149 -0.03128
-Inserting Flap Ga2-
0.48491 0.074850
0.48485 0.07441
0.48472 0.07354
0.48452 0.07225
0.48425 0.07064
0.48392 0.06879
0.48352 0.06682
0.48306 0.06483
0.48255 0.06289
0.48198 0.06103
0.48136 0.05923
0.48071000 0.05748
0.48003 0.055770
0.47932 0.05409
0.47859 0.05243
0.47785 0.05081
0.47708 0.04921
0.4763 0.04763
0.4755 0.04607
0.47468 0.04454
0.47385 0.04303
0.473 0.04153
0.472140 0.04006
0.47126 0.0386
0.47037 0.03716
0.46947 0.03574
0.46855 0.03434
0.46762 0.03296
0.46667 0.0316
0.46571 0.03027
0.46473 0.028940
0.46374 0.02763
0.46275 0.02634
0.46175 0.02505
0.46074 0.02376
0.45972 0.0225
0.4587 0.02124
0.45766 0.02
0.45661 0.01877
0.45555 0.01757
0.45447 0.01637
0.45339 0.0152
0.45229 0.01404
0.45118 0.01289
0.45007 0.011750
0.44894 0.01063
0.4478 0.00952
0.44666 0.008420
0.4455 0.00734
0.44434 0.006260
0.44316 0.0052
0.44198 0.00416
0.440790 0.00312
0.43958 0.0021
0.43836 0.00110
0.43713 0.00012
0.43589 -0.00086
0.434640 -0.00181
0.43338 -0.00276
0.4321 -0.003680
0.43082 -0.00459
0.42952 -0.00549
0.42821 -0.00637
0.42688 -0.00723
0.42555 -0.00807
0.4242 -0.0089
0.42285 -0.00972
0.42148 -0.01053
0.420110 -0.01132
0.418720 -0.0121
0.41732 -0.01286
0.41591 -0.01360
0.41447 -0.01432
0.41301 -0.015
0.41154 -0.01566
0.41004 -0.01628
0.408510 -0.01688
0.40697 -0.01745
0.40541 -0.01799
0.40381 -0.0185
0.4022 -0.01897
0.40054 -0.0194
0.39886 -0.01977
0.39713 -0.0201
0.39536 -0.02037
0.39356 -0.02060
0.39172 -0.02077
0.38984 -0.0209
0.38793 -0.02098
0.38596 -0.02098
0.38392 -0.02089
0.38178 -0.02068
0.37954 -0.02033
0.37719 -0.0198
0.3748 -0.01913
0.37247 -0.01832
0.37029 -0.0174
0.36835 -0.01638
0.36673 -0.015280
0.36461 -0.01299
0.36415 -0.01185
0.36413 -0.01078
0.36455 -0.00978
0.36535 -0.00887
0.36644 -0.00803
0.36774 -0.00726
0.36916 -0.00655
0.37063 -0.00588
0.37214 -0.00526
0.37368 -0.00469
0.37525 -0.00416
0.37686 -0.00367
0.37849 -0.00322
0.38014 -0.00279
0.38182 -0.0024
0.38351 -0.00203
0.38522 -0.00167
0.38693 -0.00133
0.38866 -0.001
0.39038 -0.00068
0.39211 -0.00036
0.39384 -0.000090
0.39557 0.00029
0.39729 0.00063
0.39901 0.00097
0.40072 0.00132
0.40242 0.00168
0.40411 0.00205
0.40579 0.00243
0.40747 0.00283
0.40913 0.00324
0.410790 0.00366
0.41243 0.0041
0.41407 0.00455
0.41569 0.00501
0.4173 0.00549
0.4189 0.00599
0.42048 0.0065
0.422060 0.00703
0.42362 0.00757
0.42517 0.00813
0.42671 0.00871
0.42823 0.00931
0.42974 0.00992
0.43124 0.01056
0.43272 0.01121
0.434190 0.01188
0.43564 0.01257
0.437080 0.01328
0.4385 0.01401
0.439910 0.01475
0.44132 0.01551
0.44271 0.01628
0.44409 0.01707
0.44545 0.01788
0.4468 0.0187
0.448140 0.01955
0.44945 0.02042
0.45075 0.02131
0.45203 0.02223
0.4533 0.02317
0.45454 0.02414
0.45577 0.02512
0.45698 0.026130
0.45818 0.02716
0.45936 0.02822
0.46051 0.0293
0.46165 0.03041
0.46277 0.03154
0.46387 0.0327
0.46495 0.03389
0.46601 0.0351
0.46704 0.03635
0.46806 0.03762
0.46905 0.03892
0.47001 0.04026
0.47096 0.04163
0.47187 0.04303
0.47276 0.04446
0.47363 0.04593
0.474480 0.04742
0.47531 0.04894
0.47611 0.050490
0.4769 0.052060
0.47767 0.05365
0.47842 0.05527
0.47916 0.05692
0.47987 0.05859
0.48057 0.06028
0.481230 0.06202
0.48187 0.06380
0.48247 0.06562
0.48302 0.06749
0.48352 0.06932
0.48396 0.07102
0.484320 0.07251
0.48461 0.07369
0.4848 0.07448
0.48491 0.074850
-Inserting Flap Ga2-
0.59793 0.21321
0.59798 0.21276
0.59807 0.21189
0.5982 0.21059
0.59835 0.20896
0.5985 0.20709
0.59861 0.20509
0.59868 0.20304
0.59867 0.20104
0.598590 0.1991
0.59845 0.1972
0.59826 0.19534
0.59803 0.19351
0.59777 0.1917
0.59749 0.18992
0.59718 0.18816
0.596840 0.18642
0.59648 0.18469
0.5961 0.18298
0.5957 0.18129
0.59528 0.17962
0.59484 0.17796
0.59438 0.17631
0.5939 0.17468
0.59341 0.17306
0.59289 0.17146
0.59236 0.16988
0.5918 0.16831
0.59123 0.166750
0.59064 0.16521
0.59003 0.16369
0.5894 0.16217
0.58877 0.16066
0.58813 0.15916
0.58748 0.15767
0.586820 0.15618
0.58614 0.15471
0.58545 0.15324
0.58474 0.15179
0.58402 0.15036
0.58328 0.14893
0.58253 0.14752
0.58177 0.14611
0.58099 0.14472
0.580190 0.14334
0.57938 0.14197
0.57857 0.14061
0.57774 0.13926
0.57689 0.13791
0.57604 0.13658
0.57517 0.13526
0.574290 0.13395
0.5734 0.13264
0.57249 0.13135
0.57157 0.13008
0.57063 0.12881
0.56967 0.12756
0.5687 0.12631
0.56772 0.12508
0.56672 0.12386
0.56571 0.12266
0.564680 0.1214600
0.5636300 0.12028
0.56257 0.119110
0.56149 0.11796
0.5604 0.11681
0.559290 0.11568
0.558180 0.114550
0.557050 0.11343
0.55591 0.11233
0.55475 0.11124
0.55356 0.11017
0.55236 0.109110
0.55112 0.108080
0.54986 0.107070
0.54856 0.1060800
0.54724 0.105120
0.5459 0.104180
0.54452 0.10326
0.54311 0.102360
0.54166 0.10150
0.54017 0.100670
0.53863 0.099880
0.53704 0.09912
0.53541 0.09841
0.53372 0.09774
0.53198 0.0971
0.5302 0.0965
0.52836 0.09595
0.52646 0.09544
0.52446 0.09501
0.52235 0.09468
0.52009 0.09445
0.51768 0.09436
0.5152 0.09441
0.51274 0.09460
0.51039 0.09494
0.508260 0.09544
0.50642 0.09609
0.50378 0.09777
0.50305 0.09875
0.50276 0.09979
0.50292 0.10086
0.50346 0.10194
0.5043 0.10303
0.50536 0.1041
0.50656 0.10515
0.50781 0.10617
0.50911 0.10715
0.51046 0.10809
0.51185 0.10901
0.51327 0.10989
0.51473 0.11074
0.516230 0.11157
0.51775 0.11237
0.51929 0.11316
0.520850 0.11394
0.52243 0.1147
0.52401 0.11545
0.5256 0.11621
0.52719 0.11696
0.52879 0.11771
0.53037 0.11846
0.53195 0.11922
0.53353 0.11998
0.53509 0.12075
0.53665 0.121530
0.53819 0.12232
0.53972 0.12312
0.54124 0.12392
0.54275 0.12474
0.54424 0.125570
0.54572 0.12641
0.54719 0.12726
0.54864 0.12812
0.55008 0.128990
0.5515 0.12988
0.5529 0.13077
0.554290 0.13168
0.555670 0.1326
0.55703 0.13354
0.55837 0.13449
0.55969 0.13545
0.56099 0.13643
0.56228 0.137420
0.56355 0.13842
0.5648 0.13944
0.56603 0.14048
0.56724 0.14153
0.56843 0.1426
0.56961 0.143670
0.57078 0.14476
0.571930 0.14586
0.57306 0.14697
0.57418 0.1481
0.57527 0.14924
0.57635 0.1504
0.5774 0.15157
0.57843 0.15277
0.57944 0.15398
0.58042 0.15521
0.58139 0.15646
0.58233 0.15772
0.58324 0.15901
0.584140 0.16031
0.58501 0.16163
0.58586 0.16297
0.58668 0.16433
0.58747 0.165710
0.58824 0.167110
0.58898 0.16853
0.5897 0.16997
0.59039 0.17143
0.591050 0.17292
0.59167 0.17443
0.59227 0.17597
0.592840 0.17753
0.59337 0.17912
0.59387 0.18073
0.59434 0.18237
0.59478 0.18403
0.59519 0.18571
0.59558 0.18741
0.59595 0.18913
0.59629 0.19087
0.59661 0.19263
0.5969 0.1944
0.59717 0.1962
0.59741 0.19802
0.597620 0.19986
0.59778 0.20174
0.5979 0.20366
0.59796 0.2056
0.59798 0.20750
0.59797 0.20926
0.59795 0.21079
0.59793 0.21201
0.59791 0.21282
0.59793 0.21321
*.*.Setup: Ga2.txt as Flap 1, Inverted: y, Scale = 1.0, AoA = -2.0, Reposition from (0,0) = (0, 0)*.*.
*.*.Setup: Ga2.txt as Flap 2, Inverted: y, Scale = 0.4, AoA = 37.0, Reposition from previous T.E. = (-0.0267, 0.06), Reposition from (0,0) = (0.971, -0.024)*.*.
*.*.Setup: Ga2.txt as Flap 3, Inverted: y, Scale = 0.4, AoA = 51.666666666666664, Reposition from previous T.E. = (0.04, 0.07), Reposition from (0,0) = (1.3423, 0.271)*.*.
*.*.Setup: Scale Ratio = 0.37235*.*.