0.37157 -0.03129
0.37076 -0.032050
0.36913 -0.03353
0.366710 -0.03571
0.36365 -0.03843
0.36010 -0.0415
0.35623 -0.0447
0.3522 -0.04786
0.34816 -0.05080
0.34412 -0.05352
0.34009 -0.05605
0.33607 -0.058430
0.33204 -0.060680
0.32803 -0.06284
0.32401 -0.06491
0.32 -0.06689
0.31599 -0.0688
0.31199 -0.07063
0.30798 -0.07239
0.30398 -0.07408
0.29998 -0.07571
0.29599 -0.07729
0.29199 -0.0788
0.288 -0.08025
0.28401 -0.08165
0.28002 -0.08299
0.27603 -0.08427
0.27205 -0.08548
0.26806 -0.08662
0.26408 -0.0877
0.26011 -0.08874
0.25613 -0.08973
0.25215 -0.09069
0.24818 -0.09162
0.24421 -0.09252
0.24023 -0.09339
0.23626 -0.09422
0.23229 -0.09499
0.22832 -0.09572
0.22436 -0.09639
0.2204 -0.09702
0.21643 -0.0976
0.21247 -0.09813
0.20851 -0.09862
0.20456 -0.09907
0.2006 -0.099470
0.196640 -0.09984
0.19269 -0.10017
0.18874 -0.10047
0.18479 -0.10072
0.18084 -0.10094
0.17689 -0.10111
0.17294 -0.10123
0.169 -0.101310
0.16505 -0.10135
0.16111 -0.10133
0.15717 -0.10127
0.15323 -0.10116
0.1493 -0.101
0.14536 -0.1008
0.14143 -0.10054
0.1375 -0.10024
0.13357 -0.09988
0.12964 -0.09947
0.12571 -0.09901
0.12179 -0.09851
0.11787 -0.09796
0.11394 -0.09738
0.11002 -0.0967600
0.10611 -0.09609
0.10219 -0.09537
0.09827 -0.09458
0.09436 -0.09371
0.09045 -0.09275
0.08655 -0.0917
0.08265 -0.09056
0.07875 -0.089330
0.07485 -0.088
0.07096 -0.08659
0.06707 -0.08508
0.06318 -0.083440
0.0593 -0.08167
0.05543 -0.07975
0.05156 -0.07766
0.047690 -0.07542
0.04384 -0.07301
0.03998 -0.07045
0.03614 -0.06775
0.03229 -0.06489
0.02846 -0.0618
0.02464 -0.058410
0.02082 -0.05465
0.01703 -0.05043
0.01328 -0.04571
0.0097 -0.040640
0.00644 -0.03541
0.00365 -0.03018
0.00149 -0.02514
7e-05 -0.02047
-0.00044 -0.012660
0.00045 -0.00974
0.0021 -0.00761
0.00448 -0.00635
0.00747 -0.00583
0.01091 -0.00592
0.01465 -0.00646
0.01854 -0.00731
0.02244 -0.008340
0.02634 -0.00951
0.03024 -0.01082
0.03413 -0.01226
0.03802 -0.01383
0.0419 -0.01551
0.04578 -0.0173
0.04966 -0.01917
0.05353 -0.021110
0.05741 -0.0231
0.06128 -0.02514
0.06515 -0.02721
0.06902 -0.0293
0.07288 -0.0314
0.07675 -0.03350
0.08062 -0.03558
0.08449 -0.03764
0.08836 -0.03968
0.09224 -0.04169
0.09611 -0.04366
0.09998 -0.04561
0.10386 -0.04751
0.10774 -0.04938
0.11161 -0.0512
0.11549 -0.05299
0.11938 -0.05472
0.12326 -0.05642
0.12714 -0.05807
0.13103 -0.05967
0.13492 -0.06122
0.13881 -0.062720
0.1427 -0.06418
0.14659 -0.06558
0.15049 -0.06693
0.15438 -0.06822
0.15828 -0.06946
0.16218 -0.07064
0.16609 -0.07177
0.16999 -0.07283
0.17390 -0.07384
0.17781 -0.07478
0.18172 -0.07566
0.18563 -0.076490
0.18955 -0.07727
0.19346 -0.078
0.19738 -0.07868
0.2013 -0.07932
0.20522 -0.07991
0.20915 -0.08043
0.21307 -0.08088
0.217 -0.08126
0.22093 -0.08156
0.22487 -0.081790
0.22881 -0.08195
0.23274 -0.08204
0.23669 -0.082060
0.24063 -0.0820100
0.244580 -0.08189
0.24853 -0.081680
0.25248 -0.0814
0.25643 -0.08104
0.26039 -0.0806
0.26435 -0.08008
0.26831 -0.07947
0.27228 -0.07877
0.27625 -0.07799
0.28022 -0.07711
0.2842 -0.07614
0.28818 -0.07506
0.29216 -0.07389
0.29615 -0.07261
0.30014 -0.07122
0.3041300 -0.06974
0.30813 -0.06817
0.31213 -0.06652
0.31613 -0.06479
0.32014 -0.06297
0.32415 -0.06108
0.32816 -0.05912
0.332170 -0.05708
0.33619 -0.05496
0.34021 -0.05276
0.34423 -0.05043
0.34826 -0.04798
0.35229 -0.04537
0.3563 -0.04262
0.36016 -0.03985
0.36369 -0.03723
0.36674 -0.03491
0.36915 -0.03306
0.37077 -0.03182
0.37157 -0.03129
-Inserting Flap Ga2-
0.49186 0.067520
0.49176 0.067080
0.49155 0.06623
0.49124 0.06497
0.490830 0.063380
0.49034 0.06157
0.48977 0.05964
0.48914 0.05769
0.48846 0.05581
0.48773 0.054010
0.48696 0.05227
0.48615 0.0505800
0.48533 0.04893
0.484480 0.04732
0.48361 0.04573
0.48272 0.04418
0.48182 0.04265
0.4809 0.04115
0.47996 0.03967
0.47902 0.03821
0.47806 0.03677
0.47708 0.03536
0.47609 0.03396
0.4751 0.03259
0.47409 0.03123
0.47306 0.0299
0.47203 0.02858
0.47097 0.02729
0.46991 0.02602
0.468830 0.02477
0.46774 0.02354
0.46665 0.02232
0.46554 0.02111
0.464430 0.01991
0.46332 0.01872
0.4622 0.01755
0.46106 0.01639
0.459920 0.01524
0.45877 0.014110
0.4576 0.013
0.45643 0.01191
0.45524 0.01083
0.45405 0.00977
0.45285 0.00872
0.45163 0.00768
0.45041 0.00666
0.44918 0.00566
0.44795 0.00466
0.4467 0.00368
0.44545 0.00271
0.44419 0.00176
0.44292 0.00082
0.44164 -0.00011
0.44034 -0.00101
0.43904 -0.00191
0.43773 -0.00278
0.43641 -0.00364
0.43508 -0.00449
0.43374 -0.00532
0.43239 -0.00613
0.43103 -0.006920
0.42966 -0.0077
0.42827 -0.00846
0.42688 -0.00921
0.42548 -0.00993
0.424060 -0.01064
0.42264 -0.01134
0.42121 -0.01202
0.41977 -0.01269
0.41832 -0.01335
0.41686 -0.01399
0.41539 -0.0146
0.41389 -0.01519
0.41238 -0.01574
0.41085 -0.01627
0.4093 -0.01676
0.40773 -0.017230
0.40615 -0.01766
0.40454 -0.01806
0.40291 -0.01843
0.40126 -0.01875
0.39957 -0.01904
0.39786 -0.01927
0.39611 -0.01944
0.39433 -0.01956
0.392510 -0.019620
0.39066 -0.01964
0.38878 -0.0196
0.38686 -0.01951
0.3849 -0.01935
0.38288 -0.01908
0.38077 -0.018680
0.37857 -0.01813
0.37627 -0.01741
0.37395 -0.01653
0.3717 -0.01552
0.3696 -0.01441
0.36776 -0.0132200
0.36624 -0.01199
0.36433 -0.00951
0.36397 -0.00835
0.36404 -0.00727
0.36455 -0.00632
0.36542 -0.00548
0.366580 -0.00474
0.36795 -0.00408
0.36942 -0.0035
0.37095 -0.00296
0.3725 -0.00248
0.37409 -0.00204
0.3757 -0.001650
0.37734 -0.0013
0.37901 -0.00099
0.38069 -0.00071
0.3824 -0.00047
0.384110 -0.000240
0.38585 -4e-05
0.387590 0.00015
0.38933 0.00033
0.391080 0.0005
0.39284 0.00067
0.39459 0.00084
0.39633 0.00102
0.39808 0.0012
0.39982 0.00139
0.401550 0.001590
0.40328 0.0018
0.405 0.00202
0.40671 0.00226
0.40841 0.002510
0.41011 0.00277
0.41179 0.00305
0.41347 0.003340
0.41514 0.00364
0.41679 0.003970
0.41844 0.00431
0.42008 0.00466
0.4217 0.00503
0.42332 0.00542
0.42492 0.00583
0.42651 0.006250
0.4281 0.00669
0.42967 0.00715
0.43122 0.00763
0.43277 0.00813
0.4343 0.00865
0.43582 0.00919
0.43733 0.00976
0.438830 0.01034
0.44031 0.01094
0.44178 0.01156
0.44324 0.01219
0.4447 0.01284
0.44614 0.01350
0.44757 0.01419
0.44899 0.01489
0.45039 0.01562
0.45178 0.01637
0.45315 0.01715
0.45451 0.01796
0.45585 0.01878
0.45717 0.01964
0.45849 0.02051
0.45978 0.02141
0.46106 0.02233
0.46233 0.023280
0.46357 0.02426
0.46481 0.02527
0.46602 0.0263
0.46722 0.02736
0.46839 0.02845
0.46955 0.02956
0.47069 0.03071
0.47181 0.031890
0.47292 0.0331
0.474 0.03435
0.47505 0.03563
0.47609 0.03695
0.4771 0.0383
0.4781 0.03968
0.47907 0.0411
0.48003 0.042540
0.48097 0.04401
0.48189 0.04551
0.48280 0.04703
0.48369 0.04858
0.484560 0.05015
0.48542 0.05175
0.48626 0.05338
0.48707 0.05505
0.48786 0.05677
0.48861 0.05854
0.48933 0.06035
0.48999 0.06213
0.49057 0.06379
0.491070 0.06524
0.49145 0.06639
0.49171 0.06716
0.49186 0.067520
-Inserting Flap Ga2-
0.59865 0.19376
0.59865 0.19331
0.59864 0.19243
0.59862 0.19113
0.59858 0.18949
0.59851000 0.18761
0.59839 0.18561
0.59822 0.18357
0.59797 0.18158
0.59767 0.17966
0.59731 0.17779
0.59691 0.17596
0.596470 0.17417
0.596 0.17241
0.59551 0.17067
0.595 0.16896
0.59446 0.16726
0.59391 0.16559
0.59333 0.163940
0.59273 0.16231
0.59212 0.160690
0.591490 0.15909
0.59084 0.15751
0.59018 0.15595
0.5895 0.1544
0.5888 0.15287
0.58809 0.15135
0.58735 0.14986
0.5866 0.14838
0.58583 0.14692
0.58505 0.1454700
0.58426 0.144040
0.58345 0.14262
0.58264 0.14120
0.58182 0.13979
0.58099 0.13839
0.58015 0.137
0.57929 0.13563
0.57842 0.13427
0.57754 0.13293
0.57664 0.1316
0.57573 0.13028
0.5748 0.12898
0.57387 0.12768
0.572920 0.12641
0.57196 0.12514
0.57099 0.12388
0.57 0.12263
0.56901 0.1214
0.56801 0.12017
0.56699 0.11896
0.56597 0.11776
0.56493 0.11657
0.56388 0.11539
0.56281 0.11423
0.56173 0.11308
0.56064 0.11194
0.55953 0.11082
0.55841 0.10971
0.55728 0.10862
0.55613 0.10754
0.55497 0.10647
0.553790 0.10542
0.5526 0.10438
0.55139 0.10336
0.55018 0.1023500
0.54895 0.10135
0.54771 0.10036
0.54646 0.09938
0.54519 0.09842
0.54391 0.09747
0.54261 0.09654
0.54129 0.09563
0.53994 0.09475
0.53857 0.09389
0.537170 0.09306
0.53575 0.09226
0.5343 0.09148
0.53282 0.09073
0.53132 0.09
0.52978 0.08931
0.5282 0.088660
0.52658 0.08805
0.52492 0.08749
0.52321 0.08697
0.52145 0.0865
0.51965 0.08607
0.51781 0.085680
0.51593 0.085340
0.51398 0.08506
0.51194 0.08486
0.5098 0.084770
0.50753 0.08482
0.50513 0.085
0.50267 0.08534
0.500250 0.08582
0.49796 0.08643
0.49589 0.08717
0.49414 0.08803
0.49172 0.09001
0.49111 0.09106
0.49093 0.09213
0.49121 0.09317
0.49188 0.09418
0.49284 0.09517
0.49402 0.09611
0.49533 0.09702
0.49669 0.09788
0.4981 0.0987
0.49955 0.09948
0.50103 0.10023
0.50255 0.10094
0.5041 0.101620
0.50568 0.10226
0.50729 0.10289
0.50891 0.103490
0.51055 0.10408
0.51221 0.10466
0.51387 0.10522
0.51553 0.10579
0.5172 0.10635
0.51887 0.10691
0.52054 0.10747
0.52219 0.10804
0.52385 0.10862
0.52549 0.1092
0.52713 0.1097900
0.52875 0.11040
0.53037 0.11101
0.53197 0.11164
0.53356 0.11227
0.53514 0.11292
0.53671 0.11358
0.53826 0.11426
0.53981 0.11494
0.54133 0.11565
0.54285 0.11636
0.54435 0.11709
0.54584 0.117830
0.54731 0.11859
0.548770 0.11936
0.55021 0.12014
0.55163 0.120950
0.55304 0.12176
0.55444 0.12260
0.55581 0.12345
0.55717 0.12432
0.55852 0.12521
0.55984 0.12611
0.56115 0.12703
0.56245 0.12796
0.56373 0.12891
0.565 0.12987
0.56625 0.13084
0.5675 0.131830
0.56872 0.132830
0.56992 0.13386
0.57110 0.13491
0.57227 0.13597
0.57341 0.13706
0.57453 0.13817
0.57563 0.1393
0.57671 0.14044
0.57777 0.14161
0.57881 0.1428
0.57983 0.14401
0.58082 0.145240
0.5818 0.14650
0.58275 0.14778
0.58368 0.14908
0.58458 0.1504
0.58546 0.15175
0.58631 0.15313
0.58714 0.15453
0.58794 0.15596
0.58871 0.15742
0.589450 0.1589
0.59016 0.16042
0.590850 0.16196
0.5915 0.16354
0.59214 0.16513
0.59274 0.16675
0.59333 0.1684
0.59389 0.17007
0.59443 0.17175
0.59495 0.17346
0.59545 0.17519
0.59593 0.17694
0.59638 0.17872
0.59679 0.18053
0.59717 0.18238
0.59751 0.18427
0.5978 0.1862
0.59804 0.18808
0.59824 0.18983
0.59839 0.19135
0.59851 0.19256
0.59859 0.19338
0.59865 0.19376
*.*.Setup: Ga2.txt as Flap 1, Inverted: y, Scale = 1.0, AoA = -2.0, Reposition from (0,0) = (0, 0)*.*.
*.*.Setup: Ga2.txt as Flap 2, Inverted: y, Scale = 0.4, AoA = 32.0, Reposition from previous T.E. = (-0.0267, 0.07), Reposition from (0,0) = (0.971, -0.014)*.*.
*.*.Setup: Ga2.txt as Flap 3, Inverted: y, Scale = 0.4, AoA = 45.0, Reposition from previous T.E. = (-0.01, 0.07), Reposition from (0,0) = (1.3106, 0.2513)*.*.
*.*.Setup: Scale Ratio = 0.37244*.*.