0.37034 0.00767
0.369610 0.00683
0.36816 0.00520
0.366 0.00280
0.36325 -0.00021
0.36006 -0.00360
0.35657 -0.00717
0.35292 -0.01071
0.34923 -0.01403
0.34553 -0.01714
0.34181 -0.02006
0.33808 -0.02283
0.33434 -0.02547
0.33059 -0.02802
0.32684 -0.030480
0.32309 -0.03286
0.31932 -0.035150
0.315560 -0.03738
0.31178 -0.03954
0.30801 -0.04163
0.30422 -0.04365
0.300440 -0.04562
0.29665 -0.04753
0.29286 -0.04938
0.28906 -0.05118
0.28526 -0.052910
0.28145 -0.05459
0.27764 -0.0562
0.27382 -0.05774
0.27 -0.05922
0.26618 -0.06066
0.26236 -0.06205
0.25853 -0.06341
0.2547 -0.06474000
0.25087 -0.06605
0.24703 -0.06732
0.24319 -0.06855
0.23935 -0.06973
0.235510 -0.07086
0.231660 -0.07194
0.22781 -0.07297
0.22396 -0.07395
0.2201 -0.074890
0.21624 -0.07578
0.21237 -0.07663
0.20851 -0.07744
0.20464 -0.07822
0.20077 -0.07896
0.19689 -0.07966
0.19302 -0.08032
0.18914 -0.08094
0.18525 -0.08152
0.181370 -0.08206
0.17748 -0.08254
0.17359 -0.08299
0.16969 -0.08338
0.16579 -0.08373
0.16189 -0.08403
0.15798 -0.08428
0.154070 -0.08449
0.15016 -0.08464
0.14625 -0.08475
0.14233 -0.0848
0.1384 -0.08481
0.13448 -0.08476
0.13055 -0.08467
0.12662 -0.08454
0.12268 -0.08437
0.11874 -0.08417
0.1148 -0.08392
0.110860 -0.08361
0.10691 -0.08324
0.10295 -0.08278
0.09899 -0.08224
0.09502 -0.08161
0.09105 -0.080880
0.08707 -0.08007
0.08309 -0.07917
0.079090 -0.07818
0.07509 -0.07709
0.07108 -0.07587
0.06707 -0.07453
0.06304 -0.07303
0.059 -0.07137
0.05495 -0.06955
0.05089 -0.067580
0.04682 -0.06545
0.04273 -0.06318
0.03864 -0.0607500
0.034530 -0.0581
0.0304 -0.05515
0.02625 -0.05183
0.02206 -0.04805
0.01787 -0.04378
0.0138 -0.039150
0.01004 -0.03431
0.00674 -0.02943
0.00408 -0.02468
0.0022 -0.02021
0.00088 -0.01255
0.00145 -0.009570
0.00286 -0.0073
0.00509 -0.00581
0.00799 -0.004990
0.01139 -0.004720
0.01514 -0.00486
0.01907 -0.0053
0.02304 -0.0059
0.02701 -0.00666
0.031 -0.00755
0.03499 -0.008570
0.039 -0.00972
0.04301 -0.01098
0.04703 -0.01233
0.05105 -0.013780
0.05508 -0.01529
0.05911 -0.01686
0.06315 -0.01848
0.06719 -0.02012
0.07123 -0.02178
0.07527 -0.02346
0.07931 -0.02512
0.08334 -0.02678
0.08738 -0.02841
0.09142 -0.03002
0.09545 -0.0316
0.09948 -0.03316
0.10351 -0.034670
0.107540 -0.03615
0.11156 -0.03759
0.11558 -0.0389900
0.1196 -0.04035
0.12362 -0.04167
0.12763 -0.04294
0.13164 -0.04416
0.13564 -0.04534
0.13965 -0.04647
0.14365 -0.047550
0.147640 -0.04858
0.151630 -0.04956
0.15562 -0.05049
0.1596 -0.051370
0.16359 -0.05219
0.16756 -0.052950
0.17153 -0.05366
0.17550 -0.0543
0.17947 -0.05489
0.18343 -0.05541
0.187380 -0.05588
0.19133 -0.05629
0.19528 -0.05665
0.19923 -0.05697
0.20317 -0.05724
0.2071100 -0.05746
0.21104 -0.05763
0.21498 -0.05774
0.2189 -0.05778
0.222820 -0.05775
0.22674 -0.05764
0.23065 -0.05746
0.23455 -0.05721
0.23845 -0.056890
0.24235 -0.0565
0.24624 -0.05604
0.25013 -0.0555
0.25401 -0.05489
0.25788 -0.0542
0.26175 -0.05344
0.26562 -0.05259
0.269480 -0.05166
0.27333 -0.05065
0.27717 -0.04955
0.28101 -0.04836
0.284850 -0.04708
0.28868 -0.04571
0.29250 -0.044230
0.29631 -0.04266
0.30011 -0.04098
0.30391 -0.0392
0.307700 -0.03732
0.31149 -0.03536
0.315270 -0.03331
0.31904 -0.031180
0.32281 -0.02897
0.32658 -0.02669
0.330340 -0.02433
0.33409 -0.0219
0.33784 -0.01939
0.34158 -0.016790
0.34531 -0.01408
0.34904 -0.01124
0.35275 -0.00824
0.35643 -0.0051
0.35995 -0.00197
0.36317 0.00099
0.36594 0.00359
0.36812 0.00567
0.3696 0.00707
0.37034 0.00767
-Inserting Flap Ga2-
0.50216 0.10213
0.50206 0.10169
0.50185 0.10084
0.50154 0.09959
0.501140 0.09801
0.50065 0.09621
0.50008 0.0943
0.49946 0.09236
0.49878 0.0905
0.49806 0.0887
0.49729 0.086970
0.49649 0.0853
0.49567 0.08366
0.49482 0.08206
0.49396 0.080480
0.49308 0.07894
0.49218 0.07742
0.49127 0.07593
0.49034 0.07446
0.4894 0.07301
0.48845 0.07158
0.48748 0.07018
0.4865 0.06879
0.48551 0.06742
0.4845 0.06608
0.48349 0.06475
0.48246 0.06344
0.481410 0.06216
0.48036 0.0609
0.47929 0.05966
0.4782 0.05843
0.47711 0.05722
0.47602 0.05602
0.47492 0.05483
0.47381 0.05365
0.47269 0.05248
0.47157 0.05133
0.470430 0.05019
0.46929 0.04907
0.46813 0.04797
0.46696 0.04688
0.46579 0.045810
0.4646 0.04475
0.46341 0.04371
0.46220 0.04269
0.46099 0.041670
0.45977 0.04067
0.45854 0.039690
0.4573 0.03871
0.45606 0.03775
0.4548 0.0368
0.45354 0.03587
0.45227 0.03495
0.45099 0.03405
0.44969 0.03316
0.44839 0.03229
0.44708 0.03143
0.445760 0.03059
0.444430 0.029770
0.44309 0.028970
0.44173 0.02818
0.44037 0.0274
0.4390 0.02665
0.43761 0.025910
0.43622 0.025190
0.43481 0.02448
0.4334 0.02379
0.43198 0.02311
0.43055 0.02244
0.42911 0.0217900
0.42766 0.021160
0.42619 0.02055
0.42471 0.01997
0.42321 0.01941
0.42169 0.01889
0.42015 0.0184
0.418590 0.01794
0.41702 0.01751
0.41542 0.01711
0.41380 0.01675
0.41216 0.01642
0.410490 0.01614
0.40878 0.01592
0.40704 0.01574
0.40527 0.01562
0.40347 0.01556
0.40163 0.01555
0.39976 0.01558
0.39786 0.01567
0.39591 0.01584
0.3939 0.0161
0.39181 0.0165
0.38962 0.01704
0.38734 0.01776
0.38503 0.01864
0.38279 0.01964
0.38071 0.02074
0.37888 0.02192
0.37738 0.023150
0.37547 0.025600
0.37512 0.02676
0.37519 0.02783
0.37569 0.02878
0.37656 0.029610
0.37771 0.03034
0.37907 0.0310
0.38053 0.03158
0.38205 0.03211
0.38359 0.03259
0.38517 0.03303
0.38677 0.03341
0.3884 0.03376
0.39005 0.034070
0.391730 0.03435
0.39342 0.03459
0.39513000 0.03481
0.39685 0.03502
0.39858 0.0352
0.40031 0.03538
0.40205 0.03555
0.40379 0.03572
0.40553 0.03589
0.40727 0.036060
0.409 0.03625
0.41073 0.036430
0.412450 0.03663
0.41417 0.03684
0.41587 0.03706
0.41757 0.0373
0.419270 0.03754
0.420950 0.03780
0.42262 0.03808
0.42429 0.03837
0.425940 0.038670
0.42759 0.03899
0.429230 0.03933
0.43085 0.03968
0.43247 0.04005
0.43407 0.04044
0.43566 0.04084
0.43725 0.04126
0.43882 0.0417
0.44038 0.04216
0.44193 0.04264
0.44346 0.04313
0.44499 0.04365
0.44650 0.04419
0.44799 0.04475
0.44948 0.04532
0.450950 0.045920
0.45241 0.04653
0.453870 0.047160
0.45531 0.04781
0.45674 0.04847
0.45816 0.04915
0.45957 0.04985
0.46097 0.05057
0.46234 0.05132
0.46371 0.05209
0.46505 0.05289
0.46639 0.053710
0.4677 0.05456
0.46901 0.05543
0.47029 0.05632
0.47157 0.05724
0.47282000 0.05818
0.47406 0.05915
0.47529 0.06015
0.47649 0.06118
0.47768 0.06223
0.47885 0.06331
0.48 0.06442
0.48113 0.06556
0.48225 0.06673
0.48334 0.067940
0.48441 0.06918
0.48546 0.07045
0.48649 0.07176
0.4875 0.0731
0.48849 0.07447
0.48946 0.07588
0.49041 0.07731
0.49134 0.07877
0.49226 0.08026
0.493160 0.08177
0.49404 0.08331
0.4949100 0.08487
0.49576 0.08646
0.4966 0.08808
0.49741 0.08974
0.49819 0.09145
0.49894 0.0932
0.4996500 0.095
0.5003 0.09677
0.50088 0.09842
0.50137 0.09986
0.50175 0.101
0.50201 0.10177
0.50216 0.10213
-Inserting Flap Ga2-
0.61445 0.2359
0.6145 0.235460
0.61459 0.23459
0.61472 0.2333
0.61487 0.23168
0.61502 0.22982
0.61513 0.2278300
0.61519 0.22580
0.61518 0.22381
0.6151 0.22188
0.61496 0.21999
0.61478 0.218140
0.61455 0.21632
0.6143 0.214530
0.61401 0.212760
0.6137 0.21101
0.61337 0.20928
0.61301 0.20756
0.61264 0.20587
0.61224 0.20419
0.61182 0.20252
0.61138 0.20087
0.610920 0.19924
0.610450 0.19762
0.609960 0.19601
0.609450 0.19442
0.60892 0.19284
0.60836 0.191280
0.60779 0.18974
0.6072 0.18821
0.6066 0.18669
0.60598 0.18519
0.60535 0.18369
0.60471 0.18220
0.60407 0.18071
0.60341 0.17924
0.60274 0.17777
0.60205 0.17632
0.6013500 0.17488
0.600630 0.17345
0.59990 0.17203
0.59915 0.17063
0.59839 0.16923
0.59761 0.16785
0.59683 0.16648
0.59602 0.16512
0.59521 0.163760
0.59439 0.16242
0.59355 0.16109
0.5927 0.15976
0.59184 0.15845
0.59097 0.15714
0.590080 0.15585
0.58917 0.15457
0.58826 0.1533
0.58732 0.152040
0.58638 0.15079
0.58541 0.14956
0.58444 0.14834
0.58344000 0.14712
0.58244 0.14592
0.58141 0.14474
0.58037 0.14356
0.57932 0.1424
0.57825 0.14126
0.57716 0.14012
0.57606 0.13899
0.57495 0.13787
0.57383 0.13676
0.5727 0.135660
0.57154 0.13458
0.570370 0.13351
0.56917 0.13247
0.56794 0.13144
0.56669 0.13044
0.5654 0.12946
0.56409 0.1285
0.56275 0.12756
0.56138 0.12665
0.55998 0.12576
0.55854 0.1249
0.557060 0.12408
0.55553 0.12329
0.55396 0.12254
0.55233 0.12184
0.55065 0.12117
0.54892 0.12054
0.54715 0.119940
0.54533 0.11939
0.54344 0.11888
0.54146 0.11846
0.53935 0.11812
0.53711 0.1179
0.53472 0.11781
0.532250 0.11786
0.52981 0.11805
0.52748 0.11839
0.52535 0.11888
0.52353 0.11953
0.52091 0.1212
0.52018 0.12217
0.51989 0.1232
0.52004 0.12426
0.52058 0.12534
0.52142 0.12642
0.52248 0.12749
0.52366 0.12854
0.52491 0.12954
0.5262 0.13052
0.52754 0.13146
0.52892 0.13236
0.53034 0.13324
0.53179 0.13408
0.53327 0.134910
0.53478 0.13571
0.53632 0.13649
0.53787 0.13726
0.539430 0.13802
0.54101 0.13877
0.54259 0.13952
0.54417 0.14026
0.54575 0.14101
0.54733 0.14175
0.5489 0.14251
0.55046 0.14327
0.55202 0.14403
0.55356 0.14481
0.55509 0.14559
0.55662 0.14638
0.558130 0.14719
0.55962 0.148
0.56111 0.14882
0.56258 0.14965
0.56403 0.1505
0.56548 0.15135
0.5669 0.15222
0.56832 0.1531
0.56971 0.153990
0.57109 0.15489
0.57246 0.15581
0.57381 0.15674
0.57514 0.15768
0.576450 0.15864
0.57775 0.15961
0.57903 0.16059
0.58029 0.16159
0.58153 0.162610
0.58275 0.16364
0.58396 0.16468
0.58514 0.16574
0.58631 0.16681
0.58747 0.167890
0.58861 0.16898
0.58974 0.17009
0.59085 0.1712
0.59194 0.17234
0.59301 0.17349
0.59406 0.174660
0.59508 0.17584
0.59608 0.17705
0.59706 0.17827
0.598010 0.1795100
0.59895 0.18077
0.59986 0.18204
0.60075 0.18333
0.601610 0.18465
0.60245 0.185980
0.60327 0.18733
0.60406 0.1887
0.604820 0.19009
0.60556 0.1915
0.60627 0.19294
0.60696 0.19439
0.60761 0.19587
0.608240 0.19737
0.60883 0.1989
0.60939 0.20045
0.609920 0.20203
0.61042 0.20363
0.61088 0.20526
0.61132 0.20691
0.61173 0.20858
0.612120 0.21027
0.612480 0.21197
0.61282 0.2137
0.61314 0.21545
0.61343 0.21721
0.6137 0.219
0.613940 0.2208
0.61414 0.22264
0.6143 0.2245
0.61442 0.22641
0.614480 0.22834
0.6145 0.23023
0.61450 0.23198
0.61447 0.2335
0.61445 0.2347
0.61443 0.23551
0.61445 0.2359
*.*.Setup: Ga2.txt as Flap 1, Inverted: y, Scale = 1.0, AoA = 4.0, Reposition from (0,0) = (0, 0)*.*.
*.*.Setup: Ga2.txt as Flap 2, Inverted: y, Scale = 0.4, AoA = 32.0, Reposition from previous T.E. = (0.0067, 0.06), Reposition from (0,0) = (1.0077, 0.0807)*.*.
*.*.Setup: Ga2.txt as Flap 3, Inverted: y, Scale = 0.4, AoA = 51.666666666666664, Reposition from previous T.E. = (0.04, 0.06), Reposition from (0,0) = (1.3973, 0.336)*.*.
*.*.Setup: Scale Ratio = 0.36997*.*.