0.34938 0.03672
0.347330 0.03468
0.34434 0.0317
0.34084 0.02877
0.3366 0.02594
0.331450 0.023030
0.32524 0.0199
0.3179 0.01655
0.309540 0.01302
0.300380 0.00939
0.29067 0.00576
0.28064 0.0022
0.270450 -0.001260
0.26018 -0.00456
0.2499 -0.00769
0.23958 -0.010640
0.22921 -0.01341
0.21874 -0.01602
0.2081100 -0.01848
0.19729 -0.02083
0.18622 -0.0231
0.17494 -0.02533
0.16348 -0.02753
0.15195 -0.02970
0.14052 -0.03182
0.12933 -0.03385
0.11858 -0.0357
0.10843 -0.0373
0.09901 -0.03856
0.09027 -0.03941
0.08207 -0.03983
0.07431 -0.03981
0.06689 -0.03937
0.05978 -0.0385
0.05293 -0.03721
0.04636 -0.03553
0.040070 -0.03346
0.03412 -0.03107
0.02858 -0.02842
0.02356 -0.02564
0.01914 -0.022860
0.01536 -0.02018
0.01219 -0.01767
0.00958 -0.01534
0.00743 -0.01317
0.005660 -0.01116
0.00421 -0.009280
0.00302 -0.00754
0.00206 -0.0059
0.00129 -0.004360
0.0007 -0.0029
0.00028 -0.00152
0.000055 -0.00021
-6e-05 0.00106
0.00012 0.00232
0.00073 0.00347
0.00176 0.00435
0.003080 0.00499
0.00462 0.005480
0.00639 0.00588
0.00843 0.00623
0.01083 0.00656
0.01369 0.00687
0.01717 0.00716
0.02153 0.007440
0.02706 0.00769
0.03403 0.00791
0.0424 0.008030
0.05181 0.00799
0.06193 0.00772
0.07268 0.00724
0.08398 0.00662
0.09563 0.00593
0.10746 0.00522
0.11925 0.00451
0.13090 0.00386
0.14238 0.00328
0.153660 0.0028
0.16476 0.00245
0.17569 0.00225
0.186450 0.00222
0.19708 0.00238
0.20757 0.00274
0.21796 0.0033
0.22826 0.00409
0.23847 0.0051
0.24861 0.00634
0.25868 0.00782
0.26868 0.00953
0.27858 0.01147
0.28834 0.013630
0.29789 0.01599
0.30708 0.01852
0.3157 0.02115
0.32351 0.02381
0.330350 0.02643
0.33619 0.02899
0.3411 0.03148
0.34521 0.033880
0.34938 0.03672
-Inserting Flap s1223rtl-
0.50853 0.1509
0.508 0.14954
0.50725 0.14758
0.50624 0.14553
0.50488 0.14337
0.50312 0.14099
0.50092 0.1383
0.49825 0.13528
0.49515 0.13197
0.4917 0.12845
0.48801 0.12482
0.48415 0.12115
0.48019 0.11749
0.47618 0.1139
0.47212 0.110380
0.468 0.10693
0.46383 0.10356
0.45958 0.10024
0.45523 0.09695
0.45076 0.09368
0.44617 0.09039
0.44146 0.08708
0.43668 0.08374
0.43186 0.08041
0.42706 0.07711
0.42236 0.07391
0.41783 0.07088
0.41352 0.06809
0.40947 0.06559
0.40565 0.06343
0.401990 0.06157
0.39845 0.060
0.394970 0.05869
0.39154 0.05764
0.38815 0.05684
0.38481 0.05627
0.38151 0.05593
0.37831 0.05582
0.37524 0.05590
0.37238 0.05615
0.3698 0.05652
0.36753 0.05697
0.36557 0.05748
0.3639 0.05801
0.36248 0.05856
0.36126 0.05912
0.360220 0.05968
0.35932 0.06024
0.35855 0.060790
0.35788 0.06134
0.35732 0.06189
0.35684 0.06243
0.35646 0.06298
0.35616 0.06354
0.35599 0.06415
0.35603 0.0648
0.35632 0.06541
0.3568 0.06597
0.3574 0.06651
0.35813 0.06705
0.358990 0.06763
0.36002 0.06827
0.36126 0.06899
0.36279 0.06983
0.36473 0.07084
0.3672 0.07209
0.37034 0.0736
0.37414 0.075360
0.37845 0.07725
0.38312 0.07919
0.38813 0.08116
0.39342 0.08317
0.39888 0.08523
0.40443 0.0873
0.40996 0.089380
0.41542 0.09145
0.42077 0.093520
0.42603 0.0956
0.43117 0.0977
0.4362 0.099830
0.44112 0.102
0.44594 0.104240
0.45066 0.10653
0.455290 0.10891
0.459840 0.11136
0.4643 0.11390
0.46868 0.11653
0.47298 0.11925
0.47719 0.12206
0.48132 0.12496
0.48534 0.12793
0.48922 0.13095
0.49291 0.13398
0.49631 0.13693
0.49933 0.13974
0.50193 0.14233
0.50407 0.14468
0.50581 0.14682
0.5072 0.14875
0.50853 0.1509
-Inserting Flap s1223rtl-
0.64677 0.29577
0.646530 0.29434
0.64619 0.29226
0.64562 0.29005
0.644720 0.28767
0.64348 0.28498
0.64186 0.2819
0.63986 0.2784
0.6375 0.27453
0.63483 0.27039
0.63195 0.26608
0.62891 0.26171
0.62578 0.25733
0.62257 0.2530
0.619310 0.24873
0.615970 0.24452
0.61257 0.24037
0.60908 0.23626
0.60548 0.23216
0.60176 0.22805
0.59793 0.22391
0.5940 0.21971
0.58998 0.21548
0.58594 0.21124
0.58191 0.20704
0.57796 0.202960
0.57413 0.19907
0.57047 0.19546
0.56701 0.1922
0.56371 0.18931
0.5605 0.18675
0.55734 0.18449
0.5542 0.18251
0.55106 0.18079
0.54790 0.17932
0.54474 0.17808
0.54158 0.17709
0.538470 0.17633
0.53545 0.17579
0.5326 0.17545
0.529990 0.17529
0.52767 0.17528
0.5256600 0.17538
0.523920 0.17556
0.52241 0.17581
0.52110 0.17612
0.51997 0.17646
0.51898 0.17682
0.51811 0.1772
0.51735 0.17761
0.51669 0.17803
0.51611 0.17846
0.51562 0.17892
0.51522 0.17941
0.51493 0.17998
0.51484 0.180620
0.515 0.18128
0.51535 0.18192
0.51583 0.18257
0.51643 0.18325
0.51716 0.18399
0.51804 0.18482
0.51911 0.18578
0.520440 0.18691
0.52213 0.1883
0.5243 0.19001
0.52707 0.192130
0.53043 0.19462
0.53427 0.19735
0.53846 0.20019
0.54297 0.20313
0.54774 0.20617
0.55267 0.209290
0.55768 0.21245
0.56268 0.2156
0.5676 0.218730
0.57243 0.22184
0.57716 0.22494
0.58177 0.22803
0.58626 0.23113
0.59064 0.23426
0.59491 0.23742
0.59907 0.24063
0.60313 0.243890
0.60708 0.247210
0.61094 0.25059
0.61469 0.25405
0.61835 0.25759
0.62191 0.2612
0.62537 0.26487
0.62871 0.2686
0.6319 0.27234
0.63489 0.27605
0.63763 0.27963
0.64002 0.28299
0.642040 0.28605
0.64366 0.28879
0.64493 0.29123
0.64590 0.2934
0.64677 0.29577
*.*.Setup: s1223rtl.txt as Flap 1, Inverted: y, Scale = 1.0, AoA = 6.0, Reposition from (0,0) = (0, 0)*.*.
*.*.Setup: s1223rtl.txt as Flap 2, Inverted: y, Scale = 0.5, AoA = 30.0, Reposition from previous T.E. = (0.02, 0.075), Reposition from (0,0) = (1.0145, 0.1795)*.*.
*.*.Setup: s1223rtl.txt as Flap 3, Inverted: y, Scale = 0.5, AoA = 41.666666666666664, Reposition from previous T.E. = (0.02, 0.08), Reposition from (0,0) = (1.4675, 0.5095)*.*.
*.*.Setup: Scale Ratio = 0.35131*.*.