0.3560800000 -0.0175
0.35533 -0.01826
0.35382 -0.01972
0.35159 -0.02189
0.34875 -0.02459
0.34546 -0.02763
0.34187 -0.03083
0.33813 -0.03398
0.33436 -0.03692
0.33060 -0.03965
0.32683 -0.04221
0.32306 -0.04462
0.3193 -0.0469
0.31553 -0.0491
0.31176 -0.05121
0.308 -0.05324
0.30423 -0.05519
0.30046 -0.05708
0.2967 -0.05889
0.29293 -0.06065
0.28916 -0.06234
0.28539 -0.06397
0.28163 -0.06555
0.27786 -0.06707
0.27409 -0.068540
0.27033 -0.06995
0.266560 -0.07131
0.26279 -0.0726
0.25903 -0.07382
0.25526 -0.07499
0.25149 -0.07611
0.24773 -0.07719
0.243960 -0.07824
0.24019 -0.07926
0.23643 -0.080260
0.23266 -0.08122
0.22889 -0.08214
0.22513 -0.08302
0.221360 -0.08384
0.21759 -0.084620
0.21383 -0.08535
0.21006 -0.08604
0.20629 -0.08668
0.20253 -0.08728
0.19876 -0.08783
0.19499 -0.08836
0.19123 -0.08884
0.18746 -0.08929
0.18369 -0.0897
0.17993 -0.09007
0.17616 -0.09041
0.17239 -0.09071
0.16863 -0.09096
0.16486 -0.09117
0.16109 -0.09133
0.15732 -0.09145
0.15356 -0.09152
0.14979 -0.09155
0.14602 -0.09153
0.14226 -0.09146
0.13849 -0.09135
0.134720 -0.09119
0.13096 -0.09098
0.12719 -0.09072
0.12342 -0.09041
0.11966 -0.09006
0.11589 -0.08967
0.112120 -0.08924
0.10836 -0.08878
0.10459 -0.08828
0.10082 -0.08772
0.09706 -0.087090
0.09329 -0.086390
0.089520 -0.08561
0.08576 -0.08473
0.08199 -0.08377
0.07822 -0.08272
0.07446 -0.08159
0.07069 -0.08037
0.06692 -0.07905
0.06316 -0.07762
0.05939 -0.07606
0.05562 -0.0743500
0.05186 -0.07249
0.04809 -0.0704700
0.04432 -0.06830
0.04056 -0.06599
0.03679 -0.06353
0.03302 -0.06092
0.02926 -0.0581
0.025490 -0.05499
0.02172 -0.051520
0.01795 -0.04761
0.01421 -0.04323
0.01062 -0.03851
0.00733 -0.03362
0.00449 -0.02871
0.00226 -0.02397
0.00075 -0.01955
0.000000 -0.01211
0.00075 -0.00929
0.00226 -0.00721
0.00449 -0.00592
0.00733 -0.00532
0.01062 -0.00529
0.01421 -0.00569
0.01795 -0.00637
0.02172 -0.00722
0.025490 -0.00821
0.02926 -0.00933
0.03302 -0.01058
0.03679 -0.01195
0.04056 -0.01343
0.04432 -0.015
0.04809 -0.01666
0.05186 -0.01838
0.05562 -0.02016
0.05939 -0.02198
0.06316 -0.02383
0.06692 -0.0257
0.07069 -0.02757
0.07446 -0.02945
0.07822 -0.0313
0.08199 -0.03314
0.08576 -0.03496
0.089520 -0.03675
0.09329 -0.03851
0.09706 -0.04024
0.10082 -0.04193
0.10459 -0.04359
0.10836 -0.0452
0.112120 -0.04677
0.11589 -0.04831
0.11966 -0.049790
0.12342 -0.05124
0.12719 -0.05264
0.13096 -0.053990
0.134720 -0.055300
0.13849 -0.05656
0.14226 -0.05777
0.14602 -0.05893
0.14979 -0.06003
0.15356 -0.06109
0.15732 -0.06209
0.16109 -0.06303
0.16486 -0.06392
0.16863 -0.06475
0.17239 -0.06552
0.17616 -0.06623
0.17993 -0.066890
0.18369 -0.06750
0.18746 -0.06807
0.19123 -0.0686
0.19499 -0.069080
0.19876 -0.0695
0.20253 -0.06987
0.20629 -0.07017
0.21006 -0.0704
0.21383 -0.07056
0.21759 -0.07065
0.221360 -0.07067
0.22513 -0.07063
0.22889 -0.07051
0.23266 -0.07033
0.23643 -0.070080
0.24019 -0.06976
0.243960 -0.06936
0.24773 -0.06888
0.25149 -0.06833
0.25526 -0.06769
0.25903 -0.06698
0.26279 -0.06618
0.266560 -0.0653
0.27033 -0.06433
0.27409 -0.06327
0.27786 -0.06211
0.28163 -0.06085
0.28539 -0.05949
0.28916 -0.05804
0.29293 -0.05649
0.2967 -0.05486
0.30046 -0.05315
0.30423 -0.05135
0.308 -0.049490
0.31176 -0.04755
0.31553 -0.04554
0.3193 -0.04346
0.32306 -0.0413
0.32683 -0.03906
0.33060 -0.0367
0.33436 -0.03422
0.33813 -0.03160
0.34187 -0.02883
0.34546 -0.02606
0.34875 -0.02344
0.35159 -0.02112
0.35382 -0.019270
0.35533 -0.01803
0.3560800000 -0.0175
-Inserting Flap Ga2-
0.48855 0.06229
0.48841 0.06189
0.48814 0.06109
0.48774 0.05991
0.487220 0.05844
0.48660 0.05675
0.4859 0.05496
0.48514 0.05316
0.48433 0.05143
0.48348 0.04977
0.48261 0.04818
0.4817 0.04663
0.48077 0.04513
0.47983 0.04367
0.47887 0.04223
0.4779 0.04082
0.47691 0.03944
0.47591 0.03809
0.4749 0.03676
0.47387 0.035450
0.47284 0.03416
0.471790 0.03289
0.47073 0.03165
0.46967 0.03042
0.46859 0.029210
0.46751 0.02803
0.46641 0.02686
0.4653 0.025720
0.46418 0.0246
0.46305 0.0235
0.4619100 0.022410
0.46077 0.02134
0.45961 0.02029
0.45846 0.01924
0.4573 0.0182
0.45613 0.01717
0.45495 0.01616
0.45377 0.01516
0.45258 0.01418
0.45138 0.01322
0.45017 0.01228
0.448950 0.01135
0.44772 0.01044
0.44649 0.00954
0.44525 0.00866
0.444 0.00779
0.44274 0.00693
0.44148 0.00609
0.44022 0.00526
0.43894 0.00444
0.43766 0.00363
0.43637 0.002850
0.435070 0.00207
0.43377 0.00131
0.43246 0.00057
0.43114 -0.00015
0.42981 -0.00086
0.42847 -0.00156
0.42712 -0.00224
0.42577 -0.0029
0.42441 -0.00354
0.42303 -0.00417
0.42165 -0.00478
0.42026 -0.00537
0.41887 -0.00594
0.417460 -0.0065
0.41605 -0.00705
0.41463 -0.00758
0.4132 -0.0081
0.41177 -0.0086
0.41032 -0.00909
0.40887 -0.00955
0.4074 -0.00998
0.40591 -0.01039
0.40441 -0.01076
0.40289 -0.0111
0.40136 -0.01141
0.3998100 -0.01169
0.39825 -0.01194
0.39667 -0.01215
0.39506 -0.012330
0.39344 -0.01245
0.39178 -0.01253
0.3901 -0.01255
0.38839 -0.01252
0.38666 -0.01243
0.38490 -0.01229
0.38311 -0.01209
0.38129 -0.01185
0.37944 -0.01153
0.37753 -0.0111
0.37556 -0.01055
0.37350 -0.00984
0.37138 -0.00896
0.36924 -0.00793
0.36718 -0.00678
0.36527 -0.00555
0.36362 -0.004270
0.36228 -0.00296
0.36066 -0.00045
0.36041 0.00069
0.36057 0.00171
0.36113 0.00258
0.36204 0.0033
0.36321 0.00391
0.36456 0.00442
0.36601 0.00486
0.36751 0.00524
0.36903 0.00557
0.37058 0.00585
0.37215 0.00609
0.37374 0.00629
0.37535 0.00645
0.37698 0.00657
0.37862 0.00666
0.38028 0.00673
0.381940 0.00678
0.38362 0.00682
0.38529 0.00684
0.38698 0.00686
0.38866 0.00688
0.39034 0.006890
0.39202 0.00692
0.3937 0.00694
0.395370 0.00698
0.39704 0.00703
0.3987 0.00708
0.40036 0.00715
0.40201 0.007230
0.40365 0.00733
0.40529 0.00744
0.40691 0.00756
0.40853 0.0077
0.41015 0.00785
0.41175 0.00802
0.41335 0.0082
0.41494 0.00841
0.41652 0.00862
0.41809 0.008860
0.41965 0.009110
0.4212 0.00938
0.42275 0.00967
0.42428 0.009980
0.4258 0.010310
0.42732 0.01066
0.428820 0.01102
0.43031 0.01141
0.4318 0.01182
0.43327 0.012250
0.43473 0.0127
0.43618 0.01317
0.43763 0.013650
0.43907 0.01415
0.4405 0.01466
0.44192 0.01519
0.44333 0.01574
0.444720 0.01632
0.44611 0.01692
0.447480 0.01755
0.44884 0.0182
0.45019 0.01888
0.45152 0.01958
0.45284 0.0203
0.45415 0.02105
0.45545 0.02182
0.45673 0.02262
0.458 0.02345
0.45926 0.0243
0.4605 0.02519
0.46173 0.0261
0.46294 0.02703
0.46414 0.028
0.46532 0.029
0.46649 0.03003
0.467630 0.03109
0.468770 0.03219
0.46988 0.03332
0.47098 0.034490
0.47206 0.03569
0.47312 0.03693
0.47416 0.03819
0.4751900 0.03949
0.47621 0.04081
0.47722 0.0421600
0.47821 0.04354
0.47918 0.04494
0.48015 0.04636
0.48110 0.04781
0.48203 0.0493
0.48295 0.05082
0.48384 0.05239
0.48471 0.05401
0.48554 0.05567
0.48631 0.05731
0.48701 0.058850
0.4876 0.06019
0.48806 0.06125
0.488370 0.06197
0.48855 0.06229
-Inserting Flap Ga2-
0.60845 0.18299
0.60845 0.18256
0.60844 0.18172
0.608420 0.18047
0.60839 0.17891
0.60832 0.17712
0.6082 0.17520
0.60804 0.17325
0.6078 0.17135
0.60751 0.16951
0.60717 0.16772
0.60678 0.16598
0.60637 0.164270
0.605920 0.16258
0.60545 0.16092
0.60496 0.15928
0.60445 0.15766
0.603920 0.15606
0.60336 0.15448
0.60279 0.152920
0.60221 0.15138
0.6016 0.14985
0.600990 0.14834
0.60035 0.14684
0.5997 0.14536
0.59904 0.14389
0.59835 0.14245
0.59765 0.14102
0.59693 0.13961
0.5962 0.13821
0.59545 0.13683
0.594690 0.13546
0.59392 0.13409
0.59314 0.13274
0.592360 0.13139
0.59157 0.13005
0.59076 0.12873
0.58994 0.12742
0.58911 0.12612
0.58827 0.12483
0.58741 0.12356
0.58654 0.1223
0.58565 0.12105
0.58476 0.11982
0.58385 0.11859
0.582930 0.11738
0.582 0.11618
0.58106 0.11499
0.580110 0.11381
0.57916 0.11263
0.57819 0.11147
0.5772 0.11032
0.57621 0.10919
0.5752 0.10806
0.57418 0.10695
0.57315 0.10585
0.57211 0.10477
0.571050 0.10370
0.56998 0.10264
0.56889 0.10159
0.5678 0.100550
0.56669 0.09953
0.56556 0.09853
0.564420 0.09754
0.56327 0.09656
0.56211 0.09559
0.56093 0.09464
0.55974 0.09369
0.55855 0.09276
0.55734 0.09183
0.55612 0.09093
0.55487 0.09004
0.55361 0.08917
0.5523200 0.08833
0.55101 0.08751
0.54967 0.08672
0.54831 0.08595
0.54693 0.0852
0.54552 0.08448
0.54408 0.08379
0.54261 0.08313
0.54110 0.08251
0.53955 0.08192
0.537960 0.08139
0.53632 0.08089
0.53464 0.08044
0.532920 0.08003
0.53116 0.07966
0.52936 0.07933
0.52750 0.07906
0.525550 0.07888
0.5235 0.07879
0.52133 0.07883
0.51904 0.07901
0.51669 0.07933
0.51437 0.07979
0.51218 0.08037
0.51021 0.08108
0.50853 0.0819
0.50621 0.0838
0.50563 0.08481
0.50547 0.08582
0.50573 0.08682
0.50637 0.08779
0.50729 0.08873
0.5084200 0.08963
0.50967 0.0905
0.51097 0.09132
0.51232 0.09211
0.5137 0.09286
0.51512 0.093570
0.51657 0.09425
0.518060 0.09489
0.51957 0.09551
0.52110 0.09611
0.52265 0.09669
0.52422 0.09725
0.5258 0.0978
0.52739 0.09834
0.52899 0.09888
0.53058 0.09942
0.53218 0.09995
0.53377 0.10049
0.53535 0.10104
0.53693 0.10159
0.5385 0.102150
0.54007 0.10271
0.541620 0.10329
0.54317 0.10388
0.5447 0.10448
0.54622 0.10508
0.54773 0.1057
0.54923 0.10634
0.55072 0.10698
0.55219 0.10764
0.55365 0.10831
0.5551 0.10899
0.55654 0.10969
0.55796 0.11039
0.55936 0.11112
0.56076 0.11186
0.562140 0.11261
0.5635 0.11338
0.56485 0.11416
0.56618 0.11496
0.5675 0.11577
0.5688 0.1166
0.57008 0.11745
0.57135 0.11831
0.5726 0.11919
0.57384 0.12008
0.57506 0.12099
0.57628 0.12191
0.57748 0.12284
0.57866 0.12378
0.57983 0.12474
0.58098 0.12572
0.58212 0.12672
0.58323 0.127740
0.584320 0.12878
0.58539 0.12984
0.58644 0.13092
0.58747 0.13202
0.58849 0.13313
0.58948 0.13427
0.590460 0.13543
0.59141 0.13661
0.59234 0.13781
0.59325 0.13903
0.594130 0.14027
0.595 0.14154
0.59584 0.14283
0.59665 0.144150
0.59744 0.14549
0.59821 0.14685
0.59895 0.148250
0.59966 0.149670
0.60034 0.151120
0.60099 0.15259
0.60162 0.15409
0.60222 0.15562
0.6028 0.15717
0.60336 0.15874
0.6039 0.16034
0.60442 0.16195
0.60491 0.16359
0.60539 0.16524
0.60585 0.16691
0.60628 0.16862
0.60668 0.17035
0.60704 0.17211
0.607360 0.17392
0.60764 0.17576
0.60787 0.177560
0.60806 0.17923
0.60821 0.18069
0.60832 0.18185
0.60839 0.18262
0.60845 0.18299
*.*.Setup: Ga2.txt as Flap 1, Inverted: y, Scale = 1.0, AoA = 0.0, Reposition from (0,0) = (0, 0)*.*.
*.*.Setup: Ga2.txt as Flap 2, Inverted: y, Scale = 0.4, AoA = 27.0, Reposition from previous T.E. = (0.0067, 0.06), Reposition from (0,0) = (1.0067, 0.0109)*.*.
*.*.Setup: Ga2.txt as Flap 3, Inverted: y, Scale = 0.4, AoA = 45.0, Reposition from previous T.E. = (0.04, 0.07), Reposition from (0,0) = (1.412, 0.2449)*.*.
*.*.Setup: Scale Ratio = 0.35608*.*.