0.35315 0.03712
0.351080 0.03505
0.34806 0.03204
0.34452 0.02908
0.34024 0.02622
0.335030 0.023280
0.32875 0.02012
0.32133 0.01673
0.312880 0.01316
0.303620 0.0095
0.29381 0.00583
0.28367 0.00222
0.273360 -0.001270
0.26299 -0.00461
0.25259 -0.00778
0.24217 -0.010760
0.23168 -0.01356
0.2211 -0.01619
0.2103600 -0.01868
0.19941 -0.02106
0.18823 -0.02335
0.17682 -0.0256
0.16524 -0.02782
0.15359 -0.030020
0.14203 -0.03217
0.13073 -0.03421
0.11986 -0.03608
0.1096 -0.0377
0.10008 -0.03897
0.09124 -0.03983
0.08296 -0.04026
0.07511 -0.04024
0.06762 -0.03979
0.06042 -0.03891
0.0535 -0.03761
0.04686 -0.03591
0.04050 -0.03382
0.03449 -0.0314
0.02889 -0.02873
0.02381 -0.02592
0.01934 -0.02310
0.01552 -0.0204
0.01232 -0.01786
0.00968 -0.01551
0.00751 -0.01332
0.005720 -0.01128
0.00425 -0.009390
0.00306 -0.00762
0.00208 -0.00596
0.00131 -0.004410
0.00071 -0.00294
0.00028 -0.00154
0.000055 -0.00021
-6e-05 0.00107
0.00012 0.00235
0.00074 0.0035
0.00178 0.0044
0.003110 0.00504
0.00467 0.005540
0.00646 0.00594
0.00852 0.0063
0.01094 0.00663
0.01383 0.00694
0.01736 0.00724
0.02176 0.007520
0.02735 0.00778
0.03439 0.00799
0.04286 0.008120
0.05236 0.00808
0.0626 0.0078
0.07347 0.00731
0.08488 0.00669
0.09667 0.006
0.10862 0.00527
0.12054 0.00456
0.132320 0.0039
0.14391 0.00331
0.155320 0.00283
0.16654 0.00248
0.17758 0.00228
0.188460 0.00225
0.1992 0.00241
0.20981 0.00277
0.22032 0.00334
0.23072 0.00413
0.24105 0.00516
0.25129 0.00641
0.26147 0.0079
0.27158 0.00963
0.28159 0.01159
0.29146 0.013770
0.30111 0.01616
0.3104 0.01872
0.3191 0.02138
0.327 0.02407
0.333920 0.02672
0.33982 0.02931
0.34478 0.03182
0.34893 0.034250
0.35315 0.03712
-Inserting Flap s1223rtl-
0.52709 0.12448
0.52634 0.123220
0.52524 0.1214
0.52388 0.11953
0.52215 0.11763
0.51998 0.11557
0.51731 0.11328000
0.514120 0.11073
0.51046 0.10798
0.50641 0.10508
0.50209 0.10212
0.49761 0.09914
0.49303 0.0962
0.4884 0.09332
0.48374 0.09053
0.47904 0.08782
0.47429 0.0852
0.46948 0.08264
0.46457 0.08013
0.45955 0.077660
0.4544 0.07519
0.44914 0.07272
0.443790 0.07024
0.4384 0.06776
0.43305 0.06533
0.42781 0.062970
0.42277 0.06074
0.41799 0.05872
0.413520 0.05695
0.40934 0.05546
0.40537 0.05425
0.401560 0.05331
0.39787 0.05262
0.394280 0.05218
0.39076 0.05197
0.387330 0.052
0.3840 0.05224
0.38078 0.05269
0.37775 0.053310
0.37494 0.05406
0.372430 0.05488
0.37025 0.05573
0.36839 0.056570
0.36683 0.0574
0.36551 0.0582
0.364390 0.05897
0.36345 0.05971
0.36266 0.06042
0.36199 0.061110
0.361420 0.06177
0.36095 0.062410
0.36058 0.063040
0.36029 0.06365
0.36009 0.06426
0.36003 0.0649
0.36019 0.06554
0.36058 0.0661
0.36115 0.06657
0.36185 0.067
0.36267 0.06741
0.36363 0.06784
0.36476 0.06829
0.36613 0.06879
0.3678 0.06936
0.3699 0.07003
0.37258 0.07083
0.375970 0.07179
0.38006 0.07287
0.38468 0.07400
0.38968 0.075110
0.39501 0.07619
0.40063 0.07726
0.406430 0.07835
0.41231 0.07945
0.418180 0.08054
0.42398 0.08165
0.42967 0.08276
0.43527 0.08391
0.44075 0.0851
0.44613 0.086330
0.45142 0.08764
0.45661 0.08901
0.46171 0.09047
0.466740 0.09202
0.47169 0.093660
0.47657 0.09541
0.48139 0.09726
0.48615 0.09921
0.490840 0.10127
0.49546 0.10343
0.499990 0.105690
0.50438 0.10801
0.508580 0.11038
0.51248 0.11272
0.51599 0.11498
0.51902 0.1171
0.521570 0.11907
0.52368 0.120890
0.5254 0.12257
0.52709 0.12448
-Inserting Flap s1223rtl-
0.65974 0.2731
0.65959 0.27165
0.65936 0.26953
0.65892 0.26726
0.65815 0.2648
0.65706 0.26202
0.65561 0.25882
0.653790 0.25517
0.65163 0.25112
0.64919 0.24678
0.64653 0.24227
0.64372 0.23768
0.640820 0.23308
0.63784 0.22852
0.63479 0.22402
0.63168 0.21958
0.62849 0.21519
0.6252 0.21084
0.62182 0.20649
0.618310 0.20212
0.614690 0.19771
0.61096 0.19325
0.60716 0.18874
0.60333 0.18422
0.59951 0.17975
0.59576 0.1754
0.59212 0.17125
0.588650 0.1674
0.58535 0.1639
0.58218 0.16079
0.57910 0.15802
0.576050 0.155550
0.57299 0.15337
0.569920 0.15145
0.56682 0.14978
0.5637 0.14835
0.56058 0.14716
0.55748 0.14621
0.55446 0.14548
0.55161 0.144980
0.54898 0.14467
0.546650 0.14451
0.54461 0.14449
0.54284 0.14458
0.5413 0.14474
0.53997 0.14497
0.53880 0.14525
0.53778 0.145560
0.53688 0.14589
0.53609 0.14626
0.5354 0.14664
0.53479 0.14705
0.53427 0.14748
0.53384 0.14795
0.53351 0.14851
0.533380 0.14915
0.5335 0.14982
0.53382 0.1505
0.53427 0.15118
0.53484 0.1519
0.53553 0.15269
0.53636 0.15358
0.53739 0.15461
0.538660 0.15583
0.540290 0.15733
0.54238 0.15918
0.54505 0.16149
0.54829 0.1642
0.552 0.16717
0.55607 0.17028
0.560440 0.17352
0.56508 0.17687
0.56987 0.1803
0.57474 0.18378
0.5796 0.18726
0.58438 0.19071
0.58908 0.19413
0.59366 0.197530
0.59813 0.20092
0.60249 0.20432
0.60672 0.20773
0.61084 0.211170
0.614850 0.21465
0.61876 0.21818
0.62255 0.22176
0.626240 0.22541
0.62983 0.22912
0.633310 0.2329
0.63669 0.23675
0.639970 0.240660
0.64312 0.24462
0.64611 0.24858
0.64892 0.25250
0.65147 0.25627
0.65369 0.2598
0.65554 0.26301
0.65702 0.26587
0.65816 0.26841
0.65901 0.27066
0.65974 0.2731
*.*.Setup: s1223rtl.txt as Flap 1, Inverted: y, Scale = 1.0, AoA = 6.0, Reposition from (0,0) = (0, 0)*.*.
*.*.Setup: s1223rtl.txt as Flap 2, Inverted: y, Scale = 0.5, AoA = 20.0, Reposition from previous T.E. = (0.02, 0.075), Reposition from (0,0) = (1.0145, 0.1795)*.*.
*.*.Setup: s1223rtl.txt as Flap 3, Inverted: y, Scale = 0.5, AoA = 45.0, Reposition from previous T.E. = (0.02, 0.065), Reposition from (0,0) = (1.5044, 0.4155)*.*.
*.*.Setup: Scale Ratio = 0.3551*.*.