0.35864 -0.0302
0.35785 -0.030940
0.35628 -0.03236
0.353950 -0.03447
0.35099 -0.03709
0.347560 -0.04005
0.34383 -0.04315
0.33994 -0.04619
0.33604 -0.049030
0.33214 -0.05165
0.32825 -0.0541
0.32436 -0.056390
0.32048 -0.058570
0.31661 -0.06065
0.31273 -0.06265
0.30886 -0.06456
0.30499 -0.0664
0.30112 -0.06817
0.29726 -0.06987
0.2934 -0.0715
0.28954 -0.07308
0.28568 -0.07459
0.28182 -0.07605
0.27797 -0.07746
0.27412 -0.07881
0.27027 -0.0801
0.26642 -0.08133
0.26257 -0.0825
0.25873 -0.0836
0.25489 -0.08465
0.25105 -0.08565
0.24721 -0.08661
0.24337 -0.08753
0.23954 -0.08843
0.2357 -0.0893
0.23187 -0.09014
0.22804 -0.09093
0.2242 -0.09169
0.22038 -0.09239
0.21655 -0.09304
0.21272 -0.09364
0.2089 -0.0942
0.20507 -0.09472
0.20125 -0.09519
0.19743 -0.09562
0.19361 -0.096010
0.18980 -0.09637
0.18598 -0.09668
0.18217 -0.09697
0.17835 -0.09721
0.17454 -0.09742
0.17073 -0.09759
0.16692 -0.09771
0.16311 -0.097790
0.15931 -0.09782
0.1555 -0.0978
0.1517 -0.09774
0.1479 -0.09764
0.1441 -0.09749
0.1403 -0.09729
0.1365 -0.09704
0.13271 -0.09675
0.12892 -0.0964
0.12513 -0.09601
0.12134 -0.09556
0.11755 -0.09508
0.11376 -0.09455
0.10998 -0.09399
0.10619 -0.0933900
0.10241 -0.09275
0.09863 -0.09205
0.09485 -0.09129
0.09108 -0.09045
0.0873 -0.08952
0.08353 -0.08851
0.07977 -0.0874
0.076 -0.086220
0.07224 -0.08494
0.06849 -0.08358
0.06473 -0.08211
0.06098 -0.080540
0.05724 -0.07883
0.0535 -0.07697
0.04976 -0.07496
0.046030 -0.07279
0.04231 -0.07047
0.03859 -0.068
0.03488 -0.06539
0.03117 -0.06263
0.02747 -0.05965
0.02378 -0.056380
0.0201 -0.05275
0.01644 -0.04867
0.01282 -0.04412
0.00936 -0.039230
0.00621 -0.03417
0.00352 -0.02913
0.00144 -0.02426
7e-05 -0.01975
-0.00043 -0.012220
0.00043 -0.0094
0.00203 -0.00735
0.00433 -0.00613
0.00721 -0.00563
0.01053 -0.00572
0.01414 -0.00624
0.01789 -0.00706
0.02166 -0.008040
0.02543 -0.00918
0.02919 -0.01044
0.03294 -0.01184
0.0367 -0.01335
0.04044 -0.01497
0.04419 -0.01669
0.04793 -0.0185
0.05167 -0.020370
0.05541 -0.0223
0.05914 -0.02427
0.06288 -0.02627
0.06661 -0.02828
0.07035 -0.03031
0.07408 -0.032330
0.07782 -0.03434
0.08155 -0.03633
0.08529 -0.03829
0.08902 -0.04023
0.09276 -0.04214
0.0965 -0.04402
0.10024 -0.04586
0.10399 -0.04766
0.10773 -0.04942
0.11147 -0.05114
0.11522 -0.05282
0.11897 -0.05445
0.12272 -0.05604
0.12647 -0.05759
0.13022 -0.05909
0.13397 -0.060540
0.13773 -0.06194
0.14149 -0.06329
0.14525 -0.0646
0.14901 -0.06585
0.15277 -0.06704
0.15654 -0.06818
0.1603 -0.06927
0.16407 -0.0703
0.167840 -0.07126
0.17162 -0.07217
0.17539 -0.07303
0.17917 -0.073820
0.18295 -0.07458
0.18673 -0.07528
0.19051 -0.07594
0.19429 -0.07656
0.19808 -0.07712
0.20187 -0.07763
0.20566 -0.07806
0.20945 -0.07843
0.21324 -0.07872
0.21704 -0.078950
0.22084 -0.0791
0.22464 -0.07919
0.22845 -0.079210
0.23225 -0.0791600
0.236060 -0.07903
0.23987 -0.078840
0.24369 -0.07857
0.2475 -0.07822
0.25132 -0.0778
0.25515 -0.07729
0.25897 -0.0767
0.2628 -0.07603
0.26663 -0.07527
0.27047 -0.07442
0.2743 -0.07348
0.27814 -0.07245
0.28199 -0.07131
0.28584 -0.07008
0.28969 -0.06874
0.2935400 -0.06732
0.2974 -0.0658
0.30126 -0.0642
0.30513 -0.06253
0.30899 -0.06078
0.31286 -0.05896
0.31673 -0.05706
0.32060 -0.05509
0.32448 -0.05305
0.32836 -0.05092
0.33224 -0.04868
0.33613 -0.04631
0.34002 -0.04379
0.3439 -0.04113
0.34762 -0.03846
0.35103 -0.03593
0.35397 -0.0337
0.35629 -0.03191
0.35786 -0.03071
0.35864 -0.0302
-Inserting Flap Ga2-
0.49236 0.05035
0.49222 0.04994
0.49195 0.04914
0.49154 0.04795
0.49102 0.04646
0.49039 0.04476
0.48969 0.04295
0.48892 0.04113
0.4881 0.03938
0.48725 0.03771
0.486360 0.0361
0.48545 0.03454
0.48451 0.03303
0.48356 0.03155
0.48259 0.0301
0.48161 0.02868
0.480610 0.02728
0.47960 0.02592
0.47858 0.02457
0.477540 0.023250
0.4765 0.02195
0.47544 0.020670
0.47438 0.01941
0.4733 0.01818
0.47221 0.016960
0.47112 0.01576
0.47001 0.01458
0.46889 0.01343
0.46776 0.01229
0.46662 0.01118
0.46547 0.010090
0.46431 0.00901
0.46315 0.00794
0.46198 0.00688
0.46081 0.00584
0.45963 0.0048
0.458440 0.00378
0.45725 0.00277
0.45605 0.00178
0.45483 0.00081
0.45361 -0.00014
0.45238 -0.00108
0.45114 -0.002
0.4499 -0.0029
0.44865 -0.0038
0.44739 -0.00467000
0.44612 -0.00554
0.44485 -0.00639
0.44357 -0.00723
0.44228 -0.00805
0.44099 -0.00887
0.43969 -0.009660
0.43838 -0.01044
0.43706 -0.01121
0.43573 -0.01196
0.4344 -0.01269
0.43306 -0.01341
0.43171 -0.01411
0.43035 -0.01479
0.42898 -0.01546
0.42761 -0.01611
0.42622 -0.01674
0.42483 -0.01736
0.42342 -0.01795
0.42201 -0.01853
0.42059 -0.0191
0.41917 -0.01965
0.41773 -0.02018
0.41629 -0.02071
0.41485 -0.02122
0.41339 -0.02171
0.41192 -0.02217
0.41043 -0.02261
0.40894 -0.02302
0.40742 -0.0234
0.40589 -0.02374
0.40434 -0.02405
0.40278 -0.02434
0.4012 -0.02459
0.3996 -0.0248
0.397980 -0.024980
0.39634 -0.02511
0.39467 -0.02518
0.39298 -0.0252
0.39125 -0.02517
0.3895 -0.02508
0.38772 -0.02494
0.38591 -0.02474
0.38408 -0.0245
0.38221 -0.02417
0.38028 -0.02374
0.37829 -0.02319
0.37622 -0.02247
0.37407 -0.02158
0.37191 -0.02054
0.36983 -0.01938
0.36791 -0.01814
0.366240 -0.01684
0.36489 -0.01553
0.36325 -0.012990
0.36301 -0.01183
0.36317 -0.01081
0.36373 -0.00993
0.36465 -0.0092
0.36582 -0.008590
0.36719 -0.00807
0.368660 -0.00763
0.37017 -0.00724
0.37171 -0.00691
0.37327 -0.00662
0.37485 -0.00638
0.37646 -0.00618
0.37808 -0.00603
0.37973 -0.0059
0.38139 -0.00581
0.38306 -0.005740
0.38474 -0.005690
0.38643 -0.00565
0.38812 -0.00563
0.38982 -0.0056100
0.39152 -0.00559
0.39322 -0.00558
0.3949100 -0.00555
0.39661 -0.00552
0.3983 -0.00549
0.39998 -0.00544
0.40166 -0.005380
0.40333 -0.00532
0.40499 -0.00523
0.40665 -0.00514
0.4083 -0.00503
0.40995 -0.0049
0.41158 -0.00477
0.41321 -0.00461
0.41483 -0.004440
0.41644 -0.004250
0.41805 -0.00405
0.41964 -0.00383
0.42123 -0.003590
0.42281 -0.00334
0.42437 -0.00306
0.42593 -0.00277
0.42748 -0.002460
0.42902 -0.002130
0.43055 -0.00178
0.43206 -0.00141
0.43357 -0.00101
0.43507 -0.0006
0.43655 -0.000170
0.43803 0.0002900
0.4395 0.00076
0.44096 0.001240
0.44241 0.00174
0.44385 0.00226
0.44529 0.0028
0.44671 0.00336
0.44812 0.00394
0.44952 0.00455
0.4509 0.00518
0.45227 0.00584
0.45363 0.00652
0.45498 0.00723
0.45631 0.00796
0.45763 0.00872
0.45894 0.0095
0.46024 0.0103
0.46152 0.01114
0.46279 0.012
0.46404 0.012890
0.46528 0.01381
0.466510 0.01476
0.46772 0.01573
0.46891 0.01674
0.47009 0.01778
0.47125 0.01886
0.47239 0.01996
0.47351 0.0211
0.47462 0.02228
0.47571 0.0235
0.47678 0.02474
0.477840 0.02602
0.47888 0.02733
0.47991 0.02866
0.48092 0.030030
0.48192 0.03141
0.4829 0.03283
0.48388 0.03427
0.48484 0.035730
0.48578 0.03723
0.48671 0.03877
0.48761 0.04035
0.48848 0.04199
0.48932 0.04367
0.4901 0.04532
0.49081 0.04687
0.4914 0.04822
0.49187 0.0493
0.49218 0.05002
0.49236 0.05035
-Inserting Flap Ga2-
0.60146 0.187520
0.60151 0.18709
0.6016 0.18624
0.60172 0.184990
0.60187 0.18342
0.60201 0.18161
0.60212 0.17968
0.60218 0.1777
0.60217 0.17577
0.60209 0.1739
0.60196 0.17206
0.60178 0.17027
0.60156 0.1685
0.60131 0.16676
0.60104 0.16504
0.60074 0.16333
0.60041 0.16165
0.60006 0.15999
0.5997 0.15834
0.59931 0.15671
0.5989 0.15509
0.59848 0.15349
0.59803 0.1519
0.59757 0.15032
0.59709 0.14876
0.5966 0.14722
0.59608 0.14568
0.59555 0.14417
0.59499 0.14267
0.59442 0.14118
0.59383 0.13971
0.59323 0.138250
0.59262 0.136790
0.592 0.13534
0.59137 0.1339
0.59073 0.13246
0.59008 0.13104
0.58941 0.12963
0.58873 0.12823
0.58803 0.12684
0.58732 0.12546
0.5866 0.1241
0.58586 0.12275
0.5851 0.1214
0.58434 0.12007
0.58356 0.11875
0.58277 0.11743
0.58197 0.11613
0.581150 0.11483
0.58033 0.113540
0.579490 0.11226
0.57864 0.111
0.57778 0.10974
0.5769 0.1085
0.57601 0.10726
0.5751 0.10604
0.5741800 0.104830
0.57325 0.10363
0.5723 0.10244
0.57133 0.10126
0.57036 0.1001
0.56936 0.09895
0.56835 0.09781
0.56732 0.09668
0.56628 0.09556
0.56523 0.09446
0.56416 0.09336
0.56308 0.09227
0.562 0.0912
0.56089 0.09013
0.559770 0.08908
0.55863 0.08804
0.55746 0.08702
0.55627 0.08603
0.55505 0.08505
0.5538 0.0841
0.55253 0.08317
0.551230 0.08226
0.5499 0.08137
0.54854 0.08051
0.54714 0.07967
0.5457 0.07887
0.54422 0.07811
0.54268 0.07738
0.5411 0.076690
0.53947 0.07604
0.53779 0.07543
0.53607 0.07485
0.5343 0.07431
0.53247 0.07383
0.53054 0.07341
0.52849 0.07309
0.52631 0.07287
0.52399 0.07278
0.52159 0.07283
0.51922 0.07301
0.5169500 0.07334
0.51489 0.07382
0.51312 0.07445
0.510570 0.07608
0.509870 0.07702
0.50958 0.07802
0.50973 0.07905
0.51026 0.0801
0.51107 0.08115
0.5121 0.08219
0.51325 0.08320
0.51446 0.08418
0.51572 0.08513
0.51702 0.08604
0.51836 0.08692
0.51973 0.08777
0.52114 0.08859
0.52259 0.08939
0.524050 0.09017
0.52554 0.09093
0.52705 0.091680
0.52857 0.09242
0.5301 0.09315
0.531640 0.09387
0.53317 0.0946
0.53471 0.09532
0.53624 0.09605
0.53777 0.09678
0.53929 0.09752
0.5408 0.09826
0.5423 0.09901
0.54379 0.099770
0.54527 0.10054
0.54674 0.10132
0.54819 0.10211
0.54963 0.10291
0.55106 0.10372
0.55248 0.10454
0.55388 0.105370
0.555260 0.10621
0.55664 0.107070
0.55799 0.10793
0.55934 0.10881
0.56066 0.1097
0.56197 0.11061
0.56327 0.11152
0.56454 0.11245
0.5658 0.11339
0.56705 0.11435
0.56827 0.11532
0.56948 0.11631
0.570660 0.11731
0.57183 0.11832
0.57299 0.11935
0.57412 0.12039
0.57525 0.12144
0.57636 0.1225
0.57745 0.12357
0.57853 0.12466
0.57959 0.12576
0.58063 0.126880
0.58164 0.12801
0.58264 0.12917
0.58361 0.13034
0.58456 0.13153
0.58549 0.13273
0.5864 0.13395
0.58728 0.13519
0.58815 0.13645
0.58899 0.13772
0.5898 0.13901
0.5906 0.14033
0.59137 0.14166
0.59211 0.14301
0.59282 0.14438
0.59352 0.14578
0.59418 0.14719
0.59481 0.14863
0.59542 0.15008
0.596 0.15157
0.59654 0.15308
0.59706 0.15461
0.59754 0.15617
0.59799 0.157750
0.59842 0.15935
0.59882 0.16097
0.5992 0.16261
0.59955 0.16427
0.59988 0.16595
0.60018 0.16765
0.60047 0.16936
0.60073 0.1711
0.60096 0.17285
0.60116 0.17463
0.60132 0.17645
0.60143 0.1783
0.60149 0.18018
0.60151 0.18201
0.6015 0.18371
0.60148 0.18519
0.60146 0.186360
0.60144 0.18715
0.60146 0.187520
*.*.Setup: Ga2.txt as Flap 1, Inverted: y, Scale = 1.0, AoA = -2.0, Reposition from (0,0) = (0, 0)*.*.
*.*.Setup: Ga2.txt as Flap 2, Inverted: y, Scale = 0.4, AoA = 27.0, Reposition from previous T.E. = (0.0067, 0.06), Reposition from (0,0) = (1.0043, -0.024)*.*.
*.*.Setup: Ga2.txt as Flap 3, Inverted: y, Scale = 0.4, AoA = 51.666666666666664, Reposition from previous T.E. = (0.04, 0.08), Reposition from (0,0) = (1.4097, 0.2201)*.*.
*.*.Setup: Scale Ratio = 0.35947*.*.