0.36813 -0.005230
0.36738 -0.00603
0.36587 -0.0076
0.363640 -0.009920
0.36081 -0.01281
0.35753 -0.01607
0.35394 -0.01949
0.35019 -0.02288
0.34641 -0.02605
0.34262 -0.02901
0.338820 -0.03178
0.33502 -0.0344
0.33122 -0.0369
0.32741 -0.0393
0.3236 -0.04161
0.31978 -0.04384
0.31597 -0.046
0.31215 -0.048080
0.308330 -0.05009
0.30450 -0.05203
0.30067 -0.05391
0.29685 -0.05573
0.29302 -0.0575
0.28918 -0.05921
0.28535 -0.06086
0.28151 -0.06245
0.27767 -0.06398
0.27383 -0.06545
0.26999 -0.06685
0.26614 -0.068190
0.2623 -0.06949
0.258450 -0.07074
0.2546 -0.07195
0.25075 -0.07315
0.2469 -0.07431
0.24304 -0.07544
0.23919 -0.07652
0.235330 -0.07756
0.23148 -0.07855
0.22762 -0.07949
0.22375 -0.08038
0.21989 -0.081220
0.21603 -0.08202
0.21216 -0.0827700
0.20829 -0.08349
0.20443 -0.08416
0.20056 -0.08479
0.19668 -0.08539
0.19281 -0.08595
0.18894 -0.08648
0.18506 -0.08696
0.18119 -0.0874
0.17731 -0.0878
0.17343 -0.08815
0.16955 -0.08845
0.16566 -0.08871
0.16178 -0.08892
0.15789 -0.08908
0.154 -0.0892
0.15011 -0.08926
0.14622 -0.08928
0.14233 -0.08925
0.13843 -0.08917
0.13454 -0.08904
0.13064 -0.088860
0.12674 -0.08863
0.12284 -0.08837
0.11893 -0.08806
0.11503 -0.087720
0.11112 -0.08734
0.107220 -0.0869
0.10331 -0.08639
0.09939 -0.0858
0.09548 -0.08512
0.091560 -0.08436
0.08764 -0.0835
0.08371 -0.08256
0.07978 -0.08152
0.07585 -0.0804
0.07192 -0.07918
0.06798 -0.077830
0.06403 -0.07635
0.06008 -0.07473
0.05613 -0.07294
0.05217 -0.07099
0.0482 -0.06889
0.04423 -0.06664
0.04026 -0.06424
0.03628 -0.06168
0.03229 -0.05891
0.02829 -0.05584
0.02427 -0.05239
0.02025 -0.04849
0.01623 -0.044110
0.01235 -0.03936
0.00878 -0.03443
0.005670 -0.02947
0.0032 -0.02466
0.00148 -0.02015
0.00044 -0.01250
0.00111 -0.00956
0.00259 -0.00735
0.00485 -0.00594
0.00776 -0.00523
0.01115 -0.00508
0.01487 -0.00536
0.01876 -0.00592
0.02268 -0.00666
0.02660 -0.00755
0.03053 -0.00857
0.03446 -0.00973
0.0384 -0.011
0.04234 -0.01239
0.04628 -0.01388
0.05023 -0.01546
0.054180 -0.0171
0.05813 -0.01880
0.06208 -0.02054
0.066040 -0.02232
0.06999 -0.02411
0.07395 -0.025910
0.0779 -0.02771
0.081860 -0.02949
0.08581 -0.03125
0.08976 -0.03299
0.09372 -0.0347
0.09767 -0.03639
0.10162 -0.03803
0.10557 -0.03964
0.10951 -0.04121
0.11346 -0.04274
0.1174 -0.04423
0.12135 -0.04568
0.12529 -0.04708
0.12923 -0.04843
0.13316 -0.04974
0.1371 -0.051
0.14103 -0.05222
0.14497 -0.05338
0.1489 -0.054490
0.152830 -0.05555
0.15676 -0.05656
0.16068 -0.05751
0.1646 -0.05841
0.1685300 -0.059250
0.17245 -0.060030
0.17636 -0.06075
0.18028 -0.0614
0.18419 -0.062
0.1881 -0.06255
0.19201 -0.06305
0.19592 -0.0635
0.199830 -0.0639
0.20373 -0.06426
0.20763 -0.06457
0.211530 -0.064810
0.21543 -0.06499
0.21933 -0.06509
0.22322 -0.06512
0.22711 -0.06507
0.231 -0.06496
0.23489 -0.064780
0.23877 -0.06452
0.242650 -0.0642
0.24653 -0.06381
0.2504 -0.06334
0.2542800 -0.06279
0.25815 -0.06216
0.26202 -0.061450
0.26588 -0.06066
0.26974 -0.05979
0.2736 -0.05883
0.27746 -0.05778
0.281310 -0.05665
0.28516 -0.05541
0.289 -0.05408
0.29285 -0.05265
0.29668 -0.05111
0.30052 -0.04948
0.30435 -0.04775
0.30818 -0.045920
0.31201 -0.044020
0.31583 -0.04204
0.31965 -0.03997
0.32347 -0.03784
0.32728 -0.03563
0.33109 -0.033340
0.3349 -0.03098
0.33871 -0.02853
0.34251 -0.02597
0.34631 -0.023270
0.3501 -0.02042
0.35387 -0.01743
0.35747 -0.01444
0.36077 -0.01162
0.36362 -0.00913
0.36586 -0.00714
0.36737 -0.0058
0.36813 -0.005230
-Inserting Flap Ga2-
0.48689 0.09233
0.48679 0.0919
0.48658 0.09106
0.48627 0.08981
0.485870 0.08824
0.48539 0.086450
0.48483 0.084550
0.4842 0.08263
0.48353 0.08077
0.48281 0.07899
0.48205 0.07727
0.48126 0.0756
0.48044 0.07398
0.4796 0.07238
0.47874 0.07082
0.47786 0.06928
0.47697 0.06778
0.47607 0.06629
0.47514 0.06483
0.47421 0.063390
0.47326 0.06197
0.4723 0.06058
0.47132 0.0592
0.47034 0.05784
0.46934 0.0565
0.46833 0.05518
0.46731 0.05388
0.46627 0.05261
0.46522 0.05135
0.464150 0.05012
0.46308 0.0489
0.462 0.0477
0.46091 0.046510
0.459810 0.04533
0.45871 0.04415
0.4576 0.04299
0.45648 0.04184
0.455350 0.04071
0.45422 0.0396
0.45307 0.0385
0.45191 0.03742
0.45074 0.03636
0.44956 0.035310
0.44837 0.03427
0.44717 0.03325
0.44597 0.03225
0.44475 0.03125
0.44353 0.03027
0.4423 0.0293
0.44106 0.02835
0.43982 0.0274
0.43856 0.02648000
0.4373 0.02556
0.43603 0.02467
0.43474 0.023780
0.43345 0.02292
0.43214 0.02207
0.43083 0.02124
0.42951 0.02042
0.42817 0.01962
0.42683 0.01883
0.42547 0.018060
0.42411 0.01731
0.42273 0.01658
0.42135 0.01586
0.419950 0.01516
0.41855 0.01447
0.41713 0.0138
0.41571 0.01313
0.41428 0.01249
0.41284 0.01186
0.41138 0.01125
0.40991 0.01067
0.40842 0.010120
0.40691 0.00961
0.40538 0.00912
0.40383 0.00866
0.40226 0.00823
0.40068 0.00783
0.39907 0.00747
0.39743 0.00715
0.395770 0.00687
0.39408 0.00665
0.39235 0.00647
0.39059 0.00636
0.38880 0.00629
0.38697 0.00628
0.38511 0.006310
0.38322 0.0064
0.38129 0.00657
0.37929 0.00683
0.37721 0.00722
0.37503 0.007770
0.37276 0.00848
0.37047 0.00935
0.36825 0.01034
0.36618 0.01144
0.36436 0.01261
0.36286 0.01383
0.36097 0.01627
0.36062 0.01743
0.36069 0.01849
0.36119 0.019430
0.36205 0.02026
0.36320 0.020990
0.36454 0.02163
0.366 0.02222
0.36751 0.02274
0.36904 0.02322
0.37061 0.02365
0.3722 0.02404
0.37382 0.02438
0.37547 0.02469
0.37713 0.02496
0.37881 0.025210
0.380510 0.02543
0.38222 0.02563
0.3839400 0.02582
0.38566 0.02599
0.387390 0.02616
0.38912 0.02633
0.39085 0.0265
0.39257 0.02667
0.3943 0.02685
0.39601 0.02704
0.3977300 0.02724
0.39943 0.02744
0.40113 0.02766
0.40282 0.0279
0.4045 0.02814
0.406170 0.0284
0.40784 0.02867
0.40949 0.02896
0.41114 0.02926
0.41277 0.02958
0.4144 0.02992
0.41601 0.030270
0.41762 0.03063
0.41921 0.03102
0.4208 0.03142
0.42237 0.03184
0.42393 0.03227
0.42548 0.03273
0.42702 0.0332
0.42855 0.0337
0.43006 0.03421
0.43156 0.03474
0.43305 0.0353
0.43453 0.035870
0.43599 0.03647
0.43744 0.03708
0.43889 0.0377
0.44032 0.03834
0.44175 0.039
0.44316 0.03968
0.44456 0.04037
0.44595 0.04109
0.44732 0.04183
0.44867 0.0426
0.45001 0.0434
0.45133 0.04421
0.45264 0.045050
0.45394 0.045920
0.45522 0.04681
0.45648 0.04772
0.45773 0.04866
0.45896 0.04962
0.46018 0.05061
0.46138 0.05163
0.46256 0.05268
0.46372 0.05375
0.46486 0.05486
0.46599 0.05599
0.4671 0.05715
0.46818 0.05835
0.46925 0.05958
0.47029 0.06085
0.47132 0.06215
0.47232 0.06348
0.4733 0.06485
0.47426 0.06624
0.47521 0.06767
0.47613 0.06912
0.47704 0.0706
0.477940 0.0721
0.47882 0.07363
0.479680 0.07518
0.48053 0.07676
0.48136 0.07837
0.48216 0.08002
0.48294 0.08172
0.48368 0.08346
0.48439 0.08525
0.48504 0.087010
0.48562 0.08864
0.486110 0.090080
0.48648 0.09121
0.48674 0.09198
0.48689 0.09233
-Inserting Flap Ga2-
0.61071 0.21329
0.61072 0.21285
0.6107 0.21198
0.61068 0.21069
0.61064 0.20908
0.610570 0.20723
0.61046 0.20524
0.61028 0.20323
0.61004 0.20127
0.60974 0.19937
0.60939 0.19753
0.60899 0.19572
0.608560 0.19396
0.6081 0.192210
0.60761 0.1905
0.60711 0.1888
0.60658 0.18713
0.60603 0.18548
0.60546 0.18385
0.60487 0.18224
0.60426 0.18065
0.603640 0.179070
0.603 0.17751
0.602350 0.17596
0.60168 0.17443
0.60099 0.17292
0.60028 0.17142
0.59956 0.16995
0.59882 0.16849
0.59806 0.16705
0.59728 0.16562
0.5965 0.1642
0.59571 0.1628
0.5949 0.1614
0.5941 0.16001
0.59328 0.15863
0.59244 0.15726
0.5916 0.15590
0.59074 0.15456
0.58987 0.15323
0.58898 0.151920
0.58808 0.15062
0.58717 0.14933
0.58624 0.14806
0.585310 0.14679
0.58436 0.14554
0.5834 0.1443
0.58243 0.143070
0.58145 0.141850
0.58046 0.140640
0.57946 0.1394400
0.57844 0.13825
0.57742 0.137080
0.57638 0.13592
0.57532 0.13477
0.57426 0.13364
0.57318 0.13251
0.57209 0.13141
0.57098 0.13031
0.569860 0.12923
0.56873 0.12816
0.56758 0.12711
0.566420 0.12607
0.56524 0.12505
0.56405 0.12404
0.56285 0.12304
0.56164 0.12205
0.56041 0.12108
0.55918 0.12011
0.55793 0.11916
0.55667 0.11822
0.55538 0.1173
0.55408 0.11641
0.55275 0.11554
0.55139 0.11469
0.550010 0.11387
0.54861 0.11308
0.54718 0.11231
0.54572 0.11157
0.54423 0.11085
0.54272 0.1101700
0.54116 0.10952
0.53956 0.10892
0.53792 0.10837
0.53623 0.10786
0.53449 0.10739
0.53272 0.106970
0.5309 0.10658
0.52904 0.10624
0.52711 0.10597
0.5251 0.10578
0.52299 0.10569
0.52075 0.10573
0.51838 0.10592
0.51595 0.10625
0.51356 0.10672
0.5113 0.10732
0.50926 0.10805
0.50753 0.1089
0.50513 0.110860
0.50453 0.1119
0.50436 0.11295
0.50464 0.11398
0.50529 0.11498
0.50625 0.11595
0.50741 0.11688
0.5087 0.11778
0.51005 0.11863
0.51144 0.11944
0.51287 0.12021
0.51433 0.12095
0.51583 0.12165
0.51736 0.12232
0.51892 0.12296
0.52051 0.12357
0.52211 0.12417
0.52373 0.12475
0.52536 0.12532
0.527 0.12588
0.52865 0.12643
0.5303 0.12699
0.53194 0.12754
0.53359 0.1281
0.53523 0.12866
0.53686 0.12923
0.53848 0.12981
0.54009 0.13039
0.5417 0.13099
0.54329 0.13159
0.54488 0.13221
0.54645 0.13284
0.54801 0.13348
0.54956 0.13413
0.55109 0.1348
0.55261 0.13548
0.55412 0.13617
0.55562 0.13687
0.5571 0.13759
0.55857 0.13832
0.56002 0.13907
0.561460 0.13983
0.56288 0.14061
0.56429 0.1414
0.56568 0.14221
0.56706 0.14304
0.56842 0.14388
0.56976 0.1447300
0.57109 0.14561
0.57239 0.1465
0.57369 0.14741
0.57497 0.148330
0.57623 0.14926
0.57749 0.15021
0.57873 0.15117
0.57995 0.15215
0.58116 0.15314
0.58235 0.15415
0.58351 0.15519
0.58466 0.15624
0.58579 0.15731
0.5869 0.15841
0.58798 0.159520
0.58905 0.16065
0.5901 0.16181
0.59112 0.162980
0.59213 0.164180
0.59311 0.16539
0.59407 0.16663
0.59501 0.16789
0.59593 0.16918
0.59682 0.17049
0.59769 0.17182
0.59853 0.17318
0.59934 0.17456
0.60013 0.17597
0.6009 0.17741
0.601630 0.17888
0.60233 0.18038
0.603010 0.1819
0.60366 0.18345
0.60428 0.18503
0.60488 0.18663
0.60546 0.18825
0.60601 0.1899
0.606550 0.19157
0.60706 0.19325
0.60755 0.19496
0.60802 0.19669
0.60847 0.19845
0.60888 0.20023
0.60925 0.20206
0.60959 0.20393
0.60987 0.20583
0.61011 0.20769
0.61031 0.20941
0.61046 0.21092
0.61057 0.21211
0.61065 0.21291
0.61071 0.21329
*.*.Setup: Ga2.txt as Flap 1, Inverted: y, Scale = 1.0, AoA = 2.0, Reposition from (0,0) = (0, 0)*.*.
*.*.Setup: Ga2.txt as Flap 2, Inverted: y, Scale = 0.4, AoA = 32.0, Reposition from previous T.E. = (-0.0267, 0.07), Reposition from (0,0) = (0.9744, 0.0558)*.*.
*.*.Setup: Ga2.txt as Flap 3, Inverted: y, Scale = 0.4, AoA = 45.0, Reposition from previous T.E. = (0.04, 0.06), Reposition from (0,0) = (1.3641, 0.3111)*.*.
*.*.Setup: Scale Ratio = 0.36772*.*.