0.35896 0.05685
0.35696 0.054630
0.35403 0.05139
0.35057 0.04818
0.34635 0.04502
0.34118 0.04174
0.33493 0.03817
0.32753 0.03431
0.31909 0.030210
0.30982 0.02597
0.29999 0.02169
0.28982 0.01746
0.27947 0.01334
0.26905 0.00937
0.25859 0.00558
0.24809 0.00198
0.23753 -0.00145
0.22685 -0.00471
0.21601 -0.00783
0.20495 -0.01084
0.19364 -0.01378
0.1821 -0.01669
0.17038 -0.01959
0.1586 -0.02246
0.14689 -0.02527
0.13545 -0.02796
0.12444 -0.030460
0.11404 -0.03266
0.10438 -0.03447
0.09539 -0.03583
0.08695 -0.0367
0.07893 -0.03711
0.07124 -0.03705
0.06384 -0.036540
0.0567 -0.03558
0.04981 -0.03419
0.04321 -0.0324
0.03693 -0.03025
0.03107 -0.02782
0.02573 -0.02521
0.02101 -0.022580
0.016960 -0.02002
0.01355 -0.0176
0.010730 -0.01533
0.00839 -0.01321
0.006450 -0.011220
0.00485 -0.00936
0.00353 -0.00762
0.00245 -0.00598
0.00157 -0.0044300
0.00088 -0.00296
0.00037 -0.001560
0.000086 -0.00022
-0.00012 0.00109000
0.000005 0.0024
0.00056 0.003620
0.00158 0.00459
0.00291 0.00532
0.00448 0.00591
0.00628 0.006420
0.00838 0.00689
0.01083 0.00736
0.01377 0.00783
0.01735 0.00833
0.02184 0.00885
0.02754 0.00941
0.03473 0.01001
0.04337 0.0106
0.05309 0.01106
0.063560 0.01133
0.07470 0.01141
0.0864 0.01138
0.098480 0.01131
0.11073 0.01121
0.12295 0.01112
0.13503 0.01107
0.146920 0.01109
0.1586 0.01121
0.17009 0.011450
0.181390 0.01184
0.19251 0.01239
0.20347 0.01313
0.2143 0.01407
0.2250100 0.01522
0.2356 0.01658
0.24609 0.01818
0.2565 0.02001
0.266830 0.02208
0.27706 0.02439
0.28719 0.02693
0.29716 0.02969
0.30689 0.03265
0.31625 0.03576
0.32501 0.03894
0.33294 0.04211
0.33986 0.0452
0.34575 0.04816
0.35069 0.05099
0.35481 0.05369
0.35896 0.05685
-Inserting Flap s1223rtl-
0.52366 0.15182
0.523 0.15048
0.52204 0.14852
0.52082 0.1465
0.51923 0.1444
0.5172 0.14211
0.51468 0.13953
0.51166 0.13666
0.50817 0.13352
0.5043 0.13021
0.50016 0.12680
0.49585 0.12336
0.49145 0.11996
0.48699 0.11661
0.48248 0.11335
0.47793 0.11017
0.47333 0.10707
0.46864 0.10403
0.46386 0.10104
0.45896 0.09806
0.45394 0.09509
0.448790 0.0921
0.44356 0.08909
0.43829 0.08609
0.43305 0.08313
0.42792 0.08025
0.42297 0.077540
0.41828 0.07505
0.41388 0.07284
0.40975 0.070950
0.405810 0.06937
0.40201 0.068070
0.39831 0.06704
0.39468 0.06626
0.39112 0.06574
0.38762 0.06546
0.3842 0.065410
0.38088 0.06558
0.37773 0.06594
0.37481 0.06645
0.37217 0.06707
0.36987 0.06774
0.3679 0.0684400
0.36623 0.06914
0.36482 0.06983
0.36361 0.07052
0.36259 0.071190
0.36171 0.07185
0.36097 0.07249
0.36033 0.07311
0.3598 0.07372
0.35936 0.07433
0.35901 0.074930
0.35876 0.075530
0.35863 0.07618
0.35874 0.07684
0.35909 0.07745
0.35963 0.07799
0.3603 0.07848
0.3611 0.07898
0.362040 0.07949
0.36316 0.08006
0.3645 0.08069
0.36616 0.08142
0.36824 0.08229
0.3709 0.08335
0.37428 0.08462
0.37835 0.0861
0.38296 0.08766
0.38795 0.08923
0.39329 0.090810
0.39892 0.09241
0.40474 0.094030
0.41064 0.09567
0.41653 0.09732
0.422340 0.09896
0.42805 0.10061
0.43365 0.10227
0.43914 0.10397
0.44451 0.10571
0.449780 0.10751
0.45495 0.10938
0.46003 0.11132
0.46501 0.113350
0.46991 0.11547
0.47474 0.11768
0.479490 0.12
0.48417 0.12241
0.48877 0.124930
0.49328 0.12755
0.4977 0.13025
0.50197 0.13301
0.50604 0.1358
0.50981 0.13854
0.513180 0.14115
0.51608 0.143590
0.51851 0.145820
0.52049 0.14787
0.5221 0.14973
0.52366 0.15182
-Inserting Flap s1223rtl-
0.65942 0.29849
0.65926 0.297
0.659030 0.29483
0.65858 0.29252
0.6578 0.29
0.65667 0.28715
0.65519 0.28387
0.65333 0.28014
0.65112 0.27599
0.64862 0.27156
0.6459 0.26694
0.64303 0.262240
0.64005 0.25753
0.637 0.25286
0.63389 0.24825
0.6307 0.24371
0.62743 0.239220
0.62407 0.23476
0.6206 0.23031
0.61702 0.22584
0.61331 0.22133
0.6095 0.21676
0.60561 0.21215
0.60168 0.20752
0.59777 0.20295
0.59394 0.19849
0.59022 0.19425
0.58666 0.1903
0.583280 0.18673
0.58004 0.18354
0.57689 0.1807
0.57376 0.17818
0.57063 0.17595
0.56749 0.17398
0.56432 0.17227
0.56113 0.17081
0.55793 0.16959
0.554760 0.168610
0.55167 0.16788
0.54874 0.16736
0.54606 0.16704
0.54367 0.16688
0.54158 0.16686
0.53977 0.16695
0.5382 0.16712
0.53684 0.16735
0.53564 0.16763
0.5346 0.16795
0.53368 0.1683
0.53287 0.168660
0.53216 0.16906
0.53154 0.16948
0.531 0.16992
0.53056 0.1704
0.53022 0.17097
0.53009 0.17163
0.530220 0.172320
0.53054 0.173
0.531 0.1737
0.53158 0.17444
0.532290 0.17525
0.53315 0.17616
0.534190 0.17721
0.5355 0.17846
0.53716 0.17999
0.5393 0.1819
0.54203 0.18425
0.54536 0.18703
0.54915 0.19007
0.55331 0.19326
0.55779 0.19657
0.56253 0.19999
0.567440 0.20351
0.57243 0.207070
0.5774 0.21063
0.58229 0.21416
0.58710 0.21766
0.59179 0.22114
0.596360 0.224620
0.60082 0.22809
0.60516 0.23159
0.60938 0.23511
0.61348 0.23867
0.617470 0.24228
0.62136 0.24595
0.62513 0.24968
0.6288 0.25348
0.63237 0.25735
0.63583 0.261290
0.63918 0.26529
0.64240 0.26934
0.64547 0.27340
0.64834 0.2774
0.65095 0.28127
0.65323 0.28488
0.65512 0.28816
0.65664 0.29109
0.6578 0.29369
0.65867 0.29599
0.65942 0.29849
*.*.Setup: s1223rtl.txt as Flap 1, Inverted: y, Scale = 1.0, AoA = 9.0, Reposition from (0,0) = (0, 0)*.*.
*.*.Setup: s1223rtl.txt as Flap 2, Inverted: y, Scale = 0.5, AoA = 25.0, Reposition from previous T.E. = (0.0, 0.05), Reposition from (0,0) = (0.9877, 0.2064)*.*.
*.*.Setup: s1223rtl.txt as Flap 3, Inverted: y, Scale = 0.5, AoA = 45.0, Reposition from previous T.E. = (0.02, 0.05), Reposition from (0,0) = (1.4608, 0.4677)*.*.
*.*.Setup: Scale Ratio = 0.36344*.*.