0.3719900000 -0.01828
0.3712 -0.01907
0.36963 -0.0206
0.36729 -0.02286
0.36433 -0.02569
0.36089 -0.02887
0.35714 -0.0322
0.35323 -0.03549
0.3493 -0.03857
0.345360 -0.04143
0.34143 -0.04409
0.33749 -0.04661
0.33356 -0.049
0.32962 -0.05129
0.32569 -0.05349
0.32175 -0.05561
0.31782 -0.05766
0.31388 -0.05962
0.30995 -0.06152
0.30601 -0.06335
0.30208 -0.06512
0.29814 -0.06683
0.29421 -0.06848
0.29027 -0.07007
0.28634 -0.07160
0.2824 -0.07308
0.278470 -0.07449
0.27453 -0.07584
0.2706 -0.07712
0.26666 -0.07834
0.26273 -0.07951
0.25879 -0.08064
0.254860 -0.08173
0.25092 -0.0828
0.24699 -0.083840
0.24305 -0.08485
0.23912 -0.08581
0.23518 -0.08672
0.231250 -0.08759
0.22731 -0.08840
0.22338 -0.08916
0.21944 -0.08988
0.21551 -0.09055
0.21157 -0.09117
0.20764 -0.09176
0.2037 -0.0923
0.19977 -0.09281
0.19583 -0.09327
0.1919 -0.0937
0.18796 -0.0941
0.18403 -0.09445
0.18009 -0.09476
0.17616 -0.09502
0.17222 -0.09524
0.16829 -0.09541
0.16435 -0.09553
0.16042 -0.09561
0.15648 -0.09563
0.15255 -0.09561
0.14861 -0.09555
0.14468 -0.09543
0.140740 -0.09526
0.13681 -0.09504
0.13287 -0.09477
0.12894 -0.09445
0.125 -0.09408
0.12107 -0.09368
0.117130 -0.09323
0.1132 -0.09275
0.10926 -0.09222
0.10533 -0.09164
0.10139 -0.090980
0.09746 -0.090250
0.093520 -0.08943
0.08959 -0.08852
0.08565 -0.08751
0.08172 -0.08642
0.07778 -0.08524
0.07385 -0.08396
0.06991 -0.08258
0.06598 -0.08109
0.06204 -0.07945
0.05811 -0.0776700
0.05417 -0.07572
0.05024 -0.0736200
0.0463 -0.071350
0.04237 -0.06893
0.03843 -0.06637
0.0345 -0.06364
0.03056 -0.06069
0.026630 -0.05745
0.02269 -0.053820
0.01876 -0.04974
0.01485 -0.04517
0.0111 -0.04023
0.00766 -0.03512
0.0047 -0.02999
0.00236 -0.02504
0.00079 -0.02043
0.000000 -0.01265
0.00079 -0.00971
0.00236 -0.00753
0.0047 -0.00618
0.00766 -0.00556
0.0111 -0.00553
0.01485 -0.00594
0.01876 -0.00665
0.02269 -0.00754
0.026630 -0.00857
0.03056 -0.00975
0.0345 -0.01105
0.03843 -0.01248
0.04237 -0.01402
0.0463 -0.01567
0.05024 -0.0174
0.05417 -0.0192
0.05811 -0.02106
0.06204 -0.02296
0.06598 -0.02489
0.06991 -0.02685
0.07385 -0.02881
0.07778 -0.03076
0.08172 -0.0327
0.08565 -0.03462
0.08959 -0.03652
0.093520 -0.03839
0.09746 -0.04023
0.10139 -0.04204
0.10533 -0.0438
0.10926 -0.04553
0.1132 -0.04722
0.117130 -0.04886
0.12107 -0.05046
0.125 -0.052020
0.12894 -0.05353
0.13287 -0.05499
0.13681 -0.05640
0.140740 -0.0577700
0.14468 -0.05908
0.14861 -0.06035
0.15255 -0.06156
0.15648 -0.06272
0.16042 -0.06382
0.16435 -0.06486
0.16829 -0.06585
0.17222 -0.06677
0.17616 -0.06764
0.18009 -0.06844
0.18403 -0.06919
0.18796 -0.069880
0.1919 -0.070520
0.19583 -0.07111
0.19977 -0.07166
0.2037 -0.072160
0.20764 -0.07261
0.21157 -0.07299
0.21551 -0.07331
0.21944 -0.07355
0.22338 -0.07371
0.22731 -0.07381
0.231250 -0.07383
0.23518 -0.07378
0.23912 -0.07366
0.24305 -0.07347
0.24699 -0.073210
0.25092 -0.07287
0.254860 -0.07245
0.25879 -0.07196
0.26273 -0.07138
0.26666 -0.07072
0.2706 -0.06997
0.27453 -0.06914
0.278470 -0.06821
0.2824 -0.0672
0.28634 -0.06609
0.29027 -0.06488
0.29421 -0.06357
0.29814 -0.06215
0.30208 -0.06063
0.30601 -0.05902
0.30995 -0.05731
0.31388 -0.05552
0.31782 -0.05365
0.32175 -0.05170
0.32569 -0.04967
0.32962 -0.04757
0.33356 -0.0454
0.33749 -0.04314
0.34143 -0.0408
0.345360 -0.03834
0.3493 -0.03575
0.35323 -0.033010
0.35714 -0.03012
0.36089 -0.02722
0.36433 -0.02448
0.36729 -0.02207
0.36963 -0.020140
0.3712 -0.01883
0.3719900000 -0.01828
-Inserting Flap Ga2-
0.49770 0.09147
0.49764 0.09103
0.49751 0.09016
0.4973 0.08887
0.49704 0.087260
0.49671 0.08541
0.496310 0.08345
0.49585 0.08145
0.49534 0.079520
0.49477 0.07766
0.494150 0.07586
0.4935 0.07411
0.49282 0.0724
0.49211 0.07072
0.49139 0.06907
0.49064 0.06745
0.48987 0.06585
0.48909 0.064270
0.48829 0.06272
0.487470 0.06119
0.48664 0.05967
0.4858 0.05818
0.48494 0.05671
0.48406 0.05525
0.48318 0.05381
0.48227 0.0524
0.48136 0.051
0.48042 0.04962
0.47947 0.04826
0.47851 0.04693
0.47754 0.04561
0.47655 0.0443
0.47556 0.043
0.47456 0.04171
0.473550 0.04043
0.4725400 0.03916
0.47151 0.03791
0.47047 0.03667
0.46942 0.03545
0.46836 0.03424
0.46729 0.03305
0.46621 0.03187
0.46511 0.03071
0.464 0.02956
0.462890 0.028430
0.46176 0.02731
0.46062 0.0262
0.45948 0.02511
0.45833 0.02402
0.45716 0.02295
0.45599 0.021890
0.45481 0.02084
0.45362 0.01981
0.45241 0.01879
0.45119 0.017790
0.44997 0.01681
0.44873 0.01583
0.44748 0.01488
0.44622 0.01394
0.44494 0.013010
0.44366 0.0121
0.44236 0.01121
0.44105 0.01033
0.43973 0.00947
0.43839 0.008630
0.43705 0.0078
0.43569 0.00698
0.43433 0.00617
0.43296 0.00538
0.43157 0.00460
0.430170 0.00384
0.42876 0.00310
0.42733 0.00239
0.42587 0.0017
0.42439 0.001050
0.4229 0.00042
0.42138 -0.00018
0.41983 -0.00074
0.41827 -0.00129
0.41668 -0.00179
0.4150600 -0.00226
0.41341 -0.00269
0.41173 -0.00306
0.41 -0.00339
0.40824 -0.00366
0.40643 -0.003890
0.4046 -0.004060
0.40272 -0.00419
0.40081 -0.00427
0.398840 -0.00427
0.39680 -0.00418
0.39467 -0.00397
0.39243 -0.00361
0.39008 -0.00309
0.3877 -0.00242
0.385370 -0.00161
0.383190 -0.00069
0.3812500 0.00033
0.379640 0.001420
0.37751 0.00372
0.37706 0.00485
0.37703 0.00592
0.37746 0.00692
0.37825 0.00783
0.37934 0.00866
0.38064 0.00944
0.38206 0.01015
0.38353 0.01081
0.38504 0.011430
0.386580 0.012
0.38815 0.01253
0.38975 0.01302
0.39138 0.01348
0.39303 0.0139
0.3947 0.0143
0.3964 0.01467
0.3981 0.01502
0.39981 0.01536
0.40154 0.01569
0.40326 0.01601
0.40499 0.01634
0.406720 0.016660
0.40844 0.01698
0.41016 0.01732
0.41188 0.017660
0.41359 0.018010
0.41529 0.01837
0.41698 0.01874
0.41866 0.01912
0.42033 0.01952
0.422 0.01993
0.42365 0.02035
0.42529 0.020780
0.42692 0.02123
0.42854 0.0217
0.430150 0.02218
0.43175 0.02267
0.43333 0.02319
0.43491 0.02371
0.43647 0.02426
0.43802 0.02482
0.43955 0.02539
0.44108 0.02599
0.44258 0.0266
0.44408 0.02724
0.44556 0.02789
0.44702 0.028560
0.44847 0.02925
0.44991 0.02996
0.45133 0.03068
0.45275 0.03143
0.45415 0.03218
0.45553 0.03296
0.45691 0.03374
0.45828 0.03455
0.45963 0.03537
0.46096 0.03622
0.46227 0.03709
0.4635700 0.03798
0.464850 0.0389
0.46611 0.03984
0.46736 0.0408
0.46859 0.04179
0.4698 0.04280
0.470990 0.04383
0.472170 0.044880
0.47332 0.04596
0.47446 0.04707
0.47558 0.0482
0.47668 0.04936
0.47775 0.05055
0.47881 0.05176
0.47985 0.053
0.48086 0.05427
0.48185 0.05558
0.48281 0.05691
0.48376 0.05828
0.48467 0.05968
0.48556 0.06111
0.48643 0.062570
0.48728 0.06406
0.4881 0.06558
0.48891 0.06713
0.4897 0.0687
0.49047 0.07029
0.49122 0.07191
0.49195 0.07355
0.49267 0.07522
0.49336 0.07692
0.49402 0.07865
0.494660 0.0804200
0.49525 0.08225
0.49581 0.08411
0.49631 0.08594
0.49675 0.08764
0.49711 0.08913
0.49739 0.09031
0.49758 0.0911
0.49770 0.09147
-Inserting Flap Ga2-
0.60436 0.22127
0.60437 0.22082
0.60435 0.21995
0.60433 0.21865
0.6042900 0.21701
0.60422 0.21514
0.60410 0.21313
0.60393 0.2111
0.60369 0.20911
0.60338 0.20719
0.60302 0.20532
0.60262 0.2035
0.60218 0.20171
0.60172 0.199950
0.60123 0.19821
0.60072 0.1965
0.60018 0.19481
0.59962 0.19314
0.59905 0.191490
0.59845 0.18986
0.597840 0.18825
0.59721 0.186650
0.59656 0.18507
0.5959 0.18351
0.59522 0.18196
0.59453 0.18043
0.59381 0.17892
0.59308 0.17743
0.59233 0.17595
0.59156 0.17449
0.59078 0.17305
0.58999 0.17162
0.58918 0.17019
0.58837 0.16878
0.58755 0.16737
0.58672 0.16597
0.58588 0.16459
0.58503 0.163220
0.58416 0.16186
0.58328 0.16052
0.582380 0.159190
0.58147 0.15787
0.580550 0.15657
0.57961 0.15528
0.57866 0.154
0.5777 0.15274
0.57673 0.15148
0.57575 0.150230
0.57476 0.1490
0.57376 0.147780
0.572750 0.14656000
0.57172 0.14536
0.57068 0.144170
0.56963 0.143
0.56857 0.14184
0.56749 0.14069
0.5664 0.13956
0.56529 0.13844
0.564170 0.13733
0.56304 0.13624
0.56189 0.13516
0.56073 0.13409
0.55956 0.13304
0.55837 0.132
0.55716 0.13098
0.55595 0.12997
0.554720 0.12897
0.55348 0.12799
0.55223 0.12701
0.55097 0.12605
0.54969 0.1251
0.54839 0.12417
0.54707 0.12326
0.54573 0.12238
0.54436 0.12153
0.54296 0.1207
0.54154 0.1199
0.54009 0.11912
0.53862 0.11837
0.53711 0.11764
0.535580 0.1169500
0.534 0.11630
0.53238 0.11569
0.53072 0.11513
0.52901 0.11461
0.52726 0.11414
0.52546 0.113710
0.52362 0.11333
0.521740 0.11298
0.51979 0.1127
0.51776 0.11251
0.51562 0.11242
0.51335 0.11246
0.51096 0.11265
0.5085 0.11299
0.50608 0.11346
0.50379 0.11407
0.50173 0.11481
0.49998 0.11567
0.497560 0.117650
0.49695 0.1187
0.49678 0.11977
0.49706 0.12081
0.49772 0.12182
0.49868 0.1228
0.49986 0.12375
0.50117 0.12465
0.50253 0.12551
0.50394 0.12633
0.50538 0.12711
0.50686 0.12786
0.50838 0.12857
0.50993 0.12924
0.511510 0.12989
0.51311 0.13051
0.514730 0.13112
0.51637 0.13171
0.51802 0.13228
0.51968 0.13285
0.521350 0.13341
0.52302 0.13397
0.52468 0.13453
0.52634 0.13509
0.528 0.13566
0.52965 0.13624
0.53129 0.13682
0.53293 0.13741
0.53455 0.13801
0.53616 0.13863
0.53776 0.13925
0.53935 0.13989
0.54093 0.14054
0.5425 0.1412
0.54405 0.14187
0.54559 0.14256
0.54712 0.14326
0.54863 0.14397
0.55013 0.14469
0.55161 0.145440
0.55308 0.14619
0.55454 0.14696
0.55598 0.14775
0.5574 0.14855
0.55881 0.14937
0.5602 0.1502
0.56158 0.15105
0.56294 0.15192
0.56428 0.15281
0.5656 0.15371
0.56691 0.15463
0.5682 0.155560
0.56948 0.1565
0.57075 0.15746
0.57201 0.15843
0.57325 0.15942
0.57447 0.16042
0.575670 0.16145
0.57685 0.16249
0.57801 0.16356
0.57915 0.16464
0.58027 0.16575
0.58137 0.166880
0.58245 0.16802
0.58351 0.16919
0.58455 0.170380
0.58556 0.171590
0.58656 0.17282
0.58753 0.17407
0.58848 0.17535
0.58941 0.17665
0.59031 0.17797
0.591190 0.17932
0.592040 0.18069
0.59286 0.18209
0.59366 0.18352
0.59443 0.18498
0.59518 0.18646
0.59589 0.18798
0.59657 0.18952
0.5972300 0.19109
0.59786 0.19268
0.59846 0.1943
0.59905 0.19594
0.59961 0.19761
0.60015 0.19929
0.60067 0.201
0.60117 0.20273
0.60164 0.20448
0.60209 0.20626
0.60251 0.20806
0.60289 0.20991
0.60323 0.2118
0.60351 0.21372
0.60376 0.2156
0.60395 0.21735
0.60411000 0.21887
0.60422 0.22008
0.6043 0.22089
0.60436 0.22127
*.*.Setup: Ga2.txt as Flap 1, Inverted: y, Scale = 1.0, AoA = 0.0, Reposition from (0,0) = (0, 0)*.*.
*.*.Setup: Ga2.txt as Flap 2, Inverted: y, Scale = 0.4, AoA = 37.0, Reposition from previous T.E. = (0.0067, 0.07), Reposition from (0,0) = (1.0067, 0.0209)*.*.
*.*.Setup: Ga2.txt as Flap 3, Inverted: y, Scale = 0.4, AoA = 45.0, Reposition from previous T.E. = (-0.01, 0.08), Reposition from (0,0) = (1.3279, 0.3259)*.*.
*.*.Setup: Scale Ratio = 0.37199*.*.