0.3495 0.05536
0.34755 0.053190
0.3447 0.05004
0.34133 0.04691
0.33722 0.04384
0.33219 0.04064
0.3261 0.03717
0.3189 0.03341
0.31068 0.029410
0.30165 0.02528
0.29208 0.02112
0.28218 0.017
0.2721 0.01299
0.26196 0.00913
0.25177 0.00544
0.24155 0.00193
0.23127 -0.00141
0.22087 -0.00458
0.21031 -0.00762
0.19955 -0.01055
0.18854 -0.01342
0.1773 -0.01625
0.16589 -0.01907
0.15442 -0.02186
0.14302 -0.0246
0.13188 -0.02723
0.12116 -0.029660
0.11104 -0.0318
0.10163 -0.03356
0.09288 -0.03488
0.08466 -0.03574
0.07685 -0.03613
0.06936 -0.03607
0.06216 -0.035570
0.05521 -0.03464
0.0485 -0.03329
0.04207 -0.03155
0.03596 -0.02945
0.03025 -0.02708
0.02505 -0.02455
0.02045 -0.021980
0.016510 -0.01949
0.0132 -0.01713
0.010440 -0.01493
0.00816 -0.01286
0.006280 -0.010930
0.00472 -0.00912
0.00344 -0.00742
0.00238 -0.00583
0.00153 -0.0043200
0.00086 -0.00288
0.00036 -0.001520
0.000086 -0.00021
-0.00012 0.00106000
0.000005 0.00234
0.00055 0.003520
0.00154 0.00447
0.00283 0.00518
0.00436 0.00575
0.00612 0.006250
0.00815 0.00671
0.01055 0.00717
0.0134 0.00763
0.0169 0.00811
0.02126 0.00862
0.02681 0.00916
0.03381 0.00975
0.04223 0.01032
0.05169 0.01077
0.061890 0.01103
0.072730 0.01111
0.08412 0.01108
0.095890 0.01101
0.10781 0.01091
0.11971 0.01083
0.13147 0.01078
0.143040 0.0108
0.15442 0.01092
0.1656 0.011150
0.17660 0.01153
0.18743 0.01207
0.19811 0.01278
0.20865 0.0137
0.2190700 0.01481
0.22939 0.01615
0.23961 0.0177
0.24974 0.01949
0.259790 0.0215
0.26976 0.02375
0.27961 0.02622
0.28932 0.02891
0.29881 0.03179
0.30791 0.03482
0.31644 0.03792
0.32416 0.041
0.3309 0.044
0.33664 0.04689
0.34145 0.04965
0.34545 0.05228
0.3495 0.05536
-Inserting Flap s1223rtl-
0.50986 0.15667
0.50921 0.15536
0.50828 0.15345
0.50709 0.15148
0.50554 0.14944
0.50356 0.14721
0.50112 0.1447
0.49817 0.1419
0.49477 0.13885
0.491 0.13562
0.48697 0.13230
0.48278 0.12896
0.47849 0.12564
0.47415 0.12238
0.46976 0.11921
0.46533 0.11611
0.46085 0.11309
0.45629 0.11013
0.45164 0.10722
0.44686 0.10432
0.44197 0.10143
0.436960 0.09852
0.43186 0.09559
0.42673 0.09267
0.42163 0.08978
0.41664 0.08698
0.41182 0.084340
0.40725 0.08191
0.40297 0.07977
0.39895 0.077930
0.395120 0.07639
0.39142 0.075120
0.38781 0.07412
0.38428 0.07336
0.38081 0.07285
0.3774 0.07258
0.37407 0.072530
0.37084 0.0727
0.36777 0.07305
0.36493 0.07355
0.36236 0.07415
0.36012 0.0748
0.35821 0.0754800
0.35658 0.07616
0.3552 0.07684
0.35403 0.07751
0.35303 0.078160
0.35218 0.0788
0.35145 0.07942
0.35083 0.08003
0.35031 0.08063
0.34989 0.08122
0.34955 0.08180
0.3493 0.082390
0.34918 0.08302
0.34928 0.08367
0.34963 0.08426
0.35015 0.08478
0.3508 0.08526
0.35158 0.08574
0.35250 0.08624
0.35358 0.08679
0.35489 0.08741
0.35651 0.08812
0.35854 0.08897
0.36113 0.09
0.36441 0.09124
0.36838 0.09267
0.37286 0.09419
0.37773 0.09572
0.38293 0.097260
0.38841 0.09882
0.39407 0.10040
0.39982 0.102
0.40555 0.1036
0.411210 0.1052
0.41677 0.1068
0.42222 0.10842
0.42756 0.11008
0.4328 0.11177
0.437930 0.11353
0.44296 0.11534
0.4479 0.11723
0.45275 0.119210
0.45753 0.12127
0.46223 0.12343
0.466850 0.12568
0.4714 0.12803
0.47588 0.130490
0.48028 0.13303
0.48458 0.13566
0.48874 0.13835
0.4927 0.14106
0.49637 0.14373
0.499650 0.14628
0.50248 0.148650
0.50484 0.150830
0.50677 0.15282
0.50833 0.15463
0.50986 0.15667
-Inserting Flap s1223rtl-
0.64204 0.29947
0.64188 0.29802
0.641660 0.29591
0.64122 0.29365
0.64046 0.2912
0.63936 0.28843
0.63792 0.28523
0.63611 0.2816
0.63396 0.27757
0.63152 0.27324
0.62887 0.26875
0.62608 0.264170
0.62318 0.25959
0.62021 0.25504
0.61718 0.25055
0.61408 0.24613
0.6109 0.241760
0.60762 0.23742
0.60424 0.23309
0.60075 0.22874
0.59714 0.22434
0.59343 0.21989
0.58964 0.2154
0.58582 0.2109
0.58202 0.20644
0.57828 0.20211
0.57466 0.19797
0.57119 0.19413
0.56790 0.19065
0.56475 0.18755
0.56168 0.18479
0.55864 0.18233
0.55559 0.18016
0.55253 0.17824
0.54944 0.17657
0.54634 0.17515
0.54322 0.17396
0.540130 0.173020
0.53713 0.1723
0.53428 0.17179
0.53167 0.17148
0.52934 0.17133
0.52731 0.17131
0.52554 0.17139
0.52401 0.17156
0.52268 0.17179
0.52152 0.17206
0.5205 0.17237
0.51961 0.17271
0.51882 0.173070
0.51813 0.17345
0.51752 0.17385
0.51701 0.17429
0.51657 0.17476
0.51625 0.17531
0.51612 0.17595
0.516240 0.176620
0.51656 0.17729
0.517 0.17797
0.51757 0.17869
0.518260 0.17947
0.51909 0.18036
0.520110 0.18139
0.52138 0.18261
0.523 0.1841
0.52509 0.18595
0.52774 0.18824
0.53098 0.19094
0.53468 0.19391
0.53873 0.19701
0.54309 0.20023
0.5477 0.20357
0.552480 0.20699
0.55734 0.210460
0.56218 0.21392
0.56694 0.21736
0.571620 0.22077
0.57619 0.22416
0.580640 0.227540
0.58498 0.23093
0.5892 0.23433
0.59331 0.23776
0.59731 0.24122
0.60120 0.24474
0.60498 0.24831
0.60865 0.25194
0.61223 0.25564
0.6157 0.25941
0.61907 0.263250
0.62233 0.26714
0.625470 0.27109
0.62846 0.275040
0.63125 0.27894
0.63379 0.2827
0.63601 0.28622
0.63785 0.28941
0.63933 0.29226
0.64046 0.29479
0.64131 0.29704
0.64204 0.29947
*.*.Setup: s1223rtl.txt as Flap 1, Inverted: y, Scale = 1.0, AoA = 9.0, Reposition from (0,0) = (0, 0)*.*.
*.*.Setup: s1223rtl.txt as Flap 2, Inverted: y, Scale = 0.5, AoA = 25.0, Reposition from previous T.E. = (0.0, 0.075), Reposition from (0,0) = (0.9877, 0.2314)*.*.
*.*.Setup: s1223rtl.txt as Flap 3, Inverted: y, Scale = 0.5, AoA = 45.0, Reposition from previous T.E. = (0.02, 0.05), Reposition from (0,0) = (1.4608, 0.4927)*.*.
*.*.Setup: Scale Ratio = 0.35386*.*.