0.37191 -0.03132
0.37109 -0.032080
0.36946 -0.03356
0.367040 -0.03574
0.36398 -0.03847
0.360420 -0.04153
0.35655 -0.04474
0.35252 -0.0479
0.34847 -0.050840
0.34443 -0.05357
0.3404 -0.0561
0.33637 -0.058480
0.33234 -0.060740
0.32832 -0.06289
0.3243 -0.06496
0.32029 -0.06695
0.31628 -0.06886
0.31227 -0.07069
0.30826 -0.07245
0.30425 -0.07415
0.30025 -0.07578
0.29625 -0.07735
0.29225 -0.07887
0.28826 -0.08033
0.28426 -0.08173
0.28027 -0.08307
0.27628 -0.08434
0.27229 -0.08555
0.26831 -0.0867
0.26432 -0.08778
0.26034 -0.08882
0.25636 -0.08981
0.25238 -0.09077
0.2484 -0.0917
0.24442 -0.09261
0.24045 -0.09347
0.23647 -0.0943
0.2325 -0.09508
0.22853 -0.09581
0.22456 -0.09648
0.22059 -0.09711
0.21663 -0.09769
0.21266 -0.09822
0.2087 -0.09871
0.20474 -0.09916
0.20078 -0.099560
0.196820 -0.09993
0.19286 -0.10026
0.18891 -0.10056
0.18495 -0.10081
0.181 -0.10103
0.17705 -0.1012
0.1731 -0.10133
0.16915 -0.101410
0.1652 -0.10144
0.16126 -0.10142
0.15731 -0.10136
0.15337 -0.10125
0.14943 -0.10109
0.14549 -0.10089
0.14156 -0.10063
0.13762 -0.10033
0.13369 -0.09997
0.12976 -0.09956
0.12583 -0.0991
0.1219 -0.0986
0.11797 -0.09805
0.11405 -0.09747
0.11012 -0.0968500
0.1062 -0.09618
0.10228 -0.09546
0.09836 -0.09467
0.09445 -0.0938
0.09053 -0.09283
0.08663 -0.09178
0.08272 -0.09064
0.07882 -0.089410
0.07492 -0.08808
0.07102 -0.08667
0.06713 -0.08515
0.06324 -0.083520
0.05936 -0.08174
0.05548 -0.07982
0.0516 -0.07773
0.047740 -0.07548
0.04388 -0.07308
0.04002 -0.07052
0.03617 -0.06781
0.03232 -0.06494
0.02849 -0.06185
0.02466 -0.058470
0.02084 -0.0547
0.01705 -0.05047
0.01329 -0.04575
0.00971 -0.040680
0.00644 -0.03544
0.00365 -0.0302
0.00149 -0.02516
7e-05 -0.02048
-0.00044 -0.012670
0.00045 -0.00975
0.0021 -0.00762
0.00449 -0.00635
0.00748 -0.00584
0.01092 -0.00593
0.01466 -0.00647
0.01855 -0.00732
0.02246 -0.008340
0.02637 -0.00952
0.03027 -0.01083
0.03416 -0.01228
0.03805 -0.01384
0.04194 -0.01553
0.04582 -0.01731
0.0497 -0.01918
0.05358 -0.021130
0.05746 -0.02312
0.06133 -0.02517
0.06521 -0.02724
0.06908 -0.02933
0.07295 -0.03143
0.07682 -0.033530
0.0807 -0.03561
0.08457 -0.03767
0.08844 -0.03971
0.09232 -0.04172
0.0962 -0.0437
0.10007 -0.04565
0.10395 -0.04755
0.10783 -0.04942
0.11171 -0.05125
0.1156 -0.05303
0.11948 -0.05477
0.12337 -0.05647
0.12726 -0.05812
0.13115 -0.05972
0.13504 -0.06127
0.13893 -0.062780
0.14283 -0.06423
0.14672 -0.06564
0.15062 -0.06699
0.15452 -0.06828
0.15843 -0.06952
0.16233 -0.07071
0.16624 -0.07183
0.17014 -0.0729
0.174060 -0.0739
0.17797 -0.07484
0.18188 -0.07573
0.1858 -0.076560
0.18972 -0.07733
0.19364 -0.07807
0.19756 -0.07875
0.20148 -0.07939
0.20541 -0.07998
0.20934 -0.0805
0.21327 -0.08095
0.2172 -0.08133
0.22113 -0.08164
0.22507 -0.081870
0.22901 -0.08203
0.23295 -0.08212
0.2369 -0.082140
0.24085 -0.0820800
0.24480 -0.08196
0.24875 -0.081760
0.2527 -0.08148
0.25666 -0.08112
0.26062 -0.08067
0.26459 -0.08015
0.26855 -0.07954
0.27252 -0.07884
0.2765 -0.07806
0.28047 -0.07718
0.28445 -0.0762
0.28844 -0.07513
0.29242 -0.07395
0.29641 -0.07267
0.30041 -0.07129
0.3044100 -0.06981
0.30841 -0.06824
0.31241 -0.06658
0.31642 -0.06484
0.32043 -0.06303
0.32444 -0.06114
0.32845 -0.05917
0.332470 -0.05713
0.33649 -0.05501
0.34051 -0.0528
0.34454 -0.05048
0.34857 -0.04802
0.35261 -0.04541
0.35662 -0.04265
0.36048 -0.03988
0.36402 -0.03726
0.36707 -0.03494
0.36948 -0.03309
0.3711 -0.03184
0.37191 -0.03132
-Inserting Flap Ga2-
0.47303 0.078660
0.47297 0.07822
0.47284 0.07735
0.47264 0.07606
0.47237 0.07444
0.47204 0.0726
0.47164 0.07062
0.47118 0.06863
0.47066 0.06669
0.47009 0.06483
0.46948 0.06303
0.46882 0.06127
0.46814 0.059560
0.46743 0.05787
0.46671 0.05622
0.46596 0.05459
0.465190 0.05299
0.46441 0.05141
0.4636 0.04985
0.46279 0.04832
0.46195 0.0468
0.4611 0.04531
0.46024 0.04383
0.45937 0.04237
0.45848 0.04093
0.45757 0.03951
0.45665 0.03811
0.45572 0.03673
0.45477 0.03537
0.4538 0.03403
0.45283 0.03270
0.45184 0.03139
0.45084 0.03009
0.44984 0.0288
0.44883 0.02752
0.44782 0.02625
0.44679 0.02499
0.44575 0.02375
0.4447 0.02252
0.44363 0.02131
0.44256 0.02012
0.441470 0.01894
0.44037 0.01778
0.439260 0.01663
0.43815 0.015490
0.43702 0.01437
0.43588 0.01326
0.43473 0.012160
0.43358 0.01107
0.43241 0.010
0.43124 0.00894
0.43005 0.00789
0.42886 0.00685
0.42765 0.00584
0.42643 0.004830
0.4252 0.00384
0.42396 0.00287
0.4227 0.00191
0.42144 0.00097
0.42016 4e-050
0.41888 -0.00087
0.41758 -0.00177
0.41626 -0.00264
0.41494 -0.00351
0.4136 -0.00435
0.41225 -0.00519
0.41089 -0.006
0.40953 -0.00681
0.40815 -0.00761
0.40676 -0.00839
0.40536 -0.00915
0.40395 -0.009890
0.40251 -0.0106
0.40105 -0.01129
0.39957 -0.01195
0.39807 -0.01258
0.39655 -0.01317
0.395 -0.01374
0.39343 -0.01429
0.39184 -0.01479
0.39022 -0.01526
0.38857 -0.01569
0.386880 -0.01607
0.38515 -0.0164
0.38338 -0.01667
0.38157 -0.016890
0.37973 -0.01707
0.37785 -0.0172
0.37594 -0.01727
0.3739700 -0.01728
0.37192 -0.01719
0.36979 -0.01698
0.36754 -0.01662
0.36519 -0.0161
0.3628 -0.01542
0.36046 -0.01462
0.35828 -0.01369
0.35634 -0.01267
0.354720 -0.011570
0.35259 -0.00927
0.35213 -0.00814
0.35211 -0.00706
0.35253 -0.00607
0.35333 -0.00515
0.35443 -0.00432
0.35573 -0.00354
0.35715 -0.00283
0.35862 -0.00216
0.360130 -0.00154
0.36167 -0.00097
0.36325 -0.00044
0.36485 5e-05
0.36649 0.00051
0.36814 0.00093
0.36982 0.00133
0.37151 0.0017
0.37322 0.00205
0.37494 0.00239
0.37667 0.00272
0.3784 0.00305
0.38013 0.00337
0.38186 0.003690
0.38359 0.00402
0.38531 0.00436
0.38703 0.0047
0.38874 0.00505
0.39044 0.00541
0.39214 0.00578
0.39383 0.00616
0.3955 0.00656
0.39717 0.00697
0.39882 0.00739
0.40047 0.00783
0.40211 0.00828
0.40373 0.00875
0.40534 0.00923
0.40694 0.00972
0.40853 0.01024
0.41011 0.01076
0.41167 0.01131
0.41322 0.01187
0.41476 0.01245
0.41629 0.01305
0.4178 0.01366
0.4193 0.01429
0.42078 0.01495
0.42225 0.01562
0.4237 0.01631
0.42514 0.01702
0.42657 0.01775
0.42798 0.0185
0.429390 0.01925
0.43078 0.02003
0.43216 0.02082
0.43353 0.02162
0.43488 0.02245
0.43621 0.0233
0.43753 0.02417
0.43883 0.02507
0.44011 0.02599
0.44138 0.02693
0.44263 0.02789
0.44386 0.02888
0.445070 0.029890
0.44627 0.03092
0.44745 0.03198
0.44861 0.03306
0.44975 0.03417
0.45087 0.03531
0.45197 0.03647
0.45304 0.03766
0.4541 0.03887
0.455140 0.04012
0.45616 0.04139
0.45715 0.04269
0.45812 0.04403
0.45906 0.0454
0.45998 0.0468
0.46087 0.04824
0.46174 0.04971
0.46259 0.0512
0.46342 0.05272
0.46422 0.054270
0.46501 0.055850
0.46578 0.05744
0.46654 0.05906
0.46727 0.06071
0.46799 0.06238
0.46868 0.06408
0.46935 0.06582
0.46998 0.067590
0.47058 0.06942
0.471140 0.07129
0.47164 0.07312
0.47208 0.07483
0.47244 0.07632
0.47273 0.0775
0.47292 0.07829
0.47303 0.078660
-Inserting Flap Ga2-
0.5985600 0.20874
0.59856 0.20829
0.59855 0.20741
0.59853 0.20611
0.59849 0.20447
0.59842 0.20259
0.5983 0.20058
0.59812 0.19854
0.59788 0.19656
0.59757 0.19463
0.59722 0.19276
0.596810 0.19093
0.59637 0.18914
0.59591 0.18737
0.595420 0.18563
0.5949 0.18392
0.59437 0.18222
0.59381 0.18055
0.59323 0.17890
0.59264 0.17726
0.59202 0.175650
0.59139 0.1740500
0.59074 0.17247
0.59008 0.1709
0.5894 0.16935
0.58870 0.16781
0.58799 0.1663
0.58725 0.1648
0.5865 0.16332
0.58573 0.16186
0.584950 0.16041
0.58415 0.15898
0.58335 0.15755
0.58253 0.15614
0.58171 0.15473
0.58088 0.15333
0.58004 0.15194
0.57918 0.1505600
0.57831 0.1492
0.57743 0.14786
0.57653 0.146530
0.57562 0.14521
0.57469 0.1439
0.57375 0.14261
0.5728 0.14133
0.57184 0.14006
0.57087 0.1388
0.56989 0.13755000
0.56889 0.13632
0.56789 0.135090
0.56688 0.13387
0.56585 0.13267
0.56481 0.13148
0.56375 0.1303
0.56269 0.12914
0.56161 0.12799
0.56051 0.12685
0.5594 0.12573
0.55828 0.12462
0.55715 0.12352
0.556 0.12244
0.55484 0.12138
0.55366 0.12032
0.55247 0.11928
0.55126 0.11826
0.55004 0.11725
0.54881 0.11625
0.54757 0.11526
0.546320 0.11428
0.54505 0.11331
0.54377 0.11236
0.54247 0.11143
0.54115 0.11053
0.5398 0.10964
0.538430 0.10879
0.53703 0.10796
0.5356 0.10715
0.534150 0.10637
0.532670 0.10562
0.531170 0.10489
0.529630 0.1042
0.52805 0.103550
0.52643 0.10294
0.52476 0.10238
0.52305 0.10186
0.52129 0.10138
0.51949 0.100950
0.51765 0.100570
0.51576 0.10022
0.51381 0.09994
0.51177 0.09975
0.50963 0.09966
0.50736 0.0997
0.50495 0.09989
0.50249 0.10023
0.50007 0.1007
0.49778 0.10131
0.49571 0.10206
0.49396 0.10292
0.49153 0.104900
0.49092 0.10596
0.49075 0.10702
0.49103 0.10806
0.49169 0.10908
0.49266 0.11006
0.49384 0.11101
0.49515 0.11192
0.49651 0.11278
0.49792 0.1136
0.49937 0.11438
0.50085 0.11513
0.50237 0.11584
0.50393 0.116520
0.50551 0.11717
0.50712 0.11779
0.50874 0.11840
0.51038 0.11898
0.51204 0.11956
0.5137 0.12013
0.51537 0.12069
0.51704 0.12125
0.518710 0.12181
0.52038 0.12238
0.52204 0.12295
0.52369 0.12352
0.52533 0.12411
0.52697 0.12470
0.5286 0.125310
0.53021 0.12592
0.53182 0.12655
0.53341 0.12718
0.53499 0.12783
0.53656 0.1285
0.53812 0.12917
0.53966 0.12986
0.54119 0.13056
0.54271 0.13127
0.54421 0.132
0.54570 0.1327400
0.54717 0.1335
0.54863 0.13427
0.55007 0.13506
0.5515 0.135860
0.55291 0.13668
0.55431 0.13752
0.55569 0.13837
0.55705 0.13924
0.55839 0.14013
0.55972 0.14103
0.56103 0.14195
0.56232 0.14289
0.563610 0.14383
0.564880 0.14479
0.56613 0.14577
0.56738 0.146760
0.5686 0.147760
0.56981 0.14879
0.57099 0.14984
0.57215 0.1509
0.57329 0.15199
0.57441 0.1531
0.57552 0.15423
0.5766 0.15538
0.57766 0.15655
0.5787 0.15774
0.57972 0.15895
0.58072 0.160180
0.58169 0.16144
0.58264 0.16272
0.58357 0.16402
0.58447 0.16535
0.58535 0.1667
0.586210 0.16808
0.58704 0.16948
0.58784 0.17091
0.58861 0.17237
0.58935 0.17386
0.59007 0.17537
0.59075 0.17692
0.59141 0.17849
0.59204 0.18009
0.59265 0.18171
0.59323 0.18336
0.59379 0.18503
0.59434 0.18672
0.594860 0.18843
0.59535 0.19016
0.59583 0.19191
0.59628 0.19369
0.59670 0.19551
0.59708 0.19736
0.59742 0.19925
0.59771 0.20117
0.59795 0.20306
0.59815 0.20481
0.5983 0.20633
0.59842 0.20754
0.5985 0.20836
0.5985600 0.20874
*.*.Setup: Ga2.txt as Flap 1, Inverted: y, Scale = 1.0, AoA = -2.0, Reposition from (0,0) = (0, 0)*.*.
*.*.Setup: Ga2.txt as Flap 2, Inverted: y, Scale = 0.4, AoA = 37.0, Reposition from previous T.E. = (-0.06, 0.07), Reposition from (0,0) = (0.9377, -0.014)*.*.
*.*.Setup: Ga2.txt as Flap 3, Inverted: y, Scale = 0.4, AoA = 45.0, Reposition from previous T.E. = (0.04, 0.08), Reposition from (0,0) = (1.309, 0.291)*.*.
*.*.Setup: Scale Ratio = 0.37277*.*.