0.35653 0.05647
0.35453 0.054260
0.35163 0.05104
0.34819 0.04785
0.344 0.04472
0.33887 0.04145
0.33266 0.03791
0.32531 0.03408
0.31692 0.030
0.30772 0.02579
0.29795 0.02155
0.28785 0.01735
0.27757 0.01325
0.26722 0.00931
0.25683 0.00555
0.24641 0.00196
0.23592 -0.00144
0.22531 -0.00467
0.21454 -0.00777
0.20356 -0.01077
0.19233 -0.01369
0.18086 -0.01658
0.16923 -0.01945
0.15752 -0.0223
0.1459 -0.0251
0.13453 -0.02777
0.12359 -0.030250
0.11327 -0.03244
0.10367 -0.03424
0.09474 -0.03558
0.08636 -0.03645
0.07839 -0.03686
0.07076 -0.0368
0.06341 -0.036290
0.05631 -0.03534
0.04948 -0.03396
0.04292 -0.03218
0.03668 -0.03005
0.03086 -0.02763
0.02555 -0.02504
0.02087 -0.022420
0.016840 -0.01988
0.01346 -0.01748
0.010650 -0.01523
0.00833 -0.01312
0.006410 -0.011150
0.00482 -0.0093
0.00351 -0.00757
0.00243 -0.00594
0.00156 -0.004400
0.00088 -0.00294
0.00037 -0.001550
0.000086 -0.00022
-0.00012 0.00108000
0.000005 0.00239
0.00056 0.00360
0.00157 0.00456
0.00289 0.00529
0.00445 0.00587
0.00624 0.006370
0.00832 0.00685
0.01076 0.00731
0.01367 0.00778
0.01724 0.00827
0.02169 0.00879
0.02735 0.00935
0.03449 0.00994
0.04307 0.01052
0.05273 0.01098
0.063130 0.01125
0.074190 0.01133
0.08582 0.01131
0.097810 0.01123
0.10998 0.01113
0.12212 0.01104
0.13411 0.011
0.145920 0.01102
0.15753 0.01114
0.16893 0.011370
0.180150 0.01176
0.1912 0.01231
0.20209 0.01304
0.21285 0.01397
0.2234800 0.01511
0.234 0.01647
0.24442 0.01806
0.25476 0.01988
0.265010 0.02193
0.27518 0.02422
0.28523 0.02675
0.29514 0.02949
0.30481 0.03243
0.3141 0.03552
0.3228 0.03868
0.33067 0.04183
0.33755 0.04489
0.34341 0.04783
0.34831 0.05064
0.3524 0.05333
0.35653 0.05647
-Inserting Flap s1223rtl-
0.52613 0.13625
0.52536 0.13497
0.52424 0.13312
0.52286 0.13122
0.5211 0.12928
0.51889 0.12719
0.51618 0.12486
0.51294 0.12228
0.509210 0.11948
0.5051 0.11653
0.50071 0.11352
0.49615 0.11049
0.4915 0.1075
0.48679 0.10458
0.48205 0.10174
0.477280 0.09899
0.47245 0.09632
0.46756 0.093720
0.46257 0.091170
0.45746 0.08865
0.45223 0.08615
0.44688 0.08363
0.44144 0.081110
0.43597 0.0786
0.43053 0.076120
0.4252 0.07372
0.42007 0.07146
0.41522 0.0694
0.41068 0.0676
0.40642 0.06609
0.40239 0.06486
0.39852 0.06391
0.39477 0.06321
0.39111 0.06276
0.38754 0.06255
0.38405 0.06257
0.38066 0.06282
0.3774 0.06327
0.37431 0.0639
0.37146 0.06466
0.36891 0.06550
0.36669 0.06637
0.3648 0.06722
0.36321 0.06806
0.361870 0.06887
0.36074 0.06966
0.35978 0.07041
0.35897 0.07114
0.35829 0.07183
0.35771 0.0725
0.357240 0.07316
0.35686 0.07379
0.35656 0.074410
0.35636 0.07504
0.35630 0.07569
0.35646 0.07633
0.35686 0.0769
0.357440 0.07739
0.35815 0.07782
0.35898 0.07824
0.359960 0.07867
0.36111 0.07913
0.3625 0.07964
0.3642 0.08022
0.36633 0.0809
0.36906 0.08171
0.37251 0.08269
0.37666 0.08379
0.381360 0.08494
0.38644 0.08606
0.391860 0.08716
0.39757 0.088250
0.40346 0.08936
0.40944 0.09047
0.41541 0.09159
0.4213 0.09271
0.42709 0.09385
0.43278 0.09501
0.43836 0.09622
0.44383 0.09748
0.44920 0.0988
0.45447 0.1002
0.45966 0.10168
0.46477 0.10325
0.4698 0.10493
0.47477 0.1067
0.47967 0.10858
0.48451 0.11057
0.48928 0.11266
0.49397 0.11486
0.49857 0.11715
0.503040 0.11951
0.5073 0.12191
0.511270 0.1243
0.51484 0.12659
0.51792 0.12875
0.52051 0.13075
0.52265 0.1326
0.52440 0.13431
0.52613 0.13625
-Inserting Flap s1223rtl-
0.66314 0.26323
0.66273 0.2618
0.66213 0.25972
0.66128 0.25753
0.66009 0.25521
0.6585 0.25261
0.65648 0.24966
0.65402 0.24633
0.65115 0.24266
0.647930 0.23875
0.644470 0.2347
0.64086 0.2306
0.63713 0.22651
0.63335 0.22246
0.6295 0.218500
0.62560 0.2146
0.62163 0.21077
0.61758 0.20699
0.61342 0.203240
0.60914 0.19949
0.604730 0.19571
0.60021 0.1919
0.59561 0.18806
0.59098 0.18421
0.586360 0.18041
0.58184 0.17671
0.57747 0.1732
0.57331 0.16996
0.56939 0.16705
0.56567 0.16449
0.5621 0.16226
0.55861 0.16033
0.55516 0.15868
0.55175 0.1573
0.54835 0.15617
0.54498 0.15529
0.54164 0.15465
0.53837 0.15425
0.53522 0.15406
0.53227 0.15406
0.52959 0.15421
0.52723 0.15447
0.52518 0.1548
0.52342 0.1552
0.52192 0.15564
0.520620 0.1561
0.5195 0.15659
0.51853 0.15708
0.517690 0.15757
0.51697 0.158070
0.51634 0.15858
0.5158 0.15909
0.51536 0.15962
0.51501 0.160170
0.51478 0.16078
0.514760 0.16145
0.515 0.1621
0.51544 0.16272
0.51601 0.16332
0.51671 0.163940
0.51754 0.16461
0.51853 0.16535
0.51974 0.1662
0.52123 0.1672
0.52312 0.16841
0.525540 0.16991
0.52862 0.17174
0.532350 0.17388
0.536590 0.1762
0.5412 0.1786
0.54616 0.18106
0.55139 0.1836
0.556790 0.18619
0.56228 0.18882
0.56776 0.19144
0.57316 0.19405
0.57846 0.19664
0.58365 0.19924
0.58872 0.20185
0.593680 0.20448
0.59853 0.20715
0.60326 0.20987
0.60789 0.21264
0.612420 0.21548
0.61685 0.2184
0.62118 0.2214
0.62543 0.22448
0.62959 0.22765
0.63365 0.23091
0.63762 0.23425
0.64147 0.23765
0.64517 0.24109
0.64867 0.24452
0.65189 0.24785
0.65473 0.25099
0.657150 0.25387
0.65914 0.25647
0.660730 0.25881
0.66198 0.26092
0.66314 0.26323
*.*.Setup: s1223rtl.txt as Flap 1, Inverted: y, Scale = 1.0, AoA = 9.0, Reposition from (0,0) = (0, 0)*.*.
*.*.Setup: s1223rtl.txt as Flap 2, Inverted: y, Scale = 0.5, AoA = 20.0, Reposition from previous T.E. = (0.0, 0.05), Reposition from (0,0) = (0.9877, 0.2064)*.*.
*.*.Setup: s1223rtl.txt as Flap 3, Inverted: y, Scale = 0.5, AoA = 35.0, Reposition from previous T.E. = (-0.03, 0.065), Reposition from (0,0) = (1.4275, 0.4424)*.*.
*.*.Setup: Scale Ratio = 0.36097*.*.