0.35618 0.03744
0.354080 0.03535
0.35104 0.03231
0.34747 0.02933
0.34315 0.02645
0.33790 0.023480
0.33156 0.02029
0.32408 0.01687
0.315560 0.01327
0.306220 0.00958
0.29633 0.00588
0.2861 0.00224
0.27570 -0.001280
0.26524 -0.00465
0.25476 -0.00784
0.24424 -0.010850
0.23367 -0.01367
0.22299 -0.01633
0.2121600 -0.01884
0.20112 -0.02124
0.18985 -0.02355
0.17834 -0.02582
0.16666 -0.02806
0.15491 -0.030280
0.14325 -0.03244
0.13185 -0.0345
0.12088 -0.03639
0.11054 -0.03802
0.10094 -0.0393
0.09202 -0.04017
0.08367 -0.0406
0.07575 -0.04059
0.0682 -0.04013
0.06094 -0.03925
0.05396 -0.03794
0.04726 -0.03622
0.040850 -0.03411
0.03478 -0.03167
0.02914 -0.02898
0.02402 -0.02614
0.01951 -0.02330
0.01566 -0.02057
0.01243 -0.01802
0.00976 -0.01564
0.00757 -0.01343
0.005770 -0.01138
0.00429 -0.009470
0.00308 -0.00768
0.0021 -0.00601
0.00132 -0.004440
0.00072 -0.00296
0.00029 -0.00155
0.000055 -0.00022
-6e-05 0.00108
0.00013 0.00237
0.00074 0.00353
0.00179 0.00444
0.003140 0.00509
0.00471 0.005580
0.00651 0.00599
0.0086 0.00635
0.01104 0.00668
0.01395 0.007
0.01751 0.0073
0.02195 0.007580
0.02759 0.00784
0.03469 0.00806
0.04322 0.008190
0.05281 0.00815
0.06313 0.00787
0.0741 0.00738
0.08561 0.00675
0.09749 0.00605
0.10955 0.00532
0.12157 0.0046
0.133450 0.00393
0.14515 0.00334
0.156650 0.00285
0.16797 0.0025
0.1791 0.0023
0.190080 0.00227
0.20091 0.00243
0.21161 0.00279
0.2222 0.00337
0.2327 0.00417
0.24311 0.0052
0.25345 0.00647
0.26371 0.00797
0.2739 0.00971
0.284 0.01169
0.29395 0.013890
0.30369 0.0163
0.31305 0.01888
0.32184 0.02156
0.3298 0.02427
0.336770 0.02695
0.34273 0.02956
0.34773 0.03209
0.35192 0.034540
0.35618 0.03744
-Inserting Flap s1223rtl-
0.51847 0.13102
0.51782 0.12969
0.51687 0.12776
0.51567 0.12577
0.5141 0.1237
0.5121 0.12145
0.50962 0.11891
0.50664 0.11607
0.5032 0.11298
0.49939 0.10972
0.49531 0.10636
0.49107 0.10297
0.48673 0.09962
0.482330 0.09632
0.47789 0.09311
0.47341 0.08997
0.468870 0.08692
0.46426 0.083920
0.45954 0.08097
0.45471 0.07804
0.44976 0.075110
0.44469 0.07217
0.43953 0.06921
0.43434 0.06625
0.42918 0.06332
0.42412 0.060490
0.41925 0.05782
0.41462 0.05536
0.41029 0.05319
0.40622 0.05133
0.40234 0.04977
0.3986 0.04849
0.39495 0.04747
0.39137 0.046710
0.38786 0.04619
0.38441 0.0459100
0.381040 0.04586
0.37778 0.04603
0.37467 0.04639
0.37178 0.046890
0.36919 0.0475
0.36693 0.04816
0.364990 0.04885
0.36334 0.04954
0.361940 0.050230
0.36076 0.0509
0.35975 0.05157
0.35888 0.05221
0.35815 0.05284
0.35752 0.05346
0.357 0.05406
0.35656 0.05465
0.35622 0.05524
0.35597 0.05584
0.35585 0.05648
0.35595 0.057130
0.3563 0.05773
0.35683 0.05826
0.3574900 0.05875
0.35828 0.05924
0.35921 0.059740
0.36031 0.0603
0.36163 0.06092
0.36326 0.061640
0.36532 0.0625
0.36794 0.06354
0.37126 0.0648
0.37528 0.06625
0.37982 0.06779
0.38474 0.069340
0.39 0.07089
0.39555 0.07247
0.40128 0.07407
0.40710 0.075690
0.4129 0.07731
0.41862 0.07892
0.42425 0.08055
0.42977 0.08219
0.43518 0.08387
0.44048 0.08558
0.44567 0.08736
0.45076 0.08919
0.455760 0.09111
0.46068 0.09311
0.4655100 0.0951900
0.47026 0.09738
0.47494 0.09966
0.47955 0.10204
0.48408 0.10452
0.48853 0.1071
0.492880 0.10976
0.49709 0.11248
0.5011 0.11523
0.50482 0.11793
0.50814 0.1205
0.511 0.1229
0.51339 0.12511
0.51535 0.12712
0.51693 0.128960
0.51847 0.13102
-Inserting Flap s1223rtl-
0.6594 0.27872
0.65916 0.277260
0.6588 0.27514
0.65822 0.27288
0.65731 0.27045
0.65604 0.26772
0.6544 0.26457
0.65236 0.26101
0.64995 0.25706
0.64723 0.25284
0.64429 0.248450
0.64119 0.243990
0.638 0.23953
0.63473 0.23511
0.6314 0.23076
0.62801 0.22647
0.624530 0.22224
0.62097 0.21805
0.6173 0.21387
0.61352 0.209680
0.60961 0.20545
0.6056 0.20117
0.60151 0.19686
0.59738 0.19253
0.59328 0.188250
0.58925 0.184090
0.58534 0.18013
0.58162 0.17645
0.57809 0.17313
0.57472 0.17018
0.57145 0.16757
0.56823 0.16527
0.56503 0.163250
0.56183 0.161490
0.55861 0.15999
0.55538 0.15874
0.55217 0.15772
0.54899 0.15695
0.54591 0.1564
0.54301 0.15606
0.54035 0.15589
0.53799 0.15588
0.53593 0.155980
0.53416 0.15616
0.53262 0.15642
0.53129 0.156730
0.53013 0.15708
0.52912 0.15745
0.52824 0.15784
0.527460 0.158250
0.5267800 0.15868
0.5262 0.15912
0.5257 0.159590
0.52529 0.160090
0.52499 0.16067
0.5249 0.16132
0.52506 0.162
0.52542 0.16265
0.52591 0.16331
0.52653 0.164
0.52727 0.164760
0.52816 0.1656
0.52926 0.16658
0.53061 0.16774
0.53233 0.16915
0.534550 0.1709
0.53737 0.17306
0.5408 0.1756
0.54471 0.17838
0.54898 0.18127
0.55358 0.184270
0.55844 0.18737
0.56347 0.19055
0.56858 0.19377
0.57367 0.19698
0.57869 0.20017
0.58362 0.203340
0.58843 0.2065
0.59313 0.20965
0.59771 0.21282
0.60218 0.21601
0.60653 0.21923
0.610770 0.2225
0.61491 0.22582
0.61894 0.2292
0.62287 0.23266
0.6267 0.23619
0.6304300 0.23979
0.63406 0.24347
0.637580 0.24721
0.64099 0.251010
0.64424 0.25483
0.64729 0.25861
0.65008 0.26226
0.65252 0.26568
0.65458 0.2688
0.65623 0.27159
0.65753 0.27408
0.65851 0.2763
0.6594 0.27872
*.*.Setup: s1223rtl.txt as Flap 1, Inverted: y, Scale = 1.0, AoA = 6.0, Reposition from (0,0) = (0, 0)*.*.
*.*.Setup: s1223rtl.txt as Flap 2, Inverted: y, Scale = 0.5, AoA = 25.0, Reposition from previous T.E. = (0.0, 0.05), Reposition from (0,0) = (0.9945, 0.1545)*.*.
*.*.Setup: s1223rtl.txt as Flap 3, Inverted: y, Scale = 0.5, AoA = 41.666666666666664, Reposition from previous T.E. = (0.02, 0.08), Reposition from (0,0) = (1.4677, 0.4458)*.*.
*.*.Setup: Scale Ratio = 0.35814*.*.