0.3687200000 -0.01812
0.36794 -0.0189
0.36638 -0.02042
0.36407 -0.02266
0.36113 -0.02546
0.35772 -0.02861
0.354 -0.03192
0.35013 -0.03518
0.34623 -0.03823
0.342330 -0.04106
0.33843 -0.04371
0.33453 -0.0462
0.33063 -0.04857
0.32673 -0.05084
0.32283 -0.05302
0.31893 -0.05513
0.31503 -0.05715
0.31113 -0.0591
0.30722 -0.06098
0.30332 -0.0628
0.29942 -0.06455
0.29552 -0.06624
0.29162 -0.06787
0.28772 -0.06945
0.28382 -0.070980
0.27992 -0.07244
0.276020 -0.07384
0.27212 -0.07517
0.26822 -0.07644
0.26432 -0.07765
0.26042 -0.07881
0.25652 -0.07993
0.252620 -0.08102
0.24872 -0.08208
0.24482 -0.083110
0.24092 -0.0841
0.23702 -0.08505
0.23312 -0.08596
0.229220 -0.08682
0.22532 -0.087620
0.22142 -0.08838
0.21751 -0.08909
0.21361 -0.08975
0.20971 -0.09037
0.20581 -0.09095
0.20191 -0.09149
0.19801 -0.09199
0.19411 -0.09245
0.19021 -0.09288
0.18631 -0.09327
0.18241 -0.09362
0.17851 -0.09393
0.17461 -0.09419
0.17071 -0.0944
0.16681 -0.09457
0.16291 -0.09469
0.15901 -0.09477
0.15511 -0.09479
0.15121 -0.09477
0.14731 -0.09471
0.14341 -0.09459
0.139510 -0.09442
0.13561 -0.09421
0.1317 -0.09394
0.1278 -0.09362
0.1239 -0.09326
0.12 -0.09285
0.11610 -0.09241
0.1122 -0.09193
0.1083 -0.09141
0.1044 -0.09083
0.1005 -0.090190
0.0966 -0.089460
0.09270 -0.08864
0.0888 -0.08774
0.0849 -0.08674
0.081 -0.08566
0.0771 -0.08449
0.0732 -0.08322
0.0693 -0.08186
0.0654 -0.08038
0.0615 -0.07876
0.0576 -0.0769900
0.0537 -0.07506
0.0498 -0.0729700
0.0459 -0.070720
0.04199 -0.06833
0.03809 -0.06578
0.03419 -0.06308
0.03029 -0.06016
0.026390 -0.05694
0.02249 -0.053350
0.01859 -0.0493
0.01472 -0.04477
0.011 -0.03988
0.00759 -0.03481
0.00465 -0.02973
0.00234 -0.02482
0.00078 -0.02025
0.000000 -0.01254
0.00078 -0.00962
0.00234 -0.00746
0.00465 -0.00613
0.00759 -0.00551
0.011 -0.00548
0.01472 -0.00589
0.01859 -0.00659
0.02249 -0.00747
0.026390 -0.0085
0.03029 -0.00966
0.03419 -0.01096
0.03809 -0.01237
0.04199 -0.0139
0.0459 -0.01553
0.0498 -0.01725
0.0537 -0.01903
0.0576 -0.02088
0.0615 -0.02276
0.0654 -0.02468
0.0693 -0.02661
0.0732 -0.02855
0.0771 -0.03049
0.081 -0.03242
0.0849 -0.03432
0.0888 -0.0362
0.09270 -0.03806
0.0966 -0.03988
0.1005 -0.04167
0.1044 -0.04342
0.1083 -0.04513
0.1122 -0.0468
0.11610 -0.04843
0.12 -0.05002
0.1239 -0.051560
0.1278 -0.05306
0.1317 -0.05451
0.13561 -0.055910
0.139510 -0.0572600
0.14341 -0.05857
0.14731 -0.05982
0.15121 -0.06102
0.15511 -0.06216
0.15901 -0.06326
0.16291 -0.06429
0.16681 -0.06527
0.17071 -0.06619
0.17461 -0.06705
0.17851 -0.06784
0.18241 -0.06858
0.18631 -0.069260
0.19021 -0.06990
0.19411 -0.07049
0.19801 -0.07103
0.20191 -0.071530
0.20581 -0.07197
0.20971 -0.07235
0.21361 -0.07266
0.21751 -0.0729
0.22142 -0.07307
0.22532 -0.07316
0.229220 -0.07318
0.23312 -0.07313
0.23702 -0.07302
0.24092 -0.07283
0.24482 -0.072570
0.24872 -0.07223
0.252620 -0.07182
0.25652 -0.07133
0.26042 -0.07075
0.26432 -0.0701
0.26822 -0.06936
0.27212 -0.06853
0.276020 -0.06762
0.27992 -0.06661
0.28382 -0.06551
0.28772 -0.06431
0.29162 -0.06301
0.29552 -0.0616
0.29942 -0.0601
0.30332 -0.0585
0.30722 -0.05681
0.31113 -0.05503
0.31503 -0.05318
0.31893 -0.051240
0.32283 -0.04924
0.32673 -0.04715
0.33063 -0.045
0.33453 -0.04277
0.33843 -0.04044
0.342330 -0.03801
0.34623 -0.03544
0.35013 -0.032720
0.354 -0.02985
0.35772 -0.02698
0.36113 -0.02427
0.36407 -0.02187
0.36638 -0.019960
0.36794 -0.01867
0.3687200000 -0.01812
-Inserting Flap Ga2-
0.48104 0.09066
0.48098 0.09023
0.48085 0.08937
0.48065 0.08809
0.48038 0.086490
0.480050 0.08466
0.47966 0.08271
0.47921 0.08074
0.47870 0.078830
0.47813 0.07698
0.47752 0.0752
0.47688 0.07346
0.4762 0.07177
0.4755 0.0701
0.47478 0.06847
0.47404 0.06686
0.47328 0.06527
0.47251 0.063710
0.47171 0.06217
0.4709 0.06065
0.47008 0.05915
0.46924 0.05767
0.46839 0.05621
0.46752 0.05477
0.46664 0.05334
0.46575 0.05194
0.46484 0.05055
0.46392 0.04918
0.46297 0.04784
0.46202 0.04651
0.461050 0.0452
0.46008 0.04391
0.45909 0.04262
0.4581 0.04135
0.4571 0.04008
0.4561 0.03882
0.455080 0.03758
0.45405 0.03635
0.45301 0.03514
0.45196 0.03394
0.4509 0.03276
0.44982 0.03159
0.44873 0.03044
0.44764 0.02931
0.44653 0.028180
0.44542 0.02707
0.44429 0.02597
0.44316 0.02488
0.44201 0.02381
0.44086 0.02275
0.4397 0.02170
0.43853 0.02066
0.43734 0.01964
0.43615 0.01863
0.43494 0.017640
0.43373 0.01666
0.4325 0.0157
0.43126 0.01475
0.43001 0.01382
0.42875 0.01290
0.42747 0.012
0.42619 0.01111
0.42489 0.01024
0.42358 0.00939
0.42225 0.008550
0.42092 0.00773
0.41958 0.00692
0.41822 0.00612
0.41686 0.00533
0.41549 0.004560
0.41411 0.00381
0.4127 0.003080
0.41128 0.00237
0.409840 0.00169
0.408380 0.001040
0.40689 0.00042
0.40539 -0.00017
0.40386 -0.00074
0.40231 -0.00127
0.40073 -0.00178
0.39913 -0.00224
0.39749 -0.00266
0.39582 -0.00304
0.39411 -0.00336
0.39236 -0.00363
0.390580 -0.003850
0.38875 -0.004030
0.38689 -0.00415
0.385 -0.00423
0.38305 -0.00423
0.38103 -0.00415
0.37892 -0.00394
0.37670 -0.00358
0.37437 -0.00307
0.372 -0.0024
0.36969 -0.0016
0.36753 -0.00069
0.36561 0.00033
0.36401 0.001410
0.36191 0.00369
0.361450 0.00481
0.36143 0.00587
0.36185 0.00686
0.36264 0.00776
0.36372 0.00859
0.36501 0.00935
0.36642 0.01006
0.36787 0.01072
0.36937 0.011330
0.37089 0.0119
0.37245 0.01242
0.37404 0.01291
0.37565 0.01336
0.37729 0.01378
0.37895 0.01417
0.38062 0.01454
0.38231 0.01489
0.38401 0.01522
0.38572 0.01555
0.38743 0.01587
0.38915 0.01619
0.39086 0.016510
0.39257 0.01684
0.39427 0.01717
0.39597 0.01750
0.39766 0.017850
0.39935 0.01821
0.401030 0.01857
0.40269 0.01895
0.404350 0.01935
0.406 0.01975
0.40764 0.02017
0.40927 0.02060
0.41088 0.02105
0.41249 0.02151
0.41408 0.02198
0.41567 0.02248
0.41724 0.02298
0.4188 0.0235
0.42035 0.02404
0.42188 0.0246
0.4234 0.02517
0.42491 0.02576
0.42641 0.02637
0.42789 0.027
0.42936 0.02764
0.43081 0.028310
0.43225 0.02899
0.43367 0.02969
0.435080 0.03042
0.43648 0.03115
0.43787 0.0319
0.43924 0.03267
0.44061 0.03345
0.44196 0.03425
0.4433 0.03506
0.44462 0.0359
0.44592 0.03676
0.44721 0.03765
0.44848 0.03856
0.4497300 0.03949
0.45096 0.04045
0.45218 0.04142
0.45338 0.042420
0.45457 0.04344
0.45573 0.044490
0.45688 0.04556
0.45801 0.04666
0.45911 0.04778
0.4602 0.04893
0.46127 0.0501
0.46232 0.05131
0.46334 0.05254
0.464350 0.0538
0.46533 0.05509
0.46628 0.05641
0.46722 0.05776
0.468130 0.05915
0.46901 0.06057
0.46987 0.062020
0.47071 0.0635
0.47153 0.06501
0.47233 0.06654
0.47311 0.0681
0.473870 0.06968
0.474620 0.07128
0.47534 0.07291
0.47605 0.07456
0.47674 0.07624
0.4774 0.07796
0.47802 0.0797200
0.47862 0.08153
0.47916 0.08337
0.47966 0.08519
0.4801 0.08687
0.48046 0.08835
0.480740 0.08951
0.4809200 0.0903
0.48104 0.09066
-Inserting Flap Ga2-
0.6052 0.21564
0.60521 0.2152
0.605190 0.21433
0.60517 0.21304
0.60513 0.21142
0.60506 0.20956
0.60495 0.20757
0.60477 0.20556
0.60453 0.20359
0.60423 0.20169
0.60387 0.19984
0.60348 0.19803
0.60304 0.19625
0.60258 0.194510
0.6021 0.19279
0.60159 0.19109
0.60106 0.18941
0.60051 0.18776
0.59993 0.186120
0.59934 0.18451
0.59874 0.18291
0.59811 0.181330
0.59747 0.17976
0.59681 0.17821
0.59614 0.17668
0.59545 0.17516
0.594740 0.17366
0.59402 0.17218
0.59327 0.17072
0.59251 0.16927
0.59174 0.16784
0.59095 0.16642
0.59016 0.16501
0.58935 0.16361
0.58854 0.16221
0.58772 0.16083
0.58689 0.15946
0.58604 0.15810
0.58518 0.15675
0.5843 0.15542
0.58341 0.15410
0.58251 0.1528
0.58159 0.15151
0.580670 0.15023
0.57973 0.14896
0.57878 0.14771
0.57781 0.14646
0.57684 0.145230
0.57586 0.1440
0.57487 0.142790
0.57386 0.14159000
0.5728500 0.1404
0.57182 0.139220
0.57077 0.13806
0.56972 0.13691
0.568650 0.13577
0.56757 0.13465
0.56647 0.13353
0.56536 0.13244
0.56424 0.13135
0.56311 0.13028
0.56195 0.12923
0.56079 0.12818
0.55961 0.12716
0.55842 0.12614
0.55721 0.12514
0.55599 0.12415
0.55477 0.12318
0.55353 0.12221
0.55228 0.12125
0.55101 0.12031
0.54972 0.11939
0.54842 0.1185
0.54708 0.11762
0.54572 0.11678
0.54434 0.11595
0.54293 0.11516
0.54149 0.11439
0.54003 0.11364
0.53854 0.11292
0.53702 0.1122400
0.53546 0.111590
0.53386 0.11099
0.53221 0.11043
0.53051 0.10992
0.52877 0.10945
0.52699 0.109030
0.5251700 0.10864
0.5233 0.1083
0.52137 0.10803
0.51936 0.10783
0.51724 0.10775
0.51499 0.10779
0.51261 0.10798
0.51018 0.10831
0.50778 0.10878
0.50552 0.10938
0.50347 0.11012
0.50174 0.11097
0.49934 0.112930
0.49873 0.11397
0.49856 0.11503
0.49884 0.11606
0.49950 0.11706
0.50045 0.11804
0.50162 0.11897
0.50291 0.11987
0.50426 0.12072
0.505660 0.12154
0.50709 0.12231
0.508560 0.12305
0.51006 0.12375
0.5116 0.12442
0.51316 0.12506
0.51475 0.12568
0.51636 0.12628
0.51798 0.12686
0.519620 0.12743
0.52127 0.12799
0.52292 0.12855
0.52457 0.1291
0.52622 0.12966
0.52787 0.13022
0.52951 0.13078
0.53115 0.13135
0.53277 0.13193
0.534390 0.13252
0.536 0.13312
0.5376 0.13372
0.53919 0.13434
0.54076 0.13497
0.54233 0.13562
0.543880 0.13627
0.54542 0.13694
0.54695 0.13762
0.54846 0.13831
0.54996 0.13902
0.55144 0.13974
0.55292 0.140470
0.5543700 0.14122
0.55582 0.14198
0.55724 0.14276
0.55866 0.14356
0.5600500 0.14437
0.56143 0.14519
0.56279 0.14604
0.56414 0.1469
0.56547 0.14778
0.56678 0.14867
0.56808 0.14958
0.56936 0.15050
0.57063 0.15144
0.57189 0.15239
0.57313 0.15335
0.57436 0.15433
0.57557 0.15533
0.57676 0.15634
0.57793 0.15738
0.57908 0.15843
0.58021 0.15951
0.58132 0.16061
0.58241 0.161730
0.583480 0.16286
0.58453 0.16402
0.585560 0.165190
0.58657 0.166390
0.58755 0.16761
0.58852 0.16886
0.58946 0.17012
0.59038 0.17141
0.59127 0.17272
0.59214 0.17406
0.59298 0.17542
0.5938 0.17681
0.5946 0.17822
0.59536 0.17967
0.59609 0.18114
0.5968 0.18264
0.59748 0.18417
0.59813 0.18572
0.59875 0.1873
0.59935 0.18891
0.59993 0.19054
0.60049 0.19219
0.60103 0.19386
0.60154 0.19555
0.60203 0.19726
0.6025 0.199
0.60295 0.20076
0.60336 0.20255
0.60374 0.20438
0.60407 0.20625
0.60436 0.20816
0.6046 0.21002
0.6048 0.21175
0.60495 0.21326
0.60506 0.21446
0.60514 0.21526
0.6052 0.21564
*.*.Setup: Ga2.txt as Flap 1, Inverted: y, Scale = 1.0, AoA = 0.0, Reposition from (0,0) = (0, 0)*.*.
*.*.Setup: Ga2.txt as Flap 2, Inverted: y, Scale = 0.4, AoA = 37.0, Reposition from previous T.E. = (-0.0267, 0.07), Reposition from (0,0) = (0.9733, 0.0209)*.*.
*.*.Setup: Ga2.txt as Flap 3, Inverted: y, Scale = 0.4, AoA = 45.0, Reposition from previous T.E. = (0.04, 0.07), Reposition from (0,0) = (1.3446, 0.3159)*.*.
*.*.Setup: Scale Ratio = 0.36872*.*.