0.35228 0.05579
0.3503 0.053610
0.34743 0.05043
0.34404 0.04728
0.33989 0.04419
0.33483 0.04096
0.32869 0.03746
0.32143 0.03367
0.31314 0.029650
0.30405 0.02549
0.2944 0.02129
0.28442 0.01714
0.27426 0.01309
0.26403 0.0092
0.25377 0.00548
0.24347 0.00194
0.2331 -0.00142
0.22262 -0.00462
0.21198 -0.00768
0.20113 -0.01064
0.19003 -0.01353
0.17871 -0.01638
0.16721 -0.01922
0.15564 -0.02204
0.14416 -0.0248
0.13292 -0.02744
0.12212 -0.029890
0.11192 -0.03205
0.10243 -0.03383
0.09361 -0.03516
0.08533 -0.03602
0.07745 -0.03642
0.06991 -0.03636
0.06265 -0.035860
0.05564 -0.03492
0.04889 -0.03356
0.0424 -0.0318
0.03624 -0.02969
0.03049 -0.0273
0.02525 -0.02474
0.02062 -0.022160
0.016640 -0.01965
0.0133 -0.01727
0.010530 -0.01505
0.00823 -0.01296
0.006330 -0.011010
0.00476 -0.00919
0.00347 -0.00748
0.0024 -0.00587
0.00154 -0.0043500
0.00087 -0.00291
0.00036 -0.001530
0.000086 -0.00021
-0.00012 0.00107000
0.000005 0.00236
0.00055 0.003550
0.00155 0.0045
0.00286 0.00522
0.00439 0.0058
0.00617 0.00630
0.00822 0.00676
0.01063 0.00722
0.01351 0.00769
0.01703 0.00817
0.02143 0.00868
0.02703 0.00924
0.03408 0.00983
0.04256 0.0104
0.0521 0.01085
0.062380 0.01112
0.073310 0.0112
0.08479 0.01117
0.096650 0.01109
0.10867 0.011
0.12066 0.01091
0.13251 0.01087
0.144180 0.01089
0.15565 0.011
0.16692 0.011240
0.178010 0.01162
0.18892 0.01216
0.19968 0.01289
0.21031 0.01381
0.2208100 0.01493
0.23121 0.01628
0.24151 0.01784
0.25172 0.01964
0.261850 0.02167
0.2719 0.02393
0.28183 0.02643
0.29162 0.02914
0.30118 0.03204
0.31036 0.03509
0.31895 0.03822
0.32673 0.04133
0.33353 0.04435
0.33931 0.04726
0.34416 0.05004
0.3482 0.05269
0.35228 0.05579
-Inserting Flap s1223rtl-
0.50672 0.16279
0.50619 0.161420
0.50542 0.15942
0.5044 0.15735
0.50302 0.155160
0.50123 0.15274
0.49899 0.150010
0.49628 0.14694
0.49314 0.14358
0.48963 0.14
0.48588 0.13632
0.48197 0.13259
0.47795 0.12888
0.47388 0.12523
0.46975 0.12166
0.46558 0.118160
0.46134 0.11473
0.45702 0.11136
0.4526 0.10803
0.44807 0.1047
0.44341 0.1013600
0.43863 0.098
0.43377 0.09462
0.42888 0.09123
0.42401 0.08788
0.419240 0.08464
0.41464 0.08156
0.41026 0.07872
0.40615 0.07619
0.40227 0.07399
0.39856 0.0721
0.39496 0.07051
0.39143 0.06918
0.38795 0.06812
0.38451 0.0673
0.38111 0.06672
0.37777 0.06638
0.37451 0.066270
0.3714 0.06635
0.36849 0.0666
0.36587 0.06698
0.36356 0.06744
0.36158 0.06795
0.35988 0.06849
0.35844 0.06905
0.3572 0.0696200
0.35614 0.07019
0.35523 0.07076
0.35445 0.07132
0.35378 0.07187
0.3532 0.07243
0.35272 0.07298
0.35233 0.07353
0.35203 0.07411
0.35185 0.07473
0.3519 0.07539
0.35219 0.07601
0.35267 0.07658
0.35329 0.07712
0.35402 0.07767
0.3549 0.07826
0.35594 0.0789
0.3572 0.07964
0.35876 0.08049
0.36072 0.08152
0.36324 0.08278
0.36642 0.08432
0.37028 0.08611
0.37465 0.08803
0.3794 0.08999
0.38449 0.09199
0.38985 0.09404
0.3954 0.09612
0.40103 0.09823
0.40664 0.10034
0.41218 0.10244
0.41763 0.10454
0.42296 0.10665
0.42818 0.10878000
0.43328 0.11095
0.43828 0.11316
0.44318 0.11542
0.44797 0.11776
0.45267 0.12016
0.45728 0.12265
0.46181 0.12523
0.46626 0.127900
0.47062 0.13066
0.47491 0.13352
0.4791 0.13646
0.483180 0.13948
0.48712 0.14255
0.490860 0.14562
0.494310 0.14862
0.49738 0.15147
0.50002 0.15409
0.50219 0.15649
0.503960 0.15865
0.505370 0.16062
0.50672 0.16279
-Inserting Flap s1223rtl-
0.64707 0.29918
0.64683 0.29773
0.64648 0.29562
0.6459 0.29338
0.64499 0.29096
0.64373 0.28823
0.64209 0.2851
0.64006 0.28155
0.63766 0.27762
0.63495 0.27341
0.632020 0.26904
0.62894 0.2646
0.62576 0.26016
0.6225 0.25576
0.61919 0.25142
0.61581 0.24715
0.61235 0.24294
0.6088 0.23877
0.60515 0.23460
0.60138 0.23043
0.59749 0.22622
0.59349 0.22196
0.58942 0.21766
0.58531 0.21336
0.58122 0.20909
0.57721 0.20495
0.57332 0.2010
0.56961 0.19734
0.56609 0.19403
0.56274 0.19109
0.55949 0.1885
0.55628 0.1862
0.55309 0.18419
0.54990 0.18244
0.54669 0.18095
0.54348 0.1797
0.54028 0.17869
0.53712 0.17791
0.53405 0.177370
0.531150 0.17703
0.52851 0.17687
0.52616 0.17685
0.52411 0.17695
0.52234 0.17714
0.52081 0.17739
0.51949 0.1777
0.51833 0.17804
0.517330 0.17841
0.51645 0.1788
0.51567 0.17921
0.515 0.179640
0.51442 0.18008
0.51392 0.18055
0.51351 0.18105
0.51321 0.181620
0.51312 0.18227
0.51329 0.18294
0.51364 0.1836
0.51413 0.1842500
0.51475 0.18494
0.51548 0.18569
0.516370 0.18654
0.51746 0.18751
0.51881 0.18866
0.52053 0.1900700
0.52273 0.19181
0.52554 0.19396
0.528960 0.196490
0.53285 0.19926
0.53711 0.202140
0.54168 0.20512
0.54652 0.20821
0.55154 0.21138
0.55662 0.214580
0.56169 0.21779
0.56669 0.22096
0.5716 0.22412
0.57639 0.22726
0.58108 0.23041
0.58564 0.23356
0.59009 0.23673
0.59442 0.23994
0.59865 0.2432
0.602760 0.24651
0.60678 0.24988
0.61069 0.25332
0.6145 0.256830
0.61822 0.26042
0.62184 0.26408
0.62535 0.26781
0.62873 0.27159
0.63197 0.27539
0.63501 0.27916
0.63779 0.28279
0.64022 0.2862
0.64227 0.28931
0.64392 0.29209
0.64521 0.29457
0.64619 0.29678
0.64707 0.29918
*.*.Setup: s1223rtl.txt as Flap 1, Inverted: y, Scale = 1.0, AoA = 9.0, Reposition from (0,0) = (0, 0)*.*.
*.*.Setup: s1223rtl.txt as Flap 2, Inverted: y, Scale = 0.5, AoA = 30.0, Reposition from previous T.E. = (0.0, 0.05), Reposition from (0,0) = (0.9877, 0.2064)*.*.
*.*.Setup: s1223rtl.txt as Flap 3, Inverted: y, Scale = 0.5, AoA = 41.666666666666664, Reposition from previous T.E. = (0.02, 0.05), Reposition from (0,0) = (1.4407, 0.5064)*.*.
*.*.Setup: Scale Ratio = 0.35667*.*.