0.37805 -0.03183
0.37722 -0.032610
0.37556 -0.03412
0.373110 -0.03633
0.36999 -0.0391
0.366380 -0.04222
0.36244 -0.04548
0.35834 -0.04869
0.35423 -0.051680
0.35012 -0.05445
0.34602 -0.05703
0.34192 -0.059450
0.33783 -0.061740
0.33374 -0.06393
0.32966 -0.06604
0.32558 -0.06806
0.3215 -0.07
0.31742 -0.07186
0.31335 -0.07365
0.30928 -0.07538
0.30521 -0.07703
0.30114 -0.07863
0.29708 -0.08017
0.29302 -0.08165
0.28896 -0.08308
0.2849 -0.08444
0.28084 -0.08573
0.27679 -0.08697
0.27274 -0.08813
0.26869 -0.08923
0.26464 -0.09028
0.26059 -0.09129
0.25655 -0.09227
0.2525 -0.09322
0.24846 -0.09414
0.24442 -0.09502
0.24038 -0.09586
0.23634 -0.09665
0.2323 -0.09739
0.22827 -0.09808
0.22424 -0.09871
0.22021 -0.0993
0.21618 -0.09984
0.21215 -0.10034
0.20812 -0.10079
0.2041 -0.101210
0.200070 -0.10158
0.19605 -0.10192
0.19203 -0.10222
0.18801 -0.10248
0.18399 -0.10269
0.17997 -0.10287
0.17596 -0.103
0.17194 -0.103080
0.16793 -0.10311
0.16392 -0.1031
0.15991 -0.10303
0.1559 -0.10292
0.1519 -0.10276
0.1479 -0.10255
0.14389 -0.10229
0.13989 -0.10198
0.1359 -0.10162
0.1319 -0.1012
0.12791 -0.10074
0.12391 -0.10022
0.11992 -0.09967
0.11593 -0.09908
0.11194 -0.0984500
0.10795 -0.09777
0.10397 -0.09703
0.09999 -0.09623
0.09601 -0.09534
0.09203 -0.09437
0.08806 -0.0933
0.08409 -0.09214
0.08012 -0.090880
0.07615 -0.08954
0.07219 -0.0881
0.06824 -0.08656
0.06428 -0.08490
0.06034 -0.08309
0.05639 -0.08114
0.05246 -0.07902
0.048530 -0.07673
0.0446 -0.07428
0.04068 -0.07168
0.03677 -0.06893
0.03286 -0.06602
0.02896 -0.06288
0.02506 -0.059430
0.02119 -0.0556
0.01733 -0.0513
0.01351 -0.04651
0.00987 -0.041350
0.00655 -0.03602
0.00371 -0.0307
0.00151 -0.02558
8e-05 -0.02082
-0.00045 -0.012880
0.00046 -0.00991
0.00214 -0.00775
0.00456 -0.00646
0.0076 -0.00594
0.0111 -0.00602
0.0149 -0.00658
0.01886 -0.00744
0.02283 -0.008480
0.0268 -0.00967
0.03077 -0.01101
0.03473 -0.01248
0.03868 -0.01407
0.04263 -0.01578
0.04658 -0.0176
0.05052 -0.0195
0.05447 -0.021470
0.05841 -0.02351
0.06234 -0.02558
0.06628 -0.02769
0.07022 -0.02982
0.07416 -0.03195
0.07809 -0.034080
0.08203 -0.0362
0.08597 -0.03829
0.0899 -0.04037
0.09384 -0.04241
0.09778 -0.04442
0.10173 -0.0464
0.10567 -0.04834
0.10961 -0.05024
0.11356 -0.05209
0.11751 -0.05391
0.12146 -0.05568
0.12541 -0.0574
0.12936 -0.05908
0.13331 -0.06071
0.13727 -0.06229
0.14123 -0.063820
0.14519 -0.06529
0.14915 -0.06672
0.15311 -0.06809
0.15708 -0.06941
0.16104 -0.07067
0.16501 -0.07187
0.16898 -0.07302
0.17295 -0.0741
0.176930 -0.07512
0.18091 -0.07608
0.18489 -0.07698
0.18887 -0.077820
0.19285 -0.07861
0.19684 -0.07936
0.20082 -0.08006
0.20481 -0.08071
0.2088 -0.0813
0.21279 -0.08183
0.21679 -0.08229
0.22079 -0.08268
0.22479 -0.08299
0.22879 -0.083220
0.23279 -0.08338
0.2368 -0.08347
0.24081 -0.083490
0.24482 -0.0834400
0.248840 -0.08331
0.25286 -0.083110
0.25688 -0.08282
0.2609 -0.08246
0.26493 -0.08201
0.26896 -0.08147
0.27299 -0.08085
0.27703 -0.08014
0.28107 -0.07934
0.28511 -0.07845
0.28915 -0.07746
0.2932 -0.07637
0.29725 -0.07517
0.30131 -0.07387
0.30537 -0.07246
0.3094300 -0.07096
0.3135 -0.06936
0.31757 -0.06768
0.32164 -0.06591
0.32572 -0.06407
0.3298 -0.06215
0.33388 -0.06015
0.337960 -0.05807
0.34205 -0.05592
0.34614 -0.05367
0.35023 -0.05131
0.35433 -0.04881
0.35843 -0.04616
0.36251 -0.04336
0.36643 -0.04054
0.37003 -0.03788
0.37313 -0.03552
0.37558 -0.03364
0.37723 -0.03237
0.37805 -0.03183
-Inserting Flap Ga2-
0.51901 0.05308
0.51887 0.05265
0.51858 0.0518
0.51815 0.05055
0.5176 0.04897
0.51694 0.04718
0.51619 0.04528
0.51538 0.04336
0.51452 0.04151
0.51362 0.03975
0.512690 0.03805
0.51172 0.03641
0.51074 0.03482
0.50973 0.03326
0.50871 0.03173
0.50768 0.03023
0.506630 0.02876
0.505560 0.02732
0.50448 0.0259
0.503390 0.024510
0.50229 0.02314
0.50118 0.021790
0.50006 0.02047
0.49892 0.01916
0.49778 0.017870
0.49662 0.01661
0.49545 0.01537
0.49427 0.01415
0.49308 0.01296
0.49188 0.01179
0.49067 0.010640
0.48945 0.0095
0.48822 0.00837
0.48699 0.00726
0.48575 0.00615
0.48451 0.00506
0.483260 0.00398
0.482 0.00292
0.48073 0.00188
0.47945 0.00086
0.47817 -0.00015
0.47687 -0.00113
0.47557 -0.00211
0.47425 -0.00306
0.47293 -0.004
0.4716 -0.00493000
0.47027 -0.00584
0.46893 -0.00673
0.46758 -0.00762
0.46622 -0.00849
0.46486 -0.00935
0.46349 -0.010190
0.46211 -0.01101
0.46072 -0.01182
0.45932 -0.01261
0.45792 -0.01338
0.4565 -0.01413
0.45508 -0.01487
0.45365 -0.01559
0.4522 -0.0163
0.45075 -0.01698
0.44929 -0.01765
0.44782 -0.0183
0.44635 -0.01892
0.44486 -0.01954
0.44336 -0.02013
0.44186 -0.02071
0.44035 -0.02128
0.43883 -0.02183
0.4373 -0.02237
0.43577 -0.02288
0.43422 -0.02337
0.43265 -0.02384
0.43107 -0.02427
0.42947 -0.02466
0.42786 -0.02502
0.42623 -0.02536
0.42458 -0.02565
0.42292 -0.02592
0.42123 -0.02615
0.419530 -0.026330
0.4178 -0.02647
0.41604 -0.02655
0.41425 -0.02657
0.41243 -0.02653
0.41058 -0.02644
0.40871 -0.02629
0.40681 -0.02608
0.40487 -0.02582
0.4029 -0.02548
0.40087 -0.02503
0.39877 -0.02444
0.39659 -0.02369
0.39432 -0.02275
0.39205 -0.02165
0.38985 -0.02043
0.38783 -0.01912
0.386070 -0.01775
0.38464 -0.01637
0.38292 -0.013690
0.38266 -0.01248
0.38282 -0.01139
0.38342 -0.01047
0.38439 -0.0097
0.38563 -0.009050
0.38707 -0.00851
0.388620 -0.00804
0.39021 -0.00764
0.39183 -0.00728
0.39347 -0.00698
0.39514 -0.00673
0.39684 -0.00652
0.39855 -0.00635
0.40028 -0.00622
0.40203 -0.00612
0.40379 -0.006050
0.40557 -0.005990
0.40735 -0.00596
0.40913 -0.00593
0.41092 -0.0059100
0.41271 -0.0059
0.4145 -0.00588
0.4162900 -0.00585
0.41808 -0.00582
0.41986 -0.00579
0.42163 -0.00574
0.4234 -0.005680
0.42516 -0.0056
0.42692 -0.00552
0.42867 -0.00542
0.43041 -0.0053
0.43214 -0.00517
0.43386 -0.00502
0.43558 -0.00486
0.43729 -0.004680
0.43899 -0.004480
0.44068 -0.00427
0.44236 -0.00404
0.44403 -0.003790
0.44569 -0.00352
0.44735 -0.00323
0.44899 -0.00292
0.45062 -0.002590
0.45224 -0.002240
0.45385 -0.00187
0.45545 -0.00148
0.45704 -0.00107
0.45862 -0.00063
0.46019 -0.000170
0.46174 0.000300
0.46329 0.0008
0.46483 0.001310
0.46636 0.00184
0.46788 0.00239
0.46939 0.00295
0.47089 0.00354
0.47238 0.00415
0.47385 0.00479
0.47531 0.00546
0.47676 0.00616
0.47819 0.00688
0.47961 0.00762
0.48101 0.00839
0.48241 0.00919
0.48379 0.01001
0.48515 0.01086
0.48651 0.01174
0.48784 0.01265
0.48916 0.013590
0.49047 0.01456
0.491760 0.01556
0.49303 0.01659
0.49429 0.01765
0.49553 0.01874
0.49676 0.01988
0.49796 0.02104
0.49915 0.02225
0.50031 0.02349
0.50146 0.02477
0.50259 0.02608
0.50370 0.02743
0.5048 0.02881
0.50588 0.03022
0.50695 0.031650
0.50801 0.03312
0.50905 0.03461
0.51007 0.03612
0.51108 0.037670
0.51208 0.03925
0.51305 0.04087
0.514 0.04254
0.51492 0.04426
0.51581 0.04603
0.51663 0.04778
0.51738 0.04941
0.518 0.05083
0.51849 0.05197
0.51883 0.05273
0.51901 0.05308
-Inserting Flap Ga2-
0.59613 0.190090
0.59618 0.18964
0.59627 0.18875
0.5964 0.187430
0.59656 0.18577
0.59671 0.18387
0.59682 0.18183
0.59689 0.17974
0.59688 0.17771
0.59679 0.17573
0.59665 0.1738
0.59646 0.1719
0.59623 0.17004
0.59597 0.16821
0.59568 0.16639
0.59536 0.1646
0.59502 0.16282
0.59466 0.16107
0.59427 0.15933
0.59386 0.15761
0.59343 0.15591
0.59298 0.15422
0.59251 0.15254
0.59203 0.15088
0.59152 0.14924
0.591 0.14761
0.59046 0.14599
0.58989 0.14439
0.58931 0.14281
0.5887 0.14125
0.58808 0.13969
0.58745 0.138150
0.5868 0.136620
0.58615 0.13509
0.58549 0.13357
0.58482 0.13206
0.58413 0.13056
0.58343 0.12907
0.58271 0.12759
0.58197 0.12613
0.58122 0.12468
0.58046 0.12324
0.57968 0.12181
0.57888 0.1204
0.57808 0.11899
0.57725 0.11759
0.57642 0.11621
0.57558 0.11483
0.574720 0.11347
0.57385 0.112110
0.572970 0.11076
0.57207 0.10943
0.57116 0.1081
0.57024 0.10679
0.5693 0.10549
0.56834 0.1042
0.5673700 0.102920
0.56639 0.10166
0.56539 0.10041
0.56437 0.09917
0.56334 0.09794
0.56229 0.09672
0.56122 0.09552
0.56014 0.09433
0.55905 0.09316
0.55793 0.09199
0.55681 0.09084
0.55567 0.08969
0.55452 0.08855
0.55336 0.08743
0.552180 0.08632
0.55098 0.08523
0.54975 0.08415
0.54849 0.0831
0.5472 0.08208
0.54589 0.08107
0.54455 0.08009
0.543170 0.07913
0.54177 0.0782
0.54034 0.07729
0.53886 0.07641
0.53735 0.07556
0.53578 0.07476
0.53417 0.07399
0.5325 0.073270
0.53078 0.07258
0.52901 0.07193
0.5272 0.07133
0.52533 0.07076
0.5234 0.07024
0.52136 0.06981
0.51921 0.06946
0.51691 0.06924
0.51446 0.06915
0.51194 0.06919
0.50943 0.06939
0.5070500 0.06973
0.50487 0.07024
0.503 0.0709
0.500320 0.07262
0.499570 0.07361
0.49928 0.07467
0.49943 0.07575
0.49999 0.07686
0.50084 0.07796
0.50192 0.07906
0.50314 0.080130
0.50442 0.08116
0.50574 0.08216
0.50711 0.08312
0.50852 0.08405
0.50997 0.08494
0.51146 0.08581
0.51298 0.08665
0.514530 0.08747
0.5161 0.08828
0.51769 0.089060
0.51929 0.08984
0.5209 0.09061
0.522520 0.09137
0.52414 0.09214
0.52576 0.0929
0.52738 0.09367
0.52899 0.09444
0.53059 0.09522
0.53218 0.096
0.53376 0.0968
0.53533 0.09760
0.53689 0.09841
0.53844 0.09923
0.53997 0.10006
0.54149 0.1009
0.543 0.10176
0.54449 0.10262
0.54597 0.10350
0.547430 0.10439
0.54888 0.105290
0.55031 0.1062
0.55172 0.10712
0.55312 0.10806
0.5545 0.10901
0.55586 0.10998
0.55721 0.11096
0.55854 0.11195
0.55985 0.11296
0.56114 0.11398
0.56241 0.11502
0.563660 0.11608
0.56489 0.11715
0.56611 0.11823
0.56731 0.11933
0.56849 0.12043
0.56966 0.12155
0.57082 0.12268
0.57195 0.12383
0.57307 0.12499
0.57417 0.126170
0.57524 0.12737
0.57629 0.12858
0.57731 0.12981
0.57831 0.13107
0.57929 0.13234
0.58025 0.13362
0.58118 0.13493
0.58209 0.13625
0.58298 0.1376
0.58384 0.13896
0.58467 0.14034
0.58548 0.14175
0.58627 0.14317
0.58702 0.14462
0.58775 0.14609
0.58845 0.14758
0.58912 0.14909
0.58976 0.15063
0.59037 0.15219
0.59094 0.15378
0.59149 0.1554
0.59199 0.15704
0.59247 0.158710
0.59292 0.1604
0.59334 0.16211
0.59374 0.16384
0.59411 0.16559
0.59446 0.16736
0.59478 0.16915
0.59508 0.17095
0.59536 0.17278
0.5956 0.17463
0.59581 0.17651
0.59598 0.17842
0.59609 0.18037
0.59616 0.18235
0.59618 0.18428
0.59617 0.18607
0.59615 0.18763
0.59612 0.188870
0.5961 0.1897
0.59613 0.190090
*.*.Setup: Ga2.txt as Flap 1, Inverted: y, Scale = 1.0, AoA = -2.0, Reposition from (0,0) = (0, 0)*.*.
*.*.Setup: Ga2.txt as Flap 2, Inverted: y, Scale = 0.4, AoA = 27.0, Reposition from previous T.E. = (0.0067, 0.06), Reposition from (0,0) = (1.0043, -0.024)*.*.
*.*.Setup: Ga2.txt as Flap 3, Inverted: y, Scale = 0.4, AoA = 51.666666666666664, Reposition from previous T.E. = (-0.06, 0.06), Reposition from (0,0) = (1.3097, 0.2001)*.*.
*.*.Setup: Scale Ratio = 0.37893*.*.