0.35257 0.03706
0.35050 0.03499
0.34748 0.03199
0.34395 0.02904
0.33967 0.02618
0.334480 0.023240
0.3282 0.02009
0.3208 0.0167
0.312370 0.01314
0.303120 0.00948
0.29332 0.00582
0.2832 0.00222
0.272910 -0.001270
0.26256 -0.0046
0.25217 -0.00776
0.24177 -0.010740
0.2313 -0.01353
0.22073 -0.01616
0.2100100 -0.01865
0.19908 -0.02102
0.18792 -0.02331
0.17653 -0.02556
0.16497 -0.02778
0.15334 -0.029970
0.1418 -0.03211
0.13051 -0.03415
0.11966 -0.03602
0.10942 -0.03764
0.09991 -0.03891
0.09109 -0.03977
0.08282 -0.04019
0.07499 -0.04018
0.06751 -0.03973
0.06032 -0.03885
0.05341 -0.03755
0.04678 -0.03585
0.040440 -0.03377
0.03443 -0.03135
0.02884 -0.02868
0.02377 -0.02587
0.01931 -0.023060
0.0155 -0.02037
0.0123 -0.01784
0.00966 -0.01548
0.00749 -0.01329
0.005710 -0.01126
0.00425 -0.009370
0.00305 -0.00761
0.00208 -0.00595
0.00131 -0.00440
0.00071 -0.00293
0.00028 -0.00154
0.000055 -0.00021
-6e-05 0.00107
0.00012 0.00234
0.00073 0.0035
0.00177 0.00439
0.003110 0.00504
0.00466 0.005530
0.00645 0.00593
0.00851 0.00629
0.01093 0.00662
0.01381 0.00693
0.01733 0.00722
0.02173 0.00750
0.02731 0.00776
0.03434 0.00798
0.04279 0.008110
0.05228 0.00806
0.06249 0.00779
0.07334 0.0073
0.08474 0.00668
0.09651 0.00599
0.10844 0.00526
0.12034 0.00455
0.13210 0.00389
0.14368 0.00331
0.155070 0.00282
0.16627 0.00247
0.17729 0.00227
0.188150 0.00224
0.19887 0.0024
0.20947 0.00276
0.21995 0.00333
0.23034 0.00413
0.24065 0.00515
0.25088 0.0064
0.26104 0.00789
0.27113 0.00961
0.28112 0.01157
0.29098 0.013750
0.30061 0.01614
0.30988 0.01869
0.31858 0.02134
0.32646 0.02403
0.333360 0.02667
0.33925 0.02926
0.34421 0.03177
0.34836 0.034190
0.35257 0.03706
-Inserting Flap s1223rtl-
0.52031 0.14742
0.51966 0.14611
0.51873 0.14419
0.51754 0.14222
0.51598 0.14018
0.514 0.13794
0.51155 0.13543
0.5086 0.13262
0.50519 0.12957
0.50142 0.12633
0.49738 0.12301
0.49318 0.11966
0.48889 0.11633
0.484530 0.11307
0.48014 0.10989
0.4757 0.10679
0.471210 0.10376
0.46664 0.10080
0.46198 0.09788
0.4572 0.09498
0.4523 0.092080
0.44728 0.08916
0.44217 0.08623
0.43703 0.0833
0.43192 0.08041
0.42692 0.077610
0.42209 0.07496
0.41752 0.07253
0.41323 0.07038
0.4092 0.06854
0.40536 0.06699
0.40165 0.06572
0.39804 0.06471
0.3945 0.063960
0.39102 0.06345
0.38761 0.0631700
0.384270 0.06313
0.38104 0.06329
0.37796 0.06364
0.37511 0.064150
0.37254 0.06475
0.3703 0.0654
0.368380 0.06608
0.36675 0.06676
0.365360 0.067440
0.36419 0.06811
0.36319 0.06877
0.36234 0.06941
0.36161 0.07003
0.36099 0.07064
0.36047 0.07124
0.36004 0.07183
0.3597 0.07241
0.35945 0.073
0.35934 0.07363
0.35944 0.074280
0.35978 0.07487
0.36031 0.07539
0.3609600 0.07588
0.36174 0.07636
0.36266 0.076860
0.36375 0.07741
0.36506 0.07803
0.36667 0.078740
0.36871 0.07959
0.3713 0.08062
0.37459 0.08187
0.37857 0.08331
0.38306 0.08483
0.38793 0.086360
0.39314 0.0879
0.39863 0.08946
0.40431 0.09105
0.410070 0.092650
0.41581 0.09425
0.42147 0.09585
0.42704 0.09746
0.43251 0.09909
0.43786 0.10074
0.4431 0.10244
0.44824 0.1042
0.45329 0.10602
0.458240 0.10791
0.4631 0.10989
0.4678800 0.1119500
0.47259 0.11411
0.47722 0.11637
0.48178 0.11873
0.48627 0.12119
0.49068 0.12374
0.494980 0.12637
0.49915 0.12907
0.50312 0.13179
0.50679 0.13446
0.51008 0.13701
0.51292 0.13938
0.51528 0.14156
0.51722 0.14356
0.51878 0.145380
0.52031 0.14742
-Inserting Flap s1223rtl-
0.65981 0.29362
0.65957 0.292180
0.65922 0.29008
0.65865 0.28785
0.65774 0.28544
0.65649 0.28273
0.65486 0.27962
0.65284 0.27609
0.65045 0.27218
0.64776 0.268
0.64485 0.263660
0.64179 0.259240
0.63863 0.25483
0.63539 0.25045
0.6321 0.24614
0.62873 0.2419
0.62530 0.23771
0.62177 0.23356
0.61814 0.22943
0.61439 0.225280
0.61053 0.2211
0.60656 0.21686
0.60251 0.21259
0.59842 0.20831
0.59436 0.204070
0.59037 0.199950
0.5865 0.19603
0.58282 0.19239
0.57932 0.1891
0.57599 0.18618
0.57276 0.1836
0.56957 0.18132
0.5664 0.179320
0.56323 0.177580
0.56004 0.1761
0.55685 0.17485
0.55367 0.17385
0.55052 0.17308
0.54747 0.17254
0.5446 0.1722
0.54196 0.17204
0.53963 0.17202
0.53759 0.172120
0.53583 0.17231
0.53432 0.17256
0.533 0.172870
0.53185 0.17321
0.53085 0.17358
0.52998 0.17397
0.529210 0.174370
0.5285400 0.1748
0.52796 0.17524
0.52747 0.17570
0.52706 0.176190
0.52676 0.17677
0.52667 0.17741
0.52684 0.17808
0.52719 0.17873
0.52768 0.17938
0.52829 0.18007
0.52902 0.180810
0.52991 0.18165
0.53099 0.18262
0.53233 0.18377
0.53403 0.18516
0.536220 0.18689
0.53902 0.18903
0.54241 0.19155
0.54628 0.1943
0.55051 0.19716
0.55506 0.200130
0.55987 0.2032
0.56485 0.20635
0.56991 0.20953
0.57495 0.21271
0.57992 0.21587
0.5848 0.219010
0.58956 0.22213
0.59421 0.22526
0.59875 0.22839
0.60317 0.23154
0.60748 0.23473
0.611680 0.23797
0.61577 0.24126
0.61976 0.24461
0.62365 0.24803
0.62744 0.25152
0.6311300 0.25509
0.63473 0.25873
0.638220 0.26244
0.64158 0.266190
0.6448 0.26997
0.64783 0.27371
0.65058 0.27733
0.653 0.28071
0.65504 0.2838
0.65668 0.28657
0.65796 0.28903
0.65893 0.29123
0.65981 0.29362
*.*.Setup: s1223rtl.txt as Flap 1, Inverted: y, Scale = 1.0, AoA = 6.0, Reposition from (0,0) = (0, 0)*.*.
*.*.Setup: s1223rtl.txt as Flap 2, Inverted: y, Scale = 0.5, AoA = 25.0, Reposition from previous T.E. = (0.02, 0.1), Reposition from (0,0) = (1.0145, 0.2045)*.*.
*.*.Setup: s1223rtl.txt as Flap 3, Inverted: y, Scale = 0.5, AoA = 41.666666666666664, Reposition from previous T.E. = (0.02, 0.08), Reposition from (0,0) = (1.4877, 0.4958)*.*.
*.*.Setup: Scale Ratio = 0.35451*.*.