0.385 -0.03242
0.38415 -0.033210
0.38246 -0.03474
0.379960 -0.037
0.37679 -0.03982
0.373110 -0.04299
0.3691 -0.04632
0.36493 -0.04959
0.36074 -0.052630
0.35655 -0.05545
0.35238 -0.05808
0.34821 -0.060540
0.34404 -0.062870
0.33988 -0.06511
0.33572 -0.06725
0.33156 -0.06931
0.32741 -0.07128
0.32326 -0.07318
0.31911 -0.075
0.31496 -0.07676
0.31082 -0.07845
0.30668 -0.08008
0.30254 -0.08164
0.2984 -0.08315
0.29427 -0.0846
0.29013 -0.08599
0.286 -0.08731
0.28187 -0.08856
0.27775 -0.08975
0.27362 -0.09087
0.2695 -0.09194
0.26538 -0.09297
0.26126 -0.09396
0.25714 -0.09493
0.25303 -0.09587
0.24891 -0.09676
0.2448 -0.09762
0.24068 -0.09843
0.23657 -0.09918
0.23246 -0.09988
0.22836 -0.10053
0.22425 -0.10113
0.22015 -0.10168
0.21605 -0.10218
0.21194 -0.10265
0.20785 -0.103070
0.203750 -0.10345
0.19965 -0.10379
0.19556 -0.1041
0.19146 -0.10436
0.18737 -0.10458
0.18328 -0.10476
0.17919 -0.10489
0.1751 -0.104970
0.17102 -0.10501
0.16693 -0.10499
0.16285 -0.10493
0.15877 -0.10481
0.15469 -0.10465
0.15061 -0.10444
0.14654 -0.10417
0.14246 -0.10386
0.13839 -0.10349
0.13432 -0.10306
0.13026 -0.10259
0.12619 -0.10207
0.12212 -0.1015
0.11806 -0.1009
0.114 -0.1002600
0.10994 -0.09957
0.10588 -0.09882
0.10182 -0.098
0.09777 -0.0971
0.09372 -0.0961
0.08967 -0.09501
0.08563 -0.09383
0.08159 -0.092550
0.07755 -0.09118
0.07352 -0.08972
0.06949 -0.08815
0.06547 -0.086460
0.06145 -0.08462
0.05743 -0.08263
0.05342 -0.08047
0.049420 -0.07814
0.04542 -0.07565
0.04143 -0.073
0.03744 -0.0702
0.03346 -0.06723
0.02949 -0.06403
0.02553 -0.060520
0.02158 -0.05662
0.01765 -0.05225
0.01376 -0.04736
0.01005 -0.042110
0.00667 -0.03668
0.00378 -0.03127
0.00154 -0.02605
8e-05 -0.0212
-0.00046 -0.013120
0.00046 -0.01009
0.00218 -0.00789
0.00464 -0.00658
0.00774 -0.00604
0.0113 -0.00614
0.01518 -0.0067
0.01921 -0.00757
0.02325 -0.008640
0.0273 -0.00985
0.03133 -0.01121
0.03536 -0.01271
0.03939 -0.01433
0.04342 -0.01607
0.04744 -0.01792
0.05145 -0.01986
0.05547 -0.021870
0.05948 -0.02394
0.06349 -0.02605
0.0675 -0.0282
0.07151 -0.03036
0.07552 -0.03254
0.07953 -0.034710
0.08354 -0.03686
0.08755 -0.039
0.09156 -0.04111
0.09557 -0.04319
0.09958 -0.04524
0.1036 -0.04725
0.10761 -0.04923
0.11163 -0.05116
0.11565 -0.05305
0.11967 -0.0549
0.12369 -0.0567
0.12771 -0.05846
0.13174 -0.06016
0.13576 -0.06182
0.13979 -0.06343
0.14382 -0.064990
0.14785 -0.06649
0.15189 -0.06795
0.15592 -0.06934
0.15996 -0.07069
0.164 -0.07197
0.16804 -0.0732
0.17209 -0.07436
0.17613 -0.07546
0.180180 -0.0765
0.18423 -0.07748
0.18828 -0.07839
0.19234 -0.079250
0.1964 -0.08006
0.20045 -0.08081
0.20451 -0.08153
0.20857 -0.08219
0.21264 -0.08279
0.2167 -0.08333
0.22077 -0.0838
0.22484 -0.08419
0.22892 -0.08451
0.23299 -0.084750
0.23707 -0.08492
0.24115 -0.08501
0.24524 -0.085030
0.24932 -0.0849700
0.253410 -0.08484
0.2575 -0.084630
0.2616 -0.08434
0.2657 -0.08397
0.2698 -0.08351
0.2739 -0.08297
0.27801 -0.08234
0.28212 -0.08162
0.28623 -0.0808
0.29035 -0.07989
0.29447 -0.07889
0.29859 -0.07777
0.30272 -0.07656
0.30685 -0.07523
0.31098 -0.0738
0.3151200 -0.07226
0.31926 -0.07064
0.32341 -0.06892
0.32755 -0.06713
0.3317 -0.06525
0.33586 -0.06329
0.34001 -0.06125
0.344170 -0.05914
0.34833 -0.05695
0.3525 -0.05466
0.35666 -0.05226
0.36084 -0.04971
0.36502 -0.04701
0.36917 -0.04416
0.37317 -0.04129
0.37683 -0.03857
0.37999 -0.03617
0.38248 -0.03426
0.38416 -0.03297
0.385 -0.03242
-Inserting Flap Ga2-
0.51568 0.05405
0.51554 0.05361
0.51525 0.05275
0.51481 0.05147
0.51425 0.04987
0.51357 0.04805
0.51282 0.04611
0.51199 0.04416
0.51112 0.04228
0.5102 0.04048
0.50925 0.03875
0.50827 0.03708
0.50726 0.03546
0.50624 0.03387
0.5052 0.03231
0.504140 0.03079
0.50307 0.02929
0.50199 0.02782
0.50089 0.02638
0.49978 0.024960
0.498660 0.02356
0.49753 0.022190
0.49638 0.02084
0.49523 0.01951
0.49406 0.01820
0.49288 0.01692
0.4917 0.01565
0.49049 0.01441
0.48928 0.0132
0.48806 0.01201
0.48682 0.010830
0.48558 0.00967
0.48433 0.00853
0.483080 0.00739
0.48182 0.00626
0.48055 0.00515
0.47928 0.00406
0.478 0.00298
0.4767 0.00192
0.4754 0.00087
0.47409 -0.00015
0.47277 -0.00116
0.471440 -0.00214
0.4701 -0.00312
0.468760 -0.00407
0.46741 -0.00502000
0.46605 -0.00594
0.464680 -0.00686
0.463310 -0.00776
0.46193 -0.00865
0.46054 -0.00952
0.45914 -0.010370
0.45774 -0.01121
0.45632 -0.01203
0.4549 -0.01284
0.45347 -0.01362
0.45203 -0.01439
0.45058 -0.01514
0.44912 -0.01588
0.44765 -0.01659
0.446170 -0.01729
0.44469 -0.01797
0.44319 -0.01863
0.44168 -0.01927
0.44017 -0.0199
0.43865 -0.0205
0.43711 -0.02109
0.43558 -0.02167
0.43403 -0.02223
0.43248 -0.02278
0.43091 -0.0233
0.42933 -0.0238
0.42774 -0.02427
0.426130 -0.02471
0.4245 -0.02511
0.42286 -0.02548
0.42120 -0.02582
0.41952 -0.02613
0.417830 -0.0264
0.41611 -0.02663
0.41437 -0.026820
0.41261 -0.02695
0.41082 -0.02704
0.409 -0.02706
0.40715 -0.02702
0.40527 -0.02692
0.40336 -0.02677
0.40142 -0.02656
0.39945 -0.0263
0.39744 -0.02595
0.39537 -0.02549
0.39323 -0.02489
0.39101 -0.02412
0.3887 -0.02317
0.38639 -0.02205
0.38415 -0.02081
0.38209 -0.01947
0.3803 -0.01808
0.37884 -0.01667
0.37709 -0.013940
0.37683 -0.0127
0.377 -0.0116
0.37761 -0.01066
0.37859 -0.00988
0.37985 -0.009220
0.38131 -0.00866
0.38289 -0.00819
0.384520 -0.00778
0.38617 -0.00742
0.38784 -0.00711
0.38954 -0.00685
0.39127 -0.00664
0.39301 -0.00647
0.394780 -0.00634
0.39656 -0.00623
0.39835 -0.006160
0.40016 -0.00610
0.40197 -0.00607
0.40379 -0.00604
0.40561 -0.0060200
0.40744 -0.006
0.40926 -0.00598
0.41108 -0.00596
0.4129 -0.00593
0.41471 -0.00589
0.41652 -0.00584
0.41832 -0.005780
0.42011 -0.00571
0.4219 -0.00562
0.42368 -0.00552
0.42545 -0.0054
0.42722 -0.00526
0.42897 -0.00512
0.43072 -0.00495
0.43246 -0.004770
0.43419 -0.004570
0.43591 -0.00435
0.43762 -0.00411
0.43933 -0.003860
0.44102 -0.00358
0.4427 -0.00329
0.44438 -0.00297
0.44604 -0.002640
0.44769 -0.002280
0.449330 -0.00191
0.45096 -0.00151
0.45258 -0.00109
0.45418 -0.00064
0.45578 -0.000180
0.45736 0.0003100
0.45894 0.00081
0.46051 0.001340
0.46206 0.00187
0.46361 0.00243
0.46515 0.00301
0.46668 0.00361
0.46819 0.00423
0.46969 0.00488
0.47118 0.00556
0.47265 0.00627
0.47411 0.007
0.47556 0.00776
0.47699 0.00855
0.47841 0.00936
0.47981 0.0102
0.48121 0.01106
0.48258 0.01196
0.48394 0.01288
0.48529 0.013840
0.48662 0.01482
0.48793 0.01584
0.48923 0.01689
0.49051 0.01797
0.49178 0.01909
0.49302 0.02024
0.49425 0.02143
0.49546 0.02266
0.49664000 0.02392
0.49781 0.02523
0.49896 0.02656
0.5001 0.02794
0.50121 0.02934
0.50232 0.03077
0.5034 0.032230
0.50448 0.03372
0.50554 0.03524
0.50658 0.03679
0.50761 0.038360
0.50863 0.03997
0.50962 0.04162
0.51058 0.04332
0.51152 0.04508
0.51242 0.04688
0.513270 0.04866
0.51402 0.05032
0.51466 0.05177
0.515160 0.05292
0.5155 0.0537
0.51568 0.05405
-Inserting Flap Ga2-
0.59422 0.20130
0.594270 0.20084
0.59437 0.19993
0.5945 0.198590
0.59466 0.1969
0.59481 0.19496
0.59493 0.19288
0.59499 0.19077
0.59498 0.18869
0.5949 0.18668
0.594750 0.18471
0.59456 0.18278
0.59432 0.18089
0.59406 0.17902
0.593760 0.17717
0.59344 0.17534
0.59309 0.17353
0.59272 0.17175
0.59232 0.16998
0.59191 0.16823
0.59147 0.16649
0.59101 0.16477
0.59054 0.16306
0.59004 0.16137
0.58953 0.1597
0.589 0.15804
0.58844 0.15639
0.5878700 0.15477
0.58727 0.15316
0.58666 0.15156
0.58603 0.14998
0.58538 0.148410
0.58473 0.146840
0.58406 0.14529
0.58339 0.14374
0.5827 0.1422
0.5820 0.14067
0.58129 0.13916
0.58055 0.13765
0.57981 0.13616
0.57904 0.13469
0.5782600 0.13322
0.57747 0.13177
0.57666 0.13033
0.57583 0.12889
0.575 0.12747
0.57415 0.12606
0.57329 0.12466
0.57242 0.12327
0.57153 0.121890
0.57063 0.12052
0.56972 0.11916
0.5688 0.11781
0.567850 0.11647
0.5669 0.11515
0.56592 0.11383
0.56493 0.112530
0.56393 0.11125
0.56291 0.10997
0.56188 0.10871
0.56083 0.10746
0.55976 0.10622
0.55867 0.10499
0.55757 0.10378
0.55646 0.10259
0.55532 0.1014
0.55418 0.10022
0.55302 0.09906
0.55185 0.0979
0.55067 0.09675
0.54946 0.09562
0.54824 0.09451
0.54699 0.09342
0.54571 0.09235
0.5444 0.0913
0.54306 0.09028
0.54169 0.08928
0.54029 0.08831
0.53886 0.08735
0.5374 0.08643
0.5359 0.08553
0.53436 0.08467
0.53277 0.08385
0.53112 0.08307
0.52942 0.082330
0.52767 0.08163
0.52587 0.08097
0.52402 0.08035
0.52212 0.07977
0.52015 0.07925
0.51808 0.07881
0.51589 0.07846
0.5135500 0.07823
0.51105 0.07813
0.50848 0.07818
0.50593 0.07838
0.5035 0.07873
0.50129 0.07925
0.49938 0.07992
0.49665 0.08167
0.49589 0.08268
0.49559 0.08376
0.495750 0.08486
0.49631 0.08599
0.49719 0.08711
0.49828 0.08823
0.49952 0.089320
0.50082 0.09037
0.50217 0.09139
0.50357 0.09236
0.50501 0.09331
0.50648 0.09422
0.508 0.09511
0.50955 0.09596
0.51112 0.0968
0.51272 0.09762
0.51434 0.098420
0.51597 0.09921
0.51761 0.09999
0.51926 0.10077
0.52091 0.10155
0.52256 0.10233
0.5242 0.10311
0.52584 0.10389
0.52747 0.10469
0.5291 0.10548
0.530710 0.10629
0.53231 0.107110
0.533890 0.10793
0.53547 0.10877
0.53703 0.10962
0.538580 0.11048
0.54011 0.11134
0.54163 0.11222
0.54314 0.113120
0.54463 0.11402
0.5461 0.114940
0.547560 0.11587
0.549 0.11681
0.55042 0.11777
0.55183 0.11874
0.55322 0.11972
0.55459 0.12072
0.55594 0.12173
0.55727 0.12275
0.558590 0.1238
0.55988 0.12486
0.56116 0.12593
0.56241 0.12702
0.56365 0.12812
0.5648700 0.12924
0.56608 0.13037
0.56727 0.13151
0.568440 0.13266
0.56960 0.13382
0.57074 0.13501
0.57185 0.13620
0.57295 0.13742
0.57401 0.13866
0.57506 0.13992
0.57608 0.14119
0.57707 0.14249
0.57805 0.1438
0.579 0.14513
0.57993 0.14648
0.58083 0.14784
0.5817 0.14923
0.58256 0.15064
0.58338 0.15207
0.58418 0.15352
0.58495 0.15499
0.58569 0.15649
0.5864 0.15801
0.58708 0.15955
0.58774 0.16112
0.58835 0.16271
0.58894 0.16433
0.58949 0.16597
0.59001 0.16765
0.5905 0.169340
0.59095 0.17106
0.59138 0.1728
0.59179 0.17457
0.59217 0.17635
0.59252 0.17815
0.5928500 0.17997
0.59315 0.18181
0.59343 0.18367
0.59368 0.18556
0.59389 0.18747
0.59406 0.18942
0.594180 0.19141
0.59425 0.19342
0.59427 0.19539
0.59426 0.19721
0.594240 0.1988
0.59421 0.200050
0.5942 0.2009
0.59422 0.20130
*.*.Setup: Ga2.txt as Flap 1, Inverted: y, Scale = 1.0, AoA = -2.0, Reposition from (0,0) = (0, 0)*.*.
*.*.Setup: Ga2.txt as Flap 2, Inverted: y, Scale = 0.4, AoA = 27.0, Reposition from previous T.E. = (-0.0267, 0.06), Reposition from (0,0) = (0.971, -0.024)*.*.
*.*.Setup: Ga2.txt as Flap 3, Inverted: y, Scale = 0.4, AoA = 51.666666666666664, Reposition from previous T.E. = (-0.06, 0.08), Reposition from (0,0) = (1.2763, 0.2201)*.*.
*.*.Setup: Scale Ratio = 0.38589*.*.