0.35398 0.05607
0.352 0.053870
0.34912 0.05068
0.3457 0.04751
0.34154 0.0444
0.33645 0.04116
0.33028 0.03764
0.32299 0.03383
0.31466 0.029790
0.30552 0.02561
0.29582 0.02139
0.2858 0.01722
0.27559 0.01316
0.26531 0.00924
0.255 0.00551
0.24465 0.00195
0.23423 -0.00143
0.2237 -0.00464
0.21301 -0.00772
0.2021 -0.01069
0.19096 -0.01359
0.17957 -0.01646
0.16802 -0.01931
0.15639 -0.02214
0.14486 -0.02492
0.13357 -0.02758
0.12271 -0.030040
0.11246 -0.03221
0.10293 -0.03399
0.09407 -0.03533
0.08574 -0.03619
0.07783 -0.03659
0.07025 -0.03654
0.06296 -0.036030
0.05591 -0.03508
0.04912 -0.03372
0.04261 -0.03195
0.03642 -0.02983
0.03064 -0.02743
0.02537 -0.02486
0.02072 -0.022260
0.016720 -0.01974
0.01337 -0.01735
0.010580 -0.01512
0.00827 -0.01303
0.006360 -0.011070
0.00478 -0.00923
0.00348 -0.00752
0.00241 -0.0059
0.00155 -0.0043700
0.00087 -0.00292
0.00037 -0.001540
0.000086 -0.00021
-0.00012 0.00108000
0.000005 0.00237
0.00056 0.003570
0.00156 0.00453
0.00287 0.00525
0.00441 0.00583
0.0062 0.006330
0.00826 0.0068
0.01068 0.00726
0.01358 0.00772
0.01711 0.00821
0.02154 0.00873
0.02716 0.00928
0.03424 0.00987
0.04277 0.01045
0.05235 0.01091
0.062680 0.01117
0.073660 0.01125
0.0852 0.01123
0.097110 0.01115
0.1092 0.01105
0.12125 0.01097
0.13316 0.01092
0.144880 0.01094
0.1564 0.01106
0.16773 0.011290
0.178870 0.01167
0.18984 0.01222
0.20065 0.01295
0.21133 0.01387
0.2218800 0.015
0.23233 0.01635
0.24268 0.01793
0.25294 0.01974
0.263120 0.02178
0.27321 0.02405
0.2832 0.02655
0.29303 0.02928
0.30264 0.0322
0.31186 0.03526
0.3205 0.0384
0.32831 0.04153
0.33514 0.04457
0.34095 0.04749
0.34583 0.05028
0.34988 0.05295
0.35398 0.05607
-Inserting Flap s1223rtl-
0.52237 0.15319
0.52161 0.15193
0.5205 0.15009
0.51913 0.14821
0.51738 0.14628
0.51519 0.1442
0.5125 0.14189
0.50928 0.13933
0.505580 0.13655
0.50149 0.13362
0.49714 0.13063
0.49261 0.12762
0.48799 0.12466
0.48332 0.12175
0.47862 0.11894
0.473870 0.1162
0.46908 0.11355
0.46422 0.110970
0.45927 0.108440
0.4542 0.10594
0.449 0.10345
0.44369 0.10096
0.43829 0.098450
0.43286 0.09596
0.42746 0.093490
0.42217 0.09111
0.41708 0.08887
0.41225 0.08683
0.40775 0.08504
0.40352 0.08354
0.39952 0.08232
0.39567 0.08137
0.39195 0.08068
0.38832 0.08023
0.38477 0.08002
0.38131 0.08004
0.37794 0.08029
0.3747 0.08074
0.37164 0.08137
0.36881 0.08212
0.36628 0.082950
0.36407 0.08381
0.3622 0.08466
0.36062 0.08549
0.359280 0.0863
0.35816 0.08708
0.35721 0.08783
0.35641 0.08855
0.35573 0.08924
0.35516 0.08991
0.354690 0.09055
0.35431 0.09119
0.35402 0.09180
0.35382 0.09242
0.353760 0.09307
0.35392 0.09371
0.35432 0.09428
0.354890 0.09475
0.35559 0.09519
0.35642 0.0956
0.357390 0.09603
0.35853 0.09649
0.35991 0.09699
0.3616 0.09757
0.36372 0.09824
0.36643 0.09905
0.36985 0.10002
0.37398 0.10111
0.378640 0.10225
0.38368 0.10337
0.389060 0.10446
0.39473 0.105540
0.40058 0.10664
0.40652 0.10775
0.41245 0.10885
0.4183 0.10997
0.42405 0.1111
0.42969 0.11225
0.43523 0.11345
0.44066 0.1147
0.445990 0.11601
0.45123 0.1174
0.45638 0.11888
0.46145 0.12044
0.46645 0.1221
0.47138 0.12386
0.47625 0.12572
0.48105 0.1277
0.48579 0.12977
0.49045 0.13196
0.49501 0.13423
0.499450 0.13658
0.50368 0.13896
0.507620 0.14133
0.51116 0.14361
0.51422 0.14575
0.5168 0.14774
0.51892 0.14958
0.520660 0.15127
0.52237 0.15319
-Inserting Flap s1223rtl-
0.66341 0.29024
0.663160 0.28879
0.66281 0.28666
0.66223 0.28441
0.661320 0.28198
0.66005 0.27924
0.6584 0.27609
0.65636 0.27252
0.65395 0.26857
0.65123 0.26435
0.64828 0.25995
0.64519 0.25549
0.64199 0.25103
0.63872 0.24661
0.635390 0.24225
0.631990 0.23796
0.62852 0.23373
0.62495 0.22953
0.62128 0.225350
0.61749 0.22116
0.61359 0.21693
0.609570 0.21265
0.60548 0.20833
0.60135 0.204
0.59724 0.19972
0.5932 0.19555
0.5893 0.191590
0.58557 0.18791
0.58204 0.18458
0.57867 0.18163
0.5754 0.17902
0.57218 0.17672
0.56897 0.1747
0.56576 0.17294
0.562540 0.17144
0.55932 0.17018
0.5561 0.16916
0.552920 0.16839
0.54984 0.1678400
0.54693 0.1675
0.544270 0.16733
0.54191 0.16732
0.5398500 0.16742
0.538070 0.1676
0.53654 0.16786
0.535210 0.16817
0.53405 0.16852
0.53304 0.16889
0.53215 0.16928
0.53137 0.16969
0.5307 0.170120
0.53011 0.17057
0.52961 0.17103
0.5292 0.17153
0.5289 0.172110
0.52881 0.17277
0.52898 0.17344
0.52933 0.1741
0.52983 0.17476
0.53044 0.17545
0.53118 0.1762
0.53208 0.17705
0.53317 0.17803
0.534530 0.17919
0.53625 0.18060
0.53847 0.18235
0.54129 0.18451
0.54472 0.187050
0.54863 0.18983
0.55291 0.19273
0.55751 0.19573
0.56237 0.19883
0.56741 0.20202
0.57252 0.205240
0.57762 0.20845
0.58264 0.21165
0.58757 0.21482
0.59239 0.21798
0.59709 0.22113
0.60168 0.2243
0.60615 0.22749
0.6105 0.23071
0.61475 0.23398
0.61889 0.23731
0.62292 0.2407
0.62685 0.24415
0.63068 0.247680
0.63442 0.25129
0.63805 0.25497
0.64158 0.25872
0.64498 0.26252
0.64824 0.26634
0.65129 0.27012
0.65408 0.27377
0.65653 0.2772
0.658580 0.28032
0.66024 0.28312
0.66153 0.28561
0.662520 0.28783
0.66341 0.29024
*.*.Setup: s1223rtl.txt as Flap 1, Inverted: y, Scale = 1.0, AoA = 9.0, Reposition from (0,0) = (0, 0)*.*.
*.*.Setup: s1223rtl.txt as Flap 2, Inverted: y, Scale = 0.5, AoA = 20.0, Reposition from previous T.E. = (0.0, 0.1), Reposition from (0,0) = (0.9877, 0.2564)*.*.
*.*.Setup: s1223rtl.txt as Flap 3, Inverted: y, Scale = 0.5, AoA = 41.666666666666664, Reposition from previous T.E. = (0.02, 0.05), Reposition from (0,0) = (1.4775, 0.4774)*.*.
*.*.Setup: Scale Ratio = 0.3584*.*.