0.35265 0.03706
0.350570 0.035
0.34756 0.03199
0.34402 0.02904
0.33975 0.02618
0.334550 0.023240
0.32827 0.02009
0.32087 0.0167
0.312430 0.01314
0.303190 0.00948
0.29339 0.00582
0.28326 0.00222
0.272970 -0.001270
0.26261 -0.0046
0.25223 -0.00776
0.24182 -0.010740
0.23135 -0.01354
0.22078 -0.01617
0.2100600 -0.01865
0.19913 -0.02103
0.18796 -0.02332
0.17657 -0.02556
0.16501 -0.02778
0.15337 -0.029980
0.14183 -0.03212
0.13054 -0.03416
0.11968 -0.03603
0.10945 -0.03765
0.09994 -0.03892
0.09111 -0.03978
0.08284 -0.0402
0.075 -0.04019
0.06752 -0.03974
0.06034 -0.03886
0.05343 -0.03756
0.04679 -0.03586
0.040440 -0.03378
0.03444 -0.03136
0.02885 -0.02869
0.02378 -0.02588
0.01932 -0.023070
0.0155 -0.02037
0.01231 -0.01784
0.00967 -0.01549
0.0075 -0.0133
0.005710 -0.01126
0.00425 -0.009370
0.00305 -0.00761
0.00208 -0.00595
0.00131 -0.00440
0.00071 -0.00293
0.00028 -0.00154
0.000055 -0.00021
-6e-05 0.00107
0.00012 0.00234
0.00074 0.0035
0.00177 0.00439
0.003110 0.00504
0.00466 0.005530
0.00645 0.00593
0.00851 0.00629
0.01093 0.00662
0.01381 0.00693
0.01733 0.00723
0.02173 0.007510
0.02731 0.00776
0.03435 0.00798
0.0428 0.008110
0.05229 0.00806
0.06251 0.00779
0.07336 0.0073
0.08476 0.00668
0.09653 0.00599
0.10846 0.00527
0.12036 0.00456
0.132130 0.00389
0.14371 0.00331
0.15510 0.00283
0.1663 0.00247
0.17733 0.00227
0.188190 0.00224
0.19892 0.0024
0.20951 0.00276
0.22 0.00334
0.23039 0.00413
0.2407 0.00515
0.25093 0.0064
0.2611 0.00789
0.27119 0.00961
0.28118 0.01157
0.29104 0.013750
0.30068 0.01614
0.30995 0.01869
0.31865 0.02135
0.32653 0.02403
0.333440 0.02668
0.33933 0.02926
0.34429 0.03177
0.34843 0.03420
0.35265 0.03706
-Inserting Flap s1223rtl-
0.51328 0.15231
0.51275 0.15094
0.51199 0.14895
0.51097 0.14689
0.5096 0.14471
0.50782 0.14231
0.5056 0.1396
0.50291 0.13654
0.49978 0.1332
0.4963 0.12965
0.49257 0.12598
0.48867 0.12228
0.48468 0.11859
0.48063 0.11496
0.47653 0.111410
0.47238 0.10793
0.46817 0.10452
0.46387 0.10117
0.45948 0.09786
0.45497 0.09455
0.45034 0.09123
0.44559 0.08789
0.44076 0.08452
0.43589 0.08116
0.43105 0.07783
0.42631 0.0746
0.42173 0.07154
0.41738 0.06872
0.4133 0.06621
0.40944 0.06402
0.405750 0.06214
0.40217 0.060560
0.398660 0.05924
0.3952 0.05818
0.39178 0.05737
0.3884 0.0568
0.38508 0.05646
0.38185 0.05634
0.37875 0.056420
0.37586 0.05667
0.37325 0.05705
0.37096 0.05751
0.36899 0.05801
0.3673 0.05855
0.36587 0.05911
0.36464 0.05968
0.363580 0.06024
0.36268 0.0608
0.3619 0.061360
0.36123 0.06191
0.36066 0.06246
0.36018 0.06301
0.35979 0.06357
0.35949 0.06413
0.35932 0.06475
0.35936 0.06541
0.35965 0.06603
0.36013 0.06659
0.36074 0.06713
0.36148 0.06768
0.362350 0.06826
0.36338 0.0689
0.36464 0.06963
0.36618 0.07048
0.36814 0.07151
0.37063 0.07276
0.3738 0.07429
0.37764 0.076070
0.38198 0.07798
0.3867 0.07993
0.39176 0.08191
0.3971 0.08395
0.40261 0.08602
0.40821 0.08812
0.41379 0.090220
0.4193 0.09231
0.42471 0.094390
0.43001 0.09649
0.4352 0.09861
0.44027 0.100760
0.44524 0.10296
0.45011 0.105210
0.45488 0.10753
0.459550 0.10992
0.464130 0.1124
0.46864 0.114960
0.47305 0.11761
0.4774 0.12036
0.48165 0.1232
0.48582 0.12613
0.48988 0.12913
0.4938 0.13218
0.49751 0.13523
0.50095 0.13821
0.504 0.14104
0.50662 0.14366
0.50878 0.14603
0.51054 0.14819
0.51194 0.15014
0.51328 0.15231
-Inserting Flap s1223rtl-
0.64574 0.2954
0.64558 0.29395
0.64535 0.29183
0.64491 0.28957
0.64415 0.28711
0.64305 0.28434
0.64161 0.28114
0.6398 0.27749
0.63764 0.27345
0.6352 0.26912
0.632540 0.26461
0.629740 0.26003
0.62684 0.25544
0.62386 0.25088
0.620820 0.24638
0.61771 0.24195
0.61453 0.23757
0.61125 0.23322
0.60786 0.22888
0.60436 0.22452
0.60075 0.22012
0.59702 0.21566
0.59323 0.21116
0.5894 0.20665
0.58559 0.20218
0.58184 0.19784
0.57821 0.19369
0.57474 0.18985
0.57145 0.18636
0.56829 0.18325
0.56521 0.18048
0.56216 0.17802
0.55911 0.17584
0.55604 0.17392
0.55295 0.17225
0.54983 0.17082
0.54671 0.16964
0.54362 0.16869
0.54061 0.16797
0.53775 0.167460
0.53513 0.16715
0.5328 0.167
0.53077 0.16698
0.529 0.16706
0.52747 0.16723
0.526130 0.16746
0.52497 0.16773
0.52395 0.1680400
0.52305 0.16838
0.522260 0.16874
0.52157 0.16912
0.52096 0.16953
0.52044 0.16996
0.52001 0.17043
0.51968 0.17098
0.51955 0.17163
0.51968 0.1723
0.519990 0.17297
0.52044 0.17365
0.52101 0.17437
0.5217 0.17516
0.52253 0.17605
0.52356 0.17707
0.52483 0.1783
0.52645 0.17979
0.52854 0.18165
0.5312 0.18394
0.53445 0.18665
0.53815 0.18962
0.542210 0.19273
0.54658 0.19596
0.5512 0.1993
0.55599 0.20273
0.56086 0.20621
0.56571 0.20968
0.570490 0.21312
0.57517 0.21654
0.57975 0.219940
0.58421 0.22332
0.58856 0.22672
0.59279 0.230120
0.59691 0.233560
0.60091 0.23703
0.60481 0.24056
0.6086 0.24413
0.61228 0.24777
0.61586 0.25148
0.61934 0.25526
0.62272 0.2591
0.62599 0.263010
0.62913 0.26696
0.63213 0.27092
0.63493 0.274830
0.63747 0.2786
0.63969 0.28212
0.64154 0.28532
0.64302 0.28818
0.64415 0.29072
0.645 0.29296
0.64574 0.2954
*.*.Setup: s1223rtl.txt as Flap 1, Inverted: y, Scale = 1.0, AoA = 6.0, Reposition from (0,0) = (0, 0)*.*.
*.*.Setup: s1223rtl.txt as Flap 2, Inverted: y, Scale = 0.5, AoA = 30.0, Reposition from previous T.E. = (0.02, 0.075), Reposition from (0,0) = (1.0145, 0.1795)*.*.
*.*.Setup: s1223rtl.txt as Flap 3, Inverted: y, Scale = 0.5, AoA = 45.0, Reposition from previous T.E. = (0.02, 0.05), Reposition from (0,0) = (1.4675, 0.4795)*.*.
*.*.Setup: Scale Ratio = 0.35459*.*.