0.3687200000 -0.01812
0.36794 -0.0189
0.36638 -0.02042
0.36407 -0.02266
0.36113 -0.02546
0.35772 -0.02861
0.354 -0.03192
0.35013 -0.03518
0.34623 -0.03823
0.342330 -0.04106
0.33843 -0.04371
0.33453 -0.0462
0.33063 -0.04857
0.32673 -0.05084
0.32283 -0.05302
0.31893 -0.05513
0.31503 -0.05715
0.31113 -0.0591
0.30722 -0.06098
0.30332 -0.0628
0.29942 -0.06455
0.29552 -0.06624
0.29162 -0.06787
0.28772 -0.06945
0.28382 -0.070980
0.27992 -0.07244
0.276020 -0.07384
0.27212 -0.07517
0.26822 -0.07644
0.26432 -0.07765
0.26042 -0.07881
0.25652 -0.07993
0.252620 -0.08102
0.24872 -0.08208
0.24482 -0.083110
0.24092 -0.0841
0.23702 -0.08505
0.23312 -0.08596
0.229220 -0.08682
0.22532 -0.087620
0.22142 -0.08838
0.21751 -0.08909
0.21361 -0.08975
0.20971 -0.09037
0.20581 -0.09095
0.20191 -0.09149
0.19801 -0.09199
0.19411 -0.09245
0.19021 -0.09288
0.18631 -0.09327
0.18241 -0.09362
0.17851 -0.09393
0.17461 -0.09419
0.17071 -0.0944
0.16681 -0.09457
0.16291 -0.09469
0.15901 -0.09477
0.15511 -0.09479
0.15121 -0.09477
0.14731 -0.09471
0.14341 -0.09459
0.139510 -0.09442
0.13561 -0.09421
0.1317 -0.09394
0.1278 -0.09362
0.1239 -0.09326
0.12 -0.09285
0.11610 -0.09241
0.1122 -0.09193
0.1083 -0.09141
0.1044 -0.09083
0.1005 -0.090190
0.0966 -0.089460
0.09270 -0.08864
0.0888 -0.08774
0.0849 -0.08674
0.081 -0.08566
0.0771 -0.08449
0.0732 -0.08322
0.0693 -0.08186
0.0654 -0.08038
0.0615 -0.07876
0.0576 -0.0769900
0.0537 -0.07506
0.0498 -0.0729700
0.0459 -0.070720
0.04199 -0.06833
0.03809 -0.06578
0.03419 -0.06308
0.03029 -0.06016
0.026390 -0.05694
0.02249 -0.053350
0.01859 -0.0493
0.01472 -0.04477
0.011 -0.03988
0.00759 -0.03481
0.00465 -0.02973
0.00234 -0.02482
0.00078 -0.02025
0.000000 -0.01254
0.00078 -0.00962
0.00234 -0.00746
0.00465 -0.00613
0.00759 -0.00551
0.011 -0.00548
0.01472 -0.00589
0.01859 -0.00659
0.02249 -0.00747
0.026390 -0.0085
0.03029 -0.00966
0.03419 -0.01096
0.03809 -0.01237
0.04199 -0.0139
0.0459 -0.01553
0.0498 -0.01725
0.0537 -0.01903
0.0576 -0.02088
0.0615 -0.02276
0.0654 -0.02468
0.0693 -0.02661
0.0732 -0.02855
0.0771 -0.03049
0.081 -0.03242
0.0849 -0.03432
0.0888 -0.0362
0.09270 -0.03806
0.0966 -0.03988
0.1005 -0.04167
0.1044 -0.04342
0.1083 -0.04513
0.1122 -0.0468
0.11610 -0.04843
0.12 -0.05002
0.1239 -0.051560
0.1278 -0.05306
0.1317 -0.05451
0.13561 -0.055910
0.139510 -0.0572600
0.14341 -0.05857
0.14731 -0.05982
0.15121 -0.06102
0.15511 -0.06216
0.15901 -0.06326
0.16291 -0.06429
0.16681 -0.06527
0.17071 -0.06619
0.17461 -0.06705
0.17851 -0.06784
0.18241 -0.06858
0.18631 -0.069260
0.19021 -0.06990
0.19411 -0.07049
0.19801 -0.07103
0.20191 -0.071530
0.20581 -0.07197
0.20971 -0.07235
0.21361 -0.07266
0.21751 -0.0729
0.22142 -0.07307
0.22532 -0.07316
0.229220 -0.07318
0.23312 -0.07313
0.23702 -0.07302
0.24092 -0.07283
0.24482 -0.072570
0.24872 -0.07223
0.252620 -0.07182
0.25652 -0.07133
0.26042 -0.07075
0.26432 -0.0701
0.26822 -0.06936
0.27212 -0.06853
0.276020 -0.06762
0.27992 -0.06661
0.28382 -0.06551
0.28772 -0.06431
0.29162 -0.06301
0.29552 -0.0616
0.29942 -0.0601
0.30332 -0.0585
0.30722 -0.05681
0.31113 -0.05503
0.31503 -0.05318
0.31893 -0.051240
0.32283 -0.04924
0.32673 -0.04715
0.33063 -0.045
0.33453 -0.04277
0.33843 -0.04044
0.342330 -0.03801
0.34623 -0.03544
0.35013 -0.032720
0.354 -0.02985
0.35772 -0.02698
0.36113 -0.02427
0.36407 -0.02187
0.36638 -0.019960
0.36794 -0.01867
0.3687200000 -0.01812
-Inserting Flap Ga2-
0.48104 0.08698
0.48098 0.08654
0.48085 0.08568
0.48065 0.08441
0.48038 0.08280
0.480050 0.08098
0.47966 0.07903
0.47921 0.07705
0.47870 0.075140
0.47813 0.07329
0.47752 0.07151
0.47688 0.06978
0.4762 0.06808
0.4755 0.06642
0.47478 0.06478
0.47404 0.06317
0.47328 0.06158
0.47251 0.060020
0.47171 0.05848
0.4709 0.05696
0.47008 0.05546
0.46924 0.05398
0.46839 0.05252
0.46752 0.05108
0.46664 0.04965
0.46575 0.04825
0.46484 0.04686
0.46392 0.0455
0.46297 0.04415
0.46202 0.04283
0.461050 0.04152
0.46008 0.04022
0.45909 0.03894
0.4581 0.03766
0.4571 0.03639
0.4561 0.03513
0.455080 0.03389
0.45405 0.03266
0.45301 0.03145
0.45196 0.03025
0.4509 0.02907
0.44982 0.02791
0.44873 0.02676
0.44764 0.02562
0.44653 0.024490
0.44542 0.02338
0.44429 0.02228
0.44316 0.0212
0.44201 0.02012
0.44086 0.01906
0.4397 0.018010
0.43853 0.01697
0.43734 0.01595
0.43615 0.01494
0.43494 0.013950
0.43373 0.01297
0.4325 0.01201
0.43126 0.01106
0.43001 0.01013
0.42875 0.009210
0.42747 0.00831
0.42619 0.00742
0.42489 0.00655
0.42358 0.0057
0.42225 0.004860
0.42092 0.00404
0.41958 0.00323
0.41822 0.00243
0.41686 0.00165
0.41549 0.000870
0.41411 0.00012
0.4127 -0.000610
0.41128 -0.00132
0.409840 -0.002
0.408380 -0.002650
0.40689 -0.00327
0.40539 -0.00386
0.40386 -0.00443
0.40231 -0.00496
0.40073 -0.00546
0.39913 -0.00593
0.39749 -0.00635
0.39582 -0.00672
0.39411 -0.00705
0.39236 -0.00732
0.390580 -0.007540
0.38875 -0.007710
0.38689 -0.00784
0.385 -0.00792
0.38305 -0.00792
0.38103 -0.00783
0.37892 -0.00762
0.37670 -0.00727
0.37437 -0.00675
0.372 -0.00609
0.36969 -0.00529
0.36753 -0.00437
0.36561 -0.00336
0.36401 -0.002280
0.36191 -0.000004
0.361450 0.00112
0.36143 0.00218
0.36185 0.00317
0.36264 0.00407
0.36372 0.0049
0.36501 0.00567
0.36642 0.00637
0.36787 0.00703
0.36937 0.007640
0.37089 0.00821
0.37245 0.00874
0.37404 0.00922
0.37565 0.00967
0.37729 0.01009
0.37895 0.01048
0.38062 0.01085
0.38231 0.0112
0.38401 0.01154
0.38572 0.01186
0.38743 0.01219
0.38915 0.0125
0.39086 0.012820
0.39257 0.01315
0.39427 0.01348
0.39597 0.013820
0.39766 0.014160
0.39935 0.01452
0.401030 0.01489
0.40269 0.01527
0.404350 0.01566
0.406 0.01606
0.40764 0.01648
0.40927 0.016910
0.41088 0.01736
0.41249 0.01782
0.41408 0.0183
0.41567 0.01879
0.41724 0.01929
0.4188 0.01982
0.42035 0.02036
0.42188 0.02091
0.4234 0.02148
0.42491 0.02207
0.42641 0.02268
0.42789 0.02331
0.42936 0.02395
0.43081 0.024620
0.43225 0.0253
0.43367 0.02601
0.435080 0.02673
0.43648 0.02746
0.43787 0.02821
0.43924 0.02898
0.44061 0.02976
0.44196 0.03056
0.4433 0.03138
0.44462 0.03221
0.44592 0.03308
0.44721 0.03396
0.44848 0.03487
0.4497300 0.0358
0.45096 0.03676
0.45218 0.03774
0.45338 0.038730
0.45457 0.03976
0.45573 0.04080
0.45688 0.04187
0.45801 0.04297
0.45911 0.04409
0.4602 0.04524
0.46127 0.04642
0.46232 0.04762
0.46334 0.04885
0.464350 0.05011
0.46533 0.0514
0.46628 0.05272
0.46722 0.05408
0.468130 0.05546
0.46901 0.05688
0.46987 0.058340
0.47071 0.05981
0.47153 0.06132
0.47233 0.06285
0.47311 0.06441
0.473870 0.06599
0.474620 0.06759
0.47534 0.06922
0.47605 0.07087
0.47674 0.07255
0.4774 0.07427
0.47802 0.0760300
0.47862 0.07784
0.47916 0.07969
0.47966 0.0815
0.4801 0.08319
0.48046 0.08466
0.480740 0.08583
0.4809200 0.08661
0.48104 0.08698
-Inserting Flap Ga2-
0.6052 0.21195
0.60521 0.21151
0.605190 0.21064
0.60517 0.20935
0.60513 0.20773
0.60506 0.20587
0.60495 0.20389
0.60477 0.20187
0.60453 0.1999
0.60423 0.198
0.60387 0.19615
0.60348 0.19434
0.60304 0.19257
0.60258 0.190820
0.6021 0.1891
0.60159 0.1874
0.60106 0.18573
0.60051 0.18407
0.59993 0.182440
0.59934 0.18082
0.59874 0.17922
0.59811 0.177640
0.59747 0.17607
0.59681 0.17452
0.59614 0.17299
0.59545 0.17147
0.594740 0.16997
0.59402 0.16849
0.59327 0.16703
0.59251 0.16559
0.59174 0.16415
0.59095 0.16274
0.59016 0.16132
0.58935 0.15992
0.58854 0.15853
0.58772 0.15714
0.58689 0.15577
0.58604 0.154410
0.58518 0.15306
0.5843 0.15173
0.58341 0.150420
0.58251 0.14911
0.58159 0.14782
0.580670 0.14654
0.57973 0.14528
0.57878 0.14402
0.57781 0.14278
0.57684 0.141540
0.57586 0.140320
0.57487 0.13910
0.57386 0.1379000
0.5728500 0.13671
0.57182 0.135530
0.57077 0.13437
0.56972 0.13322
0.568650 0.13208
0.56757 0.13096
0.56647 0.12985
0.56536 0.12875
0.56424 0.12767
0.56311 0.1266
0.56195 0.12554
0.56079 0.1245
0.55961 0.12347
0.55842 0.12246
0.55721 0.12146
0.55599 0.12047
0.55477 0.11949
0.55353 0.11852
0.55228 0.11757
0.55101 0.11663
0.54972 0.11571
0.54842 0.11481
0.54708 0.11394
0.54572 0.11309
0.54434 0.11227
0.54293 0.11147
0.54149 0.1107
0.54003 0.10995
0.53854 0.10924
0.53702 0.1085500
0.53546 0.107910
0.53386 0.1073
0.53221 0.10675
0.53051 0.10623
0.52877 0.10577
0.52699 0.105340
0.5251700 0.10496
0.5233 0.10462
0.52137 0.10434
0.51936 0.10415
0.51724 0.10406
0.51499 0.1041
0.51261 0.10429
0.51018 0.10462
0.50778 0.10509
0.50552 0.1057
0.50347 0.10643
0.50174 0.10728
0.49934 0.109240
0.49873 0.11029
0.49856 0.11134
0.49884 0.11237
0.49950 0.11338
0.50045 0.11435
0.50162 0.11529
0.50291 0.11618
0.50426 0.11704
0.505660 0.11785
0.50709 0.11862
0.508560 0.11936
0.51006 0.12006
0.5116 0.12073
0.51316 0.12138
0.51475 0.12199
0.51636 0.12259
0.51798 0.12317
0.519620 0.12374
0.52127 0.12431
0.52292 0.12486
0.52457 0.12542
0.52622 0.12597
0.52787 0.12653
0.52951 0.12709
0.53115 0.12767
0.53277 0.12824
0.534390 0.12883
0.536 0.12943
0.5376 0.13004
0.53919 0.13066
0.54076 0.13129
0.54233 0.13193
0.543880 0.13258
0.54542 0.13325
0.54695 0.13393
0.54846 0.13462
0.54996 0.13533
0.55144 0.13605
0.55292 0.136780
0.5543700 0.13753
0.55582 0.1383
0.55724 0.13908
0.55866 0.13987
0.5600500 0.14068
0.56143 0.14151
0.56279 0.14235
0.56414 0.14321
0.56547 0.14409
0.56678 0.14498
0.56808 0.14589
0.56936 0.146820
0.57063 0.14775
0.57189 0.1487
0.57313 0.14967
0.57436 0.15064
0.57557 0.15164
0.57676 0.15266
0.57793 0.15369
0.57908 0.15475
0.58021 0.15582
0.58132 0.15692
0.58241 0.158040
0.583480 0.15917
0.58453 0.16033
0.585560 0.161510
0.58657 0.162710
0.58755 0.16393
0.58852 0.16517
0.58946 0.16643
0.59038 0.16772
0.59127 0.16904
0.59214 0.17037
0.59298 0.17173
0.5938 0.17312
0.5946 0.17454
0.59536 0.17598
0.59609 0.17745
0.5968 0.17895
0.59748 0.18048
0.59813 0.18204
0.59875 0.18362
0.59935 0.18522
0.59993 0.18685
0.60049 0.1885
0.60103 0.19017
0.60154 0.19186
0.60203 0.19358
0.6025 0.19531
0.60295 0.19707
0.60336 0.19886
0.60374 0.20069
0.60407 0.20257
0.60436 0.20447
0.6046 0.20634
0.6048 0.20807
0.60495 0.20958
0.60506 0.21077
0.60514 0.21158
0.6052 0.21195
*.*.Setup: Ga2.txt as Flap 1, Inverted: y, Scale = 1.0, AoA = 0.0, Reposition from (0,0) = (0, 0)*.*.
*.*.Setup: Ga2.txt as Flap 2, Inverted: y, Scale = 0.4, AoA = 37.0, Reposition from previous T.E. = (-0.0267, 0.06), Reposition from (0,0) = (0.9733, 0.0109)*.*.
*.*.Setup: Ga2.txt as Flap 3, Inverted: y, Scale = 0.4, AoA = 45.0, Reposition from previous T.E. = (0.04, 0.07), Reposition from (0,0) = (1.3446, 0.3059)*.*.
*.*.Setup: Scale Ratio = 0.36872*.*.