0.37428 -0.03152
0.37345 -0.032290
0.37181 -0.03378
0.369380 -0.03597
0.36629 -0.03871
0.362720 -0.0418
0.35882 -0.04503
0.35477 -0.0482
0.35069 -0.051170
0.34662 -0.05391
0.34256 -0.05646
0.33851 -0.058850
0.33446 -0.061120
0.33041 -0.06329
0.32637 -0.06538
0.32233 -0.06738
0.31829 -0.0693
0.31426 -0.07114
0.31022 -0.07292
0.30619 -0.07462
0.30216 -0.07627
0.29814 -0.07785
0.29411 -0.07937
0.29009 -0.08084
0.28607 -0.08225
0.28205 -0.08359
0.27804 -0.08488
0.27403 -0.0861
0.27001 -0.08725
0.26601 -0.08834
0.262 -0.08938
0.25799 -0.09038
0.25399 -0.09135
0.24998 -0.09229
0.24598 -0.0932
0.24198 -0.09407
0.23798 -0.0949
0.23398 -0.09568
0.22999 -0.09642
0.22599 -0.0971
0.222 -0.09773
0.21801 -0.09831
0.21402 -0.09885
0.21003 -0.09934
0.20604 -0.09979
0.20206 -0.10020
0.198070 -0.10057
0.19409 -0.1009
0.19011 -0.1012
0.18613 -0.10145
0.18215 -0.10167
0.17818 -0.10184
0.1742 -0.10197
0.17023 -0.102050
0.16625 -0.10208
0.16228 -0.10207
0.15832 -0.10201
0.15435 -0.10189
0.15038 -0.10174
0.14642 -0.10153
0.14246 -0.10127
0.1385 -0.10096
0.13454 -0.1006
0.13058 -0.10019
0.12663 -0.09973
0.12268 -0.09922
0.11872 -0.09867
0.11477 -0.09809
0.11082 -0.0974600
0.10688 -0.09679
0.10293 -0.09607
0.09899 -0.09527
0.09505 -0.09439
0.09111 -0.09343
0.08718 -0.09237
0.08325 -0.09122
0.07932 -0.089980
0.07539 -0.08865
0.07147 -0.08722
0.06756 -0.0857
0.06364 -0.084050
0.05973 -0.08226
0.05583 -0.08033
0.05193 -0.07823
0.048040 -0.07596
0.04416 -0.07354
0.04027 -0.07097
0.0364 -0.06824
0.03253 -0.06536
0.02867 -0.06225
0.02481 -0.058840
0.02098 -0.05505
0.01715 -0.05079
0.01338 -0.04604
0.00977 -0.040940
0.00648 -0.03566
0.00368 -0.0304
0.0015 -0.02532
7e-05 -0.02061
-0.00045 -0.012750
0.00045 -0.00981
0.00211 -0.00767
0.00452 -0.00639
0.00752 -0.00588
0.01099 -0.00596
0.01476 -0.00651
0.01867 -0.00736
0.02261 -0.00840
0.02653 -0.00958
0.03046 -0.0109
0.03438 -0.01235
0.0383 -0.01393
0.04221 -0.01563
0.04611 -0.01742
0.05002 -0.0193
0.05392 -0.021260
0.05782 -0.02327
0.06172 -0.02533
0.06562 -0.02741
0.06952 -0.02952
0.07341 -0.03163
0.07731 -0.033740
0.08121 -0.03584
0.08511 -0.03791
0.08901 -0.03996
0.09291 -0.04199
0.09681 -0.04398
0.10071 -0.04594
0.10461 -0.04786
0.10852 -0.04974
0.11243 -0.05157
0.11633 -0.05337
0.12024 -0.05512
0.12416 -0.05683
0.12807 -0.05849
0.13198 -0.0601
0.1359 -0.06166
0.13982 -0.063180
0.14374 -0.06464
0.14766 -0.06605
0.15158 -0.06741
0.15551 -0.06872
0.15943 -0.06997
0.16336 -0.07116
0.16729 -0.07229
0.17123 -0.07336
0.175160 -0.07437
0.1791 -0.07532
0.18304 -0.07621
0.18698 -0.077040
0.19093 -0.07783
0.19487 -0.07856
0.19882 -0.07926
0.20277 -0.0799
0.20672 -0.08049
0.21067 -0.08101
0.21462 -0.08147
0.21858 -0.08185
0.22254 -0.08216
0.2265 -0.082390
0.23047 -0.08255
0.23444 -0.08264
0.23841 -0.082660
0.24238 -0.0826100
0.246360 -0.08248
0.25033 -0.082280
0.25431 -0.082
0.2583 -0.08163
0.26228 -0.08119
0.26627 -0.08066
0.27027 -0.08005
0.27426 -0.07934
0.27826 -0.07855
0.28226 -0.07767
0.28627 -0.07669
0.29027 -0.07561
0.29429 -0.07442
0.2983 -0.07313
0.30232 -0.07174
0.3063500 -0.07025
0.31037 -0.06867
0.3144 -0.067
0.31843 -0.06526
0.32247 -0.06343
0.3265 -0.06153
0.33054 -0.05955
0.334590 -0.05749
0.33863 -0.05536
0.34268 -0.05314
0.34673 -0.0508
0.35079 -0.04833
0.35485 -0.0457
0.35889 -0.04293
0.36278 -0.04014
0.36634 -0.0375
0.36941 -0.03517
0.37183 -0.0333
0.37346 -0.03205
0.37428 -0.03152
-Inserting Flap Ga2-
0.49544 0.064260
0.49534 0.063820
0.49513 0.06296
0.49481 0.06169
0.49440 0.060090
0.4939 0.05826
0.49333 0.05632
0.4927 0.05436
0.49201 0.05247
0.49128 0.050650
0.4905 0.04889
0.48969 0.0471900
0.48886 0.04554
0.4880 0.04391
0.48712 0.04231
0.48623 0.04075
0.48532 0.03921
0.4844 0.03769
0.48346 0.0362
0.4825 0.03474
0.48153 0.03329
0.48055 0.03186
0.47956 0.03046
0.47855 0.02907
0.47753 0.02771
0.4765 0.02636
0.47546 0.02504
0.4744 0.02374
0.47333 0.02246
0.472240 0.0212
0.47115 0.01996
0.47004 0.01873
0.46893 0.01751
0.467810 0.01631
0.46669 0.01511
0.46556 0.01392
0.46442 0.01275
0.463270 0.0116
0.4621 0.010460
0.46093 0.00934
0.45975 0.00824
0.45856 0.00716
0.45735 0.00609
0.45614 0.00503
0.45492 0.00399
0.45369 0.00296
0.45245 0.00195
0.4512 0.00095
0.44995 -4e-05
0.44869 -0.00102
0.44742 -0.00198
0.44614 -0.00293
0.44485 -0.00386
0.44355 -0.00477
0.44224 -0.00567
0.44092 -0.00655
0.43959 -0.00742
0.43825 -0.00827
0.4369 -0.00911
0.43554 -0.00992
0.43417 -0.010730
0.43278 -0.01151
0.43139 -0.01228
0.42999 -0.01302
0.42857 -0.01376
0.427150 -0.01447
0.42571 -0.01517
0.42427 -0.01586
0.42282 -0.01654
0.42136 -0.0172
0.41989 -0.01784
0.41841 -0.01846
0.4169 -0.01905
0.41538 -0.01961
0.41384 -0.02014
0.41228 -0.02063
0.4107 -0.02110
0.4091 -0.02154
0.40748 -0.02194
0.40584 -0.02231
0.40418 -0.02264
0.40248 -0.02293
0.40075 -0.02316
0.39899 -0.02333
0.39719 -0.02345
0.395360 -0.023520
0.3935 -0.02353
0.39161 -0.0235
0.38968 -0.0234
0.3877 -0.02324
0.38566 -0.02297
0.38354 -0.022570
0.38132 -0.02201
0.37901 -0.02128
0.37667 -0.0204
0.3744 -0.01938
0.37229 -0.01826
0.37043 -0.0170700
0.36891 -0.01583
0.36698 -0.01333
0.36662 -0.01216
0.36669 -0.01108
0.3672 -0.01012
0.36808 -0.00927
0.369250 -0.00853
0.37062 -0.00786
0.37211 -0.00727
0.37365 -0.00673
0.37521 -0.00625
0.37681 -0.00581
0.37844 -0.005410
0.38009 -0.00506
0.38176 -0.00475
0.38346 -0.00447
0.38518 -0.00422
0.386910 -0.0040
0.38865 -0.00379
0.39040 -0.0036
0.39216 -0.00342
0.393930 -0.00325
0.39569 -0.00308
0.39746 -0.0029
0.39922 -0.00273
0.40097 -0.00254
0.40273 -0.00235
0.404470 -0.002150
0.40621 -0.00194
0.40794 -0.00171
0.40967 -0.00148
0.41138 -0.001230
0.41309 -0.00096
0.41479 -0.00068
0.41648 -0.000390
0.41815 -8e-05
0.41982 0.000240
0.42148 0.00058
0.42313 0.00094
0.42477 0.00132
0.4264 0.00171
0.42801 0.00212
0.42962 0.002540
0.43121 0.00299
0.43279 0.00345
0.43436 0.00394
0.43592 0.00444
0.43746 0.00497
0.43899 0.00551
0.44051 0.00608
0.442020 0.00666
0.44351 0.00727
0.44499 0.00789
0.44647 0.00853
0.44793 0.00918
0.44938 0.009850
0.45083 0.01054
0.45225 0.01125
0.45367 0.01198
0.45506 0.01274
0.45645 0.01353
0.45781 0.01434
0.45916 0.01517
0.4605 0.01603
0.46182 0.01691
0.46313 0.01781
0.46442 0.01875
0.46569 0.01970
0.46695 0.02069
0.46819 0.0217
0.46941 0.02274
0.47061 0.0238
0.4718 0.0249
0.47297 0.02603
0.47412 0.02718
0.47525 0.028370
0.47636 0.02959
0.47744 0.03085
0.47851 0.03214
0.47955 0.03346
0.48057 0.03483
0.48157 0.03622
0.48256 0.03764
0.48352 0.03910
0.48447 0.04058
0.48539 0.04209
0.486310 0.04362
0.4872 0.04518
0.488090 0.04677
0.48895 0.04838
0.4898 0.05002
0.49062 0.0517
0.49141 0.05343
0.49217 0.05521
0.49289 0.05703
0.49355 0.05883
0.49414 0.0605
0.494640 0.06196
0.49503 0.06312
0.49529 0.0639
0.49544 0.064260
-Inserting Flap Ga2-
0.5955 0.21061
0.5956 0.21018
0.59579 0.20931
0.596080 0.20803
0.596420 0.20642
0.59678 0.20456
0.59713 0.20257
0.597430 0.20053
0.59766 0.19853
0.5978 0.19657
0.59789 0.19465
0.59792 0.19277
0.5979 0.19091
0.59786 0.18908
0.59778 0.18726
0.59768 0.18546
0.59754 0.18368
0.59739 0.18191
0.5972 0.18016
0.597 0.17842
0.59677 0.17669
0.59653 0.17498
0.59626 0.17328
0.59597 0.17159
0.59567 0.16991
0.59534 0.16825
0.59499 0.1666
0.59462 0.16496
0.59423 0.16334
0.59381 0.16173
0.59338 0.16013
0.59293 0.15854
0.59248 0.15696
0.59201 0.15538
0.59153 0.15381
0.59105 0.15225
0.590540 0.15069
0.59002 0.14915
0.58949 0.14761
0.58893 0.14609
0.58836 0.14458
0.58777 0.14308
0.587170 0.14158
0.58655 0.1401
0.58592 0.13863
0.58527 0.13716
0.58461 0.1357
0.58394 0.13425
0.583250 0.13281
0.58255 0.13138
0.58184 0.12995
0.58112 0.128530
0.58037 0.12713
0.57961 0.12573
0.57884 0.12434
0.57805 0.12297
0.57724 0.1216
0.57642 0.12024
0.57558 0.11889
0.57472 0.11756
0.57385 0.11623
0.57295 0.11492
0.57205 0.11361
0.57112 0.11232
0.570180 0.11104
0.56922 0.10976
0.568240 0.1085
0.56726 0.10724
0.56626 0.10599
0.56524 0.10475
0.56421 0.10352
0.56315 0.10231
0.56207 0.10112
0.56095 0.09994
0.55981 0.09878
0.55863 0.09764
0.55742 0.09652
0.55618 0.095420
0.55491 0.09434
0.5536 0.09328
0.5522500 0.09225
0.55086 0.09124
0.54942 0.09027
0.54791 0.08933
0.54636 0.088430
0.54475 0.08755
0.54308 0.08672
0.54137 0.08591
0.5396 0.08513
0.53775 0.08441
0.53581 0.08374
0.53373 0.08316
0.53149 0.08267
0.52909 0.0823
0.52661 0.08206
0.52412 0.08196
0.52173 0.08203
0.51954 0.08228
0.51762 0.082710
0.51479 0.08409
0.51394 0.08498
0.51353 0.08598
0.51356 0.08707
0.51397 0.08822
0.514690 0.08941
0.51563 0.09061
0.5167 0.0918
0.51784 0.09296
0.51902 0.094090
0.52026 0.0952
0.52154 0.09627
0.52287 0.09732
0.52423 0.09834
0.52563 0.09935
0.52706 0.10033
0.52851 0.1013
0.52998 0.10226
0.53146 0.10321
0.53296 0.104150
0.534470 0.10509
0.53597 0.10602
0.53748 0.10696
0.53898 0.1079
0.54047 0.10884
0.54195 0.10979
0.54343 0.11075
0.54489 0.11171
0.54635 0.11268
0.54779 0.11365
0.54921 0.11464
0.550630 0.11563
0.55202 0.11664
0.55341 0.11765
0.55477 0.11867
0.556130 0.1197
0.55746 0.12074
0.55878 0.12179
0.56008 0.12286
0.561370 0.12393
0.56263 0.12501
0.56388 0.12611
0.56511 0.1272100
0.56633 0.128330
0.56752 0.12946
0.56869 0.1306
0.56984 0.13176
0.57097 0.13292
0.57208 0.13411
0.573170 0.1353
0.57424 0.1365
0.575290 0.13772
0.57633 0.13894
0.57735 0.14018
0.57836 0.14142
0.57934 0.14268
0.58031 0.14395
0.581250 0.14524
0.58217 0.14654
0.58306 0.14785
0.58392 0.14918
0.58476 0.15053
0.58558 0.151890
0.58637 0.15327
0.58714 0.15466
0.58788 0.15606
0.5886 0.15749
0.58929 0.15893
0.58995 0.16038
0.59059 0.16186
0.59119 0.163350
0.59177 0.16486
0.59232 0.16638
0.59284 0.16793
0.59332 0.1695
0.59377 0.17108
0.59419 0.17269
0.59457 0.17432
0.59492 0.17597
0.59523 0.17764
0.59551 0.179340
0.59576 0.18105
0.59598 0.18278
0.59617 0.18453
0.59633 0.18629
0.59647 0.188070
0.59658 0.18987
0.59667 0.19168
0.59673 0.1935
0.59676 0.19535
0.59675 0.19722
0.59669 0.19912
0.59658 0.20106
0.59642 0.20301
0.59622 0.20491
0.596 0.20667
0.5958 0.2082
0.59563 0.20941
0.59552 0.21023
0.5955 0.21061
*.*.Setup: Ga2.txt as Flap 1, Inverted: y, Scale = 1.0, AoA = -2.0, Reposition from (0,0) = (0, 0)*.*.
*.*.Setup: Ga2.txt as Flap 2, Inverted: y, Scale = 0.4, AoA = 32.0, Reposition from previous T.E. = (-0.0267, 0.06), Reposition from (0,0) = (0.971, -0.024)*.*.
*.*.Setup: Ga2.txt as Flap 3, Inverted: y, Scale = 0.4, AoA = 58.333333333333336, Reposition from previous T.E. = (0.04, 0.06), Reposition from (0,0) = (1.3606, 0.2313)*.*.
*.*.Setup: Scale Ratio = 0.37515*.*.