0.35677 0.0375
0.354680 0.03541
0.35162 0.03237
0.34805 0.02938
0.34372 0.02649
0.338460 0.023520
0.33212 0.02032
0.32463 0.0169
0.316090 0.01329
0.306730 0.00959
0.29682 0.00589
0.28658 0.00224
0.276170 -0.001280
0.26569 -0.00466
0.25518 -0.00785
0.24465 -0.010870
0.23406 -0.0137
0.22337 -0.01636
0.2125200 -0.01887
0.20146 -0.02127
0.19016 -0.02359
0.17864 -0.02586
0.16694 -0.02811
0.15517 -0.030330
0.14349 -0.0325
0.13207 -0.03456
0.12109 -0.03645
0.11073 -0.03809
0.10111 -0.03937
0.09218 -0.04024
0.08381 -0.04067
0.07588 -0.04066
0.06831 -0.0402
0.06104 -0.03931
0.05405 -0.038
0.04734 -0.03628
0.040920 -0.03417
0.03484 -0.03173
0.02919 -0.02902
0.02406 -0.02618
0.01954 -0.023340
0.01568 -0.02061
0.01245 -0.01805
0.00978 -0.01567
0.00758 -0.01345
0.005780 -0.0114
0.0043 -0.009480
0.00309 -0.0077
0.0021 -0.00602
0.00132 -0.004450
0.00072 -0.00297
0.00029 -0.00156
0.000055 -0.00022
-6e-05 0.00108
0.00013 0.00237
0.00074 0.00354
0.0018 0.00444
0.003140 0.0051
0.00472 0.005590
0.00652 0.006
0.00861 0.00636
0.01106 0.0067
0.01397 0.00701
0.01754 0.00731
0.02198 0.007590
0.02763 0.00786
0.03475 0.00808
0.0433 0.00820
0.0529 0.00816
0.06324 0.00788
0.07422 0.00739
0.08575 0.00676
0.09766 0.00606
0.10973 0.00533
0.12177 0.00461
0.133670 0.00394
0.14539 0.00335
0.156920 0.00286
0.16825 0.0025
0.1794 0.0023
0.19040 0.00227
0.20124 0.00243
0.21197 0.0028
0.22258 0.00337
0.23309 0.00418
0.24352 0.00521
0.25387 0.00648
0.26415 0.00798
0.27436 0.00973
0.28447 0.01171
0.29444 0.013920
0.3042 0.01633
0.31358 0.01891
0.32238 0.0216
0.33035 0.02431
0.337340 0.02699
0.3433 0.02961
0.34832 0.03215
0.35251 0.03460
0.35677 0.0375
-Inserting Flap s1223rtl-
0.52532 0.13472
0.52456 0.133450
0.52345 0.13161
0.52207 0.12973
0.52032 0.1278
0.51813 0.12572
0.51544 0.12341000
0.512220 0.12084
0.50851 0.11806
0.50442 0.11513
0.50006 0.11213
0.49553 0.10912
0.49091 0.10615
0.48623 0.10325
0.48152 0.10043
0.47678 0.09769
0.47198 0.09504
0.46712 0.09246
0.46216 0.08992
0.45708 0.087420
0.45188 0.08493
0.44657 0.08243
0.441160 0.07993
0.43572 0.07743
0.43032 0.07496
0.42502 0.072580
0.41993 0.07033
0.4151 0.06829
0.410590 0.0665
0.40636 0.065
0.40235 0.06378
0.39850 0.06283
0.39477 0.06213
0.391140 0.06168
0.38759 0.06147
0.384120 0.0615
0.380760 0.06174
0.37751 0.06219
0.37444 0.062820
0.37161 0.06358
0.369080 0.06441
0.36687 0.06527
0.365 0.066120
0.36341 0.06695
0.36208 0.06776
0.360950 0.06854
0.36 0.06929
0.3592 0.07001
0.35852 0.07070
0.357950 0.07137
0.35748 0.072020
0.3571 0.072650
0.35681 0.07327
0.35661 0.07389
0.35655 0.07454
0.3567 0.07518
0.35711 0.07574
0.35768 0.07622
0.35838 0.07666
0.35921 0.07707
0.36018 0.0775
0.36133 0.07796
0.3627 0.07846
0.36439 0.07904
0.36652 0.07972
0.36923 0.08053
0.372650 0.08149
0.37678 0.08259
0.38145 0.0837300
0.3865 0.084840
0.39189 0.08593
0.39756 0.08702
0.403420 0.08812
0.40936 0.08923
0.415290 0.09034
0.42115 0.09145
0.4269 0.09258
0.43255 0.09374
0.43809 0.09494
0.44353 0.096190
0.44887 0.0975
0.45411 0.09889
0.45927 0.10037
0.464350 0.10193
0.46935 0.103590
0.47428 0.10535
0.47915 0.10722
0.48396 0.1092
0.48870 0.11128
0.49337 0.11346
0.497940 0.115740
0.50238 0.11809
0.506620 0.12048
0.51056 0.12284
0.5141 0.12513
0.51717 0.12727
0.519740 0.12926
0.52187 0.13110
0.52361 0.1328
0.52532 0.13472
-Inserting Flap s1223rtl-
0.65933 0.28487
0.65917 0.2834
0.65894 0.28126
0.65849 0.27897
0.65772 0.27649
0.65662 0.27368
0.65515 0.27044
0.653320 0.26675
0.65114 0.26266
0.64867 0.25828
0.64598 0.25372
0.64315 0.24908
0.640210 0.24444
0.6372 0.23983
0.63413 0.23528
0.63098 0.2308
0.62776 0.22636
0.62444 0.22197
0.62101 0.21757
0.617470 0.21316
0.613810 0.20871
0.61005 0.2042
0.60621 0.19964
0.60233 0.19508
0.59848 0.19056
0.59469 0.18616
0.59102 0.18197
0.587510 0.17808
0.58417 0.17455
0.58098 0.17141
0.577860 0.16861
0.574780 0.166120
0.57169 0.16391
0.568590 0.16197
0.56546 0.16028
0.56231 0.15884
0.55915 0.15763
0.55602 0.15667
0.55297 0.15594
0.55008 0.155430
0.54744 0.15512
0.545080 0.15496
0.54301 0.15494
0.54123 0.15503
0.53968 0.1552
0.53833 0.15543
0.537150 0.15571
0.53612 0.156020
0.53521 0.15636
0.53441 0.15672
0.53371 0.15711
0.5331 0.15752
0.53257 0.15796
0.53213 0.15844
0.5318 0.159
0.531670 0.15965
0.5318 0.16033
0.53212 0.16101
0.53257 0.16169
0.53314 0.16242
0.53384 0.16322
0.53469 0.16412
0.53572 0.16516
0.537010 0.1664
0.538650 0.16791
0.54076 0.16978
0.54346 0.17211
0.54674 0.17485
0.55049 0.17785
0.55459 0.181
0.559010 0.18426
0.56369 0.18765
0.56854 0.19112
0.57346 0.19463
0.57836 0.19815
0.5832 0.20163
0.58794 0.20509
0.59257 0.208520
0.59709 0.21195
0.60149 0.21538
0.60577 0.21883
0.60993 0.222310
0.613980 0.22582
0.61792 0.22938
0.62175 0.233
0.625480 0.23669
0.62911 0.24044
0.632630 0.24426
0.63605 0.24815
0.639350 0.25210
0.64253 0.25609
0.64556 0.2601
0.64839 0.264060
0.65097 0.26787
0.65321 0.27143
0.65508 0.27467
0.65658 0.27756
0.65773 0.28013
0.65859 0.2824
0.65933 0.28487
*.*.Setup: s1223rtl.txt as Flap 1, Inverted: y, Scale = 1.0, AoA = 6.0, Reposition from (0,0) = (0, 0)*.*.
*.*.Setup: s1223rtl.txt as Flap 2, Inverted: y, Scale = 0.5, AoA = 20.0, Reposition from previous T.E. = (0.0, 0.1), Reposition from (0,0) = (0.9945, 0.2045)*.*.
*.*.Setup: s1223rtl.txt as Flap 3, Inverted: y, Scale = 0.5, AoA = 45.0, Reposition from previous T.E. = (0.02, 0.065), Reposition from (0,0) = (1.4844, 0.4405)*.*.
*.*.Setup: Scale Ratio = 0.35874*.*.