0.37382 0.00774
0.373090 0.0069
0.37162 0.005250
0.36944 0.002820
0.36667 -0.00021
0.36345 -0.003640
0.35993 -0.00724
0.35624 -0.01081
0.35252 -0.01416
0.34878 -0.0173
0.34502 -0.02025
0.34126 -0.02304
0.33749 -0.02571
0.33371 -0.02828
0.32992 -0.030770
0.32613 -0.03316
0.32233 -0.035490
0.318530 -0.03773
0.31472 -0.03991
0.3109 -0.04202
0.30709 -0.04406
0.303270 -0.04605
0.29944 -0.04797
0.29561 -0.04985
0.29178 -0.05166
0.28794 -0.053410
0.2841 -0.0551
0.28025 -0.05673
0.2764 -0.05828
0.27255 -0.05978
0.26869 -0.06123
0.26482 -0.06264
0.26096 -0.06401
0.25709 -0.06535000
0.25323 -0.06667
0.24936 -0.06795
0.24548 -0.06919
0.24161 -0.07038
0.237730 -0.07152
0.233840 -0.07261
0.22995 -0.07365
0.22606 -0.07464
0.22217 -0.075590
0.21827 -0.07649
0.21437 -0.07735
0.21047 -0.07817
0.20656 -0.07895
0.20266 -0.0797
0.19875 -0.08041
0.19483 -0.08107
0.19092 -0.0817
0.187 -0.08229
0.183070 -0.08283
0.17915 -0.08332
0.17522 -0.08377
0.17129 -0.08416
0.16735 -0.08451
0.16341 -0.08482
0.15947 -0.08507
0.155520 -0.08528
0.15158 -0.08544
0.14762 -0.08555
0.14367 -0.0856
0.13971 -0.08561
0.13574 -0.08556
0.13178 -0.08547
0.12781 -0.08534
0.12384 -0.08517
0.11986 -0.08496
0.11588 -0.08471
0.11190 -0.0844
0.10791 -0.08402
0.10392 -0.08356
0.09992 -0.08301
0.09592 -0.08237
0.09191 -0.081640
0.08789 -0.08082
0.08387 -0.07992
0.079840 -0.07892
0.0758 -0.07781
0.07175 -0.07659
0.0677 -0.07523
0.06363 -0.07372
0.05956 -0.07204
0.05547 -0.07021
0.05137 -0.068210
0.04726 -0.06607
0.04314 -0.06377
0.03901 -0.0613200
0.034860 -0.05865
0.03069 -0.05567
0.02649 -0.05231
0.02227 -0.0485
0.01803 -0.04419
0.01393 -0.039520
0.01013 -0.03463
0.0068 -0.02971
0.00412 -0.02491
0.00222 -0.0204
0.00089 -0.01267
0.00147 -0.009660
0.00289 -0.00737
0.00514 -0.00586
0.00806 -0.005030
0.0115 -0.004760
0.01529 -0.00491
0.01925 -0.00535
0.02325 -0.00596
0.02727 -0.00672
0.03129 -0.00762
0.03532 -0.008650
0.03936 -0.00981
0.04341 -0.01108
0.04747 -0.01245
0.05153 -0.013910
0.0556 -0.01544
0.05967 -0.01702
0.06374 -0.01865
0.06782 -0.02031
0.0719 -0.02199
0.07597 -0.02368
0.08005 -0.02536
0.08413 -0.02703
0.0882 -0.02868
0.09228 -0.0303
0.09635 -0.0319
0.10042 -0.03347
0.10449 -0.0350
0.108550 -0.03649
0.11261 -0.03795
0.11667 -0.0393600
0.12073 -0.04073
0.12478 -0.04206
0.12883 -0.04334
0.13288 -0.04458
0.13692 -0.04577
0.14096 -0.04691
0.145 -0.0480
0.149030 -0.04904
0.153060 -0.05003
0.15709 -0.05097
0.16111 -0.051850
0.16513 -0.05268
0.16914 -0.053450
0.17315 -0.05416
0.177150 -0.05481
0.18116 -0.0554
0.18515 -0.05593
0.189150 -0.0564
0.19314 -0.05682
0.19712 -0.05718
0.2011 -0.0575
0.20508 -0.05778
0.2090600 -0.058
0.21303 -0.05818
0.217 -0.05828
0.22096 -0.05832
0.224920 -0.05829
0.22887 -0.05818
0.23282 -0.058
0.23676 -0.05775
0.2407 -0.057420
0.24463 -0.05703
0.24856 -0.05656
0.25248 -0.05602
0.2564 -0.05541
0.26031 -0.05471
0.26422 -0.05394
0.26812 -0.05309
0.272010 -0.05215
0.2759 -0.05112
0.27978 -0.05001
0.28366 -0.04882
0.287530 -0.04752
0.29139 -0.04614
0.295250 -0.044650
0.2991 -0.04306
0.30294 -0.04136
0.30677 -0.03957
0.310600 -0.03767
0.31442 -0.03569
0.318240 -0.03362
0.32205 -0.031470
0.32585 -0.02924
0.32965 -0.02694
0.333450 -0.02456
0.33723 -0.02211
0.34102 -0.01957
0.34479 -0.016950
0.34856 -0.01421
0.35232 -0.01134
0.35607 -0.00832
0.35978 -0.00515
0.36334 -0.00199
0.36659 0.00099
0.36939 0.00362
0.37159 0.00572
0.37307 0.00713
0.37382 0.00774
-Inserting Flap Ga2-
0.5003 0.09890
0.50016 0.09847
0.49988 0.097640
0.49945 0.0964
0.49891 0.09485
0.49826 0.09309
0.49752 0.091210
0.49672 0.08932
0.49588 0.0875
0.494990 0.08576
0.49407 0.08409
0.49312 0.08247
0.49215 0.0809
0.49116 0.07936
0.490150 0.07786
0.48913 0.07638
0.48809 0.07493
0.48704 0.07351
0.48598 0.07211
0.48491 0.07074
0.48382 0.06939
0.48273 0.06806
0.48162 0.06676
0.4805 0.06547
0.479370 0.0642
0.478230 0.06296
0.47708 0.06173
0.47592 0.06054
0.47475 0.05936
0.47356 0.05821
0.47237 0.05707
0.471160 0.05595
0.46995 0.05484
0.46874 0.05374
0.46752 0.05265
0.4663 0.05157
0.46507 0.05051
0.463820 0.04947
0.46257 0.04844
0.46131 0.047430
0.460050 0.04644
0.45877 0.04547
0.45748 0.04451
0.45619 0.04357
0.45489 0.04264
0.45358 0.04173
0.45226 0.04083
0.45094 0.03995
0.44961 0.03908
0.44827 0.03822
0.44693 0.03738
0.445580 0.03655
0.44422 0.03574
0.44285 0.03494
0.44147 0.03416
0.44009 0.0334
0.43869 0.03266
0.43729 0.03193
0.43588 0.03122
0.43446 0.03053
0.43303 0.02985
0.43159 0.02919
0.43014 0.02856
0.42868 0.02794
0.42722 0.027330
0.42574 0.026750
0.42426 0.02617
0.42277 0.02562
0.42128 0.02507
0.41977 0.02454
0.41826 0.02403
0.41673 0.02355
0.41519 0.0231
0.41363 0.022670
0.412060 0.02228
0.410470 0.02192
0.40886 0.0216
0.40723 0.0213
0.40559 0.02104
0.40394 0.02082
0.40225 0.02064
0.40055 0.0205
0.39882 0.02042
0.39705 0.0204
0.39526 0.02044
0.39344 0.02053
0.39159 0.02068
0.38972 0.02088
0.38781 0.02114
0.38587 0.02148
0.38387 0.02192
0.3818 0.0225
0.37964 0.02324
0.3774100 0.02417
0.37517 0.02525
0.37301 0.02645
0.37101 0.02774
0.36927 0.02909
0.367870 0.03046
0.36617 0.03309
0.36592 0.03429
0.36608 0.03536
0.36667 0.03627
0.367620 0.03703
0.36884 0.03766
0.37026 0.0382
0.37179 0.03866
0.37336 0.03906
0.37495 0.03941
0.37658 0.03971
0.37822 0.03996
0.379890 0.040160
0.38158 0.04033
0.38329 0.04046
0.38501 0.04055
0.38675 0.04063
0.3885 0.04068
0.39025 0.04072
0.392010 0.04074
0.39377 0.04076
0.395540 0.04078
0.3973 0.04079
0.39907 0.04082
0.40082 0.04085
0.40258 0.04089
0.40433 0.04093
0.406070 0.04099
0.40781 0.04106
0.40954 0.04115
0.41126 0.04125
0.412980 0.04136
0.41468 0.04149
0.41638 0.041640
0.41807 0.0418
0.41976 0.04197
0.42143 0.04217
0.4231 0.04238
0.42476 0.04261
0.4264 0.04286
0.42804 0.04312
0.42967 0.04341
0.43129 0.043710
0.4329 0.04403
0.4345 0.04438
0.43608 0.04474
0.43766 0.04513
0.43923 0.04553
0.44078 0.04596
0.44232 0.04641
0.44386 0.04689
0.44538 0.04737
0.4469 0.04788
0.44841 0.048400
0.449910 0.04894
0.4514 0.0495
0.45287 0.05008
0.45434 0.05068
0.45579 0.05131
0.45723 0.05197
0.45865 0.052650
0.46007 0.053360
0.46147 0.0541
0.46285 0.05486
0.46423 0.05564
0.46559 0.05645
0.46693 0.05729
0.46826 0.05816
0.46958 0.059050
0.470880 0.05998
0.47217 0.06093
0.47344 0.06192
0.4747 0.06293
0.47594 0.06398
0.4771600 0.06506
0.47837 0.06618
0.47955 0.06733
0.48072 0.06851
0.48187 0.06974
0.483 0.071
0.48412 0.07229
0.48521 0.07362
0.4863 0.07498
0.48736 0.07637
0.48841 0.07778
0.48945 0.07922
0.490480 0.08069
0.49149 0.08219
0.49249 0.08371
0.49347 0.08527
0.49443 0.08686
0.495360 0.08851
0.496270 0.09021
0.49714 0.09195
0.49796 0.09367
0.49869 0.09528
0.49931 0.0966900
0.49979 0.0978
0.50012 0.09856
0.5003 0.09890
-Inserting Flap Ga2-
0.61364 0.23393
0.6137 0.23348
0.613790 0.23261
0.6139200 0.23131
0.61407 0.22967
0.61422 0.2278
0.61433 0.22578
0.61439 0.22373
0.61438 0.22173
0.6143 0.21978
0.61416 0.21787
0.61398 0.21601
0.61375 0.21417
0.61349 0.21236
0.6132 0.21057
0.612890 0.20881
0.61256 0.207060
0.6122 0.20533
0.611810 0.20362
0.61141 0.20192
0.61099 0.20024
0.61054 0.19858
0.61008 0.19693
0.6096 0.19529
0.60911 0.19367
0.60859 0.19206
0.60806 0.19047
0.6075 0.18889
0.60693 0.18734
0.60633 0.18579
0.60572 0.18426
0.60509 0.18274
0.60446 0.18123
0.60382 0.17972
0.60316 0.17822
0.6025 0.17673
0.60182 0.17525
0.60113 0.17379
0.60042 0.17233
0.5997 0.17089
0.59896 0.16946
0.5982 0.16804
0.59743 0.16664
0.59665 0.165240
0.59586 0.16386
0.59505 0.16248
0.59423 0.16112
0.59339 0.15976
0.59255 0.15841
0.591690 0.15708
0.59082 0.15575
0.58994 0.15443
0.58904 0.15313
0.58813 0.15183
0.5872 0.15055
0.58626 0.14928
0.58531 0.14802
0.58433 0.14678
0.583350 0.14554
0.58235 0.14432
0.58133 0.14311
0.5803 0.141910000
0.57925 0.14073
0.57818 0.139560
0.57710 0.1384
0.57601 0.137250
0.5749 0.13611
0.57378 0.134980
0.57265 0.13386
0.57150 0.13275
0.57033 0.13166
0.56915 0.13058
0.56794 0.12953
0.5667 0.128490
0.56543 0.127480
0.56413 0.12649
0.56281 0.12552
0.56146 0.124580
0.56008 0.12365
0.55866 0.12276
0.55721 0.121890
0.55572 0.121060
0.55417 0.120260
0.55258 0.11951
0.55094 0.11879
0.54924 0.11812
0.5475 0.11748
0.54571 0.11688
0.54387 0.11632
0.541970 0.11581
0.53996 0.11538
0.53784 0.11505
0.53557 0.11482
0.53316 0.11473
0.53067 0.11478
0.52820 0.11497
0.52585 0.11531
0.52371 0.115810
0.52187 0.11647
0.51922 0.11815
0.51849 0.11914
0.51819 0.12017
0.51835 0.12124
0.5189 0.12233
0.51974 0.12342
0.5208 0.1245
0.5220 0.12556
0.52326 0.12658
0.524570 0.12756
0.52592 0.1285
0.52731 0.12942
0.52874 0.1303
0.53021 0.13116
0.5317 0.13199
0.53323 0.13280
0.53478 0.13359
0.53634 0.13436
0.53792 0.13513
0.53951 0.13589
0.5411 0.13664
0.5427 0.13739
0.5443 0.13814
0.54589 0.1389
0.54748 0.13966
0.54905 0.14043
0.550620 0.1412
0.55218 0.141980
0.55373 0.14277
0.55527 0.14357
0.55679 0.14438
0.5583 0.1452
0.5598 0.146030
0.56129 0.14687
0.56276 0.14772
0.56421 0.14859
0.56565 0.149460
0.567080 0.15035
0.56849 0.15125
0.56988 0.15216
0.57126 0.15309
0.57262 0.15403
0.57397 0.15498
0.57529 0.15594
0.5766 0.15692
0.577890 0.15791
0.57916 0.15892
0.580420 0.15995
0.58165 0.16099
0.58286 0.16204
0.58406 0.16311
0.58524 0.16419
0.58641 0.16528
0.58756 0.16638
0.5887 0.1675
0.58982 0.16863
0.59092 0.16977
0.592 0.17093
0.59306 0.17211
0.59409 0.17331
0.5951 0.17453
0.59609 0.17576
0.59705 0.17701
0.598 0.17828
0.59892 0.17957
0.59981 0.18087
0.60069 0.1822
0.601540 0.18354
0.60236 0.1849
0.60316 0.186290
0.60393 0.18769
0.60467 0.18912
0.60539 0.19056
0.606080 0.19203
0.60674 0.19352
0.60737 0.19504
0.60797 0.19658
0.60854 0.19815
0.60907 0.19974
0.609570 0.201360
0.61004 0.203
0.61049 0.20466
0.6109 0.20635
0.61129 0.20806
0.61166 0.20978
0.612 0.21152
0.61232 0.21329
0.61261 0.21507
0.612880 0.21687
0.61313 0.21869
0.61333 0.22054
0.6135 0.22243
0.61361 0.22435
0.61368 0.2263
0.6137 0.22821
0.61369 0.22997
0.61367 0.23151
0.61364 0.23272
0.61362 0.23354
0.61364 0.23393
*.*.Setup: Ga2.txt as Flap 1, Inverted: y, Scale = 1.0, AoA = 4.0, Reposition from (0,0) = (0, 0)*.*.
*.*.Setup: Ga2.txt as Flap 2, Inverted: y, Scale = 0.4, AoA = 27.0, Reposition from previous T.E. = (-0.0267, 0.08), Reposition from (0,0) = (0.9743, 0.1007)*.*.
*.*.Setup: Ga2.txt as Flap 3, Inverted: y, Scale = 0.4, AoA = 51.666666666666664, Reposition from previous T.E. = (0.04, 0.06), Reposition from (0,0) = (1.3797, 0.3248)*.*.
*.*.Setup: Scale Ratio = 0.37345*.*.