0.3745500000 -0.0184
0.37376 -0.0192
0.37217 -0.02075
0.36982 -0.02302
0.36683 -0.02586
0.36337 -0.02907
0.3596 -0.03243
0.35566 -0.03574
0.3517 -0.03883
0.347740 -0.04171
0.34378 -0.0444
0.33981 -0.04693
0.33585 -0.04933
0.33189 -0.05164
0.32793 -0.05386
0.32397 -0.056
0.32 -0.05805
0.31604 -0.06003
0.31208 -0.06195
0.30812 -0.06379
0.30415 -0.06557
0.30019 -0.06729
0.29623 -0.06895
0.29227 -0.07055
0.28831 -0.07210
0.28434 -0.07358
0.280380 -0.075
0.27642 -0.07636
0.27246 -0.07765
0.2685 -0.07888
0.26453 -0.08006
0.26057 -0.08119
0.256610 -0.0823
0.25265 -0.08337
0.24869 -0.084420
0.24472 -0.08543
0.24076 -0.0864
0.2368 -0.08732
0.232840 -0.08819
0.22888 -0.089010
0.22491 -0.08978
0.22095 -0.0905
0.21699 -0.09117
0.21303 -0.0918
0.20907 -0.09239
0.2051 -0.09294
0.20114 -0.09344
0.19718 -0.09392
0.19322 -0.09435
0.18925 -0.09474
0.18529 -0.0951
0.18133 -0.09541
0.17737 -0.09568
0.17341 -0.09589
0.16944 -0.09607
0.16548 -0.09619
0.16152 -0.09626
0.15756 -0.09629
0.1536 -0.09627
0.14963 -0.0962
0.14567 -0.09608
0.141710 -0.09592
0.13775 -0.09569
0.13379 -0.09542
0.12982 -0.0951
0.12586 -0.09473
0.1219 -0.09432
0.117940 -0.09387
0.11398 -0.09339
0.11001 -0.09286
0.10605 -0.09227
0.10209 -0.091610
0.09813 -0.090870
0.094170 -0.09004
0.0902 -0.08912
0.08624 -0.08811
0.08228 -0.08701
0.07832 -0.08582
0.07435 -0.08454
0.07039 -0.08315
0.06643 -0.08165
0.06247 -0.08
0.05851 -0.0782100
0.05454 -0.07625
0.05058 -0.0741200
0.04662 -0.071840
0.04266 -0.06941
0.0387 -0.06682
0.03473 -0.06408
0.03077 -0.06111
0.026810 -0.05784
0.02285 -0.054190
0.01889 -0.05008
0.01495 -0.04548
0.01117 -0.04051
0.00771 -0.03536
0.00473 -0.0302
0.00238 -0.02521
0.00079 -0.02057
0.000000 -0.01274
0.00079 -0.00977
0.00238 -0.00758
0.00473 -0.00622
0.00771 -0.0056
0.01117 -0.00557
0.01495 -0.00598
0.01889 -0.0067
0.02285 -0.00759
0.026810 -0.00863
0.03077 -0.00981
0.03473 -0.01113
0.0387 -0.01257
0.04266 -0.01412
0.04662 -0.01578
0.05058 -0.01752
0.05454 -0.01933
0.05851 -0.02121
0.06247 -0.02312
0.06643 -0.02507
0.07039 -0.02703
0.07435 -0.029
0.07832 -0.03097
0.08228 -0.03293
0.08624 -0.03486
0.0902 -0.03677
0.094170 -0.03866
0.09813 -0.04051
0.10209 -0.04233
0.10605 -0.04411
0.11001 -0.04585
0.11398 -0.04754
0.117940 -0.0492
0.1219 -0.05081
0.12586 -0.052380
0.12982 -0.0539
0.13379 -0.05537
0.13775 -0.056790
0.141710 -0.0581700
0.14567 -0.05949
0.14963 -0.06076
0.1536 -0.06198
0.15756 -0.06315
0.16152 -0.06426
0.16548 -0.06531
0.16944 -0.0663
0.17341 -0.06723
0.17737 -0.06811
0.18133 -0.06891
0.18529 -0.06966
0.18925 -0.070360
0.19322 -0.0710
0.19718 -0.0716
0.20114 -0.07215
0.2051 -0.072660
0.20907 -0.07311
0.21303 -0.07349
0.21699 -0.07381
0.22095 -0.07405
0.22491 -0.07422
0.22888 -0.07432
0.232840 -0.07434
0.2368 -0.07429
0.24076 -0.07417
0.24472 -0.07398
0.24869 -0.073710
0.25265 -0.07337
0.256610 -0.07295
0.26057 -0.07245
0.26453 -0.07187
0.2685 -0.0712
0.27246 -0.07045
0.27642 -0.06961
0.280380 -0.06868
0.28434 -0.06766
0.28831 -0.06655
0.29227 -0.06533
0.29623 -0.06401
0.30019 -0.06258
0.30415 -0.06105
0.30812 -0.05942
0.31208 -0.0577
0.31604 -0.0559
0.32 -0.05402
0.32397 -0.052050
0.32793 -0.05001
0.33189 -0.0479
0.33585 -0.04571
0.33981 -0.04344
0.34378 -0.04108
0.347740 -0.03861
0.3517 -0.036
0.35566 -0.033230
0.3596 -0.03033
0.36337 -0.02741
0.36683 -0.02465
0.36982 -0.02222
0.37217 -0.020270
0.37376 -0.01896
0.3745500000 -0.0184
-Inserting Flap Ga2-
0.50139 0.07302
0.50125 0.07259
0.50097 0.07175
0.50055 0.07051
0.5 0.06896
0.49935 0.06719
0.49861 0.0653
0.49781 0.06341
0.49696 0.06159
0.49607 0.05984
0.49514 0.05816
0.49419 0.05654
0.49322 0.05497
0.49222 0.05342
0.49121 0.05191
0.49019 0.05043
0.48915 0.04898
0.4881 0.04755
0.48703 0.04615
0.48596 0.044780
0.48487 0.04342
0.48377 0.04209
0.48266 0.04078
0.48154 0.03949
0.48041 0.038220
0.47926 0.03697
0.47811 0.03574
0.47694 0.034540
0.475770 0.03336
0.47458 0.0322
0.47338 0.031060
0.47217 0.02994
0.47096 0.02883
0.46974 0.02772
0.46852 0.02663
0.46729 0.02555
0.46606 0.02449
0.46481 0.02344
0.46356 0.02241
0.46229 0.0214
0.46102 0.02041
0.45974 0.01943
0.45845 0.01847
0.457150 0.01753
0.45585 0.0166
0.454540 0.01568
0.45322 0.01478
0.45189 0.01389
0.45056 0.01302
0.44922 0.01216
0.44787 0.01131
0.44651 0.010480
0.44515 0.00967
0.44378 0.00887
0.4424 0.00809
0.44101 0.00733
0.43961 0.00658
0.4382 0.00585
0.43678 0.00514
0.43536 0.00444
0.43393 0.00377
0.43248 0.00311
0.43103 0.00247
0.42957 0.00185
0.4281 0.00124
0.42662 0.00065
0.42513 8e-05
0.423640 -0.00048
0.42214 -0.00103
0.42063 -0.00156
0.41911 -0.00207
0.41758 -0.00255
0.41603 -0.00301
0.41447 -0.00343
0.41289 -0.00382
0.4113 -0.00418
0.40969 -0.00451
0.40806 -0.00481
0.40641 -0.00507
0.40475 -0.00529
0.40306 -0.005480
0.40135 -0.00561
0.39961 -0.00569
0.39785 -0.00571
0.39605 -0.00567
0.39422 -0.00558
0.39237 -0.00543
0.39049 -0.00523
0.38858 -0.00497
0.38662 -0.00463
0.38462 -0.00419
0.382540 -0.00361
0.38039 -0.00286
0.37815 -0.00193
0.3759 -0.00085
0.37373 0.00036
0.37173 0.00165
0.36999 0.0030
0.36858 0.00437
0.366870 0.00702
0.36662 0.00822
0.366780 0.00929
0.36737 0.0102
0.36833 0.01096
0.36955 0.0116
0.370970 0.01214
0.37251 0.0126
0.37408 0.013
0.37568 0.01335
0.37731 0.01365
0.378960 0.0139
0.38063 0.01411
0.38233 0.01427
0.38404 0.0144
0.38577 0.0145
0.38751 0.01457
0.38926 0.01463
0.39102 0.01466
0.39279 0.01469
0.39456 0.01471
0.39633 0.01472
0.3981 0.014740
0.39986 0.01477
0.40163 0.0148
0.40339 0.01483
0.405140 0.01488
0.40689 0.01494
0.40863 0.01501
0.41037 0.01510
0.41209 0.0152
0.41381 0.01531
0.41553 0.01544
0.41723 0.01559
0.41893 0.01575
0.42062 0.01593
0.4223 0.01612
0.42397 0.01633
0.425630 0.01656
0.42728 0.016810
0.42892 0.017080
0.430560 0.01736
0.43218 0.01767
0.43379 0.017990
0.4354 0.018330
0.43699 0.0187
0.43857 0.01909
0.440140 0.0195
0.4417 0.01993
0.44325 0.020380
0.44479 0.02085
0.44632 0.02134
0.44784 0.021850
0.44935 0.02237
0.45085 0.02291
0.45235 0.02347
0.45383 0.02405
0.4553 0.02466
0.45676 0.02529
0.4582 0.02595
0.45963 0.02664
0.46104 0.02735
0.462450 0.02808
0.46384 0.02885
0.465210 0.02963
0.46658 0.03045
0.46793 0.03129
0.46926 0.03216
0.470590 0.03306
0.47189 0.03398
0.47318 0.03494
0.474460 0.03593
0.47572 0.03695
0.47696 0.038
0.47819 0.03908
0.4794 0.0402
0.48059 0.04135
0.48176 0.04254
0.48291 0.043770
0.48405 0.04503
0.48516 0.04633
0.48626 0.04767
0.48735 0.04903
0.48842 0.05042
0.48947 0.0518400
0.49052 0.05328
0.49154 0.05476
0.49256 0.05626
0.49356 0.05778
0.49454 0.05935
0.49551 0.06095
0.49644 0.0626
0.49735 0.0643
0.49823 0.06605
0.49905 0.06778
0.49978 0.069390
0.5004 0.0708
0.50088 0.07192
0.50121 0.07267
0.50139 0.07302
-Inserting Flap Ga2-
0.60129 0.21914
0.6014 0.2187
0.60159 0.21784
0.60187 0.21656
0.60221 0.21495
0.60257 0.21309
0.60293 0.2111
0.60323 0.20907
0.60345 0.207070
0.6036 0.20512
0.60368 0.2032
0.60371 0.20132
0.60369 0.19947
0.60365 0.19763
0.603570 0.19582
0.603470 0.19402
0.60334 0.19224
0.60318 0.19048
0.603 0.18873
0.60279 0.18699
0.60257 0.18527
0.60232 0.18356
0.60205 0.18186
0.60177 0.18018
0.60146 0.17850
0.601130 0.17684
0.60079 0.17519
0.60042 0.17356
0.60002 0.17194
0.59961 0.17033
0.59918 0.16874
0.598730 0.16715
0.59828 0.16557
0.59781 0.16399
0.59734 0.16243
0.59685 0.160860
0.59635 0.15931
0.59583 0.15777
0.595290 0.15624
0.59474 0.15472
0.59417 0.15321
0.59358 0.15171
0.59298 0.15022
0.59236 0.14874
0.591730 0.14726
0.59108 0.1458
0.59042 0.14434
0.58975 0.1429
0.58907 0.14146
0.58837 0.14002
0.58766 0.1386
0.58693 0.13719
0.58619 0.13578
0.58543 0.13439
0.58466 0.133
0.58387 0.13163
0.58306 0.13026
0.582240 0.12891
0.58140 0.12756
0.58055 0.12623
0.57968 0.12491
0.57879 0.12359
0.577880 0.12229
0.5769500 0.121
0.57601 0.11972
0.57505 0.11845
0.57408 0.11718
0.5731 0.11593
0.5721 0.11468
0.571090 0.11344
0.57006 0.112220
0.569 0.11101
0.56792 0.10981
0.566800 0.10864
0.56566 0.10748
0.56448 0.10635
0.563270 0.10523
0.56204 0.10413
0.56077 0.10305
0.55946 0.10199
0.55812 0.10096
0.5567300 0.09996
0.55528 0.09898
0.55379 0.09805
0.55223 0.09714
0.55062 0.09627
0.54896 0.09544
0.54725 0.09463
0.54548 0.09386
0.54364 0.09313
0.5417 0.09247
0.53962 0.09189
0.53739 0.0914
0.535 0.09103
0.53251 0.09079
0.53003 0.09069
0.52765 0.09076
0.52546 0.091
0.52354 0.09144
0.52071 0.09281
0.51987 0.09371
0.51945 0.09471
0.51948 0.09579
0.5199 0.09694
0.52062 0.09812
0.52155 0.09932
0.52262 0.10051
0.52376 0.10167
0.52494 0.1028
0.52618 0.1039
0.52746 0.10498
0.52878 0.10602
0.53014 0.10705
0.53153 0.10805
0.53296 0.10903
0.53441 0.11
0.53588 0.11095
0.53736 0.1119
0.53886 0.11284
0.54036 0.11378
0.54186 0.11471
0.543360 0.11565
0.54486 0.11659
0.54635 0.11753
0.54784 0.11848
0.54931 0.11943
0.55077 0.12039
0.55222 0.12136
0.55366 0.12233
0.555080 0.12332
0.55649 0.12431
0.55789 0.125310
0.55927 0.12632
0.56063 0.12734
0.56198 0.12837
0.56332 0.12941
0.564630 0.130460
0.56593 0.131520
0.56722 0.13259
0.56848 0.13367
0.56973 0.13476
0.57096 0.13587
0.57217 0.13698
0.57336 0.13811
0.57453 0.139250
0.57568 0.14041
0.57681 0.14157
0.57791 0.14275
0.579 0.14394
0.58007 0.14515
0.58112 0.14636
0.582160 0.14758
0.58318 0.14881
0.58418 0.15006
0.58516 0.15131
0.58613 0.15258
0.58707 0.15386
0.58798 0.15516
0.58887 0.15647
0.58974 0.1578
0.590580 0.15915
0.59139 0.16051
0.592180 0.16188
0.59295 0.163270
0.59369 0.164670
0.59441000 0.16609
0.5951 0.16753
0.59576 0.16899
0.59639 0.17046
0.597 0.17195
0.59757 0.17345
0.59812 0.17498
0.59863 0.17652
0.599120 0.17808
0.59957 0.17967
0.5999900 0.18127
0.600370 0.1829
0.60072 0.18455
0.60103 0.186220
0.60131 0.18791
0.60155 0.18962
0.60177 0.191350
0.60196 0.19309
0.60213 0.19485
0.60226 0.19663
0.60237 0.19842
0.60246 0.20023
0.60252 0.20205
0.60255 0.2039
0.60254 0.20577
0.602480 0.20766
0.602370 0.20959
0.60221 0.21154
0.6020100 0.21344
0.6018 0.2152
0.6016 0.21673
0.60143 0.21794
0.60131 0.21875
0.60129 0.21914
*.*.Setup: Ga2.txt as Flap 1, Inverted: y, Scale = 1.0, AoA = 0.0, Reposition from (0,0) = (0, 0)*.*.
*.*.Setup: Ga2.txt as Flap 2, Inverted: y, Scale = 0.4, AoA = 27.0, Reposition from previous T.E. = (-0.0267, 0.08), Reposition from (0,0) = (0.9733, 0.0309)*.*.
*.*.Setup: Ga2.txt as Flap 3, Inverted: y, Scale = 0.4, AoA = 58.333333333333336, Reposition from previous T.E. = (0.04, 0.06), Reposition from (0,0) = (1.3787, 0.2549)*.*.
*.*.Setup: Scale Ratio = 0.37455*.*.