0.35004 0.05544
0.34808 0.053270
0.34523 0.05011
0.34185 0.04698
0.33774 0.04391
0.3327 0.0407
0.3266 0.03722
0.31939 0.03346
0.31116 0.029460
0.30212 0.02532
0.29253 0.02115
0.28261 0.01703
0.27252 0.01301
0.26236 0.00914
0.25216 0.00544
0.24192 0.00193
0.23162 -0.00141
0.22121 -0.00459
0.21064 -0.00763
0.19985 -0.01057
0.18883 -0.01344
0.17757 -0.01628
0.16615 -0.0191
0.15465 -0.0219
0.14324 -0.02464
0.13208 -0.02727
0.12134 -0.02970
0.11121 -0.03185
0.10178 -0.03361
0.09302 -0.03493
0.08479 -0.03579
0.07696 -0.03619
0.06947 -0.03613
0.06225 -0.035630
0.05529 -0.03469
0.04858 -0.03334
0.04213 -0.0316
0.03601 -0.0295
0.0303 -0.02712
0.02509 -0.02459
0.02049 -0.022020
0.016540 -0.01952
0.01322 -0.01716
0.010460 -0.01495
0.00818 -0.01288
0.006290 -0.010940
0.00473 -0.00913
0.00344 -0.00743
0.00239 -0.00583
0.00153 -0.0043200
0.00086 -0.00289
0.00036 -0.001520
0.000086 -0.00021
-0.00012 0.00106000
0.000005 0.00234
0.00055 0.003530
0.00154 0.00448
0.00284 0.00519
0.00436 0.00576
0.00613 0.006260
0.00817 0.00672
0.01056 0.00718
0.01342 0.00764
0.01692 0.00812
0.0213 0.00863
0.02685 0.00918
0.03386 0.00976
0.04229 0.01033
0.05177 0.01078
0.061980 0.01104
0.072840 0.01113
0.08425 0.0111
0.096030 0.01102
0.10798 0.01093
0.1199 0.01084
0.13167 0.0108
0.143260 0.01082
0.15466 0.01093
0.16586 0.011170
0.176880 0.01154
0.18772 0.01208
0.19841 0.0128
0.20897 0.01372
0.2194100 0.01484
0.22974 0.01617
0.23998 0.01773
0.25012 0.01952
0.260190 0.02153
0.27017 0.02378
0.28004 0.02626
0.28977 0.02895
0.29926 0.03184
0.30839 0.03487
0.31693 0.03797
0.32466 0.04107
0.33141 0.04407
0.33716 0.04696
0.34198 0.04972
0.34599 0.05236
0.35004 0.05544
-Inserting Flap s1223rtl-
0.51773 0.15691
0.51708 0.1556
0.51615 0.15369
0.51496 0.15172
0.5134 0.14967
0.51143 0.14743
0.50897 0.14492
0.50603 0.14212
0.50262 0.13906
0.49884 0.13583
0.49481 0.13250
0.49061 0.12916
0.48632 0.12583
0.48197 0.12257
0.47757 0.11939
0.47314 0.11629
0.46865 0.11327
0.46408 0.1103
0.45942 0.10738
0.45464 0.10448
0.44974 0.10158
0.444720 0.09867
0.43962 0.09574
0.43448 0.09281
0.42937 0.08992
0.42437 0.08712
0.41954 0.084470
0.41497 0.08204
0.41068 0.07989
0.40665 0.078050
0.402810 0.0765
0.39911 0.075240
0.3955 0.07423
0.39196 0.07348
0.38848 0.07297
0.38507 0.07269
0.38173 0.072640
0.3785 0.07281
0.37543 0.07316
0.37257 0.07366
0.37001 0.07426
0.36777 0.07492
0.36585 0.0755900
0.36421 0.07628
0.36283 0.07696
0.36166 0.07763
0.36066 0.078280
0.35981 0.07892
0.35908 0.07955
0.35846 0.08015
0.35794 0.08075
0.35751 0.08134
0.35717 0.081920
0.35692 0.082520
0.35681 0.08315
0.35691 0.08379
0.35725 0.08438
0.35778 0.08491
0.35843 0.08539
0.35921 0.08587
0.360130 0.08638
0.36121 0.08693
0.36253 0.08754
0.36414 0.08826
0.36617 0.0891
0.36877 0.09013
0.37206 0.09138
0.37603 0.09282
0.38052 0.09434
0.3854 0.09587
0.3906 0.097410
0.39609 0.09897
0.40176 0.100550
0.40752 0.10216
0.41326 0.10376
0.418930 0.10536
0.42449 0.10696
0.42995 0.10859
0.43531 0.11025
0.44055 0.11195
0.445690 0.1137
0.45073 0.11552
0.45568 0.11741
0.46054 0.119390
0.46532 0.12146
0.47002 0.12362
0.474660 0.12587
0.47922 0.12823
0.4837 0.130690
0.48811 0.13324
0.49241 0.13587
0.49658 0.13857
0.50054 0.14128
0.50422 0.14395
0.507510 0.1465
0.51034 0.148880
0.5127 0.151060
0.51464 0.15305
0.5162 0.15487
0.51773 0.15691
-Inserting Flap s1223rtl-
0.663810 0.29517
0.66349 0.29374
0.66302 0.29167
0.66232 0.2894800
0.66128 0.287130
0.65987 0.2845
0.65806 0.28149
0.65584 0.27808
0.65323 0.274320
0.6503 0.2703
0.64714 0.26614
0.64383 0.26191
0.64042 0.25769
0.63694 0.25351
0.6334 0.2494
0.62979 0.24536
0.62612 0.24138
0.62236 0.237450
0.6185 0.23353
0.61452 0.22961
0.61042 0.22566
0.60621 0.22166
0.60192 0.21763
0.59759 0.2136
0.59329 0.20961
0.58907 0.20573
0.58498 0.20204
0.58109 0.19862
0.577410 0.19554
0.57392 0.19282
0.570540 0.19043
0.56723 0.18834
0.56395 0.18653
0.56068 0.18498
0.55741 0.18368
0.55416 0.18263
0.55092 0.18181
0.54774 0.18123
0.54466 0.18086
0.54177 0.18069
0.53914 0.18068
0.5368 0.1808
0.53478 0.18102
0.53304 0.18131
0.53153 0.18165
0.53024 0.18203
0.52911 0.18244
0.52814 0.18287
0.52728 0.1833
0.52654 0.18375
0.525900 0.18421
0.52534 0.18469
0.52488 0.18518
0.5245 0.18570
0.52424 0.18628
0.524190 0.18694
0.52439 0.18759
0.52478 0.18822
0.52531 0.18884
0.52595 0.18949
0.52673 0.19019
0.52766 0.19098
0.5288 0.19188
0.5302 0.19295
0.53198 0.19424
0.53427 0.19584
0.53718 0.19781
0.54072 0.20012
0.54474 0.20264
0.54913 0.20526
0.55384 0.20795
0.55882 0.21074
0.56397 0.21359
0.56921 0.21647
0.57442 0.21936
0.57957 0.22222
0.58461 0.22507
0.58955 0.22791
0.594380 0.23076
0.59909 0.23362
0.60368 0.23651
0.608170 0.23944
0.61254 0.24243
0.61682 0.24547
0.6210 0.24858
0.62508 0.25177
0.629060 0.25504
0.63296 0.25838
0.63675 0.26181
0.640450 0.2653
0.64403 0.26886
0.64746 0.27244
0.6507 0.276
0.65366 0.27944
0.65627 0.28269
0.65848 0.28565
0.66028 0.28832
0.6617 0.2907
0.6628 0.29283
0.663810 0.29517
*.*.Setup: s1223rtl.txt as Flap 1, Inverted: y, Scale = 1.0, AoA = 9.0, Reposition from (0,0) = (0, 0)*.*.
*.*.Setup: s1223rtl.txt as Flap 2, Inverted: y, Scale = 0.5, AoA = 25.0, Reposition from previous T.E. = (0.02, 0.075), Reposition from (0,0) = (1.0077, 0.2314)*.*.
*.*.Setup: s1223rtl.txt as Flap 3, Inverted: y, Scale = 0.5, AoA = 38.333333333333336, Reposition from previous T.E. = (0.02, 0.08), Reposition from (0,0) = (1.4808, 0.5227)*.*.
*.*.Setup: Scale Ratio = 0.3544*.*.