0.35561 0.05632
0.35362 0.054120
0.35072 0.05091
0.34729 0.04773
0.34311 0.0446
0.33799 0.04135
0.3318 0.03782
0.32447 0.03399
0.31611 0.029930
0.30692 0.02573
0.29718 0.02149
0.28711 0.0173
0.27686 0.01322
0.26653 0.00929
0.25617 0.00553
0.24577 0.00196
0.23531 -0.00143
0.22473 -0.00466
0.21399 -0.00775
0.20303 -0.01074
0.19183 -0.01366
0.1804 -0.01654
0.16879 -0.0194
0.15711 -0.02225
0.14552 -0.02503
0.13418 -0.0277
0.12327 -0.030180
0.11298 -0.03236
0.1034 -0.03415
0.0945 -0.03549
0.08613 -0.03636
0.07819 -0.03676
0.07058 -0.0367
0.06325 -0.03620
0.05617 -0.03525
0.04935 -0.03387
0.0428 -0.0321
0.03659 -0.02997
0.03078 -0.02756
0.02549 -0.02498
0.02081 -0.022370
0.01680 -0.01983
0.01343 -0.01743
0.010620 -0.01519
0.00831 -0.01309
0.006390 -0.011120
0.00481 -0.00928
0.0035 -0.00755
0.00242 -0.00593
0.00156 -0.0043900
0.00088 -0.00294
0.00037 -0.001540
0.000086 -0.00021
-0.00012 0.00108000
0.000005 0.00238
0.00056 0.003590
0.00157 0.00455
0.00288 0.00527
0.00443 0.00585
0.00622 0.006360
0.0083 0.00683
0.01073 0.00729
0.01364 0.00776
0.01719 0.00825
0.02164 0.00877
0.02728 0.00932
0.0344 0.00992
0.04296 0.0105
0.05259 0.01096
0.062970 0.01122
0.0740 0.0113
0.08559 0.01128
0.097560 0.0112
0.1097 0.0111
0.12181 0.01102
0.13377 0.01097
0.145540 0.01099
0.15712 0.01111
0.1685 0.011340
0.179690 0.01173
0.19071 0.01228
0.20157 0.01301
0.2123 0.01394
0.222900 0.01507
0.2334 0.01643
0.24379 0.01801
0.2541 0.01983
0.264330 0.02188
0.27447 0.02416
0.2845 0.02668
0.29438 0.02941
0.30403 0.03234
0.31329 0.03542
0.32197 0.03858
0.32982 0.04172
0.33668 0.04477
0.34252 0.04771
0.34742 0.05051
0.35149 0.05319
0.35561 0.05632
-Inserting Flap s1223rtl-
0.50307 0.17758
0.502660 0.17616
0.50206 0.17408
0.50122 0.1719
0.50003 0.16957
0.49844 0.16699
0.49643 0.16404
0.49398 0.16072
0.49111 0.15706
0.4879 0.15316
0.48445 0.14912
0.48084 0.14503
0.47713 0.14095
0.47335 0.13692
0.46952 0.132960
0.46563 0.12908
0.46167 0.12526
0.45762 0.12149
0.45347 0.117740
0.4492 0.114
0.44481 0.11024
0.4403 0.10643
0.43572 0.1026
0.43109 0.09876
0.42649 0.09497
0.42198 0.09129
0.41762 0.08778
0.41347 0.08455
0.40956 0.08164
0.40586 0.07909
0.40229 0.07686
0.39880 0.07494
0.39537 0.0733
0.39196 0.07192
0.38858 0.0708
0.38521 0.06992
0.38188 0.06928
0.37862 0.06888
0.37548 0.06869
0.37254 0.06869
0.36986 0.06884
0.367510 0.06909
0.36546 0.06943
0.36371 0.06983
0.36221 0.07027
0.36092 0.07073
0.3598 0.07121
0.35884 0.0717
0.358 0.07219
0.35727 0.0726900
0.35665 0.0732
0.35611 0.073710
0.35567 0.07424
0.35532 0.07478
0.35509 0.0754
0.35507 0.07606
0.35532 0.07671
0.35575 0.07733
0.35632 0.07793
0.35701 0.078550
0.35784 0.07921
0.35883 0.07995
0.36004 0.0808
0.36153 0.0818
0.36341 0.08301
0.36583 0.0845
0.36889 0.08632
0.37262 0.08846
0.37684 0.09078
0.38145 0.09317
0.38639 0.09562
0.3916 0.09815
0.397 0.10074
0.40247 0.10336
0.40793 0.10597
0.41332 0.10857
0.41861 0.11116
0.42378 0.11375
0.42885 0.11636
0.43379 0.11898
0.43862 0.12164
0.44334 0.12435
0.447960 0.12712
0.45248 0.12996
0.4569 0.13287
0.46122 0.13586
0.46546 0.13893
0.4696 0.14209
0.47366 0.14534
0.47762 0.14867
0.48146 0.15207
0.48515 0.1555
0.48864 0.15891
0.49185 0.16223
0.49469 0.16537
0.4971 0.16824
0.49908 0.17084
0.50066 0.17317
0.501910 0.17527
0.50307 0.17758
-Inserting Flap s1223rtl-
0.639740 0.29884
0.63932 0.29741
0.63873 0.295340
0.63788 0.29315
0.63669 0.29083
0.6351 0.28825
0.63309 0.2853
0.63064 0.28198
0.62777 0.27832
0.62456 0.27442
0.621120 0.27038
0.61751 0.26629
0.61379 0.26221
0.61002 0.25818
0.60618 0.25422
0.602290 0.250330
0.59833 0.24652
0.59429 0.24275
0.59014 0.239
0.58587 0.23526
0.581470 0.23149
0.57697 0.22769
0.57238 0.223860
0.56775 0.22002
0.563160 0.21623
0.55865 0.21254
0.55429 0.20904
0.55014 0.20581
0.54623 0.2029
0.54252 0.20035
0.53895 0.19812
0.53547 0.1962
0.53203 0.19456
0.52863 0.19318
0.52524 0.19205
0.52187 0.19118
0.51854 0.19054
0.51528 0.19013
0.51214 0.18995
0.5092 0.18994
0.50653 0.19009
0.50417 0.19035
0.50213 0.19069
0.50038 0.19109
0.49887 0.19152
0.497580 0.19199
0.49647 0.19247
0.4955 0.19296
0.4946600 0.1934500
0.49394 0.19395
0.49331 0.19446
0.49278 0.19497
0.49233 0.19549
0.49198 0.19604
0.49175 0.19665
0.491740 0.19732
0.49198 0.19797
0.49241 0.19858
0.49298 0.19918
0.49368 0.1998
0.4945 0.20047
0.4955 0.20121
0.4967 0.20206
0.49819 0.20306
0.50007 0.20426
0.502490 0.205750
0.50556 0.20758
0.5092800 0.209720
0.513510 0.21203
0.51811 0.21443
0.52305 0.21688
0.52827 0.21941
0.53366 0.222
0.53914 0.22462
0.5446 0.22723
0.54998 0.22983
0.55527 0.23242
0.56045 0.23501
0.56551 0.23761
0.570450 0.24024
0.57528 0.2429
0.58001 0.24561
0.58462 0.248380
0.589140 0.25121
0.59356 0.25412
0.59788 0.25711
0.60212 0.26019
0.60627 0.26335
0.61032 0.26660
0.61428 0.26993
0.61812 0.27332
0.62181 0.27676
0.6253 0.28017
0.62851 0.28349
0.63135 0.28662
0.633760 0.2895
0.63574 0.2921
0.637330 0.29443
0.63857 0.29653
0.639740 0.29884
*.*.Setup: s1223rtl.txt as Flap 1, Inverted: y, Scale = 1.0, AoA = 9.0, Reposition from (0,0) = (0, 0)*.*.
*.*.Setup: s1223rtl.txt as Flap 2, Inverted: y, Scale = 0.5, AoA = 35.0, Reposition from previous T.E. = (0.0, 0.05), Reposition from (0,0) = (0.9877, 0.2064)*.*.
*.*.Setup: s1223rtl.txt as Flap 3, Inverted: y, Scale = 0.5, AoA = 35.0, Reposition from previous T.E. = (-0.03, 0.05), Reposition from (0,0) = (1.3673, 0.5432)*.*.
*.*.Setup: Scale Ratio = 0.36004*.*.