0.3753100000 -0.01844
0.37452 -0.01924
0.37293 -0.02079
0.37057 -0.02307
0.36758 -0.02592
0.36412 -0.02913
0.36033 -0.03249
0.35639 -0.03581
0.35242 -0.03891
0.348450 -0.0418
0.34448 -0.04449
0.34051 -0.04702
0.33654 -0.04943
0.33257 -0.05175
0.3286 -0.05397
0.32463 -0.05611
0.32066 -0.05817
0.31669 -0.06016
0.31272 -0.06207
0.30875 -0.06392
0.30478 -0.0657
0.30081 -0.06742
0.29684 -0.06909
0.29286 -0.07069
0.28889 -0.072240
0.28492 -0.07373
0.280950 -0.07516
0.27698 -0.07652
0.27301 -0.07781
0.26904 -0.07904
0.26507 -0.08022
0.2611 -0.08136
0.257130 -0.08246
0.25316 -0.08354
0.24919 -0.084590
0.24522 -0.0856
0.24125 -0.08657
0.23728 -0.0875
0.233310 -0.08837
0.22934 -0.089190
0.22537 -0.08996
0.2214 -0.09068
0.21743 -0.09136
0.21346 -0.09199
0.20949 -0.09258
0.20552 -0.09313
0.20155 -0.09364
0.19758 -0.09411
0.19361 -0.09454
0.18964 -0.09494
0.18567 -0.09529
0.1817 -0.0956
0.17773 -0.09587
0.17376 -0.09609
0.16979 -0.09626
0.16582 -0.09638
0.16185 -0.09646
0.15788 -0.09649
0.15391 -0.09647
0.14994 -0.0964
0.14597 -0.09628
0.1420 -0.09611
0.13803 -0.09589
0.13406 -0.09562
0.13009 -0.09529
0.12612 -0.09492
0.12215 -0.09451
0.118180 -0.09406
0.11421 -0.09358
0.11024 -0.09305
0.10627 -0.09246
0.1023 -0.09180
0.09833 -0.091060
0.094360 -0.09023
0.09039 -0.08931
0.08642 -0.08829
0.08245 -0.08719
0.07848 -0.086
0.07451 -0.08471
0.07054 -0.08332
0.06657 -0.08181
0.0626 -0.08016
0.05863 -0.0783700
0.05466 -0.0764
0.05069 -0.0742700
0.04672 -0.071990
0.04275 -0.06955
0.03878 -0.06696
0.0348 -0.06421
0.03083 -0.06124
0.026860 -0.05796
0.02289 -0.05430
0.01892 -0.05019
0.01498 -0.04557
0.0112 -0.04059
0.00773 -0.03543
0.00474 -0.03026
0.00238 -0.02527
0.00079 -0.02061
0.000000 -0.01276
0.00079 -0.00979
0.00238 -0.00759
0.00474 -0.00624
0.00773 -0.00561
0.0112 -0.00558
0.01498 -0.00599
0.01892 -0.00671
0.02289 -0.0076
0.026860 -0.00865
0.03083 -0.00983
0.0348 -0.01115
0.03878 -0.01259
0.04275 -0.01415
0.04672 -0.01581
0.05069 -0.01755
0.05466 -0.01937
0.05863 -0.02125
0.0626 -0.02317
0.06657 -0.02512
0.07054 -0.02709
0.07451 -0.02906
0.07848 -0.03104
0.08245 -0.03299
0.08642 -0.03493
0.09039 -0.03685
0.094360 -0.03874
0.09833 -0.04059
0.1023 -0.04241
0.10627 -0.0442
0.11024 -0.04594
0.11421 -0.04764
0.118180 -0.0493
0.12215 -0.05091
0.12612 -0.052480
0.13009 -0.05401
0.13406 -0.05548
0.13803 -0.056910
0.1420 -0.0582900
0.14597 -0.05961
0.14994 -0.06089
0.15391 -0.06211
0.15788 -0.06328
0.16185 -0.06439
0.16582 -0.06544
0.16979 -0.06644
0.17376 -0.06737
0.17773 -0.06824
0.1817 -0.06905
0.18567 -0.06981
0.18964 -0.07050
0.19361 -0.071150
0.19758 -0.07175
0.20155 -0.0723
0.20552 -0.072810
0.20949 -0.07326
0.21346 -0.07364
0.21743 -0.07396
0.2214 -0.0742
0.22537 -0.07437
0.22934 -0.07447
0.233310 -0.07449
0.23728 -0.07444
0.24125 -0.07432
0.24522 -0.07413
0.24919 -0.073870
0.25316 -0.07352
0.257130 -0.0731
0.2611 -0.0726
0.26507 -0.07202
0.26904 -0.07135
0.27301 -0.0706
0.27698 -0.06975
0.280950 -0.06882
0.28492 -0.0678
0.28889 -0.06668
0.29286 -0.06546
0.29684 -0.06414
0.30081 -0.06271
0.30478 -0.06117
0.30875 -0.05954
0.31272 -0.05782
0.31669 -0.05601
0.32066 -0.05413
0.32463 -0.052160
0.3286 -0.05012
0.33257 -0.048
0.33654 -0.0458
0.34051 -0.04353
0.34448 -0.04116
0.348450 -0.03869
0.35242 -0.03607
0.35639 -0.03330
0.36033 -0.03039
0.36412 -0.02747
0.36758 -0.0247
0.37057 -0.02226
0.37293 -0.020320
0.37452 -0.019
0.3753100000 -0.01844
-Inserting Flap Ga2-
0.47713 0.08853
0.47707 0.08809
0.476930 0.08721
0.47673 0.08591
0.47646 0.084280
0.47612 0.08242
0.47572 0.08044
0.47526 0.07843
0.47474 0.076480
0.47417 0.0746
0.47355 0.07279
0.47289 0.07102
0.4722 0.0693
0.47149 0.0676
0.47076 0.06594
0.47 0.0643
0.46923 0.06268
0.46844 0.061090
0.46763 0.05953
0.46681 0.05798
0.46597 0.05645
0.46512 0.05495
0.464250 0.05346
0.46337 0.05199
0.46247 0.05054
0.46156 0.04911
0.46064 0.0477
0.4597 0.04631
0.45874 0.04494
0.45777 0.04359
0.45678 0.04226
0.45579 0.04094
0.45479 0.03963
0.453780 0.03833
0.45276 0.03704
0.45174 0.03576
0.4507 0.0345
0.449660 0.03324
0.4486 0.03201
0.44753 0.03079
0.446440 0.02959
0.44535 0.02841
0.44424 0.02723
0.44313 0.02608
0.442 0.024930
0.44087 0.0238
0.43972 0.02268
0.43857 0.02158
0.4374 0.02048
0.436230 0.0194
0.43505 0.018330
0.43385 0.01727
0.43265 0.01623
0.43143 0.01521
0.43021 0.01420
0.42897 0.0132
0.42772 0.01222
0.426460 0.01126
0.42518 0.01031
0.4239 0.009380
0.4226000 0.00846
0.42129 0.00756
0.419970 0.00667
0.41864 0.0058
0.41729 0.004950
0.41593 0.00411
0.41457 0.00329
0.41319 0.00248
0.4118 0.00168
0.41041 0.000890
0.409 0.00012
0.40757 -0.000620
0.40612 -0.00134
0.40466 -0.00203
0.40317 -0.002690
0.40165 -0.00333
0.40012 -0.00393
0.39856 -0.0045
0.39699 -0.00505
0.39538 -0.00556
0.39375 -0.00603
0.39209 -0.00646
0.39039 -0.00684
0.38864 -0.00717
0.38686 -0.00745
0.38505 -0.007680
0.38319 -0.007850
0.3813 -0.00798
0.379370 -0.00806
0.37738 -0.00806
0.37533 -0.00797
0.37318 -0.00776
0.37092 -0.0074
0.36855 -0.00687
0.36614 -0.0062
0.36379 -0.00538
0.36159 -0.00445
0.35964 -0.00342
0.35801 -0.002320
0.35587 -0.000004
0.3554 0.00114
0.35538 0.00222
0.35581 0.00322
0.35661 0.00414
0.35771 0.00499
0.35902 0.00577
0.36045 0.00649
0.36194 0.00716
0.36346 0.007780
0.36501 0.00836
0.3666 0.00889
0.36821 0.00939
0.36985 0.00985
0.37152 0.01027
0.37321 0.01067
0.37492 0.01104
0.376640 0.0114
0.37837 0.01174
0.3801 0.01208
0.38185 0.0124
0.38359 0.01273
0.38533 0.013050
0.38707 0.01338
0.38881 0.01372
0.390540 0.014060
0.392260 0.014420
0.393980 0.01478
0.39568 0.01515
0.39738 0.01554
0.39907 0.01594
0.40075 0.01635
0.40241 0.01678
0.40407 0.017220
0.40572 0.01767
0.40735 0.01814
0.40897 0.01862
0.41059 0.01912
0.412190 0.01964
0.413770 0.02017
0.41535 0.02072
0.416910 0.02129
0.41846 0.02187
0.420 0.02247
0.42152 0.02309
0.42303 0.02373
0.42452 0.02438
0.426 0.025060
0.427460 0.02576
0.42891 0.02647
0.43035 0.02721
0.431770 0.02796
0.43318 0.02872
0.43458 0.0295
0.43597 0.03029
0.4373500 0.0311
0.43871 0.03194
0.44006 0.03279
0.44138 0.03367
0.44269 0.03457
0.44398 0.0355
0.44526 0.03644
0.44651 0.03742
0.44775 0.03841
0.44898 0.039430
0.45018 0.04047
0.45137 0.041530
0.45253 0.04262
0.453680 0.04374
0.45481 0.04488
0.45592 0.04605
0.457 0.04725
0.45807 0.04847
0.45911 0.04972
0.46013 0.05101
0.46113 0.05232
0.46211 0.05366
0.46306 0.05504
0.46398 0.05646
0.46488 0.0579
0.46576 0.059380
0.46661 0.06088
0.46744 0.06242
0.468260 0.06398
0.46905 0.06556
0.46983 0.06717
0.47059 0.0688
0.47133 0.07046
0.472050 0.07214
0.47275 0.07385
0.47342 0.0756
0.47406 0.0773900
0.47466 0.07923
0.47522 0.08111
0.47572 0.08295
0.476170 0.08467
0.47653 0.08617
0.47682 0.08736
0.47701 0.08816
0.47713 0.08853
-Inserting Flap Ga2-
0.60351 0.21574
0.60351 0.21529
0.6035 0.2144
0.60348 0.21309
0.60344 0.21144
0.60337 0.20955
0.60325 0.20753
0.60307 0.20548
0.60282 0.20348
0.60252 0.20154
0.60216 0.19965
0.60175 0.19781
0.60131 0.19601
0.600840 0.194230
0.60035 0.19248
0.59983 0.19075
0.59929 0.18905
0.598730 0.18736
0.59815 0.18570
0.59755 0.18405
0.59693 0.18242
0.59629 0.180810
0.595640 0.17922
0.59497 0.17764
0.59429 0.17608
0.59358 0.17454
0.59286 0.17301
0.59212 0.17151
0.591370 0.17002
0.59059 0.16855
0.5898 0.16709
0.5890 0.16564
0.58819 0.16421
0.58737 0.16278
0.586550 0.16136
0.58571 0.15995
0.58486 0.15855
0.584 0.157170
0.583130 0.1558
0.58223 0.15445
0.58133 0.15310
0.58041 0.15178
0.57948 0.15046
0.57853 0.14916
0.57758 0.14787
0.576610 0.14659
0.57563 0.14533
0.57464 0.144070
0.57364 0.142820
0.57263 0.141590
0.57161 0.14037000
0.57057 0.13916
0.56953 0.137960
0.56846 0.13677
0.56739 0.1356
0.5663 0.13444
0.5652 0.1333
0.564090 0.13217
0.56296 0.13105
0.561820 0.12995
0.56066 0.12886
0.55949 0.12778
0.5583 0.12672
0.5571 0.12568
0.55589 0.12465
0.55466 0.12363
0.55342 0.12262
0.55217 0.12162
0.55091 0.12064
0.54964 0.11967
0.54835 0.11871
0.54704 0.11777
0.54571 0.11686
0.54435 0.11597
0.54296 0.11511
0.54156 0.11427
0.54012 0.11346
0.53866 0.11268
0.53717 0.11192
0.53566 0.11119
0.53411 0.1104900
0.532520 0.109830
0.53089 0.10922
0.52921 0.10865
0.52748 0.10813
0.52571 0.10766
0.52390 0.107220
0.52205 0.10683
0.52015 0.10649
0.51818 0.1062
0.516130 0.10601
0.51397 0.10592
0.51169 0.10596
0.50927 0.10615
0.50679 0.10649
0.50435 0.10697
0.502040 0.10758
0.499960 0.10833
0.49819 0.1092
0.49575 0.111190
0.49513 0.11226
0.49496 0.11333
0.49524 0.11438
0.49591 0.1154
0.49688 0.11639
0.498070 0.11735
0.49939 0.11826
0.50077 0.11913
0.50218 0.11996
0.50364 0.12074
0.50514 0.12149
0.50667 0.12221
0.50823 0.12289
0.50982 0.12355
0.51144 0.12417
0.51308 0.12478
0.51473 0.12538
0.5164 0.12596
0.51807 0.12653
0.51975 0.12709
0.52143 0.12766
0.52311 0.12822
0.52479 0.12879
0.52646 0.12937
0.52813 0.12995
0.52978 0.13054
0.53143 0.13113
0.533070 0.13174
0.5347 0.13236
0.53631 0.13299
0.53792 0.13363
0.53951 0.13429
0.54109 0.13495
0.54266 0.13563
0.54421 0.13632
0.54575 0.13703
0.54728 0.13775
0.54879 0.13848
0.55029 0.139230
0.55177 0.13999
0.55324 0.14077
0.55469 0.14156
0.556130 0.14237
0.55755 0.1432
0.55895 0.14404
0.56034 0.1449
0.56171 0.14577
0.56306 0.14667
0.5644 0.14758
0.56572 0.1485
0.56702 0.149440
0.56832 0.1504
0.5696 0.15136
0.57086 0.15234
0.57211 0.15334
0.57335 0.15435
0.57456 0.15538
0.57575 0.15644
0.57692 0.15751
0.57807 0.15861
0.57920 0.15973
0.58031 0.160860
0.5814 0.16202
0.58247 0.1632
0.58351 0.164390
0.58454 0.165610
0.58554 0.16686
0.586530 0.16812
0.58748 0.16941
0.58842 0.17072
0.58933 0.17206
0.59021 0.17342
0.59107 0.1748
0.59191 0.17622
0.59271 0.17766
0.59349 0.17912
0.59424 0.18062
0.59496 0.18215
0.59565 0.1837
0.59631 0.18529
0.59694 0.1869
0.59756 0.18853
0.59814 0.19019
0.59871 0.19187
0.59926 0.19357
0.59978 0.19529
0.60028 0.19704
0.60076 0.1988
0.60122 0.20059
0.60164 0.20242
0.60202 0.20428
0.60236 0.20619
0.60265 0.20813
0.6029 0.21002
0.60309 0.21179
0.60325 0.21332
0.60337 0.21454
0.60344 0.21536
0.60351 0.21574
*.*.Setup: Ga2.txt as Flap 1, Inverted: y, Scale = 1.0, AoA = 0.0, Reposition from (0,0) = (0, 0)*.*.
*.*.Setup: Ga2.txt as Flap 2, Inverted: y, Scale = 0.4, AoA = 37.0, Reposition from previous T.E. = (-0.06, 0.06), Reposition from (0,0) = (0.94, 0.0109)*.*.
*.*.Setup: Ga2.txt as Flap 3, Inverted: y, Scale = 0.4, AoA = 45.0, Reposition from previous T.E. = (0.04, 0.07), Reposition from (0,0) = (1.3113, 0.3059)*.*.
*.*.Setup: Scale Ratio = 0.37531*.*.