0.36528 -0.03076
0.36448 -0.031510
0.36288 -0.03296
0.360510 -0.03511
0.35749 -0.03778
0.354010 -0.04079
0.3502 -0.04395
0.34624 -0.04705
0.34227 -0.049940
0.3383 -0.05261
0.33433 -0.0551
0.33038 -0.057440
0.32642 -0.059650
0.32248 -0.06177
0.31853 -0.06381
0.31459 -0.06576
0.31064 -0.06763
0.30671 -0.06943
0.30277 -0.07116
0.29884 -0.07283
0.29491 -0.07443
0.29098 -0.07598
0.28705 -0.07746
0.28312 -0.0789
0.2792 -0.08027
0.27528 -0.08159
0.27136 -0.08284
0.26744 -0.08403
0.26353 -0.08515
0.25961 -0.08622
0.2557 -0.08724
0.25179 -0.08821
0.24789 -0.08915
0.24398 -0.09007
0.24007 -0.09096
0.23617 -0.09181
0.23226 -0.09262
0.22836 -0.09339
0.22446 -0.0941
0.22056 -0.09476
0.21667 -0.09538
0.21277 -0.09595
0.20888 -0.09647
0.20498 -0.09695
0.20109 -0.09739
0.1972 -0.097790
0.193320 -0.09815
0.18943 -0.09848
0.18554 -0.09877
0.18166 -0.09902
0.17778 -0.09923
0.1739 -0.0994
0.17002 -0.09952
0.16614 -0.09960
0.16226 -0.09963
0.15839 -0.09962
0.15451 -0.09956
0.15064 -0.09945
0.14677 -0.09929
0.1429 -0.09909
0.13904 -0.09884
0.13517 -0.09854
0.13131 -0.09819
0.12745 -0.09779
0.12359 -0.09733
0.11973 -0.09684
0.11587 -0.0963
0.11202 -0.09573
0.10816 -0.0951200
0.10431 -0.09447
0.10046 -0.09376
0.09661 -0.09298
0.09276 -0.09213
0.08892 -0.09118
0.08508 -0.09015
0.08125 -0.08902
0.07741 -0.087810
0.07358 -0.08652
0.06976 -0.08513
0.06593 -0.08364
0.06211 -0.082030
0.0583 -0.08029
0.05449 -0.0784
0.05069 -0.07635
0.046890 -0.07414
0.04309 -0.07178
0.03931 -0.06926
0.03552 -0.0666
0.03175 -0.06379
0.02798 -0.06075
0.02422 -0.057420
0.02047 -0.05372
0.01674 -0.04957
0.01305 -0.04494
0.00953 -0.039960
0.00633 -0.03481
0.00359 -0.02967
0.00146 -0.02471
7e-05 -0.02012
-0.00043 -0.012440
0.00044 -0.00957
0.00206 -0.00749
0.00441 -0.00624
0.00734 -0.00573
0.01073 -0.00582
0.0144 -0.00635
0.01822 -0.00719
0.02206 -0.008190
0.0259 -0.00935
0.02973 -0.01064
0.03355 -0.01206
0.03738 -0.0136
0.04119 -0.01525
0.04501 -0.017
0.04882 -0.01884
0.05263 -0.020750
0.05643 -0.02271
0.06024 -0.02472
0.06404 -0.02675
0.06785 -0.02881
0.07165 -0.03087
0.07545 -0.032930
0.07926 -0.03498
0.08306 -0.037
0.08687 -0.039
0.09068 -0.04098
0.09448 -0.04292
0.09829 -0.04483
0.1021 -0.04671
0.10591 -0.04854
0.10973 -0.05034
0.11354 -0.05209
0.11736 -0.0538
0.12117 -0.05546
0.12499 -0.05708
0.12881 -0.05866
0.13263 -0.06018
0.13646 -0.061660
0.14028 -0.06309
0.14411 -0.06447
0.14794 -0.06579
0.15177 -0.06707
0.1556 -0.06828
0.15944 -0.06945
0.16328 -0.07055
0.16711 -0.0716
0.170960 -0.07259
0.1748 -0.07351
0.17864 -0.07438
0.18249 -0.075190
0.18634 -0.07596
0.19019 -0.07668
0.19404 -0.07735
0.1979 -0.07798
0.20175 -0.07855
0.20561 -0.07907
0.20947 -0.07951
0.21333 -0.07988
0.2172 -0.08018
0.22106 -0.080410
0.22493 -0.08057
0.22881 -0.08066
0.23268 -0.080670
0.23656 -0.0806200
0.240440 -0.0805
0.24432 -0.08030
0.2482 -0.08003
0.25209 -0.07967
0.25598 -0.07924
0.25988 -0.07872
0.26377 -0.07812
0.26767 -0.07744
0.27157 -0.07667
0.27548 -0.0758
0.27939 -0.07485
0.2833 -0.07379
0.28722 -0.07264
0.29114 -0.07138
0.29506 -0.07002
0.2989900 -0.06856
0.30292 -0.06702
0.30685 -0.06539
0.31078 -0.06369
0.31472 -0.06191
0.31866 -0.06005
0.3226 -0.05812
0.326550 -0.05611
0.3305 -0.05403
0.33445 -0.05186
0.3384 -0.04958
0.34236 -0.04717
0.34633 -0.0446
0.35027 -0.04189
0.35406 -0.03917
0.35754 -0.0366
0.36054 -0.03432
0.3629 -0.0325
0.36449 -0.03128
0.36528 -0.03076
-Inserting Flap Ga2-
0.47707 0.05861
0.47694 0.05819
0.47666 0.05737
0.47625 0.05616
0.47571 0.05464
0.475080 0.05291
0.47436 0.05107
0.47357 0.04922
0.47274 0.04744
0.471870 0.04573
0.47097 0.04409
0.470040 0.04251
0.46908 0.04096
0.46811 0.03946
0.46713 0.03798
0.46613 0.03653
0.46511 0.03511
0.46408 0.03372
0.463040 0.03235
0.46199 0.0310
0.46092 0.02968
0.45985 0.028380
0.45876 0.0271
0.45767 0.02584
0.45656 0.024590
0.45544 0.02337
0.454320 0.02217
0.45318 0.021
0.45202 0.01985
0.45086 0.01871
0.44969 0.01760
0.448510 0.0165
0.44733 0.01541
0.44614 0.01433
0.44494 0.01327
0.44374 0.01221
0.44253 0.01117
0.441320 0.01015
0.44009 0.00914
0.43886 0.00815
0.437610 0.00718
0.4363600 0.00623
0.4351 0.00529
0.43383 0.00437
0.43255 0.00346
0.43127 0.00256000
0.42998 0.00168
0.42868 0.00082
0.42738 -4e-05
0.42607 -0.00088
0.4247500 -0.00171
0.42343 -0.002520
0.42210 -0.00331
0.42075 -0.00409
0.4194 -0.00486
0.41805 -0.0056
0.41668 -0.00633
0.4153 -0.00705
0.41392 -0.00774
0.41253 -0.00842
0.41112 -0.00908
0.40971 -0.00973
0.40829 -0.01035
0.40687 -0.01096
0.40543 -0.01155
0.40398 -0.01213
0.4025300 -0.01269
0.40107 -0.01324
0.3996 -0.01377
0.398130 -0.01429
0.39664 -0.01479
0.39515 -0.01526
0.39363 -0.01571
0.39211 -0.01612
0.39056 -0.01651
0.3890 -0.01686
0.38743 -0.01718
0.38584 -0.01747
0.38423 -0.01772
0.3826 -0.01794
0.38095 -0.018120
0.37928 -0.01825
0.37758 -0.01833
0.37585 -0.01835
0.3741 -0.01831
0.372310 -0.01822
0.3705 -0.01808
0.36866 -0.01788
0.36679 -0.01763
0.36489 -0.0173
0.36292 -0.01686
0.3609 -0.01629
0.35879 -0.01556
0.3566 -0.01466
0.3544 -0.0136
0.35228 -0.01242
0.35032 -0.01115
0.34862 -0.00983
0.34724 -0.00849
0.34558 -0.005910
0.34533 -0.00473
0.34549 -0.00369
0.34607 -0.0028
0.347 -0.00205
0.3482 -0.001420
0.34959 -0.0009
0.35108 -0.00045
0.35262 -6e-05
0.35419 0.00028
0.35578 0.00058
0.35739 0.00082
0.35903 0.00102
0.36068 0.00119
0.36236 0.00131
0.36405 0.00141
0.36575 0.001480
0.36746 0.001530
0.36918 0.00157
0.37091 0.00159
0.37264 0.0016100
0.37437 0.00163
0.3761 0.00164
0.37783 0.00167
0.37955 0.0017
0.38127 0.00173
0.38299 0.00178
0.384690 0.001840
0.3864 0.00191
0.38809 0.00199
0.38978 0.00209
0.39146 0.0022
0.39314 0.00233
0.39481 0.00247
0.39646 0.00263
0.39811 0.00280
0.39976 0.002990
0.40139 0.0032
0.40301 0.00342
0.40463 0.003670
0.40624 0.00393
0.40783 0.0042
0.40942 0.0045
0.411 0.004820
0.41256 0.005160
0.41412 0.00551
0.415670 0.00589
0.4172 0.00629
0.41872 0.00671
0.42024 0.007150
0.42174 0.0076200
0.42324 0.00809
0.42472 0.008590
0.4262 0.0091
0.42767 0.00963
0.42913 0.01017
0.43058 0.01074
0.432020 0.01134
0.43344 0.01196
0.43485 0.0126
0.43625 0.01327
0.43763 0.01397
0.439 0.01469
0.44036 0.01543
0.44171 0.0162
0.44304 0.017
0.44436 0.01782
0.44567 0.01867
0.44696 0.01955
0.448240 0.020450
0.4495 0.02139
0.45075 0.02235
0.45198 0.02335
0.45319 0.02438
0.45439 0.02543
0.45557 0.02653
0.45674 0.02765
0.45788 0.02882
0.45901 0.03002
0.46012 0.03126
0.46121 0.03253
0.46229 0.03383
0.46335 0.03516
0.46439 0.03652
0.46543 0.037910
0.46644 0.03932
0.467450 0.04076
0.46844 0.04223
0.469420 0.043720
0.47038 0.04525
0.47132 0.04681
0.472240 0.04842
0.47313 0.05009
0.47398 0.0518
0.47478 0.05349
0.4755 0.05506
0.4761 0.05644
0.47658 0.05754
0.4769 0.05827
0.47707 0.05861
-Inserting Flap Ga2-
0.60037 0.18637
0.60037 0.18593
0.60036 0.18507
0.60034 0.18379
0.6003 0.18217
0.60023 0.180330
0.60011 0.17836
0.599940 0.17636
0.5997 0.1744
0.5994 0.17251
0.59905 0.17067
0.59865 0.16888
0.59822 0.167120
0.59776 0.16539
0.59728 0.16368
0.59678 0.16199
0.59625 0.16033
0.5957 0.1586800
0.595130 0.15706
0.594550 0.155450
0.59395 0.15387
0.59332 0.1523
0.59269 0.15074
0.59204 0.1492
0.59137 0.14768
0.59068 0.14617
0.58998 0.14468
0.58926 0.14321
0.58852 0.14176
0.58777 0.14033
0.587 0.13891
0.58622 0.1375
0.585420 0.1361
0.58463 0.1347
0.58382 0.13332
0.5830 0.13194
0.582180 0.13058
0.58134 0.12923
0.58048 0.12789
0.57961 0.12657
0.57873 0.12526
0.57783 0.12397
0.57692 0.12269
0.576 0.12142
0.57507 0.12016
0.57413 0.11891
0.57317 0.11768
0.5722 0.11645
0.571230 0.11524
0.57024 0.11403
0.56925 0.11284
0.56824 0.11166
0.56721 0.11049
0.56618 0.10933
0.56513 0.10819
0.56407 0.10706
0.5630 0.10594
0.56191 0.104840
0.56081 0.10375
0.55969 0.10267
0.55856 0.101610
0.55742 0.10056
0.55626 0.09953
0.55509 0.09851
0.55391 0.0975
0.55271 0.09651
0.5515 0.09553
0.55028 0.09455
0.54905 0.09359
0.5478100 0.09264
0.54655 0.09171
0.54528 0.0908
0.54398 0.08991
0.542650 0.08904
0.5413 0.0882
0.53993 0.087380
0.53853 0.08659
0.5371 0.08582
0.53565 0.08508
0.53417 0.08437
0.53266 0.08369
0.53111 0.08305
0.52952 0.08245
0.52788 0.0819
0.5262 0.08139
0.524470 0.08093
0.52271 0.0805
0.5209 0.08012
0.51904 0.07979
0.517130 0.07951
0.51513 0.07932
0.513020 0.07923
0.51079 0.07927
0.50843 0.07946
0.506010 0.07979
0.50363 0.08026
0.50138 0.08086
0.49935 0.08159
0.49763 0.08243
0.49524 0.08438
0.494640 0.08542
0.494470 0.08646
0.49475 0.08749
0.4954 0.08848
0.49635 0.08945
0.49751 0.09038
0.498790 0.091270
0.50014 0.09212
0.50152 0.09293
0.50294 0.09369
0.5044 0.09443
0.50589 0.09512
0.50742 0.09579
0.50897 0.09643
0.51055 0.09704
0.51215 0.09764
0.51376 0.09821
0.51538 0.09878
0.51702 0.09934
0.51866 0.099890
0.5203 0.10044
0.52194 0.10099
0.52357 0.10155
0.5252 0.10211
0.526830 0.10267
0.52844 0.10325
0.53005 0.10383
0.53165 0.10442
0.53324 0.10503
0.5348100 0.10564
0.53638 0.10627
0.53793 0.10691
0.53947 0.10756
0.54100 0.10822
0.542520 0.10889
0.54402 0.10958
0.54551 0.11028
0.54698 0.111
0.54845 0.11173
0.54989 0.11247
0.55133 0.11323
0.55274 0.1140
0.55415 0.11479
0.55553 0.1156
0.5569 0.11642
0.55826 0.11726
0.55959 0.11811
0.56091 0.11898
0.56221 0.11987
0.5635 0.120770
0.564770 0.12169
0.56604 0.12262
0.56728 0.123560
0.56852 0.12452
0.56974 0.12549
0.570940 0.12648
0.57212 0.12749
0.57329 0.12852
0.57443 0.12956
0.57555 0.13063
0.57665 0.13172
0.57773 0.13283
0.5788 0.13396
0.57984 0.13511
0.58086 0.13628
0.58186 0.13747
0.58284 0.13868
0.5838 0.13991
0.58473 0.14117
0.58564 0.14245
0.58653 0.14375
0.5874 0.14508
0.58823 0.146430
0.58905 0.14781
0.58983 0.14921
0.59059 0.15065
0.59132 0.15211
0.59202 0.1536
0.5927 0.15512
0.59334 0.15666
0.59396 0.15823
0.59456 0.15983
0.59513 0.16144
0.59569 0.163080
0.59622 0.16474
0.59673 0.16642
0.59722 0.16812
0.59769 0.16984
0.598130 0.17159
0.59854 0.17337
0.59891 0.175190
0.599250 0.17705
0.59953 0.17894
0.59977 0.18079
0.59996 0.18251
0.60011 0.18401
0.600230 0.1852
0.6003 0.186
0.60037 0.18637
*.*.Setup: Ga2.txt as Flap 1, Inverted: y, Scale = 1.0, AoA = -2.0, Reposition from (0,0) = (0, 0)*.*.
*.*.Setup: Ga2.txt as Flap 2, Inverted: y, Scale = 0.4, AoA = 27.0, Reposition from previous T.E. = (-0.06, 0.08), Reposition from (0,0) = (0.9377, -0.004)*.*.
*.*.Setup: Ga2.txt as Flap 3, Inverted: y, Scale = 0.4, AoA = 45.0, Reposition from previous T.E. = (0.04, 0.08), Reposition from (0,0) = (1.343, 0.2401)*.*.
*.*.Setup: Scale Ratio = 0.36614*.*.