0.37469 -0.005320
0.37392 -0.00614
0.37239 -0.00774
0.370130 -0.010090
0.36724 -0.01304
0.3639 -0.01636
0.36025 -0.01984
0.35643 -0.02329
0.35258 -0.02652
0.34873 -0.02953
0.344860 -0.03235
0.34099 -0.03501
0.33712 -0.03756
0.33324 -0.04
0.32937 -0.04235
0.32548 -0.04462
0.3216 -0.04682
0.31771 -0.048930
0.313820 -0.05098
0.309930 -0.05296
0.30603 -0.05487
0.30214 -0.05673
0.29824 -0.05852
0.29434 -0.06026
0.29043 -0.06195
0.28653 -0.06357
0.28262 -0.06513
0.27871 -0.06662
0.2748 -0.06804
0.27089 -0.069410
0.26697 -0.07072
0.263050 -0.072
0.25914 -0.07324
0.25522 -0.07445
0.2513 -0.07563
0.24737 -0.07678
0.24345 -0.07789
0.239530 -0.07895
0.2356 -0.07995
0.23167 -0.08091
0.22774 -0.08181
0.22381 -0.082670
0.21988 -0.08348
0.21594 -0.0842500
0.21201 -0.08497
0.20807 -0.08566
0.20413 -0.0863
0.20019 -0.08691
0.19625 -0.08748
0.1923 -0.08802
0.18836 -0.08851
0.18441 -0.08896
0.18047 -0.08936
0.17652 -0.08972
0.17257 -0.09003
0.16861 -0.09029
0.16466 -0.0905
0.16071 -0.09067
0.15675 -0.09079
0.15279 -0.09086
0.14883 -0.09088
0.14487 -0.09085
0.1409 -0.09076
0.13693 -0.09063
0.13297 -0.090440
0.129 -0.09021
0.12503 -0.08994
0.12105 -0.08963
0.11708 -0.089290
0.1131 -0.08889
0.109130 -0.08845
0.10515 -0.08793
0.10116 -0.08733
0.09718 -0.08664
0.093190 -0.08586
0.0892 -0.08499
0.0852 -0.08403
0.0812 -0.08298
0.0772 -0.08183
0.0732 -0.08059
0.06919 -0.079220
0.06517 -0.07772
0.06116 -0.07606
0.05713 -0.07424
0.0531 -0.07226
0.04906 -0.07012
0.04502 -0.06783
0.04097 -0.06538
0.03692 -0.06278
0.03286 -0.05996
0.02879 -0.05683
0.02471 -0.05332
0.02061 -0.04936
0.01652 -0.044890
0.01257 -0.04007
0.00894 -0.03504
0.005780 -0.03
0.00325 -0.0251
0.00151 -0.02051
0.00044 -0.012720
0.00113 -0.00973
0.00264 -0.00749
0.00494 -0.00605
0.0079 -0.00532
0.01135 -0.00517
0.01514 -0.00545
0.01909 -0.00603
0.02308 -0.00678
0.027070 -0.00768
0.03107 -0.00873
0.03508 -0.0099
0.03908 -0.0112
0.04309 -0.01261
0.04711 -0.01413
0.05113 -0.01573
0.055150 -0.01741
0.05917 -0.019140
0.06319 -0.02091
0.067220 -0.02272
0.07124 -0.02454
0.07527 -0.026370
0.07929 -0.0282
0.083320 -0.03001
0.08734 -0.03181
0.09136 -0.03358
0.09539 -0.03532
0.09941 -0.03703
0.10343 -0.03871
0.10745 -0.04035
0.11146 -0.04195
0.11548 -0.04351
0.1195 -0.04502
0.12351 -0.04649
0.12752 -0.04792
0.13153 -0.0493
0.13554 -0.05063
0.13954 -0.05191
0.14355 -0.05315
0.14755 -0.05433
0.15155 -0.055460
0.155550 -0.05654
0.15955 -0.05757
0.16354 -0.05854
0.16754 -0.05945
0.1715300 -0.06030
0.17552 -0.06110
0.17951 -0.06183
0.18349 -0.0625
0.18747 -0.06311
0.19145 -0.06366
0.19543 -0.06417
0.19941 -0.06463
0.203390 -0.06504
0.20736 -0.06541
0.21133 -0.06572
0.21530 -0.065970
0.21927 -0.06614
0.22324 -0.06625
0.2272 -0.06628
0.23116 -0.06623
0.23512 -0.06612
0.23907 -0.065930
0.24303 -0.06567
0.246980 -0.06535
0.25092 -0.06494
0.25487 -0.06446
0.2588100 -0.06391
0.26275 -0.06327
0.26669 -0.062550
0.27062 -0.06174
0.27455 -0.06086
0.27848 -0.05988
0.2824 -0.05881
0.286320 -0.05766
0.29024 -0.0564
0.29415 -0.05505
0.29807 -0.05359
0.30197 -0.05203
0.30588 -0.05036
0.30978 -0.0486
0.31367 -0.046740
0.31757 -0.04480
0.32146 -0.04278
0.32535 -0.04069
0.32923 -0.03851
0.33311 -0.03626
0.33699 -0.033940
0.34087 -0.03153
0.34475 -0.02904
0.34862 -0.02643
0.35248 -0.023680
0.35634 -0.02079
0.36017 -0.01775
0.36384 -0.0147
0.3672 -0.01183
0.3701 -0.00929
0.37238 -0.00727
0.37391 -0.0059
0.37469 -0.005320
-Inserting Flap Ga2-
0.48309 0.09772
0.48299 0.09728
0.48278 0.09642
0.48246 0.09515
0.48206 0.09356
0.48156 0.091740
0.48099 0.08980
0.48036 0.08784
0.479670 0.08595
0.47894 0.08414
0.47816 0.08239
0.47736 0.08069
0.47652 0.07904
0.47567 0.07742
0.4748 0.07583
0.47391 0.07426
0.473 0.07273
0.47208 0.07121
0.47114 0.06973
0.47018 0.068260
0.46922 0.06682
0.46824 0.0654
0.46725 0.064
0.46624 0.06262
0.465230 0.06125
0.4642 0.05991
0.46316 0.05859
0.4621 0.05729
0.46103 0.05601
0.45995 0.05476
0.45886 0.05352
0.457750 0.05229
0.45665 0.051080
0.45553 0.04988
0.454410 0.04868
0.45328 0.0475
0.45214 0.04633
0.45099 0.04518
0.44984 0.04405
0.44867 0.04293
0.44749 0.04183
0.44629 0.04075
0.44509 0.039680
0.44389 0.03863
0.44267 0.03759
0.44144 0.03656
0.4402 0.03555
0.43896 0.03455
0.43771 0.03357
0.43645 0.03259
0.435180 0.03164
0.43391 0.03069000
0.432620 0.02976
0.43132 0.02885
0.43002 0.027950
0.4287 0.02707
0.427370 0.0262
0.42603 0.02536
0.42469 0.02452
0.423330 0.02371
0.42196 0.02291
0.42058 0.022130
0.41919 0.02136
0.41779 0.02062
0.41638 0.01989
0.41496 0.01917
0.41353 0.01847
0.41209 0.01778
0.41065 0.01711
0.40919 0.01645
0.40772 0.01581
0.40624 0.01519
0.40474 0.0146
0.40322 0.014050
0.40168 0.01352
0.40013 0.01302
0.39855 0.01256
0.39696 0.01212
0.39534 0.01172
0.3937 0.01135
0.39204 0.01102
0.39035 0.01074
0.38863 0.01051
0.38687 0.01033
0.38508 0.01021
0.38325 0.01015
0.381390 0.01013
0.3795 0.010170
0.37758 0.01026
0.37561 0.01043
0.37357 0.01069
0.37145 0.01109
0.36924 0.011650
0.36693 0.01237
0.36460 0.01326
0.36233 0.01427
0.36023 0.01539
0.35838 0.01658
0.35686 0.01782
0.35493 0.02031
0.35457 0.02148
0.35464 0.02256
0.35515 0.023520
0.35603 0.02436
0.3572 0.02510
0.35857 0.02576
0.36005000 0.02635
0.36158 0.02689
0.36315 0.02738
0.36474 0.02781
0.36636 0.02821
0.36801 0.02856
0.36968 0.02887
0.37138 0.02915
0.37309 0.02940
0.37481 0.02962
0.37655 0.02983
0.3783 0.03002
0.38006 0.0302
0.38182 0.03037
0.38358 0.03054
0.38534 0.03071
0.38709 0.03089
0.38885 0.03107
0.3906 0.03126
0.39234 0.03146
0.39407 0.03168
0.39580 0.0319
0.39752 0.03214
0.39923 0.03239
0.40094 0.03265
0.40263 0.03293
0.40431 0.03322
0.40599 0.03353
0.40765 0.03385
0.40931 0.03419
0.41095 0.034550
0.41259 0.03492
0.41421 0.03531
0.41582 0.03572
0.41742 0.03615
0.41901 0.03659
0.42059 0.03705
0.42216 0.03754
0.42371 0.03804
0.42525 0.03856
0.42678 0.03911
0.42829 0.03967
0.4298 0.040260
0.43129 0.04086
0.43276 0.04148
0.43423 0.04212
0.43569 0.04277
0.43714 0.04344
0.43858 0.04412
0.44001 0.04483
0.4414200 0.04557
0.44281 0.04632
0.44419 0.0471
0.44555 0.04791
0.4469 0.04874
0.44823 0.04960
0.44955 0.050480
0.45085 0.05138
0.45214 0.05231
0.45341 0.05327
0.45467 0.05425
0.4559 0.05526
0.45712 0.05629
0.45832 0.05736
0.45951 0.05845
0.46067 0.05958
0.46182 0.06073
0.46295 0.06192
0.46405 0.06313
0.46514 0.06439
0.4662 0.06567
0.46724 0.067
0.46826 0.06835
0.46926 0.06974
0.47024 0.07117
0.4712 0.07262
0.47214 0.07409
0.47307 0.0756
0.47398 0.07713
0.47488 0.07869
0.47576 0.08027
0.47662 0.08187
0.47746 0.08351
0.47828 0.08519
0.47907 0.08692
0.47983 0.08869
0.48055 0.09051
0.48121 0.09230
0.4818 0.09397
0.48229 0.095420
0.48268 0.09658
0.482940 0.09736
0.48309 0.09772
-Inserting Flap Ga2-
0.60912 0.22832
0.60912 0.22787
0.60911 0.22699
0.60909 0.22568
0.60905 0.22403
0.60898 0.22215
0.60886 0.22013
0.60868 0.21808
0.60844 0.21609
0.60813 0.21415
0.60777 0.21228
0.60737 0.21044
0.60693 0.20864
0.60646 0.206870
0.60597 0.20512
0.60545 0.2034
0.60491 0.2017
0.60435 0.20002
0.60377 0.19836
0.60317 0.19672
0.60256 0.19509
0.60192 0.193490
0.60127 0.1919
0.60061 0.19033
0.59992 0.18877
0.59922 0.18723
0.59851 0.18571
0.59777 0.1842
0.59701 0.18272
0.59624 0.18125
0.59545 0.1798
0.59466 0.17836
0.59385 0.17693
0.593030 0.1755
0.59221 0.17409
0.59137 0.17268
0.59053 0.17129
0.58967 0.169910
0.58879 0.16854
0.58791 0.16719
0.587 0.165860
0.58609 0.16453
0.58516 0.16322
0.58422 0.16192
0.58326 0.16064
0.5823 0.15936
0.5813200 0.1581
0.58033 0.156850
0.57934 0.15560
0.57833 0.154370
0.57731 0.1531500
0.57628 0.15194
0.57523 0.150750
0.57417 0.14957
0.5731 0.1484
0.57202 0.14725
0.57092 0.1461
0.56981 0.14498
0.56868 0.14386
0.56754 0.14276
0.56639 0.14168
0.56522 0.1406
0.56404 0.13955
0.56284 0.1385
0.56163 0.13748
0.56041 0.13646
0.55917 0.13546
0.557930 0.13446
0.55667 0.13348
0.5554 0.13251
0.55411 0.13156
0.55281 0.13062
0.55148 0.12971
0.55012 0.12883
0.54875 0.12797
0.54734 0.12713
0.54591 0.12632
0.54445 0.12554
0.54297 0.12478
0.54146 0.12405
0.53991 0.1233600
0.53833 0.12271
0.53670 0.12209
0.53503 0.12153
0.53331 0.12101
0.53154 0.12053
0.52973 0.12010
0.52788 0.11971
0.52599 0.11937
0.52403 0.11909
0.52199 0.11889
0.51984 0.1188
0.51755 0.11884
0.51514 0.11903
0.51267 0.11937
0.51023 0.11985
0.50793 0.12046
0.50586 0.12121
0.50410 0.12207
0.50166 0.124060
0.50105 0.12512
0.50087 0.12619
0.501160 0.12724
0.50182 0.12826
0.50279 0.12924
0.50398 0.1302
0.50529 0.13111
0.50666 0.13197
0.50808 0.1328
0.50953 0.13358
0.51102 0.13433
0.51255 0.13505
0.51411 0.13573
0.5157 0.13638
0.51731 0.13701
0.51894 0.13761
0.52059 0.1382
0.52225 0.13878
0.52392 0.13935
0.5256 0.13992
0.52727 0.14048
0.52895 0.14104
0.530620 0.14161
0.53229 0.14218
0.53395 0.14276
0.5356 0.14335
0.53724 0.14395
0.53888 0.14455
0.5405 0.14517
0.54211 0.1458
0.54371 0.14644
0.5453 0.14709
0.54687 0.14775
0.54844 0.14843
0.54999 0.14912
0.55152 0.14982
0.553040 0.15054
0.554550 0.15127
0.55605 0.15202
0.55753 0.15278
0.55899 0.15355
0.56044 0.15434
0.56187 0.15515
0.56329 0.15597
0.56469 0.15681
0.56607 0.15767
0.56744 0.1585400
0.56879 0.15943
0.57012 0.16034
0.571440 0.16126
0.57274 0.16220
0.57403 0.16315
0.5753 0.16412
0.57657 0.16509
0.57781 0.16609
0.57904 0.1671
0.58025 0.16813
0.58144 0.16918
0.58261 0.17025
0.58375 0.17134
0.58488 0.17246
0.58599 0.173590
0.58707 0.17475
0.58814 0.17592
0.58918 0.177110
0.59021 0.178330
0.59121 0.17957
0.59219 0.18083
0.593140 0.18211
0.59407 0.18342
0.59498 0.18475
0.595860 0.18611
0.59672 0.18749
0.59755 0.1889
0.598350 0.19034
0.59913 0.1918
0.59988 0.1933
0.600590 0.19482
0.60128 0.19637
0.60194 0.19795
0.60257 0.19956
0.60318 0.20119
0.60377 0.20284
0.60434 0.20451
0.60488 0.20621
0.6054 0.20793
0.60590 0.20966
0.60638 0.21143
0.60683 0.21321
0.60726 0.21503
0.60764 0.21689
0.60798 0.21879
0.60827 0.22072
0.60851 0.22262
0.60871 0.22437
0.60886 0.22591
0.60898 0.22712
0.60906 0.22794
0.60912 0.22832
*.*.Setup: Ga2.txt as Flap 1, Inverted: y, Scale = 1.0, AoA = 2.0, Reposition from (0,0) = (0, 0)*.*.
*.*.Setup: Ga2.txt as Flap 2, Inverted: y, Scale = 0.4, AoA = 32.0, Reposition from previous T.E. = (-0.06, 0.08), Reposition from (0,0) = (0.9411, 0.0658)*.*.
*.*.Setup: Ga2.txt as Flap 3, Inverted: y, Scale = 0.4, AoA = 45.0, Reposition from previous T.E. = (0.04, 0.08), Reposition from (0,0) = (1.3307, 0.3411)*.*.
*.*.Setup: Scale Ratio = 0.37427*.*.