0.36936 0.0585
0.36729 0.056210
0.36428 0.05288
0.36072 0.04958
0.35638 0.04633
0.35106 0.04295
0.34463 0.03928
0.33702 0.0353
0.32833 0.031080
0.31879 0.02672
0.30867 0.02232
0.29821 0.01797
0.28756 0.01373
0.27684 0.00965
0.26608 0.00574
0.25528 0.00204
0.24441 -0.00149
0.23342 -0.00484
0.22226 -0.00805
0.21088 -0.01115
0.19925 -0.01418
0.18737 -0.01718
0.17532 -0.02015
0.16319 -0.02311
0.15115 -0.026
0.13937 -0.02877
0.12804 -0.031340
0.11735 -0.03361
0.1074 -0.03547
0.09815 -0.03686
0.08947 -0.03777
0.08121 -0.03818
0.0733 -0.03812
0.06569 -0.037590
0.05834 -0.03661
0.05126 -0.03518
0.04446 -0.03334
0.038 -0.03113
0.03197 -0.02862
0.02647 -0.02594
0.02162 -0.023230
0.017450 -0.0206
0.01395 -0.01811
0.011040 -0.01578
0.00863 -0.01359
0.006640 -0.011550
0.00499 -0.00964
0.00363 -0.00784
0.00252 -0.00616
0.00162 -0.0045600
0.00091 -0.00305
0.00038 -0.00160
0.000086 -0.00022
-0.00012 0.00112000
0.000005 0.00247
0.00058 0.003720
0.00163 0.00472
0.00299 0.00548
0.00461 0.00608
0.00646 0.00660
0.00862 0.00709
0.01114 0.00757
0.01417 0.00806
0.01786 0.00857
0.02247 0.00911
0.02834 0.00968
0.03573 0.0103
0.04462 0.0109
0.05463 0.01138
0.06540 0.01165
0.076860 0.01174
0.0889 0.01171
0.101330 0.01163
0.11394 0.01153
0.12651 0.01144
0.13894 0.01139
0.151170 0.01141
0.1632 0.01154
0.17501 0.011780
0.186640 0.01218
0.19808 0.01275
0.20937 0.01351
0.22051 0.01447
0.2315200 0.01566
0.24242 0.01706
0.25322 0.01871
0.26393 0.02059
0.274550 0.02272
0.28508 0.02509
0.2955 0.02771
0.30576 0.03055
0.31578 0.03359
0.32541 0.03679
0.33442 0.04007
0.34258 0.04333
0.3497 0.0465
0.35576 0.04955
0.36085 0.05247
0.36508 0.05525
0.36936 0.0585
-Inserting Flap s1223rtl-
0.54506 0.1505
0.54427 0.14918
0.54311 0.14726
0.54168 0.14529
0.53985 0.14329
0.53757 0.14112
0.53476 0.1387
0.5314 0.13603
0.527540 0.13313
0.52328 0.13008
0.51873 0.12695
0.51401 0.12382
0.50919 0.12072
0.50431 0.11769
0.4994 0.11475
0.494460 0.1119
0.48946 0.10913
0.48439 0.106440
0.47922 0.10380
0.47393 0.10119
0.46851 0.0986
0.46296 0.09599
0.45733 0.093380
0.45166 0.09078
0.44602 0.088210
0.44051 0.08572
0.43519 0.08338
0.43016 0.08125
0.42546 0.07939
0.42105 0.07782
0.41687 0.07655
0.41286 0.07556
0.40897 0.07483
0.40519 0.07436
0.40149 0.07415
0.39787 0.07417
0.39436 0.07443
0.39098 0.0749
0.38778 0.07555
0.38483 0.07634
0.38218 0.077210
0.37989 0.0781
0.37793 0.07899
0.37628 0.07986
0.374890 0.0807
0.37372 0.08151
0.37273 0.08229
0.37189 0.08304
0.37118 0.08377
0.37059 0.08446
0.37010 0.08514
0.3697 0.0858
0.3694 0.086440
0.36919 0.08709
0.369120 0.08776
0.36929 0.08843
0.36971 0.08902
0.370310 0.08952
0.37104 0.08997
0.3719 0.09041
0.372910 0.09085
0.37411 0.09133
0.37554 0.09186
0.37731 0.09246
0.37952 0.09316
0.38234 0.094
0.38591 0.09501
0.39022 0.09616
0.395080 0.09734
0.40035 0.09851
0.405960 0.09964
0.41188 0.100780
0.41798 0.10192
0.42418 0.10308
0.43036 0.10423
0.43647 0.1054
0.44247 0.10657
0.44836 0.10778
0.45413 0.10903
0.4598 0.11033
0.465360 0.1117
0.47083 0.11315
0.47621 0.11469
0.4815 0.11632
0.48671 0.11805
0.49186 0.11989
0.49693 0.12183
0.50194 0.12389
0.50689 0.12606
0.51175 0.12834
0.51652 0.13071
0.521140 0.13316
0.52556 0.13565
0.529670 0.13812
0.53337 0.1405
0.53656 0.14274
0.53925 0.14481
0.54146 0.14673
0.543270 0.14849
0.54506 0.1505
-Inserting Flap s1223rtl-
0.66182 0.29639
0.661480 0.29489
0.66098 0.29269
0.660240 0.29038
0.65914 0.2879
0.65765 0.28513
0.65575 0.28195
0.65340 0.278360
0.65065 0.27439
0.64756 0.27015
0.64423 0.26575
0.64073 0.26129
0.63713 0.25684
0.6334600 0.25243
0.62972 0.248090
0.62592 0.24383
0.62205 0.23963
0.61808 0.23548
0.614 0.231350
0.6098 0.22721
0.60547 0.223040
0.601030 0.21882
0.5965 0.21457
0.59194 0.2103200
0.5874 0.20611
0.58294 0.20201
0.57863 0.19812
0.57453 0.19451
0.57065 0.19126
0.56696 0.18839
0.56339 0.18587
0.5599 0.18366
0.556440 0.18175
0.55299 0.18012
0.54954 0.17875
0.54611 0.17764
0.54269 0.17677
0.53934 0.17616
0.53609 0.17577
0.53304 0.17559
0.53026 0.17559
0.5278 0.17571
0.52566 0.17594
0.52382 0.17624
0.52224 0.17661
0.52087 0.17701
0.51968 0.17744
0.51865 0.17789
0.51775 0.17835
0.51697 0.17882
0.51629 0.17931
0.51571 0.17981
0.51522 0.18033
0.51482 0.180870
0.51454 0.18149
0.51449 0.18218
0.5147 0.18287
0.51511 0.18354
0.515660 0.18419
0.51635 0.18488
0.51717 0.18562
0.51815 0.18645
0.51935 0.1874
0.52083 0.18852
0.52271 0.18989
0.525130 0.19158
0.5282 0.19366
0.53193 0.1961
0.53617 0.19876
0.5408 0.20152
0.54577 0.20436
0.55103 0.20730
0.55647 0.21031
0.56199 0.21335
0.56749 0.21639
0.57292 0.219420
0.57824 0.22242
0.58346 0.22542
0.58855 0.22842
0.59352 0.231440
0.59837 0.234490
0.6031 0.23759
0.60772 0.24074
0.61223 0.24395
0.61664 0.24723
0.62094 0.2506
0.62515 0.254040
0.62926 0.257570
0.633260 0.26118
0.63717 0.26488
0.64094 0.26863
0.64456 0.27241
0.647980 0.27616
0.6511 0.2798
0.65386 0.283220
0.65619 0.28634
0.658080 0.28916
0.65959 0.29167
0.66075 0.29392
0.66182 0.29639
*.*.Setup: s1223rtl.txt as Flap 1, Inverted: y, Scale = 1.0, AoA = 9.0, Reposition from (0,0) = (0, 0)*.*.
*.*.Setup: s1223rtl.txt as Flap 2, Inverted: y, Scale = 0.5, AoA = 20.0, Reposition from previous T.E. = (0.0, 0.075), Reposition from (0,0) = (0.9877, 0.2314)*.*.
*.*.Setup: s1223rtl.txt as Flap 3, Inverted: y, Scale = 0.5, AoA = 38.333333333333336, Reposition from previous T.E. = (-0.08, 0.08), Reposition from (0,0) = (1.3775, 0.4824)*.*.
*.*.Setup: Scale Ratio = 0.37396*.*.