0.36328 0.05754
0.36125 0.055290
0.35829 0.05201
0.35479 0.04876
0.35051 0.04557
0.34529 0.04224
0.33896 0.03863
0.33147 0.03472
0.32293 0.030570
0.31355 0.02628
0.3036 0.02195
0.2933 0.01767
0.28283 0.0135
0.27228 0.00949
0.2617 0.00565
0.25108 0.002
0.24039 -0.00146
0.22958 -0.00476
0.21861 -0.00792
0.20741 -0.01097
0.19597 -0.01395
0.18429 -0.0169
0.17243 -0.01982
0.1605 -0.02273
0.14866 -0.02557
0.13708 -0.0283
0.12593 -0.030830
0.11542 -0.03305
0.10563 -0.03489
0.09654 -0.03626
0.08799 -0.03714
0.07987 -0.03755
0.0721 -0.0375
0.06461 -0.036980
0.05738 -0.03601
0.05041 -0.0346
0.04373 -0.03279
0.03738 -0.03061
0.03144 -0.02815
0.02604 -0.02552
0.02126 -0.022850
0.017160 -0.02026
0.01372 -0.01781
0.010850 -0.01552
0.00849 -0.01337
0.006530 -0.011360
0.00491 -0.00948
0.00357 -0.00771
0.00248 -0.00606
0.00159 -0.0044900
0.00089 -0.003
0.00038 -0.001580
0.000086 -0.00022
-0.00012 0.0011000
0.000005 0.00243
0.00057 0.003660
0.0016 0.00465
0.00294 0.00539
0.00453 0.00598
0.00636 0.00650
0.00848 0.00698
0.01096 0.00745
0.01393 0.00793
0.01756 0.00843
0.0221 0.00896
0.02787 0.00953
0.03514 0.01013
0.04389 0.01072
0.05373 0.01119
0.064330 0.01146
0.07560 0.01155
0.08744 0.01152
0.099670 0.01144
0.11206 0.01134
0.12443 0.01125
0.13665 0.01121
0.148680 0.01123
0.16051 0.01135
0.17213 0.011590
0.183570 0.01198
0.19482 0.01254
0.20592 0.01329
0.21688 0.01424
0.2277100 0.0154
0.23843 0.01678
0.24905 0.0184
0.25959 0.02025
0.270040 0.02235
0.28039 0.02468
0.29064 0.02725
0.30073 0.03005
0.31059 0.03304
0.32005 0.03619
0.32892 0.03941
0.33694 0.04262
0.34395 0.04574
0.34991 0.04873
0.35491 0.0516
0.35908 0.05434
0.36328 0.05754
-Inserting Flap s1223rtl-
0.5361 0.14802
0.53531 0.14673
0.53417 0.14483
0.53277 0.1429
0.53097 0.14093
0.52873 0.1388
0.52596 0.13642
0.52266 0.13379
0.518860 0.13094
0.51467 0.12794
0.5102 0.12486
0.50555 0.12178
0.50081 0.11874
0.49602 0.11576
0.49119 0.11286
0.486320 0.11006
0.48141 0.10734
0.47642 0.104690
0.47133 0.102090
0.46613 0.09953
0.4608 0.09697
0.45535 0.09441
0.44981 0.091850
0.44423 0.08928
0.43869 0.086760
0.43326 0.08431
0.42803 0.08201
0.42308 0.07991
0.41846 0.07808
0.41412 0.07654
0.41002 0.07529
0.40607 0.07431
0.40225 0.0736
0.39852 0.07314
0.39488 0.07293
0.39133 0.07295
0.38787 0.0732
0.38455 0.07366
0.3814 0.07431
0.3785 0.07508
0.3759 0.075940
0.37364 0.07682
0.37171 0.07769
0.37009 0.07854
0.368720 0.07937
0.36757 0.08017
0.3666 0.08094
0.36577 0.08168
0.36508 0.08239
0.36449 0.08307
0.364010 0.08374
0.36362 0.08439
0.36332 0.085020
0.36312 0.08565
0.363050 0.08632
0.36321 0.08698
0.36362 0.08756
0.364210 0.08805
0.36494 0.08849
0.36578 0.08892
0.366780 0.08936
0.36795 0.08983
0.36936 0.09034
0.3711 0.09094
0.37328 0.09163
0.37605 0.09246
0.37957 0.09345
0.3838 0.09457
0.388590 0.09574
0.39376 0.09689
0.399280 0.098
0.4051 0.099120
0.41111 0.10025
0.4172 0.10138
0.42328 0.10252
0.42929 0.10366
0.43519 0.10482
0.44098 0.10601
0.44666 0.10724
0.45224 0.10852
0.457710 0.10987
0.46308 0.11129
0.46837 0.1128
0.47358 0.11441
0.47871 0.11611
0.48377 0.11792
0.48876 0.11983
0.49369 0.12186
0.49855 0.12399
0.50333 0.12623
0.50802 0.12856
0.512570 0.13097
0.51692 0.13342
0.520960 0.13585
0.52459 0.13819
0.52773 0.14039
0.53038 0.14243
0.53256 0.14431
0.534340 0.14605
0.5361 0.14802
-Inserting Flap s1223rtl-
0.66245 0.29419
0.66220 0.2927
0.66184 0.29052
0.66124 0.2882
0.66030 0.28571
0.659 0.2829
0.65731 0.27967
0.65521 0.276
0.65274 0.27195
0.64995 0.26761
0.64693 0.26311
0.64375 0.25853
0.64047 0.25394
0.63711 0.24941
0.633690 0.24494
0.63020 0.24053
0.62664 0.23619
0.62298 0.23188
0.61921 0.227590
0.61533 0.22329
0.61132 0.21895
0.607190 0.21456
0.60299 0.21012
0.59875 0.20568
0.59454 0.20129
0.5904 0.19701
0.58639 0.192940
0.58256 0.18917
0.57894 0.18576
0.57548 0.18272
0.57213 0.18004
0.56882 0.17768
0.56553 0.17561
0.56224 0.1738
0.558930 0.17226
0.55562 0.17097
0.55232 0.16993
0.549060 0.16913
0.54589 0.1685700
0.54291 0.16822
0.540180 0.16805
0.53775 0.16804
0.5356400 0.16814
0.533820 0.16833
0.53224 0.1686
0.530880 0.16891
0.52969 0.16927
0.52865 0.16965
0.52774 0.17005
0.52694 0.17047
0.52625 0.170910
0.52565 0.17137
0.52514 0.17185
0.52471 0.17236
0.52441 0.172960
0.52432 0.17363
0.52448 0.17432
0.52485 0.17499
0.52536 0.17567
0.52599 0.17638
0.52675 0.17716
0.52767 0.17802
0.52879 0.17903
0.530180 0.18022
0.53195 0.181670
0.53422 0.18346
0.53712 0.18568
0.54064 0.188290
0.54466 0.19114
0.54905 0.19412
0.55377 0.19719
0.55876 0.20038
0.56393 0.20364
0.56917 0.206950
0.5744 0.21025
0.57956 0.21353
0.58462 0.21678
0.58956 0.22003
0.59439 0.22326
0.5991 0.22651
0.60368 0.22979
0.60815 0.2331
0.61251 0.23645
0.61675 0.23987
0.62089 0.24334
0.62493 0.24689
0.62886 0.250510
0.63269 0.25421
0.63642 0.25799
0.64004 0.26184
0.64354 0.26574
0.64688 0.26966
0.65001 0.27354
0.65287 0.27729
0.65538 0.2808
0.657490 0.28401
0.65919 0.28688
0.66052 0.28943
0.661540 0.29171
0.66245 0.29419
*.*.Setup: s1223rtl.txt as Flap 1, Inverted: y, Scale = 1.0, AoA = 9.0, Reposition from (0,0) = (0, 0)*.*.
*.*.Setup: s1223rtl.txt as Flap 2, Inverted: y, Scale = 0.5, AoA = 20.0, Reposition from previous T.E. = (0.0, 0.075), Reposition from (0,0) = (0.9877, 0.2314)*.*.
*.*.Setup: s1223rtl.txt as Flap 3, Inverted: y, Scale = 0.5, AoA = 41.666666666666664, Reposition from previous T.E. = (-0.03, 0.065), Reposition from (0,0) = (1.4275, 0.4674)*.*.
*.*.Setup: Scale Ratio = 0.36781*.*.