0.35965 0.05696
0.35764 0.054740
0.3547 0.05149
0.35124 0.04827
0.34701 0.04511
0.34183 0.04182
0.33557 0.03825
0.32816 0.03438
0.3197 0.030270
0.31041 0.02602
0.30056 0.02173
0.29037 0.0175
0.28 0.01337
0.26956 0.00939
0.25908 0.00559
0.24856 0.00198
0.23798 -0.00145
0.22728 -0.00471
0.21642 -0.00784
0.20534 -0.01086
0.19401 -0.01381
0.18245 -0.01673
0.17071 -0.01962
0.1589 -0.0225
0.14717 -0.02532
0.13571 -0.02802
0.12467 -0.030520
0.11426 -0.03272
0.10458 -0.03454
0.09557 -0.03589
0.08711 -0.03677
0.07908 -0.03718
0.07138 -0.03712
0.06396 -0.036610
0.05681 -0.03565
0.04991 -0.03426
0.04329 -0.03246
0.037 -0.03031
0.03113 -0.02787
0.02578 -0.02526
0.02105 -0.022620
0.016990 -0.02006
0.01358 -0.01763
0.010750 -0.01536
0.0084 -0.01323
0.006460 -0.011240
0.00486 -0.00938
0.00354 -0.00764
0.00245 -0.006
0.00158 -0.0044400
0.00089 -0.00297
0.00037 -0.001560
0.000086 -0.00022
-0.00012 0.00109000
0.000005 0.00241
0.00057 0.003630
0.00158 0.0046
0.00291 0.00533
0.00448 0.00592
0.00629 0.006430
0.00839 0.00691
0.01085 0.00737
0.01379 0.00785
0.01739 0.00834
0.02188 0.00887
0.02759 0.00943
0.03479 0.01003
0.04345 0.01062
0.05319 0.01108
0.063680 0.01135
0.074840 0.01143
0.08657 0.01141
0.098670 0.01133
0.11094 0.01123
0.12319 0.01114
0.13529 0.01109
0.14720 0.01111
0.15891 0.01123
0.17041 0.011470
0.181730 0.01186
0.19287 0.01242
0.20386 0.01316
0.21471 0.01409
0.2254300 0.01524
0.23605 0.01662
0.24656 0.01822
0.25699 0.02005
0.267330 0.02212
0.27759 0.02443
0.28773 0.02698
0.29772 0.02975
0.30748 0.03271
0.31685 0.03583
0.32563 0.03902
0.33357 0.04219
0.34051 0.04528
0.34641 0.04825
0.35136 0.05109
0.35548 0.0538
0.35965 0.05696
-Inserting Flap s1223rtl-
0.52461 0.17531
0.52406 0.173910
0.52328 0.17186
0.52224 0.16974
0.52083 0.167510
0.519 0.16504
0.51672 0.162250
0.51395 0.15912
0.51074 0.15569
0.50717 0.15204
0.50334 0.14827
0.49934 0.14447
0.49524 0.14069
0.49108 0.13696
0.48687 0.13331
0.4826 0.129740
0.47828 0.12624
0.47387 0.1228
0.46936 0.11939
0.46473 0.116
0.45997 0.1125900
0.45509 0.10916
0.45013 0.1057
0.44513 0.10224
0.44017 0.09883
0.43530 0.09551
0.4306 0.09237
0.42613 0.08947
0.42194 0.08689
0.41798 0.08464
0.41418 0.08272
0.41051 0.08109
0.4069 0.07973
0.40335 0.07865
0.39984 0.07781
0.39637 0.07722
0.39296 0.07688
0.38963 0.076760
0.38646 0.07684
0.38349 0.0771
0.38081 0.07749
0.37846 0.07795
0.37643 0.07848
0.3747 0.07903
0.37322 0.0796
0.37196 0.0801800
0.37088 0.08076
0.36995 0.08134
0.36915 0.08191
0.36846 0.08248
0.36788 0.08305
0.36739 0.08361
0.36699 0.08418
0.36668 0.08476
0.3665 0.0854
0.36655 0.08607
0.36685 0.0867
0.36734 0.08728
0.36796 0.08784
0.36872 0.0884
0.36961 0.089
0.37068 0.08966
0.37196 0.09041
0.37355 0.09128
0.37556 0.09233
0.37812 0.09362
0.38137 0.09519
0.38531 0.09701
0.38977 0.09898
0.39462 0.10098
0.39982 0.10302
0.4053 0.10511
0.41096 0.10724
0.41671 0.10939
0.42244 0.11155
0.42809 0.11369
0.43365 0.11584
0.43909 0.11799
0.44442 0.120160000
0.44964 0.12237
0.45474 0.12463
0.45974 0.12694
0.46463 0.12932
0.46943 0.13178
0.47414 0.13432
0.47876 0.13696
0.4833 0.1396800
0.48776 0.1425
0.49213 0.14542
0.49641 0.14842
0.500580 0.15151
0.5046 0.15464
0.508420 0.15777
0.511940 0.16083
0.51508 0.16374
0.51776 0.16642
0.51999 0.16887
0.521790 0.17108
0.523230 0.17308
0.52461 0.17531
-Inserting Flap s1223rtl-
0.66282 0.29794
0.6624 0.2965
0.6618 0.2944
0.66095 0.29219
0.65974 0.28984
0.65814 0.28723
0.6561 0.28425
0.65362 0.28089
0.65072 0.27719
0.64748 0.27324
0.64399 0.26916
0.64034 0.26502
0.63658 0.26089
0.63276 0.25682
0.62889 0.252810
0.62495 0.24888
0.62095 0.24502
0.61685 0.24121
0.61266 0.237420
0.60834 0.23364
0.6039 0.22983
0.599340 0.22599
0.5947 0.22211
0.59002 0.21823
0.58537 0.21439
0.58081 0.21067
0.5764 0.20712
0.5722 0.20385
0.56825 0.20091
0.5645 0.19833
0.56089 0.19608
0.55737 0.19414
0.55389 0.19248
0.55045 0.19108
0.54702 0.18994
0.54362 0.18906
0.540250 0.18841
0.53695 0.188
0.53378 0.18781
0.53080 0.18781
0.5281 0.18796
0.52571 0.18822
0.52365 0.18856
0.52188 0.18896
0.52036 0.18941
0.51905 0.18988
0.51792 0.19036
0.51695 0.19086
0.5161 0.19136
0.515360 0.1918600
0.51473 0.19237
0.5141900 0.192890
0.51374 0.19342
0.51339 0.19398
0.51315 0.1946
0.51314 0.19527
0.51338 0.19593
0.51382 0.19655
0.5144 0.19716
0.5151 0.197780
0.5159400 0.19846
0.51694 0.1992
0.51816 0.20006
0.51967 0.20107
0.52157 0.20229
0.52401 0.2038
0.52712 0.20565
0.53088 0.20781
0.53516 0.21015
0.53981 0.21257
0.54481 0.21505
0.55008 0.21761
0.55554 0.22023
0.56108 0.22288
0.56660 0.22552
0.572050 0.22815
0.57739 0.23077
0.58263 0.23339
0.587750 0.23602
0.59275 0.23868
0.59764 0.24137
0.602410 0.24411
0.60708 0.24691
0.61165 0.24977
0.61612 0.25272
0.62049 0.25574
0.62478 0.25885
0.62897 0.26205
0.633070 0.26534
0.63707 0.2687
0.64096 0.27214
0.644690 0.27561
0.64822 0.27906
0.65147 0.28242
0.65434 0.28559
0.65678 0.2885
0.65878 0.29112
0.66038 0.29348
0.66164 0.2956
0.66282 0.29794
*.*.Setup: s1223rtl.txt as Flap 1, Inverted: y, Scale = 1.0, AoA = 9.0, Reposition from (0,0) = (0, 0)*.*.
*.*.Setup: s1223rtl.txt as Flap 2, Inverted: y, Scale = 0.5, AoA = 30.0, Reposition from previous T.E. = (0.02, 0.075), Reposition from (0,0) = (1.0077, 0.2314)*.*.
*.*.Setup: s1223rtl.txt as Flap 3, Inverted: y, Scale = 0.5, AoA = 35.0, Reposition from previous T.E. = (-0.03, 0.05), Reposition from (0,0) = (1.4107, 0.5314)*.*.
*.*.Setup: Scale Ratio = 0.36413*.*.