0.34757 0.05505
0.34562 0.05290
0.34279 0.04976
0.33944 0.04665
0.33535 0.04359
0.33035 0.04041
0.32429 0.03696
0.31713 0.03322
0.30896 0.029250
0.29998 0.02514
0.29046 0.021
0.28061 0.01691
0.2706 0.01292
0.2605 0.00908
0.25038 0.00541
0.24021 0.00192
0.22999 -0.0014
0.21965 -0.00456
0.20915 -0.00758
0.19844 -0.01049
0.18749 -0.01335
0.17632 -0.01616
0.16497 -0.01896
0.15356 -0.02174
0.14223 -0.02447
0.13115 -0.02708
0.12049 -0.029490
0.11042 -0.03162
0.10106 -0.03338
0.09236 -0.03469
0.08419 -0.03554
0.07642 -0.03593
0.06898 -0.03587
0.06181 -0.035380
0.0549 -0.03445
0.04823 -0.03311
0.04184 -0.03137
0.03576 -0.02929
0.03008 -0.02693
0.02491 -0.02441
0.02034 -0.021860
0.016420 -0.01938
0.01312 -0.01704
0.010380 -0.01484
0.00812 -0.01279
0.006250 -0.010870
0.0047 -0.00907
0.00342 -0.00738
0.00237 -0.00579
0.00152 -0.0042900
0.00086 -0.00287
0.00036 -0.001510
0.000086 -0.00021
-0.00012 0.00106000
0.000005 0.00233
0.00055 0.00350
0.00153 0.00444
0.00282 0.00515
0.00433 0.00572
0.00608 0.006210
0.00811 0.00667
0.01049 0.00713
0.01333 0.00758
0.0168 0.00806
0.02115 0.00857
0.02666 0.00911
0.03362 0.00969
0.04199 0.01026
0.0514 0.01071
0.061540 0.01097
0.072330 0.01105
0.08366 0.01102
0.095350 0.01095
0.10722 0.01085
0.11905 0.01077
0.13074 0.01072
0.142250 0.01074
0.15357 0.01086
0.16469 0.011090
0.175630 0.01146
0.18639 0.012
0.19701 0.01271
0.2075 0.01362
0.2178600 0.01473
0.22812 0.01606
0.23828 0.0176
0.24836 0.01938
0.258350 0.02138
0.26826 0.02361
0.27807 0.02607
0.28772 0.02875
0.29715 0.03161
0.30621 0.03462
0.31469 0.03771
0.32236 0.04078
0.32907 0.04376
0.33477 0.04663
0.33956 0.04937
0.34354 0.05199
0.34757 0.05505
-Inserting Flap s1223rtl-
0.5129 0.14162
0.51215 0.14038
0.51106 0.13857
0.50971 0.13672
0.508 0.13483
0.50585 0.13279
0.50321 0.13052
0.50005 0.128
0.496420 0.12527
0.4924 0.1224
0.48812 0.11946
0.48368 0.11651
0.47915 0.1136
0.47456 0.11075
0.46994 0.10798
0.465280 0.1053
0.46058 0.1027
0.45581 0.100160
0.45094 0.097680
0.44596 0.09522
0.44086 0.09278
0.43565 0.09033
0.43035 0.087870
0.42501 0.08542
0.41971 0.0830
0.41452 0.08066
0.40951 0.07846
0.40478 0.07645
0.40035 0.0747
0.39621 0.07323
0.39228 0.07203
0.3885 0.0711
0.38484 0.07042
0.38128 0.06998
0.3778 0.06977
0.3744 0.06979
0.37109 0.07003
0.36791 0.07048
0.3649 0.07109
0.36212 0.07184
0.35963 0.072650
0.35747 0.07349
0.35563 0.07433
0.35408 0.07515
0.352770 0.07594
0.35167 0.0767
0.35074 0.07744
0.34995 0.07814
0.34928 0.07882
0.34872 0.07948
0.348260 0.08012
0.34789 0.08073
0.3476 0.081340
0.34741 0.08195
0.347340 0.08258
0.3475 0.08321
0.34789 0.08377
0.348460 0.08424
0.34915 0.08466
0.34996 0.08507
0.350910 0.08549
0.35203 0.08594
0.35338 0.08644
0.35504 0.087
0.35713 0.08766
0.35978 0.08846
0.36314 0.08941
0.3672 0.09048
0.371770 0.0916
0.37673 0.0927
0.382010 0.09376
0.38757 0.094830
0.39332 0.09591
0.39915 0.097
0.40497 0.09808
0.41071 0.09918
0.41636 0.10028
0.4219 0.10142
0.42734 0.1026
0.43267 0.10382
0.437910 0.10511
0.44305 0.10648
0.44811 0.10792
0.45309 0.10946
0.458 0.11109
0.46284 0.11281
0.46761 0.11465
0.47233 0.11658
0.47698 0.11862
0.48156 0.12077
0.48604 0.123
0.490390 0.12531
0.49455 0.12765
0.498420 0.12997
0.5019 0.13221
0.5049 0.13431
0.50743 0.13627
0.50951 0.13807
0.511220 0.13973
0.5129 0.14162
-Inserting Flap s1223rtl-
0.66407 0.27069
0.66367 0.2693
0.66308 0.26727
0.66226 0.26514
0.66109 0.26287
0.65954 0.26034
0.65758 0.25746
0.65518 0.25421
0.65237 0.25063
0.649240 0.24682
0.645870 0.24288
0.64234 0.23888
0.63871 0.23489
0.63502 0.23095
0.63128 0.2270800
0.627470 0.22328
0.6236 0.21955
0.61965 0.21587
0.61559 0.212210
0.61142 0.20855
0.607130 0.20487
0.60272 0.20115
0.59824 0.19741
0.59372 0.19366
0.589220 0.18995
0.58481 0.18635
0.58055 0.18293
0.5765 0.17976
0.57267 0.17692
0.56905 0.17443
0.56556 0.17225
0.56216 0.17037
0.5588 0.16877
0.55547 0.16742
0.55216 0.16632
0.54887 0.16546
0.54562 0.16484
0.54243 0.16445
0.53936 0.16426
0.53649 0.16426
0.53387 0.16441
0.53157 0.16466
0.52957 0.16499
0.52786 0.16538
0.52639 0.1658
0.525130 0.16626
0.52404 0.16673
0.5231 0.1672
0.522280 0.16769
0.52157 0.168180
0.52095 0.16867
0.52043 0.16917
0.52 0.16968
0.51966 0.170220
0.51943 0.17082
0.519420 0.17147
0.51965 0.1721
0.52008 0.1727
0.52063 0.17329
0.52131 0.17390
0.52212 0.17455
0.52309 0.17527
0.52427 0.1761
0.52573 0.17708
0.52757 0.17826
0.529930 0.17971
0.53293 0.1815
0.536560 0.18359
0.540690 0.18585
0.54519 0.18819
0.55002 0.19059
0.55512 0.19306
0.560390 0.19559
0.56575 0.19815
0.57108 0.2007
0.57635 0.20325
0.58151 0.20578
0.58657 0.20831
0.59152 0.21085
0.596350 0.21342
0.60108 0.21602
0.60569 0.21867
0.6102 0.22137
0.614620 0.22414
0.61894 0.22699
0.62316 0.22991
0.6273 0.23292
0.63136 0.23601
0.63532 0.23918
0.63919 0.24244
0.64294 0.24575
0.64655 0.24911
0.64996 0.25245
0.6531 0.25569
0.65587 0.25875
0.658230 0.26156
0.66017 0.2641
0.661720 0.26638
0.66293 0.26843
0.66407 0.27069
*.*.Setup: s1223rtl.txt as Flap 1, Inverted: y, Scale = 1.0, AoA = 9.0, Reposition from (0,0) = (0, 0)*.*.
*.*.Setup: s1223rtl.txt as Flap 2, Inverted: y, Scale = 0.5, AoA = 20.0, Reposition from previous T.E. = (0.0, 0.075), Reposition from (0,0) = (0.9877, 0.2314)*.*.
*.*.Setup: s1223rtl.txt as Flap 3, Inverted: y, Scale = 0.5, AoA = 35.0, Reposition from previous T.E. = (0.02, 0.08), Reposition from (0,0) = (1.4775, 0.4824)*.*.
*.*.Setup: Scale Ratio = 0.3519*.*.