0.35179 0.05572
0.34982 0.053540
0.34695 0.05036
0.34356 0.04722
0.33942 0.04412
0.33436 0.0409
0.32823 0.03741
0.32098 0.03362
0.31271 0.02960
0.30362 0.02545
0.29399 0.02126
0.28402 0.01711
0.27388 0.01308
0.26367 0.00919
0.25342 0.00547
0.24313 0.00194
0.23278 -0.00142
0.22231 -0.00461
0.21169 -0.00767
0.20085 -0.01062
0.18977 -0.01351
0.17846 -0.01636
0.16698 -0.01919
0.15542 -0.02201
0.14396 -0.02476
0.13274 -0.0274
0.12195 -0.029850
0.11176 -0.03201
0.10229 -0.03378
0.09348 -0.03511
0.08521 -0.03597
0.07735 -0.03637
0.06982 -0.03631
0.06257 -0.035810
0.05557 -0.03487
0.04882 -0.03351
0.04234 -0.03175
0.03619 -0.02965
0.03045 -0.02726
0.02521 -0.02471
0.02059 -0.022130
0.016620 -0.01962
0.01328 -0.01725
0.010510 -0.01502
0.00822 -0.01294
0.006320 -0.0110
0.00475 -0.00918
0.00346 -0.00747
0.0024 -0.00586
0.00154 -0.0043500
0.00087 -0.0029
0.00036 -0.001530
0.000086 -0.00021
-0.00012 0.00107000
0.000005 0.00236
0.00055 0.003550
0.00155 0.0045
0.00285 0.00522
0.00439 0.00579
0.00616 0.006290
0.00821 0.00676
0.01061 0.00721
0.01349 0.00768
0.01701 0.00816
0.0214 0.00867
0.02699 0.00922
0.03403 0.00981
0.0425 0.01038
0.05203 0.01084
0.062290 0.0111
0.07320 0.01118
0.08467 0.01116
0.096510 0.01108
0.10852 0.01098
0.1205 0.0109
0.13233 0.01085
0.143980 0.01087
0.15543 0.01099
0.16669 0.011220
0.177760 0.0116
0.18866 0.01214
0.1994 0.01287
0.21001 0.01379
0.2205100 0.01491
0.23089 0.01625
0.24117 0.01782
0.25137 0.01961
0.261490 0.02164
0.27152 0.0239
0.28144 0.02639
0.29121 0.0291
0.30076 0.032
0.30992 0.03504
0.31851 0.03816
0.32628 0.04127
0.33306 0.04429
0.33884 0.04719
0.34368 0.04997
0.34771 0.05262
0.35179 0.05572
-Inserting Flap s1223rtl-
0.51319 0.15769
0.51254 0.15637
0.5116 0.15445
0.5104 0.15247
0.50884 0.15042
0.50685 0.14817
0.50439 0.14565
0.50143 0.14283
0.498 0.13976
0.49421 0.13651
0.49016 0.133170
0.48594 0.1298
0.48162 0.12646
0.47725 0.12318
0.47283 0.11999
0.46837 0.11687
0.46386 0.11383
0.45927 0.11085
0.45459 0.10792
0.44978 0.10501
0.44486 0.10209
0.439810 0.09916
0.43468 0.09622
0.42952 0.09327
0.42439 0.09037
0.41936 0.08755
0.41451 0.084890
0.40991 0.08245
0.40561 0.08029
0.40155 0.078440
0.39770 0.07689
0.39397 0.075610
0.39035 0.0746
0.38679 0.07384
0.3833 0.07333
0.37987 0.07305
0.37651 0.0730
0.37327 0.07317
0.37018 0.07352
0.36731 0.07403
0.36473 0.07463
0.36248 0.07529
0.36055 0.0759700
0.35891 0.07666
0.35752 0.07734
0.35634 0.07802
0.35534 0.078670
0.35448 0.07932
0.35375 0.07994
0.35313 0.08055
0.3526 0.08115
0.35217 0.08175
0.35183 0.082330
0.35158 0.082930
0.35146 0.08356
0.35156 0.08421
0.35191 0.08481
0.35244 0.08533
0.3531 0.08582
0.35388 0.0863
0.35480 0.08681
0.35589 0.08736
0.35721 0.08798
0.35884 0.0887
0.36088 0.08955
0.36349 0.09058
0.36679 0.09184
0.37078 0.09328
0.3753 0.09481
0.38019 0.09635
0.38543 0.097890
0.39094 0.09946
0.39665 0.101060
0.40243 0.10266
0.4082 0.10427
0.413890 0.10588
0.41949 0.1075
0.42498 0.10913
0.43035 0.1108
0.43562 0.1125
0.440790 0.11427
0.44585 0.1161
0.45083 0.118
0.45571 0.119990
0.46052 0.12206
0.46525 0.12423
0.46990 0.1265
0.47448 0.12887
0.47899 0.131340
0.48342 0.1339
0.48774 0.13655
0.49193 0.13926
0.49592 0.14199
0.49961 0.14467
0.502920 0.14723
0.50576 0.149620
0.50814 0.151810
0.51008 0.15381
0.51165 0.15564
0.51319 0.15769
-Inserting Flap s1223rtl-
0.65334 0.29923
0.6531 0.29779
0.65275 0.295680
0.65217 0.29344
0.65127 0.29102
0.65001 0.28830
0.64837 0.28517
0.64634 0.28162
0.643940 0.2777
0.64124 0.27350
0.63832 0.26913
0.63524 0.2647
0.6320600 0.26026
0.62881 0.25587
0.6255 0.25154
0.62212 0.24727
0.61867 0.24307
0.615130 0.2389
0.61148 0.23474
0.60772 0.23058
0.60383 0.226370
0.59984 0.22212
0.59577 0.217830
0.59167 0.21353
0.58759 0.20927
0.58358 0.20513
0.57969 0.20119
0.57599 0.19753
0.57248 0.19423
0.569130 0.19129
0.56588 0.1887
0.56268 0.18641
0.55949 0.1844
0.55631 0.18266
0.55311 0.18116
0.5499 0.17991
0.5467 0.17891
0.54354 0.17813
0.54048 0.17759
0.53759 0.17725
0.53495 0.17709
0.5326 0.17707
0.53055 0.17717
0.52879 0.17736
0.52726 0.17761
0.52594 0.17792
0.52479 0.1782600
0.52378 0.17863
0.52290 0.17902
0.52213 0.17943
0.52146 0.17986
0.520870 0.1803
0.520380 0.18076
0.51997 0.18126
0.51967 0.18184
0.51958 0.18249
0.51975 0.18315
0.52010 0.18381
0.52059 0.184460
0.5212 0.18515
0.52194 0.1859
0.52283 0.186740
0.52392 0.18772
0.52527 0.18887
0.52698 0.19027
0.52918 0.19201
0.53199 0.19416
0.5354 0.19668
0.53928 0.19945
0.54353 0.202330
0.5481 0.20531
0.55294 0.20839
0.55794 0.21155
0.56302 0.21475
0.56809 0.21795
0.57308 0.22112
0.57798 0.22428
0.58277 0.2274100
0.58744 0.23055
0.5920 0.2337
0.596440 0.23687
0.60077 0.24007
0.60499 0.24332
0.6091 0.24663
0.61311 0.24999
0.61701 0.253430
0.62082 0.25694
0.62453 0.26052
0.62814 0.26418
0.63165 0.26791
0.63503 0.27168
0.63827 0.27548
0.64130 0.279230
0.64407 0.28287
0.6465 0.28627
0.64855 0.28937
0.65019 0.29215
0.651480 0.294630
0.65246 0.29683
0.65334 0.29923
*.*.Setup: s1223rtl.txt as Flap 1, Inverted: y, Scale = 1.0, AoA = 9.0, Reposition from (0,0) = (0, 0)*.*.
*.*.Setup: s1223rtl.txt as Flap 2, Inverted: y, Scale = 0.5, AoA = 25.0, Reposition from previous T.E. = (0.0, 0.075), Reposition from (0,0) = (0.9877, 0.2314)*.*.
*.*.Setup: s1223rtl.txt as Flap 3, Inverted: y, Scale = 0.5, AoA = 41.666666666666664, Reposition from previous T.E. = (0.02, 0.065), Reposition from (0,0) = (1.4608, 0.5077)*.*.
*.*.Setup: Scale Ratio = 0.35617*.*.