0.36136 -0.03043
0.36057 -0.031170
0.35899 -0.03261
0.356640 -0.03473
0.35366 -0.03738
0.350210 -0.04036
0.34644 -0.04347
0.34253 -0.04654
0.33859 -0.04940
0.33467 -0.05205
0.33075 -0.05451
0.32683 -0.056820
0.32292 -0.059010
0.31902 -0.06111
0.31511 -0.06312
0.31121 -0.06505
0.30731 -0.06691
0.30342 -0.06869
0.29952 -0.0704
0.29563 -0.07205
0.29174 -0.07363
0.28785 -0.07516
0.28397 -0.07663
0.28009 -0.07805
0.2762 -0.07941
0.27232 -0.08071
0.26845 -0.08195
0.26457 -0.08313
0.2607 -0.08424
0.25683 -0.08529
0.25296 -0.0863
0.24909 -0.08726
0.24523 -0.0882
0.24136 -0.0891
0.2375 -0.08998
0.23363 -0.09082
0.22977 -0.09163
0.22591 -0.09238
0.22205 -0.09309
0.2182 -0.09375
0.21434 -0.09436
0.21049 -0.09492
0.20663 -0.09544
0.20278 -0.09591
0.19894 -0.09635
0.19509 -0.096740
0.191240 -0.0971
0.1874 -0.09742
0.18355 -0.09771
0.17971 -0.09795
0.17587 -0.09816
0.17203 -0.09833
0.16819 -0.09845
0.16435 -0.098530
0.16052 -0.09856
0.15669 -0.09855
0.15285 -0.09849
0.14902 -0.09838
0.1452 -0.09823
0.14137 -0.09803
0.13754 -0.09778
0.13372 -0.09748
0.1299 -0.09713
0.12608 -0.09674
0.12226 -0.09629
0.11844 -0.0958
0.11463 -0.09527
0.11081 -0.0947
0.107 -0.094100
0.10319 -0.09345
0.09938 -0.09275
0.09557 -0.09198
0.09177 -0.09114
0.08797 -0.0902
0.08417 -0.08918
0.08037 -0.08807
0.07658 -0.086870
0.07279 -0.08559
0.06901 -0.08421
0.06523 -0.08274
0.06145 -0.081150
0.05767 -0.07943
0.0539 -0.07756
0.05014 -0.07553
0.046380 -0.07334
0.04263 -0.07101
0.03889 -0.06852
0.03514 -0.06589
0.03141 -0.0631
0.02768 -0.0601
0.02396 -0.056810
0.02025 -0.05315
0.01656 -0.04904
0.01291 -0.04446
0.00943 -0.039530
0.00626 -0.03443
0.00355 -0.02935
0.00145 -0.02445
7e-05 -0.0199
-0.00043 -0.012310
0.00044 -0.00947
0.00204 -0.0074
0.00436 -0.00617
0.00727 -0.00567
0.01061 -0.00576
0.01425 -0.00629
0.01803 -0.00711
0.02183 -0.008110
0.02562 -0.00925
0.02941 -0.01052
0.03319 -0.01193
0.03697 -0.01345
0.04075 -0.01509
0.04452 -0.01682
0.04829 -0.01864
0.05206 -0.020530
0.05583 -0.02247
0.05959 -0.02445
0.06336 -0.02647
0.06712 -0.0285
0.07088 -0.03054
0.07464 -0.032580
0.07841 -0.0346
0.08217 -0.0366
0.08594 -0.03859
0.0897 -0.04054
0.09347 -0.04246
0.09724 -0.04435
0.10101 -0.04621
0.10478 -0.04802
0.10855 -0.0498
0.11232 -0.05153
0.1161 -0.05322
0.11987 -0.05487
0.12365 -0.05647
0.12743 -0.05803
0.13121 -0.05954
0.13499 -0.0610
0.13878 -0.06241
0.14256 -0.06378
0.14635 -0.06509
0.15014 -0.06635
0.15393 -0.06755
0.15773 -0.0687
0.16152 -0.0698
0.16532 -0.07083
0.169120 -0.07181
0.17292 -0.07272
0.17673 -0.07358
0.18053 -0.074390
0.18434 -0.07514
0.18815 -0.07585
0.19196 -0.07652
0.19577 -0.07714
0.19959 -0.07771
0.2034 -0.07822
0.20722 -0.07866
0.21104 -0.07903
0.21487 -0.07932
0.21869 -0.079550
0.22252 -0.0797
0.22635 -0.07979
0.23018 -0.079810
0.23402 -0.0797600
0.237860 -0.07964
0.2417 -0.079440
0.24554 -0.07917
0.24939 -0.07882
0.25324 -0.07839
0.25709 -0.07788
0.26094 -0.07728
0.2648 -0.07661
0.26866 -0.07584
0.27252 -0.07499
0.27639 -0.07404
0.28026 -0.073
0.28414 -0.07186
0.28801 -0.07061
0.29189 -0.06927
0.2957800 -0.06783
0.29966 -0.0663
0.30355 -0.06469
0.30745 -0.06301
0.31134 -0.06124
0.31524 -0.05941
0.31914 -0.05749
0.323040 -0.05551
0.32695 -0.05345
0.33086 -0.05131
0.33477 -0.04905
0.33869 -0.04666
0.34261 -0.04412
0.34651 -0.04145
0.35026 -0.03875
0.3537 -0.03621
0.35667 -0.03395
0.359 -0.03215
0.36058 -0.03094
0.36136 -0.03043
-Inserting Flap Ga2-
0.50249 0.062040
0.5024 0.061620
0.50219 0.06079
0.50189 0.05956
0.50149 0.058010
0.50101 0.05625
0.50046 0.05438
0.49985 0.05249
0.499190 0.05066
0.49848 0.04890
0.49773 0.04721
0.49695 0.0455700
0.49614 0.04396
0.49531 0.0424
0.49447 0.04085
0.49361 0.03934
0.492730 0.03786
0.49183 0.03639
0.49093 0.03495
0.49 0.03354
0.48907 0.03214
0.48812 0.03077
0.48716 0.02941
0.48619 0.02807
0.485210 0.02675
0.48421 0.02545
0.4832 0.02417
0.48218 0.02292
0.48115 0.02168
0.4801 0.02047
0.47904 0.01927
0.477970 0.01808
0.4769 0.01691
0.47582 0.01574
0.474740 0.01459
0.47364 0.01344
0.47254 0.01231
0.47143 0.0112
0.47031 0.01010
0.46918 0.00902
0.46804 0.00796
0.46688 0.00691
0.46572 0.00588
0.46455 0.00486
0.46337 0.00385
0.46219 0.00286
0.46099 0.00188
0.45979 0.00091
0.45858 -4e-05
0.45736 -0.00098
0.45613 -0.00191
0.45489 -0.00282
0.45365 -0.00372
0.45239 -0.00461
0.45113 -0.00548
0.44986 -0.00633
0.448570 -0.00717
0.44728 -0.00799
0.44597 -0.00879
0.44466 -0.00958
0.44334 -0.010360
0.442 -0.01111
0.44066 -0.01185
0.4393 -0.01257
0.43793 -0.01328
0.43656 -0.01397
0.43517 -0.01465
0.43378 -0.01531
0.43238 -0.01597
0.43098 -0.01661
0.42956 -0.01723
0.42812 -0.01782
0.42667 -0.01839
0.4252 -0.01893
0.42371 -0.01944
0.42221 -0.01992
0.42068 -0.020370
0.41914 -0.0208
0.41757 -0.02119
0.41599 -0.02154
0.41438 -0.02186
0.41274 -0.02213
0.41108 -0.02236
0.40937 -0.02253
0.40764 -0.02264
0.40587 -0.022710
0.404070 -0.02272
0.40224 -0.02268
0.40038 -0.0226
0.39847 -0.02244
0.3965 -0.02218
0.39446 -0.021790
0.39231 -0.02125
0.39008 -0.02055
0.387820 -0.01969
0.38563 -0.01871
0.38359 -0.01763
0.3818 -0.0164800
0.38033 -0.01528
0.37846 -0.01287
0.37812 -0.01174
0.37819 -0.01069
0.378680 -0.00977
0.37953 -0.00895
0.38066 -0.00823
0.38198 -0.00759
0.383420 -0.00702
0.3849 -0.0065
0.38642 -0.00603
0.38796 -0.00561
0.38953 -0.005230
0.39112 -0.00489
0.39274 -0.00458
0.39438 -0.00431
0.39604 -0.00407
0.39771 -0.003860
0.39939 -0.00366
0.40108 -0.00348
0.40278 -0.0033
0.40449 -0.00313
0.40619 -0.00297
0.40789 -0.0028
0.40959 -0.00263
0.41129 -0.00245
0.41298 -0.00227
0.41467 -0.002080
0.41635 -0.00187
0.418020 -0.00165
0.41968 -0.00143
0.42134 -0.001180
0.42299 -0.00093
0.42463 -0.00066
0.42626 -0.000380
0.42788 -8e-05
0.42949 0.000240
0.43109 0.00056
0.43268 0.00091
0.43426 0.00127
0.43583 0.00165
0.43739 0.00204
0.43894 0.002460
0.440480 0.00289
0.44201 0.00333
0.44352 0.0038
0.445030 0.00429
0.44652 0.00479
0.448 0.00532
0.44946 0.00587
0.45092 0.00643
0.45236 0.00702
0.45379 0.00762
0.45521 0.00823
0.45663 0.00887
0.45803 0.009510
0.45942 0.01018
0.4608 0.01086
0.462160 0.01157
0.46351 0.0123
0.46485 0.01306
0.46617 0.01384
0.46747 0.01465
0.46876 0.01547
0.47004 0.01633
0.4713 0.0172
0.47254 0.0181
0.47377 0.019020
0.47499 0.01997
0.47618 0.02095
0.47736 0.02195
0.47853 0.02298
0.47967 0.02404
0.4808 0.02513
0.48191 0.02625
0.483 0.027390
0.48407 0.02857
0.48512 0.02978
0.48615 0.03103
0.48716 0.03231
0.48814 0.03362
0.48911 0.03497
0.49006 0.03635
0.49099 0.037750
0.4919 0.03918
0.4928 0.04064
0.49368 0.04212
0.49454 0.04362
0.4954 0.04515
0.49623 0.04671
0.49705 0.0483
0.49784 0.04992
0.4986 0.05159
0.49934 0.05331
0.50003 0.05507
0.50067 0.0568
0.50124 0.05841
0.50172 0.05982
0.5021 0.06094
0.502350 0.0617
0.50249 0.062040
-Inserting Flap Ga2-
0.5991 0.20335
0.5992 0.20293
0.59939 0.20209
0.59966 0.20086
0.59999 0.1993
0.60034 0.19751
0.60068 0.19558
0.60097 0.19361
0.601190 0.19168
0.60133 0.18979
0.60141 0.18794
0.60144 0.18612
0.60143 0.18433
0.60138 0.18256
0.60131 0.1808
0.6012 0.17906
0.60108 0.17734
0.60093 0.17563
0.60075 0.17394
0.60055 0.17226
0.60033 0.1706
0.60009 0.16894
0.59984 0.1673
0.59956 0.16567
0.59926 0.16405
0.59895 0.16245
0.59861 0.16085
0.59825 0.15927
0.59787 0.15771
0.59747 0.15615
0.597060 0.15461
0.59663 0.15307
0.59619 0.15155
0.59574 0.15002
0.595280 0.14851
0.5948 0.147
0.59432 0.1455
0.59382 0.144
0.5933 0.14252
0.59276 0.14105
0.59221 0.13959
0.59164 0.13814
0.59106 0.1367
0.59046 0.13527
0.58985 0.13384
0.58923 0.13243
0.58859 0.13102
0.58794 0.12962
0.58728 0.12823
0.58661 0.12684
0.58592 0.12547
0.58522 0.12410
0.5845 0.12274
0.58377 0.12139
0.58302 0.12005
0.582250 0.11872
0.58147 0.1174
0.58068 0.11609
0.57987 0.11479
0.57904 0.1135
0.5782 0.11222
0.57734 0.11095
0.57646 0.10969
0.57556 0.10844
0.57465 0.1072
0.57373 0.10598
0.57279 0.10475
0.57184 0.10354
0.57087 0.10233
0.56989 0.10114
0.56889 0.09995
0.56787 0.09878
0.56683 0.09763
0.56575 0.09649
0.56464 0.09537
0.5635 0.09427
0.56234 0.09319
0.56114 0.092130
0.55991 0.09109
0.55865 0.09006
0.55735 0.08907
0.55601 0.0881
0.55461 0.08716
0.55316 0.08625
0.55166 0.085380
0.55010 0.08453
0.54849 0.08372
0.54684 0.08294
0.545130 0.0822
0.54335 0.0815
0.54147 0.08085
0.539460 0.08029
0.5373 0.07982
0.53499 0.07946
0.53259 0.07923
0.53019 0.07913
0.52788 0.0792
0.52577 0.07944
0.52391 0.079860
0.521180 0.08119
0.52036 0.08205
0.51996 0.08302
0.51999 0.08407
0.52039 0.08518
0.52108 0.08632
0.521990 0.08748
0.52302 0.08863
0.52412 0.08976
0.52527 0.090850
0.52646 0.09191
0.527700 0.09295
0.52898 0.09396
0.53029 0.09495
0.53164 0.09592
0.53302 0.09687
0.53442 0.09781
0.53584 0.09873
0.53728 0.09965
0.53872 0.100560
0.54017 0.10146
0.54163 0.10236
0.54308 0.10327
0.544530 0.10418
0.54597 0.10509
0.547410 0.106
0.54883 0.10693
0.55025 0.10785
0.55165 0.10879
0.55304 0.10973
0.55442 0.11068
0.55578 0.11164
0.55713 0.11261
0.55846 0.11359
0.55978 0.11458
0.56109 0.11557
0.56238 0.11658
0.56365 0.11759
0.56491 0.11862
0.56615 0.11965
0.56737 0.1207
0.56858 0.12176
0.56977 0.1228200
0.57094 0.12390
0.57209 0.12499
0.57322 0.1261
0.57433 0.12721
0.57542 0.12834
0.57649 0.12948
0.57754 0.13063
0.578580 0.13179
0.57959 0.13297
0.5806 0.13415
0.58158 0.13534
0.58255 0.13655
0.58351 0.13776
0.58444 0.13899
0.58535 0.14023
0.58623 0.14148
0.58709 0.14275
0.587930 0.14404
0.58874 0.14534
0.58953 0.146650
0.59029 0.14798
0.591030 0.14932
0.591750 0.15068
0.59244 0.15205
0.59311 0.15344
0.59375 0.15485
0.59436 0.15627
0.59495 0.157710
0.5955 0.15917
0.59603 0.16064
0.59653 0.16214
0.597 0.16365
0.59744 0.16518
0.59784 0.16673
0.59821 0.1683
0.59854 0.1699
0.59885 0.17151
0.59911 0.173150
0.59935 0.1748
0.59956 0.17647
0.599750 0.17816
0.59991 0.17986
0.60004 0.181580
0.60015 0.18332
0.60023 0.18506
0.60029 0.18683
0.600320 0.18861
0.60031 0.19042
0.60025 0.19225
0.60015 0.19412
0.59999 0.19601
0.5998 0.19784
0.59959 0.19954
0.5994 0.20102
0.59923 0.20219
0.59912 0.20297
0.5991 0.20335
*.*.Setup: Ga2.txt as Flap 1, Inverted: y, Scale = 1.0, AoA = -2.0, Reposition from (0,0) = (0, 0)*.*.
*.*.Setup: Ga2.txt as Flap 2, Inverted: y, Scale = 0.4, AoA = 32.0, Reposition from previous T.E. = (0.04, 0.06), Reposition from (0,0) = (1.0377, -0.024)*.*.
*.*.Setup: Ga2.txt as Flap 3, Inverted: y, Scale = 0.4, AoA = 58.333333333333336, Reposition from previous T.E. = (0.04, 0.06), Reposition from (0,0) = (1.4273, 0.2313)*.*.
*.*.Setup: Scale Ratio = 0.36221*.*.