0.34452 0.05457
0.34259 0.052430
0.33978 0.04932
0.33646 0.04624
0.33241 0.04321
0.32746 0.04006
0.32145 0.03664
0.31435 0.03293
0.30625 0.028990
0.29735 0.02492
0.28792 0.02082
0.27816 0.01676
0.26823 0.01281
0.25822 0.009
0.24818 0.00536
0.23811 0.0019
0.22797 -0.00139
0.21772 -0.00452
0.20732 -0.00751
0.1967 -0.0104
0.18585 -0.01323
0.17477 -0.01602
0.16353 -0.0188
0.15221 -0.02155
0.14098 -0.02425
0.13 -0.02684
0.11943 -0.029230
0.10946 -0.03135
0.10018 -0.03308
0.09155 -0.03438
0.08345 -0.03523
0.07575 -0.03562
0.06838 -0.03556
0.06127 -0.035070
0.05442 -0.03415
0.04781 -0.03282
0.04147 -0.0311
0.03545 -0.02903
0.02982 -0.0267
0.02469 -0.0242
0.02016 -0.021670
0.016280 -0.01921
0.01301 -0.01689
0.010290 -0.01471
0.00805 -0.01268
0.006190 -0.010770
0.00466 -0.00899
0.00339 -0.00732
0.00235 -0.00574
0.00151 -0.0042600
0.00085 -0.00284
0.00036 -0.00150
0.000086 -0.00021
-0.00012 0.00105000
0.000005 0.00231
0.00054 0.003470
0.00152 0.00441
0.00279 0.00511
0.0043 0.00567
0.00603 0.006160
0.00804 0.00662
0.0104 0.00706
0.01321 0.00752
0.01666 0.00799
0.02096 0.00849
0.02643 0.00903
0.03333 0.00961
0.04162 0.01017
0.05095 0.01061
0.0610 0.01087
0.071690 0.01095
0.08293 0.01093
0.094520 0.01085
0.10628 0.01076
0.11801 0.01067
0.1296 0.01063
0.141010 0.01065
0.15222 0.01076
0.16324 0.010990
0.174090 0.01136
0.18476 0.01189
0.19529 0.0126
0.20568 0.0135
0.2159500 0.0146
0.22612 0.01592
0.23619 0.01745
0.24618 0.01921
0.256090 0.02119
0.26591 0.02341
0.27563 0.02584
0.2852 0.0285
0.29455 0.03133
0.30352 0.03432
0.31193 0.03738
0.31954 0.04042
0.32619 0.04338
0.33184 0.04622
0.33658 0.04894
0.34053 0.05153
0.34452 0.05457
-Inserting Flap s1223rtl-
0.49436 0.17204
0.493960 0.17066
0.49338 0.16865
0.49257 0.16654
0.49141 0.16429
0.48987 0.16178
0.48793 0.15893
0.48555 0.15571
0.48277 0.15216
0.47966 0.14838
0.47632 0.14447
0.47283 0.14051
0.46923 0.13655
0.46557 0.13265
0.46186 0.128810
0.45809 0.12505
0.45425 0.12135
0.45033 0.1177
0.44631 0.114070
0.44217 0.11045
0.43792 0.1068
0.43355 0.10312
0.42911 0.0994
0.42463 0.09569
0.42017 0.09201
0.4158 0.08844
0.41158 0.08505
0.40756 0.08191
0.40377 0.0791
0.40018 0.07662
0.39672 0.07447
0.393340 0.07261
0.39002 0.07101
0.38672 0.06968
0.38344 0.06859
0.38018 0.06774
0.37695 0.06712
0.37379 0.06673
0.37075 0.06655
0.3679 0.06654
0.36531 0.06669
0.363020 0.06694
0.36105 0.06727
0.35935 0.06765
0.35789 0.06807
0.35664 0.06852
0.35556 0.06899
0.35462 0.06946
0.35381 0.06994
0.35311 0.0704300
0.3525 0.07092
0.35199 0.071410
0.35156 0.07192
0.35122 0.07245
0.35099 0.07304
0.35098 0.07369
0.35121 0.07432
0.35163 0.07491
0.35218 0.0755
0.35286 0.07610
0.35366 0.07674
0.35462 0.07746
0.35579 0.07828
0.35723 0.07925
0.35906 0.08042
0.36139 0.08186
0.36437 0.08363
0.36797 0.0857
0.37207 0.08795
0.37653 0.09026
0.38131 0.09264
0.38637 0.09509
0.39159 0.0976
0.3969 0.10014
0.40219 0.10267
0.40741 0.10519
0.41253 0.1077
0.41755 0.11021
0.42245 0.11273
0.42724 0.11527
0.43192 0.11785
0.4365 0.12047
0.440970 0.12316
0.44534 0.1259
0.44962 0.12872
0.45382 0.13162
0.45792 0.1346
0.46194 0.13766
0.46587 0.14081
0.4697 0.14404
0.47342 0.14733
0.477 0.15065
0.48038 0.15396
0.48349 0.15718
0.48624 0.16021
0.48858 0.163
0.49049 0.16551
0.49203 0.16777
0.493240 0.16981
0.49436 0.17204
-Inserting Flap s1223rtl-
0.644210 0.29998
0.64381 0.2986
0.64323 0.296590
0.64241 0.29448
0.64125 0.29223
0.63972 0.28972
0.63777 0.28687
0.63539 0.28365
0.63261 0.2801
0.62951 0.27633
0.626170 0.27241
0.62267 0.26845
0.61907 0.2645
0.61541 0.26059
0.6117 0.25676
0.607930 0.252990
0.60409 0.24929
0.60017 0.24564
0.59615 0.24201
0.59202 0.23839
0.587760 0.23474
0.58339 0.23106
0.57895 0.227340
0.57447 0.22363
0.570010 0.21995
0.56564 0.21638
0.56142 0.21299
0.5574 0.20985
0.55361 0.20704
0.55002 0.20456
0.54656 0.20241
0.54319 0.20055
0.53986 0.19896
0.53656 0.19762
0.53328 0.19653
0.53002 0.19568
0.52679 0.19506
0.52363 0.19467
0.52059 0.19449
0.51774 0.19449
0.51515 0.19463
0.51287 0.19488
0.51089 0.19521
0.50919 0.19559
0.50774 0.19602
0.506480 0.19647
0.5054 0.19693
0.50447 0.1974
0.5036500 0.1978800
0.50295 0.19837
0.50234 0.19886
0.50183 0.19935
0.5014 0.19986
0.50106 0.20039
0.50083 0.20099
0.500820 0.20163
0.50106 0.20226
0.50148 0.20286
0.50203 0.20344
0.5027 0.20404
0.5035 0.20468
0.50446 0.2054
0.50563 0.20622
0.50707 0.20719
0.5089 0.20836
0.511240 0.20980
0.51421 0.21157
0.5178200 0.213640
0.521910 0.21589
0.52637 0.21821
0.53116 0.22058
0.53621 0.22304
0.54144 0.22554
0.54674 0.22808
0.55203 0.23061
0.55725 0.23313
0.56237 0.23564
0.56739 0.23815
0.57229 0.24067
0.577080 0.24321
0.58176 0.24579
0.58634 0.24842
0.59081 0.25110
0.595190 0.25384
0.59947 0.25666
0.60366 0.25956
0.60776 0.26254
0.61178 0.2656
0.61571 0.268750
0.61954 0.27198
0.62326 0.27527
0.62684 0.27859
0.63022 0.2819
0.63333 0.28512
0.63608 0.28815
0.638420 0.29094
0.64034 0.29345
0.641870 0.29572
0.64308 0.29775
0.644210 0.29998
*.*.Setup: s1223rtl.txt as Flap 1, Inverted: y, Scale = 1.0, AoA = 9.0, Reposition from (0,0) = (0, 0)*.*.
*.*.Setup: s1223rtl.txt as Flap 2, Inverted: y, Scale = 0.5, AoA = 35.0, Reposition from previous T.E. = (0.02, 0.05), Reposition from (0,0) = (1.0077, 0.2064)*.*.
*.*.Setup: s1223rtl.txt as Flap 3, Inverted: y, Scale = 0.5, AoA = 35.0, Reposition from previous T.E. = (0.02, 0.08), Reposition from (0,0) = (1.4373, 0.5732)*.*.
*.*.Setup: Scale Ratio = 0.34882*.*.