0.3585 -0.005090
0.35777 -0.00588
0.3563 -0.0074
0.354130 -0.009660
0.35138 -0.01247
0.34818 -0.01565
0.34468 -0.01898
0.34103 -0.02228
0.33735 -0.02537
0.33366 -0.02825
0.329960 -0.03095
0.32626 -0.0335
0.32255 -0.03593
0.31884 -0.03827
0.31513 -0.04052
0.31142 -0.0427
0.3077 -0.04479
0.30398 -0.046820
0.300260 -0.04878
0.296540 -0.05067
0.29281 -0.0525
0.28908 -0.05428
0.28535 -0.056
0.28162 -0.05766
0.27788 -0.05927
0.27415 -0.06082
0.27041 -0.06231
0.26667 -0.06374
0.26293 -0.0651
0.25918 -0.066410
0.25543 -0.06767
0.251690 -0.06889
0.24794 -0.07007
0.24419 -0.07123
0.24044 -0.07237
0.23669 -0.07346
0.23293 -0.07452
0.229180 -0.07553
0.22542 -0.0765
0.22166 -0.07741
0.2179 -0.07828
0.21414 -0.07910
0.21038 -0.07987
0.20661 -0.0806100
0.20285 -0.0813
0.19908 -0.08196
0.19531 -0.08258
0.19154 -0.08316
0.18777 -0.0837
0.184 -0.08421
0.18022 -0.08468
0.17645 -0.08511
0.17267 -0.0855
0.16889 -0.08584
0.16511 -0.08614
0.16133 -0.08639
0.15755 -0.08659
0.15376 -0.08675
0.14997 -0.08686
0.14619 -0.08693
0.1424 -0.08695
0.13861 -0.08692
0.13481 -0.08684
0.13102 -0.08671
0.12722 -0.086530
0.12342 -0.08632
0.11962 -0.08606
0.11582 -0.08576
0.11202 -0.085430
0.10822 -0.08505
0.104410 -0.08462
0.1006 -0.08413
0.09679 -0.08356
0.09298 -0.0829
0.089160 -0.08215
0.08534 -0.08132
0.08152 -0.0804
0.0777 -0.07939
0.07387 -0.0783
0.07004 -0.0771
0.0662 -0.07580
0.06236 -0.07436
0.05851 -0.07277
0.05466 -0.07103
0.05081 -0.06914
0.04694 -0.06709
0.04308 -0.0649
0.0392 -0.06256
0.03533 -0.06007
0.03144 -0.05737
0.02755 -0.05438
0.02364 -0.05102
0.01972 -0.04722
0.0158 -0.042950
0.01203 -0.03833
0.00855 -0.03353
0.005530 -0.0287
0.00311 -0.02401
0.00144 -0.01962
0.00043 -0.012170
0.00108 -0.00931
0.00252 -0.00716
0.00473 -0.00579
0.00756 -0.00509
0.01086 -0.00495
0.01448 -0.00522
0.01827 -0.00577
0.02208 -0.00649
0.02590 -0.00735
0.02973 -0.00835
0.03356 -0.00947
0.03739 -0.01072
0.04123 -0.01207
0.04507 -0.01352
0.04892 -0.01505
0.052760 -0.01665
0.05661 -0.018310
0.06046 -0.02001
0.064310 -0.02173
0.06816 -0.02348
0.07201 -0.025230
0.07587 -0.02698
0.079720 -0.02872
0.08357 -0.03043
0.08742 -0.03213
0.09127 -0.0338
0.09511 -0.03543
0.09896 -0.03704
0.1028 -0.0386
0.10665 -0.04013
0.11049 -0.04163
0.11433 -0.04307
0.11817 -0.04448
0.12201 -0.04585
0.12585 -0.04717
0.12968 -0.04844
0.13351 -0.04967
0.13735 -0.05085
0.14118 -0.05198
0.145 -0.053070
0.148830 -0.0541
0.15265 -0.05508
0.15648 -0.05601
0.1603 -0.05688
0.1641200 -0.05770
0.16793 -0.058460
0.17175 -0.05916
0.17556 -0.0598
0.17937 -0.06038
0.18318 -0.06091
0.18699 -0.0614
0.19079 -0.06184
0.19460 -0.06223
0.1984 -0.06258
0.2022 -0.06288
0.2060 -0.063120
0.2098 -0.06329
0.21359 -0.06339
0.21738 -0.06341
0.22117 -0.06337
0.22496 -0.06326
0.22874 -0.063080
0.23252 -0.06284
0.23630 -0.06252
0.24008 -0.06214
0.24385 -0.06168
0.2476300 -0.06114
0.2514 -0.06053
0.25516 -0.059850
0.25893 -0.05908
0.26269 -0.05823
0.26644 -0.05729
0.2702 -0.05627
0.273950 -0.05516
0.2777 -0.05396
0.28144 -0.05267
0.28519 -0.05127
0.28892 -0.04978
0.29266 -0.04818
0.29639 -0.0465
0.30012 -0.044720
0.30384 -0.042870
0.30757 -0.04094
0.31129 -0.03893
0.315 -0.03685
0.31872 -0.03469
0.32243 -0.032470
0.32614 -0.03017
0.32985 -0.02778
0.33355 -0.02529
0.33725 -0.022660
0.34095 -0.01989
0.34461 -0.01698
0.34812 -0.01407
0.35133 -0.01131
0.35411 -0.00889
0.35629 -0.00695
0.35776 -0.00565
0.3585 -0.005090
-Inserting Flap Ga2-
0.50364 0.07874
0.50351 0.07833
0.50324 0.07753
0.50283 0.07634
0.50231 0.07486
0.50169 0.07316
0.50098 0.07136
0.50022 0.06955
0.4994 0.06781
0.498550 0.06614
0.49767 0.064540
0.496760 0.06299
0.49583 0.06148
0.49488 0.06
0.49391 0.05856
0.49293 0.05714
0.49194 0.0557600
0.49094 0.05439
0.4899200 0.05305
0.48889 0.05174
0.48785 0.05044
0.48679 0.04917
0.48573 0.04792
0.48466 0.04668
0.48358 0.04547
0.48249 0.04427
0.481380 0.0431
0.48027 0.041950
0.47914 0.04082
0.47801 0.03972
0.47686 0.03863
0.475710 0.03755
0.47455 0.03649
0.47339 0.03543
0.47222 0.03439
0.47104 0.03336
0.46986 0.03234
0.468670 0.03134
0.46747 0.03035
0.46626 0.02939
0.465050 0.02844
0.46382 0.0275
0.46259 0.02659
0.46135 0.02568
0.4601 0.024790
0.45885 0.02392
0.45758 0.02306
0.45631 0.02221
0.45504 0.02138
0.45376 0.02055
0.452470 0.01974
0.45117 0.01895
0.44987 0.01817
0.44856 0.01741
0.44724 0.01666
0.44591 0.01593
0.44457 0.01522
0.44323 0.01452
0.44187 0.01384
0.44051 0.01318
0.43914 0.01253
0.43776 0.0119
0.43637 0.01129
0.43497 0.01069
0.43357 0.01011
0.43215 0.00955
0.430730 0.009
0.42931 0.00847
0.42787 0.00795
0.426430 0.00744
0.42498 0.00695
0.42351 0.00649
0.42203 0.00605
0.42054 0.00564
0.419030 0.00527
0.417510 0.00493
0.41596 0.00461
0.41441 0.00433
0.41283 0.00408
0.41124 0.00387
0.40963 0.00369
0.408 0.00356
0.40633 0.003490
0.40464 0.00347
0.40293 0.0035
0.4011800 0.00359
0.39941 0.00373
0.39761 0.00393
0.39578 0.00417
0.39392 0.0045
0.392 0.00492
0.39001 0.0054800
0.38795 0.006190
0.38581 0.00708
0.38366 0.00811
0.38159 0.00927
0.37967 0.01051
0.37801 0.01180
0.37666 0.01311
0.37503 0.01564
0.37479 0.01679
0.37495 0.01781
0.37551 0.01868
0.376420 0.01941
0.37759 0.02002
0.37895 0.02054
0.38042 0.02098
0.38192 0.02136
0.38345 0.02169
0.38501 0.02198
0.38659 0.02222
0.388190 0.02241
0.38981 0.02257
0.39145 0.0227
0.3931 0.02279
0.39476 0.02286
0.39644 0.02291
0.39812 0.02295
0.39981 0.02297
0.4015 0.02299
0.403190 0.02301
0.40488 0.023020
0.40657 0.02304
0.40826 0.023070
0.40994 0.02311
0.41162 0.023150
0.413290 0.02321
0.41496 0.02328
0.41662 0.023360
0.41827 0.02346
0.41991 0.023570
0.42155 0.02369
0.42318 0.02383
0.4248 0.02398
0.42642 0.02415
0.42802 0.02434
0.42962 0.02454
0.43121 0.02476
0.43279 0.025
0.43436 0.025250
0.43592 0.02553
0.43747 0.02582
0.43901 0.02613
0.44055 0.02646
0.44207 0.02681
0.44358 0.02718
0.44508 0.027570
0.44657 0.02798
0.44805 0.02841
0.44952 0.02886
0.45099 0.02933
0.45244 0.02982
0.45389 0.03031
0.45532 0.03083
0.45675 0.03137
0.45817 0.03192
0.45957 0.0325
0.46097 0.03311
0.46235 0.03374
0.46371 0.03439
0.46507 0.03507
0.46641 0.035780
0.46774 0.03651
0.46905 0.03726
0.47036 0.038040
0.47165 0.03884
0.47293 0.03967
0.47419 0.04053
0.475440 0.04142
0.47667 0.04233
0.47789 0.04328
0.4791 0.044250
0.48029 0.04525
0.48146 0.04629
0.48261 0.04736
0.48375 0.04846
0.48487 0.04960
0.48598 0.050780
0.48706 0.05198
0.48813 0.05323
0.48918 0.0545
0.49022 0.0558
0.49124 0.05713
0.49225 0.05849
0.49325 0.05987
0.494230 0.06128
0.4952 0.062710
0.49615 0.06417
0.49709 0.06567
0.49802 0.0672
0.498910 0.06877
0.499780 0.0704
0.50062 0.07208
0.5014 0.07373
0.5021 0.075270
0.50269 0.07662
0.50316 0.07769
0.50347 0.07841
0.50364 0.07874
-Inserting Flap Ga2-
0.61233 0.2118
0.61238 0.21137
0.612470 0.21053
0.612590 0.20928
0.61274 0.20771
0.61288 0.20592
0.61299 0.20399
0.61305 0.20202
0.61304 0.2001
0.61296 0.19823
0.61283 0.1964
0.61265 0.19461
0.61243 0.19285
0.61218 0.19112
0.61191 0.1894
0.61161 0.18771
0.61129 0.18603
0.61094 0.18437
0.61058 0.18273
0.61019 0.1811
0.60978 0.17949
0.60936 0.1779
0.60892 0.17631
0.60846 0.17475
0.60798 0.17319
0.60749 0.17165
0.60697 0.17012
0.60644 0.16861
0.60589 0.16712
0.60532 0.165640
0.604730 0.16417
0.60413 0.16271
0.60352 0.16126
0.60291 0.15982
0.60228 0.15838
0.60164 0.15695
0.60099 0.15554
0.60033 0.15413
0.59965 0.15273
0.59896 0.151350
0.59825 0.14998
0.59752 0.14862
0.59679 0.147270
0.59604 0.14593
0.595270 0.14461
0.5945 0.14329
0.59371 0.14198
0.59291 0.14068
0.5921 0.139390
0.591280 0.1381
0.59045 0.13683
0.5896 0.135570
0.58874 0.13432
0.58787 0.13308
0.58698 0.13185
0.58608 0.13063
0.58516 0.12942
0.58423 0.12823
0.58328 0.12704
0.58232 0.12587
0.58134 0.12471
0.58035 0.12356
0.57935 0.12243
0.57833 0.1213
0.57729 0.12019
0.57624 0.11909
0.575180 0.118
0.57410 0.11692
0.57302 0.11584
0.571920 0.11478
0.5708 0.11373
0.56966 0.1127
0.5685 0.11169
0.56732 0.11069
0.5661 0.10972
0.56486 0.10877
0.56359 0.10785
0.56229 0.10694
0.56097 0.10606
0.55961 0.1052
0.558220 0.10437
0.55678 0.10357
0.5553100 0.1028
0.55378 0.10208
0.5522 0.1014
0.55058 0.10075
0.54891 0.10014
0.54719 0.09956
0.545430 0.09902
0.54360 0.09854
0.54168 0.09813
0.53964 0.0978
0.53747 0.097590
0.53516 0.0975
0.53277 0.09755
0.5304 0.09773
0.52815 0.098060
0.5261 0.09854
0.52432 0.09916
0.52179 0.10078
0.52109 0.10172
0.5208 0.10272
0.52096 0.10375
0.52148 0.10479
0.52229 0.10583
0.52331 0.10687
0.52446 0.10788
0.52566 0.10886
0.52692 0.1098
0.52821 0.11071
0.52954 0.1115800
0.53092 0.11243
0.53232 0.11325
0.53376 0.11405
0.53522 0.11482
0.5367 0.115580
0.538210 0.11632
0.53972 0.117060
0.54124 0.11779
0.54277 0.11851
0.54430 0.11923
0.54584 0.11995
0.54736 0.120680
0.54888 0.12141
0.5504 0.122140
0.55190 0.12288
0.5534 0.12363
0.55488 0.12439
0.55635 0.1251600
0.55782 0.12593
0.55926 0.12672
0.5607 0.12751
0.56212 0.12832
0.56353 0.12914
0.56493 0.12996
0.56631 0.1308
0.567680 0.13166
0.56903 0.13252
0.570370 0.1333900
0.571690 0.13428
0.57299 0.13518
0.57428 0.13609
0.57556 0.137020
0.57681 0.13796
0.57805 0.13891
0.57927 0.13988
0.58047 0.14086
0.58165 0.141850
0.58282 0.14287
0.58397 0.14389
0.5851 0.14492
0.58622 0.14597
0.58732 0.147030
0.58841 0.1481
0.58949 0.14918
0.59054 0.150280
0.59158 0.15139
0.59259 0.15252
0.59358 0.15367
0.59455 0.15484
0.5955 0.15602
0.59642 0.15722
0.59733 0.15844
0.59821 0.15967
0.59907 0.16092
0.59991 0.16219
0.60072 0.16348
0.60151 0.16479
0.60227 0.16611
0.60301 0.16746
0.60373 0.16883
0.60442 0.17021
0.60508 0.171620
0.605710 0.17305
0.60632 0.17451
0.60689 0.17599
0.60743 0.17749
0.60795 0.1790100
0.608430 0.18057
0.60888 0.18214
0.6093 0.18374
0.6097 0.1853500
0.61008 0.18699
0.61043 0.18864
0.61076 0.19031
0.61106 0.192
0.61134 0.19371
0.6116 0.19544
0.61183 0.197190
0.61203 0.19896
0.61219 0.20077
0.6123 0.20261
0.61236 0.20449
0.61238 0.20631
0.61238 0.2080
0.61235 0.20947
0.61233 0.21064
0.61231 0.21143
0.61233 0.2118
*.*.Setup: Ga2.txt as Flap 1, Inverted: y, Scale = 1.0, AoA = 2.0, Reposition from (0,0) = (0, 0)*.*.
*.*.Setup: Ga2.txt as Flap 2, Inverted: y, Scale = 0.4, AoA = 27.0, Reposition from previous T.E. = (0.04, 0.07), Reposition from (0,0) = (1.0411, 0.0558)*.*.
*.*.Setup: Ga2.txt as Flap 3, Inverted: y, Scale = 0.4, AoA = 51.666666666666664, Reposition from previous T.E. = (0.04, 0.07), Reposition from (0,0) = (1.4464, 0.2899)*.*.
*.*.Setup: Scale Ratio = 0.3581*.*.