0.36155 -0.03044
0.36076 -0.031190
0.35917 -0.03263
0.356820 -0.03475
0.35384 -0.0374
0.350380 -0.04038
0.34662 -0.0435
0.3427 -0.04657
0.33877 -0.049430
0.33484 -0.05207
0.33092 -0.05454
0.327 -0.056850
0.32309 -0.059040
0.31918 -0.06114
0.31527 -0.06315
0.31137 -0.06509
0.30747 -0.06694
0.30357 -0.06872
0.29967 -0.07044
0.29578 -0.07209
0.29189 -0.07367
0.288 -0.0752
0.28411 -0.07667
0.28023 -0.07809
0.27634 -0.07945
0.27246 -0.08075
0.26858 -0.08199
0.26471 -0.08317
0.26083 -0.08428
0.25696 -0.08534
0.25309 -0.08634
0.24922 -0.08731
0.24535 -0.08824
0.24148 -0.08915
0.23762 -0.09003
0.23375 -0.09087
0.22989 -0.09167
0.22603 -0.09243
0.22217 -0.09314
0.21831 -0.09379
0.21445 -0.0944
0.21059 -0.09497
0.20674 -0.09548
0.20289 -0.09596
0.19904 -0.0964
0.19519 -0.096790
0.191340 -0.09715
0.18749 -0.09747
0.18365 -0.09776
0.1798 -0.098
0.17596 -0.09821
0.17212 -0.09838
0.16828 -0.0985
0.16444 -0.098580
0.1606 -0.09861
0.15677 -0.0986
0.15293 -0.09854
0.1491 -0.09843
0.14527 -0.09828
0.14144 -0.09808
0.13761 -0.09783
0.13379 -0.09753
0.12996 -0.09718
0.12614 -0.09679
0.12232 -0.09634
0.1185 -0.09585
0.11469 -0.09532
0.11087 -0.09475
0.10706 -0.0941500
0.10324 -0.0935
0.09943 -0.0928
0.09562 -0.09203
0.09182 -0.09118
0.08801 -0.09025
0.08421 -0.08923
0.08042 -0.08811
0.07662 -0.086920
0.07283 -0.08563
0.06904 -0.08426
0.06526 -0.08278
0.06148 -0.081190
0.0577 -0.07947
0.05393 -0.0776
0.05017 -0.07557
0.046410 -0.07338
0.04265 -0.07104
0.0389 -0.06855
0.03516 -0.06592
0.03142 -0.06314
0.02769 -0.06013
0.02397 -0.056840
0.02026 -0.05317
0.01657 -0.04907
0.01292 -0.04448
0.00944 -0.039550
0.00626 -0.03445
0.00355 -0.02936
0.00145 -0.02446
7e-05 -0.01991
-0.00043 -0.012320
0.00044 -0.00948
0.00204 -0.00741
0.00436 -0.00618
0.00727 -0.00568
0.01062 -0.00576
0.01425 -0.00629
0.01804 -0.00711
0.02184 -0.008110
0.02563 -0.00925
0.02942 -0.01053
0.03321 -0.01193
0.03699 -0.01346
0.04077 -0.0151
0.04455 -0.01683
0.04832 -0.01865
0.05209 -0.020540
0.05586 -0.02248
0.05962 -0.02447
0.06339 -0.02648
0.06715 -0.02851
0.07092 -0.03056
0.07468 -0.032590
0.07845 -0.03462
0.08221 -0.03662
0.08598 -0.0386
0.08975 -0.04056
0.09352 -0.04249
0.09729 -0.04438
0.10106 -0.04623
0.10483 -0.04805
0.1086 -0.04982
0.11238 -0.05156
0.11616 -0.05325
0.11993 -0.0549
0.12371 -0.0565
0.12749 -0.05806
0.13128 -0.05957
0.13506 -0.061030
0.13885 -0.06244
0.14264 -0.06381
0.14643 -0.06512
0.15022 -0.06638
0.15401 -0.06759
0.15781 -0.06874
0.16161 -0.06983
0.16541 -0.07087
0.169210 -0.07184
0.17301 -0.07276
0.17682 -0.07362
0.18062 -0.074420
0.18443 -0.07518
0.18825 -0.07589
0.19206 -0.07656
0.19587 -0.07718
0.19969 -0.07775
0.20351 -0.07826
0.20733 -0.0787
0.21115 -0.07907
0.21497 -0.07936
0.2188 -0.079590
0.22263 -0.07974
0.22647 -0.07983
0.2303 -0.079850
0.23414 -0.079800
0.237980 -0.07968
0.24182 -0.079480
0.24567 -0.07921
0.24951 -0.07886
0.25337 -0.07843
0.25722 -0.07792
0.26108 -0.07732
0.26493 -0.07665
0.2688 -0.07588
0.27266 -0.07503
0.27653 -0.07408
0.2804 -0.07304
0.28428 -0.07189
0.28816 -0.07065
0.29204 -0.0693
0.2959300 -0.06786
0.29982 -0.06633
0.30371 -0.06473
0.3076 -0.06304
0.3115 -0.06127
0.3154 -0.05944
0.3193 -0.05752
0.323210 -0.05554
0.32712 -0.05348
0.33103 -0.05133
0.33494 -0.04907
0.33886 -0.04668
0.34279 -0.04415
0.34669 -0.04147
0.35044 -0.03877
0.35388 -0.03622
0.35685 -0.03397
0.35919 -0.03217
0.36076 -0.03096
0.36155 -0.03044
-Inserting Flap Ga2-
0.49067 0.06570
0.49057 0.065270
0.49037 0.06444
0.49006 0.06321
0.48967 0.061670
0.48919 0.05991
0.48864 0.05803
0.48803 0.05614
0.48736 0.05431
0.48665 0.052550
0.4859 0.05086
0.48512 0.0492100
0.48431 0.04761
0.48348 0.04604
0.48264 0.0445
0.48178 0.04299
0.4809 0.0415
0.48 0.04004
0.4791 0.0386
0.47817 0.03718
0.47724 0.03578
0.4762900 0.03441
0.47533 0.03305
0.474360 0.03171
0.47338 0.03039
0.47238 0.02909
0.47137 0.02781
0.47035 0.02655
0.46931 0.02532
0.46826 0.0241
0.46721 0.0229
0.46614 0.02172
0.46506 0.02054
0.46398 0.01937
0.4629 0.01822
0.46181 0.01707
0.4607 0.01594
0.45959 0.01483
0.45847 0.013730
0.45734 0.01265
0.4562 0.01159
0.45504 0.01054
0.45388 0.0095
0.452710 0.00848
0.45153 0.00748
0.45034 0.00648
0.44915 0.00551
0.44794 0.00454
0.446730 0.00358
0.44551 0.00264
0.44428 0.00171
0.44305 0.0008
0.4418 -0.0001
0.44055 -0.00099
0.43928 -0.00186
0.438 -0.00271
0.43672 -0.00355
0.43542 -0.00437
0.43412 -0.00517
0.43281 -0.00596
0.43148 -0.006740
0.43015 -0.00749
0.4288 -0.00823
0.42744 -0.00896
0.426080 -0.00966
0.4247 -0.01035
0.42332 -0.01103
0.42192 -0.0117
0.42052 -0.01235
0.41912 -0.01299
0.41769 -0.01361
0.41626 -0.01421
0.41481 -0.01478
0.41334 -0.01532
0.41185 -0.01583
0.41034 -0.01631
0.40881 -0.016760
0.40727 -0.01718
0.40571 -0.01757
0.40412 -0.01793
0.40251 -0.01825
0.40087 -0.01852
0.39921 -0.01875
0.3975 -0.01891
0.39577 -0.01903
0.394 -0.019090
0.3922 -0.01911
0.39037 -0.01907
0.38851 -0.01898
0.3866 -0.01882
0.38463 -0.01856
0.38258 -0.018180
0.380430 -0.01764
0.3782 -0.01694
0.37594 -0.01608
0.37375 -0.0151
0.37171 -0.01402
0.36992 -0.0128600
0.36844 -0.01166
0.36658 -0.00926
0.36623 -0.00812
0.3663 -0.00708
0.36679 -0.00615
0.36764 -0.00533
0.36877 -0.00461
0.3701 -0.00397
0.37154 -0.0034
0.37302 -0.00288
0.37453 -0.00241
0.37608 -0.00199
0.37765 -0.001610
0.37924 -0.00127
0.38086 -0.00096
0.3825 -0.00069
0.38416 -0.00045
0.38583 -0.000240
0.38752 -4e-05
0.38921 0.00015
0.39091 0.00032
0.39261 0.00049
0.39432 0.00065
0.39602 0.00082
0.39772 0.00099
0.39942 0.00117
0.40111 0.00135
0.4028 0.001550
0.404480 0.00175
0.40615 0.00197
0.40782 0.0022
0.40947 0.002440
0.41112 0.00269
0.41276 0.00296
0.4143900 0.003250
0.41602 0.00355
0.41763 0.003860
0.41923 0.00419
0.42082 0.00453
0.4224 0.0049
0.42398 0.00527
0.42554 0.00567
0.42709 0.006080
0.42863 0.00651
0.43016 0.00696
0.43167 0.00743
0.43318 0.00791
0.43467 0.00842
0.43615 0.00895
0.437610 0.00949
0.43907 0.01006
0.44051 0.01064
0.44194 0.01125
0.44336 0.01186
0.44478 0.01249
0.44618 0.013140
0.44758 0.01381
0.44895 0.01449
0.45032 0.0152
0.45167 0.01593
0.45301 0.01669
0.45432 0.01747
0.45563 0.01828
0.45692 0.01911
0.45820 0.01996
0.45946 0.02083
0.4607 0.02173
0.46193 0.022660
0.46315 0.02361
0.464350 0.02458
0.46553 0.02559
0.466690 0.02662
0.46784 0.02768
0.46896 0.02877
0.47007 0.02988
0.47117 0.031030
0.47224 0.03221
0.47329 0.03342
0.47432 0.03467
0.47532 0.03595
0.47631 0.03727
0.47728 0.03861
0.47823 0.03999
0.479160 0.041390
0.48007 0.04282
0.480970 0.04428
0.48185 0.04576
0.48272 0.04727
0.48357 0.0488
0.4844 0.05036
0.48522 0.05194
0.48601 0.05357
0.48678 0.05524
0.48751 0.05696
0.48821 0.05872
0.48885 0.06045
0.48942 0.06207
0.4899 0.06348
0.49027 0.0646
0.49052 0.06535
0.49067 0.06570
-Inserting Flap Ga2-
0.600660 0.20398
0.60071 0.20355
0.6008 0.20269
0.60093 0.20143
0.601070 0.19985
0.60121 0.19803
0.60133 0.19607
0.6013900 0.19408
0.601380 0.19214
0.6013 0.19024
0.60116 0.18840
0.60098 0.18659
0.60076 0.18481
0.60051 0.18305
0.60023 0.18131
0.59993 0.1796
0.5996 0.17790
0.599250 0.17622
0.59888 0.17456
0.59849 0.17292
0.59808 0.17129
0.59765 0.16967
0.5972 0.16807
0.59674 0.16648
0.59626 0.16491
0.59576 0.16335
0.59524 0.1618
0.5947 0.16028
0.59414 0.15876
0.59356 0.15727
0.59297 0.15578
0.59236 0.1543
0.59175 0.15284
0.59112 0.15138
0.59049 0.14992
0.58984 0.14848
0.58919 0.14704
0.588520 0.14562
0.58783 0.14421
0.58713 0.14281
0.58641 0.14142
0.58568 0.14004
0.58493 0.13868
0.58417 0.137320
0.5834 0.13598
0.582610 0.134650
0.58182 0.13332
0.581010 0.13201
0.58019 0.1307
0.57936 0.1294
0.57851 0.12811
0.57766 0.12684
0.57679 0.12557
0.5759 0.12431
0.575 0.12307
0.574090 0.12184
0.57316 0.12062
0.57222 0.11941
0.57126 0.11821
0.57029 0.11702
0.5693 0.11585
0.5683 0.11469
0.56728 0.11354
0.56625 0.11240
0.5652 0.11127
0.56414 0.110160
0.56306 0.10906
0.56197 0.107960
0.56087 0.10687
0.55976 0.1058
0.55863 0.10474
0.55748 0.10369
0.55631 0.10267
0.5551 0.101660
0.55387 0.100680
0.55262 0.09972
0.55133 0.09878
0.55002 0.09786
0.548680 0.09697
0.54731 0.0961
0.5459 0.095260
0.54445 0.094450
0.54295 0.0936800
0.54140 0.09295
0.53981 0.09225
0.53817 0.0916
0.53648 0.09098
0.53474 0.0904
0.53296 0.08985
0.5311 0.08936
0.52916 0.08894
0.5271 0.08862
0.5249 0.0884
0.52256 0.08831
0.52014 0.08836
0.51775 0.08854
0.51547 0.08888
0.51339 0.089360
0.5116 0.08999
0.50903 0.09163
0.50832 0.09258
0.50804 0.09359
0.50819 0.09463
0.50872 0.09569
0.50954 0.09674
0.51057 0.09779
0.51173 0.09882
0.512950 0.0998
0.51422 0.10076
0.51553 0.10168
0.51688 0.10256
0.51827 0.10342
0.51969 0.10425
0.52115 0.10506
0.52263 0.105840
0.52413 0.10661
0.52565 0.10736
0.52718 0.1081
0.52872 0.10884
0.53027 0.10957
0.53182 0.1103
0.5333700 0.11103
0.53491 0.11176
0.53645 0.1125
0.53798 0.11325
0.5395 0.114
0.54102 0.114750
0.54252 0.11552
0.54401 0.1163
0.54549 0.11708
0.54696 0.11788
0.54841 0.1186800
0.54985 0.1195
0.55128 0.12033
0.55269 0.12116
0.55409 0.122010
0.55547 0.12287
0.55684 0.12375
0.55819 0.12463
0.55953 0.12553
0.56085 0.12644
0.56216 0.12736
0.56344 0.1283
0.5647100 0.129250
0.56597 0.13021
0.5672 0.13119
0.56842 0.13219
0.56961 0.1332
0.57079 0.134220
0.57195 0.13525
0.5731 0.1363
0.57423 0.13736
0.57535 0.13843
0.57646 0.13951
0.57754 0.14061
0.578610 0.14172
0.57966 0.14285
0.58068 0.14399
0.58169 0.14515
0.58267 0.14633
0.583620 0.14753
0.58456 0.14874
0.58547 0.14998
0.58637 0.15122
0.58724 0.15249
0.58809 0.15378
0.58891 0.15508
0.58971 0.1564
0.59048 0.157750
0.59123 0.15911
0.59195 0.16049
0.592650 0.1619
0.59332 0.16332
0.59396 0.16477
0.59457 0.16624
0.59515 0.16774
0.5957 0.16926
0.59622 0.1708
0.59671 0.172370
0.59717 0.17396
0.59759 0.17558
0.598 0.17722
0.59838 0.17887
0.59873 0.18054
0.599060 0.18224
0.59937 0.18395
0.59966 0.18568
0.59992 0.18742
0.60016 0.18919
0.60036 0.19099
0.60052 0.19282
0.60063 0.19468
0.60069 0.19658
0.60071 0.19842
0.6007 0.20014
0.60068 0.20163
0.60066 0.20281
0.60064 0.2036
0.600660 0.20398
*.*.Setup: Ga2.txt as Flap 1, Inverted: y, Scale = 1.0, AoA = -2.0, Reposition from (0,0) = (0, 0)*.*.
*.*.Setup: Ga2.txt as Flap 2, Inverted: y, Scale = 0.4, AoA = 32.0, Reposition from previous T.E. = (0.0067, 0.07), Reposition from (0,0) = (1.0043, -0.014)*.*.
*.*.Setup: Ga2.txt as Flap 3, Inverted: y, Scale = 0.4, AoA = 51.666666666666664, Reposition from previous T.E. = (0.04, 0.08), Reposition from (0,0) = (1.394, 0.2613)*.*.
*.*.Setup: Scale Ratio = 0.36239*.*.