0.38149 -0.03212
0.38065 -0.032910
0.37898 -0.03443
0.37650 -0.03667
0.37336 -0.03946
0.369710 -0.0426
0.36574 -0.0459
0.3616 -0.04913
0.35745 -0.052150
0.35331 -0.05495
0.34917 -0.05755
0.34504 -0.059990
0.34091 -0.06230
0.33678 -0.06451
0.33266 -0.06664
0.32854 -0.06868
0.32443 -0.07063
0.32031 -0.07251
0.3162 -0.07432
0.3121 -0.07606
0.30799 -0.07774
0.30389 -0.07935
0.29978 -0.0809
0.29568 -0.0824
0.29159 -0.08383
0.28749 -0.08521
0.2834 -0.08652
0.27931 -0.08776
0.27522 -0.08893
0.27113 -0.09005
0.26705 -0.09111
0.26297 -0.09212
0.25888 -0.09311
0.2548 -0.09407
0.25072 -0.09499
0.24665 -0.09588
0.24257 -0.09673
0.23849 -0.09753
0.23442 -0.09827
0.23035 -0.09897
0.22628 -0.09961
0.22221 -0.1002
0.21814 -0.10075
0.21408 -0.10125
0.21002 -0.10171
0.20595 -0.102130
0.201890 -0.10251
0.19783 -0.10285
0.19378 -0.10315
0.18972 -0.10341
0.18566 -0.10363
0.18161 -0.10381
0.17756 -0.10394
0.17351 -0.104020
0.16946 -0.10405
0.16541 -0.10404
0.16137 -0.10397
0.15732 -0.10386
0.15328 -0.1037
0.14924 -0.10349
0.1452 -0.10322
0.14117 -0.10291
0.13713 -0.10254
0.1331 -0.10212
0.12907 -0.10165
0.12504 -0.10114
0.12101 -0.10058
0.11699 -0.09998
0.11296 -0.0993400
0.10894 -0.09866
0.10492 -0.09792
0.1009 -0.09711
0.09688 -0.09621
0.09287 -0.09523
0.08886 -0.09415
0.08485 -0.09297
0.08085 -0.091710
0.07685 -0.09035
0.07285 -0.0889
0.06886 -0.08735
0.06487 -0.085670
0.06089 -0.08385
0.05691 -0.08188
0.05293 -0.07974
0.048970 -0.07743
0.04501 -0.07496
0.04105 -0.07234
0.0371 -0.06956
0.03316 -0.06662
0.02922 -0.06345
0.02529 -0.059970
0.02138 -0.05611
0.01748 -0.05177
0.01363 -0.04693
0.00996 -0.041730
0.00661 -0.03635
0.00375 -0.03098
0.00153 -0.02581
8e-05 -0.02101
-0.00045 -0.0130
0.00046 -0.01
0.00216 -0.00782
0.0046 -0.00652
0.00767 -0.00599
0.0112 -0.00608
0.01504 -0.00664
0.01903 -0.0075
0.02304 -0.008560
0.02705 -0.00976
0.03105 -0.01111
0.03504 -0.01259
0.03903 -0.0142
0.04302 -0.01593
0.047 -0.01776
0.05098 -0.01968
0.05496 -0.021670
0.05894 -0.02372
0.06291 -0.02581
0.06689 -0.02794
0.07086 -0.03009
0.07483 -0.03224
0.0788 -0.034390
0.08278 -0.03653
0.08675 -0.03864
0.09072 -0.04073
0.0947 -0.0428
0.09867 -0.04483
0.10265 -0.04682
0.10663 -0.04878
0.11061 -0.0507
0.11459 -0.05257
0.11858 -0.0544
0.12256 -0.05618
0.12655 -0.05792
0.13054 -0.05962
0.13453 -0.06126
0.13852 -0.06285
0.14251 -0.06440
0.14651 -0.06589
0.15051 -0.06733
0.1545 -0.06871
0.15851 -0.07004
0.16251 -0.07131
0.16651 -0.07253
0.17052 -0.07368
0.17453 -0.07478
0.178540 -0.07581
0.18255 -0.07677
0.18657 -0.07768
0.19059 -0.078530
0.19461 -0.07933
0.19863 -0.08008
0.20265 -0.08078
0.20668 -0.08144
0.2107 -0.08204
0.21473 -0.08257
0.21876 -0.08304
0.2228 -0.08343
0.22683 -0.08374
0.23087 -0.083980
0.23491 -0.08414
0.23896 -0.08423
0.243 -0.084250
0.24705 -0.084200
0.251110 -0.08407
0.25516 -0.083860
0.25922 -0.08358
0.26328 -0.08321
0.26734 -0.08275
0.27141 -0.08221
0.27548 -0.08159
0.27955 -0.08087
0.28362 -0.08007
0.2877 -0.07917
0.29179 -0.07817
0.29587 -0.07707
0.29996 -0.07586
0.30405 -0.07454
0.30815 -0.07312
0.3122500 -0.07161
0.31636 -0.06999
0.32046 -0.0683
0.32457 -0.06651
0.32868 -0.06465
0.3328 -0.06271
0.33692 -0.0607
0.341040 -0.0586
0.34516 -0.05643
0.34929 -0.05416
0.35342 -0.05178
0.35755 -0.04926
0.36169 -0.04658
0.36581 -0.04375
0.36977 -0.04091
0.3734 -0.03822
0.37653 -0.03584
0.379 -0.03395
0.38066 -0.03267
0.38149 -0.03212
-Inserting Flap Ga2-
0.49824 0.05356
0.4981 0.05312
0.49781 0.05227
0.49738 0.05101
0.49682 0.04942
0.496150 0.04761
0.4954 0.04569
0.49458 0.04375
0.49372 0.04189
0.492810 0.04011
0.49186 0.0384
0.490890 0.03674
0.4899 0.03513
0.48888 0.03356
0.48785 0.03202
0.48681 0.03051
0.48575 0.02902
0.48467 0.02757
0.483580 0.02614
0.48248 0.024730
0.48137 0.02335
0.48025 0.021990
0.47912 0.02065
0.47797 0.01933
0.47682 0.018040
0.47565 0.01676
0.474470 0.01551
0.47328 0.01428
0.47208 0.01308
0.47087 0.0119
0.46964 0.010730
0.468410 0.00959
0.46717 0.00845
0.46593 0.00732
0.46468 0.00621
0.46343 0.00511
0.46217 0.00402
0.46090 0.00295
0.45962 0.0019
0.45833 0.00087
0.457030 -0.00015
0.4557200 -0.00114
0.4544 -0.00212
0.45308 -0.00309
0.45175 -0.00404
0.45041 -0.00497000
0.44906 -0.00589
0.4477 -0.0068
0.44634 -0.00769
0.44497 -0.00857
0.443600 -0.00943
0.44222 -0.010280
0.440820 -0.01111
0.43942 -0.01192
0.43801 -0.01272
0.43659 -0.0135
0.43517 -0.01426
0.43373 -0.01501
0.43228 -0.01573
0.43083 -0.01644
0.42937 -0.01713
0.42789 -0.01781
0.42641 -0.01846
0.42492 -0.0191
0.42342 -0.01971
0.42191 -0.02031
0.4203900 -0.0209
0.41886 -0.02147
0.41733 -0.02203
0.415790 -0.02257
0.41424 -0.02309
0.41268 -0.02359
0.4111 -0.02405
0.4095 -0.02449
0.40789 -0.02489
0.406260 -0.02525
0.40462 -0.02559
0.40296 -0.02589
0.40128 -0.02616
0.39958 -0.02639
0.39786 -0.026570
0.39611 -0.02671
0.39434 -0.02679
0.39253 -0.02681
0.3907 -0.02677
0.388830 -0.02668
0.38694 -0.02653
0.38502 -0.02632
0.38307 -0.02606
0.38107 -0.02571
0.37903 -0.02526
0.37691 -0.02466
0.37471 -0.0239
0.37242 -0.02296
0.37012 -0.02185
0.36791 -0.02062
0.36587 -0.01929
0.36409 -0.01791
0.36265 -0.01652
0.36091 -0.013820
0.36065 -0.01259
0.36082 -0.0115
0.36142 -0.01057
0.36239 -0.00979
0.36365 -0.009140
0.3651 -0.00859
0.36666 -0.00812
0.36827 -0.00771
0.3699 -0.00735
0.37156 -0.00705
0.37325 -0.00679
0.37496 -0.00658
0.37669 -0.00641
0.37844 -0.00628
0.3802 -0.00618
0.38198 -0.00610
0.38377 -0.006050
0.38556 -0.00601
0.38737 -0.00599
0.38917 -0.0059700
0.39098 -0.00595
0.39279 -0.00593
0.39459 -0.00591
0.39639 -0.00588
0.39819 -0.00584
0.39998 -0.00579
0.401760 -0.005730
0.40354 -0.00565
0.40531 -0.00557
0.40708 -0.00547
0.40883 -0.00535
0.41058 -0.00522
0.41232 -0.00507
0.41405 -0.0049
0.41578 -0.004720
0.41749 -0.004520
0.4192 -0.00431
0.42089 -0.00407
0.42258 -0.003820
0.42426 -0.00355
0.42593 -0.00326
0.42758 -0.00295
0.42923 -0.002620
0.43087 -0.002260
0.43249 -0.00189
0.434110 -0.0015
0.43571 -0.00108
0.4373 -0.00064
0.43888 -0.000180
0.44045 0.0003100
0.44202 0.00081
0.44357 0.001320
0.44511 0.00186
0.44665 0.00241
0.44817 0.00298
0.44968 0.00357
0.451190 0.00419
0.45267 0.00484
0.45414 0.00551
0.4556 0.00621
0.45705 0.00694
0.45848 0.00769
0.4599 0.00847
0.46131 0.00927
0.4627 0.0101
0.46408 0.01096
0.46544 0.01185
0.46679 0.01277
0.468120 0.013710
0.46944 0.01469
0.47075 0.0157
0.47203 0.01674
0.4733 0.01781
0.47455 0.01892
0.47579 0.02006
0.477 0.02123
0.4782 0.02245
0.47938 0.0237
0.48053 0.025
0.48167 0.02632
0.4828 0.02768
0.48391 0.02907
0.485 0.03049
0.48608 0.031940
0.48714 0.03342
0.488190 0.03492
0.48922 0.03645
0.490250 0.038010
0.49125 0.03961
0.49223 0.04124
0.493190 0.04292
0.49412 0.04466
0.49501 0.04645
0.49585 0.04821
0.49659 0.04986
0.49723 0.0513
0.49772 0.05244
0.49806 0.05321
0.49824 0.05356
-Inserting Flap Ga2-
0.59518 0.191820
0.59523 0.19137
0.59533 0.19047
0.595460 0.189140
0.59562 0.18746
0.59577 0.18554
0.59588 0.18348
0.59595 0.18138
0.59594 0.17933
0.59585 0.17733
0.59571 0.17538
0.59552 0.17347
0.59529 0.17159
0.59502 0.16974
0.59473 0.16791
0.59441 0.1661
0.59407 0.16431
0.5937 0.16254
0.5933 0.16078
0.59289 0.15905
0.59246 0.15733
0.59201 0.15562
0.59153 0.15393
0.59104 0.15226
0.59054 0.1506
0.59001 0.14895
0.58946 0.14732
0.58889 0.14571
0.5883 0.14411
0.58769 0.14253
0.587060 0.14097
0.58642 0.139410
0.58577 0.137860
0.58512 0.13632
0.58445 0.13478
0.58377 0.13326
0.58307 0.13174
0.58237 0.13024
0.58164 0.12875
0.5809 0.12728
0.58014 0.12581
0.57937 0.12436
0.57858 0.12292
0.57778 0.12149
0.576970 0.12007
0.57614 0.11867
0.5753 0.11727
0.57444 0.11588
0.57358 0.1145
0.57270 0.113130
0.57181 0.11177
0.57091 0.11042
0.56999 0.10909
0.56906 0.10776
0.56811 0.10645
0.56714 0.10515
0.56616 0.103860
0.56517 0.10259
0.56416 0.10132
0.56313 0.10007
0.56209 0.09883
0.56104 0.0976
0.55996 0.09639
0.55887 0.09519
0.55776 0.094
0.55664 0.09283
0.555510 0.09166
0.554360 0.09051
0.5532 0.08936
0.552030 0.08823
0.55083 0.08711
0.54962 0.086
0.54838 0.08492
0.54711 0.08386
0.54581 0.08283
0.54449 0.08181
0.54313 0.08082
0.54175 0.07985
0.54033 0.07891
0.53888 0.07799
0.537400 0.0771
0.53587 0.07625
0.534290 0.07544
0.53266 0.07466
0.53097 0.073930
0.52924 0.07324
0.52746 0.07259
0.52562 0.07197
0.523740 0.0714
0.521790 0.07088
0.51974 0.07044
0.51756 0.0701
0.51524 0.06987
0.51277 0.06978
0.51022 0.06982
0.5077 0.07002
0.50529 0.07037
0.503100 0.07088
0.50121 0.07155
0.4985 0.07328
0.49775 0.07428
0.49745 0.07535
0.49761 0.07644
0.49817 0.07756
0.49903 0.07867
0.50012 0.07978
0.50135 0.080860
0.50264 0.0819
0.50397 0.08291
0.50536 0.08388
0.50678 0.08481
0.50824 0.08572
0.50975 0.08659
0.51128 0.08744
0.51284 0.08827
0.51443 0.08908
0.516030 0.089870
0.51765 0.09066
0.51927 0.09144
0.52091 0.09221
0.522540 0.09298
0.52418 0.09375
0.52581 0.09452
0.52743 0.0953
0.52904 0.09608
0.530650 0.09688
0.53225 0.09768
0.53383 0.098490
0.53541 0.0993
0.53697 0.10013
0.53852 0.10097
0.54005 0.10182
0.54157 0.10268
0.54307 0.10356
0.54456 0.104440
0.54604 0.10534
0.54750 0.106240
0.54894 0.10717
0.550370 0.1081
0.551780 0.10905
0.55318 0.11001
0.55455 0.11098
0.55591 0.11197
0.55725 0.11297
0.55857 0.11399
0.55988 0.11502
0.56116 0.11607
0.56242 0.11713
0.56366 0.11821
0.56489 0.11931
0.5661 0.12041
0.5673 0.12153
0.568480 0.12266
0.56964 0.1238
0.57079 0.12496
0.57192 0.12613
0.57302 0.127320
0.5741 0.12852
0.57516 0.12975
0.57619 0.131
0.5772 0.13226
0.57819 0.13354
0.57916 0.13484
0.5801 0.13616
0.581020 0.13749
0.58191 0.13885
0.58278 0.14023
0.58362 0.14162
0.58444 0.14304
0.58523 0.14448
0.58599 0.14594
0.58673 0.14742
0.58744 0.14892
0.588110 0.15045
0.58876 0.152
0.58937 0.15358
0.589950 0.15518
0.5905 0.15681
0.59101 0.15847
0.59149 0.160150
0.59195 0.16186
0.59237 0.16358
0.59277 0.16533
0.59315 0.1671
0.5935 0.16888
0.59382 0.17069
0.59413 0.17251
0.5944 0.17435
0.59465 0.17622
0.59486 0.17812
0.59503 0.18005
0.59515 0.18202
0.59521 0.18401
0.59523 0.18596
0.59523 0.18777
0.5952 0.18934
0.59518 0.190590
0.59516 0.19143
0.59518 0.191820
*.*.Setup: Ga2.txt as Flap 1, Inverted: y, Scale = 1.0, AoA = -2.0, Reposition from (0,0) = (0, 0)*.*.
*.*.Setup: Ga2.txt as Flap 2, Inverted: y, Scale = 0.4, AoA = 27.0, Reposition from previous T.E. = (-0.06, 0.06), Reposition from (0,0) = (0.9377, -0.024)*.*.
*.*.Setup: Ga2.txt as Flap 3, Inverted: y, Scale = 0.4, AoA = 51.666666666666664, Reposition from previous T.E. = (-0.01, 0.06), Reposition from (0,0) = (1.293, 0.2001)*.*.
*.*.Setup: Scale Ratio = 0.38238*.*.