0.34699 0.05496
0.34505 0.052810
0.34222 0.04968
0.33887 0.04657
0.33479 0.04352
0.3298 0.04034
0.32376 0.0369
0.31661 0.03317
0.30844 0.02920
0.29948 0.0251
0.28998 0.02097
0.28015 0.01688
0.27015 0.0129
0.26007 0.00906
0.24996 0.0054
0.23981 0.00191
0.2296 -0.0014
0.21928 -0.00455
0.2088 -0.00756
0.19811 -0.01048
0.18718 -0.01332
0.17603 -0.01614
0.1647 -0.01893
0.1533 -0.02171
0.14199 -0.02443
0.13093 -0.02703
0.12029 -0.029440
0.11024 -0.03157
0.1009 -0.03332
0.09221 -0.03463
0.08405 -0.03548
0.07629 -0.03587
0.06887 -0.03581
0.06171 -0.035320
0.05481 -0.03439
0.04815 -0.03305
0.04177 -0.03132
0.0357 -0.02924
0.03003 -0.02689
0.02487 -0.02437
0.02031 -0.021820
0.016390 -0.01935
0.0131 -0.01701
0.010370 -0.01482
0.00811 -0.01277
0.006240 -0.010850
0.00469 -0.00905
0.00341 -0.00737
0.00237 -0.00578
0.00152 -0.0042900
0.00085 -0.00286
0.00036 -0.001510
0.000086 -0.00021
-0.00012 0.00105000
0.000005 0.00232
0.00055 0.00350
0.00153 0.00444
0.00281 0.00514
0.00433 0.00571
0.00607 0.00620
0.0081 0.00666
0.01047 0.00711
0.01331 0.00757
0.01677 0.00805
0.02111 0.00855
0.02662 0.0091
0.03357 0.00968
0.04192 0.01024
0.05132 0.01069
0.061440 0.01095
0.072210 0.01103
0.08352 0.011
0.09520 0.01093
0.10704 0.01083
0.11885 0.01075
0.13052 0.0107
0.142020 0.01072
0.15331 0.01084
0.16441 0.011070
0.175330 0.01144
0.18608 0.01198
0.19669 0.01269
0.20715 0.0136
0.217500 0.01471
0.22774 0.01603
0.23788 0.01757
0.24794 0.01935
0.257920 0.02135
0.26782 0.02357
0.2776 0.02603
0.28724 0.0287
0.29666 0.03156
0.3057 0.03457
0.31417 0.03764
0.32183 0.04071
0.32852 0.04369
0.33422 0.04655
0.33899 0.04929
0.34297 0.0519
0.34699 0.05496
-Inserting Flap s1223rtl-
0.51321 0.14676
0.51258 0.14546
0.51165 0.14356
0.51047 0.14161
0.50893 0.13958
0.50697 0.13737
0.50454 0.13488
0.50161 0.1321
0.49824 0.12907
0.4945 0.12586
0.4905 0.122570
0.48634 0.11925
0.48208 0.11595
0.47776 0.11272
0.47341 0.10957
0.46901 0.10649
0.46456 0.1035
0.46004 0.10056
0.45541 0.09766
0.45068 0.09479
0.44582 0.09192
0.440840 0.08903
0.43578 0.08612
0.43069 0.08322
0.42563 0.08035
0.42067 0.07758
0.41589 0.074950
0.41135 0.07254
0.4071 0.07041
0.40311 0.068590
0.39930 0.06705
0.39563 0.06580
0.39205 0.0648
0.38854 0.06405
0.3851 0.06355
0.38171 0.06327
0.37841 0.063230
0.3752 0.06339
0.37215 0.06374
0.36933 0.06424
0.36678 0.06483
0.36456 0.06548
0.36266 0.0661500
0.36104 0.06683
0.35967 0.0675
0.35851 0.06817
0.35752 0.068820
0.35667 0.06945
0.35595 0.07007
0.35534 0.07067
0.35482 0.07126
0.3544 0.07185
0.35406 0.072430
0.35381 0.073010
0.3537 0.07364
0.3538 0.07428
0.35414 0.07487
0.35466 0.07538
0.35531 0.07586
0.35608 0.07634
0.356990 0.07684
0.35807 0.07739
0.35937 0.078
0.36097 0.0787
0.36298 0.07954
0.36556 0.08057
0.36881 0.0818
0.37275 0.08322
0.37721 0.08473
0.38204 0.08625
0.3872 0.087780
0.39264 0.08932
0.39826 0.09090
0.40397 0.09248
0.40966 0.09407
0.415270 0.09566
0.42079 0.09725
0.42621 0.09886
0.43151 0.1005
0.43671 0.10219
0.44180 0.10393
0.4468 0.10573
0.4517 0.10761
0.45652 0.109570
0.46126 0.11161
0.46593 0.11376
0.470520 0.11599
0.47504 0.11833
0.47949 0.120760
0.48385 0.12329
0.48812 0.1259
0.49225 0.12858
0.49618 0.13127
0.49982 0.13391
0.503080 0.13644
0.50589 0.13880
0.50823 0.140960
0.51015 0.14293
0.5117 0.14474
0.51321 0.14676
-Inserting Flap s1223rtl-
0.66413 0.26508
0.66373 0.26369
0.663140 0.26166
0.66232 0.25953
0.66116 0.25727
0.659610 0.25474
0.65765 0.25187
0.655250 0.2486200
0.65245 0.24505
0.64933 0.24125
0.64596 0.23731
0.64244 0.23332
0.63882 0.22933
0.63513 0.2254
0.63139 0.22154
0.62759 0.21775
0.62373 0.21402
0.61978 0.21034
0.61573 0.20669
0.6115700 0.20304
0.60728 0.19936
0.60288 0.19566
0.5984 0.19192
0.59389 0.18817
0.58941 0.18447
0.5850 0.18087
0.580750 0.17746
0.5767 0.1743
0.57289 0.17146
0.5692700 0.16897
0.56579 0.1668
0.56239 0.16493
0.55904 0.16332
0.55571 0.16198
0.55241 0.16088
0.54912 0.16003
0.54588 0.1594
0.54269 0.15901
0.53963 0.15882
0.53676 0.15882
0.53415 0.15897
0.53185 0.15922
0.52986 0.15955
0.528150 0.15994
0.52668 0.16036
0.52542 0.16082
0.52433 0.161280
0.52339 0.16176
0.52257 0.16224
0.52186 0.16273
0.52125 0.16323
0.52073 0.163730
0.5203 0.16424
0.51996 0.16477
0.51973 0.16537
0.51972 0.166020
0.51995 0.16665
0.520380 0.16725
0.52093 0.16784
0.521610 0.16844
0.52242 0.16909
0.52339 0.16982
0.524560 0.17064
0.52601 0.17162
0.527850 0.1728
0.53021 0.17425
0.5332 0.17603
0.53683 0.17812
0.54096 0.18038
0.54545 0.18271
0.55027 0.18511
0.55536 0.18758
0.56063 0.1901
0.56597 0.19265
0.5713 0.19521
0.57655 0.197740
0.58171 0.20027
0.58676 0.2028
0.5917 0.20534
0.59653 0.2079
0.60124 0.21049
0.60585 0.21314
0.61035 0.21584
0.61476 0.21861
0.619070 0.22145
0.62329 0.22436
0.627430 0.22736
0.63147 0.23045
0.63543 0.23362
0.639290 0.23687
0.64304 0.24018
0.64664 0.24353
0.65004 0.24686
0.65317 0.2501
0.65595 0.25316
0.6583 0.25596
0.66023 0.2585
0.66178 0.26078
0.66299 0.26282
0.66413 0.26508
*.*.Setup: s1223rtl.txt as Flap 1, Inverted: y, Scale = 1.0, AoA = 9.0, Reposition from (0,0) = (0, 0)*.*.
*.*.Setup: s1223rtl.txt as Flap 2, Inverted: y, Scale = 0.5, AoA = 25.0, Reposition from previous T.E. = (0.02, 0.05), Reposition from (0,0) = (1.0077, 0.2064)*.*.
*.*.Setup: s1223rtl.txt as Flap 3, Inverted: y, Scale = 0.5, AoA = 35.0, Reposition from previous T.E. = (0.02, 0.05), Reposition from (0,0) = (1.4808, 0.4677)*.*.
*.*.Setup: Scale Ratio = 0.35131*.*.