0.3528 0.03708
0.350730 0.03502
0.34771 0.03201
0.34417 0.02905
0.3399 0.02619
0.33470 0.023250
0.32842 0.0201
0.32101 0.01671
0.312570 0.01315
0.303320 0.00949
0.29352 0.00582
0.28339 0.00222
0.273090 -0.001270
0.26273 -0.00461
0.25234 -0.00777
0.24193 -0.010750
0.23145 -0.01354
0.22088 -0.01617
0.2101500 -0.01866
0.19922 -0.02103
0.18805 -0.02333
0.17665 -0.02557
0.16508 -0.0278
0.15344 -0.029990
0.14189 -0.03213
0.1306 -0.03418
0.11974 -0.03605
0.10949 -0.03766
0.09998 -0.03893
0.09115 -0.03979
0.08288 -0.04022
0.07504 -0.0402
0.06755 -0.03975
0.06036 -0.03887
0.05345 -0.03758
0.04681 -0.03587
0.040460 -0.03379
0.03445 -0.03137
0.02886 -0.0287
0.02379 -0.02589
0.01932 -0.023080
0.01551 -0.02038
0.01231 -0.01785
0.00967 -0.01549
0.0075 -0.0133
0.005710 -0.01127
0.00425 -0.009380
0.00305 -0.00761
0.00208 -0.00596
0.00131 -0.00440
0.00071 -0.00293
0.00028 -0.00154
0.000055 -0.00021
-6e-05 0.00107
0.00012 0.00234
0.00074 0.0035
0.00178 0.00439
0.003110 0.00504
0.00466 0.005530
0.00645 0.00594
0.00852 0.00629
0.01093 0.00662
0.01382 0.00693
0.01734 0.00723
0.02174 0.007510
0.02732 0.00777
0.03436 0.00799
0.04281 0.008110
0.05231 0.00807
0.06253 0.00779
0.07339 0.00731
0.0848 0.00668
0.09657 0.00599
0.10851 0.00527
0.12042 0.00456
0.132180 0.00389
0.14377 0.00331
0.155170 0.00283
0.16638 0.00247
0.17741 0.00227
0.188280 0.00225
0.199 0.0024
0.20961 0.00276
0.2201 0.00334
0.23049 0.00413
0.24081 0.00515
0.25104 0.0064
0.26121 0.00789
0.27131 0.00962
0.28131 0.01158
0.29117 0.013760
0.30081 0.01615
0.31009 0.0187
0.31879 0.02136
0.32668 0.02404
0.333580 0.02669
0.33948 0.02928
0.34444 0.03179
0.34859 0.034210
0.3528 0.03708
-Inserting Flap s1223rtl-
0.51355 0.13865
0.51291 0.13733
0.51197 0.13542
0.51078 0.13345
0.50923 0.1314
0.50725 0.12916
0.50479 0.12665
0.50184 0.12384
0.49843 0.12078
0.49465 0.11755
0.49062 0.11422
0.48641 0.11087
0.48211 0.10754
0.477760 0.10428
0.47336 0.10109
0.46892 0.09799
0.464430 0.09496
0.45986 0.0920
0.45519 0.08907
0.45041 0.08617
0.4455 0.083270
0.44048 0.08035
0.43537 0.07742
0.43022 0.07449
0.42511 0.07159
0.42011 0.068790
0.41528 0.06614
0.4107 0.06371
0.4064 0.06156
0.40237 0.05971
0.39853 0.05816
0.39482 0.0569
0.39121 0.05589
0.38767 0.055130
0.38419 0.05462
0.38077 0.0543500
0.377430 0.0543
0.3742 0.05446
0.37112 0.05482
0.36826 0.055320
0.36569 0.05592
0.36345 0.05658
0.361530 0.05725
0.35989 0.05794
0.358510 0.058620
0.35734 0.05929
0.35634 0.05995
0.35548 0.06059
0.35475 0.06121
0.35414 0.06182
0.35361 0.06242
0.35318 0.06301
0.35284 0.06359
0.3526 0.06418
0.35248 0.06481
0.35258 0.065460
0.35293 0.06605
0.35345 0.06657
0.3541100 0.06706
0.35488 0.06754
0.3558 0.068050
0.35689 0.0686
0.35821 0.06921
0.35982 0.069930
0.36186 0.07078
0.36445 0.07181
0.36774 0.07306
0.37172 0.07449
0.37622 0.07602
0.3811 0.077550
0.38631 0.07909
0.3918 0.08065
0.39748 0.08224
0.403240 0.083840
0.40899 0.08544
0.41466 0.08705
0.42023 0.08865
0.4257 0.09028
0.43105 0.09194
0.4363 0.09364
0.44145 0.0954
0.44649 0.09722
0.451440 0.09911
0.45631 0.10109
0.461100 0.1031600
0.46581 0.10532
0.47044 0.10758
0.47501 0.10994
0.4795 0.1124
0.48391 0.11495
0.488210 0.11759
0.49238 0.12029
0.49635 0.123
0.50003 0.12568
0.50333 0.12823
0.50616 0.13061
0.50853 0.13279
0.51046 0.13478
0.51203 0.13660
0.51355 0.13865
-Inserting Flap s1223rtl-
0.65978 0.2664
0.65946 0.26497
0.65899 0.26289
0.65828 0.2607
0.65724 0.25835
0.65583 0.25571
0.65402 0.2527
0.6518 0.24929
0.64919 0.24553
0.64626 0.24151
0.6431 0.23734
0.63978 0.233110
0.63636 0.22888
0.63288 0.22470
0.62933 0.22058
0.62573 0.21654
0.622050 0.21256
0.61829 0.20862
0.61442 0.2047
0.61044 0.20077
0.60633 0.19682
0.60212 0.19282
0.59782 0.18879
0.5935 0.18475
0.58919 0.18075
0.58496 0.17687
0.58088 0.17318
0.57698 0.16975
0.5733 0.16667
0.5698 0.16395
0.56642 0.16156
0.5631 0.15947
0.55982 0.15765
0.55655 0.1561
0.55328 0.15480
0.55002 0.15375
0.54678 0.15293
0.5436 0.15234
0.54052 0.15198
0.53762 0.15181
0.53499 0.1518
0.53265 0.15192
0.53062 0.15214
0.52888 0.15243
0.52738 0.15277
0.52608 0.15315
0.52495 0.15356
0.52397 0.15399
0.52312 0.15442
0.522380 0.15487
0.52173 0.155340
0.52118 0.15581
0.520710 0.1563
0.52034 0.15682
0.52008 0.15741
0.52002 0.158060
0.52022 0.15872
0.52062 0.15934
0.52114 0.159970
0.52179 0.16062
0.52256 0.161320
0.5235 0.16211
0.52463 0.16301
0.52604 0.16408
0.52783 0.165370
0.53012 0.16697
0.53303 0.168950
0.53657 0.17126
0.54059 0.17378
0.54498 0.17640
0.5497 0.1791
0.55469 0.18189
0.559850 0.184740
0.565080 0.18763
0.5703 0.19051
0.57545 0.19338
0.5805 0.19623
0.585450 0.19907
0.59028 0.20192
0.59499 0.20479
0.59959 0.20768
0.60408 0.210620
0.60846 0.21361
0.61274 0.21665
0.61692 0.21977
0.62101 0.22296
0.625 0.22622
0.62889 0.22957
0.6327 0.233
0.6364 0.2365
0.63998 0.240060
0.64342 0.24365
0.64665 0.24721
0.649620 0.25066
0.6522300 0.2539
0.65444 0.25687
0.65624 0.25954
0.65767 0.261930
0.65877 0.26406
0.65978 0.2664
*.*.Setup: s1223rtl.txt as Flap 1, Inverted: y, Scale = 1.0, AoA = 6.0, Reposition from (0,0) = (0, 0)*.*.
*.*.Setup: s1223rtl.txt as Flap 2, Inverted: y, Scale = 0.5, AoA = 25.0, Reposition from previous T.E. = (0.0, 0.075), Reposition from (0,0) = (0.9945, 0.1795)*.*.
*.*.Setup: s1223rtl.txt as Flap 3, Inverted: y, Scale = 0.5, AoA = 38.333333333333336, Reposition from previous T.E. = (0.02, 0.05), Reposition from (0,0) = (1.4677, 0.4408)*.*.
*.*.Setup: Scale Ratio = 0.35474*.*.