0.35053 0.05552
0.34857 0.053350
0.34571 0.05018
0.34233 0.04705
0.33821 0.04397
0.33317 0.04076
0.32706 0.03728
0.31984 0.0335
0.31159 0.02950
0.30254 0.02536
0.29294 0.02118
0.28301 0.01705
0.27291 0.01303
0.26273 0.00915
0.25251 0.00545
0.24226 0.00193
0.23195 -0.00141
0.22152 -0.00459
0.21093 -0.00764
0.20013 -0.01058
0.18909 -0.01346
0.17782 -0.0163
0.16638 -0.01913
0.15487 -0.02193
0.14344 -0.02468
0.13227 -0.02731
0.12151 -0.029740
0.11136 -0.03189
0.10193 -0.03366
0.09315 -0.03498
0.08491 -0.03584
0.07707 -0.03624
0.06957 -0.03618
0.06234 -0.035680
0.05537 -0.03474
0.04864 -0.03339
0.04219 -0.03164
0.03606 -0.02954
0.03034 -0.02716
0.02512 -0.02462
0.02052 -0.022050
0.016560 -0.01955
0.01324 -0.01719
0.010470 -0.01497
0.00819 -0.0129
0.00630 -0.010960
0.00474 -0.00914
0.00345 -0.00744
0.00239 -0.00584
0.00154 -0.0043300
0.00086 -0.00289
0.00036 -0.001520
0.000086 -0.00021
-0.00012 0.00106000
0.000005 0.00235
0.00055 0.003530
0.00154 0.00448
0.00284 0.0052
0.00437 0.00577
0.00613 0.006270
0.00818 0.00673
0.01058 0.00719
0.01344 0.00765
0.01695 0.00813
0.02133 0.00864
0.02689 0.00919
0.03391 0.00978
0.04235 0.01035
0.05184 0.0108
0.062070 0.01106
0.072940 0.01114
0.08437 0.01112
0.096170 0.01104
0.10813 0.01094
0.12007 0.01086
0.13186 0.01081
0.143470 0.01083
0.15488 0.01095
0.16609 0.011180
0.177120 0.01156
0.18798 0.0121
0.19869 0.01282
0.20927 0.01374
0.2197200 0.01486
0.23006 0.01619
0.24031 0.01775
0.25048 0.01954
0.260560 0.02156
0.27055 0.02382
0.28044 0.0263
0.29018 0.02899
0.29968 0.03188
0.30882 0.03492
0.31737 0.03803
0.32511 0.04112
0.33188 0.04413
0.33763 0.04702
0.34246 0.04979
0.34647 0.05243
0.35053 0.05552
-Inserting Flap s1223rtl-
0.51131 0.17086
0.51078 0.16950
0.51001 0.16751
0.509 0.16544
0.50763 0.163260
0.50585 0.16086
0.50362 0.158140
0.50092 0.15509
0.49779 0.15174
0.49431 0.14818
0.49058 0.14451
0.48668 0.14081
0.48268 0.13712
0.47863 0.13349
0.47452 0.12993
0.47037 0.126450
0.46615 0.12304
0.46186 0.11968
0.45746 0.11637
0.45295 0.11306
0.44831 0.1097400
0.44356 0.10639
0.43872 0.10302
0.43385 0.09965
0.42901 0.09632
0.424260 0.09309
0.41968 0.09003
0.41533 0.0872
0.41124 0.08469
0.40738 0.0825
0.40368 0.08062
0.4001 0.07903
0.39659 0.07771
0.39312 0.07665
0.3897 0.07584
0.38632 0.07527
0.38299 0.07493
0.37976 0.074810
0.37666 0.07489
0.37377 0.07515
0.37116 0.07552
0.36886 0.07598
0.36689 0.07649
0.3652 0.07702
0.36376 0.07758
0.36253 0.0781500
0.36148 0.07872
0.36057 0.07928
0.35979 0.07984
0.35912 0.08039
0.35855 0.08094
0.35807 0.08149
0.35768 0.08204
0.35738 0.08261
0.35721 0.08323
0.35725 0.08389
0.35755 0.08451
0.35803 0.08507
0.35864 0.08561
0.35937 0.08616
0.36024 0.08674
0.36128 0.08739
0.36253 0.08812
0.36408 0.08897
0.36604 0.08999
0.36854 0.09125
0.37171 0.09278
0.37554 0.09455
0.37989 0.09647
0.38462 0.09842
0.38968 0.10041
0.39502 0.10244
0.40054 0.10452
0.40614 0.10662
0.41173 0.10872
0.41724 0.11081
0.42266 0.1129
0.42796 0.115
0.43316 0.117120000
0.43824 0.11927
0.44321 0.12147
0.44808 0.12372
0.45285 0.12605
0.45753 0.12844
0.46212 0.13092
0.46662 0.13348
0.47105 0.1361400
0.47539 0.13889
0.47965 0.14173
0.48382 0.14466
0.487890 0.14766
0.49181 0.15072
0.495530 0.15377
0.498960 0.15676
0.50202 0.15959
0.50464 0.1622
0.50681 0.16458
0.508560 0.16674
0.509960 0.16869
0.51131 0.17086
-Inserting Flap s1223rtl-
0.66376 0.29571
0.66336 0.29431
0.66277 0.29226
0.66194 0.29011
0.66076 0.28782
0.6592 0.28527
0.65721 0.28237
0.6548 0.27909
0.65197 0.27548
0.64881 0.27164
0.64541 0.26766
0.64185 0.26363
0.63819 0.2596
0.63447 0.25563
0.63069 0.251730
0.62685 0.2479
0.62295 0.24414
0.61896 0.24042
0.61487 0.236730
0.61066 0.23304
0.60633 0.22933
0.601890 0.22558
0.59737 0.2218
0.59281 0.21802
0.58828 0.21428
0.58383 0.21065
0.57953 0.2072
0.57544 0.20401
0.57159 0.20114
0.56793 0.19863
0.56442 0.19643
0.56098 0.19454
0.5576 0.19292
0.55424 0.19156
0.5509 0.19045
0.54758 0.18959
0.54430 0.18896
0.54109 0.18856
0.53799 0.18837
0.535090 0.18837
0.53246 0.18852
0.53013 0.18877
0.52812 0.18911
0.52639 0.1895
0.52491 0.18993
0.52364 0.19039
0.52254 0.19086
0.52159 0.19134
0.52076 0.19183
0.520040 0.1923200
0.51943 0.19282
0.518900 0.193330
0.51846 0.19384
0.51812 0.19438
0.51789 0.19499
0.51788 0.19564
0.51812 0.19628
0.51854 0.19689
0.5191 0.19748
0.51979 0.198090
0.520600 0.19875
0.52158 0.19948
0.52277 0.20031
0.52424 0.2013
0.52609 0.20249
0.52848 0.20396
0.5315 0.20576
0.53517 0.20786
0.53933 0.21015
0.54387 0.21251
0.54874 0.21493
0.55388 0.21742
0.5592 0.21997
0.5646 0.22255
0.569980 0.22513
0.575290 0.22769
0.5805 0.23024
0.58561 0.2328
0.590590 0.23536
0.59547 0.23795
0.60023 0.24057
0.604890 0.24324
0.60944 0.24597
0.61389 0.24877
0.61824 0.25163
0.62251 0.25458
0.62668 0.25761
0.63077 0.26073
0.634770 0.26393
0.63867 0.26722
0.64245 0.27056
0.646090 0.27394
0.64953 0.27731
0.6527 0.28058
0.6555 0.28367
0.65788 0.28651
0.65983 0.28907
0.66139 0.29137
0.66262 0.29343
0.66376 0.29571
*.*.Setup: s1223rtl.txt as Flap 1, Inverted: y, Scale = 1.0, AoA = 9.0, Reposition from (0,0) = (0, 0)*.*.
*.*.Setup: s1223rtl.txt as Flap 2, Inverted: y, Scale = 0.5, AoA = 30.0, Reposition from previous T.E. = (0.02, 0.075), Reposition from (0,0) = (1.0077, 0.2314)*.*.
*.*.Setup: s1223rtl.txt as Flap 3, Inverted: y, Scale = 0.5, AoA = 35.0, Reposition from previous T.E. = (0.02, 0.065), Reposition from (0,0) = (1.4607, 0.5464)*.*.
*.*.Setup: Scale Ratio = 0.3549*.*.