0.34926 0.03671
0.347210 0.03467
0.34422 0.03169
0.34072 0.02876
0.33649 0.02593
0.331340 0.023020
0.32512 0.0199
0.31779 0.01654
0.309440 0.01301
0.300280 0.00939
0.29057 0.00576
0.28054 0.0022
0.270350 -0.001260
0.26009 -0.00456
0.24981 -0.00769
0.2395 -0.010640
0.22913 -0.01341
0.21866 -0.01601
0.2080400 -0.01847
0.19722 -0.02082
0.18616 -0.02309
0.17488 -0.02532
0.16342 -0.02752
0.1519 -0.029690
0.14047 -0.03181
0.12929 -0.03383
0.11854 -0.03569
0.1084 -0.03728
0.09898 -0.03854
0.09024 -0.03939
0.08204 -0.03981
0.07428 -0.0398
0.06687 -0.03935
0.05976 -0.03848
0.05291 -0.0372
0.04634 -0.03551
0.040060 -0.03345
0.03411 -0.03106
0.02857 -0.02841
0.02355 -0.02563
0.01913 -0.022850
0.01535 -0.02017
0.01219 -0.01767
0.00957 -0.01534
0.00742 -0.01317
0.005660 -0.01116
0.00421 -0.009280
0.00302 -0.00753
0.00206 -0.0059
0.00129 -0.004360
0.0007 -0.0029
0.00028 -0.00152
0.000055 -0.00021
-6e-05 0.00106
0.00012 0.00232
0.00073 0.00346
0.00176 0.00435
0.003080 0.00499
0.00462 0.005470
0.00639 0.00588
0.00843 0.00623
0.01082 0.00655
0.01368 0.00686
0.01717 0.00716
0.02152 0.007430
0.02705 0.00769
0.03402 0.00791
0.04239 0.008030
0.05179 0.00799
0.06191 0.00772
0.07266 0.00723
0.08395 0.00662
0.0956 0.00593
0.10742 0.00521
0.11921 0.00451
0.130860 0.00386
0.14233 0.00328
0.153610 0.0028
0.16471 0.00245
0.17563 0.00225
0.186390 0.00222
0.19701 0.00238
0.2075 0.00274
0.21789 0.0033
0.22818 0.00409
0.23839 0.0051
0.24853 0.00634
0.25859 0.00781
0.26858 0.00952
0.27848 0.01146
0.28825 0.013620
0.29779 0.01598
0.30698 0.01851
0.31559 0.02114
0.3234 0.0238
0.330240 0.02642
0.33607 0.02898
0.34098 0.03147
0.34509 0.033870
0.34926 0.03671
-Inserting Flap s1223rtl-
0.51543 0.12848
0.51479 0.12718
0.51386 0.12528
0.51268 0.12333
0.51114 0.1213
0.50918 0.11909
0.50675 0.1166
0.50383 0.11382
0.50046 0.11079
0.49671 0.10759
0.49272 0.10429
0.48856 0.10097
0.4843 0.09768
0.479990 0.09445
0.47564 0.0913
0.47124 0.08823
0.466790 0.08523
0.46227 0.082290
0.45765 0.0794
0.45291 0.07653
0.44805 0.073650
0.44308 0.07077
0.43802 0.06786
0.43293 0.06496
0.42787 0.06209
0.42291 0.059320
0.41813 0.05669
0.4136 0.05429
0.40935 0.05216
0.40536 0.05033
0.40155 0.0488
0.39788 0.04754
0.39431 0.04655
0.3908 0.04580
0.38736 0.0453
0.38397 0.0450200
0.380670 0.04497
0.37747 0.04514
0.37442 0.04549
0.37159 0.045980
0.36905 0.04658
0.36683 0.04723
0.364920 0.0479
0.36331 0.04858
0.361940 0.049250
0.36078 0.04991
0.35978 0.05056
0.35894 0.0512
0.35822 0.05181
0.35761 0.05242
0.35709 0.05301
0.35666 0.05359
0.35633 0.05417
0.35608 0.05476
0.35597 0.05538
0.35606 0.056020
0.35641 0.05661
0.35693 0.05713
0.3575800 0.05761
0.35835 0.05809
0.35926 0.058580
0.36033 0.05913
0.36163 0.05974
0.36324 0.060450
0.36525 0.06129
0.36782 0.06231
0.37108 0.06354
0.37502 0.06496
0.37947 0.06647
0.3843 0.067990
0.38946 0.06951
0.3949 0.07106
0.40052 0.07263
0.406220 0.074220
0.41191 0.07581
0.41752 0.07739
0.42304 0.07899
0.42845 0.0806
0.43375 0.08224
0.43895 0.08392
0.44404 0.08566
0.44903 0.08746
0.453940 0.08934
0.45876 0.0913
0.4634900 0.0933400
0.46816 0.09548
0.47275 0.09772
0.47726 0.10006
0.48171 0.10249
0.48607 0.10502
0.490340 0.10763
0.49447 0.1103
0.4984 0.11299
0.50204 0.11564
0.5053 0.11816
0.50811 0.12052
0.51045 0.12268
0.51237 0.12465
0.51392 0.126450
0.51543 0.12848
-Inserting Flap s1223rtl-
0.66019 0.26548
0.65987 0.26407
0.6594 0.26201
0.6587 0.25984
0.65767 0.25751
0.65628 0.2549
0.65449 0.25192
0.65228 0.24855
0.6497 0.24482
0.6468 0.24084
0.64367 0.23671
0.64038 0.232520
0.637 0.22834
0.63355 0.22420
0.63004 0.22013
0.62648 0.21612
0.622840 0.21218
0.61911 0.20828
0.61528 0.2044
0.61134 0.20051
0.60727 0.1966
0.6031 0.19264
0.59885 0.18865
0.59456 0.18465
0.5903 0.1807
0.58612 0.17685
0.58207 0.17319
0.57821 0.16981
0.57457 0.16676
0.57111 0.16406
0.56776 0.16169
0.56448 0.15962
0.56123 0.15783
0.55799 0.15629
0.55475 0.155010
0.55152 0.15396
0.54832 0.15315
0.54516 0.15257
0.54212 0.15221
0.53925 0.15204
0.53664 0.15203
0.53433 0.15215
0.53232 0.15237
0.5306 0.15265
0.52911 0.15299
0.52782 0.15337
0.52671 0.15378
0.52574 0.1542
0.5249 0.15463
0.524160 0.15508
0.52352 0.155530
0.52297 0.156
0.522510 0.15649
0.52214 0.157
0.52188 0.15758
0.52183 0.158230
0.52203 0.15888
0.52242 0.1595
0.52294 0.160120
0.52358 0.16076
0.52435 0.161460
0.52527 0.16224
0.52639 0.16313
0.52779 0.16419
0.52955 0.165470
0.53182 0.16705
0.53471 0.169010
0.53821 0.1713
0.54219 0.17379
0.54654 0.176390
0.55121 0.17906
0.55615 0.18182
0.561250 0.184640
0.566440 0.1875
0.57161 0.19036
0.5767 0.19319
0.5817 0.19602
0.58660 0.19883
0.59138 0.20165
0.59605 0.20449
0.6006 0.20735
0.60504 0.210260
0.60938 0.21322
0.61362 0.21624
0.61776 0.21932
0.6218 0.22248
0.62575 0.22571
0.62961 0.22903
0.63337 0.23242
0.63704 0.23589
0.64058 0.239410
0.64398 0.24296
0.64719 0.24648
0.650120 0.2499
0.6527100 0.25311
0.6549 0.25605
0.65668 0.25869
0.65809 0.261050
0.65918 0.26316
0.66019 0.26548
*.*.Setup: s1223rtl.txt as Flap 1, Inverted: y, Scale = 1.0, AoA = 6.0, Reposition from (0,0) = (0, 0)*.*.
*.*.Setup: s1223rtl.txt as Flap 2, Inverted: y, Scale = 0.5, AoA = 25.0, Reposition from previous T.E. = (0.02, 0.05), Reposition from (0,0) = (1.0145, 0.1545)*.*.
*.*.Setup: s1223rtl.txt as Flap 3, Inverted: y, Scale = 0.5, AoA = 38.333333333333336, Reposition from previous T.E. = (0.02, 0.08), Reposition from (0,0) = (1.4877, 0.4458)*.*.
*.*.Setup: Scale Ratio = 0.35118*.*.