0.37157 -0.005270
0.37081 -0.00609
0.3693 -0.00767
0.367050 -0.010010
0.36419 -0.01293
0.36087 -0.01622
0.35725 -0.01968
0.35347 -0.02309
0.34965 -0.0263
0.34582 -0.02928
0.341990 -0.03208
0.33816 -0.03472
0.33432 -0.03724
0.33047 -0.03967
0.32663 -0.042
0.32278 -0.04425
0.31892 -0.04643
0.31507 -0.048530
0.311210 -0.05056
0.307350 -0.05252
0.30349 -0.05442
0.29962 -0.05626
0.29576 -0.05804
0.29189 -0.05976
0.28802 -0.06143
0.28415 -0.06304
0.28027 -0.06458
0.27639 -0.06606
0.27251 -0.06748
0.26863 -0.068830
0.26475 -0.07014
0.260870 -0.0714
0.25698 -0.07263
0.25309 -0.07383
0.24921 -0.075
0.24532 -0.07614
0.24143 -0.07724
0.237530 -0.07829
0.23364 -0.07929
0.22974 -0.08023
0.22585 -0.08113
0.22195 -0.081980
0.21805 -0.08279
0.21415 -0.0835500
0.21024 -0.08427
0.20634 -0.08495
0.20243 -0.08559
0.19852 -0.08619
0.19462 -0.08676
0.1907 -0.08728
0.18679 -0.08777
0.18288 -0.08822
0.17897 -0.08862
0.17505 -0.08897
0.17113 -0.08928
0.16721 -0.08954
0.16329 -0.08975
0.15937 -0.08991
0.15544 -0.09003
0.15152 -0.0901
0.14759 -0.09012
0.14366 -0.09009
0.13973 -0.09001
0.13579 -0.08987
0.13186 -0.089690
0.12792 -0.08946
0.12399 -0.08919
0.12005 -0.08889
0.11611 -0.088540
0.11216 -0.08816
0.108220 -0.08771
0.10427 -0.0872
0.10032 -0.0866
0.09637 -0.08592
0.092410 -0.08515
0.08846 -0.08428
0.08449 -0.08333
0.08053 -0.08229
0.07656 -0.08115
0.07259 -0.07992
0.06861 -0.078560
0.06463 -0.07707
0.06065 -0.07543
0.05665 -0.07362
0.05266 -0.07166
0.04865 -0.06954
0.04465 -0.06726
0.04063 -0.06484
0.03662 -0.06226
0.03259 -0.05946
0.02855 -0.05636
0.0245 -0.05288
0.02044 -0.04895
0.01638 -0.044520
0.01247 -0.03973
0.00886 -0.03475
0.005730 -0.02975
0.00323 -0.02489
0.0015 -0.02034
0.00044 -0.012620
0.00112 -0.00965
0.00262 -0.00742
0.0049 -0.006
0.00783 -0.00528
0.01126 -0.00513
0.01501 -0.00541
0.01894 -0.00598
0.02289 -0.00673
0.026850 -0.00762
0.03081 -0.00865
0.03478 -0.00982
0.03876 -0.01111
0.04273 -0.01251
0.04672 -0.01401
0.0507 -0.0156
0.054690 -0.01726
0.05868 -0.018980
0.06267 -0.02074
0.066660 -0.02253
0.07065 -0.02434
0.07464 -0.026150
0.07863 -0.02796
0.082620 -0.02976
0.08661 -0.03154
0.0906 -0.0333
0.09459 -0.03503
0.09858 -0.03673
0.10257 -0.03839
0.10655 -0.04001
0.11054 -0.0416
0.11452 -0.04314
0.1185 -0.04465
0.12248 -0.0461
0.12646 -0.04752
0.13044 -0.04889
0.13441 -0.05021
0.13838 -0.05148
0.14235 -0.0527
0.14632 -0.05388
0.15029 -0.0550
0.154260 -0.05607
0.15822 -0.05709
0.16218 -0.05805
0.16614 -0.05895
0.170100 -0.05980
0.17406 -0.060590
0.17801 -0.06131
0.18196 -0.06198
0.18591 -0.06258
0.18986 -0.06313
0.19381 -0.06364
0.19775 -0.06409
0.20170 -0.0645
0.20564 -0.06486
0.20958 -0.06517
0.213510 -0.065420
0.21745 -0.06559
0.22138 -0.0657
0.22531 -0.06573
0.22924 -0.06568
0.23316 -0.06557
0.23708 -0.065380
0.241 -0.06513
0.244920 -0.0648
0.24884 -0.0644
0.25275 -0.06393
0.2566600 -0.06337
0.26056 -0.06274
0.26447 -0.062030
0.26837 -0.06123
0.27227 -0.06035
0.27616 -0.05938
0.28005 -0.05832
0.283940 -0.05718
0.28783 -0.05593
0.29171 -0.05459
0.29559 -0.05314
0.29946 -0.05159
0.30333 -0.04994
0.3072 -0.04819
0.31106 -0.046350
0.31492 -0.044430
0.31878 -0.04243
0.32264 -0.04035
0.32649 -0.03819
0.33034 -0.03596
0.33419 -0.033650
0.33804 -0.03127
0.34188 -0.0288
0.34572 -0.02621
0.34955 -0.023490
0.35338 -0.02061
0.35718 -0.0176
0.36082 -0.01458
0.36415 -0.01173
0.36702 -0.00921
0.36928 -0.00721
0.3708 -0.00586
0.37157 -0.005270
-Inserting Flap Ga2-
0.48489 0.08161
0.48476 0.08118
0.48448 0.08035
0.48406 0.07913
0.48351 0.07759
0.48287 0.07583
0.48214 0.07397
0.48134 0.07209
0.4805 0.07028
0.479620 0.06855
0.4787 0.066890
0.477760 0.06528
0.47679 0.06372
0.47581 0.06219
0.47481 0.0607
0.47379 0.05923
0.47277 0.0577900
0.47172 0.05638
0.4706700 0.05499
0.4696 0.05362
0.46852 0.05228
0.46743 0.05096
0.46633 0.04966
0.46522 0.04838
0.4641 0.04713
0.46297 0.04589
0.461820 0.04467
0.46067 0.043480
0.4595 0.04231
0.45832 0.04117
0.45713 0.04004
0.455940 0.03892
0.45474 0.03782
0.45353 0.03673
0.45232 0.03564
0.4511 0.03457
0.44988 0.03352
0.448650 0.03248
0.4474 0.03146
0.44615 0.03046
0.444890 0.02947
0.44362 0.02851
0.44234 0.02756
0.44106 0.02662
0.43976 0.02570
0.43846 0.02479
0.43715 0.0239
0.43584 0.02302
0.43452 0.02216
0.43319 0.0213
0.431850 0.02046
0.43051 0.01964
0.42916 0.01883
0.4278 0.01804
0.42643 0.01727
0.42505 0.01651
0.42367 0.01578
0.42227 0.01505
0.42087 0.01435
0.41946 0.01366
0.41804 0.01299
0.41661 0.01233
0.41517 0.0117
0.41372 0.01108
0.41226 0.01048
0.4108 0.0099
0.409330 0.00933
0.40785 0.00878
0.40636 0.00824
0.404860 0.00771
0.40336 0.0072
0.40184 0.00672
0.40031 0.00627
0.39876 0.00585
0.39720 0.00546
0.395610 0.00511
0.39402 0.00478
0.3924 0.00449
0.39077 0.00423
0.38912 0.00401
0.38745 0.00383
0.38576 0.00369
0.38404 0.003620
0.38228 0.00359
0.3805 0.00363
0.3786900 0.00372
0.37686 0.00387
0.37499 0.00407
0.3731 0.00433
0.37117 0.00466
0.36918 0.0051
0.36712 0.0056800
0.36498 0.006420
0.36276 0.00734
0.36054 0.00841
0.35839 0.00961
0.3564 0.01089
0.35468 0.012230
0.35328 0.01359
0.35159 0.01621
0.35134 0.0174
0.3515 0.01846
0.35209 0.01936
0.353030 0.02012
0.35425 0.02075
0.35566 0.02128
0.35718 0.02174
0.35874 0.02214
0.36032 0.02248
0.36193 0.02278
0.36357 0.02303
0.365230 0.02323
0.36691 0.0234
0.3686 0.02352
0.37032 0.02362
0.37204 0.02369
0.37378 0.02375
0.37552 0.02378
0.37727 0.02381
0.37903 0.02383
0.380780 0.02384
0.38253 0.023860
0.38428 0.02388
0.38603 0.023910
0.38778 0.02395
0.38951 0.0240
0.391250 0.02406
0.39297 0.02413
0.39469 0.024210
0.3964 0.02431
0.39811 0.024430
0.39981 0.02455
0.4015 0.0247
0.40318 0.02486
0.40485 0.02503
0.40651 0.02523
0.40817 0.02544
0.40982 0.02566
0.41145 0.02591
0.41308 0.026170
0.4147 0.02646
0.41631 0.02676
0.41791 0.02708
0.4195 0.02742
0.42108 0.02778
0.42264 0.02817
0.4242 0.028570
0.42574 0.029
0.42728 0.02945
0.4288 0.02992
0.43032 0.0304
0.43182 0.0309
0.43332 0.03142
0.43481 0.03195
0.43629 0.03251
0.43776 0.03309
0.43922 0.03369
0.44066 0.03431
0.44209 0.03497
0.44351 0.03565
0.44491 0.03635
0.4463 0.037080
0.44768 0.03784
0.44904 0.03862
0.4504 0.039420
0.45173 0.04026
0.45306 0.04112
0.45437 0.04201
0.455660 0.04293
0.45694 0.04388
0.4582 0.04485
0.45945 0.045860
0.46069 0.04691
0.4619 0.04798
0.4631 0.04909
0.46428 0.05023
0.46544 0.051410
0.46658 0.052630
0.46771 0.05388
0.46881 0.05517
0.4699 0.05649
0.47098 0.05784
0.47204 0.05922
0.47309 0.06062
0.47412 0.06205
0.475140 0.06351
0.47614 0.0650
0.47713 0.06652
0.47811 0.06806
0.47906 0.06965
0.479990 0.07128
0.480890 0.07297
0.48176 0.07471
0.48257 0.07642
0.48329 0.078010
0.48391 0.07941
0.48439 0.08052
0.48472 0.08127
0.48489 0.08161
-Inserting Flap Ga2-
0.60988 0.20741
0.60988 0.20697
0.60987 0.20609
0.60985 0.204790
0.60981 0.203160
0.60974 0.20129
0.60962 0.199290
0.60944000 0.19726
0.6092 0.19528
0.6089 0.19336
0.60854 0.1915
0.60814 0.18968
0.6077 0.1879
0.60724 0.18614
0.60675 0.18441
0.60624 0.1827
0.6057 0.18101
0.60515 0.17934
0.604570 0.1777
0.603980 0.17607
0.60337 0.17446
0.60274 0.17287
0.60209 0.17129
0.60143 0.16973
0.60076 0.16819
0.60006 0.16666
0.59935 0.16515
0.59862 0.16366
0.59787 0.16219
0.5971 0.16074
0.59632 0.1593
0.59553 0.15787
0.594730 0.15645
0.59392 0.15503
0.5931 0.15363
0.592280 0.15224
0.591440 0.15085
0.59059 0.14949
0.58972 0.14813
0.58884 0.14679
0.58794 0.14547
0.58703 0.14415
0.58611 0.14285
0.58518 0.14157
0.58423 0.14029
0.58328 0.13903
0.58231 0.13777
0.58133 0.13653
0.58034 0.1353
0.57934 0.13408
0.57833 0.13287
0.57731 0.13167
0.57627 0.13049
0.57522 0.12931
0.57416 0.12816
0.57308 0.12701
0.5719900 0.12588
0.57089 0.12476
0.56977 0.12366
0.56864 0.12256
0.5675 0.12149
0.56634 0.12042
0.56517 0.119380
0.56398 0.11834
0.56278 0.11732
0.56157 0.11631
0.56034 0.11532
0.55911 0.11433
0.55786 0.11336
0.55660 0.11240
0.55533 0.11145
0.55403 0.11053
0.55271 0.10962
0.55137 0.10874
0.55 0.10789
0.54861 0.10706
0.54719 0.10626
0.54575 0.10549
0.54428 0.10473
0.54278 0.10401
0.54124 0.10332
0.53967 0.10268
0.53806 0.10207
0.5364 0.10151
0.53469 0.10099
0.532940 0.10052
0.53115 0.10009
0.52932 0.09971
0.52744 0.09936
0.52549 0.09909
0.52347 0.09889
0.521330 0.0988
0.51907 0.09885
0.51668 0.09903
0.514230 0.099370
0.51181 0.09984
0.50953 0.10045
0.50747 0.10119
0.50573 0.10205
0.50331 0.10402
0.50270 0.10507
0.502530 0.10613
0.50281 0.10717
0.50347 0.10818
0.50443 0.10916
0.50561 0.1101
0.506910 0.11101
0.50827 0.11187
0.50967 0.11268
0.511120 0.1134600
0.5126 0.1142100
0.51411 0.11491
0.51565 0.11559
0.51723 0.11623
0.51883 0.11686
0.52045 0.11746
0.52208 0.11804
0.52373 0.11862
0.52539 0.11918
0.52705 0.11974
0.52871 0.1203
0.53037 0.12086
0.53203 0.12142
0.53368 0.12199
0.535330 0.12256
0.53697 0.123150
0.5386 0.12374
0.54022 0.12434
0.54183 0.12495
0.543430 0.12557
0.54501 0.126210
0.54659 0.12686
0.54815 0.12751
0.54970 0.12819
0.551230 0.128870
0.55276 0.12957
0.55427 0.13028
0.55576 0.131
0.55724 0.13174
0.55871 0.1325
0.56016 0.13327
0.5616 0.13405
0.56302 0.13485
0.56443 0.13567
0.56582 0.1365
0.56719 0.137350
0.56854 0.13821
0.56988 0.1391
0.5712 0.14
0.57251 0.14091
0.57380 0.14184
0.57508 0.14279
0.57634 0.14374
0.57759 0.144710
0.57883 0.1457
0.5800500 0.1467
0.58125 0.14772
0.58243 0.14876
0.58358 0.149830
0.58472 0.150910
0.58584 0.15201
0.58693 0.15314
0.58801 0.15428
0.58907 0.15545
0.5901 0.15663
0.59112 0.15784
0.59211 0.15907
0.59308 0.16032
0.594030 0.16159
0.59495 0.162890
0.59585 0.164210
0.59673 0.16555
0.59758 0.16692
0.5984 0.16832
0.5992 0.16975
0.59997 0.17120
0.60071 0.172680
0.60142 0.174190
0.6021 0.17573
0.60276 0.17729
0.60338 0.17889
0.60399 0.18050
0.60457 0.18214
0.60513 0.1838
0.60567 0.18548
0.60619 0.18719
0.606690 0.18891
0.607160 0.19066
0.607610 0.19243
0.60803 0.19423
0.60841 0.19608
0.60874 0.19796
0.60903 0.19988
0.60927 0.201750
0.60947 0.2035
0.60962 0.20502
0.609740 0.20622
0.60981 0.20703
0.60988 0.20741
*.*.Setup: Ga2.txt as Flap 1, Inverted: y, Scale = 1.0, AoA = 2.0, Reposition from (0,0) = (0, 0)*.*.
*.*.Setup: Ga2.txt as Flap 2, Inverted: y, Scale = 0.4, AoA = 27.0, Reposition from previous T.E. = (-0.06, 0.07), Reposition from (0,0) = (0.9411, 0.0558)*.*.
*.*.Setup: Ga2.txt as Flap 3, Inverted: y, Scale = 0.4, AoA = 45.0, Reposition from previous T.E. = (0.04, 0.07), Reposition from (0,0) = (1.3464, 0.2899)*.*.
*.*.Setup: Scale Ratio = 0.37116*.*.