0.36465 0.03833
0.362510 0.03619
0.35939 0.03308
0.35573 0.03003
0.35131 0.02707
0.345940 0.024030
0.33945 0.02077
0.33179 0.01727
0.323070 0.01359
0.313510 0.0098
0.30338 0.00602
0.29291 0.00229
0.282260 -0.001310
0.27155 -0.00476
0.26082 -0.00803
0.25005 -0.011110
0.23923 -0.014
0.2283 -0.01672
0.2172100 -0.01929
0.20591 -0.02174
0.19436 -0.02411
0.18258 -0.02643
0.17062 -0.02873
0.1586 -0.0310
0.14666 -0.03321
0.13498 -0.03532
0.12376 -0.03726
0.11317 -0.03893
0.10334 -0.04024
0.09421 -0.04113
0.08566 -0.04157
0.07756 -0.04155
0.06982 -0.04109
0.06239 -0.04018
0.05525 -0.03884
0.04838 -0.03708
0.041820 -0.03493
0.03561 -0.03243
0.02983 -0.02966
0.02459 -0.02676
0.01997 -0.023850
0.01603 -0.02106
0.01273 -0.01845
0.01 -0.01601
0.00775 -0.01375
0.005910 -0.01165
0.00439 -0.009690
0.00315 -0.00787
0.00215 -0.00616
0.00135 -0.004550
0.00073 -0.00303
0.00029 -0.00159
0.000055 -0.00022
-6e-05 0.0011
0.00013 0.00242
0.00076 0.00362
0.00183 0.00454
0.003210 0.00521
0.00482 0.005720
0.00667 0.00613
0.0088 0.0065
0.0113 0.00684
0.01428 0.00717
0.01792 0.00747
0.02247 0.007760
0.02824 0.00803
0.03551 0.00825
0.04425 0.008390
0.05407 0.00834
0.06463 0.00806
0.07586 0.00755
0.08765 0.00691
0.09981 0.00619
0.11215 0.00544
0.12446 0.00471
0.136620 0.00403
0.1486 0.00342
0.160380 0.00292
0.17196 0.00256
0.18337 0.00235
0.19460 0.00232
0.20569 0.00249
0.21665 0.00286
0.22749 0.00345
0.23823 0.00427
0.24889 0.00532
0.25948 0.00662
0.26999 0.00816
0.28042 0.00994
0.29075 0.01197
0.30095 0.014220
0.31091 0.01669
0.3205 0.01933
0.32949 0.02207
0.33765 0.02485
0.344790 0.02759
0.35088 0.03026
0.35601 0.03286
0.36029 0.035360
0.36465 0.03833
-Inserting Flap s1223rtl-
0.53075 0.14832
0.53021 0.14691
0.52941 0.14486
0.52836 0.14272
0.52695 0.14047
0.52511 0.13799
0.52281 0.13518
0.52002 0.13203
0.51679 0.12857
0.51319 0.12489
0.50933 0.1211
0.50531 0.11727
0.50118 0.11346
0.49699 0.10971
0.49275 0.106030
0.48846 0.10244
0.4841 0.09892
0.47966 0.09545
0.47512 0.09202
0.47046 0.0886
0.46567 0.08517
0.46076 0.08172
0.45576 0.07824
0.45073 0.07475
0.44573 0.07131
0.44082 0.06798
0.43609 0.06481
0.43159 0.06189
0.42737 0.05929
0.42338 0.05703
0.419560 0.05509
0.41586 0.053450
0.412230 0.05209
0.40865 0.05099
0.40512 0.05015
0.40162 0.04956
0.39819 0.04921
0.39484 0.04909
0.39164 0.049180
0.38866 0.04944
0.38596 0.04982
0.38359 0.0503
0.38155 0.05082
0.3798 0.05138
0.37832 0.05195
0.37705 0.05254
0.375960 0.05313
0.37502 0.05371
0.37422 0.054280
0.37352 0.05486
0.37293 0.05542
0.37244 0.05599
0.37204 0.05656
0.37173 0.05715
0.37155 0.05779
0.37159 0.05847
0.3719 0.05911
0.37239 0.05969
0.37302 0.06025
0.37378 0.06082
0.374680 0.06142
0.37575 0.06208
0.37705 0.06284
0.37865 0.06372
0.38067 0.06477
0.38325 0.06607
0.38653 0.06765
0.39049 0.069490
0.39498 0.07146
0.39987 0.07348
0.4051 0.07554
0.41061 0.07764
0.41632 0.07979
0.4221 0.08195
0.42787 0.084120
0.43357 0.08628
0.43916 0.088440
0.44465 0.09061
0.45001 0.0928
0.45526 0.095020
0.4604 0.09729
0.46543 0.099620
0.47036 0.10202
0.475190 0.1045
0.479930 0.10706
0.48459 0.109710
0.48916 0.11245
0.49365 0.11529
0.49805 0.11823
0.50236 0.12125
0.50655 0.12436
0.5106 0.12751
0.51445 0.13067
0.518 0.13375
0.52116 0.13668
0.52386 0.13938
0.5261 0.14184
0.52791 0.14407
0.52936 0.14608
0.53075 0.14832
-Inserting Flap s1223rtl-
0.63837 0.29403
0.638120 0.29254
0.63776 0.29037
0.63716 0.28806
0.636230 0.28557
0.63493 0.28277
0.63325 0.27956
0.63116 0.2759
0.62869 0.27186
0.62591 0.26754
0.6229 0.26304
0.61973 0.25848
0.61646 0.25391
0.61311 0.249390
0.60970 0.24493
0.606230 0.24054
0.60267 0.23621
0.59903 0.23192
0.59527 0.22764
0.5914 0.22335
0.5874 0.21902
0.583290 0.21465
0.5791 0.21023
0.57488 0.2058
0.57067 0.20142
0.56655 0.197160
0.56255 0.1931
0.55874 0.18934
0.55513 0.18594
0.55168 0.18292
0.54833 0.18024
0.54504 0.17789
0.54176 0.17582
0.53847 0.17402
0.535180 0.17249
0.53188 0.1712
0.52859 0.17016
0.525340 0.16937
0.52218 0.1688
0.51921 0.16845
0.516490 0.16829
0.51407 0.16827
0.5119600 0.16837
0.510150 0.16857
0.50857 0.16883
0.507210 0.16915
0.50603 0.1695
0.50499 0.16988
0.50409 0.17028
0.50329 0.1707
0.5026 0.17114
0.502 0.1716
0.50149 0.17207
0.50107 0.17259
0.50076 0.17318
0.50067 0.173850
0.50084 0.17454
0.5012 0.17521
0.50171 0.17588
0.50234 0.17659
0.5031 0.17736
0.50401 0.17823
0.50513 0.17923
0.506520 0.18042
0.50828 0.18186
0.51055 0.18365
0.51344 0.185860
0.51695 0.18846
0.52095 0.19131
0.52532 0.19427
0.53003 0.19734
0.53501 0.20051
0.54016 0.203770
0.54539 0.20706
0.5506 0.21035
0.55574 0.213620
0.56078 0.21687
0.56571 0.2201
0.57053 0.22333
0.57522 0.22657
0.57979 0.22983
0.58425 0.23313
0.58859 0.23648
0.59282 0.239880
0.59695 0.243340
0.60097 0.24688
0.60489 0.25049
0.60871 0.25418
0.61243 0.25795
0.61604 0.26178
0.61952 0.26567
0.62285 0.26958
0.62597 0.27344
0.62883 0.27718
0.63133 0.28069
0.633430 0.28388
0.63513 0.28674
0.63645 0.28929
0.637460 0.29156
0.63837 0.29403
*.*.Setup: s1223rtl.txt as Flap 1, Inverted: y, Scale = 1.0, AoA = 6.0, Reposition from (0,0) = (0, 0)*.*.
*.*.Setup: s1223rtl.txt as Flap 2, Inverted: y, Scale = 0.5, AoA = 30.0, Reposition from previous T.E. = (0.02, 0.05), Reposition from (0,0) = (1.0145, 0.1545)*.*.
*.*.Setup: s1223rtl.txt as Flap 3, Inverted: y, Scale = 0.5, AoA = 41.666666666666664, Reposition from previous T.E. = (-0.08, 0.065), Reposition from (0,0) = (1.3675, 0.4695)*.*.
*.*.Setup: Scale Ratio = 0.36666*.*.