0.34926 0.03671
0.347210 0.03467
0.34422 0.03169
0.34072 0.02876
0.33649 0.02593
0.331340 0.023020
0.32512 0.0199
0.31779 0.01654
0.309440 0.01301
0.300280 0.00939
0.29057 0.00576
0.28054 0.0022
0.270350 -0.001260
0.26009 -0.00456
0.24981 -0.00769
0.2395 -0.010640
0.22913 -0.01341
0.21866 -0.01601
0.2080400 -0.01847
0.19722 -0.02082
0.18616 -0.02309
0.17488 -0.02532
0.16342 -0.02752
0.1519 -0.029690
0.14047 -0.03181
0.12929 -0.03383
0.11854 -0.03569
0.1084 -0.03728
0.09898 -0.03854
0.09024 -0.03939
0.08204 -0.03981
0.07428 -0.0398
0.06687 -0.03935
0.05976 -0.03848
0.05291 -0.0372
0.04634 -0.03551
0.040060 -0.03345
0.03411 -0.03106
0.02857 -0.02841
0.02355 -0.02563
0.01913 -0.022850
0.01535 -0.02017
0.01219 -0.01767
0.00957 -0.01534
0.00742 -0.01317
0.005660 -0.01116
0.00421 -0.009280
0.00302 -0.00753
0.00206 -0.0059
0.00129 -0.004360
0.0007 -0.0029
0.00028 -0.00152
0.000055 -0.00021
-6e-05 0.00106
0.00012 0.00232
0.00073 0.00346
0.00176 0.00435
0.003080 0.00499
0.00462 0.005470
0.00639 0.00588
0.00843 0.00623
0.01082 0.00655
0.01368 0.00686
0.01717 0.00716
0.02152 0.007430
0.02705 0.00769
0.03402 0.00791
0.04239 0.008030
0.05179 0.00799
0.06191 0.00772
0.07266 0.00723
0.08395 0.00662
0.0956 0.00593
0.10742 0.00521
0.11921 0.00451
0.130860 0.00386
0.14233 0.00328
0.153610 0.0028
0.16471 0.00245
0.17563 0.00225
0.186390 0.00222
0.19701 0.00238
0.2075 0.00274
0.21789 0.0033
0.22818 0.00409
0.23839 0.0051
0.24853 0.00634
0.25859 0.00781
0.26858 0.00952
0.27848 0.01146
0.28825 0.013620
0.29779 0.01598
0.30698 0.01851
0.31559 0.02114
0.3234 0.0238
0.330240 0.02642
0.33607 0.02898
0.34098 0.03147
0.34509 0.033870
0.34926 0.03671
-Inserting Flap s1223rtl-
0.51543 0.14604
0.51479 0.14474
0.51386 0.14284
0.51268 0.14089
0.51114 0.13886
0.50918 0.13665
0.50675 0.13416
0.50383 0.13138
0.50046 0.12835
0.49671 0.12515
0.49272 0.12185
0.48856 0.11853
0.4843 0.11524
0.479990 0.11201
0.47564 0.10886
0.47124 0.10578
0.466790 0.10279
0.46227 0.099850
0.45765 0.09696
0.45291 0.09409
0.44805 0.091210
0.44308 0.08832
0.43802 0.08542
0.43293 0.08252
0.42787 0.07965
0.42291 0.076880
0.41813 0.07425
0.4136 0.07185
0.40935 0.06972
0.40536 0.06789
0.40155 0.06636
0.39788 0.0651
0.39431 0.06411
0.3908 0.063360
0.38736 0.06285
0.38397 0.0625800
0.380670 0.06253
0.37747 0.0627
0.37442 0.06305
0.37159 0.063540
0.36905 0.06414
0.36683 0.06479
0.364920 0.06546
0.36331 0.06614
0.361940 0.066810
0.36078 0.06747
0.35978 0.06812
0.35894 0.06876
0.35822 0.06937
0.35761 0.06998
0.35709 0.07057
0.35666 0.07115
0.35633 0.07173
0.35608 0.07232
0.35597 0.07294
0.35606 0.073580
0.35641 0.07417
0.35693 0.07469
0.3575800 0.07517
0.35835 0.07564
0.35926 0.076140
0.36033 0.07669
0.36163 0.0773
0.36324 0.078010
0.36525 0.07885
0.36782 0.07987
0.37108 0.0811
0.37502 0.08252
0.37947 0.08403
0.3843 0.085550
0.38946 0.08707
0.3949 0.08862
0.40052 0.09019
0.406220 0.091780
0.41191 0.09337
0.41752 0.09495
0.42304 0.09654
0.42845 0.09816
0.43375 0.0998
0.43895 0.10148
0.44404 0.10322
0.44903 0.10502
0.453940 0.1069
0.45876 0.10886
0.4634900 0.110900
0.46816 0.11304
0.47275 0.11528
0.47726 0.11762
0.48171 0.12005
0.48607 0.12258
0.490340 0.12519
0.49447 0.12786
0.4984 0.13055
0.50204 0.1332
0.5053 0.13572
0.50811 0.13808
0.51045 0.14024
0.51237 0.14221
0.51392 0.144010
0.51543 0.14604
-Inserting Flap s1223rtl-
0.66019 0.27777
0.65987 0.27636
0.6594 0.2743
0.6587 0.27213
0.65767 0.2698
0.65628 0.2672
0.65449 0.26421
0.65228 0.26084
0.6497 0.25711
0.6468 0.25313
0.64367 0.249
0.64038 0.244810
0.637 0.24063
0.63355 0.236490
0.63004 0.23242
0.62648 0.22842
0.622840 0.22447
0.61911 0.22057
0.61528 0.21669
0.61134 0.21281
0.60727 0.20889
0.6031 0.20493
0.59885 0.20094
0.59456 0.19694
0.5903 0.19299
0.58612 0.18914
0.58207 0.18549
0.57821 0.1821
0.57457 0.17905
0.57111 0.17635
0.56776 0.17398
0.56448 0.17191
0.56123 0.17012
0.55799 0.16858
0.55475 0.16730
0.55152 0.16625
0.54832 0.16544
0.54516 0.16486
0.54212 0.1645
0.53925 0.16433
0.53664 0.16433
0.53433 0.16444
0.53232 0.16466
0.5306 0.16494
0.52911 0.16528
0.52782 0.16566
0.52671 0.16607
0.52574 0.16649
0.5249 0.16692
0.524160 0.16737
0.52352 0.167820
0.52297 0.16829
0.522510 0.16878
0.52214 0.16929
0.52188 0.16988
0.52183 0.170520
0.52203 0.17117
0.52242 0.17179
0.52294 0.172410
0.52358 0.17305
0.52435 0.173750
0.52527 0.17453
0.52639 0.17542
0.52779 0.17648
0.52955 0.177760
0.53182 0.17935
0.53471 0.18130
0.53821 0.18359
0.54219 0.18609
0.54654 0.188680
0.55121 0.19135
0.55615 0.19411
0.561250 0.196930
0.566440 0.19979
0.57161 0.20265
0.5767 0.20549
0.5817 0.20831
0.58660 0.21112
0.59138 0.21394
0.59605 0.21678
0.6006 0.21965
0.60504 0.222550
0.60938 0.22551
0.61362 0.22853
0.61776 0.23161
0.6218 0.23477
0.62575 0.238
0.62961 0.24132
0.63337 0.24471
0.63704 0.24818
0.64058 0.25170
0.64398 0.25525
0.64719 0.25878
0.650120 0.26219
0.6527100 0.2654
0.6549 0.26834
0.65668 0.27098
0.65809 0.273340
0.65918 0.27546
0.66019 0.27777
*.*.Setup: s1223rtl.txt as Flap 1, Inverted: y, Scale = 1.0, AoA = 6.0, Reposition from (0,0) = (0, 0)*.*.
*.*.Setup: s1223rtl.txt as Flap 2, Inverted: y, Scale = 0.5, AoA = 25.0, Reposition from previous T.E. = (0.02, 0.1), Reposition from (0,0) = (1.0145, 0.2045)*.*.
*.*.Setup: s1223rtl.txt as Flap 3, Inverted: y, Scale = 0.5, AoA = 38.333333333333336, Reposition from previous T.E. = (0.02, 0.065), Reposition from (0,0) = (1.4877, 0.4808)*.*.
*.*.Setup: Scale Ratio = 0.35118*.*.