0.35825 0.03765
0.356140 0.03556
0.35308 0.0325
0.34949 0.0295
0.34515 0.0266
0.339860 0.023610
0.33349 0.02041
0.32597 0.01697
0.31740 0.01335
0.3080 0.00963
0.29805 0.00591
0.28776 0.00225
0.277310 -0.001290
0.26679 -0.00468
0.25624 -0.00789
0.24566 -0.010910
0.23503 -0.01375
0.22429 -0.01642
0.2133900 -0.01895
0.20229 -0.02136
0.19095 -0.02369
0.17938 -0.02597
0.16763 -0.02822
0.15581 -0.030450
0.14408 -0.03263
0.13261 -0.0347
0.12159 -0.0366
0.11118 -0.03824
0.10152 -0.03953
0.09256 -0.04041
0.08416 -0.04084
0.07619 -0.04082
0.06859 -0.04037
0.06129 -0.03948
0.05428 -0.03816
0.04753 -0.03643
0.041090 -0.03431
0.03499 -0.03186
0.02931 -0.02914
0.02416 -0.02629
0.01962 -0.023440
0.01575 -0.02069
0.0125 -0.01812
0.00982 -0.01573
0.00761 -0.01351
0.00580 -0.01144
0.00432 -0.009520
0.0031 -0.00773
0.00211 -0.00605
0.00133 -0.004470
0.00072 -0.00298
0.00029 -0.00156
0.000055 -0.00022
-6e-05 0.00109
0.00013 0.00238
0.00075 0.00355
0.0018 0.00446
0.003160 0.00512
0.00474 0.005620
0.00655 0.00603
0.00865 0.00639
0.0111 0.00672
0.01403 0.00704
0.01761 0.00734
0.02208 0.007630
0.02775 0.00789
0.03489 0.00811
0.04348 0.008240
0.05312 0.00819
0.0635 0.00791
0.07453 0.00742
0.08611 0.00679
0.09806 0.00608
0.11018 0.00535
0.12228 0.00463
0.134230 0.00395
0.14599 0.00336
0.157560 0.00287
0.16894 0.00251
0.18015 0.00231
0.191180 0.00228
0.20208 0.00244
0.21284 0.00281
0.2235 0.00339
0.23405 0.00419
0.24452 0.00523
0.25492 0.0065
0.26525 0.00802
0.27549 0.00977
0.28565 0.01176
0.29566 0.013970
0.30545 0.0164
0.31487 0.01899
0.32371 0.02169
0.33172 0.02441
0.338730 0.0271
0.34472 0.02973
0.34976 0.03228
0.35397 0.034740
0.35825 0.03765
-Inserting Flap s1223rtl-
0.52869 0.14079
0.52803 0.13945
0.52708 0.13751
0.52587 0.13551
0.52429 0.13343
0.52228 0.13116
0.51979 0.1286
0.51679 0.12575
0.51333 0.12265
0.5095 0.11936
0.5054 0.11598
0.50113 0.11258
0.49676 0.1092
0.492340 0.10589
0.48787 0.10265
0.48337 0.0995
0.47880 0.09643
0.47416 0.093420
0.46942 0.09045
0.46456 0.0875
0.45958 0.084550
0.45448 0.08159
0.44929 0.07861
0.44407 0.07564
0.43888 0.0727
0.4338 0.069850
0.42889 0.06716
0.42424 0.06469
0.41988 0.06251
0.41579 0.06063
0.41189 0.05906
0.40812 0.05777
0.40445 0.05675
0.40086 0.055990
0.39732 0.05547
0.39385 0.0551900
0.390460 0.05514
0.38718 0.0553
0.38405 0.05566
0.38115 0.056170
0.37854 0.05678
0.37626 0.05745
0.374310 0.05814
0.37266 0.05883
0.371250 0.059520
0.37006 0.0602
0.36904 0.06087
0.36818 0.06152
0.36744 0.06215
0.36681 0.06277
0.36628 0.06338
0.36584 0.06398
0.3655 0.06457
0.36525 0.06517
0.36512 0.06582
0.36523 0.066470
0.36558 0.06707
0.36611 0.0676
0.3667800 0.0681
0.36757 0.06859
0.3685 0.06910
0.36961 0.06966
0.37094 0.07028
0.37258 0.071010
0.37465 0.07187
0.37729 0.07292
0.38063 0.07418
0.38466 0.07564
0.38923 0.07719
0.39418 0.078750
0.39948 0.08031
0.40506 0.0819
0.41082 0.08351
0.416670 0.085130
0.42251 0.08676
0.42826 0.08839
0.43392 0.09002
0.43947 0.09168
0.44491 0.09336
0.45024 0.09509
0.45546 0.09687
0.46059 0.09872
0.465620 0.10064
0.47056 0.10265
0.4754200 0.1047500
0.4802 0.10695
0.48491 0.10924
0.48954 0.11164
0.4941 0.11413
0.49858 0.11673
0.502950 0.1194
0.50719 0.12214
0.51122 0.1249
0.51496 0.12762
0.5183 0.13021
0.52118 0.13262
0.52358 0.13484
0.52555 0.13687
0.52714 0.138710
0.52869 0.14079
-Inserting Flap s1223rtl-
0.65916 0.28132
0.65883 0.27987
0.65836 0.27776
0.65764 0.27553
0.65658 0.27314
0.65515 0.27047
0.65331 0.26741
0.65106 0.26395
0.6484 0.26012
0.64543 0.25604
0.64222 0.25181
0.63885 0.247510
0.63538 0.24322
0.63184 0.238970
0.62824 0.2348
0.62458 0.23069
0.620850 0.22665
0.61703 0.22265
0.6131 0.21867
0.60906 0.21468
0.60489 0.21066
0.60061 0.2066
0.59625 0.20251
0.59185 0.19841
0.58748 0.19435
0.58319 0.19041
0.57904 0.18666
0.57508 0.18318
0.57134 0.18005
0.56779 0.17729
0.56436 0.17486
0.56099 0.17273
0.55765 0.17089
0.55433 0.16932
0.55101 0.1680
0.5477 0.16693
0.54441 0.1661
0.54118 0.1655
0.53806 0.16513
0.53512 0.16496
0.53244 0.16495
0.53007 0.16507
0.52801 0.16529
0.52624 0.16559
0.52471 0.16593
0.52339 0.16632
0.52225 0.16674
0.52126 0.16717
0.52039 0.16761
0.519640 0.16807
0.51898 0.168540
0.51842 0.16902
0.517950 0.16952
0.51756 0.17005
0.5173 0.17064
0.51725 0.171310
0.51745 0.17197
0.51785 0.17261
0.51838 0.173240
0.51904 0.1739
0.51983 0.174620
0.52077 0.17541
0.52193 0.17633
0.52336 0.17742
0.52517 0.178730
0.52749 0.18036
0.53045 0.182360
0.53404 0.18471
0.53813 0.18727
0.54259 0.189930
0.54738 0.19267
0.55244 0.1955
0.557680 0.19840
0.5630 0.20133
0.5683 0.20426
0.57353 0.20717
0.57866 0.21007
0.583680 0.21295
0.58858 0.21585
0.59337 0.21876
0.59804 0.2217
0.6026 0.224680
0.60705 0.22771
0.6114 0.2308
0.61564 0.23397
0.61979 0.23721
0.62384 0.24052
0.6278 0.24392
0.63166 0.24741
0.63542 0.25096
0.63905 0.254580
0.64254 0.25822
0.64583 0.26183
0.648840 0.26533
0.651500 0.26863
0.65374 0.27164
0.65557 0.27435
0.65701 0.276780
0.65813 0.27894
0.65916 0.28132
*.*.Setup: s1223rtl.txt as Flap 1, Inverted: y, Scale = 1.0, AoA = 6.0, Reposition from (0,0) = (0, 0)*.*.
*.*.Setup: s1223rtl.txt as Flap 2, Inverted: y, Scale = 0.5, AoA = 25.0, Reposition from previous T.E. = (0.02, 0.075), Reposition from (0,0) = (1.0145, 0.1795)*.*.
*.*.Setup: s1223rtl.txt as Flap 3, Inverted: y, Scale = 0.5, AoA = 38.333333333333336, Reposition from previous T.E. = (-0.03, 0.08), Reposition from (0,0) = (1.4377, 0.4708)*.*.
*.*.Setup: Scale Ratio = 0.36022*.*.