0.36121 0.03796
0.359090 0.03585
0.356 0.03277
0.35238 0.02975
0.348 0.02682
0.342680 0.023810
0.33625 0.02058
0.32866 0.01711
0.320020 0.01346
0.310550 0.00971
0.30051 0.00596
0.29014 0.00227
0.27960 -0.00130
0.26899 -0.00472
0.25836 -0.00795
0.24769 -0.0110
0.23697 -0.01387
0.22614 -0.01656
0.2151600 -0.01911
0.20397 -0.02154
0.19253 -0.02388
0.18086 -0.02618
0.16901 -0.02846
0.1571 -0.03070
0.14527 -0.0329
0.13371 -0.03499
0.12259 -0.03691
0.1121 -0.03856
0.10236 -0.03986
0.09332 -0.04074
0.08485 -0.04118
0.07682 -0.04116
0.06916 -0.0407
0.0618 -0.0398
0.05472 -0.03847
0.04792 -0.03673
0.041430 -0.0346
0.03528 -0.03212
0.02955 -0.02938
0.02436 -0.02651
0.01979 -0.023630
0.01588 -0.02086
0.01261 -0.01827
0.0099 -0.01586
0.00768 -0.01362
0.005850 -0.01154
0.00435 -0.00960
0.00312 -0.00779
0.00213 -0.0061
0.00134 -0.004510
0.00073 -0.003
0.00029 -0.00158
0.000055 -0.00022
-6e-05 0.00109
0.00013 0.0024
0.00075 0.00358
0.00182 0.0045
0.003180 0.00516
0.00478 0.005660
0.00661 0.00608
0.00872 0.00644
0.01119 0.00678
0.01415 0.0071
0.01775 0.0074
0.02226 0.007690
0.02798 0.00795
0.03518 0.00818
0.04384 0.008310
0.05356 0.00826
0.06403 0.00798
0.07514 0.00748
0.08682 0.00684
0.09887 0.00613
0.11109 0.00539
0.12329 0.00467
0.135340 0.00399
0.1472 0.00339
0.158870 0.00289
0.17034 0.00253
0.18164 0.00233
0.192760 0.0023
0.20375 0.00246
0.2146 0.00283
0.22534 0.00342
0.23599 0.00423
0.24655 0.00527
0.25703 0.00656
0.26744 0.00808
0.27777 0.00985
0.28801 0.01185
0.29811 0.014090
0.30798 0.01653
0.31748 0.01915
0.32639 0.02187
0.33446 0.02462
0.341540 0.02733
0.34757 0.02997
0.35265 0.03255
0.3569 0.035030
0.36121 0.03796
-Inserting Flap s1223rtl-
0.53912 0.12732
0.53835 0.126030
0.53722 0.12417
0.53583 0.12226
0.53406 0.12031
0.53184 0.11821
0.52912 0.11586000
0.525860 0.11326
0.5221 0.11044
0.51796 0.10748
0.51355 0.10445
0.50896 0.1014
0.50428 0.09839
0.49955 0.09545
0.49478 0.0926
0.48997 0.08983
0.48512 0.08714
0.48019 0.08453
0.47517 0.08196
0.47003 0.079430
0.46477 0.07691
0.45939 0.07438
0.453910 0.07184
0.4484 0.06931
0.44293 0.06682
0.43758 0.06440
0.43241 0.06213
0.42753 0.06006
0.422960 0.05825
0.41868 0.05673
0.41462 0.05549
0.410720 0.05453
0.40695 0.05382
0.403270 0.05337
0.39968 0.05316
0.396170 0.05318
0.392760 0.05343
0.38947 0.05389
0.38637 0.054520
0.3835 0.05529
0.380930 0.05613
0.3787 0.057
0.3768 0.057870
0.3752 0.05871
0.37385 0.05953
0.372710 0.06031
0.37175 0.06107
0.37093 0.0618
0.37025 0.06250
0.369670 0.06318
0.36919 0.063840
0.36881 0.064480
0.36851 0.0651
0.36831 0.06573
0.36825 0.06638
0.36841 0.06703
0.36881 0.06761
0.36939 0.06809
0.37011 0.06853
0.37094 0.06895
0.37193 0.06938
0.37309 0.06985
0.37448 0.07036
0.37619 0.07094
0.37834 0.07163
0.38108 0.07245
0.384550 0.07343
0.38874 0.07454
0.39346 0.0756900
0.39857 0.076820
0.40402 0.07792
0.40977 0.07903
0.41570 0.08014
0.42172 0.08126
0.427720 0.08238
0.43365 0.08351
0.43948 0.08465
0.4452 0.08583
0.45081 0.08704
0.45631 0.08830
0.46172 0.08964
0.46702 0.09104
0.47225 0.09254
0.477390 0.09412
0.48245 0.09580
0.48745 0.09759
0.49238 0.09948
0.49724 0.10148
0.502040 0.10358
0.50677 0.10579
0.51140 0.10810
0.51589 0.11048
0.520180 0.1129
0.52417 0.11529
0.52776 0.1176
0.53086 0.11978
0.533470 0.12179
0.53563 0.123650
0.53738 0.12537
0.53912 0.12732
-Inserting Flap s1223rtl-
0.65882 0.25509
0.65841 0.25365
0.6578 0.25155
0.65695 0.24935
0.65575 0.247010
0.65415 0.24440
0.65212 0.24143
0.64965 0.23808
0.64675 0.23438
0.64352 0.23045
0.64004 0.22638
0.6364 0.22225
0.63265 0.21813
0.62884 0.214070
0.62498 0.21007
0.62105 0.20615
0.61706 0.2023
0.61298 0.1985
0.60879 0.19472
0.60448 0.19095
0.60005 0.18715
0.59551 0.18331
0.59088 0.17945
0.58621 0.17558
0.58157 0.17175
0.57702 0.16803
0.57262 0.1645
0.56844 0.16124
0.56449 0.15831
0.56075 0.15573
0.55715 0.15349
0.553640 0.15155
0.55018 0.14989
0.54674 0.1485
0.54332 0.147360
0.53993 0.14648
0.53657 0.14584
0.53328 0.14543
0.530110 0.14524
0.52714 0.14524
0.52445 0.14539
0.522070 0.14565
0.52001 0.14599
0.51824 0.14639
0.51673 0.14683
0.51542 0.1473
0.5143 0.14778
0.51332 0.14827
0.51248 0.14877
0.51174 0.14928
0.51111 0.14979
0.51057 0.1503
0.51013 0.15083
0.50977 0.15139
0.50954 0.152
0.50953 0.15267
0.50977 0.15333
0.51021 0.15395
0.51078 0.15456
0.51148 0.15518
0.51232 0.15585
0.51332 0.1566
0.51453 0.15746
0.51604 0.1584600
0.51794 0.15968
0.52037 0.16118
0.52347 0.16303
0.52722 0.16518
0.53149 0.16752
0.53613 0.16993
0.54111 0.17241
0.54638 0.17496
0.55182 0.17757
0.55734 0.18021
0.56285 0.18285
0.56828 0.18547
0.57362 0.18809
0.57884 0.1907
0.58394 0.19332
0.58893 0.19597
0.59381 0.198660
0.59857 0.20139
0.603230 0.20418
0.60778 0.207040
0.61224 0.20998
0.61661 0.21299
0.62088 0.2161
0.62506 0.21929
0.62915 0.22256
0.63314 0.22592
0.63702 0.22935
0.64074 0.23281
0.64426 0.236250
0.6475 0.2396
0.65036 0.24276
0.6528 0.24566
0.6548 0.24828
0.65639 0.25064
0.657650 0.252750
0.65882 0.25509
*.*.Setup: s1223rtl.txt as Flap 1, Inverted: y, Scale = 1.0, AoA = 6.0, Reposition from (0,0) = (0, 0)*.*.
*.*.Setup: s1223rtl.txt as Flap 2, Inverted: y, Scale = 0.5, AoA = 20.0, Reposition from previous T.E. = (0.02, 0.075), Reposition from (0,0) = (1.0145, 0.1795)*.*.
*.*.Setup: s1223rtl.txt as Flap 3, Inverted: y, Scale = 0.5, AoA = 35.0, Reposition from previous T.E. = (-0.08, 0.065), Reposition from (0,0) = (1.4044, 0.4155)*.*.
*.*.Setup: Scale Ratio = 0.3632*.*.