0.38519 -0.005470
0.3844 -0.00631
0.38283 -0.00796
0.38050 -0.010380
0.37753 -0.0134
0.3741 -0.01681
0.37034 -0.0204
0.36642 -0.02394
0.36246 -0.02726
0.3585 -0.03035
0.354530 -0.03326
0.35055 -0.036
0.34657 -0.03861
0.34258 -0.04112
0.33859 -0.04354
0.3346 -0.04587
0.33061 -0.04813
0.32661 -0.05030
0.322610 -0.05241
0.318610 -0.05444
0.31461 -0.05641
0.3106 -0.05832
0.30659 -0.06016
0.30258 -0.06195
0.29857 -0.06368
0.29456 -0.06535
0.29054 -0.06695
0.28652 -0.06848
0.2825 -0.06995
0.27848 -0.071350
0.27445 -0.07271
0.270420 -0.07401
0.2664 -0.07529
0.26237 -0.07654
0.25834 -0.07775
0.25431 -0.07893
0.25027 -0.08007
0.246240 -0.08116
0.2422 -0.08219
0.23816 -0.08317
0.23412 -0.0841
0.23008 -0.084990
0.22604 -0.08582
0.22199 -0.0866100
0.21795 -0.08736
0.2139 -0.08806
0.20985 -0.08872
0.2058 -0.08935
0.20175 -0.08994
0.19769 -0.09048
0.19364 -0.09099
0.18958 -0.09145
0.18552 -0.09187
0.18146 -0.09223
0.1774 -0.09255
0.17334 -0.09282
0.16927 -0.09304
0.16521 -0.09321
0.16114 -0.09333
0.15707 -0.0934
0.153 -0.09342
0.14892 -0.09339
0.14485 -0.09331
0.14077 -0.09317
0.13669 -0.092980
0.13261 -0.09274
0.12853 -0.09246
0.12444 -0.09214
0.12036 -0.091790
0.11627 -0.09139
0.112180 -0.09092
0.10809 -0.09039
0.104 -0.08978
0.0999 -0.08907
0.09580 -0.08827
0.0917 -0.08737
0.08759 -0.08638
0.08348 -0.0853
0.07937 -0.08413
0.07525 -0.08284
0.07113 -0.081440
0.067 -0.07989
0.06287 -0.07819
0.05873 -0.07632
0.05459 -0.07428
0.05044 -0.07208
0.04628 -0.06973
0.04212 -0.06722
0.03796 -0.06454
0.03378 -0.06164
0.0296 -0.05842
0.0254 -0.05482
0.02118 -0.05074
0.01698 -0.046150
0.01292 -0.04119
0.00919 -0.03602
0.005940 -0.03084
0.00334 -0.0258
0.00155 -0.02109
0.00046 -0.013080
0.00116 -0.01
0.00271 -0.0077
0.00508 -0.00622
0.00812 -0.00547
0.01167 -0.00532
0.01556 -0.00561
0.01963 -0.0062
0.02373 -0.00697
0.027830 -0.0079
0.03194 -0.00897
0.03606 -0.01018
0.04018 -0.01151
0.0443 -0.01297
0.04843 -0.01453
0.05256 -0.01617
0.056690 -0.01789
0.06083 -0.019670
0.06496 -0.0215
0.06910 -0.02335
0.07324 -0.02523
0.07738 -0.027110
0.08151 -0.02899
0.085650 -0.03085
0.08979 -0.0327
0.09392 -0.03452
0.09806 -0.03631
0.10219 -0.03807
0.10633 -0.03979
0.11046 -0.04148
0.11459 -0.04312
0.11872 -0.04472
0.12284 -0.04628
0.12697 -0.04779
0.13109 -0.04926
0.13521 -0.05068
0.13933 -0.05205
0.14345 -0.05337
0.14757 -0.05464
0.15169 -0.05585
0.1558 -0.057020
0.159910 -0.05813
0.16402 -0.05918
0.16813 -0.06018
0.17223 -0.06111
0.1763400 -0.061990
0.18044 -0.062810
0.18454 -0.06356
0.18863 -0.06425
0.19273 -0.06488
0.19682 -0.06545
0.20091 -0.06597
0.205 -0.06644
0.209090 -0.06687
0.21317 -0.06724
0.21726 -0.06756
0.221340 -0.067810
0.22542 -0.068
0.22949 -0.0681
0.23357 -0.06814
0.23764 -0.06809
0.24171 -0.06797
0.24577 -0.067780
0.24983 -0.06751
0.25390 -0.06718
0.25795 -0.06676
0.26201 -0.06627
0.2660600 -0.0657
0.27011 -0.06504
0.27416 -0.06430
0.2782 -0.06347
0.28224 -0.06256
0.28628 -0.06156
0.29031 -0.06046
0.294350 -0.05927
0.29837 -0.05798
0.3024 -0.05659
0.30642 -0.05509
0.31043 -0.05348
0.31445 -0.05177
0.31846 -0.04996
0.32246 -0.048050
0.32646 -0.046060
0.33046 -0.04398
0.33446 -0.04183
0.33846 -0.03959
0.34245 -0.03728
0.34644 -0.034890
0.35042 -0.03242
0.35441 -0.02985
0.35839 -0.02717
0.36236 -0.024350
0.36633 -0.02137
0.37026 -0.01824
0.37404 -0.01511
0.37749 -0.01216
0.38047 -0.00955
0.38281 -0.00747
0.38439 -0.00607
0.38519 -0.005470
-Inserting Flap Ga2-
0.51549 0.08845
0.51535 0.08801
0.51505 0.08715
0.51462 0.08587
0.51406 0.08428
0.51339 0.08246
0.51263 0.08052
0.51181 0.07858
0.51093 0.0767
0.51002 0.07491
0.50907 0.073190
0.50809 0.07152
0.50709 0.0699
0.50607 0.06832
0.50503 0.06677
0.50398 0.06525
0.50291 0.0637500
0.50183 0.06229
0.50074 0.06085
0.49963 0.05944
0.498510 0.05805
0.49738 0.05668
0.49624 0.05533
0.49509 0.05401
0.49393 0.0527
0.49276 0.05142
0.49157 0.05016
0.49037 0.048920
0.48916 0.04771
0.48794 0.04652
0.48671 0.04535
0.48547 0.0442
0.48423 0.04305
0.482980 0.04192
0.48172 0.0408
0.48046 0.03969
0.47919 0.03859
0.47791 0.03752
0.47662 0.03646
0.47532 0.03542
0.47402 0.0344
0.4727 0.0334
0.471380 0.03241
0.47004 0.03144
0.46870 0.030490
0.46735 0.02955
0.466 0.02862
0.4646400 0.02771
0.463270 0.02681
0.46189 0.02593
0.4605 0.02506
0.45911 0.02421
0.45771 0.02337
0.4563 0.02255
0.45488 0.02175
0.45346 0.02097
0.45202 0.0202
0.45057 0.01945
0.44912 0.01872
0.44766 0.01801
0.446180 0.01731
0.4447 0.01663
0.44321 0.01597
0.44171 0.01534
0.4402 0.01471
0.43868 0.01411
0.43715 0.01352
0.43562 0.01295
0.43407 0.01238
0.43253 0.01184
0.43096 0.01132
0.42939 0.01082
0.4278 0.01035
0.426200 0.00991
0.42458 0.00951
0.42294 0.00914
0.421280 0.00881
0.41961 0.0085
0.417920 0.00823
0.41621 0.008
0.41448 0.00781
0.41272 0.00768
0.41093 0.00760
0.40912 0.00757
0.40727 0.00761
0.4054 0.00771
0.40349 0.00786
0.40156 0.00807
0.3996 0.00833
0.397590 0.00868
0.39553 0.00914
0.3934 0.0097300
0.39118 0.01050
0.38888 0.01145
0.38657 0.01257
0.38434 0.01381
0.38229 0.01514
0.3805 0.016530
0.37905 0.01793
0.3773 0.02065
0.37704 0.02188
0.37721 0.02298
0.37782 0.02392
0.37879 0.0247
0.38005 0.02536
0.38151 0.02591
0.38309 0.02638
0.384710 0.0268
0.38635 0.02715
0.38802 0.02746
0.38972 0.02772
0.39144 0.02793
0.39318 0.0281
0.394940 0.02823
0.39671 0.02834
0.3985 0.02841
0.4003 0.02846
0.40211 0.0285
0.40392 0.02853
0.40574 0.02855
0.40756 0.02857
0.40938 0.028580
0.41119 0.02861
0.413 0.028640
0.41481 0.02868
0.41661 0.028730
0.41841 0.02879
0.4202 0.02886
0.42198 0.028950
0.42376 0.02905
0.42552 0.029170
0.42728 0.0293
0.42903 0.02945
0.43078 0.02962
0.43251 0.0298
0.43424 0.03
0.43595 0.03022
0.43766 0.03045
0.43936 0.03071
0.44104 0.030980
0.44272 0.03127
0.44439 0.03159
0.44605 0.03192
0.44769 0.03227
0.449330 0.03265
0.45096 0.03305
0.45257 0.033470
0.45417 0.03391
0.45576 0.03437
0.45734 0.03486
0.45891 0.03536
0.46047 0.03588
0.46203 0.03642
0.46357 0.03697
0.46511 0.03755
0.46663 0.03815
0.46814 0.03877
0.46963 0.03942
0.47112 0.0401
0.47258 0.0408
0.47404 0.04153
0.47548 0.042290
0.47691 0.04307
0.47832 0.04388
0.47973 0.044720
0.48111 0.04558
0.48248 0.04647
0.48384 0.0474
0.48518 0.04835
0.48651 0.04933
0.48782 0.05035
0.48911 0.051390
0.49039 0.05247
0.49165 0.05358
0.49289 0.05473
0.49412 0.05592
0.49532 0.057140
0.496510 0.05840
0.49767 0.0597
0.49882 0.06104
0.49995 0.0624
0.50106 0.0638
0.50216 0.06523
0.50325 0.06669
0.50432 0.06818
0.50537 0.06969
0.50641 0.071230
0.50744 0.0728
0.50845 0.0744
0.50944 0.07605
0.5104 0.07774
0.51134 0.07949
0.51224 0.08129
0.51308 0.08306
0.51383 0.084720
0.51447 0.08617
0.51497 0.08732
0.5153 0.08809
0.51549 0.08845
-Inserting Flap Ga2-
0.60658 0.22271
0.606580 0.22224
0.60657 0.22133
0.60654 0.219990
0.6065 0.21830
0.606430 0.21636
0.60631 0.214290
0.60612 0.21218
0.605870 0.21013
0.605560 0.20814
0.60519 0.20621
0.60477 0.20433
0.60432 0.20248
0.60384 0.20065
0.60333 0.19886
0.6028 0.19709
0.60225 0.19534
0.60167 0.19361
0.60108 0.1919
0.60046 0.19022
0.59983 0.18855
0.59918 0.1869
0.59851 0.18526
0.59782 0.18365
0.59712 0.18205
0.5964 0.18046
0.59566 0.1789
0.59490 0.17736
0.59413 0.17583
0.59333 0.17432
0.59252 0.17283
0.5917 0.17135
0.59087 0.16987
0.59003 0.16841
0.58919 0.16696
0.58833 0.16551
0.58746 0.16408
0.58658 0.16266
0.58568 0.16125
0.58476 0.15987
0.58384 0.15849
0.58289 0.15713
0.58194 0.15578
0.58097 0.15445
0.57999 0.15313
0.579 0.15182
0.578 0.15052
0.57698 0.14923
0.57596 0.14795
0.57492 0.14669
0.57387 0.14543
0.57281 0.14419
0.57174 0.14296
0.570650 0.14175
0.56955 0.14055
0.56843 0.13936
0.5673 0.13819
0.56616 0.13703
0.565 0.13588
0.56383 0.13475
0.562650 0.13363
0.561450 0.13253
0.56023 0.131450
0.559 0.13037
0.55775 0.12932
0.5565 0.12827
0.55523 0.12724
0.55394 0.12622
0.55265 0.12521
0.55135 0.124210
0.55002 0.12323
0.54868 0.12227
0.547320 0.12133
0.54593 0.12042
0.54451 0.11954
0.54306 0.11868
0.54159 0.11785
0.54009 0.11705
0.53857 0.11627
0.53702 0.11552
0.53543 0.11481
0.5338 0.11413
0.53212 0.1135
0.5304 0.11292
0.52864 0.11239
0.52682 0.1119
0.52496 0.11145
0.52306 0.11105
0.52111 0.1107
0.5191 0.11041
0.517 0.11021
0.51479 0.11012
0.51244 0.11016
0.50996 0.11036
0.50742 0.11070
0.504920 0.11119
0.50255 0.11183
0.50042 0.11259
0.49861 0.11348
0.4961 0.11553
0.49547 0.11662
0.4953 0.11772
0.49558 0.11879
0.49627 0.11984
0.49727 0.12086
0.49848 0.12183
0.49984 0.12277
0.501250 0.12366
0.5027 0.12451
0.50419 0.1253200
0.50573 0.1260900
0.5073 0.12682
0.5089 0.12752
0.51053 0.12819
0.51219 0.12883
0.51387 0.12946
0.515560 0.13006
0.51727 0.13066
0.51899 0.13125
0.52071 0.13183
0.52243 0.1324
0.52416 0.13298
0.52588 0.13357
0.52759 0.13415
0.5293 0.13475
0.53099 0.135350
0.53268 0.13597
0.53436 0.13659
0.53603 0.13723
0.53769 0.13787
0.53933 0.138530
0.540960 0.1392
0.54258 0.13988
0.54419 0.14058
0.54578 0.141290
0.54736 0.14201
0.54893 0.14275
0.55048 0.1435
0.55201 0.14427
0.55353 0.14505
0.55504 0.14585
0.55653 0.14666
0.558 0.14749
0.55946 0.14833
0.56090 0.1492
0.56232 0.150080
0.56373 0.15097
0.565110 0.15189
0.56648 0.15282
0.56783 0.15377
0.56917 0.15474
0.5705 0.15571
0.57181 0.1567
0.57311 0.157710
0.574390 0.15873
0.57565 0.15977
0.5769 0.16083
0.578120 0.16191
0.57932 0.163010
0.5805 0.164130
0.58165 0.16528
0.58279 0.16644
0.58391 0.16763
0.585 0.16884
0.58608 0.17007
0.58713 0.17132
0.58816 0.17259
0.58916 0.17389
0.59015 0.17521
0.5911 0.176550
0.59204 0.177920
0.59294 0.17932
0.59383 0.18074
0.59468 0.18218
0.59551 0.18366
0.5963 0.185170
0.59707 0.18670
0.59781 0.188270
0.59851 0.18986
0.59919 0.19149
0.599840 0.19314
0.600470 0.194810
0.601080 0.19651
0.601660 0.19823
0.60221 0.19998
0.60275 0.20174
0.60327 0.20353
0.60376 0.20534
0.60422 0.20718
0.60466 0.20905
0.60505 0.21096
0.6054 0.21291
0.6057 0.2149
0.60595 0.216840
0.60615 0.21865
0.60631 0.22022
0.60643 0.22147
0.606510 0.22231
0.60658 0.22271
*.*.Setup: Ga2.txt as Flap 1, Inverted: y, Scale = 1.0, AoA = 2.0, Reposition from (0,0) = (0, 0)*.*.
*.*.Setup: Ga2.txt as Flap 2, Inverted: y, Scale = 0.4, AoA = 27.0, Reposition from previous T.E. = (-0.0267, 0.08), Reposition from (0,0) = (0.9744, 0.0658)*.*.
*.*.Setup: Ga2.txt as Flap 3, Inverted: y, Scale = 0.4, AoA = 45.0, Reposition from previous T.E. = (-0.06, 0.08), Reposition from (0,0) = (1.2798, 0.3099)*.*.
*.*.Setup: Scale Ratio = 0.38476*.*.