0.37805 -0.03183
0.37722 -0.032610
0.37556 -0.03412
0.373110 -0.03633
0.36999 -0.0391
0.366380 -0.04222
0.36244 -0.04548
0.35834 -0.04869
0.35423 -0.051680
0.35012 -0.05445
0.34602 -0.05703
0.34192 -0.059450
0.33783 -0.061740
0.33374 -0.06393
0.32966 -0.06604
0.32558 -0.06806
0.3215 -0.07
0.31742 -0.07186
0.31335 -0.07365
0.30928 -0.07538
0.30521 -0.07703
0.30114 -0.07863
0.29708 -0.08017
0.29302 -0.08165
0.28896 -0.08308
0.2849 -0.08444
0.28084 -0.08573
0.27679 -0.08697
0.27274 -0.08813
0.26869 -0.08923
0.26464 -0.09028
0.26059 -0.09129
0.25655 -0.09227
0.2525 -0.09322
0.24846 -0.09414
0.24442 -0.09502
0.24038 -0.09586
0.23634 -0.09665
0.2323 -0.09739
0.22827 -0.09808
0.22424 -0.09871
0.22021 -0.0993
0.21618 -0.09984
0.21215 -0.10034
0.20812 -0.10079
0.2041 -0.101210
0.200070 -0.10158
0.19605 -0.10192
0.19203 -0.10222
0.18801 -0.10248
0.18399 -0.10269
0.17997 -0.10287
0.17596 -0.103
0.17194 -0.103080
0.16793 -0.10311
0.16392 -0.1031
0.15991 -0.10303
0.1559 -0.10292
0.1519 -0.10276
0.1479 -0.10255
0.14389 -0.10229
0.13989 -0.10198
0.1359 -0.10162
0.1319 -0.1012
0.12791 -0.10074
0.12391 -0.10022
0.11992 -0.09967
0.11593 -0.09908
0.11194 -0.0984500
0.10795 -0.09777
0.10397 -0.09703
0.09999 -0.09623
0.09601 -0.09534
0.09203 -0.09437
0.08806 -0.0933
0.08409 -0.09214
0.08012 -0.090880
0.07615 -0.08954
0.07219 -0.0881
0.06824 -0.08656
0.06428 -0.08490
0.06034 -0.08309
0.05639 -0.08114
0.05246 -0.07902
0.048530 -0.07673
0.0446 -0.07428
0.04068 -0.07168
0.03677 -0.06893
0.03286 -0.06602
0.02896 -0.06288
0.02506 -0.059430
0.02119 -0.0556
0.01733 -0.0513
0.01351 -0.04651
0.00987 -0.041350
0.00655 -0.03602
0.00371 -0.0307
0.00151 -0.02558
8e-05 -0.02082
-0.00045 -0.012880
0.00046 -0.00991
0.00214 -0.00775
0.00456 -0.00646
0.0076 -0.00594
0.0111 -0.00602
0.0149 -0.00658
0.01886 -0.00744
0.02283 -0.008480
0.0268 -0.00967
0.03077 -0.01101
0.03473 -0.01248
0.03868 -0.01407
0.04263 -0.01578
0.04658 -0.0176
0.05052 -0.0195
0.05447 -0.021470
0.05841 -0.02351
0.06234 -0.02558
0.06628 -0.02769
0.07022 -0.02982
0.07416 -0.03195
0.07809 -0.034080
0.08203 -0.0362
0.08597 -0.03829
0.0899 -0.04037
0.09384 -0.04241
0.09778 -0.04442
0.10173 -0.0464
0.10567 -0.04834
0.10961 -0.05024
0.11356 -0.05209
0.11751 -0.05391
0.12146 -0.05568
0.12541 -0.0574
0.12936 -0.05908
0.13331 -0.06071
0.13727 -0.06229
0.14123 -0.063820
0.14519 -0.06529
0.14915 -0.06672
0.15311 -0.06809
0.15708 -0.06941
0.16104 -0.07067
0.16501 -0.07187
0.16898 -0.07302
0.17295 -0.0741
0.176930 -0.07512
0.18091 -0.07608
0.18489 -0.07698
0.18887 -0.077820
0.19285 -0.07861
0.19684 -0.07936
0.20082 -0.08006
0.20481 -0.08071
0.2088 -0.0813
0.21279 -0.08183
0.21679 -0.08229
0.22079 -0.08268
0.22479 -0.08299
0.22879 -0.083220
0.23279 -0.08338
0.2368 -0.08347
0.24081 -0.083490
0.24482 -0.0834400
0.248840 -0.08331
0.25286 -0.083110
0.25688 -0.08282
0.2609 -0.08246
0.26493 -0.08201
0.26896 -0.08147
0.27299 -0.08085
0.27703 -0.08014
0.28107 -0.07934
0.28511 -0.07845
0.28915 -0.07746
0.2932 -0.07637
0.29725 -0.07517
0.30131 -0.07387
0.30537 -0.07246
0.3094300 -0.07096
0.3135 -0.06936
0.31757 -0.06768
0.32164 -0.06591
0.32572 -0.06407
0.3298 -0.06215
0.33388 -0.06015
0.337960 -0.05807
0.34205 -0.05592
0.34614 -0.05367
0.35023 -0.05131
0.35433 -0.04881
0.35843 -0.04616
0.36251 -0.04336
0.36643 -0.04054
0.37003 -0.03788
0.37313 -0.03552
0.37558 -0.03364
0.37723 -0.03237
0.37805 -0.03183
-Inserting Flap Ga2-
0.51901 0.05687
0.51887 0.05643
0.51858 0.05559
0.51815 0.05433
0.5176 0.05276
0.51694 0.05097
0.51619 0.04907
0.51538 0.04715
0.51452 0.0453
0.51362 0.04354
0.512690 0.04184
0.51172 0.0402
0.51074 0.03861
0.50973 0.03705
0.50871 0.03552
0.50768 0.03402
0.506630 0.03255
0.505560 0.03111
0.50448 0.02969
0.503390 0.02830
0.50229 0.02693
0.50118 0.025580
0.50006 0.02425
0.49892 0.02295
0.49778 0.021660
0.49662 0.0204
0.49545 0.01916
0.49427 0.01794
0.49308 0.01675
0.49188 0.01558
0.49067 0.014430
0.48945 0.01329
0.48822 0.01216
0.48699 0.01105
0.48575 0.00994
0.48451 0.00885
0.483260 0.00777
0.482 0.00671
0.48073 0.00567
0.47945 0.00465
0.47817 0.00364
0.47687 0.00265
0.47557 0.00168
0.47425 0.00073
0.47293 -0.00021
0.4716 -0.00114000
0.47027 -0.00205
0.46893 -0.00295
0.46758 -0.00383
0.46622 -0.0047
0.46486 -0.00556
0.46349 -0.00640
0.46211 -0.00722
0.46072 -0.00803
0.45932 -0.00882
0.45792 -0.00959
0.4565 -0.01034
0.45508 -0.01108
0.45365 -0.0118
0.4522 -0.01251
0.45075 -0.01319
0.44929 -0.01386
0.44782 -0.01451
0.44635 -0.01514
0.44486 -0.01575
0.44336 -0.01634
0.44186 -0.01692
0.44035 -0.01749
0.43883 -0.01804
0.4373 -0.01858
0.43577 -0.01909
0.43422 -0.01958
0.43265 -0.02005
0.43107 -0.02048
0.42947 -0.02087
0.42786 -0.02124
0.42623 -0.02157
0.42458 -0.02187
0.42292 -0.02213
0.42123 -0.02236
0.419530 -0.022540
0.4178 -0.02268
0.41604 -0.02276
0.41425 -0.02278
0.41243 -0.02274
0.41058 -0.02265
0.40871 -0.0225
0.40681 -0.02229
0.40487 -0.02203
0.4029 -0.02169
0.40087 -0.02124
0.39877 -0.02065
0.39659 -0.0199
0.39432 -0.01896
0.39205 -0.01786
0.38985 -0.01664
0.38783 -0.01533
0.386070 -0.01396
0.38464 -0.01258
0.38292 -0.00990
0.38266 -0.00869
0.38282 -0.0076
0.38342 -0.00668
0.38439 -0.00591
0.38563 -0.005260
0.38707 -0.00472
0.388620 -0.00425
0.39021 -0.00385
0.39183 -0.00349
0.39347 -0.00319
0.39514 -0.00294
0.39684 -0.00273
0.39855 -0.00256
0.40028 -0.00243
0.40203 -0.00233
0.40379 -0.002260
0.40557 -0.002210
0.40735 -0.00217
0.40913 -0.00214
0.41092 -0.0021200
0.41271 -0.00211
0.4145 -0.00209
0.4162900 -0.00206
0.41808 -0.00203
0.41986 -0.002
0.42163 -0.00195
0.4234 -0.001890
0.42516 -0.00181
0.42692 -0.00173
0.42867 -0.00163
0.43041 -0.00151
0.43214 -0.00138
0.43386 -0.00123
0.43558 -0.00107
0.43729 -0.000890
0.43899 -0.000690
0.44068 -0.00048
0.44236 -0.00025
0.44403 0.000010
0.44569 0.00027
0.44735 0.00056
0.44899 0.00087
0.45062 0.00120
0.45224 0.001550
0.45385 0.00192
0.45545 0.00231
0.45704 0.00272
0.45862 0.00316
0.46019 0.003610
0.46174 0.0040900
0.46329 0.00459
0.46483 0.00510
0.46636 0.00563
0.46788 0.00617
0.46939 0.00674
0.47089 0.00733
0.47238 0.00794
0.47385 0.00858
0.47531 0.00925
0.47676 0.00994
0.47819 0.01066
0.47961 0.01141
0.48101 0.01218
0.48241 0.01298
0.48379 0.0138
0.48515 0.01465
0.48651 0.01553
0.48784 0.01644
0.48916 0.017380
0.49047 0.01835
0.491760 0.01935
0.49303 0.02038
0.49429 0.02144
0.49553 0.02253
0.49676 0.02367
0.49796 0.02483
0.49915 0.02604
0.50031 0.02728
0.50146 0.02856
0.50259 0.02987
0.50370 0.03122
0.5048 0.0326
0.50588 0.03401
0.50695 0.035440
0.50801 0.0369
0.50905 0.0384
0.51007 0.03991
0.51108 0.041460
0.51208 0.04304
0.51305 0.04466
0.514 0.04633
0.51492 0.04805
0.51581 0.04982
0.51663 0.05157
0.51738 0.0532
0.518 0.05462
0.51849 0.05576
0.51883 0.05652
0.51901 0.05687
-Inserting Flap Ga2-
0.59613 0.193880
0.59618 0.19343
0.59627 0.19254
0.5964 0.191220
0.59656 0.18956
0.59671 0.18766
0.59682 0.18561
0.59689 0.18353
0.59688 0.1815
0.59679 0.17952
0.59665 0.17759
0.59646 0.17569
0.59623 0.17383
0.59597 0.172
0.59568 0.17018
0.59536 0.16839
0.59502 0.16661
0.59466 0.16486
0.59427 0.16312
0.59386 0.1614
0.59343 0.1597
0.59298 0.15801
0.59251 0.15633
0.59203 0.15467
0.59152 0.15303
0.591 0.1514
0.59046 0.14978
0.58989 0.14818
0.58931 0.1466
0.5887 0.14504
0.58808 0.14348
0.58745 0.141940
0.5868 0.14040
0.58615 0.13888
0.58549 0.13736
0.58482 0.13585
0.58413 0.13434
0.58343 0.13286
0.58271 0.13138
0.58197 0.12992
0.58122 0.12847
0.58046 0.12703
0.57968 0.1256
0.57888 0.12418
0.57808 0.12278
0.57725 0.12138
0.57642 0.12
0.57558 0.11862
0.574720 0.11726
0.57385 0.11590
0.572970 0.11455
0.57207 0.11322
0.57116 0.11189
0.57024 0.11058
0.5693 0.10928
0.56834 0.10799
0.5673700 0.106710
0.56639 0.10545
0.56539 0.1042
0.56437 0.10296
0.56334 0.10173
0.56229 0.10051
0.56122 0.09931
0.56014 0.09812
0.55905 0.09695
0.55793 0.09578
0.55681 0.09462
0.55567 0.09348
0.55452 0.09234
0.55336 0.09122
0.552180 0.09011
0.55098 0.08902
0.54975 0.08794
0.54849 0.08689
0.5472 0.08587
0.54589 0.08486
0.54455 0.08388
0.543170 0.08292
0.54177 0.08199
0.54034 0.08108
0.53886 0.0802
0.53735 0.07935
0.53578 0.07855
0.53417 0.07778
0.5325 0.077060
0.53078 0.07637
0.52901 0.07572
0.5272 0.07511
0.52533 0.07455
0.5234 0.07403
0.52136 0.0736
0.51921 0.07325
0.51691 0.07303
0.51446 0.07293
0.51194 0.07298
0.50943 0.07318
0.5070500 0.07352
0.50487 0.07403
0.503 0.07469
0.500320 0.07641
0.499570 0.0774
0.49928 0.07846
0.49943 0.07954
0.49999 0.08065
0.50084 0.08175
0.50192 0.08285
0.50314 0.083920
0.50442 0.08495
0.50574 0.08595
0.50711 0.08691
0.50852 0.08784
0.50997 0.08873
0.51146 0.0896
0.51298 0.09044
0.514530 0.09126
0.5161 0.09207
0.51769 0.092850
0.51929 0.09363
0.5209 0.0944
0.522520 0.09516
0.52414 0.09593
0.52576 0.09669
0.52738 0.09746
0.52899 0.09823
0.53059 0.09901
0.53218 0.09979
0.53376 0.10058
0.53533 0.101390
0.53689 0.1022
0.53844 0.10302
0.53997 0.10385
0.54149 0.10469
0.543 0.10555
0.54449 0.10641
0.54597 0.107290
0.547430 0.10817
0.54888 0.109070
0.55031 0.10999
0.55172 0.11091
0.55312 0.11185
0.5545 0.1128
0.55586 0.11377
0.55721 0.11475
0.55854 0.11574
0.55985 0.11675
0.56114 0.11777
0.56241 0.11881
0.563660 0.11987
0.56489 0.12094
0.56611 0.12202
0.56731 0.12312
0.56849 0.12422
0.56966 0.12534
0.57082 0.12647
0.57195 0.12762
0.57307 0.12878
0.57417 0.129960
0.57524 0.13115
0.57629 0.13237
0.57731 0.1336
0.57831 0.13486
0.57929 0.13613
0.58025 0.13741
0.58118 0.13872
0.58209 0.14004
0.58298 0.14139
0.58384 0.14275
0.58467 0.14413
0.58548 0.14554
0.58627 0.14696
0.58702 0.14841
0.58775 0.14988
0.58845 0.15137
0.58912 0.15288
0.58976 0.15442
0.59037 0.15598
0.59094 0.15757
0.59149 0.15919
0.59199 0.16083
0.59247 0.16250
0.59292 0.16419
0.59334 0.1659
0.59374 0.16763
0.59411 0.16938
0.59446 0.17115
0.59478 0.17293
0.59508 0.17474
0.59536 0.17657
0.5956 0.17842
0.59581 0.1803
0.59598 0.18221
0.59609 0.18416
0.59616 0.18614
0.59618 0.18807
0.59617 0.18986
0.59615 0.19142
0.59612 0.192660
0.5961 0.19349
0.59613 0.193880
*.*.Setup: Ga2.txt as Flap 1, Inverted: y, Scale = 1.0, AoA = -2.0, Reposition from (0,0) = (0, 0)*.*.
*.*.Setup: Ga2.txt as Flap 2, Inverted: y, Scale = 0.4, AoA = 27.0, Reposition from previous T.E. = (0.0067, 0.07), Reposition from (0,0) = (1.0043, -0.014)*.*.
*.*.Setup: Ga2.txt as Flap 3, Inverted: y, Scale = 0.4, AoA = 51.666666666666664, Reposition from previous T.E. = (-0.06, 0.06), Reposition from (0,0) = (1.3097, 0.2101)*.*.
*.*.Setup: Scale Ratio = 0.37893*.*.