0.3685 -0.03103
0.36769 -0.031790
0.36607 -0.03325
0.363680 -0.03542
0.36064 -0.03811
0.357120 -0.04115
0.35328 -0.04433
0.34929 -0.04746
0.34528 -0.050380
0.34127 -0.05307
0.33727 -0.05559
0.33328 -0.057940
0.3293 -0.060180
0.32531 -0.06232
0.32133 -0.06437
0.31735 -0.06634
0.31338 -0.06823
0.3094 -0.07004
0.30543 -0.07179
0.30146 -0.07347
0.2975 -0.07509
0.29353 -0.07665
0.28957 -0.07814
0.28561 -0.07959
0.28165 -0.08098
0.2777 -0.0823
0.27375 -0.08357
0.26979 -0.08477
0.26585 -0.0859
0.2619 -0.08698
0.25795 -0.088
0.25401 -0.08899
0.25007 -0.08994
0.24612 -0.09086
0.24218 -0.09176
0.23824 -0.09262
0.23431 -0.09343
0.23037 -0.09421
0.22643 -0.09493
0.2225 -0.0956
0.21857 -0.09622
0.21464 -0.09679
0.21071 -0.09732
0.20679 -0.0978
0.20286 -0.09825
0.19894 -0.098650
0.195020 -0.09902
0.19109 -0.09934
0.18718 -0.09963
0.18326 -0.09989
0.17934 -0.1001
0.17542 -0.10027
0.17151 -0.1004
0.1676 -0.100480
0.16369 -0.10051
0.15978 -0.10049
0.15587 -0.10043
0.15197 -0.10032
0.14806 -0.10017
0.14416 -0.09996
0.14026 -0.09971
0.13636 -0.09941
0.13246 -0.09905
0.12857 -0.09865
0.12467 -0.09819
0.12078 -0.09769
0.11689 -0.09715
0.113 -0.09657
0.10911 -0.0959600
0.10523 -0.0953
0.10134 -0.09458
0.09746 -0.0938
0.09358 -0.09294
0.0897 -0.09198
0.08583 -0.09094
0.08196 -0.08981
0.07809 -0.088590
0.07423 -0.08728
0.07037 -0.08588
0.06651 -0.08437
0.06266 -0.082750
0.05881 -0.08099
0.05497 -0.07909
0.05113 -0.07702
0.04730 -0.07479
0.04347 -0.07241
0.03965 -0.06987
0.03584 -0.06719
0.03203 -0.06435
0.02822 -0.06129
0.02443 -0.057930
0.02065 -0.0542
0.01689 -0.05001
0.01317 -0.04533
0.00962 -0.040310
0.00638 -0.03511
0.00362 -0.02993
0.00148 -0.02493
7e-05 -0.0203
-0.00044 -0.012550
0.00044 -0.00966
0.00208 -0.00755
0.00445 -0.0063
0.00741 -0.00579
0.01082 -0.00587
0.01453 -0.00641
0.01838 -0.00725
0.02226 -0.008270
0.02613 -0.00943
0.02999 -0.01073
0.03385 -0.01216
0.0377 -0.01372
0.04156 -0.01539
0.0454 -0.01715
0.04925 -0.01901
0.05309 -0.020930
0.05693 -0.02291
0.06077 -0.02494
0.06461 -0.02699
0.06844 -0.02906
0.07228 -0.03114
0.07612 -0.033220
0.07996 -0.03528
0.08379 -0.03733
0.08763 -0.03935
0.09147 -0.04134
0.09531 -0.0433
0.09916 -0.04523
0.103 -0.04712
0.10684 -0.04897
0.11069 -0.05078
0.11454 -0.05255
0.11839 -0.05427
0.12224 -0.05595
0.12609 -0.05759
0.12994 -0.05917
0.1338 -0.06071
0.13766 -0.06220
0.14152 -0.06364
0.14538 -0.06503
0.14924 -0.06637
0.15311 -0.06766
0.15697 -0.06889
0.16084 -0.07006
0.16471 -0.07117
0.16858 -0.07223
0.172460 -0.07322
0.17634 -0.07416
0.18021 -0.07503
0.1841 -0.075850
0.18798 -0.07663
0.19186 -0.07735
0.19575 -0.07803
0.19964 -0.07867
0.20353 -0.07924
0.20742 -0.07976
0.21131 -0.08021
0.21521 -0.08059
0.21911 -0.08089
0.22301 -0.081120
0.22691 -0.08128
0.23082 -0.08136
0.23473 -0.081380
0.23864 -0.0813300
0.242550 -0.08121
0.24647 -0.081010
0.25039 -0.08073
0.25431 -0.08037
0.25823 -0.07994
0.26216 -0.07941
0.26609 -0.07881
0.27003 -0.07812
0.27396 -0.07734
0.2779 -0.07647
0.28185 -0.07551
0.28579 -0.07444
0.28974 -0.07328
0.2937 -0.072
0.29765 -0.07063
0.3016200 -0.06917
0.30558 -0.06761
0.30955 -0.06597
0.31352 -0.06425
0.31749 -0.06245
0.32146 -0.06058
0.32544 -0.05863
0.329420 -0.05661
0.3334 -0.05451
0.33739 -0.05232
0.34138 -0.05002
0.34537 -0.04758
0.34937 -0.04499
0.35335 -0.04226
0.35718 -0.03952
0.36068 -0.03692
0.36371 -0.03462
0.36609 -0.03279
0.3677 -0.03155
0.3685 -0.03103
-Inserting Flap Ga2-
0.49358 0.05543
0.49345 0.05501
0.49317 0.05418
0.49275 0.05296
0.49221 0.05143
0.49156 0.04968
0.49084 0.04783
0.49005 0.04596
0.48921 0.04416
0.48833 0.04244
0.48742 0.04078
0.48648 0.03919
0.48552 0.03763
0.48454 0.03611
0.48355 0.03462
0.482540 0.03316
0.48151 0.03173
0.48047 0.03032
0.47942 0.02894
0.47836 0.027580
0.477290 0.02625
0.4762 0.024940
0.47511 0.02364
0.474 0.02237
0.47289 0.021120
0.47176 0.01988
0.47062 0.01868
0.46947 0.01749
0.46831 0.01633
0.46714 0.01518
0.46596 0.014060
0.46477 0.01295
0.46357 0.01186
0.462370 0.01077
0.46117 0.00969
0.45996 0.00863
0.45874 0.00758
0.45751 0.00654
0.45627 0.00553
0.45503 0.00453
0.45377 0.00355
0.45251 0.00259
0.451240 0.00164
0.44996 0.00071
0.448670 -0.00021
0.44738 -0.00111000
0.44607 -0.002
0.444770 -0.00287
0.443450 -0.00373
0.44213 -0.00458
0.4408 -0.00542
0.43946 -0.006230
0.43812 -0.00704
0.43677 -0.00782
0.4354 -0.00859
0.43403 -0.00935
0.43265 -0.01008
0.43127 -0.0108
0.42987 -0.0115
0.42847 -0.01219
0.427050 -0.01286
0.42563 -0.01351
0.4242 -0.01414
0.42276 -0.01475
0.42131 -0.01535
0.41985 -0.01593
0.41838 -0.01649
0.41691 -0.01705
0.41543 -0.01759
0.41394 -0.01811
0.41244 -0.01861
0.41093 -0.01909
0.40941 -0.01954
0.407870 -0.01996
0.40631 -0.02034
0.40474 -0.0207
0.403150 -0.02102
0.40154 -0.02131
0.399920 -0.02157
0.39828 -0.02179
0.39662 -0.021970
0.39493 -0.0221
0.39321 -0.02218
0.39147 -0.0222
0.3897 -0.02217
0.3879 -0.02208
0.38607 -0.02193
0.38421 -0.02173
0.38233 -0.02148
0.38041 -0.02114
0.37843 -0.0207
0.37638 -0.02013
0.37425 -0.01939
0.37205 -0.01848
0.36983 -0.01741
0.36769 -0.01622
0.36572 -0.01494
0.364 -0.01361
0.36261 -0.01226
0.36093 -0.009650
0.36068 -0.00847
0.36084 -0.00741
0.36142 -0.00651
0.36236 -0.00576
0.36357 -0.005130
0.36497 -0.0046
0.36648 -0.00415
0.368040 -0.00375
0.36962 -0.00341
0.37122 -0.00311
0.37285 -0.00287
0.3745 -0.00266
0.37617 -0.0025
0.377860 -0.00237
0.37956 -0.00227
0.38128 -0.00220
0.38301 -0.002150
0.38474 -0.00211
0.38648 -0.00209
0.38823 -0.0020700
0.38997 -0.00205
0.39172 -0.00203
0.39346 -0.00201
0.3952 -0.00198
0.39694 -0.00195
0.39867 -0.0019
0.40039 -0.001840
0.40211 -0.00177
0.40382 -0.00168
0.40552 -0.00159
0.40722 -0.00147
0.40891 -0.00135
0.41059 -0.0012
0.41226 -0.00104
0.41393 -0.000870
0.41558 -0.000680
0.41723 -0.00047
0.41887 -0.00024
0.4205 0.000010
0.42212 0.00027
0.42373 0.00055
0.42533 0.00085
0.42692 0.001170
0.4285 0.001510
0.430070 0.00187
0.43163 0.00225
0.43318 0.00265
0.43472 0.00308
0.43625 0.003520
0.43776 0.0039900
0.43927 0.00447
0.44077 0.004970
0.44226 0.00549
0.44374 0.00602
0.44522 0.00657
0.44668 0.00714
0.44813 0.00774
0.44956 0.00837
0.45099 0.00902
0.4524 0.00969
0.45379 0.0104
0.45518 0.01112
0.45655 0.01187
0.45791 0.01265
0.45925 0.01345
0.46058 0.01428
0.4619 0.01514
0.4632 0.01602
0.46449 0.016940
0.46576 0.01788
0.46702 0.01886
0.46826 0.01986
0.46949 0.0209
0.4707 0.02196
0.47189 0.02307
0.47307 0.0242
0.47422 0.02538
0.47536000 0.02659
0.47648 0.02784
0.47758 0.02912
0.47866 0.03043
0.47973 0.03178
0.48079 0.03315
0.48183 0.034550
0.48286 0.03597
0.48387 0.03743
0.48487 0.0389
0.48586 0.040410
0.48683 0.04195
0.48778 0.04353
0.4887 0.04516
0.4896 0.04684
0.49046 0.04856
0.491270 0.05026
0.49199 0.05185
0.4926 0.05324
0.493080 0.05435
0.4934 0.05509
0.49358 0.05543
-Inserting Flap Ga2-
0.59949 0.18062
0.599490 0.18018
0.59948 0.17931
0.59946 0.17801
0.59942 0.17639
0.59935 0.174530
0.59923 0.17254
0.59906 0.17052
0.598820 0.16855
0.598510 0.16664
0.59816 0.16479
0.59776 0.16298
0.59732 0.16120
0.59686 0.15945
0.59638 0.15773
0.59587 0.15603
0.59534 0.15435
0.59478 0.1526900
0.59421 0.15105
0.59362 0.149430
0.59301 0.14783
0.59239 0.14625
0.59174 0.14468
0.59109 0.14313
0.59041 0.14159
0.58972 0.14007
0.58901 0.13857
0.588290 0.13709
0.58754 0.13562
0.58678 0.13417
0.586 0.13274
0.58521 0.13132
0.58442 0.12991
0.58361 0.1285
0.5828 0.1271
0.58198 0.12572
0.58114 0.12434
0.58029 0.12298
0.57943 0.12163
0.57855 0.1203
0.57766 0.11898
0.57676 0.11767
0.57584 0.11638
0.57491 0.1151
0.57397 0.11383
0.57302 0.11257
0.57205 0.11132
0.57108 0.11009
0.5701 0.10886
0.5691 0.10765
0.5681 0.10644
0.56708 0.10525
0.56605 0.10407
0.56500 0.10291
0.56394 0.10175
0.56287 0.10061
0.56179 0.09949
0.56069 0.098370
0.55958 0.09727
0.55846 0.09619
0.5573200 0.095120
0.556170 0.09406
0.555 0.09302
0.55382 0.09199
0.55262 0.09097
0.55142 0.08997
0.5502 0.08898
0.54897 0.088
0.54773 0.08703
0.54647 0.08607
0.5452 0.08513
0.54392 0.08421
0.54260 0.08331
0.54127 0.08243
0.53991 0.08159
0.53852 0.080760
0.53711 0.07996
0.53567 0.07919
0.53421 0.07844
0.53272 0.07773
0.53119 0.07704
0.52963 0.0764
0.52802 0.07579
0.52637 0.07523
0.52467 0.07472
0.52293 0.07425
0.52115 0.07382
0.51932 0.07344
0.51745 0.0731
0.51552 0.07282
0.5135 0.07263
0.51138 0.07254
0.50913 0.07258
0.50674 0.07277
0.5043 0.0731
0.5019 0.07357
0.49963 0.07418
0.49758 0.07492
0.49585 0.07577
0.49344 0.07773
0.49284 0.07878
0.49267 0.07983
0.49294 0.08087
0.4936 0.08187
0.49456 0.08285
0.49573 0.08379
0.49702 0.084690
0.498380 0.08554
0.49977 0.08636
0.50121 0.08713
0.50268 0.08787
0.50419 0.08857
0.50573 0.08925
0.50729 0.08989
0.50888 0.09051
0.51049 0.09111
0.512120 0.09169
0.51376 0.09226
0.51541 0.09282
0.51706 0.093380
0.51872 0.09394
0.52037 0.09449
0.52202 0.09505
0.52367 0.09562
0.52531 0.09619
0.52694 0.09677
0.52856 0.09736
0.53017 0.09795
0.53177 0.09856
0.53336 0.09918
0.53494 0.09981
0.536510 0.10046
0.53806 0.10111
0.5396 0.10178
0.54113 0.10246
0.54265 0.10316
0.54415 0.10387
0.54564 0.10459
0.54711 0.10532
0.54857 0.10607
0.55002 0.10684
0.55145 0.107620
0.55286 0.10841
0.55426 0.10923
0.555640 0.11005
0.55701 0.1109
0.55836 0.11176
0.559690 0.11264
0.561 0.11354
0.5623 0.114450
0.56359 0.11537
0.56486 0.11631
0.56612 0.117260
0.56736 0.11823
0.568590 0.11921
0.56981 0.1202
0.571 0.12122
0.572170 0.12226
0.57332 0.12332
0.57446 0.1244
0.57557 0.12549
0.57666 0.12661
0.57773 0.12775
0.57878 0.12891
0.57981 0.13009
0.58082 0.13129
0.58181 0.13251
0.58278 0.13376
0.58372 0.13502
0.58464 0.13631
0.58553 0.13763
0.5864 0.13897
0.58725 0.140330
0.58807 0.14172
0.58886 0.14314
0.58963 0.14458
0.59037 0.14606
0.59107 0.14756
0.59175 0.14909
0.5924 0.15065
0.593030 0.15224
0.593630 0.15384
0.594210 0.15547
0.594770 0.157130
0.5953 0.1588
0.59582 0.1605
0.59631 0.16221
0.59679 0.16395
0.59723 0.16571
0.59765 0.16751
0.59803 0.169340
0.59836 0.17122
0.59865 0.17313
0.59889 0.17499
0.599080 0.17673
0.59924 0.17824
0.59935 0.17944
0.5994300 0.18024
0.59949 0.18062
*.*.Setup: Ga2.txt as Flap 1, Inverted: y, Scale = 1.0, AoA = -2.0, Reposition from (0,0) = (0, 0)*.*.
*.*.Setup: Ga2.txt as Flap 2, Inverted: y, Scale = 0.4, AoA = 27.0, Reposition from previous T.E. = (-0.0267, 0.07), Reposition from (0,0) = (0.971, -0.014)*.*.
*.*.Setup: Ga2.txt as Flap 3, Inverted: y, Scale = 0.4, AoA = 45.0, Reposition from previous T.E. = (-0.01, 0.07), Reposition from (0,0) = (1.3263, 0.2201)*.*.
*.*.Setup: Scale Ratio = 0.36935*.*.