0.36265 0.05744
0.36062 0.055190
0.35767 0.05192
0.35417 0.04868
0.34991 0.04549
0.34469 0.04217
0.33837 0.03856
0.3309 0.03466
0.32237 0.030520
0.313 0.02624
0.30307 0.02192
0.2928 0.01764
0.28234 0.01348
0.27181 0.00947
0.26125 0.00564
0.25064 0.002
0.23997 -0.00146
0.22918 -0.00475
0.21823 -0.00791
0.20705 -0.01095
0.19563 -0.01393
0.18397 -0.01687
0.17213 -0.01979
0.16023 -0.02269
0.1484 -0.02553
0.13684 -0.02825
0.12572 -0.030770
0.11522 -0.033
0.10545 -0.03483
0.09637 -0.03619
0.08784 -0.03708
0.07974 -0.03749
0.07197 -0.03743
0.0645 -0.036910
0.05728 -0.03594
0.05033 -0.03454
0.04365 -0.03273
0.03731 -0.03056
0.03139 -0.0281
0.02599 -0.02547
0.02122 -0.022810
0.017130 -0.02022
0.01369 -0.01778
0.010840 -0.01549
0.00847 -0.01334
0.006520 -0.011340
0.0049 -0.00946
0.00357 -0.0077
0.00247 -0.00605
0.00159 -0.0044800
0.00089 -0.00299
0.00038 -0.001580
0.000086 -0.00022
-0.00012 0.0011000
0.000005 0.00243
0.00057 0.003660
0.0016 0.00464
0.00294 0.00538
0.00452 0.00597
0.00635 0.006480
0.00846 0.00696
0.01094 0.00744
0.01391 0.00791
0.01753 0.00841
0.02206 0.00894
0.02782 0.00951
0.03508 0.01012
0.04381 0.0107
0.05363 0.01117
0.064210 0.01144
0.075470 0.01153
0.08729 0.0115
0.099490 0.01142
0.11187 0.01132
0.12422 0.01123
0.13642 0.01119
0.148430 0.01121
0.16023 0.01133
0.17184 0.011570
0.183250 0.01196
0.19448 0.01252
0.20556 0.01327
0.2165 0.01421
0.2273200 0.01537
0.23802 0.01675
0.24862 0.01837
0.25914 0.02022
0.269570 0.02231
0.27991 0.02464
0.29014 0.0272
0.30021 0.03
0.31005 0.03298
0.3195 0.03613
0.32835 0.03934
0.33636 0.04255
0.34335 0.04566
0.34931 0.04865
0.3543 0.05152
0.35845 0.05424
0.36265 0.05744
-Inserting Flap s1223rtl-
0.53638 0.15338
0.53572 0.15203
0.53475 0.15004
0.53351 0.148
0.5319 0.14588
0.52985 0.14357
0.52731 0.14097
0.52426 0.13806
0.52073 0.13489
0.51682 0.13154
0.51264 0.12810
0.50829 0.12463
0.50384 0.12119
0.49933 0.11781
0.49478 0.11451
0.49019 0.1113
0.48553 0.10817
0.4808 0.1051
0.47597 0.10207
0.47102 0.09907
0.46594 0.09607
0.460740 0.09305
0.45546 0.09001
0.45013 0.08698
0.44484 0.08398
0.43966 0.08108
0.43466 0.078330
0.42992 0.07582
0.42548 0.07359
0.4213 0.071680
0.417330 0.07008
0.41349 0.068770
0.40975 0.06773
0.40608 0.06695
0.40248 0.06642
0.39894 0.06613
0.39549 0.066080
0.39214 0.06625
0.38895 0.06662
0.386 0.06714
0.38334 0.06776
0.38102 0.06844
0.37903 0.0691400
0.37734 0.06985
0.37591 0.07055
0.37469 0.07125
0.37366 0.071930
0.37277 0.07259
0.37202 0.07323
0.37138 0.07386
0.37084 0.07448
0.37039 0.07509
0.37004 0.07570
0.36979 0.076310
0.36966 0.07696
0.36977 0.07763
0.37012 0.07825
0.37067 0.07879
0.37135 0.07929
0.37215 0.07979
0.37310 0.08031
0.37423 0.08088
0.37559 0.08152
0.37726 0.08226
0.37937 0.08313
0.38206 0.0842
0.38546 0.08549
0.38958 0.08698
0.39423 0.08856
0.39928 0.09015
0.40468 0.091740
0.41036 0.09336
0.41624 0.0950
0.4222 0.09666
0.42815 0.09832
0.434020 0.09997
0.43979 0.10164
0.44545 0.10332
0.45099 0.10504
0.45642 0.1068
0.461750 0.10862
0.46697 0.1105
0.4721 0.11247
0.47713 0.114510
0.48209 0.11665
0.48696 0.11889
0.491760 0.12123
0.49648 0.12367
0.50113 0.126220
0.50569 0.12886
0.51015 0.13159
0.51447 0.13438
0.51858 0.13719
0.52239 0.13996
0.52580 0.1426
0.52873 0.145060
0.53118 0.147320
0.53318 0.14939
0.5348 0.15127
0.53638 0.15338
-Inserting Flap s1223rtl-
0.66251 0.29379
0.66226 0.2923
0.6619 0.290120
0.66131 0.28781
0.66037 0.28532
0.65907 0.282510
0.65738 0.27929
0.65529 0.27563
0.652820 0.27159
0.65003 0.267260
0.64702 0.26276
0.64385 0.25819
0.6405700 0.25361
0.63722 0.24908
0.63381 0.24462
0.63033 0.24023
0.62677 0.23589
0.623110 0.23159
0.61935 0.22731
0.61547 0.22301
0.61147 0.218680
0.60735 0.21429
0.60316 0.209870
0.59893 0.20543
0.59472 0.20105
0.59059 0.19678
0.58659 0.19272
0.58277 0.18895
0.57915 0.18554
0.57570 0.18252
0.57235 0.17984
0.56905 0.17748
0.56576 0.17541
0.56248 0.17361
0.55918 0.17207
0.55587 0.17078
0.55257 0.16975
0.54932 0.16895
0.54616 0.16839
0.54318 0.16804
0.54046 0.16787
0.53804 0.16785
0.53593 0.16795
0.53411 0.16815
0.53253 0.16841
0.53117 0.16873
0.52998 0.1690800
0.52895 0.16946
0.528040 0.16987
0.52724 0.17029
0.52655 0.17072
0.525950 0.17118
0.525440 0.17166
0.52502 0.17217
0.52471 0.17277
0.52462 0.17344
0.52479 0.17413
0.525150 0.1748
0.52566 0.175480
0.52629 0.17619
0.52705 0.17696
0.52797 0.177830
0.52908 0.17883
0.53048 0.18001
0.53224 0.18146
0.53451 0.18325
0.5374 0.18547
0.54092 0.18807
0.54493 0.19092
0.54931 0.193890
0.55402 0.19696
0.559 0.20014
0.56416 0.2034
0.5694 0.2067
0.57462 0.20999
0.57977 0.21327
0.58482 0.21652
0.58975 0.2197500
0.59457 0.22299
0.599270 0.22623
0.603850 0.2295
0.60831 0.2328
0.61266 0.23615
0.6169 0.23956
0.62103 0.24303
0.62506 0.246570
0.62898 0.25019
0.63281 0.25388
0.63653 0.25765
0.64015 0.26149
0.64363 0.26539
0.64697 0.2693
0.65010 0.273170
0.65295 0.27692
0.65546 0.28043
0.65757 0.28362
0.65926 0.28649
0.660590 0.289040
0.6616 0.29131
0.66251 0.29379
*.*.Setup: s1223rtl.txt as Flap 1, Inverted: y, Scale = 1.0, AoA = 9.0, Reposition from (0,0) = (0, 0)*.*.
*.*.Setup: s1223rtl.txt as Flap 2, Inverted: y, Scale = 0.5, AoA = 25.0, Reposition from previous T.E. = (0.02, 0.05), Reposition from (0,0) = (1.0077, 0.2064)*.*.
*.*.Setup: s1223rtl.txt as Flap 3, Inverted: y, Scale = 0.5, AoA = 41.666666666666664, Reposition from previous T.E. = (-0.03, 0.05), Reposition from (0,0) = (1.4308, 0.4677)*.*.
*.*.Setup: Scale Ratio = 0.36717*.*.