0.37424 0.00775
0.373510 0.0069
0.37204 0.005260
0.36986 0.002830
0.36708 -0.00021
0.36386 -0.003640
0.36033 -0.00725
0.35665 -0.01082
0.35292 -0.01418
0.34917 -0.01732
0.34541 -0.02027
0.34164 -0.02307
0.33787 -0.02574
0.33408 -0.02831
0.33029 -0.03080
0.32649 -0.0332
0.32269 -0.035530
0.318880 -0.03777
0.31507 -0.03995
0.31126 -0.04207
0.30743 -0.04411
0.303610 -0.0461
0.29978 -0.04803
0.29594 -0.0499
0.29211 -0.05172
0.28827 -0.053470
0.28442 -0.05516
0.28057 -0.05679
0.27671 -0.05835
0.27285 -0.05985
0.26899 -0.0613
0.26512 -0.06271
0.26125 -0.06408
0.25738 -0.06543000
0.25351 -0.06675
0.24964 -0.06803
0.24576 -0.06927
0.24188 -0.07046
0.237990 -0.0716
0.234110 -0.07269
0.23021 -0.07374
0.22632 -0.07473
0.22242 -0.075680
0.21852 -0.07658
0.21461 -0.07744
0.21071 -0.07826
0.2068 -0.07904
0.20288 -0.07979
0.19897 -0.0805
0.19505 -0.08117
0.19113 -0.08179
0.18721 -0.08238
0.183280 -0.08292
0.17935 -0.08341
0.17542 -0.08386
0.17148 -0.08426
0.16754 -0.08461
0.1636 -0.08491
0.15965 -0.08517
0.15570 -0.08538
0.15175 -0.08554
0.14779 -0.08564
0.14383 -0.0857
0.13986 -0.0857
0.1359 -0.08566
0.13193 -0.08557
0.12795 -0.08543
0.12398 -0.08526
0.12 -0.08506
0.11601 -0.0848
0.112030 -0.08449
0.10804 -0.08411
0.10404 -0.08366
0.10004 -0.08311
0.09603 -0.08247
0.09201 -0.081740
0.08799 -0.08092
0.08396 -0.08001
0.079930 -0.079
0.07588 -0.0779
0.07183 -0.07667
0.06777 -0.07531
0.0637 -0.0738
0.05962 -0.07213
0.05553 -0.07029
0.05143 -0.068290
0.04731 -0.06614
0.04319 -0.06385
0.03905 -0.0613900
0.03490 -0.05871
0.03072 -0.05573
0.02652 -0.05237
0.02229 -0.04856
0.01805 -0.04424
0.01395 -0.039560
0.01014 -0.03467
0.00681 -0.02974
0.00412 -0.02494
0.00222 -0.02042
0.00089 -0.01268
0.00147 -0.009680
0.00289 -0.00738
0.00514 -0.00587
0.00807 -0.005040
0.01151 -0.004770
0.0153 -0.00492
0.01927 -0.00535
0.02328 -0.00597
0.0273 -0.00673
0.03133 -0.00763
0.03536 -0.008660
0.03941 -0.00982
0.04346 -0.01109
0.04752 -0.01246
0.05159 -0.013920
0.05566 -0.01545
0.05974 -0.01704
0.06381 -0.01867
0.0679 -0.02033
0.07198 -0.02201
0.07606 -0.0237
0.08014 -0.02539
0.08422 -0.02706
0.0883 -0.02871
0.09238 -0.03034
0.09646 -0.03194
0.10053 -0.03351
0.1046 -0.035040
0.108670 -0.03653
0.11274 -0.03799
0.1168 -0.0394100
0.12086 -0.04078
0.12492 -0.04211
0.12898 -0.04339
0.13303 -0.04463
0.13708 -0.04582
0.14112 -0.04696
0.14516 -0.048050
0.14920 -0.0491
0.153230 -0.05009
0.15726 -0.05102
0.16129 -0.051910
0.16531 -0.05274
0.16933 -0.053510
0.17334 -0.05422
0.177350 -0.05487
0.18136 -0.05547
0.18536 -0.056
0.189360 -0.05647
0.19335 -0.05688
0.19734 -0.05725
0.20133 -0.05757
0.20531 -0.05784
0.2092900 -0.05807
0.21327 -0.05824
0.21724 -0.05835
0.22121 -0.05839
0.225170 -0.05836
0.22913 -0.05825
0.23308 -0.05806
0.23703 -0.05781
0.24097 -0.057490
0.24491 -0.05709
0.24884 -0.05663
0.25277 -0.05609
0.25669 -0.05547
0.2606 -0.05478
0.26451 -0.054
0.26842 -0.05315
0.272320 -0.05221
0.27621 -0.05118
0.2801 -0.05007
0.28398 -0.04887
0.287850 -0.04758
0.29172 -0.04619
0.295580 -0.04470
0.29943 -0.04311
0.30328 -0.04141
0.30712 -0.03961
0.3109500 -0.03772
0.31478 -0.03573
0.31860 -0.03366
0.32241 -0.031510
0.32622 -0.02928
0.33002 -0.02697
0.333820 -0.02459
0.33761 -0.02213
0.3414 -0.0196
0.34518 -0.016970
0.34896 -0.01423
0.35272 -0.01136
0.35647 -0.00833
0.36019 -0.00516
0.36375 -0.00199
0.367 0.001
0.3698 0.00363
0.37201 0.00573
0.37349 0.00714
0.37424 0.00775
-Inserting Flap Ga2-
0.52579 0.099010
0.525650 0.09858
0.52536 0.097750
0.52494 0.09651
0.52439 0.09496
0.52374 0.09319
0.523010 0.091310
0.522210 0.08942
0.52136 0.0876
0.52047 0.08586
0.51955 0.08418
0.5186 0.08257
0.51763 0.08099
0.51663 0.07945
0.51563 0.07794
0.5146 0.07647
0.51357 0.07502
0.512520 0.07359
0.51145 0.0722
0.510380 0.07082
0.50929 0.06947
0.50819 0.06814
0.5070900 0.06683
0.50597 0.06554
0.50484 0.06427
0.5037 0.06303
0.50255 0.0618
0.50138 0.0606
0.50021 0.05943
0.49902 0.05827
0.49782 0.05713
0.49662 0.05601
0.49541 0.0549
0.4942 0.0538
0.492980 0.05271
0.491750 0.05163
0.490520 0.05057
0.48927 0.04952
0.48802 0.04849
0.48676 0.047490
0.48549 0.04649
0.48421 0.04552
0.48292 0.04456
0.48163 0.04362
0.48032 0.04269
0.47901 0.04178
0.4777 0.04088
0.47637 0.03999
0.47504 0.03912
0.4737 0.03826
0.47236 0.03742
0.47101 0.03659
0.46964 0.03578
0.46827 0.03498
0.4669 0.0342
0.46551 0.03344
0.464110 0.03269
0.46271 0.03197
0.46129 0.03126
0.459870 0.03056
0.45844 0.02989
0.457 0.02923
0.45555 0.02859
0.454090 0.02797
0.45262 0.027360
0.45115 0.026780
0.44966 0.0262
0.44817 0.02565
0.44668 0.0251
0.44517 0.02457
0.44365 0.02406
0.44213 0.02358
0.44058 0.02312
0.43902 0.02270
0.43745 0.02231
0.43585 0.02195
0.43424 0.02162
0.43262 0.02133
0.43098 0.02107
0.429320 0.02084
0.42763 0.02066
0.42593 0.02053
0.42419 0.02045
0.42243 0.02043
0.42063 0.02046
0.41881 0.02056
0.41696 0.0207
0.41508 0.0209
0.41317 0.02116
0.41123 0.0215
0.40922 0.02194
0.40715 0.02252
0.405 0.02327
0.40276 0.02419
0.40052 0.02528
0.39835 0.02648
0.39636 0.02778
0.39462 0.02912
0.39321 0.03049
0.39151 0.03313
0.39125 0.03433
0.39142 0.0354
0.39201 0.03631
0.39296 0.03707
0.39418 0.03771
0.3956 0.03825
0.39713 0.0387
0.3987 0.0391
0.4003 0.03945
0.40193 0.03975
0.40357 0.04
0.40524 0.040210
0.406940 0.04037
0.40865 0.0405
0.41037 0.0406
0.41211 0.04067
0.41386 0.04072
0.41561 0.04076
0.41738 0.04079
0.419140 0.04081
0.42091 0.04082
0.42268 0.04084
0.42444 0.04086
0.4262 0.04089
0.42796 0.04093
0.42971 0.04098
0.43145 0.04104
0.43319 0.04111
0.434920 0.0412
0.43665 0.0413
0.43837 0.04141
0.440080 0.04154
0.44178 0.041680
0.44347 0.04184
0.44516 0.04202
0.44683 0.04222
0.4485 0.04243
0.45016 0.04266
0.45181 0.0429
0.45345 0.04317
0.45508 0.04345
0.4567 0.043760
0.45831 0.04408
0.45991 0.04443
0.4615 0.04479
0.46308 0.04518
0.46465 0.04559
0.46620 0.04602
0.46775 0.04647
0.46928 0.04694
0.47081 0.04743
0.47233 0.04793
0.47384 0.0484500
0.47534 0.04899
0.47683 0.04955
0.47831 0.05013
0.47978 0.05074
0.48123 0.05137
0.48267 0.05203
0.4841 0.052710
0.48551 0.053420
0.48691 0.05416
0.4883 0.05492
0.48967 0.0557
0.491040 0.05652
0.49238 0.05736
0.49372 0.05822
0.49504 0.059120
0.49634 0.06005
0.49763 0.061
0.4989 0.06199
0.50016 0.063
0.5014 0.06405
0.50262 0.06513
0.50383 0.06625
0.50502 0.0674
0.50619 0.06859
0.50734 0.06982
0.50847 0.07108
0.50959 0.07238
0.51069 0.0737
0.51177 0.07506
0.51284 0.07645
0.51389 0.07787
0.51493 0.07931
0.51596 0.08078
0.51697 0.08228
0.51797 0.08381
0.51895 0.08536
0.51991 0.08696
0.52085 0.08861
0.52176 0.09031
0.52263 0.09206
0.52344 0.09378
0.52417 0.09539
0.52479 0.096800
0.52528 0.09791
0.52561 0.09867
0.52579 0.099010
-Inserting Flap Ga2-
0.6143 0.22199
0.6143 0.22154
0.61429 0.22066
0.61427 0.21935
0.61423 0.21771
0.61415 0.21583
0.61404 0.21381
0.61386 0.21177
0.61361 0.20977
0.61331 0.20784
0.612950 0.20597
0.61254 0.20413
0.6121 0.20234
0.61164 0.20057
0.61115 0.19882
0.61063 0.1971
0.610090 0.1954
0.60953 0.19372
0.60895 0.192060
0.60836 0.19042
0.60774 0.18880
0.60711 0.1872
0.60646 0.18561
0.60579 0.18404
0.60511 0.18249
0.60441 0.18095
0.60369 0.17943
0.60296 0.17793
0.6022 0.17644
0.60143 0.17498
0.60064 0.173530
0.59985 0.172090
0.59904 0.17066
0.59822 0.169230
0.5974 0.16782
0.59657 0.16642
0.59572 0.16502
0.594860 0.16365
0.59399 0.16228
0.59310 0.16093
0.5922 0.1596
0.591290 0.15827
0.59036 0.15696
0.58942 0.15567
0.58846 0.15438
0.5875 0.15311
0.58653 0.15185
0.585540 0.1506
0.58454 0.14936
0.58354 0.14813
0.58252 0.14691
0.58149 0.1457
0.580440 0.14451
0.57939 0.14333
0.578320 0.14216
0.57723 0.14101
0.57613 0.13987
0.57502 0.13874
0.5739 0.13763
0.57276 0.13653
0.57161 0.13544
0.57044 0.13437
0.56926 0.13331
0.56807 0.13227
0.566860 0.13125
0.56563 0.130230
0.5644 0.12923
0.56315 0.12824
0.5619 0.12725
0.56063 0.12629
0.559350 0.12533
0.55804 0.1244
0.55671 0.12349
0.55536 0.12261
0.55398 0.12175
0.55258 0.12091
0.551150 0.12011
0.5497 0.11932
0.54821 0.11857
0.5467 0.11784
0.54516 0.11715
0.54358 0.116490
0.54195 0.11588
0.54028 0.11531
0.538560 0.1148
0.5368 0.11432
0.53499 0.113890
0.53314 0.11350
0.53125 0.113160
0.5293 0.11288
0.52725 0.11268
0.5251 0.11259
0.5228300 0.11263
0.520410 0.11282
0.51794 0.11316
0.51551 0.11364
0.51322 0.11425
0.51114 0.11499
0.50938 0.11586
0.50695 0.1178500
0.50634 0.11891
0.50616 0.11997
0.50645 0.12102
0.50711 0.12204
0.508080 0.12302
0.50926 0.12397
0.51058 0.12488
0.51195 0.12575
0.51336 0.12657
0.51481 0.12736
0.5163 0.12811
0.517830 0.12882
0.51938 0.12950
0.52097 0.13015
0.52258 0.13078
0.52421 0.131380
0.52586 0.13197
0.52752 0.13255
0.52919 0.13312
0.53086 0.13368
0.532540 0.13425
0.53421 0.13481
0.53588 0.13538
0.537540 0.13595
0.5392 0.13653
0.54085 0.13711
0.5425 0.137710
0.54413 0.138310
0.545750 0.13893
0.54736 0.13956
0.548960 0.1402
0.55054 0.14085
0.55212 0.14151
0.55368 0.14219
0.55522 0.14288
0.556760 0.14358
0.55828 0.1443
0.55979 0.14503
0.56128 0.1457700
0.56276 0.14653
0.56422 0.14731
0.56567 0.1481
0.5671 0.14890
0.56851 0.14972
0.56991 0.150560
0.571290 0.15142
0.57266 0.15229
0.57401 0.15318
0.57534 0.15409
0.57665 0.15501
0.57795 0.15595
0.57924 0.1569
0.58051 0.15786
0.58178 0.15884
0.58302 0.159830
0.58425 0.160840
0.58546 0.16187
0.58664 0.16292
0.58781 0.16399
0.58895 0.16508
0.59008 0.16619
0.59118 0.16732
0.59227 0.16848
0.59333 0.16965
0.59438 0.17084
0.5954 0.17206
0.59640 0.173290
0.59738 0.174550
0.59833 0.17584
0.59926 0.17714
0.60017 0.17848
0.60105 0.17983
0.60191 0.18121
0.60274 0.18262
0.60354 0.18405
0.604320 0.18551
0.60506 0.18701
0.60578 0.18853
0.60646 0.19008
0.60712 0.19166
0.60776 0.19326
0.60837 0.19489
0.60895 0.19654
0.60952 0.19821
0.61006 0.19991
0.61058 0.20162
0.61108 0.20336
0.61156 0.20512
0.61201 0.2069
0.61243 0.20872
0.61281 0.21058
0.61315 0.21247
0.61344 0.21441
0.61369 0.2163
0.61388 0.21805
0.61404 0.21958
0.61415 0.22079
0.61423 0.22161
0.6143 0.22199
*.*.Setup: Ga2.txt as Flap 1, Inverted: y, Scale = 1.0, AoA = 4.0, Reposition from (0,0) = (0, 0)*.*.
*.*.Setup: Ga2.txt as Flap 2, Inverted: y, Scale = 0.4, AoA = 27.0, Reposition from previous T.E. = (0.04, 0.08), Reposition from (0,0) = (1.041, 0.1007)*.*.
*.*.Setup: Ga2.txt as Flap 3, Inverted: y, Scale = 0.4, AoA = 45.0, Reposition from previous T.E. = (-0.06, 0.06), Reposition from (0,0) = (1.3463, 0.3248)*.*.
*.*.Setup: Scale Ratio = 0.37387*.*.