0.35063 0.05553
0.34866 0.053360
0.34581 0.0502
0.34243 0.04706
0.3383 0.04398
0.33326 0.04077
0.32715 0.03729
0.31993 0.03351
0.31168 0.029510
0.30262 0.02537
0.29302 0.02119
0.28309 0.01706
0.27298 0.01303
0.2628 0.00916
0.25258 0.00545
0.24233 0.00193
0.23201 -0.00141
0.22158 -0.0046
0.21099 -0.00764
0.20019 -0.01059
0.18915 -0.01346
0.17787 -0.01631
0.16643 -0.01913
0.15491 -0.02193
0.14348 -0.02468
0.1323 -0.02731
0.12155 -0.029750
0.1114 -0.0319
0.10195 -0.03367
0.09318 -0.03499
0.08493 -0.03585
0.07709 -0.03625
0.06959 -0.03619
0.06236 -0.035690
0.05538 -0.03475
0.04866 -0.0334
0.0422 -0.03165
0.03607 -0.02955
0.03035 -0.02717
0.02513 -0.02463
0.02052 -0.022050
0.016560 -0.01955
0.01324 -0.01719
0.010480 -0.01498
0.00819 -0.0129
0.00630 -0.010960
0.00474 -0.00915
0.00345 -0.00745
0.00239 -0.00584
0.00154 -0.0043300
0.00086 -0.00289
0.00036 -0.001520
0.000086 -0.00021
-0.00012 0.00106000
0.000005 0.00235
0.00055 0.003540
0.00154 0.00448
0.00284 0.0052
0.00437 0.00577
0.00614 0.006270
0.00818 0.00673
0.01058 0.00719
0.01345 0.00765
0.01695 0.00813
0.02133 0.00864
0.0269 0.00919
0.03392 0.00978
0.04236 0.01035
0.05186 0.0108
0.062090 0.01106
0.072960 0.01115
0.08439 0.01112
0.096190 0.01104
0.10816 0.01095
0.1201 0.01086
0.13189 0.01082
0.14350 0.01084
0.15492 0.01095
0.16614 0.011190
0.177170 0.01156
0.18804 0.0121
0.19875 0.01283
0.20932 0.01374
0.2197800 0.01486
0.23013 0.0162
0.24038 0.01776
0.25054 0.01955
0.260630 0.02157
0.27062 0.02382
0.28051 0.0263
0.29026 0.029
0.29977 0.03189
0.3089 0.03493
0.31746 0.03804
0.3252 0.04114
0.33197 0.04415
0.33772 0.04704
0.34255 0.04981
0.34657 0.05245
0.35063 0.05553
-Inserting Flap s1223rtl-
0.51742 0.13399
0.51666 0.13274
0.51556 0.13091
0.5142 0.12905
0.51248 0.12714
0.51031 0.12509
0.50764 0.1228
0.50445 0.12025
0.500790 0.1175
0.49674 0.11461
0.49242 0.11164
0.48794 0.10866
0.48337 0.10572
0.47874 0.10285
0.47408 0.10006
0.469380 0.09735
0.46464 0.09473
0.45982 0.092170
0.45491 0.089660
0.44989 0.08719
0.44475 0.08472
0.43948 0.08225
0.43414 0.079770
0.42875 0.0773
0.4234 0.074860
0.41817 0.0725
0.41312 0.07028
0.40834 0.06825
0.40388 0.06648
0.3997 0.065
0.39573 0.06379
0.39192 0.06285
0.38823 0.06216
0.38464 0.06172
0.38112 0.06151
0.37769 0.06153
0.37436 0.06178
0.37115 0.06222
0.36811 0.06284
0.36531 0.06359
0.3628 0.064420
0.36062 0.06527
0.35876 0.06611
0.3572 0.06693
0.355880 0.06773
0.35477 0.0685
0.35383 0.06925
0.35303 0.06996
0.35236 0.07064
0.35179 0.0713
0.351330 0.07195
0.35095 0.07257
0.35066 0.073180
0.35047 0.0738
0.35040 0.07444
0.35056 0.07507
0.35096 0.07563
0.351530 0.07611
0.35222 0.07653
0.35304 0.07695
0.3540 0.07737
0.35513 0.07782
0.3565 0.07832
0.35817 0.07889
0.36027 0.07956
0.36295 0.08036
0.36634 0.08132
0.37043 0.08241
0.375050 0.08353
0.38004 0.08464
0.385370 0.08572
0.39099 0.086790
0.39679 0.08788
0.40267 0.08898
0.40854 0.09007
0.41433 0.09118
0.42003 0.09229
0.42562 0.09344
0.4311 0.09462
0.43648 0.09586
0.441760 0.09716
0.44695 0.09854
0.45205 0.1
0.45708 0.10155
0.46203 0.10319
0.46691 0.10493
0.47173 0.10678
0.47649 0.10874
0.48118 0.11079
0.4858 0.11296
0.49032 0.11521
0.494710 0.11754
0.49891 0.1199
0.502810 0.12224
0.50632 0.1245
0.50935 0.12662
0.5119 0.12859
0.514 0.13041
0.515720 0.13209
0.51742 0.13399
-Inserting Flap s1223rtl-
0.66375 0.27248
0.663430 0.27106
0.66296 0.26898
0.662250 0.26678
0.66121 0.26443
0.6598 0.26179
0.65799 0.25878
0.655770 0.255360
0.65315 0.2516
0.65022 0.24757
0.64706 0.2434
0.64374 0.23917
0.64032 0.23494
0.6368300 0.23075
0.63328 0.226640
0.62968 0.22259
0.626 0.21861
0.62223 0.21466
0.61836 0.210740
0.61437 0.20681
0.61027 0.202850
0.606050 0.19885
0.60175 0.19482
0.59742 0.1907800
0.59311 0.18678
0.58888 0.18289
0.58479 0.17919
0.58089 0.17577
0.57721 0.17269
0.57371 0.16996
0.57032 0.16757
0.567 0.16548
0.563720 0.16366
0.56044 0.16211
0.55717 0.16081
0.55391 0.15975
0.55067 0.15893
0.54748 0.15835
0.5444 0.15798
0.54151 0.15781
0.53887 0.15781
0.53653 0.15793
0.5345 0.15814
0.53276 0.15843
0.53125 0.15877
0.52995 0.15916
0.52883 0.15956
0.52785 0.15999
0.52699 0.16043
0.52625 0.16088
0.52561 0.16134
0.52505 0.16182
0.52459 0.16231
0.52421 0.162830
0.52395 0.16342
0.5239 0.16407
0.5241 0.16472
0.52449 0.16535
0.525010 0.16598
0.52566 0.16663
0.52644 0.16733
0.52737 0.16812
0.52851 0.16902
0.52992 0.17009
0.5317 0.17138
0.533990 0.17299
0.53691 0.17496
0.54045 0.17728
0.54448 0.1798
0.54887 0.18242
0.55359 0.18512
0.55858 0.187910
0.56375 0.19077
0.56899 0.19366
0.57421 0.19654
0.57936 0.199410
0.58442 0.20227
0.58937 0.20511
0.5942 0.20796
0.59892 0.210830
0.60352 0.213730
0.60801 0.21666
0.6124 0.21965
0.61668 0.2227
0.62086 0.22582
0.62495 0.22901
0.62894 0.232280
0.63284 0.235630
0.636650 0.23906
0.64035 0.24257
0.64394 0.24613
0.64738 0.24972
0.650610 0.25328
0.65358 0.25673
0.6562 0.259980
0.65841 0.26295
0.660210 0.26562
0.66164 0.26801
0.66274 0.27014
0.66375 0.27248
*.*.Setup: s1223rtl.txt as Flap 1, Inverted: y, Scale = 1.0, AoA = 9.0, Reposition from (0,0) = (0, 0)*.*.
*.*.Setup: s1223rtl.txt as Flap 2, Inverted: y, Scale = 0.5, AoA = 20.0, Reposition from previous T.E. = (0.0, 0.05), Reposition from (0,0) = (0.9877, 0.2064)*.*.
*.*.Setup: s1223rtl.txt as Flap 3, Inverted: y, Scale = 0.5, AoA = 38.333333333333336, Reposition from previous T.E. = (0.02, 0.08), Reposition from (0,0) = (1.4775, 0.4574)*.*.
*.*.Setup: Scale Ratio = 0.355*.*.