0.36449 0.03831
0.362350 0.03618
0.35924 0.03307
0.35558 0.03002
0.35116 0.02706
0.345790 0.024020
0.33931 0.02076
0.33165 0.01727
0.322930 0.01358
0.313370 0.0098
0.30325 0.00601
0.29278 0.00229
0.282140 -0.001310
0.27144 -0.00476
0.26071 -0.00802
0.24994 -0.01110
0.23913 -0.01399
0.2282 -0.01671
0.2171200 -0.01928
0.20582 -0.02173
0.19428 -0.0241
0.1825 -0.02642
0.17055 -0.02872
0.15853 -0.030980
0.1466 -0.0332
0.13493 -0.03531
0.12371 -0.03724
0.11312 -0.03891
0.10329 -0.04022
0.09417 -0.04111
0.08562 -0.04155
0.07752 -0.04154
0.06979 -0.04107
0.06236 -0.04016
0.05522 -0.03882
0.04836 -0.03706
0.04180 -0.03491
0.0356 -0.03241
0.02982 -0.02965
0.02458 -0.02675
0.01997 -0.023840
0.01602 -0.02105
0.01272 -0.01844
0.00999 -0.01601
0.00775 -0.01374
0.00590 -0.01164
0.00439 -0.009690
0.00315 -0.00786
0.00215 -0.00616
0.00135 -0.004550
0.00073 -0.00303
0.00029 -0.00159
0.000055 -0.00022
-6e-05 0.0011
0.00013 0.00242
0.00076 0.00362
0.00183 0.00454
0.003210 0.00521
0.00482 0.005710
0.00667 0.00613
0.0088 0.0065
0.0113 0.00684
0.01428 0.00716
0.01792 0.00747
0.02246 0.007760
0.02823 0.00803
0.0355 0.00825
0.04423 0.008380
0.05405 0.00834
0.06461 0.00805
0.07583 0.00755
0.08761 0.0069
0.09977 0.00619
0.1121 0.00544
0.12441 0.00471
0.136570 0.00402
0.14854 0.00342
0.160310 0.00292
0.17189 0.00256
0.18329 0.00235
0.194520 0.00232
0.2056 0.00248
0.21655 0.00286
0.22739 0.00345
0.23813 0.00427
0.24879 0.00532
0.25937 0.00662
0.26987 0.00816
0.2803 0.00994
0.29063 0.01196
0.30082 0.014220
0.31078 0.01668
0.32037 0.01932
0.32935 0.02206
0.3375 0.02484
0.344640 0.02758
0.35073 0.03025
0.35586 0.03284
0.36014 0.035350
0.36449 0.03831
-Inserting Flap s1223rtl-
0.54402 0.12847
0.54324 0.127180
0.54211 0.12529
0.5407 0.12337
0.53892 0.1214
0.53668 0.11928
0.53393 0.11691000
0.530640 0.11429
0.52685 0.11145
0.52267 0.10846
0.51822 0.1054
0.51359 0.10232
0.50887 0.09929
0.50409 0.09632
0.49928 0.09344
0.49443 0.09065
0.48953 0.08793
0.48456 0.08529
0.47949 0.08271
0.47431 0.080150
0.46899 0.07761
0.46356 0.07505
0.458040 0.0725
0.45248 0.06994
0.44696 0.06742
0.44156 0.064990
0.43635 0.06269
0.43141 0.0606
0.42680 0.05878
0.42249 0.05724
0.41839 0.056
0.414460 0.05502
0.41065 0.05431
0.406940 0.05386
0.40331 0.05364
0.399770 0.05367
0.396330 0.05392
0.39302 0.05438
0.38988 0.055020
0.38698 0.05579
0.38440 0.05664
0.38214 0.05752
0.38023 0.058390
0.37861 0.05924
0.37725 0.06007
0.37610 0.06086
0.37513 0.06163
0.37431 0.06236
0.37361 0.063070
0.373030 0.06375
0.37255 0.064420
0.37216 0.065060
0.37186 0.06569
0.37166 0.06633
0.37159 0.06699
0.37176 0.06764
0.37217 0.06822
0.37275 0.06871
0.37347 0.06915
0.37432 0.06958
0.37531 0.07002
0.37648 0.07048
0.37789 0.071
0.37961 0.07159
0.38178 0.07228
0.38455 0.07311
0.388050 0.07409
0.39227 0.07521
0.39704 0.0763800
0.4022 0.077520
0.4077 0.07863
0.41349 0.07975
0.419480 0.08087
0.42555 0.082
0.431610 0.08313
0.43759 0.08427
0.44347 0.08542
0.44925 0.08661
0.45491 0.08783
0.46046 0.089110
0.46591 0.09045
0.47127 0.09187
0.47654 0.09338
0.481730 0.09498
0.48684 0.096670
0.49188 0.09847
0.49686 0.10038
0.50177 0.1024
0.506610 0.10452
0.51138 0.10676
0.516050 0.109080
0.52058 0.11148
0.524910 0.11392
0.52894 0.11634
0.53256 0.11867
0.53569 0.12086
0.538320 0.1229
0.5405 0.124780
0.54227 0.12651
0.54402 0.12847
-Inserting Flap s1223rtl-
0.65845 0.26046
0.65812 0.25898
0.65763 0.25684
0.6569 0.25457
0.65583 0.25214
0.654370 0.24942
0.6525 0.24631
0.6502 0.24278
0.64750 0.2389
0.644480 0.23474
0.64121 0.23043
0.63779 0.22606
0.634250 0.2217
0.63065 0.21738
0.62699 0.21313
0.62327 0.20895
0.61947 0.204830
0.61558 0.20076
0.61159 0.19671
0.60747 0.19266
0.60323 0.18857
0.59887 0.18444
0.59444 0.180280
0.58996 0.1761
0.58552 0.17198
0.58115 0.16796
0.57693 0.16415
0.5729 0.16061
0.5691 0.15743
0.56548 0.15461
0.56199 0.15214
0.55856 0.14998
0.55517 0.14811
0.55179 0.14651
0.548420 0.14516
0.54505 0.14407
0.5417 0.14323
0.53841 0.14262
0.53523 0.14225
0.53224 0.14207
0.52952 0.142060
0.5271 0.14219
0.52501 0.14241
0.52321 0.14271
0.52165 0.14306
0.52031 0.14346
0.51915 0.14388
0.518140 0.14432
0.51726 0.14477
0.51649 0.145240
0.51583 0.14571
0.51525 0.1462
0.51477 0.1467100
0.51438 0.14725
0.514110 0.14786
0.51406 0.14853
0.51427 0.14921
0.51467 0.14986
0.51521 0.1505
0.51588 0.151170
0.51668 0.1519
0.51765 0.15271
0.5188200 0.15364
0.520280 0.154740
0.52212 0.15608
0.52449 0.15774
0.5275 0.15978
0.53115 0.16217
0.53531 0.16477
0.53985 0.16748
0.54472 0.17027
0.54987 0.17314
0.5552 0.17609
0.56061 0.179080
0.5660 0.18206
0.57132 0.18502
0.57654 0.187960
0.58165 0.1909
0.58664 0.19385
0.59151 0.19681
0.5962600 0.1998
0.6009 0.202830
0.605430 0.20592
0.60985 0.20907
0.61417 0.21228
0.61839 0.21558
0.62251 0.21895
0.62654 0.22241
0.63047 0.22596
0.63429 0.22957
0.63799 0.23325
0.641540 0.23696
0.64488 0.24063
0.64795 0.2442
0.65065 0.24755
0.65293 0.25061
0.65479 0.25337
0.65626 0.255840
0.6574 0.25804
0.65845 0.26046
*.*.Setup: s1223rtl.txt as Flap 1, Inverted: y, Scale = 1.0, AoA = 6.0, Reposition from (0,0) = (0, 0)*.*.
*.*.Setup: s1223rtl.txt as Flap 2, Inverted: y, Scale = 0.5, AoA = 20.0, Reposition from previous T.E. = (0.02, 0.075), Reposition from (0,0) = (1.0145, 0.1795)*.*.
*.*.Setup: s1223rtl.txt as Flap 3, Inverted: y, Scale = 0.5, AoA = 38.333333333333336, Reposition from previous T.E. = (-0.08, 0.05), Reposition from (0,0) = (1.4044, 0.4005)*.*.
*.*.Setup: Scale Ratio = 0.3665*.*.