0.35122 0.03691
0.349160 0.03486
0.34615 0.03186
0.34263 0.02892
0.33837 0.02608
0.33320 0.023150
0.32695 0.02001
0.31957 0.01664
0.311170 0.01309
0.301960 0.00944
0.2922 0.00579
0.28212 0.00221
0.271870 -0.001260
0.26155 -0.00459
0.25121 -0.00773
0.24084 -0.01070
0.23042 -0.01348
0.21989 -0.0161
0.2092100 -0.01858
0.19832 -0.02094
0.1872 -0.02322
0.17586 -0.02546
0.16434 -0.02767
0.15275 -0.029860
0.14126 -0.03199
0.13001 -0.03402
0.1192 -0.03589
0.109 -0.03749
0.09953 -0.03876
0.09074 -0.03961
0.0825 -0.04004
0.0747 -0.04002
0.06725 -0.03958
0.06009 -0.0387
0.05321 -0.03741
0.0466 -0.03571
0.040280 -0.03364
0.0343 -0.03123
0.02873 -0.02857
0.02368 -0.02578
0.01924 -0.022980
0.01544 -0.02029
0.01226 -0.01777
0.00963 -0.01542
0.00747 -0.01324
0.005690 -0.01122
0.00423 -0.009330
0.00304 -0.00758
0.00207 -0.00593
0.0013 -0.004380
0.00071 -0.00292
0.00028 -0.00153
0.000055 -0.00021
-6e-05 0.00106
0.00012 0.00233
0.00073 0.00348
0.00177 0.00437
0.003090 0.00502
0.00464 0.005510
0.00642 0.00591
0.00848 0.00626
0.01088 0.00659
0.01376 0.0069
0.01726 0.0072
0.02164 0.007480
0.0272 0.00773
0.03421 0.00795
0.04262 0.008080
0.05208 0.00803
0.06225 0.00776
0.07306 0.00727
0.08442 0.00665
0.09614 0.00596
0.10802 0.00524
0.11988 0.00454
0.131590 0.00388
0.14313 0.00329
0.154470 0.00281
0.16563 0.00246
0.17661 0.00226
0.187430 0.00224
0.19811 0.00239
0.20867 0.00275
0.21911 0.00332
0.22946 0.00411
0.23973 0.00513
0.24992 0.00638
0.26004 0.00786
0.27009 0.00958
0.28004 0.01153
0.28986 0.01370
0.29946 0.01607
0.3087 0.01862
0.31736 0.02126
0.32521 0.02393
0.332090 0.02657
0.33796 0.02915
0.3429 0.03165
0.34702 0.034060
0.35122 0.03691
-Inserting Flap s1223rtl-
0.50414 0.16052
0.50361 0.15916
0.50285 0.15718
0.50184 0.15512
0.50048 0.15296
0.49871 0.15057
0.49649 0.14786
0.49381 0.14482
0.49069 0.14149
0.48723 0.13795
0.48351 0.1343
0.47963 0.13061
0.47566 0.12694
0.47162 0.12333
0.46754 0.119790
0.4634 0.11632
0.45921 0.11293
0.45493 0.10959
0.45056 0.10629
0.44607 0.103
0.44145 0.09969
0.43672 0.09636
0.43191 0.09301
0.42706 0.08966
0.42225 0.08634
0.41752 0.08313
0.41296 0.08008
0.40863 0.07727
0.40456 0.07477
0.40072 0.07259
0.397050 0.07072
0.39348 0.069140
0.389980 0.06783
0.38654 0.06677
0.38313 0.06596
0.37977 0.06539
0.37646 0.06506
0.37324 0.06494
0.37015 0.065020
0.36728 0.06527
0.36468 0.06565
0.3624 0.0661
0.36043 0.06661
0.35875 0.06714
0.35732 0.0677
0.3561 0.06826
0.355050 0.06883
0.35415 0.06939
0.35337 0.069940
0.3527 0.07049
0.35214 0.07104
0.35166 0.07159
0.35127 0.07214
0.35097 0.0727
0.3508 0.07332
0.35084 0.07397
0.35114 0.07459
0.35161 0.07515
0.35222 0.07569
0.35295 0.07623
0.353820 0.07681
0.35485 0.07745
0.3561 0.07818
0.35764 0.07903
0.35958 0.08005
0.36207 0.08129
0.36523 0.08282
0.36905 0.084590
0.37337 0.08649
0.37808 0.08843
0.38311 0.09041
0.38843 0.09244
0.39392 0.0945
0.39949 0.09659
0.40505 0.098680
0.41054 0.10076
0.41593 0.102840
0.42121 0.10493
0.42637 0.10704
0.43143 0.109180
0.43638 0.11137
0.44122 0.113610
0.44597 0.11592
0.450630 0.11831
0.455190 0.12077
0.45968 0.123320
0.46408 0.12597
0.4684 0.1287
0.47264 0.13153
0.47679 0.13445
0.48083 0.13744
0.48474 0.14047
0.48844 0.14351
0.49186 0.14648
0.4949 0.1493
0.4975 0.1519
0.49966 0.15427
0.50141 0.15642
0.5028 0.15836
0.50414 0.16052
-Inserting Flap s1223rtl-
0.64311 0.29556
0.642870 0.29413
0.64252 0.29203
0.64195 0.28981
0.641050 0.28742
0.6398 0.28472
0.63818 0.28162
0.63617 0.2781
0.63379 0.27421
0.63111 0.27004
0.62821 0.26572
0.62516 0.26132
0.62201 0.25692
0.61878 0.252560
0.61550 0.24827
0.612150 0.24404
0.60873 0.23987
0.60522 0.23574
0.6016 0.23162
0.59787 0.22749
0.59402 0.22332
0.590060 0.2191
0.58602 0.21485
0.58196 0.21058
0.57791 0.20636
0.57393 0.202260
0.57008 0.19835
0.56641 0.19472
0.56293 0.19145
0.55961 0.18854
0.55639 0.18597
0.55321 0.1837
0.55006 0.1817
0.54689 0.17997
0.543720 0.17849
0.54054 0.17725
0.53737 0.17625
0.534240 0.17549
0.5312 0.17495
0.52834 0.17461
0.525710 0.17445
0.52339 0.17444
0.5213600 0.17453
0.519610 0.17472
0.5181 0.17497
0.516780 0.17528
0.51564 0.17562
0.51464 0.17598
0.51377 0.17637
0.51301 0.17677
0.51234 0.1772
0.51176 0.17764
0.51127 0.1781
0.51087 0.17859
0.51057 0.17916
0.51048 0.17980
0.51064 0.18047
0.511 0.18112
0.51148 0.18177
0.51209 0.18245
0.51282 0.18319
0.5137 0.18403
0.51478 0.18499
0.516120 0.18613
0.51781 0.18752
0.52 0.18925
0.52278 0.191380
0.52616 0.19388
0.53001 0.19662
0.53423 0.19948
0.53876 0.20243
0.54355 0.20549
0.54852 0.208630
0.55355 0.2118
0.55857 0.21497
0.56353 0.218110
0.56838 0.22124
0.57313 0.22435
0.57776 0.22746
0.58228 0.23058
0.58669 0.23373
0.59098 0.2369
0.59516 0.24013
0.59924 0.24340
0.60321 0.246740
0.60709 0.25015
0.61086 0.25363
0.61454 0.25718
0.61812 0.26081
0.6216 0.2645
0.62495 0.26825
0.62816 0.27201
0.63117 0.27573
0.63392 0.27933
0.63633 0.28271
0.638350 0.28578
0.63999 0.28854
0.64126 0.291
0.642240 0.29318
0.64311 0.29556
*.*.Setup: s1223rtl.txt as Flap 1, Inverted: y, Scale = 1.0, AoA = 6.0, Reposition from (0,0) = (0, 0)*.*.
*.*.Setup: s1223rtl.txt as Flap 2, Inverted: y, Scale = 0.5, AoA = 30.0, Reposition from previous T.E. = (0.0, 0.1), Reposition from (0,0) = (0.9945, 0.2045)*.*.
*.*.Setup: s1223rtl.txt as Flap 3, Inverted: y, Scale = 0.5, AoA = 41.666666666666664, Reposition from previous T.E. = (0.02, 0.05), Reposition from (0,0) = (1.4475, 0.5045)*.*.
*.*.Setup: Scale Ratio = 0.35315*.*.