0.37826 -0.005370
0.37748 -0.0062
0.37594 -0.00781
0.373650 -0.010190
0.37074 -0.01316
0.36737 -0.01651
0.36368 -0.02003
0.35982 -0.02351
0.35594 -0.02677
0.35205 -0.02981
0.348150 -0.03266
0.34424 -0.03535
0.34033 -0.03791
0.33642 -0.04038
0.3325 -0.04276
0.32858 -0.04505
0.32466 -0.04726
0.32074 -0.04940
0.316810 -0.05146
0.312880 -0.05346
0.30895 -0.0554
0.30501 -0.05727
0.30108 -0.05908
0.29714 -0.06084
0.2932 -0.06254
0.28926 -0.06417
0.28531 -0.06575
0.28137 -0.06725
0.27742 -0.06869
0.27347 -0.070070
0.26951 -0.0714
0.265560 -0.07268
0.2616 -0.07393
0.25765 -0.07516
0.25369 -0.07635
0.24973 -0.07751
0.24577 -0.07863
0.241810 -0.0797
0.23784 -0.08071
0.23388 -0.08168
0.22991 -0.08259
0.22594 -0.083460
0.22197 -0.08428
0.218 -0.0850500
0.21403 -0.08578
0.21005 -0.08647
0.20607 -0.08713
0.2021 -0.08774
0.19812 -0.08832
0.19414 -0.08886
0.19015 -0.08935
0.18617 -0.08981
0.18219 -0.09021
0.1782 -0.09057
0.17421 -0.09088
0.17022 -0.09115
0.16623 -0.09136
0.16224 -0.09153
0.15824 -0.09165
0.15424 -0.09172
0.15024 -0.09174
0.14624 -0.09171
0.14224 -0.09163
0.13824 -0.09149
0.13423 -0.09130
0.13022 -0.09107
0.12622 -0.0908
0.12221 -0.09049
0.11819 -0.090140
0.11418 -0.08974
0.110170 -0.08929
0.10615 -0.08876
0.10213 -0.08816
0.0981 -0.08746
0.094080 -0.08668
0.09005 -0.0858
0.08601 -0.08483
0.08198 -0.08377
0.07794 -0.08261
0.0739 -0.08135
0.06985 -0.079970
0.0658 -0.07846
0.06174 -0.07678
0.05767 -0.07495
0.05361 -0.07295
0.04953 -0.07079
0.04545 -0.06847
0.04136 -0.06601
0.03727 -0.06338
0.03317 -0.06053
0.02907 -0.05737
0.02494 -0.05383
0.0208 -0.04983
0.01667 -0.045320
0.01269 -0.04045
0.00902 -0.03538
0.005830 -0.03028
0.00328 -0.02534
0.00152 -0.02071
0.00045 -0.012840
0.00114 -0.00982
0.00266 -0.00756
0.00499 -0.00611
0.00797 -0.00537
0.01146 -0.00522
0.01528 -0.0055
0.01928 -0.00609
0.0233 -0.00685
0.027330 -0.00776
0.03137 -0.00881
0.03541 -0.01
0.03945 -0.01131
0.0435 -0.01273
0.04756 -0.01426
0.05161 -0.01588
0.055670 -0.01757
0.05973 -0.019320
0.06379 -0.02111
0.067860 -0.02293
0.07192 -0.02477
0.07598 -0.026620
0.08005 -0.02847
0.084110 -0.0303
0.08817 -0.03211
0.09223 -0.0339
0.0963 -0.03566
0.10036 -0.03739
0.10441 -0.03908
0.10847 -0.04073
0.11253 -0.04235
0.11658 -0.04392
0.12063 -0.04545
0.12468 -0.04693
0.12873 -0.04837
0.13278 -0.04977
0.13683 -0.05111
0.14087 -0.05241
0.14492 -0.05365
0.14896 -0.05485
0.153 -0.055990
0.157030 -0.05708
0.16107 -0.05812
0.1651 -0.05909
0.16913 -0.06002
0.1731600 -0.060880
0.17719 -0.061680
0.18122 -0.06242
0.18524 -0.06309
0.18926 -0.06371
0.19328 -0.06427
0.19729 -0.06478
0.20131 -0.06524
0.205320 -0.06566
0.20934 -0.06603
0.21335 -0.06634
0.217350 -0.066590
0.22136 -0.06677
0.22536 -0.06688
0.22936 -0.06691
0.23336 -0.06687
0.23736 -0.06675
0.24135 -0.066560
0.24534 -0.0663
0.249330 -0.06597
0.25331 -0.06556
0.25729 -0.06508
0.2612700 -0.06451
0.26525 -0.06387
0.26923 -0.063140
0.2732 -0.06233
0.27716 -0.06144
0.28113 -0.06045
0.28509 -0.05937
0.289050 -0.05821
0.293 -0.05694
0.29696 -0.05557
0.3009 -0.0541
0.30485 -0.05252
0.30879 -0.05084
0.31273 -0.04906
0.31666 -0.047190
0.32059 -0.045230
0.32452 -0.04319
0.32844 -0.04107
0.33237 -0.03888
0.33629 -0.03661
0.3402 -0.034260
0.34412 -0.03183
0.34803 -0.02931
0.35194 -0.02668
0.35584 -0.023910
0.35974 -0.02098
0.3636 -0.01791
0.36731 -0.01484
0.3707 -0.01194
0.37362 -0.00938
0.37592 -0.00734
0.37748 -0.00596
0.37826 -0.005370
-Inserting Flap Ga2-
0.51881 0.08308
0.51867 0.08264
0.51838 0.0818
0.51795 0.08055
0.5174 0.07898
0.51674 0.0772
0.516 0.0753
0.51519 0.07339
0.51434 0.07155
0.51344 0.06979
0.512510 0.068090
0.51154 0.06646
0.51056 0.06487
0.50956 0.06331
0.50854 0.06179
0.50751 0.06029
0.506460 0.0588300
0.50540 0.05739
0.50432 0.05598
0.503240 0.05459
0.50214 0.05322
0.50103 0.05188
0.49991 0.05056
0.49878 0.04926
0.49764 0.04797
0.49648 0.04671
0.49532 0.04548
0.49414 0.044260
0.49296 0.04307
0.49176 0.04191
0.49055 0.04076
0.48933 0.03962
0.48811 0.0385
0.48688 0.03739
0.48565 0.03629
0.48441 0.0352
0.483160 0.03412
0.48191 0.03306
0.48064 0.03203
0.47937 0.03101
0.47808 0.03
0.47679 0.02902
0.47549 0.02805
0.47418 0.0271
0.47286 0.026160
0.47154 0.02524
0.47021 0.02433
0.46887 0.02344
0.46753 0.02255
0.46617 0.02169
0.46481 0.02083
0.46345 0.01999
0.46207 0.01917
0.46069 0.01837
0.45929 0.01758
0.45789 0.01681
0.45648 0.01606
0.45506 0.01532
0.45363 0.0146
0.4522 0.0139
0.45075 0.01322
0.44929 0.01255
0.44783 0.01191
0.44635 0.01128
0.44487 0.01067
0.44338 0.01008
0.44188 0.0095
0.44037 0.00894
0.43886 0.00838
0.43734 0.00785
0.43581 0.00733
0.43426 0.00684
0.4327 0.00638
0.43112 0.00596
0.42953 0.00556
0.42792 0.0052
0.4263 0.00487
0.42465 0.00457
0.42299 0.00431
0.42132 0.00408
0.419610 0.0039
0.41789 0.00376
0.41614 0.003680
0.41435 0.00366
0.41254 0.0037
0.4107 0.00379
0.40883 0.00394
0.40693 0.00414
0.405 0.0044
0.40303 0.00474
0.40101 0.00519
0.39892 0.0057800
0.39674 0.006530
0.39448 0.00747
0.39221 0.00856
0.39002 0.00978
0.38801 0.01109
0.386250 0.012450
0.38483 0.01383
0.38311 0.0165
0.38285 0.01771
0.38302 0.01879
0.38361 0.01971
0.38457 0.02048
0.38581 0.02112
0.38724 0.02167
0.388790 0.02213
0.39038 0.02254
0.39199 0.02289
0.39364 0.02319
0.3953 0.02344
0.39699 0.02365
0.3987 0.02382
0.40043 0.02395
0.40217 0.02405
0.40393 0.02412
0.40569 0.02417
0.40747 0.02421
0.40925 0.02424
0.41103 0.02426
0.41282 0.02427
0.41461 0.024290
0.416390 0.02431
0.41817 0.024340
0.41994 0.02438
0.42171 0.024430
0.42347 0.02449
0.42523 0.02456
0.426980 0.024650
0.42873 0.02475
0.43046 0.024870
0.432190 0.025
0.43391 0.02514
0.43562 0.02531
0.43732 0.02548
0.43902 0.02568
0.4407 0.0259
0.44238 0.02613
0.44405 0.02638
0.4457 0.026650
0.44735 0.02693
0.44899 0.02724
0.45062 0.02757
0.45223 0.02791
0.45384 0.02828
0.45544 0.02867
0.45702 0.029090
0.45859 0.02952
0.46015 0.02998
0.46171 0.03045
0.46325 0.03095
0.46478 0.03146
0.46631 0.03199
0.46783 0.03253
0.46933 0.03309
0.47083 0.03368
0.47231 0.03429
0.47378 0.03493
0.47523 0.0356
0.47668 0.03629
0.4781 0.03701
0.47952 0.037750
0.48092 0.03852
0.48231 0.03931
0.48369 0.040130
0.48505 0.04098
0.4864 0.04186
0.48773 0.04277
0.48905 0.0437
0.49035 0.04467
0.49164 0.04566
0.49291 0.046690
0.49416 0.04775
0.4954 0.04884
0.49662 0.04997
0.49782 0.05113
0.499 0.052330
0.50017 0.053570
0.50131 0.05485
0.50244 0.05616
0.503550 0.0575
0.50464 0.05888
0.50572 0.06028
0.50679 0.06171
0.50784 0.06317
0.50887 0.06466
0.5099 0.066170
0.51091 0.06771
0.5119 0.06929
0.51287 0.0709
0.51382 0.07257
0.51473 0.07429
0.51562 0.07605
0.51644 0.07779
0.51718 0.079420
0.51781 0.08084
0.5183 0.08197
0.51862 0.08273
0.51881 0.08308
-Inserting Flap Ga2-
0.608260 0.20736
0.60826 0.20691
0.60825 0.20602
0.60823 0.20470
0.60818 0.203030
0.60811 0.20113
0.60799 0.19910
0.60781 0.19703
0.60757 0.19502
0.60726 0.19306
0.60689 0.19117
0.606490 0.18931
0.60604 0.1875
0.60557 0.18571
0.60507 0.18394
0.604550 0.18221
0.60401 0.18049
0.60344 0.17879
0.60286 0.17712
0.60225 0.17546
0.60163 0.17382
0.60099 0.1722
0.60033 0.1706
0.59966 0.16901
0.598970 0.16744
0.598260 0.16588
0.59754 0.16435
0.59679 0.16283
0.59603 0.16133
0.59525 0.15985
0.59446 0.15838
0.59365 0.15693
0.59284 0.15548
0.59201 0.15405
0.59118 0.15262
0.59034 0.1512
0.58949 0.14979
0.588620 0.1484
0.58774 0.14702
0.586840 0.14565
0.58593 0.14431
0.585 0.14297
0.58406 0.14165
0.58311 0.14034
0.58215 0.13904
0.58118 0.13775
0.58019 0.13648
0.57919 0.13521
0.57819 0.13396
0.57717 0.13271
0.57614 0.13148
0.5751 0.13026
0.574040 0.12906
0.57298 0.12786
0.57189 0.12668
0.5708 0.12552
0.56969 0.12437
0.56857 0.12323
0.56743 0.1221
0.56628 0.12099
0.56512 0.11989
0.56394 0.11881
0.56274 0.117750
0.56154 0.11669
0.560310 0.11565
0.559080 0.11463
0.55783 0.11362
0.55657 0.11261
0.55530 0.11162
0.55402 0.110640
0.55272 0.10968
0.55141 0.10874
0.55006 0.10782
0.5487 0.10692
0.54730 0.10605
0.54589 0.10521
0.54444 0.1044
0.542970 0.1036
0.54147 0.10284
0.539950 0.10211
0.53839 0.10141
0.53679 0.10074
0.53515 0.10013
0.53346 0.09955
0.53172 0.09903
0.52994 0.09855
0.52811 0.09811
0.52624 0.09772
0.52433 0.09737
0.52235 0.09709
0.52029 0.09689
0.51812 0.0968
0.51582 0.09685
0.513380 0.09704
0.51088 0.097380
0.50843 0.09786
0.5061 0.09848
0.50401 0.09923
0.50223 0.1001
0.49977 0.10211
0.49915 0.10318
0.49898 0.10426
0.49926 0.10532
0.49994 0.10635
0.50091 0.10735
0.50211 0.10831
0.50344 0.10922
0.50482 0.1101
0.50625 0.11093
0.50772 0.1117300
0.50922 0.1124800
0.510760 0.1132
0.51234 0.11389
0.51394 0.11455
0.51557 0.11518
0.51722 0.11579
0.51888 0.11639
0.52056 0.11697
0.52224 0.11755
0.52394 0.11812
0.525630 0.11869
0.52732 0.11926
0.52901 0.11983
0.53069 0.12041
0.53237 0.12099
0.53404 0.121580
0.53569 0.12219
0.53734 0.1228
0.53898 0.12342
0.54061 0.12406
0.54222 0.12470
0.54383 0.12536
0.54542 0.12603
0.54699 0.12671
0.54856 0.127410
0.550110 0.12812
0.55165 0.12885
0.55317 0.12958
0.55468 0.13034
0.55617 0.1311
0.55765 0.13189
0.55911 0.13268
0.56056 0.1335
0.56199 0.13433
0.5634 0.13518
0.56480 0.136040
0.566180 0.13692
0.56754 0.13782
0.56888 0.13874
0.57021 0.13967
0.57153 0.14062
0.572830 0.14158
0.574120 0.14255
0.57539 0.143540
0.57665 0.14454
0.57789 0.14556
0.57911 0.1466
0.58031 0.14766
0.58149 0.148740
0.58265 0.149850
0.58378 0.15097
0.58490 0.15211
0.586 0.15328
0.587070 0.15446
0.58813 0.15567
0.58916 0.1569
0.59017 0.15815
0.59116 0.15942
0.59212 0.16072
0.59306 0.162040
0.593980 0.163380
0.59487 0.16475
0.59574 0.16615
0.596570 0.16757
0.59739 0.16902
0.598170 0.17050
0.59892 0.172010
0.59965 0.173540
0.60034 0.17511
0.60101 0.17671
0.60165 0.17833
0.60226 0.179970
0.60286 0.18164
0.60343 0.18333
0.60397 0.18504
0.6045 0.18678
0.60501 0.18853
0.60549 0.19031
0.60595 0.19211
0.60637 0.19395
0.60676 0.19582
0.6071 0.19774
0.60739 0.1997
0.60764 0.201610
0.60784 0.20338
0.608 0.20493
0.60811 0.20615
0.60819 0.20698
0.608260 0.20736
*.*.Setup: Ga2.txt as Flap 1, Inverted: y, Scale = 1.0, AoA = 2.0, Reposition from (0,0) = (0, 0)*.*.
*.*.Setup: Ga2.txt as Flap 2, Inverted: y, Scale = 0.4, AoA = 27.0, Reposition from previous T.E. = (0.0067, 0.07), Reposition from (0,0) = (1.0078, 0.0558)*.*.
*.*.Setup: Ga2.txt as Flap 3, Inverted: y, Scale = 0.4, AoA = 45.0, Reposition from previous T.E. = (-0.06, 0.06), Reposition from (0,0) = (1.3131, 0.2799)*.*.
*.*.Setup: Scale Ratio = 0.37784*.*.