0.37096 -0.03124
0.37015 -0.0320
0.36852 -0.03348
0.366110 -0.03565
0.36305 -0.03837
0.359510 -0.04143
0.35564 -0.04463
0.35163 -0.04778
0.34759 -0.050710
0.34356 -0.05343
0.33953 -0.05596
0.33551 -0.058330
0.3315 -0.060580
0.32749 -0.06273
0.32348 -0.0648
0.31948 -0.06678
0.31547 -0.06868
0.31147 -0.07051
0.30748 -0.07227
0.30348 -0.07396
0.29949 -0.07559
0.2955 -0.07716
0.29151 -0.07867
0.28752 -0.08012
0.28354 -0.08152
0.27956 -0.08285
0.27558 -0.08413
0.2716 -0.08534
0.26762 -0.08648
0.26365 -0.08756
0.25968 -0.08859
0.25571 -0.08958
0.25174 -0.09054
0.24777 -0.09147
0.2438 -0.09237
0.23984 -0.09324
0.23587 -0.09406
0.23191 -0.09484
0.22795 -0.09556
0.22399 -0.09624
0.22003 -0.09686
0.21608 -0.09744
0.21212 -0.09797
0.20817 -0.09846
0.20422 -0.09891
0.20027 -0.099310
0.196320 -0.09968
0.19237 -0.10001
0.18843 -0.1003
0.18448 -0.10056
0.18054 -0.10077
0.1766 -0.10094
0.17266 -0.10107
0.16872 -0.101150
0.16478 -0.10118
0.16085 -0.10117
0.15691 -0.1011
0.15298 -0.10099
0.14905 -0.10084
0.14512 -0.10063
0.1412 -0.10038
0.13727 -0.10007
0.13335 -0.09971
0.12943 -0.09931
0.12551 -0.09885
0.12159 -0.09834
0.11767 -0.0978
0.11376 -0.09722
0.10984 -0.096600
0.10593 -0.09594
0.10202 -0.09522
0.09811 -0.09443
0.09421 -0.09356
0.0903 -0.0926
0.08641 -0.09155
0.08251 -0.09041
0.07862 -0.089180
0.07473 -0.08786
0.07084 -0.08645
0.06696 -0.08494
0.06308 -0.08330
0.05921 -0.08154
0.05534 -0.07962
0.05147 -0.07754
0.047620 -0.07529
0.04376 -0.07289
0.03992 -0.07034
0.03608 -0.06764
0.03224 -0.06478
0.02841 -0.0617
0.02459 -0.058320
0.02079 -0.05456
0.017 -0.05034
0.01326 -0.04564
0.00968 -0.040580
0.00643 -0.03535
0.00364 -0.03013
0.00149 -0.0251
7e-05 -0.02043
-0.00044 -0.012640
0.00045 -0.00972
0.0021 -0.0076
0.00448 -0.00634
0.00746 -0.00582
0.01089 -0.00591
0.01463 -0.00645
0.01851 -0.0073
0.02241 -0.008320
0.0263 -0.00949
0.03019 -0.0108
0.03408 -0.01224
0.03796 -0.01381
0.04183 -0.01549
0.04571 -0.01727
0.04958 -0.01913
0.05345 -0.021070
0.05731 -0.02307
0.06118 -0.0251
0.06504 -0.02717
0.0689 -0.02926
0.07277 -0.03135
0.07663 -0.033440
0.08049 -0.03552
0.08435 -0.03758
0.08822 -0.03961
0.09208 -0.04162
0.09595 -0.04359
0.09982 -0.04553
0.10369 -0.04743
0.10756 -0.0493
0.11143 -0.05112
0.11531 -0.0529
0.11918 -0.05463
0.12306 -0.05633
0.12694 -0.05797
0.13081 -0.05957
0.1347 -0.06112
0.13858 -0.062620
0.14246 -0.06407
0.14635 -0.06547
0.15024 -0.06682
0.15413 -0.06811
0.15802 -0.06935
0.16192 -0.07053
0.16581 -0.07165
0.16971 -0.07271
0.173610 -0.07371
0.17752 -0.07465
0.18142 -0.07554
0.18533 -0.076360
0.18924 -0.07714
0.19315 -0.07787
0.19706 -0.07856
0.20097 -0.07919
0.20489 -0.07978
0.2088 -0.0803
0.21272 -0.08075
0.21665 -0.08113
0.22057 -0.08143
0.2245 -0.081660
0.22843 -0.08182
0.23236 -0.08191
0.2363 -0.081930
0.24024 -0.0818800
0.244180 -0.08175
0.24812 -0.081550
0.25206 -0.08127
0.25601 -0.08091
0.25996 -0.08047
0.26392 -0.07995
0.26787 -0.07934
0.27183 -0.07864
0.2758 -0.07786
0.27976 -0.07698
0.28373 -0.07601
0.28771 -0.07494
0.29168 -0.07377
0.29566 -0.07249
0.29965 -0.07111
0.3036300 -0.06963
0.30762 -0.06806
0.31162 -0.06641
0.31561 -0.06468
0.31961 -0.06287
0.32361 -0.06098
0.32762 -0.05902
0.331630 -0.05699
0.33563 -0.05487
0.33965 -0.05267
0.34366 -0.05035
0.34769 -0.0479
0.35171 -0.04529
0.35572 -0.04255
0.35957 -0.03978
0.36309 -0.03717
0.36614 -0.03486
0.36854 -0.03301
0.37016 -0.03176
0.37096 -0.03124
-Inserting Flap Ga2-
0.50928 0.05208
0.50914 0.05166
0.50886 0.05083
0.50844 0.0496
0.5079 0.04805
0.50725 0.0463
0.50652 0.04443
0.50572 0.04255
0.50488 0.04074
0.504 0.039
0.503080 0.03734
0.50213 0.03573
0.50116 0.03416
0.50018 0.03263
0.49918 0.03113
0.49816 0.02966
0.497130 0.02822
0.496080 0.02681
0.49503 0.02542
0.493960 0.024050
0.49288 0.02271
0.49178 0.021380
0.49068 0.02008
0.48957 0.0188
0.48845 0.017540
0.48731 0.0163
0.48617 0.01508
0.48501 0.01389
0.48384 0.01272
0.48266 0.01157
0.48147 0.010440
0.48027 0.00932
0.47907 0.00822
0.47786 0.00712
0.47665 0.00604
0.47543 0.00496
0.47420 0.00391
0.47297 0.00287
0.47172 0.00185
0.47047 0.00084
0.4692 -0.00014
0.46793 -0.00111
0.46665 -0.00207
0.46536 -0.003
0.46407 -0.00393
0.46276 -0.00483000
0.46145 -0.00573
0.46014 -0.00661
0.45881 -0.00748
0.45748 -0.00833
0.45615 -0.00917
0.4548 -0.009990
0.45345 -0.0108
0.45208 -0.01159
0.45071 -0.01237
0.44933 -0.01313
0.44794 -0.01387
0.44655 -0.01459
0.44514 -0.0153
0.44373 -0.01599
0.4423 -0.01666
0.44087 -0.01732
0.43943 -0.01795
0.43798 -0.01857
0.43652 -0.01917
0.43505 -0.01975
0.43358 -0.02032
0.43209 -0.02088
0.4306 -0.02142
0.42911 -0.02195
0.4276 -0.02245
0.42608 -0.02294
0.42454 -0.02339
0.42299 -0.02381
0.42142 -0.0242
0.41984 -0.02456
0.41824 -0.02488
0.41662 -0.02517
0.41499 -0.02543
0.41334 -0.02566
0.411660 -0.025840
0.40997 -0.02597
0.40824 -0.02605
0.40649 -0.02607
0.4047 -0.02603
0.40289 -0.02594
0.40105 -0.02579
0.39918 -0.02559
0.39728 -0.02534
0.39535 -0.025
0.39336 -0.02456
0.3913 -0.02398
0.38915 -0.02324
0.38693 -0.02232
0.3847 -0.02125
0.38255 -0.02005
0.38056 -0.01876
0.378830 -0.01742
0.37743 -0.01606
0.37574 -0.013430
0.37548 -0.01224
0.37565 -0.01118
0.37624 -0.01028
0.37718 -0.00952
0.3784 -0.008880
0.37981 -0.00835
0.381330 -0.00789
0.38289 -0.00749
0.38448 -0.00715
0.3861 -0.00685
0.38774 -0.0066
0.3894 -0.0064
0.39108 -0.00623
0.39278 -0.0061
0.3945 -0.00601
0.39623 -0.005930
0.39797 -0.005880
0.39971 -0.00585
0.40146 -0.00582
0.40322 -0.005800
0.40498 -0.00578
0.40674 -0.00577
0.4084900 -0.00574
0.41024 -0.00571
0.41199 -0.00568
0.41373 -0.00563
0.41546 -0.005570
0.41719 -0.0055
0.41892 -0.00541
0.42063 -0.00531
0.42234 -0.0052
0.42404 -0.00507
0.42573 -0.00493
0.42742 -0.00477
0.42909 -0.004590
0.43076 -0.00440
0.43242 -0.00419
0.43407 -0.00396
0.43571 -0.003710
0.43734 -0.00345
0.43896 -0.00317
0.44057 -0.00286
0.44217 -0.002540
0.44377 -0.00220
0.44535 -0.00184
0.44692 -0.00145
0.44848 -0.00105
0.45002 -0.00062
0.45156 -0.000170
0.45309 0.000300
0.4546 0.00078
0.45611 0.001290
0.45762 0.0018
0.45911 0.00234
0.46059 0.0029
0.46206 0.00347
0.46352 0.00408
0.46497 0.0047
0.4664 0.00536
0.46782 0.00604
0.46922 0.00675
0.47062 0.00748
0.472 0.00823
0.47337 0.00902
0.47472 0.00982
0.47606 0.01066
0.47739 0.01152
0.4787 0.01241
0.47999 0.013330
0.48128 0.01428
0.482540 0.01526
0.48379 0.01628
0.48503 0.01732
0.48625 0.01839
0.48745 0.0195
0.48863 0.02065
0.48979 0.02183
0.49094 0.02305
0.49206 0.02431
0.49317 0.0256
0.494260 0.02692
0.49534 0.02827
0.4964 0.02965
0.49745 0.031060
0.49848 0.03249
0.4995 0.03396
0.50051 0.03545
0.5015 0.036960
0.50248 0.03851
0.50344 0.0401
0.50437 0.04174
0.50527 0.04343
0.50614 0.04517
0.50695 0.04688
0.50768 0.04848
0.50829 0.04988
0.50878 0.05099
0.5091 0.05174
0.50928 0.05208
-Inserting Flap Ga2-
0.593630 0.2061
0.59379 0.20568
0.59408 0.20485
0.5945 0.20362
0.59502 0.20207
0.5956 0.20029
0.59617 0.19837
0.5967 0.1964
0.59715 0.19445
0.59752 0.19254
0.5978200 0.19066
0.59807 0.18881
0.59827 0.18698
0.59844 0.18517
0.59857 0.18337
0.59867 0.18159
0.59875 0.17982
0.5988 0.17806
0.59882 0.17631
0.59882 0.17458
0.59879 0.17285
0.59875 0.17114
0.59868 0.16943
0.59859 0.16774
0.59848 0.16605
0.59835 0.164380
0.5982 0.16271
0.59802 0.16106
0.59782 0.159420
0.5976 0.157780
0.59736 0.15616
0.5971 0.15454
0.59684 0.15293
0.59656 0.15133
0.59627 0.14973
0.59597 0.14813
0.59565 0.14654
0.59532 0.14496
0.59497 0.14339
0.5946 0.141830
0.59421 0.14027
0.5938 0.13872
0.59338 0.13719
0.592940 0.13565
0.59249 0.13413
0.59202 0.13261
0.59154 0.1311
0.59104 0.1296
0.59053 0.1281
0.59001 0.1266
0.58947 0.12512
0.58892 0.12364
0.58835 0.12217
0.587770 0.12071
0.58716 0.11925
0.58654 0.11781
0.5859 0.11637
0.58525 0.11494
0.58458 0.11351
0.58389 0.1121
0.58318 0.11069
0.58245 0.1093
0.58171 0.10791
0.58095 0.10653
0.58016 0.10516
0.57937 0.103790
0.57855 0.10244
0.57773 0.10108
0.57689 0.09974
0.57603 0.0984
0.57516 0.09708
0.57426 0.09576
0.57332 0.09446
0.57236 0.09317
0.57137 0.0919
0.57034 0.09064
0.56928 0.08940
0.56818 0.08818
0.56706 0.08697
0.56589 0.08577
0.56468 0.0846
0.56343 0.083450
0.562120 0.08232
0.56075 0.08123
0.55932 0.08016
0.55783 0.07911
0.55629 0.0781
0.5547 0.07711
0.55304 0.07614
0.55131 0.07521
0.54947 0.07433
0.54749 0.07352
0.54535 0.072790
0.54303 0.07214
0.540610 0.07162
0.53817 0.07124
0.53582 0.071030
0.53363 0.07102
0.53169 0.07123
0.52874 0.07226
0.5278 0.07304
0.52728 0.07398
0.52719 0.07505
0.52746 0.07623
0.52803 0.07748
0.52881 0.07877
0.52973 0.08007
0.53072 0.08134
0.53176 0.08259
0.53285 0.08382
0.53399 0.08503
0.53517 0.08621
0.536390 0.087380
0.537650 0.08852
0.53895 0.08966
0.54026000 0.09078
0.5416 0.09189
0.54296 0.093
0.54432 0.09409
0.54569 0.09519
0.5470700 0.09629
0.54844 0.09738
0.54981 0.09848
0.55117 0.09958
0.55253 0.10068
0.55387 0.10179
0.5552 0.10291
0.55652 0.10403
0.55782 0.10516
0.55911 0.10629
0.56039 0.10743
0.56165 0.108580
0.5629 0.10974
0.564130 0.1109
0.56534 0.11207
0.56653 0.11325
0.56771 0.11444
0.56887 0.11563
0.57001 0.11684
0.57113 0.118050
0.57224 0.11927
0.5733200 0.1205
0.57438 0.12174
0.57543 0.12299
0.57645 0.12425
0.57745 0.12552
0.578430 0.12680
0.57939 0.128090
0.58032 0.12939
0.58124 0.1307
0.58213 0.13201
0.58301 0.13334
0.58388 0.13467
0.58472 0.13601
0.58555 0.13736
0.586350 0.13873
0.58713 0.1401
0.58788 0.14148
0.58861 0.14288
0.58931 0.14429
0.58998 0.14571
0.590630 0.14715
0.59125 0.14859
0.59185 0.15005
0.59242 0.15152
0.59296 0.15301
0.59347 0.15450
0.59396 0.156010
0.59441 0.15753
0.59484 0.15907
0.59523 0.16062
0.59559 0.16219
0.59593 0.16377
0.59622 0.16537
0.59649 0.16698
0.59671 0.16861
0.59690 0.17026
0.59705 0.17193
0.59717 0.17361
0.59725 0.175310
0.59729 0.177020
0.59731 0.17875
0.5973 0.18049
0.597250 0.18225
0.59719 0.1840200
0.59709 0.18580
0.59697 0.18759
0.59681 0.1894
0.596630 0.19122
0.5964 0.19306
0.59613 0.19493
0.5958 0.19681
0.59541 0.198720
0.595 0.20057
0.59459 0.20228
0.59421 0.20376
0.59391 0.20493
0.5937 0.20572
0.593630 0.2061
*.*.Setup: Ga2.txt as Flap 1, Inverted: y, Scale = 1.0, AoA = -2.0, Reposition from (0,0) = (0, 0)*.*.
*.*.Setup: Ga2.txt as Flap 2, Inverted: y, Scale = 0.4, AoA = 27.0, Reposition from previous T.E. = (0.0067, 0.06), Reposition from (0,0) = (1.0043, -0.024)*.*.
*.*.Setup: Ga2.txt as Flap 3, Inverted: y, Scale = 0.4, AoA = 65.0, Reposition from previous T.E. = (0.04, 0.06), Reposition from (0,0) = (1.4097, 0.2001)*.*.
*.*.Setup: Scale Ratio = 0.37183*.*.