0.35051 0.05551
0.34854 0.053340
0.34569 0.05018
0.34231 0.04705
0.33819 0.04396
0.33315 0.04075
0.32704 0.03727
0.31982 0.0335
0.31157 0.02950
0.30252 0.02536
0.29292 0.02118
0.28299 0.01705
0.27289 0.01303
0.26271 0.00915
0.2525 0.00545
0.24225 0.00193
0.23193 -0.00141
0.22151 -0.00459
0.21092 -0.00764
0.20012 -0.01058
0.18908 -0.01346
0.17781 -0.0163
0.16637 -0.01912
0.15486 -0.02193
0.14343 -0.02467
0.13226 -0.02731
0.1215 -0.029740
0.11136 -0.03189
0.10192 -0.03366
0.09314 -0.03498
0.0849 -0.03584
0.07707 -0.03623
0.06956 -0.03618
0.06234 -0.035680
0.05536 -0.03474
0.04864 -0.03339
0.04219 -0.03164
0.03606 -0.02954
0.03034 -0.02716
0.02512 -0.02462
0.02051 -0.022040
0.016560 -0.01955
0.01323 -0.01718
0.010470 -0.01497
0.00819 -0.0129
0.00630 -0.010960
0.00474 -0.00914
0.00345 -0.00744
0.00239 -0.00584
0.00154 -0.0043300
0.00086 -0.00289
0.00036 -0.001520
0.000086 -0.00021
-0.00012 0.00106000
0.000005 0.00235
0.00055 0.003530
0.00154 0.00448
0.00284 0.0052
0.00437 0.00577
0.00613 0.006270
0.00818 0.00673
0.01058 0.00719
0.01344 0.00765
0.01694 0.00813
0.02132 0.00864
0.02689 0.00919
0.03391 0.00978
0.04235 0.01035
0.05184 0.0108
0.062060 0.01106
0.072940 0.01114
0.08437 0.01112
0.096160 0.01104
0.10812 0.01094
0.12006 0.01086
0.13185 0.01081
0.143450 0.01083
0.15487 0.01095
0.16608 0.011180
0.177110 0.01156
0.18797 0.0121
0.19868 0.01282
0.20925 0.01374
0.219700 0.01486
0.23005 0.01619
0.2403 0.01775
0.25046 0.01954
0.260540 0.02156
0.27053 0.02381
0.28042 0.02629
0.29016 0.02899
0.29966 0.03188
0.3088 0.03492
0.31735 0.03803
0.32509 0.04112
0.33185 0.04413
0.33761 0.04702
0.34243 0.04979
0.34645 0.05243
0.35051 0.05551
-Inserting Flap s1223rtl-
0.51132 0.15712
0.51068 0.15581
0.50974 0.15389
0.50855 0.15192
0.50699 0.14987
0.50501 0.14763
0.50255 0.14512
0.4996 0.14231
0.49619 0.13925
0.49241 0.13601
0.48837 0.132680
0.48417 0.12933
0.47987 0.126
0.47551 0.12274
0.47111 0.11955
0.46667 0.11645
0.46217 0.11342
0.4576 0.11045
0.45293 0.10753
0.44815 0.10462
0.44324 0.10172
0.438210 0.0988
0.4331 0.09587
0.42796 0.09293
0.42285 0.09004
0.41784 0.08723
0.413 0.084580
0.40842 0.08215
0.40413 0.08
0.4001 0.078150
0.396250 0.07661
0.39254 0.075340
0.38893 0.07433
0.38538 0.07357
0.3819 0.07306
0.37849 0.07279
0.37515 0.072740
0.37191 0.0729
0.36883 0.07326
0.36597 0.07376
0.3634 0.07436
0.36116 0.07502
0.35924 0.075700
0.3576 0.07638
0.35622 0.07706
0.35504 0.07773
0.35404 0.078390
0.35319 0.07903
0.35246 0.07965
0.35184 0.08026
0.35132 0.08086
0.35089 0.08145
0.35055 0.082030
0.3503 0.082630
0.35018 0.08326
0.35028 0.08391
0.35063 0.0845
0.35116 0.08502
0.35181 0.08551
0.35259 0.08599
0.353510 0.08649
0.3546 0.08704
0.35591 0.08766
0.35753 0.08837
0.35957 0.08922
0.36216 0.09025
0.36546 0.0915
0.36943 0.09294
0.37393 0.09447
0.37881 0.096
0.38403 0.097540
0.38952 0.0991
0.3952 0.100690
0.40097 0.10229
0.40671 0.1039
0.412390 0.1055
0.41796 0.10711
0.42343 0.10874
0.42879 0.11039
0.43404 0.1121
0.439180 0.11385
0.44423 0.11567
0.44919 0.11757
0.45406 0.119550
0.45884 0.12162
0.46355 0.12378
0.468190 0.12604
0.47276 0.1284
0.47725 0.130860
0.48166 0.13341
0.48597 0.13605
0.49014 0.13875
0.49411 0.14147
0.49779 0.14414
0.501090 0.1467
0.50392 0.149080
0.50629 0.151260
0.50823 0.15325
0.50979 0.15508
0.51132 0.15712
-Inserting Flap s1223rtl-
0.66377 0.27664
0.66336 0.27523
0.662770 0.27318
0.66194 0.27103
0.66076 0.26875
0.65920 0.2662
0.65722 0.2633
0.65480 0.2600200
0.65197 0.25641
0.64881 0.25257
0.64541 0.24859
0.64185 0.24455
0.6382 0.24053
0.63447 0.23656
0.63069 0.23266
0.62686 0.22883
0.62296 0.22506
0.61897 0.22135
0.61488 0.21766
0.6106700 0.21397
0.60634 0.21026
0.6019 0.20651
0.59737 0.20273
0.59282 0.19895
0.58828 0.19521
0.583840 0.19158
0.579540 0.18813
0.57545 0.18494
0.5716 0.18208
0.5679400 0.17956
0.56443 0.17737
0.56099 0.17547
0.55761 0.17385
0.55425 0.17249
0.55091 0.17139
0.54759 0.17052
0.54431 0.16989
0.5411 0.16949
0.538 0.16931
0.5351 0.1693
0.53247 0.16945
0.53014 0.16971
0.52813 0.17004
0.526410 0.17043
0.52492 0.17086
0.52365 0.17132
0.52255 0.171790
0.5216 0.17227
0.52077 0.17276
0.52006 0.17325
0.51944 0.17375
0.51891 0.174260
0.51848 0.17477
0.51813 0.17532
0.5179 0.17592
0.51789 0.176570
0.51813 0.17722
0.518560 0.17782
0.51912 0.17841
0.51980 0.17902
0.52062 0.17968
0.5216 0.18041
0.522780 0.18125
0.52425 0.18223
0.526110 0.18342
0.52849 0.18489
0.53151 0.18669
0.53518 0.18879
0.53935 0.19108
0.54388 0.19344
0.54875 0.19586
0.55389 0.19835
0.55921 0.2009
0.56461 0.20348
0.56999 0.20606
0.5753 0.208620
0.58051 0.21117
0.58561 0.21373
0.5906 0.21629
0.59548 0.21888
0.60024 0.2215
0.60489 0.22417
0.60944 0.2269
0.6139 0.2297
0.618250 0.23256
0.62251 0.23551
0.626690 0.23854
0.63078 0.24166
0.63477 0.24486
0.638670 0.24814
0.64246 0.25149
0.6461 0.25487
0.64954 0.25824
0.6527 0.26151
0.6555 0.2646
0.65788 0.26743
0.65983 0.26999
0.66139 0.27229
0.66262 0.27436
0.66377 0.27664
*.*.Setup: s1223rtl.txt as Flap 1, Inverted: y, Scale = 1.0, AoA = 9.0, Reposition from (0,0) = (0, 0)*.*.
*.*.Setup: s1223rtl.txt as Flap 2, Inverted: y, Scale = 0.5, AoA = 25.0, Reposition from previous T.E. = (0.0, 0.075), Reposition from (0,0) = (0.9877, 0.2314)*.*.
*.*.Setup: s1223rtl.txt as Flap 3, Inverted: y, Scale = 0.5, AoA = 35.0, Reposition from previous T.E. = (0.02, 0.05), Reposition from (0,0) = (1.4608, 0.4927)*.*.
*.*.Setup: Scale Ratio = 0.35488*.*.