0.35326 0.03713
0.351190 0.03506
0.34816 0.03205
0.34462 0.02909
0.34034 0.02623
0.335130 0.023280
0.32885 0.02012
0.32143 0.01673
0.312980 0.01316
0.303720 0.0095
0.2939 0.00583
0.28376 0.00222
0.273450 -0.001270
0.26307 -0.00461
0.25267 -0.00778
0.24224 -0.010760
0.23176 -0.01356
0.22117 -0.0162
0.2104200 -0.01869
0.19948 -0.02106
0.18829 -0.02336
0.17688 -0.02561
0.16529 -0.02783
0.15364 -0.030030
0.14208 -0.03218
0.13077 -0.03422
0.11989 -0.03609
0.10964 -0.03771
0.10011 -0.03898
0.09127 -0.03984
0.08298 -0.04027
0.07513 -0.04026
0.06764 -0.03981
0.06044 -0.03893
0.05352 -0.03763
0.04687 -0.03592
0.040510 -0.03383
0.0345 -0.03141
0.0289 -0.02874
0.02382 -0.02593
0.01935 -0.023110
0.01553 -0.02041
0.01233 -0.01787
0.00968 -0.01551
0.00751 -0.01332
0.005720 -0.01128
0.00426 -0.009390
0.00306 -0.00762
0.00208 -0.00597
0.00131 -0.004410
0.00071 -0.00294
0.00028 -0.00154
0.000055 -0.00021
-6e-05 0.00107
0.00013 0.00235
0.00074 0.0035
0.00178 0.0044
0.003110 0.00504
0.00467 0.005540
0.00646 0.00594
0.00853 0.0063
0.01095 0.00663
0.01384 0.00694
0.01736 0.00724
0.02177 0.007520
0.02736 0.00778
0.0344 0.008
0.04287 0.008120
0.05238 0.00808
0.06262 0.0078
0.07349 0.00732
0.08491 0.00669
0.0967 0.006
0.10865 0.00527
0.12057 0.00456
0.132360 0.0039
0.14396 0.00331
0.155370 0.00283
0.16659 0.00248
0.17764 0.00228
0.188520 0.00225
0.19926 0.00241
0.20988 0.00277
0.22039 0.00334
0.23079 0.00414
0.24112 0.00516
0.25137 0.00641
0.26155 0.0079
0.27166 0.00963
0.28167 0.01159
0.29155 0.013780
0.3012 0.01617
0.31049 0.01872
0.3192 0.02138
0.3271 0.02407
0.334020 0.02673
0.33992 0.02931
0.34489 0.03183
0.34904 0.034260
0.35326 0.03713
-Inserting Flap s1223rtl-
0.50585 0.15676
0.50544 0.15535
0.504850 0.1533
0.50402 0.15115
0.50284 0.148860
0.501280 0.1463100
0.49929 0.1434
0.496870 0.14012
0.49404 0.13651
0.49088 0.13267
0.48748 0.12868
0.48392 0.12464
0.48025 0.12062
0.47653 0.116640
0.47275 0.11274
0.46891 0.1089
0.46500 0.10514
0.46101 0.10142
0.45691 0.09773
0.4527 0.09403
0.44837 0.09032
0.44392 0.08657
0.4394 0.08279
0.434830 0.079
0.4303 0.07526
0.425850 0.07162
0.421540 0.06817
0.41745 0.06497
0.41359 0.06211
0.409940 0.05959
0.40642 0.0574
0.40298 0.0555
0.39959 0.05388
0.39623 0.05252
0.39289 0.051410
0.38957 0.05054
0.38628 0.04991
0.38307 0.04951
0.37997 0.04933
0.37707 0.04933
0.37443 0.04947
0.3721 0.04973
0.37009 0.05006
0.368360 0.05045
0.36688 0.05088
0.3656 0.05134
0.3645 0.05182
0.36355 0.0523
0.36272 0.05279
0.3620 0.05328
0.36139 0.05378
0.36086 0.05428
0.36043 0.0548
0.36008 0.05534
0.35985 0.05595
0.35984 0.0566
0.36008 0.05724
0.36050 0.05785
0.36106 0.05844
0.361750 0.05905
0.36257 0.05971
0.36355 0.06044
0.364730 0.06128
0.3662 0.06226
0.368060 0.06345
0.37044 0.06492
0.37347 0.06673
0.37714 0.06883
0.38131 0.07112
0.38586 0.07348
0.39073 0.0759
0.39587 0.0784
0.4012 0.08095
0.4066 0.08353
0.41199 0.08611
0.4173 0.08868
0.42252 0.09123
0.42762 0.09379
0.43262 0.09636
0.4375 0.09895
0.44226 0.101570
0.44692 0.10424
0.45148 0.10698
0.45593 0.109770
0.460290 0.11264
0.46456 0.11559
0.468740 0.11863
0.47283 0.12175
0.47683 0.12495
0.48073 0.12824
0.48452 0.13159
0.48816 0.13497
0.49161 0.13834
0.49477 0.14162
0.49757 0.14471
0.49996 0.14754
0.50191 0.15011
0.50347 0.15241
0.5047 0.1544800
0.50585 0.15676
-Inserting Flap s1223rtl-
0.65227 0.29533
0.65194 0.2939
0.65147 0.29182
0.65077 0.28963
0.64972 0.28727
0.648310 0.284630
0.6465 0.281620
0.64427 0.2782
0.641660 0.27443
0.638720 0.27041
0.63556 0.26623
0.63224 0.262
0.628820 0.25776
0.62533 0.25358
0.62178 0.24946
0.61817 0.24541
0.61449 0.24142
0.61072 0.23748
0.60685 0.23355
0.60286 0.22962
0.59875 0.22566
0.59453 0.22166
0.59023 0.21762
0.58589 0.21358
0.58158 0.20958
0.57735 0.20569
0.57326 0.20199
0.56936 0.19856
0.56567 0.195480
0.562170 0.192750
0.55878 0.19035
0.55546 0.18826
0.55217 0.18645
0.5489 0.18489
0.545630 0.18359
0.54236 0.182530
0.53912 0.18172
0.53593 0.18113
0.53285 0.18076
0.52995 0.18059
0.52731 0.18059
0.52497 0.18071
0.52294 0.18092
0.52119 0.18121
0.51969 0.18156
0.51839 0.18194
0.51726 0.18235
0.516280 0.18277
0.51543 0.183210
0.51468 0.18366
0.51404 0.18412
0.51348 0.1846
0.51302 0.18509
0.51264 0.18561
0.512380 0.1862
0.51233 0.18685
0.5125300 0.18751
0.51292 0.188140
0.51345 0.18876
0.51409 0.18941
0.51487 0.19012
0.51581 0.1909
0.51694 0.191810
0.5183500 0.19288
0.52014 0.19417
0.52243 0.19578
0.52535 0.19775
0.52889 0.20007
0.53292 0.2026
0.53732 0.20522
0.54204 0.20792
0.54704 0.21071
0.5522 0.21357
0.55744 0.21646
0.562670 0.219350
0.56783 0.22222
0.57289 0.22507
0.57784 0.22792
0.58267 0.23077
0.58739 0.23364
0.5920 0.23654
0.59649 0.23948
0.600880 0.242470
0.60517 0.24552
0.60935 0.24864
0.61344 0.25183
0.61744 0.25511
0.62134 0.25846
0.62515 0.26189
0.62885 0.2654
0.63244 0.26896
0.63588 0.272550
0.63912 0.27612
0.64209 0.27957
0.64471 0.28282
0.64692 0.28579
0.64872 0.28846
0.65015 0.29085
0.651250 0.29299
0.65227 0.29533
*.*.Setup: s1223rtl.txt as Flap 1, Inverted: y, Scale = 1.0, AoA = 6.0, Reposition from (0,0) = (0, 0)*.*.
*.*.Setup: s1223rtl.txt as Flap 2, Inverted: y, Scale = 0.5, AoA = 35.0, Reposition from previous T.E. = (0.02, 0.05), Reposition from (0,0) = (1.0145, 0.1545)*.*.
*.*.Setup: s1223rtl.txt as Flap 3, Inverted: y, Scale = 0.5, AoA = 38.333333333333336, Reposition from previous T.E. = (0.02, 0.08), Reposition from (0,0) = (1.4441, 0.5213)*.*.
*.*.Setup: Scale Ratio = 0.35521*.*.