0.36179 -0.005140
0.36105 -0.00593
0.35958 -0.00747
0.357390 -0.009750
0.3546 -0.01259
0.35138 -0.01579
0.34785 -0.01916
0.34416 -0.02248
0.34045 -0.0256
0.33672 -0.02851
0.332990 -0.03124
0.32926 -0.03381
0.32552 -0.03626
0.32178 -0.03862
0.31803 -0.0409
0.31428 -0.04309
0.31053 -0.0452
0.30678 -0.047250
0.303020 -0.04922
0.299260 -0.05114
0.2955 -0.05299
0.29174 -0.05478
0.28797 -0.05651
0.28421 -0.05819
0.28044 -0.05981
0.27667 -0.06138
0.27289 -0.06288
0.26912 -0.06432
0.26534 -0.0657
0.26156 -0.067020
0.25778 -0.06829
0.2540 -0.06952
0.25022 -0.07072
0.24643 -0.07189
0.24265 -0.07303
0.23886 -0.07414
0.23507 -0.07521
0.231280 -0.07623
0.22749 -0.0772
0.2237 -0.07812
0.2199 -0.079
0.21611 -0.079820
0.21231 -0.08061
0.20851 -0.0813500
0.20471 -0.08205
0.20091 -0.08271
0.1971 -0.08333
0.1933 -0.08392
0.18949 -0.08447
0.18569 -0.08499
0.18188 -0.08546
0.17807 -0.0859
0.17426 -0.08629
0.17044 -0.08663
0.16663 -0.08693
0.16281 -0.08718
0.15899 -0.08739
0.15517 -0.08755
0.15135 -0.08766
0.14753 -0.08773
0.14371 -0.08775
0.13988 -0.08772
0.13605 -0.08764
0.13222 -0.08751
0.12839 -0.087330
0.12456 -0.08711
0.12072 -0.08685
0.11689 -0.08655
0.11305 -0.086210
0.10921 -0.08584
0.105370 -0.0854
0.10153 -0.0849
0.09768 -0.08432
0.09383 -0.08366
0.089980 -0.0829
0.08613 -0.08206
0.08227 -0.08113
0.07841 -0.08012
0.07455 -0.07902
0.07068 -0.07781
0.06681 -0.076490
0.06293 -0.07504
0.05905 -0.07344
0.05516 -0.07169
0.05127 -0.06977
0.04737 -0.06771
0.04347 -0.06549
0.03956 -0.06313
0.03565 -0.06062
0.03173 -0.05789
0.0278 -0.05488
0.02386 -0.05149
0.0199 -0.04766
0.01595 -0.043350
0.01214 -0.03869
0.00863 -0.03384
0.005580 -0.02896
0.00314 -0.02423
0.00146 -0.0198
0.00043 -0.012280
0.00109 -0.0094
0.00255 -0.00723
0.00477 -0.00584
0.00763 -0.00514
0.01096 -0.00499
0.01462 -0.00526
0.01844 -0.00582
0.02229 -0.00655
0.026140 -0.00742
0.03 -0.00843
0.03387 -0.00956
0.03774 -0.01082
0.04161 -0.01218
0.04549 -0.01364
0.04937 -0.01519
0.053250 -0.01681
0.05713 -0.018480
0.06102 -0.02019
0.06490 -0.02193
0.06879 -0.02369
0.07268 -0.025460
0.07656 -0.02723
0.080450 -0.02898
0.08433 -0.03071
0.08822 -0.03242
0.0921 -0.03411
0.09599 -0.03576
0.09987 -0.03738
0.10375 -0.03896
0.10763 -0.0405
0.11151 -0.04201
0.11538 -0.04347
0.11926 -0.04489
0.12313 -0.04627
0.127 -0.0476
0.13087 -0.04889
0.13474 -0.05013
0.13861 -0.05132
0.14247 -0.05246
0.14634 -0.053550
0.15020 -0.0546
0.15406 -0.05559
0.15792 -0.05652
0.16177 -0.0574
0.1656300 -0.058230
0.16948 -0.058990
0.17333 -0.0597
0.17718 -0.06035
0.18102 -0.06094
0.18486 -0.06147
0.18871 -0.06196
0.19255 -0.0624
0.196390 -0.0628
0.20022 -0.06316
0.20406 -0.06346
0.207890 -0.06370
0.21173 -0.06387
0.21555 -0.06397
0.21938 -0.064
0.2232 -0.06395
0.22703 -0.06384
0.23084 -0.063660
0.23466 -0.06341
0.238470 -0.0631
0.24229 -0.06271
0.2461 -0.06225
0.249900 -0.06171
0.25371 -0.06109
0.25751 -0.06040
0.26131 -0.05962
0.2651 -0.05876
0.26889 -0.05782
0.27268 -0.05679
0.276470 -0.05567
0.28025 -0.05446
0.28403 -0.05315
0.28781 -0.05175
0.29158 -0.05023
0.29535 -0.04863
0.29911 -0.04692
0.30288 -0.045130
0.30664 -0.043260
0.31039 -0.04131
0.31415 -0.03929
0.3179 -0.03719
0.32165 -0.03501
0.3254 -0.032770
0.32914 -0.03045
0.33288 -0.02804
0.33662 -0.02552
0.34035 -0.022870
0.34408 -0.02007
0.34778 -0.01713
0.35132 -0.0142
0.35456 -0.01142
0.35736 -0.00897
0.35956 -0.00702
0.36105 -0.0057
0.36179 -0.005140
-Inserting Flap Ga2-
0.49056 0.09436
0.49046 0.09393
0.49026 0.0931
0.48995 0.09188
0.48956 0.09034
0.48908 0.088580
0.48853 0.086710
0.48792 0.08482
0.48726 0.083
0.48655 0.08124
0.4858 0.07955
0.48502 0.07792
0.48422 0.07632
0.48339 0.07475
0.482550 0.07322
0.48169 0.07171
0.48081 0.07022
0.47992 0.06876
0.47901 0.06733
0.47809 0.065910
0.47716 0.06452
0.476220 0.06315
0.47526 0.0618
0.4742900 0.06046
0.47331 0.05914
0.47232 0.05785
0.47131 0.05657
0.47029 0.05532
0.46926 0.05409
0.46821 0.05287
0.46716 0.05168
0.46609 0.05049
0.46502 0.049320
0.46394 0.04816
0.46286 0.04701
0.46177 0.04587
0.46067 0.04474
0.45956 0.04363
0.45845 0.04253
0.45732 0.04145
0.45618 0.04039
0.45503 0.03935
0.45387 0.038310
0.4527 0.0373
0.45152 0.0363
0.45034 0.03531
0.44915 0.03433
0.44795 0.03336
0.44674 0.03241
0.44552 0.03147
0.4443 0.03055
0.44306 0.02963000
0.44182 0.02874
0.44057 0.02785
0.43931 0.026990
0.43804 0.02614
0.43675 0.0253
0.43546 0.02448
0.43416 0.02368
0.43285 0.02289
0.43153 0.02212
0.4302 0.021370
0.42886 0.02063
0.4275 0.01991
0.426140 0.0192
0.42477 0.01851
0.42339 0.01784
0.4220 0.01717
0.4206 0.01652
0.4192 0.01588
0.41778 0.01527
0.41635 0.01467
0.4149 0.0141
0.41344 0.013560
0.41195 0.01305
0.41045 0.01257
0.40893 0.01212
0.40739 0.0117
0.40583 0.01131
0.40425 0.01096
0.40264 0.01064
0.40101 0.01037
0.39934 0.01014
0.39765 0.00998
0.39592 0.00986
0.39415 0.0098
0.39236 0.00978
0.39053 0.009820
0.38867 0.00991
0.38677 0.01007
0.38481 0.01033
0.38276 0.01071
0.380620 0.011250
0.37839 0.01195
0.37614 0.0128
0.37396 0.01378
0.37192 0.01486
0.37014 0.01601
0.36867 0.01721
0.36681 0.01961
0.36646 0.02074
0.36653 0.02178
0.36702 0.022710
0.36787 0.02352
0.369 0.024240
0.37032 0.02488
0.37175 0.02545
0.373230 0.02596
0.37474 0.02643
0.37628 0.02686
0.37784 0.02724
0.37944 0.02758
0.38105 0.02788
0.38269 0.02815
0.38434 0.028390
0.38601 0.0286
0.38769 0.0288
0.38937 0.02899
0.39107 0.02916
0.39277 0.02933
0.39447 0.02949
0.396170 0.02966
0.39786 0.02983
0.39956 0.03
0.40125 0.03019
0.40293 0.03038
0.40460 0.03059
0.40627 0.0308
0.40793 0.03103
0.40958 0.03127
0.41123 0.03153
0.41286 0.03179
0.41449 0.03208
0.41611 0.03237
0.41772 0.03269
0.41931 0.03302
0.4209 0.033360
0.42248 0.03372
0.42405 0.0341
0.42560 0.03449
0.42715 0.0349
0.42868 0.03533
0.43021 0.03578
0.43172 0.03625
0.43322 0.03673
0.43471 0.03724
0.43618 0.03776
0.43764000 0.03831
0.4391 0.038870
0.44053 0.03945
0.44196 0.04005
0.44338 0.04067
0.44479 0.0413
0.44619 0.04194
0.44758 0.04261
0.44896 0.04329
0.45032 0.044
0.45166 0.04473
0.45299 0.04548
0.45431 0.04626
0.45561 0.04707
0.4569 0.047890
0.4581700 0.048740
0.459430 0.04961
0.46067 0.05051
0.4619 0.05143
0.46311 0.05238
0.46430 0.05335
0.46548 0.05436
0.466640 0.05538
0.46779 0.05644
0.46891 0.05753
0.47002 0.05864
0.47111 0.05978
0.47217 0.06096
0.47322 0.06217
0.47425 0.06341
0.47525 0.06469
0.47624 0.066
0.4772 0.06734
0.47815 0.06872
0.479070 0.07012
0.47999 0.07154
0.480880 0.073
0.48176 0.07447
0.48263 0.07598
0.48347 0.0775
0.48431 0.07906
0.48512 0.08064
0.48591 0.08226
0.48668 0.08392
0.48741 0.08564
0.4881 0.0874
0.48874 0.089120
0.48931 0.09073
0.48979 0.092140
0.49016 0.09326
0.49041 0.09401
0.49056 0.09436
-Inserting Flap Ga2-
0.61225 0.21685
0.61225 0.21641
0.61224 0.21556
0.61222 0.2143
0.61218 0.21271
0.61211 0.21089
0.612 0.20894
0.61183 0.20696
0.61159 0.20504
0.61129 0.20317
0.610950 0.20136
0.61056 0.19958
0.61013 0.19785
0.60968 0.196130
0.6092 0.19445
0.60871 0.19278
0.6081900 0.19114
0.60764 0.18952
0.60708 0.18792
0.60651 0.18633
0.60591 0.18476
0.6053 0.183210
0.60467 0.18168
0.60403 0.18016
0.60337 0.17866
0.60269 0.17717
0.6020 0.1757
0.60129 0.17425
0.60056 0.17282
0.599810 0.1714
0.59905 0.17
0.59828 0.16861
0.5975 0.16722
0.59671 0.16585
0.59592 0.16448
0.59511 0.16313
0.5943 0.16178
0.59347 0.160450
0.59262 0.15913
0.59176 0.15782
0.59089 0.156530
0.5900100 0.15526
0.58911 0.15399
0.5882 0.15274
0.58728 0.15149
0.58635 0.15026
0.58541 0.14904
0.584450 0.147830
0.58349 0.146630
0.58252 0.145450
0.58153 0.1442700
0.58054 0.1431
0.5795300 0.141950
0.57851 0.14081
0.577470 0.13968
0.57642 0.13856
0.57536 0.13746
0.57429 0.13637
0.5732 0.1353
0.5721 0.13423
0.57099 0.13319
0.56986 0.13215
0.56872 0.13113
0.56756 0.13012
0.56639 0.12913
0.56521 0.12815
0.56402 0.12718
0.56282 0.12622
0.5616 0.12527
0.56038 0.12434
0.559130 0.12341
0.55787 0.12251
0.55659 0.12163
0.55528 0.12078
0.55395 0.11995
0.55259 0.11914
0.551210 0.11836
0.54981 0.1176
0.54837 0.11687
0.54691 0.11617
0.54542 0.115500
0.54389 0.11487
0.54232 0.11428
0.5407 0.11373
0.539040 0.11323
0.53734 0.11277
0.53559 0.112350
0.53381 0.11198
0.53198 0.11164
0.53009 0.11137
0.52811 0.11118
0.52604 0.1111
0.523830 0.11114
0.5215 0.11132
0.51912 0.11165
0.51677 0.11211
0.51454 0.1127
0.51254 0.11342
0.51084 0.11426
0.50849 0.116180
0.50789 0.1172
0.50773 0.11823
0.508 0.11925
0.50864 0.12023
0.509580 0.12118
0.51072 0.1221
0.51199 0.12298
0.51332 0.12382
0.51468 0.12461
0.51609 0.12537
0.51753 0.12609
0.519 0.12678
0.52051 0.12744
0.52204 0.12807
0.5236 0.12868
0.52517 0.12926
0.52676 0.12983
0.528370 0.13039
0.52998 0.13094
0.5316 0.13149
0.53322 0.13203
0.53484 0.13257
0.53645 0.13312
0.538060 0.13367
0.53966 0.13423
0.541260 0.1348
0.54285 0.13538
0.54442 0.13596
0.5459900 0.13656
0.54755 0.13716
0.549090 0.13778
0.55062 0.13841
0.55214 0.13905
0.55365 0.13971
0.55515 0.14037
0.55663 0.14105
0.5581 0.14175
0.55956 0.14245
0.561 0.14317
0.56243 0.14391
0.56384 0.14465
0.56524 0.14542
0.56663 0.1462
0.568 0.14699
0.56935 0.1478
0.57068 0.14863
0.572 0.1494700
0.5733 0.15033
0.574590 0.15121
0.57586 0.1521
0.57712 0.153010
0.57836 0.15392
0.5796 0.15485
0.58081 0.1558
0.58202 0.15676
0.5832 0.15773
0.58437 0.15873
0.58552 0.15974
0.58665 0.16078
0.58775 0.16183
0.58884 0.16291
0.58991 0.1640
0.59096 0.16512
0.59199 0.16625
0.593 0.16740
0.59398 0.168580
0.594950 0.16977
0.5959 0.17099
0.59682 0.17223
0.59772 0.1735
0.59859 0.17478
0.59945 0.17609
0.60027 0.17743
0.60108 0.17879
0.60185 0.18017
0.6026 0.18159
0.60332 0.18303
0.60401 0.1845
0.60468 0.186
0.60531 0.18752
0.60593 0.18907
0.60652 0.19065
0.60708 0.19224
0.60763 0.19386
0.60815 0.1955
0.60866 0.19716
0.60914 0.19883
0.6096 0.20053
0.61004 0.20226
0.61045 0.20402
0.610820 0.20581
0.61114 0.20765
0.61142 0.20951
0.61166 0.21134
0.61185 0.21304
0.612 0.21452
0.61211 0.21569
0.61219 0.21648
0.61225 0.21685
*.*.Setup: Ga2.txt as Flap 1, Inverted: y, Scale = 1.0, AoA = 2.0, Reposition from (0,0) = (0, 0)*.*.
*.*.Setup: Ga2.txt as Flap 2, Inverted: y, Scale = 0.4, AoA = 32.0, Reposition from previous T.E. = (0.0067, 0.08), Reposition from (0,0) = (1.0078, 0.0658)*.*.
*.*.Setup: Ga2.txt as Flap 3, Inverted: y, Scale = 0.4, AoA = 45.0, Reposition from previous T.E. = (0.04, 0.07), Reposition from (0,0) = (1.3974, 0.3311)*.*.
*.*.Setup: Scale Ratio = 0.36139*.*.