0.36347 0.05757
0.36144 0.055320
0.35848 0.05204
0.35497 0.04879
0.3507 0.04559
0.34547 0.04226
0.33914 0.03865
0.33165 0.03474
0.3231 0.030590
0.31371 0.0263
0.30376 0.02197
0.29346 0.01768
0.28298 0.01351
0.27243 0.00949
0.26184 0.00565
0.25121 0.002
0.24051 -0.00146
0.2297 -0.00476
0.21872 -0.00792
0.20752 -0.01098
0.19608 -0.01396
0.18439 -0.0169
0.17252 -0.01983
0.16059 -0.02274
0.14874 -0.02559
0.13715 -0.02832
0.126 -0.030840
0.11548 -0.03307
0.10569 -0.0349
0.09659 -0.03628
0.08804 -0.03716
0.07992 -0.03757
0.07214 -0.03752
0.06464 -0.0370
0.05741 -0.03603
0.05044 -0.03462
0.04375 -0.03281
0.0374 -0.03063
0.03146 -0.02817
0.02605 -0.02553
0.02127 -0.022860
0.017170 -0.02027
0.01372 -0.01782
0.010860 -0.01552
0.00849 -0.01337
0.006530 -0.011360
0.00491 -0.00948
0.00358 -0.00772
0.00248 -0.00606
0.00159 -0.0044900
0.0009 -0.003
0.00038 -0.001580
0.000086 -0.00022
-0.00012 0.0011000
0.000005 0.00243
0.00057 0.003670
0.0016 0.00465
0.00295 0.00539
0.00453 0.00598
0.00636 0.00650
0.00848 0.00698
0.01097 0.00745
0.01394 0.00793
0.01757 0.00843
0.02211 0.00896
0.02788 0.00953
0.03516 0.01014
0.04391 0.01073
0.05376 0.0112
0.064360 0.01147
0.075640 0.01155
0.08749 0.01153
0.099720 0.01145
0.11212 0.01135
0.1245 0.01126
0.13673 0.01121
0.148760 0.01123
0.1606 0.01135
0.17222 0.01160
0.183660 0.01199
0.19493 0.01255
0.20603 0.0133
0.21699 0.01424
0.2278300 0.01541
0.23856 0.01679
0.24919 0.01841
0.25972 0.02026
0.270180 0.02236
0.28054 0.02469
0.29079 0.02727
0.30089 0.03006
0.31075 0.03306
0.32022 0.03621
0.32909 0.03943
0.33712 0.04264
0.34413 0.04576
0.3501 0.04876
0.3551 0.05163
0.35926 0.05437
0.36347 0.05757
-Inserting Flap s1223rtl-
0.53638 0.1573
0.5356 0.156
0.53445 0.15411
0.53305 0.15218
0.53125 0.1502
0.529 0.14807
0.52624 0.1457
0.52294 0.14306
0.519140 0.14021
0.51494 0.1372
0.51047 0.13413
0.50582 0.13105
0.50108 0.128
0.49628 0.12502
0.49145 0.12212
0.486580 0.11932
0.48166 0.1166
0.47667 0.113950
0.47158 0.111350
0.46638 0.10878
0.46104 0.10622
0.45559 0.10366
0.45004 0.101090
0.44446 0.09853
0.43892 0.0960
0.43349 0.09356
0.42826 0.09125
0.42331 0.08915
0.41868 0.08732
0.41434 0.08578
0.41023 0.08453
0.40628 0.08355
0.40246 0.08284
0.39873 0.08238
0.39509 0.08216
0.39153 0.08219
0.38808 0.08244
0.38475 0.0829
0.3816 0.08355
0.3787 0.08432
0.3761 0.085180
0.37384 0.08606
0.37191 0.08693
0.37029 0.08779
0.368920 0.08861
0.36776 0.08941
0.36679 0.09018
0.36596 0.09092
0.36527 0.09163
0.36468 0.09232
0.36420 0.09298
0.36381 0.09363
0.36351 0.094260
0.36331 0.0949
0.363240 0.09556
0.3634 0.09622
0.36382 0.0968
0.364410 0.09729
0.36513 0.09774
0.36598 0.09817
0.366970 0.0986
0.36815 0.09907
0.36956 0.09959
0.37129 0.10018
0.37347 0.10088
0.37625 0.10171
0.37976 0.1027
0.384 0.10382
0.388790 0.10499
0.39397 0.10614
0.399490 0.10726
0.40531 0.108370
0.41132 0.1095
0.41742 0.11064
0.42351 0.11177
0.42951 0.11292
0.43542 0.11407
0.44121 0.11526
0.4469 0.11649
0.45247 0.11777
0.457950 0.11912
0.46333 0.12055
0.46862 0.12206
0.47383 0.12367
0.47896 0.12537
0.48402 0.12718
0.48902 0.12909
0.49395 0.13112
0.49881 0.13325
0.5036 0.13549
0.50829 0.13783
0.512840 0.14024
0.51719 0.14269
0.521230 0.14512
0.52487 0.14746
0.52801 0.14966
0.53065 0.1517
0.53284 0.15359
0.534620 0.15533
0.53638 0.1573
-Inserting Flap s1223rtl-
0.64439 0.29803
0.644140 0.29653
0.64378 0.29435
0.64319 0.29203
0.642250 0.28954
0.64095 0.28672
0.63926 0.2835
0.63716 0.27983
0.63468 0.27577
0.63189 0.27143
0.62887 0.26692
0.62569 0.26234
0.6224 0.25776
0.61905 0.25322
0.615620 0.24874
0.612140 0.24434
0.60857 0.23999
0.60491 0.23569
0.60114 0.231390
0.59725 0.22709
0.59324 0.22274
0.589110 0.21835
0.58491 0.21391
0.58067 0.20947
0.57645 0.20507
0.57231 0.2008
0.5683 0.196720
0.56447 0.19295
0.56084 0.18953
0.55738 0.1865
0.55403 0.18382
0.55072 0.18145
0.54743 0.17938
0.54413 0.17758
0.540830 0.17603
0.53751 0.17474
0.53421 0.1737
0.530950 0.1729
0.52778 0.1723400
0.52479 0.17199
0.522060 0.17182
0.51964 0.1718
0.5175200 0.1719
0.51570 0.1721
0.51412 0.17236
0.512760 0.17268
0.51157 0.17304
0.51053 0.17342
0.50962 0.17382
0.50882 0.17424
0.50813 0.174680
0.50752 0.17514
0.50701 0.17562
0.50659 0.17613
0.50628 0.176730
0.50619 0.1774
0.50636 0.17809
0.50673 0.17876
0.50723 0.17944
0.50786 0.18015
0.50863 0.18093
0.50954 0.1818
0.51067 0.1828
0.512060 0.18399
0.51383 0.185440
0.5161 0.18724
0.519 0.18946
0.52253 0.192070
0.52654 0.19492
0.53093 0.1979
0.53566 0.20098
0.54065 0.20416
0.54582 0.20743
0.55107 0.210740
0.5563 0.21404
0.56146 0.21732
0.56652 0.22058
0.57147 0.22382
0.5763 0.22706
0.58101 0.23031
0.5856 0.23359
0.59007 0.2369
0.59443 0.24026
0.59868 0.24367
0.60282 0.24715
0.60686 0.2507
0.61079 0.254320
0.61463 0.25803
0.61836 0.26181
0.62198 0.26566
0.62547 0.26956
0.62882 0.27348
0.63195 0.27736
0.63482 0.28111
0.63733 0.28463
0.639440 0.28784
0.64114 0.29071
0.64247 0.29327
0.643490 0.29554
0.64439 0.29803
*.*.Setup: s1223rtl.txt as Flap 1, Inverted: y, Scale = 1.0, AoA = 9.0, Reposition from (0,0) = (0, 0)*.*.
*.*.Setup: s1223rtl.txt as Flap 2, Inverted: y, Scale = 0.5, AoA = 20.0, Reposition from previous T.E. = (0.0, 0.1), Reposition from (0,0) = (0.9877, 0.2564)*.*.
*.*.Setup: s1223rtl.txt as Flap 3, Inverted: y, Scale = 0.5, AoA = 41.666666666666664, Reposition from previous T.E. = (-0.08, 0.05), Reposition from (0,0) = (1.3775, 0.4774)*.*.
*.*.Setup: Scale Ratio = 0.368*.*.