0.36757 0.03863
0.365410 0.03648
0.36227 0.03335
0.35859 0.03027
0.35413 0.02729
0.348710 0.024230
0.34217 0.02094
0.33445 0.01741
0.325660 0.0137
0.316020 0.00988
0.30581 0.00606
0.29525 0.00231
0.284530 -0.001320
0.27373 -0.0048
0.26291 -0.00809
0.25206 -0.01120
0.24114 -0.01411
0.23013 -0.01685
0.2189500 -0.01944
0.20756 -0.02192
0.19592 -0.02431
0.18405 -0.02665
0.17199 -0.02896
0.15987 -0.031250
0.14783 -0.03348
0.13607 -0.03561
0.12475 -0.03756
0.11408 -0.03924
0.10417 -0.04056
0.09497 -0.04146
0.08635 -0.0419
0.07818 -0.04189
0.07038 -0.04142
0.06289 -0.0405
0.05569 -0.03915
0.04877 -0.03738
0.042160 -0.03521
0.0359 -0.03269
0.03007 -0.0299
0.02479 -0.02698
0.02013 -0.024050
0.01616 -0.02123
0.01283 -0.01859
0.01008 -0.01614
0.00781 -0.01386
0.005950 -0.01174
0.00443 -0.009770
0.00318 -0.00793
0.00217 -0.00621
0.00136 -0.004590
0.00074 -0.00306
0.00029 -0.0016
0.000055 -0.00022
-7e-05 0.00111
0.00013 0.00244
0.00077 0.00365
0.00185 0.00458
0.003240 0.00525
0.00486 0.005760
0.00672 0.00618
0.00887 0.00655
0.01139 0.0069
0.0144 0.00722
0.01807 0.00753
0.02265 0.007820
0.02847 0.00809
0.0358 0.00832
0.04461 0.008450
0.0545 0.00841
0.06515 0.00812
0.07647 0.00761
0.08835 0.00696
0.10061 0.00624
0.11305 0.00549
0.12546 0.00475
0.137720 0.00406
0.14979 0.00345
0.161670 0.00294
0.17334 0.00258
0.18484 0.00237
0.196160 0.00234
0.20734 0.00251
0.21838 0.00288
0.22931 0.00348
0.24014 0.0043
0.25089 0.00537
0.26156 0.00667
0.27215 0.00822
0.28267 0.01002
0.29308 0.01206
0.30336 0.014340
0.3134 0.01682
0.32307 0.01948
0.33214 0.02225
0.34035 0.02505
0.347550 0.02781
0.35369 0.0305
0.35886 0.03312
0.36318 0.035640
0.36757 0.03863
-Inserting Flap s1223rtl-
0.53501 0.14951
0.53446 0.14809
0.53366 0.14602
0.5326 0.14387
0.53117 0.1416
0.52932 0.1391
0.527 0.13626
0.52419 0.13308
0.52093 0.1296
0.5173 0.1259
0.51342 0.12207
0.50936 0.11821
0.5052 0.11437
0.50097 0.11059
0.4967 0.106880
0.49237 0.10326
0.48798 0.09971
0.48351 0.09622
0.47893 0.09276
0.47423 0.08931
0.4694 0.08586
0.46445 0.08237
0.45941 0.07886
0.45434 0.07535
0.4493 0.07189
0.44436 0.06852
0.43959 0.06533
0.43505 0.06239
0.43079 0.05977
0.42677 0.05749
0.422930 0.05553
0.41919 0.053880
0.415530 0.05251
0.41193 0.0514
0.40836 0.05056
0.40484 0.04996
0.40138 0.04961
0.39801 0.04948
0.39478 0.049570
0.39177 0.04983
0.38905 0.05022
0.38666 0.0507
0.38461 0.05123
0.38285 0.05179
0.38135 0.05237
0.38007 0.05296
0.378970 0.05355
0.37803 0.05414
0.37722 0.054720
0.37652 0.0553
0.37592 0.05587
0.37543 0.05644
0.37502 0.05702
0.37471 0.05761
0.37453 0.05825
0.37457 0.05893
0.37488 0.05958
0.37538 0.06017
0.37601 0.06073
0.37678 0.0613
0.377680 0.06191
0.37876 0.06258
0.38007 0.06334
0.38169 0.06423
0.38372 0.06529
0.38632 0.0666
0.38962 0.06819
0.39362 0.070050
0.39815 0.07204
0.40307 0.07407
0.40834 0.07614
0.41391 0.07826
0.41965 0.08043
0.42549 0.08261
0.43131 0.08480
0.43705 0.08697
0.44268 0.089150
0.44821 0.09134
0.45362 0.09354
0.45891 0.095780
0.46409 0.09807
0.46916 0.100420
0.47413 0.10284
0.4790 0.10534
0.483780 0.10792
0.48847 0.110590
0.49308 0.11335
0.4976 0.11622
0.50204 0.11918
0.50638 0.12223
0.51062 0.12536
0.5147 0.12853
0.51857 0.13171
0.52215 0.13482
0.52534 0.13777
0.52806 0.1405
0.53032 0.14298
0.53215 0.14522
0.53361 0.14725
0.53501 0.14951
-Inserting Flap s1223rtl-
0.6504 0.2937
0.650060 0.29221
0.64957 0.29005
0.648840 0.28776
0.64775 0.28531
0.64628 0.28257
0.6444 0.27943
0.642080 0.27588
0.63936 0.27196
0.63631 0.26777
0.63301 0.26342
0.62956 0.25901
0.626 0.25461
0.6223700 0.25025
0.61867 0.24597
0.61492 0.24176
0.61109 0.237610
0.60717 0.2335
0.60314 0.22942
0.59899 0.22533
0.59471 0.22121
0.590320 0.21704
0.58584 0.212840
0.58133 0.20863
0.57685 0.20447
0.57244 0.20042
0.56818 0.19657
0.56413 0.19301
0.56029 0.1898
0.55665 0.18696
0.55312 0.18447
0.54967 0.18229
0.546250 0.1804
0.54284 0.17879
0.53943 0.17743
0.53604 0.17633
0.53266 0.17548
0.52934 0.17487
0.52614 0.17449
0.52312 0.17431
0.52037 0.174310
0.51794 0.17443
0.51583 0.17466
0.51401 0.17496
0.51244 0.17531
0.51109 0.17571
0.50992 0.17614
0.5089 0.17658
0.50801 0.17704
0.50724 0.177510
0.50657 0.17799
0.50599 0.17848
0.50551 0.17899
0.50511 0.17953
0.50484 0.18015
0.50479 0.180830
0.50499 0.18151
0.5054 0.18216
0.505950 0.18281
0.50662 0.183490
0.50743 0.184220
0.50841 0.18504
0.50959 0.18598
0.51106 0.187090
0.51291 0.18844
0.51530 0.19011
0.51834 0.19217
0.52202 0.19458
0.52622 0.19721
0.53079 0.19993
0.53571 0.20275
0.5409 0.20565
0.54628 0.208620
0.55173 0.2116300
0.55717 0.21464
0.56254 0.21762
0.5678 0.220590
0.57295 0.22356
0.57798 0.22652
0.58289 0.22951
0.58768 0.23253
0.59236 0.235590
0.59693 0.2387
0.60139 0.24187
0.60574 0.24512
0.61 0.24844
0.61415 0.25185
0.61821 0.25533
0.622180 0.25891
0.62603 0.26255
0.62977 0.26626
0.63334 0.27
0.636720 0.27371
0.63981 0.2773
0.64253 0.28068
0.64483 0.28377
0.646710 0.28655
0.64819 0.289040
0.64934 0.29126
0.6504 0.2937
*.*.Setup: s1223rtl.txt as Flap 1, Inverted: y, Scale = 1.0, AoA = 6.0, Reposition from (0,0) = (0, 0)*.*.
*.*.Setup: s1223rtl.txt as Flap 2, Inverted: y, Scale = 0.5, AoA = 30.0, Reposition from previous T.E. = (0.02, 0.05), Reposition from (0,0) = (1.0145, 0.1545)*.*.
*.*.Setup: s1223rtl.txt as Flap 3, Inverted: y, Scale = 0.5, AoA = 38.333333333333336, Reposition from previous T.E. = (-0.08, 0.08), Reposition from (0,0) = (1.3675, 0.4845)*.*.
*.*.Setup: Scale Ratio = 0.3696*.*.