0.36729 0.00761
0.366570 0.00678
0.36513 0.005160
0.36299 0.002770
0.36026 -0.00021
0.3571 -0.003570
0.35364 -0.00712
0.35002 -0.01062
0.34636 -0.01392
0.34268 -0.017
0.339 -0.0199
0.3353 -0.02264
0.33159 -0.02526
0.32787 -0.02779
0.32415 -0.030230
0.32043 -0.03259
0.3167 -0.034870
0.312960 -0.03707
0.30922 -0.03921
0.30547 -0.04128
0.30172 -0.04329
0.297970 -0.04524
0.29421 -0.04714
0.29045 -0.04897
0.28668 -0.05076
0.28291 -0.052480
0.27913 -0.05414
0.27536 -0.05573
0.27157 -0.05726
0.26778 -0.05874
0.26399 -0.06016
0.2602 -0.06154
0.2564 -0.06289
0.2526 -0.06421000
0.2488 -0.06551
0.245 -0.06676
0.24119 -0.06798
0.23738 -0.06915
0.233570 -0.07027
0.229760 -0.07134
0.22594 -0.07237
0.22211 -0.07334
0.21829 -0.074270
0.21446 -0.07516
0.21063 -0.076
0.20679 -0.07681
0.20295 -0.07758
0.19911 -0.07831
0.19527 -0.079
0.19143 -0.07966
0.18758 -0.08027
0.18373 -0.08085
0.179880 -0.08138
0.17602 -0.08186
0.17216 -0.0823
0.16829 -0.08269
0.16443 -0.08304
0.16056 -0.08334
0.15668 -0.08359
0.152810 -0.08379
0.14893 -0.08395
0.14504 -0.08405
0.14116 -0.08411
0.13727 -0.08411
0.13337 -0.08406
0.12947 -0.08398
0.12557 -0.08385
0.12167 -0.08368
0.11777 -0.08347
0.11386 -0.08323
0.109950 -0.08292
0.10603 -0.08255
0.10211 -0.0821
0.09818 -0.08156
0.09424 -0.08093
0.0903 -0.080220
0.08636 -0.07941
0.0824 -0.07852
0.078440 -0.07754
0.07447 -0.07645
0.0705 -0.07525
0.06652 -0.07391
0.06252 -0.07243
0.05852 -0.07079
0.0545 -0.06898
0.05047 -0.067020
0.04643 -0.06491
0.04238 -0.06266
0.03832 -0.0602500
0.034250 -0.05762
0.03015 -0.0547
0.02603 -0.0514
0.02188 -0.04765
0.01772 -0.04342
0.01369 -0.038820
0.00995 -0.03403
0.00668 -0.02919
0.00405 -0.02448
0.00218 -0.02004
0.00087 -0.01245
0.00144 -0.00950
0.00284 -0.00724
0.00505 -0.00576
0.00792 -0.004950
0.0113 -0.004680
0.01502 -0.00482
0.01891 -0.00525
0.02285 -0.00586
0.02679 -0.0066
0.03074 -0.00749
0.03471 -0.00850
0.03868 -0.00964
0.04265 -0.01088
0.04664 -0.01223
0.05063 -0.013660
0.05463 -0.01517
0.05863 -0.01672
0.06263 -0.01833
0.06663 -0.01996
0.07064 -0.02161
0.07465 -0.02326
0.07865 -0.02492
0.08266 -0.02656
0.08666 -0.02818
0.09067 -0.02977
0.09467 -0.03134
0.09867 -0.03288
0.10266 -0.034390
0.106650 -0.03586
0.11065 -0.03729
0.11463 -0.0386700
0.11862 -0.04002
0.1226 -0.04133
0.12658 -0.04259
0.13056 -0.0438
0.13453 -0.04497
0.1385 -0.04609
0.14246 -0.047160
0.146430 -0.04818
0.150390 -0.04916
0.15434 -0.05008
0.15829 -0.050940
0.16224 -0.05176
0.16618 -0.052510
0.17012 -0.05321
0.174060 -0.05386
0.17799 -0.05444
0.18192 -0.05496
0.185840 -0.05542
0.18976 -0.05583
0.19368 -0.05619
0.19759 -0.0565
0.2015 -0.05677
0.2054100 -0.05699
0.20931 -0.05716
0.21321 -0.05727
0.2171 -0.0573
0.220990 -0.05727
0.22487 -0.05716
0.22875 -0.05699
0.23263 -0.05674
0.23649 -0.056420
0.24036 -0.05603
0.24422 -0.05557
0.24807 -0.05504
0.25192 -0.05444
0.25576 -0.05376
0.2596 -0.053
0.26343 -0.05216
0.267260 -0.05124
0.27108 -0.05023
0.27489 -0.04914
0.2787 -0.04796
0.282510 -0.04669
0.2863 -0.04533
0.290090 -0.043870
0.29387 -0.04231
0.29765 -0.04064
0.30141 -0.03888
0.3051700 -0.03701
0.30893 -0.03507
0.312680 -0.03303
0.31642 -0.030920
0.32016 -0.02873
0.32389 -0.02647
0.327620 -0.02413
0.33134 -0.02172
0.33506 -0.01923
0.33877 -0.016650
0.34247 -0.01397
0.34617 -0.01115
0.34985 -0.00817
0.3535 -0.00506
0.35699 -0.00195
0.36018 0.00098
0.36293 0.00356
0.3651 0.00562
0.36656 0.00701
0.36729 0.00761
-Inserting Flap Ga2-
0.50379 0.089830
0.50365 0.08941
0.50337 0.088590
0.50296 0.08738
0.50242 0.08585
0.50178 0.08412
0.50106 0.082280
0.50028 0.08042
0.49944 0.07863
0.49857 0.07692
0.49767 0.07528
0.49673 0.07369
0.49578 0.07215
0.49481 0.07064
0.49382 0.06916
0.49281 0.06771
0.4918 0.06628
0.49076 0.06489
0.48972 0.06352
0.48867 0.06217
0.4876 0.06084
0.48652 0.05954
0.48543 0.05825
0.48434 0.05699
0.48323 0.05574
0.48211 0.05452
0.48098 0.05332
0.479840 0.05214
0.47868 0.05098
0.47752 0.04985
0.47634 0.04873
0.47516 0.04763
0.47397 0.04654
0.472780 0.04546
0.47159 0.04439
0.47038 0.04333
0.46917 0.04229
0.46795 0.04126
0.46672 0.04026
0.46549 0.039260
0.46424 0.03829
0.46298 0.03734
0.46172 0.0364
0.46045 0.03547
0.459170 0.03456
0.45788 0.03366
0.45659 0.03278
0.45529 0.03191
0.45398 0.03106
0.45267 0.03021
0.45135 0.02938
0.45002 0.02857
0.44869 0.02777
0.44734 0.02699
0.44599 0.02623
0.444630 0.02548
0.44326 0.02475
0.441880 0.02403
0.440490 0.02334
0.4391 0.02266
0.43769 0.02199
0.43628 0.02135
0.434860 0.02072
0.43343 0.02011
0.4319800 0.019520
0.43054 0.018940
0.42908 0.01838
0.42762 0.01783
0.426150 0.0173
0.42467 0.01678
0.42318 0.01628
0.42168 0.0158
0.42017 0.01535
0.41863 0.014940
0.41709 0.01455
0.41552 0.0142
0.41395 0.01388
0.41235 0.01359
0.4107400 0.01334
0.40911 0.01311
0.40746 0.01294
0.40578 0.01281
0.40408 0.01273
0.40235 0.01271
0.40059 0.01274
0.3988 0.01283
0.39698 0.01298
0.39514 0.01318
0.39327 0.01343
0.391350 0.01376
0.38939 0.0142
0.38736 0.01477
0.38524 0.0155
0.38305 0.01641
0.38085 0.01747
0.37872 0.01865
0.3767600 0.01992
0.37505 0.02124
0.37367 0.02259
0.372 0.02518
0.37175 0.02635
0.37192 0.0274
0.3725 0.02829
0.37343 0.02904
0.374630 0.02967
0.37602 0.0302
0.37752 0.03065
0.37907 0.03104
0.38063 0.03138
0.38223 0.03167
0.38385 0.03192
0.38548 0.032120
0.38714 0.03228
0.388820 0.03241
0.39052 0.03251
0.39222 0.03258
0.39394 0.03263
0.395660 0.03267
0.39739 0.03269
0.39912 0.03271
0.40086 0.03273
0.40259 0.03274
0.40432 0.03277
0.40605 0.03279
0.40777 0.03283
0.40949 0.03288
0.41121 0.03294
0.41291 0.03301
0.41461 0.03309
0.416310 0.03319
0.41799 0.0333
0.41967 0.03343
0.42134 0.033570
0.423 0.03373
0.42465 0.0339
0.4263 0.03409
0.42794 0.0343
0.42956 0.03453
0.43118 0.03477
0.43279 0.03503
0.43439 0.03531
0.4359800 0.035610
0.43756 0.03592
0.43913 0.03626
0.44070 0.03662
0.44224 0.037
0.44378 0.0374
0.44531 0.03782
0.44683 0.03827
0.44833 0.03873
0.449830 0.03921
0.451320000 0.0397
0.4528 0.0402200
0.45428 0.04074
0.45574 0.04129
0.45719 0.04186
0.45863 0.04246
0.460060 0.04308
0.46147 0.04372
0.46287 0.044390
0.46426 0.045090
0.46563 0.04581
0.467 0.04656
0.46834 0.04733
0.46968 0.04813
0.471 0.04895
0.47231 0.0498
0.47361 0.050680
0.47489 0.05159
0.476150 0.05253
0.4774 0.0535
0.47863 0.0545
0.47985 0.05552
0.48105 0.05659
0.48224 0.05768
0.48341 0.05881
0.48455 0.05998
0.48568 0.06118
0.48679 0.06242
0.48789 0.06369
0.48897 0.065
0.49003 0.06633
0.49108 0.06769
0.49211 0.06908
0.49313 0.0705
0.49414 0.07194
0.49513 0.07341
0.49611 0.07491
0.49708 0.07644
0.49802 0.07801
0.49894 0.07962
0.49983 0.08129
0.50069 0.08301
0.50149 0.0847
0.5022 0.08628
0.50281 0.0876600
0.50329 0.08876
0.50361 0.0895
0.50379 0.089830
-Inserting Flap Ga2-
0.61515 0.2225
0.61521 0.22207
0.6153 0.2212
0.61542 0.21993
0.61557 0.21832
0.61572 0.21648
0.615830 0.2145
0.61589 0.21249
0.61588 0.21051
0.6158 0.2086
0.61566 0.20673
0.61548 0.20489
0.61526 0.20309
0.615 0.20131
0.61472 0.19956
0.61441 0.19782
0.61408 0.19610
0.61373 0.1944
0.61335 0.19272
0.61296 0.19105
0.612540 0.1894
0.61211 0.18777
0.61165 0.18615
0.611180 0.18454
0.6107 0.18294
0.61019 0.18137
0.60966 0.1798
0.60912 0.17826
0.60855 0.17672
0.607970 0.17521
0.60737 0.1737
0.6067500 0.17221
0.6061300 0.17072
0.6055 0.16924
0.604850 0.16777
0.6042 0.16631
0.60354 0.16485
0.60286 0.16341
0.60216 0.16198
0.60145 0.16057
0.600720 0.15916
0.599980 0.15777
0.599230 0.15639
0.59846 0.155020
0.59767 0.15366
0.59688 0.1523
0.59607 0.15096
0.59525 0.14963
0.59443 0.14831
0.59358 0.14699
0.59273 0.14569
0.59186 0.1444
0.590980 0.14311
0.59009 0.14184
0.58918 0.14058
0.58825 0.13933
0.58731 0.1381
0.58636 0.13687
0.58539 0.13566
0.5844 0.13446
0.5834 0.13327
0.58239 0.132090000
0.58136 0.13093
0.58031 0.129780
0.57925 0.12864
0.578170 0.127510
0.57708 0.12639
0.57598 0.125280
0.57487 0.12418
0.57374 0.12309
0.5726 0.12202
0.57144 0.12096
0.57025 0.11992
0.569030 0.118910
0.56778 0.117910
0.56651 0.11694
0.56521 0.11599
0.56388 0.115060
0.56252 0.11416
0.561130 0.11327
0.55971 0.112420
0.55824 0.11160
0.55672 0.110820
0.55516 0.11008
0.55354 0.10938
0.55188 0.10872
0.55017 0.10809
0.54841 0.1075
0.5466 0.10695
0.54473 0.10645
0.5427600 0.10603
0.54067 0.1057
0.538450 0.10548
0.53608 0.10539
0.53363 0.10544
0.53121 0.10562
0.5289 0.10596
0.52679 0.106450
0.52498 0.10709
0.52238 0.10875
0.52166 0.10972
0.52137 0.11074
0.52153 0.11179
0.52206 0.11286
0.522890 0.11393
0.52394 0.11499
0.52511 0.11602
0.52635 0.11703
0.52763 0.11799
0.52896 0.11892
0.53033 0.11982
0.53173 0.12069
0.533170 0.12153
0.53464 0.12234
0.53614 0.123140
0.537660 0.12391
0.5392 0.12468
0.54075 0.12543
0.54231 0.12617
0.54388 0.12691
0.54545 0.12765
0.54702 0.12839
0.54858 0.12914
0.55014 0.12988
0.551690 0.13064
0.55323 0.1314
0.55477 0.132160
0.55629 0.13294
0.55780 0.13373
0.55929 0.13452
0.56078 0.13533
0.562250 0.136140
0.56371 0.13697
0.565150 0.1378
0.56658 0.13865
0.568 0.139510
0.5694 0.14039
0.57079 0.14127
0.57215 0.14217
0.57351 0.14307
0.57485 0.144
0.57617 0.14493
0.57747 0.14588
0.57876 0.14684
0.58003 0.14782
0.58128 0.14881
0.58251 0.14981
0.58372 0.15084
0.58491 0.15187
0.58609 0.15292
0.58725 0.15398
0.5884 0.15505
0.58953 0.15614
0.59065 0.15723
0.59175 0.15834
0.59283 0.15947
0.59389 0.16061
0.59493 0.16177
0.595940 0.16294
0.59693 0.16414
0.5979 0.16535
0.59885 0.16658
0.59978 0.16783
0.600680 0.16909
0.60156 0.17037
0.60242 0.17167
0.60326 0.17299
0.60407 0.17433
0.60485 0.175690
0.60561 0.17707
0.60634 0.17847
0.60704 0.17989
0.60772 0.18134
0.60837 0.1828
0.60899 0.18429
0.60958 0.18581
0.61014 0.18735
0.610660 0.18891
0.61115 0.19050
0.61162 0.19211
0.612050 0.19375
0.61246 0.19541
0.61284 0.19708
0.6132 0.19878
0.61354 0.20049
0.61385 0.20222
0.61414 0.20397
0.61441 0.20574
0.614640 0.20753
0.61485 0.20935
0.6150100 0.2112
0.615120 0.21309
0.61518 0.21501
0.615210 0.21688
0.6152 0.21861
0.61518 0.22012
0.61515 0.22132
0.615130 0.22212
0.61515 0.2225
*.*.Setup: Ga2.txt as Flap 1, Inverted: y, Scale = 1.0, AoA = 4.0, Reposition from (0,0) = (0, 0)*.*.
*.*.Setup: Ga2.txt as Flap 2, Inverted: y, Scale = 0.4, AoA = 27.0, Reposition from previous T.E. = (0.0067, 0.06), Reposition from (0,0) = (1.0077, 0.0807)*.*.
*.*.Setup: Ga2.txt as Flap 3, Inverted: y, Scale = 0.4, AoA = 51.666666666666664, Reposition from previous T.E. = (0.04, 0.06), Reposition from (0,0) = (1.413, 0.3048)*.*.
*.*.Setup: Scale Ratio = 0.36693*.*.