0.35567 -0.005050
0.35495 -0.00583
0.35349 -0.00735
0.351340 -0.009580
0.34861 -0.01237
0.34543 -0.01553
0.34196 -0.01883
0.33834 -0.0221
0.33469 -0.02517
0.33103 -0.02803
0.327360 -0.03071
0.32369 -0.03324
0.32001 -0.03565
0.31633 -0.03797
0.31265 -0.0402
0.30896 -0.04236
0.30528 -0.04444
0.30159 -0.046450
0.297890 -0.04839
0.29420 -0.05027
0.2905 -0.05209
0.2868 -0.05385
0.2831 -0.05555
0.2794 -0.0572
0.27569 -0.0588
0.27199 -0.06034
0.26828 -0.06182
0.26457 -0.06324
0.26085 -0.06459
0.25714 -0.065890
0.25342 -0.06713
0.24970 -0.06834
0.24598 -0.06952
0.24226 -0.07067
0.23854 -0.07179
0.23482 -0.07288
0.2311 -0.07393
0.227370 -0.07494
0.22364 -0.07589
0.21991 -0.0768
0.21618 -0.07766
0.21245 -0.078470
0.20872 -0.07924
0.20498 -0.0799700
0.20125 -0.08066
0.19751 -0.08131
0.19377 -0.08192
0.19003 -0.0825
0.18629 -0.08304
0.18254 -0.08355
0.1788 -0.08402
0.17506 -0.08444
0.17131 -0.08483
0.16756 -0.08516
0.16381 -0.08546
0.16006 -0.08571
0.1563 -0.08591
0.15255 -0.08607
0.14879 -0.08618
0.14503 -0.08624
0.14127 -0.08626
0.13751 -0.08623
0.13375 -0.08616
0.12998 -0.08603
0.12622 -0.085850
0.12245 -0.08563
0.11868 -0.08538
0.11491 -0.08508
0.11114 -0.084750
0.10736 -0.08438
0.103590 -0.08396
0.09981 -0.08346
0.09603 -0.0829
0.09225 -0.08224
0.088460 -0.0815
0.08467 -0.08067
0.08088 -0.07976
0.07708 -0.07876
0.07328 -0.07768
0.06948 -0.0765
0.06568 -0.07520
0.06187 -0.07377
0.05805 -0.0722
0.05423 -0.07047
0.0504 -0.06859
0.04657 -0.06656
0.04274 -0.06438
0.0389 -0.06207
0.03505 -0.0596
0.03119 -0.05691
0.02733 -0.05395
0.02345 -0.05062
0.01956 -0.04685
0.01568 -0.042620
0.01193 -0.03803
0.00848 -0.03326
0.005480 -0.02847
0.00309 -0.02382
0.00143 -0.01947
0.00042 -0.012080
0.00107 -0.00924
0.0025 -0.00711
0.00469 -0.00574
0.0075 -0.00505
0.01078 -0.00491
0.01437 -0.00518
0.01812 -0.00572
0.02191 -0.00644
0.02570 -0.00729
0.0295 -0.00828
0.0333 -0.0094
0.0371 -0.01063
0.04091 -0.01197
0.04472 -0.01341
0.04853 -0.01493
0.052350 -0.01652
0.05616 -0.018170
0.05998 -0.01985
0.06380 -0.02156
0.06763 -0.02329
0.07145 -0.025030
0.07527 -0.02677
0.079090 -0.02849
0.08291 -0.03019
0.08673 -0.03188
0.09055 -0.03353
0.09436 -0.03515
0.09818 -0.03675
0.10199 -0.0383
0.10581 -0.03982
0.10962 -0.0413
0.11343 -0.04274
0.11724 -0.04413
0.12105 -0.04549
0.12485 -0.04679
0.12866 -0.04806
0.13246 -0.04928
0.13626 -0.05045
0.14006 -0.05157
0.14386 -0.052650
0.147660 -0.05367
0.15145 -0.05465
0.15524 -0.05557
0.15903 -0.05643
0.1628200 -0.057240
0.16661 -0.0580
0.1704 -0.05869
0.17418 -0.05933
0.17796 -0.05991
0.18174 -0.06043
0.18551 -0.06091
0.18929 -0.06135
0.193060 -0.06174
0.19684 -0.06209
0.20061 -0.06238
0.204380 -0.062620
0.20814 -0.06279
0.21191 -0.06289
0.21567 -0.06291
0.21943 -0.06287
0.22318 -0.06276
0.22694 -0.062590
0.23069 -0.06234
0.234440 -0.06203
0.23819 -0.06165
0.24193 -0.06119
0.2456700 -0.06066
0.24941 -0.06006
0.25315 -0.059370
0.25688 -0.05861
0.26062 -0.05777
0.26434 -0.05684
0.26807 -0.05583
0.271790 -0.05473
0.27551 -0.05354
0.27923 -0.05225
0.28294 -0.05087
0.28665 -0.04938
0.29035 -0.0478
0.29405 -0.04613
0.29775 -0.044370
0.30145 -0.042530
0.30514 -0.04061
0.30883 -0.03862
0.31252 -0.03656
0.31621 -0.03442
0.31989 -0.032210
0.32357 -0.02993
0.32725 -0.02756
0.33092 -0.02509
0.33459 -0.022480
0.33826 -0.01973
0.34189 -0.01684
0.34538 -0.01395
0.34857 -0.01123
0.35131 -0.00882
0.35348 -0.0069
0.35494 -0.0056
0.35567 -0.005050
-Inserting Flap Ga2-
0.4941 0.08565
0.494 0.08524
0.4938 0.08442
0.49351 0.08322
0.49312 0.0817
0.49265 0.079980
0.49211 0.078140
0.49151 0.07628
0.490850 0.07449
0.49016 0.07276
0.48942 0.0711
0.48866 0.06949
0.48787 0.06792
0.48706 0.06638
0.48623 0.06487
0.48538 0.06339
0.48452 0.06193
0.48364 0.06049
0.48275 0.05908
0.48185 0.057690
0.48093 0.05632
0.48 0.05497
0.47906 0.05364
0.47811 0.05233
0.477140 0.05104
0.47617 0.04976
0.47518 0.04851
0.47418 0.04728
0.47316 0.04606
0.47213 0.04487
0.4711 0.0437
0.470050 0.04253
0.469 0.041380
0.46794 0.04024
0.466870 0.03911
0.4658 0.03798
0.46472 0.03688
0.46363 0.03578
0.46253 0.03471
0.46142 0.03365
0.4603 0.0326
0.45917 0.03157
0.45803 0.030560
0.45688 0.02956
0.45573 0.02858
0.45456 0.0276
0.45339 0.02664
0.45221 0.02569
0.45102 0.02476
0.44983 0.02383
0.448620 0.02292
0.44741 0.02203000
0.446190 0.02115
0.44496 0.02028
0.44372 0.019430
0.44247 0.01859
0.441210 0.01777
0.43994 0.01696
0.43866 0.01617
0.437370 0.0154
0.43607 0.01464
0.43476 0.01390
0.43344 0.01317
0.43211 0.01246
0.43077 0.01177
0.42943 0.01109
0.42807 0.01043
0.4267 0.00978
0.42533 0.00914
0.42395 0.00851
0.42256 0.0079
0.42115 0.00732
0.41973 0.00676
0.41829 0.006230
0.41683 0.00573
0.41535 0.00526
0.41385 0.00481
0.41234 0.0044
0.4108 0.00402
0.40925 0.00367
0.40767 0.00335
0.40607 0.00309
0.40443 0.00287
0.40276 0.0027
0.40106 0.00259
0.39933 0.00253
0.397560 0.00251
0.39577 0.002550
0.39394 0.00263
0.39207 0.00279
0.39014 0.00305
0.38813 0.00342
0.38603 0.003950
0.38384 0.00464
0.381620 0.00548
0.37947 0.00644
0.37747 0.0075
0.37572 0.00863
0.37427 0.00981
0.37244 0.01217
0.3721 0.01328
0.37217 0.01431
0.37265 0.015220
0.37349 0.01602
0.3746 0.016720
0.37589 0.01735
0.3773000 0.01791
0.37876 0.01842
0.38024 0.01888
0.38176 0.0193
0.38329 0.01967
0.38486 0.02
0.38645 0.0203
0.38805 0.02057
0.38968 0.02080
0.39132 0.02101
0.39297 0.02121
0.39463 0.02139
0.3963 0.02156
0.39797 0.02172
0.39964 0.02189
0.40131 0.02205
0.40298 0.02222
0.40464 0.02239
0.4063 0.02257
0.40795 0.02276
0.4096 0.02296
0.411240 0.02318
0.41287 0.0234
0.4145 0.02364
0.41611 0.02389
0.41772 0.02415
0.41932 0.02443
0.42091 0.02472
0.42249 0.02503
0.42406 0.02535
0.42562 0.025690
0.42717 0.02604
0.42871 0.02642
0.43025 0.0268
0.43177 0.02721
0.43327 0.02763
0.43477 0.02807
0.43626 0.02853
0.43773 0.029
0.4392 0.0295
0.44065 0.03002
0.44208 0.03055
0.44351 0.031110
0.44492 0.03168
0.44633 0.03227
0.44772 0.03287
0.44911 0.03349
0.45049 0.03413
0.45185 0.03478
0.4532 0.03545
0.4545400 0.03615
0.45587 0.03687
0.45717 0.03761
0.45847 0.03837
0.45975 0.03916
0.46101 0.039980
0.46226 0.040810
0.4635 0.04167
0.46472 0.04255
0.46593 0.04346
0.46712 0.04439
0.46829 0.04535
0.46945 0.04633
0.47059 0.04734
0.47171 0.04838
0.47282 0.04945
0.47391 0.05054
0.47498 0.05167
0.47603 0.05282
0.47706 0.05401
0.47807 0.05523
0.47906 0.05649
0.48002 0.05778
0.48097 0.0591
0.4819 0.06045
0.48281 0.06182
0.48371 0.06323
0.48459 0.06466
0.48545 0.06611
0.4863 0.06759
0.48714 0.06909
0.48796 0.07061
0.48876 0.07217
0.48953 0.07376
0.49028 0.0754
0.491 0.07708
0.49168 0.07881
0.49231 0.080510
0.49287 0.08209
0.49334 0.083480
0.49371 0.08457
0.493960 0.08531
0.4941 0.08565
-Inserting Flap Ga2-
0.61374 0.20252
0.61374 0.20209
0.61373 0.20125
0.61371 0.20001
0.61367 0.19845
0.6136 0.19666
0.61349 0.19475
0.61332 0.1928
0.61309 0.19091
0.6128 0.18907
0.61245 0.18729
0.61207 0.18555
0.61165 0.18384
0.61121 0.182160
0.61074 0.1805
0.61025 0.17886
0.60974 0.17725
0.60921 0.17565
0.60866 0.17408
0.60809 0.17252
0.6075 0.17098
0.6069 0.169460
0.60628 0.16795
0.60565 0.16645
0.605 0.16498
0.60434 0.16352
0.60366 0.16207
0.60296 0.16064
0.60224 0.15924
0.60151 0.15784
0.60076 0.15646
0.6 0.1551
0.59924 0.15374
0.598460 0.15239
0.59768 0.15104
0.59689 0.14971
0.59608 0.14838
0.59527 0.147070
0.59444 0.14578
0.59359 0.1445
0.59274 0.143230
0.59187 0.14197
0.59099 0.14073
0.59009 0.13949
0.58919 0.13827
0.58827 0.13706
0.5873400 0.13586
0.58641 0.134670
0.58546 0.13350
0.5845 0.132330
0.58354 0.1311700
0.58256 0.13002
0.58157 0.128890
0.58056 0.12777
0.57954 0.12666
0.57851 0.12556
0.57747 0.12448
0.57642 0.12341
0.57535 0.12235
0.57427 0.12131
0.57317 0.12027
0.57206 0.11926
0.57094 0.11825
0.5698 0.11726
0.56865 0.11629
0.56749 0.11532
0.56632 0.11437
0.565140 0.11343
0.56394 0.11249
0.56274 0.11157
0.56152 0.11067
0.56028 0.10978
0.55902 0.10892
0.55773 0.10808
0.55642 0.10726
0.55509 0.10647
0.55373 0.1057
0.55235 0.10496
0.55094 0.10424
0.5495 0.10355
0.54804 0.1028900
0.54653 0.10227
0.544990 0.10168
0.5434 0.10115
0.54177 0.10065
0.54009 0.1002
0.53838 0.099790
0.53662 0.09942
0.53482 0.0991
0.53296 0.09883
0.53102 0.09864
0.52898 0.09856
0.52681 0.0986
0.52452 0.09878
0.52218 0.0991
0.51987 0.09955
0.51768 0.10014
0.51571 0.10084
0.514040 0.10167
0.51173 0.103550
0.51114 0.10456
0.51098 0.10557
0.511250 0.10657
0.51188 0.10754
0.5128 0.10847
0.51393 0.10938
0.51517 0.11024
0.51648 0.11106
0.51782 0.11185
0.5192 0.11259
0.52061 0.1133
0.52206 0.11398
0.52354 0.11463
0.52505 0.11525
0.52658 0.11584
0.52813 0.11642
0.5297 0.11698
0.53127 0.11753
0.53286 0.11807
0.53445 0.1186
0.53604 0.11914
0.53763 0.11967
0.539220 0.12021
0.5408 0.12075
0.54238 0.1213
0.54395 0.12186
0.5455 0.12243
0.54706 0.123
0.5486 0.12359
0.55013 0.12419
0.55164 0.12479
0.55315 0.12541
0.55465 0.12604
0.55613 0.12669
0.5576 0.12734
0.55906 0.12801
0.56050 0.12869
0.561930 0.12938
0.56335 0.13009
0.56476 0.13081
0.56615 0.13155
0.56752 0.1323
0.56888 0.13307
0.57023 0.13385
0.57156 0.13464
0.57287 0.13546
0.57417 0.1362800
0.57545 0.13713
0.57671 0.13799
0.577960 0.13887
0.5792 0.139760
0.58042 0.14066
0.58163 0.14158
0.58283 0.1425
0.58401 0.14345
0.58518 0.14441
0.58633 0.14538
0.58746 0.14638
0.58856 0.1474
0.58965 0.14844
0.59072 0.14949
0.59177 0.150570
0.5928 0.15167
0.59381 0.15278
0.59481 0.153910
0.59578 0.155070
0.59673 0.15624
0.59766 0.15744
0.598560 0.15866
0.59945 0.1599
0.60031 0.16117
0.601150 0.16245
0.60196 0.16377
0.60275 0.1651
0.603510 0.16647
0.60425 0.16786
0.60496 0.16927
0.605640 0.17072
0.60629 0.17219
0.60692 0.17369
0.60752 0.17522
0.6081 0.17676
0.60866 0.17833
0.60919 0.17992
0.60971 0.18153
0.6102 0.18316
0.610680 0.18481
0.61113 0.18648
0.61156 0.18818
0.61196 0.18991
0.61233 0.19167
0.61265 0.19347
0.61292 0.19531
0.61315 0.19711
0.61334 0.19877
0.61349 0.20023
0.6136 0.20138
0.61367 0.20216
0.61374 0.20252
*.*.Setup: Ga2.txt as Flap 1, Inverted: y, Scale = 1.0, AoA = 2.0, Reposition from (0,0) = (0, 0)*.*.
*.*.Setup: Ga2.txt as Flap 2, Inverted: y, Scale = 0.4, AoA = 32.0, Reposition from previous T.E. = (0.04, 0.06), Reposition from (0,0) = (1.0411, 0.0458)*.*.
*.*.Setup: Ga2.txt as Flap 3, Inverted: y, Scale = 0.4, AoA = 45.0, Reposition from previous T.E. = (0.04, 0.06), Reposition from (0,0) = (1.4307, 0.3011)*.*.
*.*.Setup: Scale Ratio = 0.35528*.*.