0.35126 0.05563
0.34929 0.053460
0.34643 0.05029
0.34304 0.04715
0.33891 0.04406
0.33386 0.04084
0.32774 0.03735
0.3205 0.03357
0.31224 0.029560
0.30317 0.02541
0.29355 0.02123
0.2836 0.01709
0.27347 0.01306
0.26327 0.00917
0.25304 0.00546
0.24277 0.00194
0.23243 -0.00141
0.22198 -0.0046
0.21137 -0.00766
0.20055 -0.01061
0.18949 -0.01349
0.17819 -0.01634
0.16673 -0.01917
0.15519 -0.02197
0.14374 -0.02473
0.13254 -0.02736
0.12177 -0.029810
0.1116 -0.03196
0.10214 -0.03373
0.09334 -0.03506
0.08508 -0.03591
0.07723 -0.03631
0.06971 -0.03626
0.06247 -0.035750
0.05548 -0.03481
0.04874 -0.03346
0.04228 -0.03171
0.03614 -0.0296
0.0304 -0.02722
0.02518 -0.02467
0.02056 -0.022090
0.016590 -0.01959
0.01326 -0.01722
0.010490 -0.015
0.00821 -0.01293
0.006310 -0.010980
0.00475 -0.00916
0.00346 -0.00746
0.00239 -0.00586
0.00154 -0.0043400
0.00087 -0.0029
0.00036 -0.001530
0.000086 -0.00021
-0.00012 0.00107000
0.000005 0.00235
0.00055 0.003540
0.00155 0.00449
0.00285 0.00521
0.00438 0.00578
0.00615 0.006280
0.0082 0.00675
0.0106 0.0072
0.01347 0.00767
0.01698 0.00815
0.02137 0.00866
0.02695 0.00921
0.03398 0.0098
0.04244 0.01037
0.05195 0.01082
0.06220 0.01108
0.073090 0.01117
0.08455 0.01114
0.096370 0.01106
0.10836 0.01097
0.12032 0.01088
0.13213 0.01083
0.143760 0.01086
0.1552 0.01097
0.16644 0.011210
0.177490 0.01158
0.18837 0.01213
0.19911 0.01285
0.2097 0.01377
0.2201800 0.01489
0.23054 0.01623
0.24081 0.01779
0.251 0.01958
0.26110 0.02161
0.27111 0.02386
0.28102 0.02635
0.29078 0.02905
0.30031 0.03195
0.30946 0.03499
0.31803 0.03811
0.32579 0.04121
0.33257 0.04423
0.33833 0.04712
0.34317 0.0499
0.34719 0.05254
0.35126 0.05563
-Inserting Flap s1223rtl-
0.50526 0.17122
0.50473 0.169850
0.50396 0.16786
0.50294 0.16578
0.50157 0.16360
0.49979 0.16119
0.49755 0.158470
0.49485 0.15541
0.49171 0.15205
0.48822 0.14849
0.48448 0.14481
0.48058 0.1411
0.47657 0.1374
0.47251 0.13376
0.4684 0.1302
0.46423 0.126710
0.46001 0.12329
0.4557 0.11993
0.4513 0.11661
0.44677 0.11329
0.44213 0.1099600
0.43737 0.10661
0.43252 0.10324
0.42764 0.09986
0.42279 0.09652
0.418030 0.09328
0.41344 0.09021
0.40908 0.08738
0.40498 0.08486
0.40111 0.08267
0.39741 0.08079
0.39382 0.0792
0.3903 0.07787
0.38683 0.07681
0.3834 0.076
0.38001 0.07542
0.37668 0.07508
0.37343 0.074970
0.37033 0.07505
0.36743 0.0753
0.36481 0.07568
0.36252 0.07614
0.36054 0.07664
0.35885 0.07718
0.35741 0.07774
0.35617 0.0783100
0.35512 0.07888
0.35421 0.07944
0.35343 0.08
0.35276 0.08056
0.35218 0.08111
0.3517 0.08166
0.35131 0.08221
0.35101 0.08278
0.35084 0.08341
0.35088 0.08406
0.35118 0.08468
0.35166 0.08525
0.35227 0.08579
0.353 0.08634
0.35388 0.08692
0.35492 0.08757
0.35617 0.0883
0.35773 0.08915
0.35968 0.09018
0.36219 0.09144
0.36537 0.09297
0.36921 0.09475
0.37357 0.09667
0.37831 0.09863
0.38338 0.10062
0.38873 0.10266
0.39426 0.10474
0.39987 0.10684
0.40547 0.10894
0.411 0.11104
0.41642 0.11313
0.42174 0.11524
0.42694 0.117360000
0.43204 0.11952
0.43702 0.12172
0.4419 0.12398
0.44668 0.12631
0.45137 0.12871
0.45597 0.13119
0.46048 0.13376
0.46491 0.1364200
0.46927 0.13918
0.47354 0.14203
0.47772 0.14496
0.481790 0.14797
0.48572 0.15103
0.489440 0.15409
0.492890 0.15708
0.49595 0.15992
0.49857 0.16254
0.50075 0.16493
0.502510 0.16709
0.503910 0.16904
0.50526 0.17122
-Inserting Flap s1223rtl-
0.65185 0.29929
0.65153 0.29786
0.65106 0.29578
0.65035 0.29358
0.649310 0.29122
0.64789 0.28858
0.64608 0.28556
0.64385 0.282140
0.64123 0.27837
0.63829 0.27434
0.63512 0.27015
0.6318 0.26591
0.62838 0.26168
0.62488 0.25748
0.62133 0.253360
0.61771 0.24931
0.61403 0.24531
0.61026 0.241360
0.60638 0.237430
0.60238 0.2335
0.59827 0.229530
0.59404 0.22553
0.58974 0.22148
0.5854 0.217430
0.58108 0.21343
0.57684 0.20954
0.57275 0.20583
0.56884 0.2024
0.56515 0.19931
0.56164 0.19658
0.55825 0.19418
0.554930 0.19209
0.55164 0.19027
0.54836 0.18872
0.54508 0.18741
0.541810 0.18635
0.53856 0.18553
0.53537 0.18495
0.532290 0.18458
0.52939 0.18441
0.52674 0.1844
0.5244 0.18452
0.52237 0.18474
0.52062 0.18503
0.519110 0.18537
0.51781 0.18576
0.51668 0.18617
0.5157 0.18659
0.51485 0.18703
0.5141 0.18748
0.51346 0.18795
0.5129 0.18842
0.51243 0.18891
0.51206 0.189430
0.51179 0.19002
0.51174 0.19068
0.51194 0.19134
0.51233 0.19197
0.51286 0.19259
0.513510 0.19324
0.5142900 0.19395
0.51522 0.19473
0.51636 0.19564
0.51778 0.19671
0.519560 0.19801
0.52186 0.19961
0.52478 0.20159
0.52833 0.20391
0.532360 0.20644
0.53677 0.20906
0.541500 0.21177
0.54649 0.214560
0.55166 0.21743
0.55691 0.22032
0.56215 0.22321
0.56731 0.226090
0.57237 0.22894
0.57733 0.2318
0.58217 0.23465
0.5869 0.237520
0.59151 0.240430
0.59601 0.24337
0.6004 0.24636
0.60469 0.24942
0.60888 0.25254
0.61298 0.25574
0.61698 0.259020
0.62089 0.262370
0.6247 0.26581
0.62841 0.26932
0.632 0.27289
0.63545 0.27648
0.63869 0.28005
0.64166 0.28351
0.64428 0.286760
0.6465 0.28974
0.6483 0.29241
0.64973 0.29481
0.65084 0.29694
0.65185 0.29929
*.*.Setup: s1223rtl.txt as Flap 1, Inverted: y, Scale = 1.0, AoA = 9.0, Reposition from (0,0) = (0, 0)*.*.
*.*.Setup: s1223rtl.txt as Flap 2, Inverted: y, Scale = 0.5, AoA = 30.0, Reposition from previous T.E. = (0.0, 0.075), Reposition from (0,0) = (0.9877, 0.2314)*.*.
*.*.Setup: s1223rtl.txt as Flap 3, Inverted: y, Scale = 0.5, AoA = 38.333333333333336, Reposition from previous T.E. = (0.02, 0.05), Reposition from (0,0) = (1.4407, 0.5314)*.*.
*.*.Setup: Scale Ratio = 0.35564*.*.