0.34681 0.03645
0.344780 0.03442
0.34181 0.03147
0.33833 0.02856
0.33413 0.02575
0.329020 0.022860
0.32285 0.01976
0.31557 0.01643
0.307270 0.01292
0.298170 0.00933
0.28854 0.00572
0.27858 0.00218
0.268460 -0.001250
0.25827 -0.00453
0.24806 -0.00764
0.23782 -0.010560
0.22753 -0.01331
0.21713 -0.0159
0.2065800 -0.01835
0.19584 -0.02068
0.18486 -0.02293
0.17365 -0.02514
0.16228 -0.02732
0.15084 -0.029480
0.13948 -0.03159
0.12838 -0.0336
0.11771 -0.03544
0.10764 -0.03702
0.09828 -0.03827
0.0896 -0.03912
0.08147 -0.03953
0.07376 -0.03952
0.0664 -0.03908
0.05934 -0.03822
0.05254 -0.03694
0.04601 -0.03526
0.039780 -0.03322
0.03387 -0.03084
0.02837 -0.02821
0.02339 -0.02545
0.019 -0.022690
0.01524 -0.02003
0.0121 -0.01754
0.00951 -0.01523
0.00737 -0.01308
0.005620 -0.01108
0.00418 -0.009220
0.003 -0.00748
0.00204 -0.00586
0.00128 -0.004330
0.0007 -0.00288
0.00028 -0.00151
0.000055 -0.00021
-6e-05 0.00105
0.00012 0.0023
0.00072 0.00344
0.00175 0.00432
0.003050 0.00495
0.00459 0.005440
0.00634 0.00583
0.00837 0.00618
0.01075 0.00651
0.01358 0.00681
0.01705 0.00711
0.02137 0.007380
0.02686 0.00764
0.03378 0.00785
0.04209 0.007980
0.05143 0.00793
0.06147 0.00766
0.07215 0.00718
0.08336 0.00657
0.09493 0.00589
0.10667 0.00518
0.11837 0.00448
0.129940 0.00383
0.14133 0.00325
0.152540 0.00278
0.16355 0.00243
0.1744 0.00223
0.185080 0.00221
0.19563 0.00236
0.20605 0.00272
0.21636 0.00328
0.22658 0.00406
0.23672 0.00506
0.24678 0.0063
0.25678 0.00776
0.2667 0.00946
0.27653 0.01138
0.28623 0.013530
0.29571 0.01587
0.30483 0.01838
0.31338 0.02099
0.32113 0.02363
0.327920 0.02624
0.33372 0.02878
0.3386 0.03125
0.34267 0.033630
0.34681 0.03645
-Inserting Flap s1223rtl-
0.51066 0.13096
0.50992 0.129730
0.50884 0.12794
0.5075 0.12611
0.5058 0.12423
0.50367 0.12221
0.50105 0.11996000
0.497920 0.11747
0.49432 0.11476
0.49034 0.11192
0.48611 0.109
0.4817 0.10608
0.47721 0.10319
0.47266 0.10037
0.46808 0.09763
0.46347 0.09497
0.45881 0.09239
0.45408 0.08987
0.44926 0.08741
0.44433 0.084980
0.43927 0.08256
0.4341 0.08013
0.428850 0.0777
0.42356 0.07527
0.41831 0.07287
0.41316 0.070550
0.40821 0.06837
0.40351 0.06638
0.399130 0.06465
0.39502 0.06318
0.39112 0.062
0.387380 0.06107
0.38376 0.0604
0.380230 0.05996
0.37677 0.05976
0.37340 0.05978
0.370130 0.06002
0.36698 0.06046
0.36399 0.061070
0.36124 0.0618
0.358780 0.06261
0.35663 0.06345
0.35481 0.064280
0.35327 0.06509
0.35197 0.06587
0.350880 0.06663
0.34996 0.06736
0.34918 0.06806
0.34851 0.068730
0.347960 0.06938
0.3475 0.070010
0.34713 0.070620
0.34685 0.07122
0.34666 0.07183
0.3466 0.07246
0.34675 0.07308
0.34714 0.07363
0.3477 0.0741
0.34838 0.07452
0.34919 0.07492
0.35013 0.07534
0.35124 0.07578
0.35258 0.07627
0.35422 0.07683
0.35629 0.07749
0.35892 0.07828
0.362250 0.07922
0.36627 0.08028
0.3708 0.0813900
0.37571 0.082480
0.38095 0.08354
0.38646 0.0846
0.392160 0.08566
0.39794 0.08674
0.40370 0.08782
0.40939 0.0889
0.41499 0.09
0.42048 0.09112
0.42587 0.09229
0.43115 0.09350
0.43634 0.09478
0.44144 0.09613
0.44645 0.09757
0.451390 0.09909
0.45625 0.10070
0.46105 0.10241
0.46578 0.10423
0.47045 0.10615
0.475060 0.10817
0.4796 0.1103
0.484040 0.112510
0.48836 0.11479
0.492480 0.11711
0.49631 0.11942
0.49975 0.12163
0.50273 0.12372
0.505240 0.12565
0.5073 0.127440
0.50899 0.12909
0.51066 0.13096
-Inserting Flap s1223rtl-
0.66047 0.25364
0.66007 0.25226
0.65949 0.25024
0.65867 0.24813
0.65751 0.245880
0.65598 0.243380
0.65403 0.24053
0.65165 0.23731
0.64888 0.23376
0.64577 0.22998
0.64243 0.22607
0.63893 0.22211
0.63534 0.21816
0.63168 0.214250
0.62797 0.21042
0.6242 0.20666
0.62036 0.20296
0.61644 0.19931
0.61242 0.19568
0.60829 0.19206
0.60403 0.18841
0.59967 0.18473
0.59522 0.18101
0.59075 0.1773
0.58629 0.17362
0.58192 0.17005
0.5777 0.16666
0.57368 0.16353
0.56989 0.16071
0.5663 0.15824
0.56285 0.15609
0.559470 0.15422
0.55615 0.15263
0.55285 0.1513
0.54957 0.150210
0.54631 0.14936
0.54308 0.14874
0.53992 0.14835
0.536880 0.14817
0.53403 0.14817
0.53144 0.14831
0.529160 0.14856
0.52718 0.14889
0.52549 0.14927
0.52403 0.14969
0.52278 0.15014
0.5217 0.15061
0.52076 0.15108
0.51995 0.15156
0.51925 0.15205
0.51864 0.15254
0.51812 0.15303
0.5177 0.15354
0.51735 0.15407
0.51713 0.15466
0.51712 0.15531
0.51735 0.15594
0.51777 0.15653
0.51832 0.15712
0.519 0.15772
0.5198 0.15836
0.52076 0.15908
0.52192 0.1599
0.52337 0.1608700
0.52519 0.16204
0.52753 0.16348
0.5305 0.16525
0.53411 0.16732
0.5382 0.16956
0.54266 0.17188
0.54745 0.17426
0.5525 0.17671
0.55772 0.17921
0.56303 0.18175
0.56832 0.18428
0.57353 0.1868
0.57865 0.18931
0.58367 0.19182
0.58857 0.19434
0.59336 0.19688
0.59804 0.199460
0.60261 0.20208
0.607080 0.20476
0.61146 0.207510
0.61574 0.21033
0.61993 0.21322
0.62403 0.2162
0.62805 0.21927
0.63198 0.22241
0.63581 0.22564
0.63953 0.22892
0.6431 0.23225
0.64648 0.235560
0.64959 0.23877
0.65234 0.24181
0.65468 0.24459
0.6566 0.24711
0.65813 0.24937
0.659340 0.25140
0.66047 0.25364
*.*.Setup: s1223rtl.txt as Flap 1, Inverted: y, Scale = 1.0, AoA = 6.0, Reposition from (0,0) = (0, 0)*.*.
*.*.Setup: s1223rtl.txt as Flap 2, Inverted: y, Scale = 0.5, AoA = 20.0, Reposition from previous T.E. = (0.0, 0.1), Reposition from (0,0) = (0.9945, 0.2045)*.*.
*.*.Setup: s1223rtl.txt as Flap 3, Inverted: y, Scale = 0.5, AoA = 35.0, Reposition from previous T.E. = (0.02, 0.065), Reposition from (0,0) = (1.4844, 0.4405)*.*.
*.*.Setup: Scale Ratio = 0.34872*.*.