0.38854 -0.005520
0.38774 -0.00637
0.38616 -0.00802
0.383810 -0.010470
0.38082 -0.01352
0.37735 -0.01696
0.37356 -0.02058
0.36961 -0.02415
0.36561 -0.0275
0.36162 -0.03062
0.357610 -0.03355
0.3536 -0.03631
0.34958 -0.03894
0.34556 -0.04148
0.34154 -0.04392
0.33751 -0.04627
0.33349 -0.04855
0.32945 -0.050740
0.325420 -0.05286
0.321380 -0.05492
0.31735 -0.0569
0.3133 -0.05882
0.30926 -0.06069
0.30522 -0.06249
0.30117 -0.06424
0.29712 -0.06592
0.29307 -0.06753
0.28901 -0.06908
0.28496 -0.07056
0.2809 -0.071970
0.27684 -0.07334
0.272780 -0.07466
0.26871 -0.07594
0.26465 -0.0772
0.26058 -0.07843
0.25652 -0.07962
0.25245 -0.08077
0.248380 -0.08186
0.24431 -0.08291
0.24024 -0.0839
0.23616 -0.08484
0.23208 -0.085730
0.228 -0.08657
0.22392 -0.0873600
0.21984 -0.08812
0.21576 -0.08883
0.21168 -0.08949
0.20759 -0.09013
0.2035 -0.09072
0.19941 -0.09127
0.19532 -0.09178
0.19123 -0.09225
0.18714 -0.09267
0.18304 -0.09303
0.17895 -0.09335
0.17485 -0.09363
0.17075 -0.09385
0.16665 -0.09402
0.16254 -0.09414
0.15844 -0.09421
0.15433 -0.09424
0.15022 -0.0942
0.14611 -0.09412
0.142 -0.09398
0.13788 -0.093790
0.13376 -0.09355
0.12965 -0.09327
0.12553 -0.09295
0.12141 -0.092590
0.11728 -0.09218
0.113160 -0.09171
0.10903 -0.09118
0.1049 -0.09056
0.10077 -0.08984
0.096630 -0.08903
0.0925 -0.08813
0.08835 -0.08713
0.08421 -0.08604
0.08006 -0.08486
0.0759 -0.08356
0.07175 -0.082150
0.06758 -0.08059
0.06342 -0.07887
0.05924 -0.07699
0.05506 -0.07493
0.05088 -0.07271
0.04669 -0.07033
0.04249 -0.0678
0.03829 -0.0651
0.03408 -0.06217
0.02986 -0.05893
0.02562 -0.05529
0.02137 -0.05118
0.01713 -0.046550
0.01304 -0.04155
0.00927 -0.03634
0.005990 -0.0311
0.00337 -0.02603
0.00156 -0.02127
0.00046 -0.013190
0.00117 -0.01009
0.00274 -0.00776
0.00512 -0.00627
0.00819 -0.00552
0.01177 -0.00536
0.0157 -0.00565
0.0198 -0.00625
0.02393 -0.00703
0.028080 -0.00797
0.03222 -0.00905
0.03637 -0.01027
0.04053 -0.01161
0.04469 -0.01308
0.04885 -0.01465
0.05302 -0.01631
0.057180 -0.01805
0.06135 -0.019840
0.06553 -0.02168
0.06970 -0.02355
0.07387 -0.02545
0.07805 -0.027350
0.08222 -0.02924
0.08640 -0.03112
0.09057 -0.03298
0.09474 -0.03482
0.09891 -0.03663
0.10308 -0.0384
0.10725 -0.04014
0.11142 -0.04184
0.11558 -0.0435
0.11975 -0.04511
0.12391 -0.04668
0.12807 -0.04821
0.13223 -0.04969
0.13639 -0.05112
0.14055 -0.0525
0.1447 -0.05383
0.14885 -0.05511
0.15301 -0.05634
0.15715 -0.057510
0.16130 -0.05863
0.16545 -0.0597
0.16959 -0.0607
0.17373 -0.06165
0.1778700 -0.062530
0.18201 -0.063350
0.18614 -0.06411
0.19027 -0.06481
0.1944 -0.06544
0.19853 -0.06602
0.20266 -0.06654
0.20678 -0.06702
0.210910 -0.06745
0.21503 -0.06783
0.21915 -0.06815
0.223260 -0.06840
0.22738 -0.06859
0.23149 -0.0687
0.2356 -0.06873
0.2397 -0.06868
0.24381 -0.06856
0.24791 -0.068370
0.25201 -0.0681
0.25610 -0.06776
0.2602 -0.06734
0.26429 -0.06685
0.2683800 -0.06627
0.27246 -0.06561
0.27654 -0.064860
0.28062 -0.06403
0.2847 -0.06311
0.28877 -0.06209
0.29284 -0.06099
0.296910 -0.05979
0.30097 -0.05849
0.30503 -0.05708
0.30908 -0.05557
0.31313 -0.05395
0.31718 -0.05222
0.32123 -0.05039
0.32527 -0.048470
0.3293 -0.046460
0.33334 -0.04437
0.33737 -0.04219
0.3414 -0.03994
0.34543 -0.0376
0.34945 -0.035190
0.35347 -0.0327
0.35749 -0.03011
0.3615 -0.0274
0.36551 -0.024560
0.36951 -0.02155
0.37349 -0.0184
0.37729 -0.01524
0.38077 -0.01226
0.38378 -0.00963
0.38614 -0.00754
0.38774 -0.00612
0.38854 -0.005520
-Inserting Flap Ga2-
0.51388 0.09357
0.51378 0.09311
0.51356 0.09222
0.51323 0.09091
0.512810 0.08925
0.5123 0.087370
0.51171 0.085360
0.51105 0.08333
0.51034 0.08137
0.50958 0.07949
0.50878 0.07767
0.50794 0.07591
0.50707 0.0742
0.50619 0.07252
0.50528 0.07087
0.50436 0.06924
0.50342 0.06765
0.50246 0.06608
0.50149 0.06454
0.5005 0.063020
0.4995 0.06153
0.49848 0.06005
0.49746 0.0586
0.49641 0.05717
0.49536 0.05575
0.4943 0.05436
0.49322 0.05299
0.49212 0.05164
0.49101 0.05032
0.489890 0.04902
0.48875 0.04773
0.48761 0.04646
0.48646 0.045210
0.48530 0.04396
0.48414 0.04272
0.48297 0.04149
0.48179 0.04028
0.48060 0.03909
0.4794 0.03791
0.47819 0.03676
0.47696 0.03562
0.47573 0.03449
0.47448 0.033380
0.47323 0.03229
0.47197 0.03122
0.47069 0.03015
0.46941 0.0291
0.46812 0.02807
0.46683 0.02705
0.46552 0.02604
0.4642 0.02504
0.46288 0.02406000
0.46155 0.0231
0.4602 0.02215
0.45885 0.021220
0.45748 0.02031
0.4561 0.01941
0.45472 0.01853
0.45332 0.01767
0.45191 0.01682
0.45049 0.01599
0.44906 0.015180
0.44762 0.01439
0.44617 0.01362
0.44471 0.01286
0.443230 0.01212
0.44175 0.01139
0.44026 0.01068
0.43876 0.00998
0.43725 0.0093
0.43573 0.00863
0.43419 0.00799
0.43264 0.00738
0.43106 0.00680
0.42947 0.00626
0.42785 0.00574
0.42622 0.00526
0.42457 0.00481
0.42289 0.00439
0.42119 0.004
0.41947 0.00366
0.417720 0.00337
0.41593 0.00313
0.41411 0.00295
0.41225 0.00283
0.410350 0.00276
0.40843 0.00274
0.40647 0.002780
0.40447 0.00288
0.40243 0.00305
0.40032 0.00333
0.39812 0.00374
0.39583 0.004320
0.39343 0.00507
0.39101 0.00599
0.38866 0.00704
0.38648 0.00819
0.38456 0.00943
0.38298 0.01072
0.38098 0.01329
0.38061 0.01451
0.38069 0.01563
0.38122 0.016620
0.38213 0.0175
0.383340 0.018270
0.38476 0.01895
0.3863 0.01957
0.38788 0.02012
0.38951 0.02063
0.39116 0.02108
0.39284 0.02149
0.39455 0.02185
0.39628 0.02218
0.39804 0.02247
0.39981 0.022720
0.401610 0.02296
0.40341 0.02317
0.4052200 0.02337
0.40704 0.02355
0.408870 0.02373
0.41069 0.02391
0.41252 0.02409
0.41434 0.02427
0.41616 0.02446
0.41797 0.02466
0.4197800 0.02487
0.42158 0.02508
0.42337 0.02532
0.42515 0.02556
0.42693 0.02582
0.428690 0.02609
0.43045 0.02638
0.43219 0.02669
0.43393 0.02701
0.43566 0.02734
0.43737 0.02769
0.43908 0.028060
0.44077 0.02845
0.44246 0.02886
0.44413 0.02928
0.44579 0.02972
0.44744 0.03018
0.44907 0.03066
0.4507 0.03116
0.45231 0.03168
0.45391 0.03223
0.45549 0.03279
0.45706 0.03338
0.45862 0.033980
0.46016 0.03461
0.4617 0.03525
0.46322 0.03591
0.46474 0.03659
0.46624 0.03728
0.46773 0.03799
0.46921 0.03873
0.47067 0.03949
0.47212 0.04027
0.47355 0.04108
0.47496 0.04192
0.47636 0.04278
0.47774 0.043670
0.47911 0.044580
0.48046 0.04552
0.48179 0.04648
0.48311 0.04747
0.48441 0.04849
0.48569 0.04954
0.48696 0.05061
0.4882 0.05172
0.48943 0.05285
0.49064 0.05402
0.49183 0.05521
0.493 0.05644
0.49414 0.0577
0.49527 0.059
0.49637 0.06034
0.49745 0.06171
0.49851 0.06312
0.49954 0.06456
0.50056 0.06603
0.50155 0.06754
0.50253 0.06907
0.50349 0.07063
0.504440 0.07222
0.50537 0.07383
0.506280 0.07547
0.50717 0.07714
0.50805 0.07884
0.5089 0.08058
0.50972 0.08237
0.5105 0.08421
0.51125 0.08609
0.51193 0.087950
0.51254 0.08968
0.513060 0.091190
0.51346 0.09239
0.51373 0.0932
0.51388 0.09357
-Inserting Flap Ga2-
0.60576 0.22123
0.60576 0.22077
0.60575 0.21985
0.60573 0.21849
0.60569 0.21679
0.605610 0.21483
0.60549 0.21274
0.60531 0.21062
0.60505 0.20855
0.60474 0.20655
0.60436 0.2046
0.60394 0.20269
0.603490 0.20083
0.603 0.198990
0.60249 0.19718
0.60196 0.19539
0.6014 0.19363
0.60082 0.19189
0.60022 0.19016
0.5996 0.18846
0.59896 0.18678
0.59830 0.185120
0.59762 0.18347
0.596930 0.18184
0.59622 0.18022
0.5955 0.17863
0.59475 0.17705
0.59399 0.17549
0.59321 0.17395
0.59241 0.17243
0.59159 0.17092
0.59076 0.16943
0.58992 0.16794
0.58908 0.16647
0.58822 0.165
0.58736 0.16354
0.58648 0.1621
0.58559 0.160660
0.58468 0.15925
0.58376 0.15785
0.58283 0.156460
0.58188 0.15509
0.58091 0.15373
0.57994 0.15238
0.578950 0.15105
0.57795 0.14973
0.57693 0.14842
0.57591 0.147120
0.57488 0.145830
0.57383 0.144550
0.57277 0.1432900
0.5717 0.14204
0.57062 0.14080
0.56952 0.13957
0.56841 0.13836
0.56729 0.13716
0.56615 0.13598
0.565 0.13481
0.56383 0.13366
0.562650 0.13251
0.56145 0.13139
0.56024 0.13028
0.559010 0.12918
0.55777 0.1281
0.55652 0.12703
0.55525 0.12598
0.55397 0.12494
0.55267 0.12391
0.55137 0.12289
0.55005 0.12188
0.54872 0.12089
0.54737 0.11993
0.54599 0.11898
0.54458 0.11806
0.54315 0.11717
0.54170 0.11631
0.54021 0.11547
0.5387 0.11465
0.53717 0.11387
0.5356 0.11312
0.53399 0.112400
0.53235 0.11172
0.53066 0.11108
0.52893 0.11049
0.52715 0.10996
0.52532 0.10946
0.52344 0.109020
0.52152 0.10861
0.51956 0.10825
0.51753 0.10796
0.51541 0.10776
0.51318 0.10767
0.51081 0.10771
0.50831 0.10791
0.50574 0.10826
0.50322 0.10875
0.50083 0.10939
0.49868 0.11016
0.49686 0.11106
0.49433 0.113120
0.49369 0.11422
0.49351 0.11533
0.49381 0.11642
0.4945 0.11747
0.4955 0.1185
0.49673 0.11948
0.49809 0.12043
0.49952 0.12133
0.50098 0.12218
0.50249 0.123
0.50404 0.12377
0.50562 0.12451
0.50724 0.12522
0.50888 0.12589
0.51056 0.12655
0.51225 0.12717
0.51396 0.12779
0.51568 0.12839
0.51741 0.12898
0.51915 0.12956
0.52089 0.13015
0.52263 0.13073
0.52436 0.13132
0.52609 0.13191
0.52781 0.13251
0.52952 0.13312
0.53123 0.13374
0.53292 0.13437
0.5346 0.13501
0.53628 0.13566
0.53793 0.13632
0.53958 0.137
0.54121 0.13769
0.54283 0.13839
0.54444 0.13911
0.54603 0.13984
0.54761 0.14058
0.54918 0.14134
0.55073 0.14211
0.55226 0.1429
0.553780 0.14371
0.55528 0.14453
0.55677 0.14536
0.55824 0.14621
0.55969 0.14708
0.56112 0.14797
0.56254 0.1488800
0.56394 0.1498
0.56532 0.15074
0.56668 0.1517
0.56803 0.152670
0.56937 0.15366
0.57069 0.15466
0.572 0.15567
0.5733 0.1567
0.57457 0.15775
0.57582 0.15882
0.57706 0.15991
0.57827 0.16102
0.57946 0.16215
0.58062 0.16331
0.58177 0.164480
0.5829 0.16568
0.584 0.1669
0.58509 0.168140
0.58615 0.16940
0.58719 0.17068
0.5882 0.17199
0.58919 0.17332
0.59016 0.17468
0.5911 0.17606
0.59201 0.17747
0.5929 0.1789
0.59376 0.18036
0.5946 0.18185
0.5954 0.18337
0.596180 0.18492
0.59692 0.1865
0.597630 0.18811
0.59832 0.18974
0.59897 0.19141
0.59961 0.1931
0.60021 0.19481
0.6008 0.19655
0.601360 0.19831
0.60191 0.20009
0.60242 0.20189
0.60292 0.20372
0.60339 0.20557
0.60383 0.20746
0.60422 0.20938
0.60457 0.21135
0.60488 0.21336
0.60513 0.21532
0.60533 0.21714
0.6055 0.21873
0.60561 0.21999
0.6057 0.22084
0.60576 0.22123
*.*.Setup: Ga2.txt as Flap 1, Inverted: y, Scale = 1.0, AoA = 2.0, Reposition from (0,0) = (0, 0)*.*.
*.*.Setup: Ga2.txt as Flap 2, Inverted: y, Scale = 0.4, AoA = 32.0, Reposition from previous T.E. = (-0.0267, 0.06), Reposition from (0,0) = (0.9744, 0.0458)*.*.
*.*.Setup: Ga2.txt as Flap 3, Inverted: y, Scale = 0.4, AoA = 45.0, Reposition from previous T.E. = (-0.06, 0.06), Reposition from (0,0) = (1.2641, 0.3011)*.*.
*.*.Setup: Scale Ratio = 0.38811*.*.