0.35975 0.05698
0.35774 0.054750
0.3548 0.0515
0.35134 0.04829
0.3471 0.04512
0.34193 0.04183
0.33566 0.03826
0.32825 0.03438
0.31979 0.030280
0.3105 0.02603
0.30064 0.02174
0.29045 0.0175
0.28008 0.01337
0.26964 0.0094
0.25915 0.0056
0.24863 0.00198
0.23805 -0.00145
0.22735 -0.00472
0.21648 -0.00784
0.2054 -0.01086
0.19407 -0.01382
0.1825 -0.01673
0.17076 -0.01963
0.15894 -0.0225
0.14722 -0.02532
0.13574 -0.02803
0.12471 -0.030530
0.11429 -0.03273
0.10461 -0.03455
0.0956 -0.0359
0.08714 -0.03678
0.0791 -0.03719
0.0714 -0.03713
0.06398 -0.036620
0.05682 -0.03566
0.04992 -0.03427
0.0433 -0.03247
0.03701 -0.03032
0.03114 -0.02788
0.02578 -0.02527
0.02105 -0.022630
0.0170 -0.02006
0.01358 -0.01764
0.010750 -0.01536
0.0084 -0.01324
0.006470 -0.011250
0.00486 -0.00939
0.00354 -0.00764
0.00245 -0.006
0.00158 -0.0044400
0.00089 -0.00297
0.00037 -0.001560
0.000086 -0.00022
-0.00012 0.00109000
0.000005 0.00241
0.00057 0.003630
0.00158 0.0046
0.00292 0.00533
0.00449 0.00592
0.0063 0.006430
0.00839 0.00691
0.01085 0.00738
0.0138 0.00785
0.01739 0.00834
0.02189 0.00887
0.0276 0.00943
0.0348 0.01003
0.04346 0.01062
0.05321 0.01108
0.06370 0.01135
0.074860 0.01144
0.08659 0.01141
0.09870 0.01133
0.11097 0.01123
0.12322 0.01114
0.13533 0.0111
0.147240 0.01112
0.15895 0.01124
0.17046 0.011480
0.181780 0.01186
0.19293 0.01242
0.20392 0.01316
0.21477 0.0141
0.225500 0.01525
0.23611 0.01662
0.24663 0.01822
0.25706 0.02006
0.267410 0.02213
0.27766 0.02444
0.28781 0.02699
0.29781 0.02976
0.30757 0.03272
0.31694 0.03584
0.32572 0.03903
0.33366 0.04221
0.3406 0.04529
0.34651 0.04826
0.35146 0.0511
0.35558 0.05381
0.35975 0.05698
-Inserting Flap s1223rtl-
0.53088 0.13748
0.53011 0.13619
0.52898 0.13432
0.52758 0.13241
0.52581 0.13045
0.52358 0.12834
0.52085 0.12599
0.51758 0.12338
0.513820 0.12056
0.50966 0.11759
0.50523 0.11454
0.50064 0.11149
0.49594 0.10847
0.49119 0.10553
0.48641 0.10266
0.481590 0.09988
0.47672 0.09719
0.47178 0.094570
0.46675 0.091990
0.4616 0.08945
0.45632 0.08692
0.45092 0.08439
0.44543 0.081850
0.43991 0.07931
0.43442 0.076810
0.42905 0.07439
0.42387 0.07211
0.41897 0.07003
0.41439 0.06821
0.4101 0.06669
0.40603 0.06545
0.40212 0.06448
0.39833 0.06378
0.39465 0.06332
0.39104 0.06311
0.38752 0.06313
0.3841 0.06338
0.38081 0.06384
0.37769 0.06448
0.37482 0.06525
0.37224 0.066090
0.37 0.06697
0.3681 0.06783
0.36649 0.06867
0.365140 0.06949
0.364 0.07029
0.36303 0.07105
0.36221 0.07178
0.36152 0.07248
0.36095 0.07316
0.360470 0.07382
0.36008 0.07446
0.35979 0.075090
0.35959 0.07572
0.359520 0.07637
0.35968 0.07702
0.36009 0.0776
0.360670 0.07809
0.36139 0.07852
0.36223 0.07895
0.363210 0.07938
0.36437 0.07985
0.36577 0.08036
0.36749 0.08095
0.36965 0.08163
0.3724 0.08245
0.37587 0.08344
0.38007 0.08455
0.384810 0.08571
0.38993 0.08684
0.39540 0.08795
0.40116 0.089050
0.40711 0.09017
0.41315 0.09129
0.41917 0.09242
0.42511 0.09355
0.43095 0.09469
0.43669 0.09587
0.44232 0.09709
0.44784 0.09836
0.453260 0.09969
0.45858 0.1011
0.46382 0.1026
0.46897 0.10419
0.47405 0.10587
0.47906 0.10766
0.484 0.10956
0.48889 0.11156
0.4937 0.11368
0.49844 0.11589
0.50308 0.11821
0.507580 0.12059
0.51189 0.12302
0.515890 0.12542
0.51949 0.12774
0.5226 0.12992
0.52522 0.13194
0.52738 0.1338
0.529140 0.13553
0.53088 0.13748
-Inserting Flap s1223rtl-
0.66281 0.26864
0.662480 0.26718
0.662 0.26505
0.661270 0.26279
0.6602 0.26038
0.65875 0.25768
0.6569 0.25458
0.654610 0.251080
0.65193 0.24722
0.64892 0.24309
0.64568 0.23881
0.64227 0.23446
0.63877 0.23012
0.6351900 0.22583
0.63155 0.221610
0.62785 0.21746
0.62407 0.21337
0.62021 0.20932
0.61624 0.20530
0.61215 0.20127
0.60793 0.19720
0.60360 0.1931
0.59919 0.18896
0.59475 0.1848100
0.59033 0.18071
0.58599 0.17672
0.58179 0.17293
0.57779 0.16942
0.57401 0.16625
0.57042 0.16346
0.56695 0.161
0.56354 0.15885
0.560170 0.15699
0.55681 0.1554
0.55346 0.15407
0.55011 0.15298
0.54679 0.15214
0.54352 0.15154
0.54036 0.15117
0.53738 0.15099
0.53468 0.15098
0.53228 0.15111
0.5302 0.15133
0.5284 0.15162
0.52686 0.15198
0.52553 0.15237
0.52437 0.15279
0.52337 0.15323
0.52249 0.15368
0.52173 0.15414
0.52107 0.15461
0.5205 0.1551
0.52002 0.1556
0.51964 0.156140
0.51937 0.15674
0.51931 0.15741
0.51952 0.15808
0.51992 0.15873
0.520460 0.15937
0.52112 0.16004
0.52192 0.16076
0.52288 0.16156
0.52405 0.16249
0.52549 0.16359
0.52732 0.16492
0.529680 0.16656
0.53267 0.16859
0.5363 0.17096
0.54043 0.17355
0.54494 0.17624
0.54979 0.17901
0.55491 0.181870
0.5602 0.1848
0.56558 0.18777
0.57094 0.19073
0.57622 0.193670
0.58141 0.1966
0.58649 0.19952
0.59145 0.20245
0.59629 0.205390
0.60101 0.208360
0.60562 0.21137
0.61012 0.21444
0.61451 0.21757
0.6188 0.22077
0.623 0.22404
0.62709 0.22740
0.6311 0.230840
0.6350 0.23436
0.6388 0.23795
0.64248 0.24161
0.64601 0.24529
0.649330 0.24894
0.65237 0.25248
0.65506 0.255820
0.65733 0.25886
0.659170 0.2616
0.66064 0.26405
0.66177 0.26624
0.66281 0.26864
*.*.Setup: s1223rtl.txt as Flap 1, Inverted: y, Scale = 1.0, AoA = 9.0, Reposition from (0,0) = (0, 0)*.*.
*.*.Setup: s1223rtl.txt as Flap 2, Inverted: y, Scale = 0.5, AoA = 20.0, Reposition from previous T.E. = (0.0, 0.05), Reposition from (0,0) = (0.9877, 0.2064)*.*.
*.*.Setup: s1223rtl.txt as Flap 3, Inverted: y, Scale = 0.5, AoA = 38.333333333333336, Reposition from previous T.E. = (-0.03, 0.05), Reposition from (0,0) = (1.4275, 0.4274)*.*.
*.*.Setup: Scale Ratio = 0.36423*.*.