0.3817900000 -0.01876
0.38098 -0.01957
0.37937 -0.02115
0.37697 -0.02347
0.37393 -0.02636
0.3704 -0.02963
0.36655 -0.03305
0.36254 -0.03643
0.3585 -0.03959
0.354460 -0.04252
0.35042 -0.04526
0.34638 -0.04784
0.34235 -0.05029
0.33831 -0.05264
0.33427 -0.0549
0.33023 -0.05708
0.32619 -0.05918
0.32215 -0.0612
0.31811 -0.06314
0.31407 -0.06502
0.31004 -0.06684
0.306 -0.06859
0.30196 -0.07028
0.29792 -0.07192
0.29388 -0.073490
0.28984 -0.075
0.28580 -0.07645
0.28177 -0.07784
0.27773 -0.07915
0.27369 -0.0804
0.26965 -0.0816
0.26561 -0.08276
0.261570 -0.08389
0.25753 -0.08498
0.25349 -0.086050
0.24946 -0.08708
0.24542 -0.08807
0.24138 -0.08901
0.237340 -0.08989
0.2333 -0.090730
0.22926 -0.09151
0.22522 -0.09225
0.22119 -0.09293
0.21715 -0.09358
0.21311 -0.09418
0.20907 -0.09473
0.20503 -0.09525
0.20099 -0.09573
0.19695 -0.09617
0.19291 -0.09658
0.18888 -0.09694
0.18484 -0.09725
0.1808 -0.09753
0.17676 -0.09775
0.17272 -0.09792
0.16868 -0.09805
0.16464 -0.09813
0.1606 -0.09815
0.15657 -0.09813
0.15253 -0.09806
0.14849 -0.09794
0.144450 -0.09777
0.14041 -0.09755
0.13637 -0.09727
0.13233 -0.09694
0.1283 -0.09656
0.12426 -0.09614
0.120220 -0.09569
0.11618 -0.09519
0.11214 -0.09465
0.1081 -0.09405
0.10406 -0.093380
0.10002 -0.092630
0.095990 -0.09179
0.09195 -0.09085
0.08791 -0.08982
0.08387 -0.0887
0.07983 -0.08748
0.07579 -0.08617
0.07175 -0.08476
0.06772 -0.08322
0.06368 -0.08155
0.05964 -0.0797200
0.0556 -0.07772
0.05156 -0.0755600
0.04752 -0.073230
0.04348 -0.07075
0.03944 -0.06811
0.03541 -0.06532
0.03137 -0.06229
0.027330 -0.05896
0.02329 -0.055240
0.01925 -0.05105
0.01524 -0.04636
0.01139 -0.04129
0.00786 -0.03604
0.00482 -0.03078
0.00242 -0.0257
0.00081 -0.02096
0.000000 -0.01299
0.00081 -0.00996
0.00242 -0.00773
0.00482 -0.00634
0.00786 -0.00571
0.01139 -0.00568
0.01524 -0.0061
0.01925 -0.00683
0.02329 -0.00774
0.027330 -0.0088
0.03137 -0.01
0.03541 -0.01134
0.03944 -0.01281
0.04348 -0.01439
0.04752 -0.01608
0.05156 -0.01786
0.0556 -0.01971
0.05964 -0.02162
0.06368 -0.02357
0.06772 -0.02555
0.07175 -0.02755
0.07579 -0.02956
0.07983 -0.03157
0.08387 -0.03356
0.08791 -0.03554
0.09195 -0.03749
0.095990 -0.03941
0.10002 -0.04129
0.10406 -0.04315
0.1081 -0.04496
0.11214 -0.04673
0.11618 -0.04846
0.120220 -0.05015
0.12426 -0.05179
0.1283 -0.053390
0.13233 -0.05494
0.13637 -0.05644
0.14041 -0.057890
0.144450 -0.0592900
0.14849 -0.06064
0.15253 -0.06194
0.15657 -0.06318
0.1606 -0.06437
0.16464 -0.0655
0.16868 -0.06657
0.17272 -0.06758
0.17676 -0.06853
0.1808 -0.06942
0.18484 -0.07025
0.18888 -0.07101
0.19291 -0.071720
0.19695 -0.072380
0.20099 -0.07299
0.20503 -0.07355
0.20907 -0.074060
0.21311 -0.07452
0.21715 -0.07491
0.22119 -0.07524
0.22522 -0.07549
0.22926 -0.07566
0.2333 -0.07575
0.237340 -0.07578
0.24138 -0.07573
0.24542 -0.0756
0.24946 -0.07541
0.25349 -0.075140
0.25753 -0.07479
0.261570 -0.07436
0.26561 -0.07385
0.26965 -0.07326
0.27369 -0.07258
0.27773 -0.07181
0.28177 -0.07096
0.28580 -0.07001
0.28984 -0.06897
0.29388 -0.06783
0.29792 -0.06659
0.30196 -0.06524
0.306 -0.06379
0.31004 -0.06223
0.31407 -0.06057
0.31811 -0.05882
0.32215 -0.05698
0.32619 -0.05506
0.33023 -0.053060
0.33427 -0.05098
0.33831 -0.04883
0.34235 -0.04659
0.34638 -0.04428
0.35042 -0.04188
0.354460 -0.03935
0.3585 -0.03669
0.36254 -0.033880
0.36655 -0.03091
0.3704 -0.02794
0.37393 -0.02513
0.37697 -0.02265
0.37937 -0.020670
0.38098 -0.01933
0.3817900000 -0.01876
-Inserting Flap Ga2-
0.49237 0.082530
0.49227 0.082080
0.49205 0.0812
0.49173 0.07991
0.49131 0.07828
0.490810 0.076430
0.490230 0.07445
0.48958 0.07245
0.48888 0.07053
0.48813 0.068680
0.48735 0.06689
0.486520 0.065160
0.48567 0.06347
0.48480 0.06182
0.48391 0.06019
0.483 0.0586
0.48208 0.05703
0.48113 0.05549
0.4801800 0.05397
0.47921 0.05248
0.47822 0.05101
0.47722 0.04956
0.47621 0.04813
0.47519 0.04672
0.47415 0.04533
0.4731 0.04396
0.47204 0.04261
0.47096 0.04129
0.46987 0.03998
0.46877 0.0387
0.46765 0.03744
0.46653 0.03619
0.465390 0.034950
0.46426 0.03372
0.46311 0.03251
0.46196 0.0313
0.4608 0.03011
0.45963 0.02894
0.45845 0.02778
0.45725 0.02664
0.45605 0.02552
0.45484 0.02441
0.45361 0.023320
0.45238 0.02225
0.45114 0.02119
0.44988 0.02014
0.44862 0.01911
0.447350 0.01809
0.44608 0.01709
0.44479 0.0161
0.4435 0.01512
0.4422 0.01415
0.44089 0.01321
0.439560 0.01227
0.43823 0.011360
0.436890 0.01046
0.43553 0.00958
0.43417 0.00871
0.43279 0.00786
0.43141 0.00703
0.43001 0.00622
0.42861 0.005420
0.42719 0.00464
0.42576 0.00388
0.42432 0.00313
0.42287 0.0024
0.421410 0.00169
0.41995 0.00099
0.41847 0.0003
0.41699 -0.00037
0.41549 -0.00103
0.41398 -0.00165
0.41245 -0.00226
0.4109 -0.00282
0.40933 -0.00336
0.40774 -0.00387
0.40613 -0.00435
0.40451 -0.00479
0.40286 -0.0052
0.40119 -0.00558
0.399490 -0.00591
0.39777 -0.0062
0.39601 -0.00644
0.39422 -0.00661
0.392390 -0.00674
0.39053 -0.0068
0.38863 -0.00682
0.3867 -0.006780
0.38474 -0.00669
0.38273 -0.00652
0.38065 -0.00624
0.37849 -0.005840
0.37623 -0.005270
0.37388 -0.00453
0.3715 -0.00363
0.36919 -0.0026
0.36704 -0.00146
0.36515 -0.000240
0.3636 0.00102
0.36163 0.00356
0.36127 0.00476
0.36134 0.00586
0.36186 0.00683
0.36276 0.00769
0.36395 0.00845
0.36534 0.00913
0.36686 0.00973
0.36842 0.01028
0.37002 0.01077
0.37164 0.01122
0.3733 0.011620
0.37498 0.01198
0.37668 0.0123
0.37841 0.01258
0.38016 0.012840
0.38192 0.01306
0.38369 0.01327
0.38548 0.01347
0.387270 0.01365
0.38906 0.01383
0.39086 0.014
0.39265 0.01418
0.39445 0.01436
0.39624 0.01454
0.39802 0.01474
0.3998 0.014940
0.40157 0.01516
0.40333 0.01539
0.40508 0.01563
0.40683 0.0158800
0.40857 0.01615
0.41029 0.01643
0.41201 0.016730
0.41372 0.01705
0.415420 0.01738
0.41711 0.01773
0.41878 0.01809
0.42045 0.01847
0.4221100 0.01887
0.42375 0.01928
0.42538 0.019720
0.42701 0.02017
0.428620 0.02065
0.43021 0.02114
0.4318 0.02165
0.4333700 0.02218
0.43493 0.02274
0.43647 0.02332
0.4380 0.02391
0.43952 0.02453
0.44103 0.02516
0.44253 0.02581
0.44402 0.02647
0.4455 0.027160
0.44697 0.02786
0.44842 0.02858
0.44986 0.02933
0.451280 0.0301
0.45269 0.0309
0.45408 0.03172
0.45545 0.03257
0.45681 0.03344
0.45816 0.03434
0.45949 0.03526
0.4608 0.03621
0.4621 0.037180
0.46338 0.03818
0.46464 0.03921
0.46588 0.04027
0.46711 0.04136
0.468310 0.04247
0.4695 0.04362
0.47067 0.0448
0.47182 0.04601
0.47295 0.04725
0.47406 0.04853
0.47514 0.04984
0.4762 0.05119
0.47724 0.05257
0.47826 0.05399
0.47926 0.05544
0.48024 0.056920
0.4812 0.05843
0.48215 0.05996
0.48308 0.06152
0.48399 0.06311
0.48489 0.06473
0.48577 0.06637
0.48663 0.06804
0.48746 0.06975
0.48827 0.07151
0.48904 0.07332
0.48978 0.07518
0.49045 0.077
0.49105 0.0787
0.49156 0.08019
0.491950 0.08137
0.49222 0.08216
0.49237 0.082530
-Inserting Flap Ga2-
0.60184 0.20812
0.601850 0.20766
0.60183 0.20675
0.60181 0.20542
0.60177 0.20374
0.60170 0.20182
0.60158 0.19976
0.6014 0.19767
0.601150 0.19564
0.600830 0.19367
0.60047 0.19175
0.60005 0.18988
0.59961 0.18804
0.59913 0.18623
0.59863 0.18445
0.5981 0.18269
0.59755 0.18096
0.59698 0.17924
0.59639 0.177550
0.59578 0.17588
0.59515 0.174220
0.5945 0.172580
0.59384 0.17096
0.59316 0.16936
0.59246 0.16777
0.59175 0.1662
0.59101 0.16465
0.590260 0.16311
0.58949 0.1616
0.5887 0.1601
0.5879 0.15862
0.58709 0.15715
0.58626 0.15569
0.58543 0.15424
0.58459 0.1528
0.58374 0.15136
0.58288 0.14994
0.582 0.148530
0.58111 0.14714
0.5802 0.14576
0.57928 0.14440
0.57835 0.14305
0.5774 0.14171
0.57644 0.14039
0.57546 0.13907
0.57448 0.13777
0.57348 0.13649
0.57248 0.135210
0.57146 0.13394
0.57043 0.132680
0.56939 0.13144
0.56834 0.13021
0.56727 0.12899
0.56619000 0.12778
0.5651 0.12659
0.56399 0.12541
0.56287 0.12425
0.56174 0.1231
0.56059 0.12196
0.55943 0.12084
0.5582500 0.11973
0.557060 0.11864
0.55586 0.11756
0.55464 0.1165
0.5534 0.11545
0.55215 0.11441
0.55089 0.11339
0.54962 0.11237
0.54834 0.11137
0.54704 0.11038
0.54573 0.10941
0.5444 0.10846
0.543040 0.10753
0.54166 0.10662
0.54025 0.10575
0.53882 0.10489
0.53736 0.10407
0.53587 0.10327
0.53436 0.1025
0.53282 0.10176
0.53124 0.10105
0.52963 0.100380
0.52797 0.09976
0.52626 0.09918
0.52451 0.09865
0.52271 0.09816
0.52086 0.097720
0.51897 0.097330
0.51704 0.09697
0.51504 0.09669
0.51296 0.09649
0.51076 0.0964
0.50844 0.09644
0.50597 0.09663
0.50345 0.09698
0.500970 0.09746
0.49862 0.09809
0.49651 0.09885
0.49471 0.09973
0.49222 0.101760
0.4916 0.10285
0.49142 0.10394
0.49171 0.105
0.49239 0.10604
0.49338 0.10705
0.49459 0.10802
0.49593 0.10895
0.497330 0.10983
0.49877 0.11068
0.50025 0.11148
0.50177 0.11224
0.50333 0.11297
0.50492 0.113660
0.50654 0.11433
0.50819 0.11497
0.50985 0.115590
0.511530 0.11619
0.51323 0.11678
0.51493 0.11736
0.51664 0.11794
0.51835 0.11851
0.52006 0.11908
0.52177 0.11966
0.52347 0.12025
0.52516 0.12084
0.52685 0.12144
0.52852 0.122050
0.53019 0.122670
0.53184 0.12329
0.53349 0.12394
0.53512 0.12459
0.536740 0.12525
0.53835 0.12593
0.53994 0.12662
0.54152 0.12733
0.54309 0.12804
0.54464 0.12878
0.54618 0.12952
0.5477 0.130280
0.54921 0.13106
0.55071 0.13185
0.55218 0.13265
0.55365 0.133480
0.55509 0.13432
0.556520 0.135170
0.55793 0.13605
0.55932 0.13694
0.56070 0.13785
0.56206 0.13877
0.5634 0.13971
0.56473 0.14067
0.56604 0.14164
0.56735 0.14262
0.56863 0.14362
0.569910 0.144630
0.57116 0.145660
0.57239 0.14671
0.573610 0.14779
0.5748 0.14888
0.57597 0.15
0.57711 0.15113
0.57824 0.15229
0.57935 0.15347
0.58044 0.15466
0.5815 0.15588
0.58255 0.15712
0.58357 0.158390
0.58457 0.15967
0.58554 0.16098
0.58649 0.16232
0.58742 0.16368
0.58832 0.16506
0.58919 0.16647
0.59004 0.16791
0.59086 0.16937
0.59165 0.17086
0.59241 0.17239
0.59314 0.17394
0.59384 0.17553
0.59452 0.17714
0.595160 0.17877
0.595790 0.18044
0.59639 0.18212
0.596960 0.18383
0.59752 0.18556
0.59805 0.18731
0.59856 0.18909
0.59905 0.19088
0.59951 0.19271
0.59994 0.19456
0.60033 0.19646
0.60068 0.19839
0.60097 0.20037
0.60122 0.2023
0.60142 0.20409
0.60158 0.20565
0.6017 0.20689
0.6017800 0.20773
0.60184 0.20812
*.*.Setup: Ga2.txt as Flap 1, Inverted: y, Scale = 1.0, AoA = 0.0, Reposition from (0,0) = (0, 0)*.*.
*.*.Setup: Ga2.txt as Flap 2, Inverted: y, Scale = 0.4, AoA = 32.0, Reposition from previous T.E. = (-0.06, 0.07), Reposition from (0,0) = (0.94, 0.0209)*.*.
*.*.Setup: Ga2.txt as Flap 3, Inverted: y, Scale = 0.4, AoA = 45.0, Reposition from previous T.E. = (-0.01, 0.06), Reposition from (0,0) = (1.2796, 0.2762)*.*.
*.*.Setup: Scale Ratio = 0.38179*.*.