0.36418 0.03828
0.362040 0.03615
0.35893 0.03304
0.35528 0.02999
0.35086 0.02704
0.345490 0.0240
0.33901 0.02075
0.33137 0.01725
0.322650 0.01357
0.31310 0.00979
0.30298 0.00601
0.29253 0.00229
0.28190 -0.001310
0.2712 -0.00475
0.26048 -0.00802
0.24973 -0.011090
0.23892 -0.01398
0.228 -0.0167
0.2169300 -0.01926
0.20564 -0.02171
0.19411 -0.02408
0.18235 -0.0264
0.1704 -0.02869
0.15839 -0.030960
0.14647 -0.03317
0.13481 -0.03528
0.1236 -0.03721
0.11303 -0.03888
0.1032 -0.04019
0.09409 -0.04108
0.08555 -0.04151
0.07746 -0.0415
0.06973 -0.04104
0.06231 -0.04013
0.05517 -0.03879
0.04832 -0.03703
0.041770 -0.03488
0.03557 -0.03238
0.02979 -0.02963
0.02456 -0.02673
0.01995 -0.023820
0.01601 -0.02104
0.01271 -0.01842
0.00998 -0.01599
0.00774 -0.01373
0.00590 -0.01163
0.00439 -0.009680
0.00315 -0.00786
0.00215 -0.00615
0.00135 -0.004540
0.00073 -0.00303
0.00029 -0.00159
0.000055 -0.00022
-6e-05 0.0011
0.00013 0.00242
0.00076 0.00361
0.00183 0.00453
0.003210 0.0052
0.00481 0.005710
0.00666 0.00613
0.00879 0.00649
0.01129 0.00683
0.01426 0.00716
0.0179 0.00746
0.02244 0.007750
0.02821 0.00802
0.03547 0.00824
0.0442 0.008370
0.054 0.00833
0.06455 0.00804
0.07576 0.00754
0.08754 0.0069
0.09969 0.00618
0.11201 0.00544
0.1243 0.0047
0.136450 0.00402
0.14841 0.00342
0.160170 0.00292
0.17174 0.00255
0.18313 0.00235
0.194350 0.00232
0.20542 0.00248
0.21637 0.00285
0.2272 0.00344
0.23793 0.00426
0.24857 0.00532
0.25914 0.00661
0.26964 0.00815
0.28006 0.00993
0.29038 0.01195
0.30056 0.01420
0.31051 0.01667
0.32009 0.0193
0.32907 0.02205
0.33721 0.02482
0.344340 0.02755
0.35043 0.03022
0.35555 0.03281
0.35983 0.035310
0.36418 0.03828
-Inserting Flap s1223rtl-
0.51416 0.17076
0.51374 0.16931
0.513130 0.1672
0.51228 0.16498
0.51106 0.162620
0.509450 0.1599900
0.5074 0.15699
0.504910 0.15361
0.50199 0.14989
0.49873 0.14592
0.49522 0.14181
0.49155 0.13765
0.48778 0.1335
0.48393 0.12940
0.48003 0.12538
0.47608 0.12143
0.4720500 0.11754
0.46794 0.11371
0.46371 0.1099
0.45937 0.10609
0.4549 0.10226
0.45032 0.0984
0.44565 0.0945
0.440950 0.0906
0.43627 0.08674
0.431690 0.08299
0.427250 0.07943
0.42303 0.07614
0.41905 0.07318
0.415280 0.07059
0.41166 0.06832
0.40811 0.06637
0.40462 0.0647
0.40116 0.0633
0.39771 0.062150
0.39429 0.06126
0.3909 0.06061
0.38758 0.0602
0.38439 0.06001
0.3814 0.06001
0.37868 0.06016
0.37628 0.06042
0.3742 0.06077
0.372420 0.06117
0.37089 0.06161
0.36958 0.06208
0.36844 0.06257
0.36746 0.06307
0.36661 0.06357
0.365870 0.06408
0.36523 0.06459
0.36469 0.06512
0.36424 0.06565
0.36388 0.06621
0.36365 0.06683
0.36364 0.0675
0.36388 0.06817
0.364320 0.06879
0.3649 0.0694
0.365610 0.07003
0.36645 0.07071
0.36746 0.07147
0.368680 0.07233
0.3702 0.07334
0.372110 0.07457
0.37457 0.07608
0.37769 0.07794
0.38148 0.08012
0.38578 0.08247
0.39046 0.08491
0.39548 0.0874
0.40079 0.08998
0.40628 0.09261
0.41184 0.09527
0.4174 0.09793
0.42288 0.10057
0.42825 0.10321
0.43352 0.10584
0.43867 0.10849
0.4437 0.11116
0.44861 0.113870
0.45341 0.11662
0.45811 0.11944
0.4627 0.122320
0.467190 0.12528
0.47159 0.12832
0.47590 0.13145
0.48012 0.13467
0.48424 0.13797
0.48827 0.14136
0.49217 0.14481
0.49593 0.1483
0.49948 0.15177
0.50274 0.15515
0.50563 0.15834
0.50809 0.16126
0.5101 0.1639
0.51171 0.16628
0.51298 0.1684100
0.51416 0.17076
-Inserting Flap s1223rtl-
0.65316 0.29409
0.65274 0.29264
0.65213 0.29052
0.65127 0.2883
0.65006 0.28594
0.64844 0.28331
0.6464 0.28032
0.6439 0.27694
0.64099 0.273220
0.63773 0.26925
0.63422 0.26514
0.63055 0.26098
0.626770 0.25683
0.62293 0.25273
0.61903 0.2487
0.61507 0.24475
0.61105 0.24087
0.60693 0.237040
0.60271 0.23323
0.59837 0.22942
0.5939 0.22559
0.58932 0.22172
0.58465 0.21783
0.57995 0.21392
0.57527 0.21007
0.57068 0.20632
0.56625 0.20276
0.56203 0.19946
0.55805 0.19651
0.55428 0.19391
0.55065 0.19165
0.547110 0.1897
0.54362 0.18803
0.54015 0.18662
0.53671 0.18548
0.53328 0.18459
0.5299 0.183940
0.52658 0.18353
0.523390 0.18333
0.52039 0.18333
0.51767 0.183480
0.515280 0.18375
0.5132 0.184090
0.51142 0.18449
0.50989 0.18494
0.50857 0.185410
0.50744 0.1859
0.50646 0.1864
0.50561 0.1869
0.50487 0.18741
0.50423 0.18792
0.50369 0.18844
0.50324 0.18898
0.50288 0.18953
0.50265 0.190160
0.50263 0.19083
0.50288 0.1915
0.50332 0.19212
0.5039 0.19273
0.5046 0.19336
0.50545 0.19404
0.50645 0.194790
0.50768 0.19566
0.50919 0.19667
0.51111 0.19790
0.51357 0.19941
0.51669 0.201270
0.52047 0.20344
0.52477 0.2058
0.52945 0.20823
0.53448 0.21073
0.53978 0.2133
0.54527 0.21594
0.55084 0.2186
0.55639 0.22126
0.56187 0.2239
0.56725 0.22654
0.572510 0.22917
0.57766 0.23182
0.58269 0.23449
0.5876 0.23719
0.59241 0.23995
0.597100 0.24276
0.6017 0.24565
0.60619 0.24861
0.61059 0.25165
0.6149 0.25478
0.61912 0.25799
0.62324 0.2613
0.62726 0.26468
0.63117 0.26814
0.63493 0.27163
0.63847 0.2751
0.64174 0.27848
0.64463 0.281660
0.64708 0.28459
0.6491 0.28723
0.65071 0.2896
0.651970 0.29174
0.65316 0.29409
*.*.Setup: s1223rtl.txt as Flap 1, Inverted: y, Scale = 1.0, AoA = 6.0, Reposition from (0,0) = (0, 0)*.*.
*.*.Setup: s1223rtl.txt as Flap 2, Inverted: y, Scale = 0.5, AoA = 35.0, Reposition from previous T.E. = (0.0, 0.075), Reposition from (0,0) = (0.9945, 0.1795)*.*.
*.*.Setup: s1223rtl.txt as Flap 3, Inverted: y, Scale = 0.5, AoA = 35.0, Reposition from previous T.E. = (-0.03, 0.05), Reposition from (0,0) = (1.3741, 0.5163)*.*.
*.*.Setup: Scale Ratio = 0.36619*.*.