0.36221 0.03807
0.360090 0.03595
0.35699 0.03286
0.35336 0.02983
0.34897 0.02689
0.343630 0.023870
0.33718 0.02063
0.32958 0.01716
0.320910 0.0135
0.311410 0.00974
0.30135 0.00598
0.29095 0.00228
0.280380 -0.00130
0.26974 -0.00473
0.25907 -0.00797
0.24838 -0.011030
0.23763 -0.0139
0.22677 -0.01661
0.2157600 -0.01916
0.20453 -0.0216
0.19306 -0.02395
0.18136 -0.02626
0.16948 -0.02854
0.15754 -0.030790
0.14568 -0.03299
0.13408 -0.03509
0.12293 -0.03701
0.11242 -0.03867
0.10265 -0.03997
0.09358 -0.04085
0.08509 -0.04129
0.07704 -0.04128
0.06935 -0.04081
0.06197 -0.03991
0.05488 -0.03858
0.04806 -0.03683
0.041540 -0.03469
0.03537 -0.03221
0.02963 -0.02947
0.02442 -0.02658
0.01984 -0.02370
0.01592 -0.02092
0.01264 -0.01832
0.00993 -0.01591
0.0077 -0.01366
0.005870 -0.01157
0.00436 -0.009630
0.00313 -0.00781
0.00214 -0.00612
0.00134 -0.004520
0.00073 -0.00301
0.00029 -0.00158
0.000055 -0.00022
-6e-05 0.0011
0.00013 0.00241
0.00076 0.00359
0.00182 0.00451
0.003190 0.00517
0.00479 0.005680
0.00662 0.00609
0.00874 0.00646
0.01123 0.0068
0.01419 0.00712
0.0178 0.00742
0.02232 0.007710
0.02805 0.00798
0.03528 0.0082
0.04396 0.008330
0.05371 0.00828
0.0642 0.008
0.07535 0.0075
0.08706 0.00686
0.09915 0.00615
0.1114 0.00541
0.12363 0.00468
0.135710 0.004
0.14761 0.0034
0.159310 0.0029
0.17081 0.00254
0.18214 0.00233
0.19330 0.00231
0.20431 0.00247
0.2152 0.00284
0.22597 0.00343
0.23664 0.00424
0.24723 0.00529
0.25774 0.00658
0.26818 0.0081
0.27854 0.00988
0.28881 0.01189
0.29894 0.014130
0.30884 0.01658
0.31836 0.0192
0.32729 0.02193
0.33539 0.02468
0.342480 0.0274
0.34854 0.03006
0.35363 0.03264
0.35789 0.035120
0.36221 0.03807
-Inserting Flap s1223rtl-
0.5272 0.14733
0.52666 0.14593
0.52588 0.14389
0.52483 0.14177
0.52343 0.13953
0.5216 0.13707
0.51932 0.13428
0.51655 0.13114
0.51334 0.12771
0.50976 0.12406
0.50593 0.12029
0.50193 0.11649
0.49783 0.1127
0.49367 0.10898
0.48946 0.105330
0.48519 0.10175
0.48087 0.09826
0.47646 0.09481
0.47195 0.09141
0.46731 0.08801
0.46255 0.0846
0.45768 0.08117
0.45272 0.07771
0.44772 0.07425
0.44275 0.07084
0.43788 0.06752
0.43318 0.06438
0.42871 0.06148
0.42451 0.0589
0.42055 0.05665
0.416760 0.05472
0.41308 0.053090
0.409480 0.05174
0.40592 0.05065
0.40241 0.04982
0.39894 0.04923
0.39553 0.04888
0.39221 0.04876
0.38902 0.048850
0.38606 0.04911
0.38338 0.04949
0.38102 0.04996
0.379 0.05048
0.37727 0.05103
0.37579 0.05161
0.37453 0.05219
0.373450 0.05277
0.37252 0.05335
0.37172 0.053920
0.37103 0.05449
0.37044 0.05505
0.36995 0.05562
0.36955 0.05618
0.36924 0.05677
0.36907 0.05741
0.36911 0.05808
0.36941 0.05871
0.3699 0.05929
0.37053 0.05985
0.37128 0.06041
0.372180 0.06101
0.37324 0.06167
0.37453 0.06242
0.37612 0.06329
0.37812 0.06434
0.38069 0.06563
0.38394 0.0672
0.38788 0.069020
0.39235 0.07099
0.3972 0.07299
0.40239 0.07503
0.40787 0.07712
0.41353 0.07925
0.41928 0.08141
0.42502 0.083560
0.43067 0.08571
0.43623 0.087850
0.44167 0.09
0.447 0.09218
0.45222 0.094390
0.45732 0.09664
0.46232 0.098960
0.46722 0.10134
0.472020 0.1038
0.476730 0.10634
0.48135 0.108970
0.48589 0.1117
0.49035 0.11452
0.49472 0.11744
0.499 0.12044
0.50317 0.12353
0.50719 0.12666
0.51101 0.12979
0.51454 0.13286
0.51767 0.13576
0.52036 0.13845
0.52259 0.14089
0.52439 0.14311
0.52583 0.14511
0.5272 0.14733
-Inserting Flap s1223rtl-
0.64504 0.29431
0.64488 0.29282
0.64465 0.29064
0.6442 0.28832
0.64341 0.2858
0.64229 0.28295
0.6408 0.27966
0.63894 0.27591
0.63673 0.27177
0.63422 0.26732
0.631490 0.26269
0.628620 0.25798
0.62564 0.25326
0.62258 0.24858
0.619460 0.24396
0.61626 0.23941
0.61299 0.23491
0.60962 0.23045
0.60614 0.22599
0.60255 0.22151
0.59883 0.21699
0.59501 0.21241
0.59111 0.20778
0.58718 0.20315
0.58327 0.19856
0.57942 0.1941
0.57569 0.18984
0.57213 0.18589
0.56874 0.18231
0.5655 0.17911
0.56233 0.17627
0.5592 0.17375
0.55607 0.17151
0.55292 0.16953
0.54974 0.16782
0.54654 0.16635
0.54334 0.16513
0.54016 0.16416
0.53706 0.16342
0.53413 0.16290
0.53144 0.16258
0.52905 0.16242
0.52695 0.1624
0.52514 0.16249
0.52357 0.16266
0.52220 0.16289
0.521 0.16318
0.51995 0.1634900
0.51903 0.16384
0.518220 0.16421
0.51751 0.1646
0.51689 0.16502
0.51635 0.16546
0.51591 0.16595
0.51557 0.16652
0.51544 0.16718
0.51557 0.16787
0.515890 0.16856
0.51635 0.16926
0.51693 0.16999
0.51764 0.1708
0.5185 0.17172
0.51955 0.17277
0.52086 0.17403
0.52252 0.17556
0.52467 0.17747
0.52741 0.17983
0.53074 0.18261
0.53454 0.18566
0.538710 0.18885
0.5432 0.19217
0.54795 0.1956
0.55287 0.19913
0.55786 0.2027
0.56284 0.20626
0.567750 0.2098
0.57257 0.21331
0.57727 0.21680
0.58185 0.22028
0.58632 0.22376
0.59066 0.227260
0.59489 0.230790
0.599 0.23436
0.60301 0.23798
0.6069 0.24165
0.61068 0.24539
0.61436 0.2492
0.61794 0.25308
0.62141 0.25703
0.62476 0.261040
0.62799 0.2651
0.63107 0.26916
0.63394 0.273180
0.63656 0.27705
0.63884 0.28067
0.64073 0.28396
0.64225 0.28689
0.64342 0.2895
0.64429 0.2918
0.64504 0.29431
*.*.Setup: s1223rtl.txt as Flap 1, Inverted: y, Scale = 1.0, AoA = 6.0, Reposition from (0,0) = (0, 0)*.*.
*.*.Setup: s1223rtl.txt as Flap 2, Inverted: y, Scale = 0.5, AoA = 30.0, Reposition from previous T.E. = (0.02, 0.05), Reposition from (0,0) = (1.0145, 0.1545)*.*.
*.*.Setup: s1223rtl.txt as Flap 3, Inverted: y, Scale = 0.5, AoA = 45.0, Reposition from previous T.E. = (-0.03, 0.05), Reposition from (0,0) = (1.4175, 0.4545)*.*.
*.*.Setup: Scale Ratio = 0.36421*.*.