0.37424 0.00775
0.373510 0.0069
0.37204 0.005260
0.36986 0.002830
0.36708 -0.00021
0.36386 -0.003640
0.36033 -0.00725
0.35665 -0.01082
0.35292 -0.01418
0.34917 -0.01732
0.34541 -0.02027
0.34164 -0.02307
0.33787 -0.02574
0.33408 -0.02831
0.33029 -0.03080
0.32649 -0.0332
0.32269 -0.035530
0.318880 -0.03777
0.31507 -0.03995
0.31126 -0.04207
0.30743 -0.04411
0.303610 -0.0461
0.29978 -0.04803
0.29594 -0.0499
0.29211 -0.05172
0.28827 -0.053470
0.28442 -0.05516
0.28057 -0.05679
0.27671 -0.05835
0.27285 -0.05985
0.26899 -0.0613
0.26512 -0.06271
0.26125 -0.06408
0.25738 -0.06543000
0.25351 -0.06675
0.24964 -0.06803
0.24576 -0.06927
0.24188 -0.07046
0.237990 -0.0716
0.234110 -0.07269
0.23021 -0.07374
0.22632 -0.07473
0.22242 -0.075680
0.21852 -0.07658
0.21461 -0.07744
0.21071 -0.07826
0.2068 -0.07904
0.20288 -0.07979
0.19897 -0.0805
0.19505 -0.08117
0.19113 -0.08179
0.18721 -0.08238
0.183280 -0.08292
0.17935 -0.08341
0.17542 -0.08386
0.17148 -0.08426
0.16754 -0.08461
0.1636 -0.08491
0.15965 -0.08517
0.15570 -0.08538
0.15175 -0.08554
0.14779 -0.08564
0.14383 -0.0857
0.13986 -0.0857
0.1359 -0.08566
0.13193 -0.08557
0.12795 -0.08543
0.12398 -0.08526
0.12 -0.08506
0.11601 -0.0848
0.112030 -0.08449
0.10804 -0.08411
0.10404 -0.08366
0.10004 -0.08311
0.09603 -0.08247
0.09201 -0.081740
0.08799 -0.08092
0.08396 -0.08001
0.079930 -0.079
0.07588 -0.0779
0.07183 -0.07667
0.06777 -0.07531
0.0637 -0.0738
0.05962 -0.07213
0.05553 -0.07029
0.05143 -0.068290
0.04731 -0.06614
0.04319 -0.06385
0.03905 -0.0613900
0.03490 -0.05871
0.03072 -0.05573
0.02652 -0.05237
0.02229 -0.04856
0.01805 -0.04424
0.01395 -0.039560
0.01014 -0.03467
0.00681 -0.02974
0.00412 -0.02494
0.00222 -0.02042
0.00089 -0.01268
0.00147 -0.009680
0.00289 -0.00738
0.00514 -0.00587
0.00807 -0.005040
0.01151 -0.004770
0.0153 -0.00492
0.01927 -0.00535
0.02328 -0.00597
0.0273 -0.00673
0.03133 -0.00763
0.03536 -0.008660
0.03941 -0.00982
0.04346 -0.01109
0.04752 -0.01246
0.05159 -0.013920
0.05566 -0.01545
0.05974 -0.01704
0.06381 -0.01867
0.0679 -0.02033
0.07198 -0.02201
0.07606 -0.0237
0.08014 -0.02539
0.08422 -0.02706
0.0883 -0.02871
0.09238 -0.03034
0.09646 -0.03194
0.10053 -0.03351
0.1046 -0.035040
0.108670 -0.03653
0.11274 -0.03799
0.1168 -0.0394100
0.12086 -0.04078
0.12492 -0.04211
0.12898 -0.04339
0.13303 -0.04463
0.13708 -0.04582
0.14112 -0.04696
0.14516 -0.048050
0.14920 -0.0491
0.153230 -0.05009
0.15726 -0.05102
0.16129 -0.051910
0.16531 -0.05274
0.16933 -0.053510
0.17334 -0.05422
0.177350 -0.05487
0.18136 -0.05547
0.18536 -0.056
0.189360 -0.05647
0.19335 -0.05688
0.19734 -0.05725
0.20133 -0.05757
0.20531 -0.05784
0.2092900 -0.05807
0.21327 -0.05824
0.21724 -0.05835
0.22121 -0.05839
0.225170 -0.05836
0.22913 -0.05825
0.23308 -0.05806
0.23703 -0.05781
0.24097 -0.057490
0.24491 -0.05709
0.24884 -0.05663
0.25277 -0.05609
0.25669 -0.05547
0.2606 -0.05478
0.26451 -0.054
0.26842 -0.05315
0.272320 -0.05221
0.27621 -0.05118
0.2801 -0.05007
0.28398 -0.04887
0.287850 -0.04758
0.29172 -0.04619
0.295580 -0.04470
0.29943 -0.04311
0.30328 -0.04141
0.30712 -0.03961
0.3109500 -0.03772
0.31478 -0.03573
0.31860 -0.03366
0.32241 -0.031510
0.32622 -0.02928
0.33002 -0.02697
0.333820 -0.02459
0.33761 -0.02213
0.3414 -0.0196
0.34518 -0.016970
0.34896 -0.01423
0.35272 -0.01136
0.35647 -0.00833
0.36019 -0.00516
0.36375 -0.00199
0.367 0.001
0.3698 0.00363
0.37201 0.00573
0.37349 0.00714
0.37424 0.00775
-Inserting Flap Ga2-
0.52579 0.091530
0.525650 0.0911
0.52536 0.090270
0.52494 0.08903
0.52439 0.08748
0.52374 0.08571
0.523010 0.083830
0.522210 0.08194
0.52136 0.08012
0.52047 0.07838
0.51955 0.07671
0.5186 0.07509
0.51763 0.07351
0.51663 0.07197
0.51563 0.07047
0.5146 0.06899
0.51357 0.06754
0.512520 0.06612
0.51145 0.06472
0.510380 0.06334
0.50929 0.06199
0.50819 0.06066
0.5070900 0.05935
0.50597 0.05807
0.50484 0.0568
0.5037 0.05555
0.50255 0.05433
0.50138 0.05313
0.50021 0.05195
0.49902 0.05079
0.49782 0.04966
0.49662 0.04853
0.49541 0.04742
0.4942 0.04632
0.492980 0.04523
0.491750 0.04415
0.490520 0.04309
0.48927 0.04204
0.48802 0.04102
0.48676 0.040010
0.48549 0.03902
0.48421 0.03804
0.48292 0.03708
0.48163 0.03614
0.48032 0.03521
0.47901 0.0343
0.4777 0.0334
0.47637 0.03252
0.47504 0.03164
0.4737 0.03079
0.47236 0.02994
0.47101 0.02911
0.46964 0.0283
0.46827 0.0275
0.4669 0.02672
0.46551 0.02596
0.464110 0.02522
0.46271 0.02449
0.46129 0.02378
0.459870 0.02308
0.45844 0.02241
0.457 0.02175
0.45555 0.02111
0.454090 0.02049
0.45262 0.019890
0.45115 0.01930
0.44966 0.01873
0.44817 0.01817
0.44668 0.01762
0.44517 0.01709
0.44365 0.01658
0.44213 0.0161
0.44058 0.01564
0.43902 0.015220
0.43745 0.01483
0.43585 0.01447
0.43424 0.01414
0.43262 0.01385
0.43098 0.01359
0.429320 0.01336
0.42763 0.01318
0.42593 0.01305
0.42419 0.01297
0.42243 0.01295
0.42063 0.01298
0.41881 0.01308
0.41696 0.01323
0.41508 0.01343
0.41317 0.01368
0.41123 0.01402
0.40922 0.01447
0.40715 0.01505
0.405 0.01579
0.40276 0.01672
0.40052 0.0178
0.39835 0.019
0.39636 0.0203
0.39462 0.02165
0.39321 0.02301
0.39151 0.02565
0.39125 0.02685
0.39142 0.02792
0.39201 0.02883
0.39296 0.02959
0.39418 0.03023
0.3956 0.03077
0.39713 0.03123
0.3987 0.03163
0.4003 0.03197
0.40193 0.03227
0.40357 0.03252
0.40524 0.032730
0.406940 0.03289
0.40865 0.03302
0.41037 0.03312
0.41211 0.03319
0.41386 0.03325
0.41561 0.03328
0.41738 0.03331
0.419140 0.03333
0.42091 0.03335
0.42268 0.03336
0.42444 0.03339
0.4262 0.03342
0.42796 0.03345
0.42971 0.0335
0.43145 0.03356
0.43319 0.03363
0.434920 0.03372
0.43665 0.03382
0.43837 0.03393
0.440080 0.03406
0.44178 0.034210
0.44347 0.03437
0.44516 0.03454
0.44683 0.03474
0.4485 0.03495
0.45016 0.03518
0.45181 0.03543
0.45345 0.03569
0.45508 0.03598
0.4567 0.036280
0.45831 0.0366
0.45991 0.03695
0.4615 0.03731
0.46308 0.0377
0.46465 0.03811
0.46620 0.03854
0.46775 0.03899
0.46928 0.03946
0.47081 0.03995
0.47233 0.04046
0.47384 0.0409800
0.47534 0.04152
0.47683 0.04207
0.47831 0.04265
0.47978 0.04326
0.48123 0.04389
0.48267 0.04455
0.4841 0.045240
0.48551 0.045950
0.48691 0.04668
0.4883 0.04744
0.48967 0.04823
0.491040 0.04904
0.49238 0.04988
0.49372 0.05075
0.49504 0.051640
0.49634 0.05257
0.49763 0.05352
0.4989 0.05451
0.50016 0.05553
0.5014 0.05658
0.50262 0.05766
0.50383 0.05877
0.50502 0.05992
0.50619 0.06111
0.50734 0.06234
0.50847 0.0636
0.50959 0.0649
0.51069 0.06623
0.51177 0.06759
0.51284 0.06898
0.51389 0.07039
0.51493 0.07184
0.51596 0.07331
0.51697 0.0748
0.51797 0.07633
0.51895 0.07789
0.51991 0.07949
0.52085 0.08113
0.52176 0.08283
0.52263 0.08458
0.52344 0.0863
0.52417 0.08791
0.52479 0.0893200
0.52528 0.09044
0.52561 0.09119
0.52579 0.091530
-Inserting Flap Ga2-
0.6143 0.22199
0.6143 0.22154
0.61429 0.22066
0.61427 0.21935
0.61423 0.21771
0.61415 0.21583
0.61404 0.21381
0.61386 0.21177
0.61361 0.20977
0.61331 0.20784
0.612950 0.20597
0.61254 0.20413
0.6121 0.20234
0.61164 0.20057
0.61115 0.19882
0.61063 0.1971
0.610090 0.1954
0.60953 0.19372
0.60895 0.192060
0.60836 0.19042
0.60774 0.18880
0.60711 0.1872
0.60646 0.18561
0.60579 0.18404
0.60511 0.18249
0.60441 0.18095
0.60369 0.17943
0.60296 0.17793
0.6022 0.17644
0.60143 0.17498
0.60064 0.173530
0.59985 0.172090
0.59904 0.17066
0.59822 0.169230
0.5974 0.16782
0.59657 0.16642
0.59572 0.16502
0.594860 0.16365
0.59399 0.16228
0.59310 0.16093
0.5922 0.1596
0.591290 0.15827
0.59036 0.15696
0.58942 0.15567
0.58846 0.15438
0.5875 0.15311
0.58653 0.15185
0.585540 0.1506
0.58454 0.14936
0.58354 0.14813
0.58252 0.14691
0.58149 0.1457
0.580440 0.14451
0.57939 0.14333
0.578320 0.14216
0.57723 0.14101
0.57613 0.13987
0.57502 0.13874
0.5739 0.13763
0.57276 0.13653
0.57161 0.13544
0.57044 0.13437
0.56926 0.13331
0.56807 0.13227
0.566860 0.13125
0.56563 0.130230
0.5644 0.12923
0.56315 0.12824
0.5619 0.12725
0.56063 0.12629
0.559350 0.12533
0.55804 0.1244
0.55671 0.12349
0.55536 0.12261
0.55398 0.12175
0.55258 0.12091
0.551150 0.12011
0.5497 0.11932
0.54821 0.11857
0.5467 0.11784
0.54516 0.11715
0.54358 0.116490
0.54195 0.11588
0.54028 0.11531
0.538560 0.1148
0.5368 0.11432
0.53499 0.113890
0.53314 0.11350
0.53125 0.113160
0.5293 0.11288
0.52725 0.11268
0.5251 0.11259
0.5228300 0.11263
0.520410 0.11282
0.51794 0.11316
0.51551 0.11364
0.51322 0.11425
0.51114 0.11499
0.50938 0.11586
0.50695 0.1178500
0.50634 0.11891
0.50616 0.11997
0.50645 0.12102
0.50711 0.12204
0.508080 0.12302
0.50926 0.12397
0.51058 0.12488
0.51195 0.12575
0.51336 0.12657
0.51481 0.12736
0.5163 0.12811
0.517830 0.12882
0.51938 0.12950
0.52097 0.13015
0.52258 0.13078
0.52421 0.131380
0.52586 0.13197
0.52752 0.13255
0.52919 0.13312
0.53086 0.13368
0.532540 0.13425
0.53421 0.13481
0.53588 0.13538
0.537540 0.13595
0.5392 0.13653
0.54085 0.13711
0.5425 0.137710
0.54413 0.138310
0.545750 0.13893
0.54736 0.13956
0.548960 0.1402
0.55054 0.14085
0.55212 0.14151
0.55368 0.14219
0.55522 0.14288
0.556760 0.14358
0.55828 0.1443
0.55979 0.14503
0.56128 0.1457700
0.56276 0.14653
0.56422 0.14731
0.56567 0.1481
0.5671 0.14890
0.56851 0.14972
0.56991 0.150560
0.571290 0.15142
0.57266 0.15229
0.57401 0.15318
0.57534 0.15409
0.57665 0.15501
0.57795 0.15595
0.57924 0.1569
0.58051 0.15786
0.58178 0.15884
0.58302 0.159830
0.58425 0.160840
0.58546 0.16187
0.58664 0.16292
0.58781 0.16399
0.58895 0.16508
0.59008 0.16619
0.59118 0.16732
0.59227 0.16848
0.59333 0.16965
0.59438 0.17084
0.5954 0.17206
0.59640 0.173290
0.59738 0.174550
0.59833 0.17584
0.59926 0.17714
0.60017 0.17848
0.60105 0.17983
0.60191 0.18121
0.60274 0.18262
0.60354 0.18405
0.604320 0.18551
0.60506 0.18701
0.60578 0.18853
0.60646 0.19008
0.60712 0.19166
0.60776 0.19326
0.60837 0.19489
0.60895 0.19654
0.60952 0.19821
0.61006 0.19991
0.61058 0.20162
0.61108 0.20336
0.61156 0.20512
0.61201 0.2069
0.61243 0.20872
0.61281 0.21058
0.61315 0.21247
0.61344 0.21441
0.61369 0.2163
0.61388 0.21805
0.61404 0.21958
0.61415 0.22079
0.61423 0.22161
0.6143 0.22199
*.*.Setup: Ga2.txt as Flap 1, Inverted: y, Scale = 1.0, AoA = 4.0, Reposition from (0,0) = (0, 0)*.*.
*.*.Setup: Ga2.txt as Flap 2, Inverted: y, Scale = 0.4, AoA = 27.0, Reposition from previous T.E. = (0.04, 0.06), Reposition from (0,0) = (1.041, 0.0807)*.*.
*.*.Setup: Ga2.txt as Flap 3, Inverted: y, Scale = 0.4, AoA = 45.0, Reposition from previous T.E. = (-0.06, 0.08), Reposition from (0,0) = (1.3463, 0.3248)*.*.
*.*.Setup: Scale Ratio = 0.37387*.*.