0.35876 0.03771
0.356650 0.03561
0.35358 0.03255
0.34999 0.02955
0.34564 0.02664
0.340350 0.023650
0.33397 0.02044
0.32643 0.01699
0.317850 0.01337
0.308440 0.00965
0.29848 0.00592
0.28817 0.00226
0.277710 -0.001290
0.26717 -0.00468
0.2566 -0.0079
0.24601 -0.010930
0.23536 -0.01377
0.22461 -0.01645
0.213700 -0.01898
0.20258 -0.02139
0.19122 -0.02372
0.17963 -0.02601
0.16787 -0.02826
0.15603 -0.03050
0.14429 -0.03268
0.1328 -0.03475
0.12176 -0.03666
0.11134 -0.0383
0.10167 -0.03959
0.09269 -0.04047
0.08428 -0.0409
0.0763 -0.04088
0.06869 -0.04043
0.06138 -0.03953
0.05435 -0.03821
0.0476 -0.03648
0.041150 -0.03436
0.03504 -0.0319
0.02935 -0.02919
0.02419 -0.02633
0.01965 -0.023470
0.01577 -0.02072
0.01252 -0.01815
0.00983 -0.01575
0.00763 -0.01353
0.005810 -0.01146
0.00432 -0.009530
0.0031 -0.00774
0.00212 -0.00606
0.00133 -0.004480
0.00072 -0.00298
0.00029 -0.00156
0.000055 -0.00022
-6e-05 0.00109
0.00013 0.00238
0.00075 0.00356
0.00181 0.00447
0.003160 0.00512
0.00474 0.005620
0.00656 0.00604
0.00866 0.0064
0.01112 0.00673
0.01405 0.00705
0.01763 0.00735
0.02211 0.007640
0.02779 0.0079
0.03494 0.00812
0.04354 0.008250
0.0532 0.0082
0.06359 0.00792
0.07463 0.00743
0.08623 0.0068
0.0982 0.00609
0.11034 0.00536
0.12245 0.00463
0.134420 0.00396
0.1462 0.00336
0.157790 0.00287
0.16919 0.00252
0.1804 0.00231
0.191460 0.00228
0.20237 0.00245
0.21315 0.00281
0.22382 0.00339
0.23439 0.0042
0.24487 0.00524
0.25528 0.00651
0.26563 0.00803
0.27589 0.00978
0.28606 0.01177
0.29609 0.013990
0.30589 0.01642
0.31532 0.01902
0.32417 0.02172
0.33219 0.02445
0.339220 0.02714
0.34521 0.02977
0.35026 0.03233
0.35447 0.034790
0.35876 0.03771
-Inserting Flap s1223rtl-
0.52218 0.16396
0.52164 0.16258
0.52086 0.16056
0.51983 0.15845
0.51844 0.15624
0.51663 0.1538
0.51436 0.15103
0.51162 0.14793
0.50844 0.14453
0.5049 0.14091
0.50111 0.13718
0.49715 0.13342
0.49309 0.12967
0.48896 0.12597
0.48479 0.122360
0.48057 0.11882
0.47628 0.11536
0.47191 0.11195
0.46745 0.10857
0.46286 0.10521
0.45814 0.10183
0.45331 0.09843
0.4484 0.09501
0.44345 0.09158
0.43853 0.0882
0.4337 0.08491
0.42905 0.0818
0.42462 0.07893
0.42046 0.07637
0.41654 0.07415
0.412790 0.07224
0.40914 0.070620
0.405570 0.06929
0.40205 0.06821
0.39857 0.06738
0.39513 0.0668
0.39176 0.06645
0.38847 0.06633
0.38532 0.066420
0.38238 0.06667
0.37972 0.06706
0.37739 0.06752
0.37538 0.06804
0.37367 0.06858
0.37221 0.06915
0.37096 0.06973
0.369890 0.0703
0.36897 0.07088
0.36817 0.071440
0.36749 0.07201
0.36691 0.07257
0.36642 0.07312
0.36603 0.07369
0.36572 0.07426
0.36555 0.07489
0.36559 0.07556
0.36589 0.07619
0.36638 0.07676
0.367 0.07731
0.36774 0.07787
0.368630 0.07846
0.36968 0.07912
0.37096 0.07986
0.37253 0.08072
0.37452 0.08176
0.37706 0.08304
0.38028 0.0846
0.38418 0.08640
0.3886 0.08835
0.39341 0.09033
0.39855 0.09235
0.40398 0.09442
0.40959 0.09653
0.41529 0.09867
0.42096 0.10080
0.42657 0.10293
0.43207 0.105050
0.43746 0.10718
0.44274 0.10934
0.44791 0.111520
0.45296 0.11376
0.45791 0.116050
0.46276 0.11841
0.467520 0.12085
0.472180 0.12337
0.47676 0.125970
0.48126 0.12867
0.48567 0.13147
0.49 0.13436
0.49424 0.13733
0.49837 0.14039
0.50236 0.14349
0.50614 0.14659
0.50963 0.14963
0.51274 0.15251
0.5154 0.15516
0.5176 0.15758
0.51939 0.15978
0.52081 0.16176
0.52218 0.16396
-Inserting Flap s1223rtl-
0.6591 0.29087
0.65869 0.28944
0.65809 0.28736
0.65725 0.28517
0.65605 0.282850
0.65446 0.2802600
0.65245 0.2773
0.64999 0.27397
0.64711 0.27031
0.64390 0.2664
0.640450 0.26235
0.63683 0.25825
0.63311 0.25416
0.62933 0.250130
0.62549 0.24616
0.621590 0.24227
0.61762 0.23844
0.61357 0.23467
0.60941 0.23092
0.60513 0.22716
0.600730 0.22339
0.59621 0.21958
0.59162 0.21574
0.58698 0.2119
0.582370 0.2081
0.57786 0.20441
0.57349 0.2009
0.56933 0.19765
0.56541 0.19474
0.5617 0.19219
0.55812 0.18996
0.55463 0.18803
0.55119 0.18639
0.54778 0.185
0.54439 0.183880
0.54101 0.183
0.53768 0.18236
0.53441 0.18195
0.53126 0.18176
0.52832 0.18176
0.52564 0.18191
0.52327 0.18217
0.52123 0.18251
0.51947 0.18291
0.51797 0.18334
0.516670 0.18381
0.51556 0.18429
0.51459 0.18478
0.513750 0.18528
0.51302 0.18578
0.51239 0.18628
0.51186 0.1868
0.51142 0.18732
0.51106 0.18787
0.51083 0.18849
0.510820 0.18915
0.51106 0.1898
0.5115 0.19042
0.51207 0.19102
0.51276 0.19164
0.51359 0.19231
0.51459 0.19305
0.51579 0.1939
0.51728 0.1949
0.51917 0.19611
0.521590 0.1976
0.52467 0.19943
0.528390 0.20157
0.532630 0.2039
0.53724 0.20629
0.54219 0.20875
0.54742 0.21129
0.55282 0.21388
0.55831 0.2165
0.56378 0.21912
0.56918 0.22173
0.57447 0.22432
0.57966 0.22692
0.58473 0.22952
0.589690 0.23215
0.59453 0.234820
0.59926 0.23754
0.60388 0.24031
0.608410 0.243150
0.61284 0.24607
0.61717 0.24906
0.62141 0.25214
0.62557 0.25531
0.62963 0.25857
0.6336 0.2619
0.63744 0.2653
0.64114 0.26874
0.64464 0.27216
0.64785 0.27549
0.6507 0.27863
0.653120 0.28151
0.6551 0.28411
0.656690 0.28645
0.65794 0.2885500
0.6591 0.29087
*.*.Setup: s1223rtl.txt as Flap 1, Inverted: y, Scale = 1.0, AoA = 6.0, Reposition from (0,0) = (0, 0)*.*.
*.*.Setup: s1223rtl.txt as Flap 2, Inverted: y, Scale = 0.5, AoA = 30.0, Reposition from previous T.E. = (0.02, 0.1), Reposition from (0,0) = (1.0145, 0.2045)*.*.
*.*.Setup: s1223rtl.txt as Flap 3, Inverted: y, Scale = 0.5, AoA = 35.0, Reposition from previous T.E. = (-0.03, 0.065), Reposition from (0,0) = (1.4175, 0.5195)*.*.
*.*.Setup: Scale Ratio = 0.36074*.*.