0.35759 0.05664
0.35559 0.054420
0.35268 0.0512
0.34923 0.048
0.34502 0.04485
0.33988 0.04158
0.33365 0.03803
0.32628 0.03418
0.31787 0.030090
0.30864 0.02587
0.29884 0.02161
0.28871 0.0174
0.2784 0.01329
0.26802 0.00934
0.2576 0.00556
0.24714 0.00197
0.23662 -0.00144
0.22598 -0.00469
0.21518 -0.0078
0.20416 -0.0108
0.1929 -0.01373
0.18141 -0.01663
0.16973 -0.01951
0.15799 -0.02237
0.14633 -0.02517
0.13493 -0.02786
0.12396 -0.030340
0.11361 -0.03254
0.10398 -0.03434
0.09503 -0.03569
0.08662 -0.03656
0.07862 -0.03697
0.07097 -0.03691
0.0636 -0.03640
0.05648 -0.03544
0.04962 -0.03406
0.04304 -0.03228
0.03679 -0.03013
0.03095 -0.02771
0.02563 -0.02512
0.02093 -0.022490
0.016890 -0.01994
0.0135 -0.01753
0.010680 -0.01527
0.00835 -0.01316
0.006430 -0.011180
0.00483 -0.00933
0.00352 -0.00759
0.00244 -0.00596
0.00157 -0.0044200
0.00088 -0.00295
0.00037 -0.001550
0.000086 -0.00022
-0.00012 0.00109000
0.000005 0.00239
0.00056 0.003610
0.00157 0.00457
0.0029 0.0053
0.00446 0.00589
0.00626 0.006390
0.00834 0.00687
0.01079 0.00733
0.01371 0.0078
0.01729 0.00829
0.02176 0.00882
0.02743 0.00938
0.03459 0.00997
0.0432 0.01056
0.05289 0.01102
0.063320 0.01128
0.074410 0.01137
0.08607 0.01134
0.09810 0.01126
0.11031 0.01116
0.12248 0.01108
0.13451 0.01103
0.146350 0.01105
0.158 0.01117
0.16944 0.011410
0.180690 0.01179
0.19177 0.01234
0.2027 0.01308
0.21348 0.01401
0.2241400 0.01516
0.2347 0.01652
0.24515 0.01811
0.25552 0.01994
0.265810 0.022
0.276 0.02429
0.28609 0.02683
0.29602 0.02958
0.30572 0.03252
0.31504 0.03562
0.32377 0.03879
0.33166 0.04195
0.33856 0.04502
0.34443 0.04797
0.34935 0.0508
0.35345 0.05349
0.35759 0.05664
-Inserting Flap s1223rtl-
0.5277 0.15476
0.52693 0.15348
0.52581 0.15162
0.52442 0.14972
0.52266 0.14777
0.52044 0.14567
0.51772 0.14334
0.51447 0.14075
0.510740 0.13794
0.50661 0.13498
0.50221 0.13196
0.49763 0.12893
0.49297 0.12593
0.48825 0.123
0.4835 0.12015
0.478710 0.11739
0.47387 0.11471
0.46895 0.11210
0.46395 0.109550
0.45883 0.10702
0.45358 0.10451
0.44821 0.10199
0.44276 0.099460
0.43727 0.09694
0.43182 0.094450
0.42648 0.09204
0.42133 0.08978
0.41646 0.08771
0.4119 0.08591
0.40764 0.08439
0.40359 0.08316
0.39971 0.0822
0.39595 0.0815
0.39228 0.08105
0.3887 0.08084
0.3852 0.08086
0.3818 0.08111
0.37852 0.08156
0.37543 0.08219
0.37257 0.08296
0.37001 0.08380
0.36779 0.08467
0.36589 0.08553
0.36429 0.08637
0.362950 0.08718
0.36181 0.08797
0.36085 0.08872
0.36004 0.08945
0.35936 0.09015
0.35878 0.09082
0.358310 0.09148
0.35792 0.09211
0.35763 0.092740
0.35743 0.09336
0.357360 0.09402
0.35752 0.09467
0.35793 0.09524
0.358510 0.09572
0.35922 0.09616
0.36005 0.09658
0.361030 0.09701
0.36219 0.09747
0.36358 0.09798
0.36529 0.09856
0.36743 0.09924
0.37016 0.10006
0.37362 0.10104
0.37779 0.10214
0.38250 0.10329
0.38759 0.10442
0.393030 0.10552
0.39876 0.106620
0.40467 0.10773
0.41067 0.10885
0.41665 0.10996
0.42256 0.11109
0.42837 0.11223
0.43407 0.1134
0.43967 0.11461
0.44515 0.11587
0.450540 0.1172
0.45583 0.1186
0.46103 0.12009
0.46616 0.12167
0.47121 0.12334
0.47619 0.12512
0.4811 0.127
0.48595 0.129
0.49074 0.1311
0.49545 0.1333
0.50006 0.1356
0.504540 0.13797
0.50882 0.14038
0.51280 0.14277
0.51637 0.14508
0.51947 0.14724
0.52207 0.14925
0.52421 0.1511
0.525970 0.15282
0.5277 0.15476
-Inserting Flap s1223rtl-
0.65207 0.29863
0.651820 0.29716
0.65147 0.29502
0.65088 0.29274
0.649960 0.29028
0.64868 0.28751
0.64701 0.28434
0.64495 0.28073
0.64251 0.27674
0.63977 0.27247
0.63679 0.26804
0.63366 0.26353
0.63043 0.25902
0.62713 0.25455
0.623760 0.25015
0.620330 0.24582
0.61682 0.24154
0.61322 0.2373
0.60951 0.233080
0.60569 0.22884
0.60174 0.22457
0.597680 0.22025
0.59355 0.21588
0.58937 0.21151
0.58522 0.20719
0.58115 0.20298
0.5772 0.198970
0.57344 0.19525
0.56987 0.1919
0.56647 0.18891
0.56316 0.18628
0.55991 0.18395
0.55667 0.18191
0.55343 0.18013
0.550180 0.17861
0.54692 0.17734
0.54367 0.17632
0.540460 0.17553
0.53734 0.1749800
0.5344 0.17463
0.531720 0.17447
0.52933 0.17445
0.5272500 0.17455
0.525460 0.17474
0.52391 0.17501
0.522560 0.17532
0.52139 0.17567
0.52037 0.17604
0.51947 0.17644
0.51869 0.17685
0.51801 0.177280
0.51741 0.17774
0.51691 0.17821
0.51649 0.17871
0.51619 0.17930
0.5161 0.17996
0.51627 0.18064
0.51663 0.1813
0.51713 0.18197
0.51775 0.18267
0.5185 0.18343
0.5194 0.18429
0.5205 0.18527
0.521880 0.18645
0.52362 0.187870
0.52585 0.18964
0.52871 0.19182
0.53217 0.194390
0.53613 0.1972
0.54044 0.20013
0.54509 0.20316
0.55001 0.20629
0.55509 0.20951
0.56026 0.212760
0.5654 0.21601
0.57048 0.21923
0.57546 0.22244
0.58033 0.22563
0.58508 0.22882
0.58971 0.23202
0.59423 0.23524
0.59863 0.2385
0.60291 0.2418
0.60709 0.24516
0.61117 0.24858
0.61514 0.25207
0.61901 0.255640
0.62278 0.25928
0.62645 0.263
0.63002 0.26679
0.63346 0.27063
0.63674 0.27449
0.63983 0.2783
0.64265 0.28199
0.64512 0.28546
0.647190 0.28861
0.64887 0.29143
0.65018 0.29395
0.651180 0.29619
0.65207 0.29863
*.*.Setup: s1223rtl.txt as Flap 1, Inverted: y, Scale = 1.0, AoA = 9.0, Reposition from (0,0) = (0, 0)*.*.
*.*.Setup: s1223rtl.txt as Flap 2, Inverted: y, Scale = 0.5, AoA = 20.0, Reposition from previous T.E. = (0.0, 0.1), Reposition from (0,0) = (0.9877, 0.2564)*.*.
*.*.Setup: s1223rtl.txt as Flap 3, Inverted: y, Scale = 0.5, AoA = 41.666666666666664, Reposition from previous T.E. = (-0.03, 0.065), Reposition from (0,0) = (1.4275, 0.4924)*.*.
*.*.Setup: Scale Ratio = 0.36205*.*.