0.38545 -0.03246
0.3846 -0.033250
0.38291 -0.03478
0.38040 -0.03705
0.37723 -0.03987
0.373540 -0.04304
0.36953 -0.04637
0.36535 -0.04964
0.36116 -0.052690
0.35697 -0.05552
0.35279 -0.05814
0.34861 -0.060610
0.34444 -0.062950
0.34027 -0.06518
0.33611 -0.06733
0.33195 -0.06939
0.32779 -0.07136
0.32363 -0.07326
0.31948 -0.07509
0.31533 -0.07685
0.31118 -0.07854
0.30704 -0.08017
0.30289 -0.08174
0.29875 -0.08325
0.29461 -0.0847
0.29047 -0.08609
0.28634 -0.08741
0.2822 -0.08867
0.27807 -0.08985
0.27394 -0.09098
0.26982 -0.09205
0.26569 -0.09308
0.26157 -0.09407
0.25744 -0.09504
0.25332 -0.09598
0.2492 -0.09688
0.24508 -0.09773
0.24096 -0.09854
0.23685 -0.09929
0.23274 -0.09999
0.22862 -0.10064
0.22451 -0.10124
0.2204 -0.1018
0.2163 -0.1023
0.21219 -0.10277
0.20809 -0.103190
0.203990 -0.10357
0.19988 -0.10391
0.19578 -0.10422
0.19169 -0.10448
0.18759 -0.1047
0.18349 -0.10488
0.1794 -0.10501
0.17531 -0.10510
0.17122 -0.10513
0.16713 -0.10511
0.16304 -0.10505
0.15895 -0.10494
0.15487 -0.10477
0.15079 -0.10456
0.14671 -0.10429
0.14263 -0.10398
0.13855 -0.10361
0.13448 -0.10318
0.13041 -0.10271
0.12634 -0.10218
0.12227 -0.10162
0.1182 -0.10101
0.11413 -0.1003700
0.11007 -0.09968
0.106 -0.09893
0.10194 -0.09811
0.09788 -0.09721
0.09383 -0.09621
0.08978 -0.09512
0.08573 -0.09394
0.08169 -0.092660
0.07764 -0.09129
0.07361 -0.08983
0.06957 -0.08825
0.06554 -0.086560
0.06152 -0.08472
0.0575 -0.08273
0.05348 -0.08056
0.049480 -0.07823
0.04547 -0.07574
0.04148 -0.07308
0.03748 -0.07028
0.0335 -0.06731
0.02952 -0.06411
0.02556 -0.060590
0.0216 -0.05669
0.01767 -0.05231
0.01377 -0.04742
0.01006 -0.042160
0.00668 -0.03673
0.00379 -0.0313
0.00154 -0.02608
8e-05 -0.02123
-0.00046 -0.013130
0.00047 -0.0101
0.00218 -0.0079
0.00465 -0.00658
0.00775 -0.00605
0.01132 -0.00614
0.0152 -0.0067
0.01923 -0.00758
0.02328 -0.008650
0.02733 -0.00986
0.03137 -0.01122
0.03541 -0.01272
0.03944 -0.01435
0.04347 -0.01609
0.04749 -0.01794
0.05151 -0.01988
0.05553 -0.021890
0.05955 -0.02397
0.06356 -0.02608
0.06758 -0.02823
0.07159 -0.0304
0.07561 -0.03258
0.07962 -0.034750
0.08363 -0.03691
0.08765 -0.03904
0.09166 -0.04116
0.09568 -0.04324
0.0997 -0.04529
0.10372 -0.04731
0.10774 -0.04928
0.11176 -0.05122
0.11578 -0.05311
0.11981 -0.05496
0.12383 -0.05677
0.12786 -0.05852
0.13189 -0.06023
0.13592 -0.06189
0.13996 -0.0635
0.14399 -0.065060
0.14803 -0.06657
0.15206 -0.06803
0.15611 -0.06942
0.16015 -0.07077
0.16419 -0.07205
0.16824 -0.07328
0.17229 -0.07445
0.17634 -0.07555
0.180390 -0.07659
0.18445 -0.07757
0.1885 -0.07848
0.19256 -0.079340
0.19662 -0.08015
0.20069 -0.08091
0.20475 -0.08162
0.20882 -0.08228
0.21289 -0.08289
0.21696 -0.08343
0.22103 -0.0839
0.22511 -0.08429
0.22918 -0.08461
0.23326 -0.084850
0.23735 -0.08501
0.24143 -0.08511
0.24552 -0.085130
0.24961 -0.0850700
0.253710 -0.08494
0.2578 -0.084730
0.2619 -0.08444
0.26601 -0.08407
0.27011 -0.08361
0.27422 -0.08307
0.27833 -0.08243
0.28245 -0.08171
0.28656 -0.0809
0.29068 -0.07999
0.29481 -0.07898
0.29894 -0.07787
0.30307 -0.07665
0.30721 -0.07532
0.31134 -0.07388
0.3154900 -0.07235
0.31963 -0.07072
0.32378 -0.069
0.32794 -0.0672
0.33209 -0.06532
0.33625 -0.06336
0.34041 -0.06133
0.344570 -0.05921
0.34874 -0.05702
0.35291 -0.05472
0.35708 -0.05232
0.36126 -0.04977
0.36544 -0.04706
0.3696 -0.04421
0.3736 -0.04134
0.37727 -0.03862
0.38043 -0.03622
0.38293 -0.0343
0.38461 -0.033
0.38545 -0.03246
-Inserting Flap Ga2-
0.50341 0.05798
0.50326 0.05754
0.50297 0.05667
0.50253 0.0554
0.50197 0.05379
0.50130 0.05197
0.50054 0.05003
0.49971 0.04807
0.49883 0.04619
0.497910 0.04439
0.49696 0.04266
0.495980 0.04099
0.49497 0.03936
0.49395 0.03777
0.49291 0.03621
0.49185 0.03469
0.49078 0.03319
0.4897 0.03172
0.48860 0.03027
0.48749 0.028850
0.48636 0.02746
0.48523 0.026080
0.48408 0.02473
0.48293 0.0234
0.48176 0.022090
0.48058 0.0208
0.479390 0.01953
0.47819 0.01829
0.47697 0.01708
0.47575 0.01588
0.47451 0.014710
0.473270 0.01355
0.47202 0.0124
0.47076 0.01126
0.4695 0.01014
0.46823 0.00902
0.46696 0.00792
0.465670 0.00684
0.46438 0.00578
0.46308 0.00474
0.461760 0.00371
0.4604400 0.00271
0.45911 0.00172
0.45777 0.00074
0.45643 -0.00022
0.45507 -0.00116000
0.45371 -0.00209
0.45234 -0.003
0.45097 -0.0039
0.44959 -0.00479
0.448200 -0.00566
0.4468 -0.006520
0.445390 -0.00736
0.44398 -0.00818
0.44255 -0.00899
0.44112 -0.00978
0.43968 -0.01055
0.43822 -0.0113
0.43676 -0.01203
0.43529 -0.01275
0.43382 -0.01345
0.43233 -0.01413
0.43083 -0.01479
0.42932 -0.01543
0.4278 -0.01605
0.42628 -0.01666
0.4247500 -0.01725
0.42321 -0.01783
0.42166 -0.01839
0.42010 -0.01894
0.41853 -0.01947
0.41696 -0.01997
0.41536 -0.02044
0.41375 -0.02088
0.41212 -0.02128
0.410470 -0.02165
0.40881 -0.02199
0.40713 -0.02229
0.40543 -0.02256
0.40372 -0.0228
0.40198 -0.022980
0.40021 -0.02312
0.39842 -0.0232
0.3966 -0.02323
0.39474 -0.02319
0.392860 -0.02309
0.39095 -0.02294
0.38901 -0.02273
0.38704 -0.02246
0.38502 -0.02211
0.38296 -0.02165
0.38082 -0.02106
0.37859 -0.02029
0.37628 -0.01933
0.37396 -0.01821
0.37172 -0.01697
0.36966 -0.01563
0.36786 -0.01424
0.36641 -0.01282
0.36465 -0.01010
0.36439 -0.00886
0.36456 -0.00775
0.36517 -0.00681
0.36615 -0.00603
0.36742 -0.005370
0.36888 -0.00481
0.37046 -0.00434
0.37209 -0.00392
0.37374 -0.00356
0.37542 -0.00326
0.37712 -0.003
0.37884 -0.00278
0.38059 -0.00261
0.38236 -0.00248
0.38414 -0.00238
0.38594 -0.00230
0.38774 -0.002250
0.38956 -0.00221
0.39138 -0.00218
0.39321 -0.0021600
0.39503 -0.00215
0.39686 -0.00213
0.39868 -0.0021
0.4005 -0.00207
0.40231 -0.00203
0.40412 -0.00199
0.405930 -0.001920
0.40772 -0.00185
0.40951 -0.00176
0.4113 -0.00166
0.41307 -0.00154
0.41484 -0.00141
0.4166 -0.00126
0.41835 -0.00109
0.42009 -0.000910
0.42182 -0.000710
0.42354 -0.00049
0.42526 -0.00025
0.42696 0.000010
0.42866 0.00028
0.43034 0.00057
0.43202 0.00089
0.43368 0.001220
0.43533 0.001580
0.43698 0.00195
0.438610 0.00235
0.44023 0.00277
0.44183 0.00322
0.44343 0.003690
0.44502 0.0041700
0.4466 0.00468
0.44816 0.00520
0.44972 0.00574
0.45128 0.0063
0.45282 0.00687
0.45435 0.00747
0.455860 0.0081
0.45736 0.00875
0.45885 0.00943
0.46033 0.01014
0.46179 0.01087
0.46323 0.01163
0.46467 0.01242
0.46609 0.01323
0.4675 0.01407
0.46889 0.01494
0.47027 0.01584
0.47163 0.01676
0.472980 0.017720
0.47431 0.0187
0.47562 0.01972
0.47692 0.02077
0.47821 0.02186
0.47947 0.02298
0.48072 0.02413
0.48195 0.02532
0.48316 0.02655
0.48434 0.02781
0.48552 0.02912
0.48667 0.03046
0.4878 0.03183
0.48892 0.03324
0.49002 0.03467
0.49111 0.036130
0.49219 0.03763
0.493250 0.03915
0.49429 0.04069
0.495330 0.042270
0.49634 0.04388
0.49733 0.04553
0.49830 0.04723
0.49924 0.04899
0.50014 0.0508
0.50098 0.05258
0.50174 0.05424
0.50238 0.05569
0.50288 0.05685
0.50322 0.05763
0.50341 0.05798
-Inserting Flap Ga2-
0.59487 0.18893
0.59487 0.18847
0.59486 0.18755
0.59484 0.1862
0.59479 0.1845
0.59472 0.182560
0.5946 0.18048
0.594420 0.17836
0.59416 0.1763
0.59385 0.17431
0.59347 0.17237
0.59306 0.17047
0.5926 0.168620
0.59212 0.16679
0.59161 0.16498
0.59108 0.1632
0.59052 0.16145
0.58995 0.1597100
0.589350 0.158
0.588730 0.156310
0.58809 0.15463
0.58744 0.15297
0.58677 0.15133
0.58608 0.14971
0.58537 0.1481
0.58465 0.14651
0.58391 0.14494
0.58315 0.14339
0.58237 0.14186
0.58157 0.14035
0.58076 0.13885
0.57994 0.13736
0.57910 0.13588
0.57826 0.13441
0.57741 0.13295
0.576550 0.1315
0.575670 0.13006
0.57479 0.12863
0.57388 0.12723
0.57297 0.12583
0.57204 0.12445
0.57109 0.12308
0.57013 0.12173
0.56916 0.12039
0.56817 0.11906
0.56718 0.11775
0.56617 0.11644
0.56515 0.11515
0.564120 0.11387
0.56308 0.1126
0.56203 0.11134
0.56096 0.11009
0.55989 0.10886
0.55879 0.10764
0.55769 0.10643
0.55657 0.10524
0.555430 0.10406
0.55429 0.10290
0.55312 0.10175
0.55195 0.10061
0.55076 0.099490
0.54955 0.09838
0.54833 0.09729
0.5471 0.09622
0.54585 0.09516
0.54458 0.09411
0.54331 0.09307
0.54202 0.09205
0.54072 0.09103
0.5394100 0.09003
0.53808 0.08905
0.53674 0.08808
0.53537 0.08714
0.533970 0.08623
0.53254 0.08534
0.53109 0.084480
0.52962 0.08364
0.52811 0.08283
0.52658 0.08205
0.52502 0.0813
0.52343 0.08059
0.52179 0.07991
0.52011 0.07928
0.51838 0.07869
0.51661 0.07816
0.514790 0.07767
0.51292 0.07722
0.51101 0.07682
0.50905 0.07646
0.507030 0.07617
0.50492 0.07597
0.50270 0.07588
0.50035 0.07592
0.49785 0.07612
0.49530 0.07647
0.49279 0.07696
0.49042 0.07759
0.48827 0.07836
0.48646 0.07926
0.48394 0.08131
0.483310 0.0824
0.483130 0.08351
0.48342 0.08459
0.48411 0.08564
0.48511 0.08666
0.48633 0.08764
0.487690 0.088580
0.48911 0.08948
0.49057 0.09033
0.49207 0.09114
0.49361 0.09191
0.49518 0.09265
0.49679 0.09335
0.49843 0.09402
0.50009 0.09467
0.50178 0.0953
0.50348 0.09591
0.5052 0.0965
0.50692 0.09709
0.50865 0.097680
0.51038 0.09826
0.51211 0.09884
0.51384 0.09942
0.51556 0.10001
0.517270 0.10061
0.51898 0.10122
0.52067 0.10183
0.52236 0.10246
0.52403 0.1031
0.525700 0.10375
0.52735 0.10441
0.52899 0.10508
0.53061 0.10576
0.5322300 0.10646
0.533830 0.10718
0.53541 0.1079
0.53698 0.10864
0.53854 0.1094
0.54008 0.11017
0.54161 0.11095
0.54312 0.11175
0.54462 0.112570
0.5461 0.1134
0.54756 0.11425
0.549 0.11512
0.55043 0.116
0.55184 0.1169
0.55323 0.11782
0.55461 0.11876
0.55597 0.119710
0.557310 0.12068
0.55864 0.12166
0.55996 0.122660
0.56126 0.12366
0.56255 0.12469
0.563820 0.12573
0.56507 0.1268
0.56629 0.12788
0.5675 0.12899
0.56868 0.13012
0.56984 0.13127
0.57099 0.13244
0.57211 0.13363
0.57321 0.13484
0.57429 0.13607
0.57534 0.13733
0.57637 0.13861
0.57739 0.13991
0.57837 0.14123
0.57933 0.14258
0.58027 0.14396
0.58118 0.14536
0.58206 0.146790
0.58292 0.14824
0.58375 0.14972
0.58455 0.15123
0.58532 0.15278
0.58606 0.15435
0.58677 0.15595
0.58745 0.15758
0.58811 0.15924
0.58874 0.16092
0.58935 0.16263
0.58993 0.164350
0.59049 0.16611
0.59103 0.16788
0.59155 0.16967
0.59204 0.17149
0.592510 0.17334
0.59294 0.17521
0.59334 0.177130
0.593690 0.17909
0.59399 0.18109
0.59424 0.18304
0.59444 0.18486
0.5946 0.18644
0.594720 0.18769
0.5948 0.18853
0.59487 0.18893
*.*.Setup: Ga2.txt as Flap 1, Inverted: y, Scale = 1.0, AoA = -2.0, Reposition from (0,0) = (0, 0)*.*.
*.*.Setup: Ga2.txt as Flap 2, Inverted: y, Scale = 0.4, AoA = 27.0, Reposition from previous T.E. = (-0.06, 0.07), Reposition from (0,0) = (0.9377, -0.014)*.*.
*.*.Setup: Ga2.txt as Flap 3, Inverted: y, Scale = 0.4, AoA = 45.0, Reposition from previous T.E. = (-0.06, 0.07), Reposition from (0,0) = (1.243, 0.2201)*.*.
*.*.Setup: Scale Ratio = 0.38634*.*.