0.35877 0.03771
0.356660 0.03561
0.35359 0.03255
0.35 0.02955
0.34565 0.02664
0.340360 0.023650
0.33398 0.02044
0.32644 0.01699
0.317860 0.01337
0.308450 0.00965
0.29848 0.00592
0.28818 0.00226
0.277710 -0.001290
0.26717 -0.00468
0.25661 -0.0079
0.24602 -0.010930
0.23537 -0.01377
0.22462 -0.01645
0.2137100 -0.01898
0.20259 -0.02139
0.19123 -0.02372
0.17964 -0.02601
0.16787 -0.02827
0.15604 -0.03050
0.14429 -0.03268
0.13281 -0.03475
0.12176 -0.03666
0.11135 -0.0383
0.10167 -0.03959
0.09269 -0.04047
0.08428 -0.0409
0.07631 -0.04088
0.06869 -0.04043
0.06138 -0.03953
0.05435 -0.03821
0.0476 -0.03648
0.041150 -0.03436
0.03504 -0.0319
0.02935 -0.02919
0.02419 -0.02633
0.01965 -0.023470
0.01577 -0.02072
0.01252 -0.01815
0.00983 -0.01575
0.00763 -0.01353
0.005810 -0.01146
0.00432 -0.009530
0.0031 -0.00774
0.00212 -0.00606
0.00133 -0.004480
0.00072 -0.00298
0.00029 -0.00156
0.000055 -0.00022
-6e-05 0.00109
0.00013 0.00238
0.00075 0.00356
0.00181 0.00447
0.003160 0.00512
0.00474 0.005620
0.00656 0.00604
0.00866 0.0064
0.01112 0.00673
0.01405 0.00705
0.01763 0.00735
0.02211 0.007640
0.02779 0.0079
0.03494 0.00812
0.04354 0.008250
0.0532 0.0082
0.06359 0.00793
0.07464 0.00743
0.08624 0.0068
0.0982 0.00609
0.11034 0.00536
0.12245 0.00463
0.134420 0.00396
0.1462 0.00336
0.157790 0.00287
0.16919 0.00252
0.18041 0.00231
0.191460 0.00228
0.20237 0.00245
0.21315 0.00281
0.22382 0.00339
0.23439 0.0042
0.24488 0.00524
0.25529 0.00651
0.26563 0.00803
0.2759 0.00978
0.28606 0.01177
0.29609 0.013990
0.3059 0.01642
0.31533 0.01902
0.32418 0.02172
0.3322 0.02445
0.339230 0.02714
0.34522 0.02977
0.35027 0.03233
0.35448 0.034790
0.35877 0.03771
-Inserting Flap s1223rtl-
0.51498 0.14593
0.51444 0.14455
0.51366 0.14252
0.51263 0.14042
0.51124 0.13821
0.50943 0.13577
0.50716 0.133
0.50442 0.1299
0.50124 0.12649
0.4977 0.12288
0.4939 0.11915
0.48995 0.11538
0.48588 0.11163
0.48176 0.10794
0.47759 0.104320
0.47337 0.10079
0.46908 0.09732
0.46471 0.09391
0.46024 0.09054
0.45566 0.08717
0.45094 0.0838
0.44611 0.0804
0.4412 0.07697
0.43625 0.07355
0.43132 0.07016
0.4265 0.06688
0.42184 0.06376
0.41742 0.0609
0.41326 0.05834
0.40934 0.05611
0.405580 0.0542
0.40194 0.052590
0.398370 0.05125
0.39485 0.05017
0.39137 0.04935
0.38793 0.04876
0.38455 0.04842
0.38126 0.0483
0.37811 0.048380
0.37517 0.04864
0.37252 0.04902
0.37019 0.04949
0.36818 0.05
0.36647 0.05055
0.365 0.05112
0.36375 0.05169
0.362680 0.05227
0.36176 0.05284
0.36097 0.053410
0.36029 0.05397
0.35971 0.05453
0.35922 0.05509
0.35882 0.05565
0.35852 0.05623
0.35834 0.05686
0.35839 0.05752
0.35869 0.05815
0.35917 0.05873
0.35979 0.05928
0.36054 0.05984
0.361420 0.06043
0.36248 0.06108
0.36375 0.06182
0.36533 0.06269
0.36731 0.06373
0.36986 0.065
0.37308 0.06656
0.37698 0.068370
0.3814 0.07031
0.38621 0.0723
0.39135 0.07432
0.39678 0.07639
0.40239 0.0785
0.40808 0.08063
0.41376 0.082770
0.41936 0.08489
0.42487 0.087020
0.43026 0.08915
0.43554 0.0913
0.44071 0.093490
0.44576 0.09573
0.45071 0.098020
0.45556 0.10038
0.460320 0.10281
0.464980 0.10533
0.46956 0.107940
0.47406 0.11064
0.47847 0.11343
0.4828 0.11632
0.48704 0.1193
0.49117 0.12235
0.49516 0.12546
0.49894 0.12856
0.50243 0.13159
0.50554 0.13447
0.5082 0.13713
0.5104 0.13955
0.51219 0.14174
0.51361 0.14373
0.51498 0.14593
-Inserting Flap s1223rtl-
0.6389 0.2947
0.638650 0.29324
0.6383 0.2911
0.63771 0.28883
0.63680 0.28638
0.63552 0.28362
0.63386 0.28046
0.63181 0.27686
0.62938 0.27289
0.62664 0.26863
0.62368 0.26421
0.62056 0.25972
0.61734 0.25523
0.61405 0.250780
0.61070 0.24639
0.607280 0.24208
0.60378 0.23782
0.60019 0.23359
0.5965 0.22939
0.59268 0.22516
0.58875 0.2209
0.584710 0.2166
0.58059 0.21225
0.57643 0.20789
0.5723 0.20358
0.56823 0.199390
0.5643 0.1954
0.56055 0.1917
0.557 0.18835
0.55361 0.18538
0.55031 0.18275
0.54707 0.18043
0.54384 0.1784
0.54061 0.17663
0.537370 0.17512
0.53413 0.17385
0.53089 0.17283
0.527690 0.17205
0.52459 0.17149
0.52166 0.17115
0.518980 0.17099
0.5166 0.17097
0.5145300 0.17107
0.512740 0.17126
0.5112 0.17152
0.509860 0.17183
0.50869 0.17218
0.50767 0.17255
0.50678 0.17295
0.506 0.17336
0.50532 0.17379
0.50473 0.17424
0.50423 0.17471
0.50381 0.17521
0.50351 0.1758
0.50342 0.176460
0.50359 0.17713
0.50394 0.17779
0.50444 0.17846
0.50506 0.17916
0.50581 0.17992
0.50671 0.18077
0.50781 0.18175
0.509170 0.18292
0.51091 0.18434
0.51314 0.1861
0.51598 0.188280
0.51944 0.19084
0.52337 0.19363
0.52768 0.19655
0.53231 0.19957
0.5372 0.20269
0.54227 0.20590
0.54742 0.20914
0.55255 0.21237
0.5576 0.215590
0.56256 0.21878
0.56741 0.22196
0.57215 0.22514
0.57677 0.22833
0.58126 0.23154
0.58565 0.23478
0.58992 0.23807
0.59408 0.241420
0.59814 0.244830
0.6021 0.24831
0.60596 0.25186
0.60972 0.25549
0.61337 0.2592
0.61693 0.26297
0.62035 0.2668
0.62363 0.27064
0.6267 0.27445
0.62951 0.27812
0.63197 0.28157
0.634040 0.28471
0.63571 0.28753
0.63701 0.29004
0.638010 0.29227
0.6389 0.2947
*.*.Setup: s1223rtl.txt as Flap 1, Inverted: y, Scale = 1.0, AoA = 6.0, Reposition from (0,0) = (0, 0)*.*.
*.*.Setup: s1223rtl.txt as Flap 2, Inverted: y, Scale = 0.5, AoA = 30.0, Reposition from previous T.E. = (0.0, 0.05), Reposition from (0,0) = (0.9945, 0.1545)*.*.
*.*.Setup: s1223rtl.txt as Flap 3, Inverted: y, Scale = 0.5, AoA = 41.666666666666664, Reposition from previous T.E. = (-0.03, 0.08), Reposition from (0,0) = (1.3975, 0.4845)*.*.
*.*.Setup: Scale Ratio = 0.36075*.*.