0.3622 0.03807
0.360080 0.03595
0.35698 0.03286
0.35335 0.02983
0.34896 0.02689
0.343620 0.023870
0.33717 0.02063
0.32957 0.01716
0.32090 0.0135
0.31140 0.00974
0.30134 0.00598
0.29094 0.00228
0.280370 -0.00130
0.26973 -0.00473
0.25907 -0.00797
0.24837 -0.011030
0.23762 -0.0139
0.22677 -0.01661
0.2157500 -0.01916
0.20453 -0.0216
0.19306 -0.02395
0.18136 -0.02626
0.16948 -0.02854
0.15753 -0.030790
0.14567 -0.03299
0.13408 -0.03509
0.12293 -0.03701
0.11241 -0.03867
0.10264 -0.03997
0.09358 -0.04085
0.08509 -0.04129
0.07704 -0.04127
0.06935 -0.04081
0.06197 -0.03991
0.05487 -0.03858
0.04806 -0.03683
0.041540 -0.03469
0.03537 -0.03221
0.02963 -0.02947
0.02442 -0.02658
0.01984 -0.023690
0.01592 -0.02092
0.01264 -0.01832
0.00993 -0.0159
0.0077 -0.01366
0.005870 -0.01157
0.00436 -0.009630
0.00313 -0.00781
0.00214 -0.00612
0.00134 -0.004520
0.00073 -0.00301
0.00029 -0.00158
0.000055 -0.00022
-6e-05 0.0011
0.00013 0.00241
0.00075 0.00359
0.00182 0.00451
0.003190 0.00517
0.00479 0.005680
0.00662 0.00609
0.00874 0.00646
0.01122 0.0068
0.01419 0.00712
0.0178 0.00742
0.02232 0.007710
0.02805 0.00797
0.03528 0.0082
0.04396 0.008330
0.05371 0.00828
0.0642 0.008
0.07535 0.0075
0.08706 0.00686
0.09914 0.00615
0.1114 0.00541
0.12363 0.00468
0.135710 0.004
0.1476 0.0034
0.15930 0.0029
0.17081 0.00254
0.18214 0.00233
0.19330 0.00231
0.20431 0.00247
0.21519 0.00284
0.22596 0.00343
0.23664 0.00424
0.24722 0.00529
0.25774 0.00657
0.26818 0.0081
0.27854 0.00988
0.2888 0.01189
0.29893 0.014130
0.30883 0.01658
0.31835 0.0192
0.32728 0.02193
0.33538 0.02468
0.342470 0.0274
0.34853 0.03006
0.35362 0.03264
0.35788 0.035120
0.3622 0.03807
-Inserting Flap s1223rtl-
0.51137 0.16073
0.51095 0.15929
0.510350 0.15718
0.5095 0.15498
0.50829 0.152630
0.506680 0.1500100
0.50465 0.14703
0.502170 0.14367
0.49927 0.13997
0.49602 0.13602
0.49253 0.13194
0.48888 0.1278
0.48513 0.12367
0.48131 0.11960
0.47743 0.11559
0.47349 0.11166
0.4694900 0.1078
0.4654 0.10399
0.4612 0.1002
0.45688 0.09641
0.45244 0.0926
0.44788 0.08876
0.44324 0.08488
0.438560 0.081
0.43391 0.07716
0.429340 0.07344
0.424930 0.06989
0.42074 0.06662
0.41678 0.06368
0.413030 0.0611
0.40942 0.05885
0.4059 0.0569
0.40242 0.05524
0.39898 0.05385
0.39555 0.052710
0.39215 0.05182
0.38878 0.05118
0.38548 0.05077
0.3823 0.05058
0.37933 0.05058
0.37662 0.05073
0.37424 0.05099
0.37217 0.05133
0.37040 0.05173
0.36888 0.05217
0.36757 0.05264
0.36645 0.05313
0.36547 0.05362
0.36462 0.05412
0.363890 0.05463
0.36325 0.05514
0.36271 0.05566
0.36227 0.05619
0.36191 0.05674
0.36168 0.05736
0.36166 0.05803
0.36191 0.05869
0.362350 0.05931
0.36292 0.05992
0.363620 0.06055
0.36446 0.06122
0.36547 0.06197
0.366680 0.06283
0.36819 0.06384
0.37010 0.06506
0.37254 0.06657
0.37564 0.06842
0.37941 0.07058
0.38368 0.07292
0.38834 0.07534
0.39334 0.07782
0.39861 0.08038
0.40407 0.083
0.40961 0.08565
0.41513 0.08829
0.42058 0.09092
0.42593 0.09354
0.43117 0.09616
0.43629 0.0988
0.44129 0.10145
0.44617 0.104140
0.45095 0.10688
0.45562 0.10968
0.46019 0.112550
0.464660 0.1155
0.46904 0.11852
0.473320 0.12163
0.47752 0.12483
0.48162 0.12812
0.48562 0.13148
0.4895 0.13492
0.49324 0.13839
0.49677 0.14184
0.50001 0.1452
0.50289 0.14837
0.50533 0.15128
0.50733 0.15391
0.50893 0.15627
0.51019 0.1583900
0.51137 0.16073
-Inserting Flap s1223rtl-
0.64961 0.29431
0.6492 0.29287
0.64859 0.29077
0.64774 0.28856
0.64653 0.28621
0.64493 0.2836
0.64289 0.28062
0.64041 0.27725
0.63751 0.273550
0.63426 0.26961
0.63078 0.26552
0.62712 0.26138
0.623370 0.25726
0.61955 0.25318
0.61567 0.24917
0.61174 0.24525
0.60773 0.24138
0.60364 0.237570
0.59944 0.23378
0.59512 0.23
0.59068 0.22619
0.58612 0.22234
0.58148 0.21847
0.5768 0.21459
0.57215 0.21075
0.56758 0.20702
0.56317 0.20348
0.55898 0.2002
0.55502 0.19727
0.55127 0.19468
0.54766 0.19243
0.544140 0.19049
0.54067 0.18883
0.53722 0.18743
0.53379 0.18629
0.53039 0.18541
0.52702 0.184760
0.52372 0.18435
0.520550 0.18416
0.51757 0.18416
0.51486 0.184310
0.512480 0.18457
0.51041 0.184910
0.50864 0.18531
0.50712 0.18576
0.50582 0.186230
0.50469 0.18671
0.50371 0.18721
0.50286 0.18771
0.50213 0.18821
0.50149 0.18872
0.50095 0.18924
0.50051 0.18977
0.50015 0.19033
0.49992 0.190950
0.4999 0.19162
0.50015 0.19228
0.50059 0.1929
0.50116 0.19351
0.50186 0.19413
0.5027 0.19481
0.50371 0.195560
0.50492 0.19641
0.50643 0.19742
0.50834 0.198650
0.51078 0.20015
0.51388 0.2020
0.51765 0.20416
0.52192 0.2065
0.52658 0.20892
0.53158 0.21141
0.53685 0.21397
0.54231 0.21659
0.54785 0.21923
0.55337 0.22188
0.55882 0.22451
0.56417 0.22713
0.569410 0.22975
0.57453 0.23238
0.57953 0.23503
0.58442 0.23773
0.58919 0.24047
0.5938600 0.24327
0.59843 0.24614
0.6029 0.24908
0.60728 0.2521
0.61156 0.25521
0.61576 0.25841
0.61986 0.2617
0.62386 0.26507
0.62774 0.2685
0.63148 0.27197
0.63501 0.27543
0.63825 0.27879
0.64113 0.281960
0.64357 0.28486
0.64557 0.28749
0.64718 0.28985
0.648430 0.29197
0.64961 0.29431
*.*.Setup: s1223rtl.txt as Flap 1, Inverted: y, Scale = 1.0, AoA = 6.0, Reposition from (0,0) = (0, 0)*.*.
*.*.Setup: s1223rtl.txt as Flap 2, Inverted: y, Scale = 0.5, AoA = 35.0, Reposition from previous T.E. = (0.0, 0.05), Reposition from (0,0) = (0.9945, 0.1545)*.*.
*.*.Setup: s1223rtl.txt as Flap 3, Inverted: y, Scale = 0.5, AoA = 35.0, Reposition from previous T.E. = (-0.03, 0.08), Reposition from (0,0) = (1.3741, 0.5213)*.*.
*.*.Setup: Scale Ratio = 0.3642*.*.