0.34941 0.05534
0.34745 0.053180
0.3446 0.05002
0.34124 0.0469
0.33713 0.04383
0.3321 0.04063
0.32601 0.03716
0.31881 0.0334
0.3106 0.02940
0.30157 0.02528
0.292 0.02112
0.2821 0.017
0.27203 0.01299
0.26189 0.00912
0.2517 0.00543
0.24149 0.00193
0.2312 -0.00141
0.22081 -0.00458
0.21026 -0.00762
0.19949 -0.01055
0.18849 -0.01342
0.17725 -0.01625
0.16585 -0.01906
0.15437 -0.02186
0.14298 -0.0246
0.13184 -0.02722
0.12112 -0.029650
0.11101 -0.03179
0.1016 -0.03355
0.09285 -0.03487
0.08463 -0.03573
0.07682 -0.03612
0.06935 -0.03606
0.06214 -0.035560
0.05519 -0.03463
0.04849 -0.03328
0.04206 -0.03154
0.03595 -0.02945
0.03024 -0.02708
0.02504 -0.02454
0.02045 -0.021980
0.016510 -0.01949
0.01319 -0.01713
0.010440 -0.01492
0.00816 -0.01286
0.006280 -0.010920
0.00472 -0.00912
0.00344 -0.00742
0.00238 -0.00582
0.00153 -0.0043200
0.00086 -0.00288
0.00036 -0.001520
0.000086 -0.00021
-0.00012 0.00106000
0.000005 0.00234
0.00055 0.003520
0.00154 0.00447
0.00283 0.00518
0.00436 0.00575
0.00612 0.006250
0.00815 0.00671
0.01054 0.00716
0.0134 0.00763
0.01689 0.0081
0.02126 0.00861
0.02681 0.00916
0.0338 0.00975
0.04221 0.01031
0.05168 0.01077
0.061870 0.01103
0.072710 0.01111
0.0841 0.01108
0.095860 0.011
0.10778 0.01091
0.11968 0.01082
0.13144 0.01078
0.143010 0.0108
0.15438 0.01091
0.16556 0.011150
0.176560 0.01152
0.18738 0.01206
0.19806 0.01278
0.2086 0.01369
0.2190200 0.01481
0.22933 0.01614
0.23954 0.0177
0.24967 0.01948
0.259720 0.02149
0.26968 0.02374
0.27954 0.02621
0.28925 0.0289
0.29872 0.03178
0.30783 0.03481
0.31636 0.03791
0.32407 0.04099
0.33081 0.04399
0.33655 0.04687
0.34136 0.04963
0.34536 0.05226
0.34941 0.05534
-Inserting Flap s1223rtl-
0.50967 0.16147
0.50914 0.160110
0.50838 0.15813
0.50737 0.15606
0.506 0.153890
0.50423 0.1515
0.50201 0.148790
0.49932 0.14574
0.4962 0.14241
0.49273 0.13887
0.489 0.13521
0.48512 0.13151
0.48114 0.12784
0.47709 0.12421
0.473 0.12067
0.46886 0.11720
0.46466 0.1138
0.46038 0.11046
0.45599 0.10715
0.4515 0.10385
0.44687 0.1005400
0.44214 0.0972
0.43732 0.09385
0.43246 0.09049
0.42763 0.08717
0.42290 0.08395
0.41834 0.08089
0.414 0.07808
0.40992 0.07557
0.40607 0.07339
0.40239 0.07152
0.39882 0.06993
0.39532 0.06862
0.39186 0.06756
0.38845 0.06675
0.38508 0.06618
0.38177 0.06584
0.37854 0.065730
0.37545 0.06581
0.37257 0.06606
0.36997 0.06644
0.36768 0.06689
0.36571 0.0674
0.36403 0.06793
0.3626 0.06849
0.36137 0.0690500
0.36032 0.06962
0.35942 0.07018
0.35864 0.07074
0.35797 0.07129
0.3574 0.07184
0.35692 0.07239
0.35654 0.07294
0.35624 0.0735
0.35607 0.07412
0.35611 0.07477
0.3564 0.07539
0.35688 0.07595
0.35749 0.07649
0.35822 0.07704
0.35909 0.07762
0.36012 0.07826
0.36137 0.07899
0.36292 0.07984
0.36486 0.08086
0.36735 0.08211
0.37052 0.08364
0.37434 0.08541
0.37868 0.08731
0.38339 0.08926
0.38843 0.09124
0.39376 0.09327
0.39926 0.09534
0.40484 0.09743
0.41041 0.09953
0.41591 0.10161
0.4213 0.10369
0.42659 0.10579
0.43177 0.1079000
0.43683 0.11004
0.44179 0.11224
0.44665 0.11448
0.4514 0.1168
0.45606 0.11919
0.46064 0.12166
0.46513 0.12421
0.46954 0.1268600
0.47387 0.1296
0.47812 0.13243
0.48227 0.13535
0.486320 0.13835
0.49023 0.14139
0.493940 0.14443
0.497360 0.14741
0.50041 0.15023
0.50302 0.15284
0.50518 0.15521
0.506930 0.15736
0.508330 0.15931
0.50967 0.16147
-Inserting Flap s1223rtl-
0.6378 0.29948
0.63748 0.29806
0.63701 0.29599
0.63631 0.2938
0.635270 0.29145
0.63386 0.28883
0.63206 0.28582
0.62984 0.282420
0.62724 0.27867
0.62432 0.27466
0.62116 0.2705
0.61786 0.26628
0.61445 0.26207
0.61097 0.2579
0.60744 0.253790
0.60385 0.24976
0.60018 0.24579
0.59643 0.241860
0.59257 0.237950
0.5886 0.23404
0.5845 0.230090
0.5803 0.22611
0.57602 0.22208
0.5717 0.218060
0.56741 0.21407
0.56319 0.2102
0.55911 0.20652
0.55523 0.2031
0.55156 0.20003
0.54807 0.19731
0.5447 0.19493
0.541390 0.19284
0.53812 0.19104
0.53485 0.18949
0.5316 0.18819
0.528340 0.18714
0.52511 0.18633
0.52194 0.18574
0.518870 0.18538
0.51598 0.18521
0.51335 0.1852
0.51102 0.18532
0.509 0.18554
0.50726 0.18582
0.505760 0.18617
0.50447 0.18655
0.50335 0.18695
0.50237 0.18738
0.50152 0.18782
0.50078 0.18826
0.50014 0.18872
0.49958 0.1892
0.49912 0.18969
0.49874 0.19020
0.49848 0.19079
0.49843 0.19144
0.49863 0.1921
0.49902 0.19272
0.49955 0.19335
0.500190 0.19399
0.5009700 0.19469
0.5019 0.19548
0.50303 0.19638
0.50443 0.19744
0.506210 0.19873
0.5085 0.20033
0.5114 0.2023
0.51493 0.20461
0.518940 0.20712
0.52332 0.20973
0.5280300 0.21242
0.533 0.21520
0.53814 0.21805
0.54337 0.22093
0.54857 0.2238
0.55371 0.226660
0.55875 0.22951
0.56368 0.23234
0.56849 0.23518
0.57319 0.238040
0.57778 0.240930
0.58226 0.24386
0.58663 0.24683
0.59089 0.24987
0.59506 0.25298
0.59914 0.25616
0.60311 0.259420
0.607 0.262760
0.61079 0.26618
0.61448 0.26967
0.61806 0.27322
0.62148 0.27679
0.62471 0.28034
0.62767 0.28378
0.63027 0.287020
0.63248 0.28998
0.63427 0.29264
0.63569 0.29502
0.63679 0.29715
0.6378 0.29948
*.*.Setup: s1223rtl.txt as Flap 1, Inverted: y, Scale = 1.0, AoA = 9.0, Reposition from (0,0) = (0, 0)*.*.
*.*.Setup: s1223rtl.txt as Flap 2, Inverted: y, Scale = 0.5, AoA = 30.0, Reposition from previous T.E. = (0.02, 0.05), Reposition from (0,0) = (1.0077, 0.2064)*.*.
*.*.Setup: s1223rtl.txt as Flap 3, Inverted: y, Scale = 0.5, AoA = 38.333333333333336, Reposition from previous T.E. = (-0.03, 0.08), Reposition from (0,0) = (1.4107, 0.5364)*.*.
*.*.Setup: Scale Ratio = 0.35376*.*.