0.3501500000 -0.01721
0.34941 -0.01795
0.34792 -0.01939
0.34573 -0.02152
0.34294 -0.02418
0.3397 -0.02717
0.33617 -0.03031
0.33249 -0.03341
0.32879 -0.0363
0.325080 -0.03899
0.32138 -0.04151
0.31768 -0.04387
0.31397 -0.04612
0.31027 -0.04828
0.30656 -0.05035
0.30286 -0.05235
0.29916 -0.05427
0.29545 -0.05612
0.29175 -0.05791
0.28804 -0.05963
0.28434 -0.0613
0.28064 -0.0629
0.27693 -0.06446
0.27323 -0.06595
0.26952 -0.06740
0.26582 -0.06879
0.262120 -0.07012
0.25841 -0.07139
0.25471 -0.07259
0.251 -0.07374
0.2473 -0.07484
0.2436 -0.0759
0.239890 -0.07694
0.23619 -0.07794
0.23248 -0.078920
0.22878 -0.07986
0.22508 -0.08077
0.22137 -0.08163
0.217670 -0.08244
0.21397 -0.083210
0.21026 -0.08393
0.20656 -0.0846
0.20285 -0.08523
0.19915 -0.08582
0.19545 -0.08637
0.19174 -0.08688
0.18804 -0.08736
0.18433 -0.0878
0.18063 -0.0882
0.17693 -0.08857
0.17322 -0.0889
0.16952 -0.08919
0.16581 -0.08944
0.16211 -0.08965
0.15841 -0.08981
0.1547 -0.08992
0.151 -0.08999
0.14729 -0.09002
0.14359 -0.09
0.13989 -0.08994
0.13618 -0.08983
0.132480 -0.08967
0.12877 -0.08946
0.12507 -0.0892
0.12137 -0.0889
0.11766 -0.08856
0.11396 -0.08818
0.110250 -0.08776
0.10655 -0.0873
0.10285 -0.08681
0.09914 -0.08626
0.09544 -0.085640
0.09173 -0.084950
0.088030 -0.08418
0.08433 -0.08332
0.08062 -0.08237
0.07692 -0.08134
0.07321 -0.08023
0.06951 -0.07903
0.06581 -0.07774
0.0621 -0.07633
0.0584 -0.07479
0.0547 -0.0731100
0.05099 -0.07128
0.04729 -0.0692900
0.04358 -0.067160
0.03988 -0.06489
0.03618 -0.06247
0.03247 -0.0599
0.02877 -0.05713
0.025060 -0.05408
0.02136 -0.050660
0.01766 -0.04682
0.01398 -0.04251
0.01045 -0.03787
0.00721 -0.03305
0.00442 -0.02823
0.00222 -0.02357
0.00074 -0.01923
0.000000 -0.01191
0.00074 -0.00914
0.00222 -0.00709
0.00442 -0.00582
0.00721 -0.00524
0.01045 -0.00521
0.01398 -0.00559
0.01766 -0.00626
0.02136 -0.0071
0.025060 -0.00807
0.02877 -0.00917
0.03247 -0.0104
0.03618 -0.01175
0.03988 -0.0132
0.04358 -0.01475
0.04729 -0.01638
0.05099 -0.01807
0.0547 -0.01982
0.0584 -0.02161
0.0621 -0.02343
0.06581 -0.02527
0.06951 -0.02711
0.07321 -0.02895
0.07692 -0.03078
0.08062 -0.03259
0.08433 -0.03438
0.088030 -0.03614
0.09173 -0.03787
0.09544 -0.03957
0.09914 -0.04123
0.10285 -0.04286
0.10655 -0.04445
0.110250 -0.04599
0.11396 -0.0475
0.11766 -0.048960
0.12137 -0.05039
0.12507 -0.05176
0.12877 -0.053090
0.132480 -0.0543800
0.13618 -0.05562
0.13989 -0.0568
0.14359 -0.05794
0.14729 -0.05903
0.151 -0.06007
0.1547 -0.06105
0.15841 -0.06198
0.16211 -0.06285
0.16581 -0.06367
0.16952 -0.06442
0.17322 -0.06513
0.17693 -0.065780
0.18063 -0.066380
0.18433 -0.06694
0.18804 -0.06745
0.19174 -0.067930
0.19545 -0.06834
0.19915 -0.06871
0.20285 -0.069
0.20656 -0.06923
0.21026 -0.06939
0.21397 -0.06947
0.217670 -0.0695
0.22137 -0.06945
0.22508 -0.06934
0.22878 -0.06916
0.23248 -0.068910
0.23619 -0.06859
0.239890 -0.0682
0.2436 -0.06773
0.2473 -0.06719
0.251 -0.06657
0.25471 -0.06586
0.25841 -0.06508
0.262120 -0.06421
0.26582 -0.06326
0.26952 -0.06221
0.27323 -0.06107
0.27693 -0.05984
0.28064 -0.0585
0.28434 -0.05707
0.28804 -0.05555
0.29175 -0.05394
0.29545 -0.05226
0.29916 -0.0505
0.30286 -0.048660
0.30656 -0.04676
0.31027 -0.04478
0.31397 -0.04273
0.31768 -0.04061
0.32138 -0.0384
0.325080 -0.03609
0.32879 -0.03365
0.33249 -0.031070
0.33617 -0.02835
0.3397 -0.02562
0.34294 -0.02305
0.34573 -0.02077
0.34792 -0.018950
0.34941 -0.01773
0.3501500000 -0.01721
-Inserting Flap Ga2-
0.49207 0.06126
0.49194 0.06086
0.49168 0.06007
0.49128 0.05892
0.49077 0.05746
0.49016 0.05581
0.48947 0.05405
0.48872 0.05228
0.487930 0.05057
0.48709 0.04894
0.48623 0.04737
0.48534 0.04586
0.4844300 0.04438
0.4835 0.04294
0.48256 0.04153
0.48160 0.04014
0.48063 0.03879
0.47964 0.03745
0.47865 0.03614
0.47764 0.034860
0.47662 0.03359
0.4756 0.03235
0.47456 0.03112
0.47351 0.02991
0.47245 0.028730
0.47138 0.02756
0.4703 0.02641
0.46922 0.025290
0.46811 0.02419
0.467 0.0231
0.46588 0.022040
0.46476 0.02099
0.46362 0.01995
0.46249 0.01892
0.46134 0.01789
0.46019 0.01688
0.45904 0.01589
0.45787 0.01491
0.4567 0.01395
0.45552 0.013
0.45433 0.01207
0.45313 0.01116
0.45193 0.01026
0.45071 0.00938
0.44949 0.00851
0.44827 0.00766
0.44703 0.00682
0.44579 0.00599
0.44455 0.00517
0.44329 0.00436
0.44203 0.00357
0.44077 0.00280
0.43949 0.00204
0.4382100 0.00129
0.43692 0.00056
0.43562 -0.00015
0.43431 -0.00085
0.433 -0.00153
0.43167 -0.0022
0.43034 -0.00285
0.429 -0.00348
0.42765 -0.0041
0.42629 -0.0047
0.42493 -0.00528
0.42355 -0.00584
0.42217 -0.00639
0.42078 -0.00693
0.41938 -0.00745
0.41798 -0.00796
0.41657 -0.00846
0.41515 -0.00894
0.413720 -0.00939
0.41227 -0.00982
0.41081 -0.01021
0.40934 -0.01058
0.40785 -0.01091
0.40634 -0.01122
0.40482 -0.0115
0.40328 -0.01174
0.40172 -0.01195
0.40015 -0.012120
0.398550 -0.01225
0.39692 -0.01232
0.39527 -0.01234
0.393590 -0.01231
0.39188 -0.01222
0.39015 -0.01208
0.388390 -0.01189
0.38660 -0.01165
0.38478 -0.01133
0.38291 -0.01092
0.38097 -0.01037
0.37895 -0.00968
0.37685 -0.00881
0.37475 -0.0078
0.37273 -0.00667
0.37086 -0.00546
0.36923 -0.004190
0.36791 -0.00291
0.36632 -0.00044
0.36608 0.00068
0.36623 0.00168
0.36678 0.00253
0.36767 0.00325
0.36882 0.00384
0.37015 0.00435
0.37158 0.00478
0.37305 0.00515
0.37455 0.00548
0.37607 0.00576
0.37762 0.00599
0.37918 0.00618
0.38076 0.00634
0.38236 0.00646
0.38398 0.00655
0.38561 0.00662
0.38725 0.00667
0.38889 0.0067
0.39054 0.00673
0.3922 0.00675
0.39385 0.00676
0.3955 0.006780
0.39716 0.0068
0.39881 0.00683
0.40045 0.00686
0.40209 0.00691
0.40372 0.00696
0.40535 0.00703
0.40698 0.007110
0.40859 0.0072
0.4102 0.00731
0.4118 0.00743
0.41339 0.00757
0.41498 0.00772
0.41656 0.00788
0.418130 0.00807
0.419690 0.00827
0.42124 0.00848
0.42279 0.008710
0.42432 0.008960
0.42585 0.00923
0.42737 0.00951
0.42888 0.009810
0.43038 0.010140
0.43186 0.01048
0.43334 0.01084
0.43481 0.01122
0.43627 0.01163
0.43772 0.012050
0.43915 0.01249
0.44058 0.01295
0.44201 0.013420
0.443420 0.01391
0.44483 0.01441
0.44622 0.01494
0.447610 0.01548
0.44898 0.01605
0.45034 0.01664
0.45169 0.01726
0.45303 0.0179
0.4543500 0.01856
0.45566 0.01925
0.45696 0.01996
0.45825 0.0207
0.45953 0.02146
0.46079 0.02225
0.46204 0.02306
0.46327 0.0239
0.46449 0.02477
0.4657 0.02566
0.46689 0.02658
0.468070 0.02754
0.4692300 0.02852
0.47038 0.02953
0.47151 0.03058
0.47262 0.03165
0.47372 0.03277
0.47480 0.033920
0.47586 0.0351
0.4769000 0.03631
0.47793 0.03756
0.47894 0.03883
0.479940 0.04013
0.48093 0.0414600
0.48190 0.04281
0.48287 0.04419
0.48381 0.04559
0.48475 0.04702
0.48567 0.04848
0.48657 0.04997
0.48744 0.05152
0.4883 0.05311
0.489110 0.05475
0.489880 0.05636
0.49056 0.057870
0.49114 0.05918
0.49160 0.06023
0.4919 0.06094
0.49207 0.06126
-Inserting Flap Ga2-
0.60998 0.17994
0.60998 0.17952
0.609970 0.17869
0.60995 0.17747
0.60991 0.17592
0.60984 0.17416
0.60973 0.172280
0.60957 0.17036
0.60934 0.16849
0.60905 0.16669
0.60872 0.16493
0.60834 0.16321
0.60793 0.161530
0.60749 0.15987
0.60703 0.15823
0.60655 0.15662
0.60604 0.15503
0.60552 0.15346
0.60497 0.15191
0.60441 0.150370
0.60384 0.14885
0.60324 0.14735
0.60264 0.14586
0.60201 0.14439
0.60137 0.14294
0.60072 0.1415
0.60005 0.14007
0.59936 0.13867
0.59865 0.13728
0.59793 0.1359
0.59719 0.13455
0.59645 0.1332
0.59569 0.13186
0.59493 0.13053
0.59416 0.1292
0.59337 0.12789
0.59258 0.12658
0.59178 0.12529
0.59096 0.12401
0.59013 0.12275
0.58929 0.1215
0.58843 0.12026
0.58756 0.11903
0.586680 0.11782
0.58579 0.11662
0.58488 0.11542
0.58397 0.11424
0.58305 0.11307
0.58211 0.11191
0.581170 0.11076
0.58022 0.10962
0.57925 0.10849
0.57827 0.10737
0.57728 0.10626
0.57628 0.10517
0.57527 0.10409
0.57424 0.10302
0.5732 0.101970
0.57215 0.10092
0.57108 0.09989
0.57 0.098880
0.56891 0.09788
0.5678 0.09689
0.56668 0.09591
0.56555 0.09495
0.5644 0.094
0.56325 0.09306
0.56208 0.09213
0.56091 0.09121
0.55972 0.0903
0.55852 0.08941
0.5572900 0.08854
0.55605 0.08768
0.55478 0.08686
0.55349 0.08605
0.55218 0.08527
0.55084 0.08451
0.54948 0.08378
0.54809 0.08307
0.54668 0.08239
0.54523 0.08174
0.54375 0.08113
0.54223 0.08056
0.54066 0.08003
0.53905 0.07954
0.5374 0.0791
0.53571 0.07869
0.533980 0.07833
0.5322 0.07801
0.53037 0.07774
0.52846 0.07756
0.52645 0.07748
0.52431 0.07752
0.52205 0.07769
0.51974 0.07801
0.51747 0.07846
0.51531 0.07903
0.51337 0.07973
0.51172 0.08054
0.50945 0.0824
0.50887 0.08339
0.50871 0.08439
0.50897 0.08537
0.50960 0.08632
0.5105 0.08725
0.51161 0.08814
0.51284 0.08899
0.51412 0.0898
0.515450 0.09057
0.51681 0.09131
0.5182 0.092010
0.51963 0.09268
0.52109 0.09331
0.52258 0.09392
0.52408 0.09451
0.52561 0.09508
0.52715 0.09563
0.52871 0.09617
0.530270 0.0967
0.53184 0.09723
0.53341 0.09776
0.53497 0.09829
0.53654 0.09882
0.5381 0.09935
0.53965 0.09989
0.5412 0.100440
0.54273 0.101
0.54426 0.10157
0.54578 0.10215
0.54729 0.10273
0.54879 0.10333
0.55027 0.10394
0.551740 0.10456
0.55321 0.1052
0.55466 0.10584
0.55609 0.1065
0.55752 0.10717
0.55893 0.10786
0.56033 0.10855
0.56171 0.10927
0.56308 0.10999
0.56443 0.11073
0.56578 0.11148
0.5671 0.11225
0.56841 0.11304
0.56971 0.11384
0.57098 0.11466
0.5722500 0.11549
0.57349 0.11634
0.57472 0.1172
0.57594 0.11808
0.57715 0.11897
0.57834 0.11987
0.579520 0.12079
0.58069 0.12172
0.58184 0.12266
0.58297 0.12363
0.58408 0.12461
0.585170 0.125610
0.58625 0.12663
0.5873 0.12768
0.58833 0.12874
0.589350 0.12982
0.59035 0.13091
0.59132 0.13203
0.59228 0.13317
0.59322 0.13433
0.59413 0.13551
0.59503 0.13671
0.5959 0.13793
0.59675 0.13918
0.59757 0.14045
0.59838 0.141740
0.59915 0.14306
0.59991 0.1444
0.60063 0.145770
0.60133 0.147170
0.602 0.14860
0.60264 0.15005
0.60326 0.15153
0.60385 0.15303
0.60442 0.15455
0.604970 0.1561
0.6055 0.15766
0.60601 0.15925
0.6065 0.16086
0.60697 0.16248
0.60742 0.16413
0.60784 0.1658
0.60823 0.16751
0.60859 0.16924
0.60891 0.17102
0.609180 0.17283
0.609410 0.17460
0.609590 0.17625
0.60974 0.17768
0.60985 0.17881
0.60992 0.17958
0.60998 0.17994
*.*.Setup: Ga2.txt as Flap 1, Inverted: y, Scale = 1.0, AoA = 0.0, Reposition from (0,0) = (0, 0)*.*.
*.*.Setup: Ga2.txt as Flap 2, Inverted: y, Scale = 0.4, AoA = 27.0, Reposition from previous T.E. = (0.04, 0.06), Reposition from (0,0) = (1.04, 0.0109)*.*.
*.*.Setup: Ga2.txt as Flap 3, Inverted: y, Scale = 0.4, AoA = 45.0, Reposition from previous T.E. = (0.04, 0.07), Reposition from (0,0) = (1.4453, 0.2449)*.*.
*.*.Setup: Scale Ratio = 0.35015*.*.