0.36077 0.03792
0.358650 0.03581
0.35556 0.03273
0.35195 0.02971
0.34757 0.02679
0.342260 0.023780
0.33584 0.02055
0.32826 0.01709
0.319630 0.01344
0.310170 0.0097
0.30015 0.00595
0.28979 0.00227
0.279260 -0.00130
0.26866 -0.00471
0.25804 -0.00794
0.24739 -0.010990
0.23668 -0.01385
0.22587 -0.01654
0.214900 -0.01908
0.20372 -0.02151
0.19229 -0.02386
0.18064 -0.02615
0.16881 -0.02842
0.15691 -0.030670
0.1451 -0.03286
0.13355 -0.03495
0.12244 -0.03686
0.11197 -0.03851
0.10224 -0.03981
0.09321 -0.04069
0.08475 -0.04113
0.07673 -0.04111
0.06908 -0.04065
0.06173 -0.03975
0.05466 -0.03842
0.04787 -0.03668
0.041380 -0.03455
0.03523 -0.03208
0.02951 -0.02935
0.02433 -0.02648
0.01976 -0.02360
0.01586 -0.02084
0.01259 -0.01825
0.00989 -0.01584
0.00767 -0.0136
0.005840 -0.01152
0.00435 -0.009590
0.00312 -0.00778
0.00213 -0.00609
0.00134 -0.00450
0.00073 -0.003
0.00029 -0.00157
0.000055 -0.00022
-6e-05 0.00109
0.00013 0.0024
0.00075 0.00358
0.00182 0.00449
0.003180 0.00515
0.00477 0.005660
0.0066 0.00607
0.00871 0.00643
0.01118 0.00677
0.01413 0.00709
0.01773 0.00739
0.02223 0.007680
0.02794 0.00794
0.03514 0.00817
0.04378 0.00830
0.05349 0.00825
0.06395 0.00797
0.07505 0.00747
0.08672 0.00683
0.09875 0.00612
0.11096 0.00539
0.12314 0.00466
0.135170 0.00398
0.14702 0.00338
0.158670 0.00289
0.17013 0.00253
0.18141 0.00232
0.192530 0.0023
0.2035 0.00246
0.21434 0.00283
0.22507 0.00341
0.2357 0.00422
0.24624 0.00527
0.25671 0.00655
0.26711 0.00807
0.27743 0.00984
0.28766 0.01184
0.29774 0.014070
0.3076 0.01651
0.31709 0.01912
0.32599 0.02184
0.33405 0.02459
0.341120 0.02729
0.34715 0.02994
0.35222 0.03251
0.35646 0.034980
0.36077 0.03792
-Inserting Flap s1223rtl-
0.50934 0.16009
0.50893 0.15865
0.508330 0.15656
0.50748 0.15436
0.50627 0.152020
0.504680 0.1494200
0.50265 0.14645
0.500180 0.1431
0.49729 0.13941
0.49406 0.13549
0.49058 0.13142
0.48695 0.12729
0.48321 0.12318
0.4794 0.119120
0.47554 0.11513
0.47162 0.11122
0.4676300 0.10737
0.46355 0.10357
0.45937 0.0998
0.45507 0.09603
0.45064 0.09224
0.4461 0.08841
0.44148 0.08455
0.436820 0.08068
0.43219 0.07686
0.427640 0.07315
0.423250 0.06962
0.41907 0.06636
0.41513 0.06343
0.411390 0.06086
0.4078 0.05862
0.40429 0.05668
0.40083 0.05502
0.3974 0.05363
0.39398 0.05250
0.39059 0.05162
0.38724 0.05098
0.38395 0.05057
0.38079 0.05038
0.37782 0.05037
0.37513 0.05053
0.37275 0.05079
0.3707 0.05113
0.368930 0.05153
0.36742 0.05197
0.36612 0.05243
0.36499 0.05292
0.36402 0.05341
0.36318 0.05391
0.362440 0.05441
0.36181 0.05492
0.36128 0.05544
0.36083 0.05597
0.36048 0.05652
0.36024 0.05713
0.36023 0.0578
0.36047 0.05846
0.360910 0.05908
0.36148 0.05969
0.362180 0.06031
0.36302 0.06098
0.36402 0.06173
0.365230 0.06258
0.36673 0.06359
0.368630 0.0648
0.37106 0.0663
0.37415 0.06814
0.3779 0.0703
0.38216 0.07263
0.3868 0.07504
0.39178 0.07752
0.39703 0.08006
0.40247 0.08267
0.40799 0.08531
0.41349 0.08794
0.41891 0.09056
0.42424 0.09317
0.42946 0.09578
0.43456 0.0984
0.43954 0.10105
0.44441 0.103730
0.44916 0.10646
0.45382 0.10925
0.45837 0.112110
0.462820 0.11504
0.46718 0.11805
0.471440 0.12115
0.47562 0.12434
0.47971 0.12761
0.48369 0.13096
0.48756 0.13438
0.49128 0.13784
0.4948 0.14128
0.49803 0.14463
0.50089 0.14778
0.50333 0.15068
0.50532 0.1533
0.50692 0.15565
0.50817 0.1577600
0.50934 0.16009
-Inserting Flap s1223rtl-
0.65887 0.29072
0.65854 0.28927
0.65806 0.28714
0.65734 0.2849
0.65628 0.28249
0.654840 0.27980
0.65299 0.276720
0.65071 0.27323
0.648040 0.26938
0.645040 0.26527
0.64181 0.26101
0.63842 0.25668
0.634930 0.25236
0.63136 0.24808
0.62774 0.24388
0.62405 0.23974
0.62029 0.23567
0.61645 0.23164
0.61249 0.22763
0.60842 0.22362
0.60422 0.21957
0.59991 0.21549
0.59552 0.21136
0.59109 0.20723
0.58669 0.20315
0.58237 0.19918
0.57819 0.1954
0.5742 0.1919
0.57044 0.188750
0.566860 0.185960
0.5634 0.18352
0.56001 0.18138
0.55665 0.17953
0.55331 0.17794
0.549970 0.17661
0.54663 0.175530
0.54332 0.17469
0.54006 0.1741
0.53692 0.17372
0.53396 0.17355
0.53126 0.17354
0.52887 0.17366
0.5268 0.17388
0.52501 0.17418
0.52348 0.17453
0.52215 0.17492
0.521 0.17534
0.520 0.17577
0.51913 0.176220
0.51837 0.17668
0.51771 0.17715
0.51714 0.17764
0.51667 0.17814
0.51628 0.17867
0.516010 0.17927
0.51596 0.17994
0.5161600 0.18061
0.51656 0.181250
0.5171 0.18189
0.51776 0.18256
0.51856 0.18327
0.51951 0.18408
0.52067 0.1850
0.5221100 0.18609
0.52394 0.18742
0.52628 0.18906
0.52926 0.19107
0.53288 0.19344
0.53699 0.19602
0.54148 0.1987
0.54631 0.20145
0.55141 0.2043
0.55668 0.20722
0.56204 0.21018
0.567370 0.213130
0.57264 0.21606
0.57781 0.21897
0.58286 0.22188
0.5878 0.22479
0.59262 0.22772
0.597320 0.23068
0.60191 0.23369
0.60640 0.236740
0.61077 0.23986
0.61505 0.24304
0.61922 0.2463
0.6233 0.24965
0.62729 0.25307
0.63118 0.25658
0.63496 0.26016
0.63863 0.2638
0.64214 0.267460
0.64545 0.2711
0.64848 0.27463
0.65115 0.27795
0.65341 0.28098
0.65525 0.28371
0.65671 0.28615
0.657840 0.28833
0.65887 0.29072
*.*.Setup: s1223rtl.txt as Flap 1, Inverted: y, Scale = 1.0, AoA = 6.0, Reposition from (0,0) = (0, 0)*.*.
*.*.Setup: s1223rtl.txt as Flap 2, Inverted: y, Scale = 0.5, AoA = 35.0, Reposition from previous T.E. = (0.0, 0.05), Reposition from (0,0) = (0.9945, 0.1545)*.*.
*.*.Setup: s1223rtl.txt as Flap 3, Inverted: y, Scale = 0.5, AoA = 38.333333333333336, Reposition from previous T.E. = (0.02, 0.05), Reposition from (0,0) = (1.4241, 0.4913)*.*.
*.*.Setup: Scale Ratio = 0.36276*.*.