0.34417 0.05451
0.34224 0.052380
0.33944 0.04927
0.33612 0.04619
0.33207 0.04317
0.32712 0.04002
0.32112 0.0366
0.31403 0.0329
0.30594 0.028960
0.29705 0.0249
0.28762 0.0208
0.27787 0.01674
0.26795 0.01279
0.25796 0.00899
0.24793 0.00535
0.23787 0.0019
0.22774 -0.00139
0.2175 -0.00451
0.2071 -0.0075
0.1965 -0.01039
0.18566 -0.01322
0.1746 -0.01601
0.16336 -0.01878
0.15206 -0.02153
0.14084 -0.02423
0.12986 -0.02681
0.11931 -0.02920
0.10934 -0.03131
0.10007 -0.03305
0.09146 -0.03435
0.08336 -0.03519
0.07567 -0.03558
0.06831 -0.03552
0.06121 -0.035030
0.05436 -0.03411
0.04776 -0.03278
0.04143 -0.03107
0.03541 -0.029
0.02979 -0.02667
0.02467 -0.02417
0.02014 -0.021650
0.016260 -0.01919
0.013 -0.01687
0.010280 -0.0147
0.00804 -0.01266
0.006190 -0.010760
0.00465 -0.00898
0.00339 -0.00731
0.00235 -0.00574
0.00151 -0.0042500
0.00085 -0.00284
0.00036 -0.001490
0.000086 -0.00021
-0.00012 0.00105000
0.000005 0.0023
0.00054 0.003470
0.00152 0.0044
0.00279 0.0051
0.00429 0.00566
0.00602 0.006150
0.00803 0.00661
0.01038 0.00706
0.0132 0.00751
0.01664 0.00798
0.02094 0.00848
0.0264 0.00902
0.03329 0.0096
0.04158 0.01016
0.0509 0.0106
0.060940 0.01086
0.071620 0.01094
0.08284 0.01092
0.094420 0.01084
0.10617 0.01075
0.11789 0.01066
0.12946 0.01062
0.140860 0.01064
0.15206 0.01075
0.16308 0.010980
0.173910 0.01135
0.18457 0.01188
0.19509 0.01259
0.20547 0.01349
0.2157300 0.01459
0.22589 0.0159
0.23595 0.01743
0.24593 0.01919
0.255830 0.02117
0.26564 0.02338
0.27535 0.02582
0.28491 0.02847
0.29424 0.0313
0.30321 0.03428
0.31161 0.03734
0.31921 0.04038
0.32585 0.04333
0.3315 0.04617
0.33624 0.04889
0.34018 0.05148
0.34417 0.05451
-Inserting Flap s1223rtl-
0.50789 0.14895
0.50715 0.14772
0.50607 0.14592
0.50473 0.1441
0.50303 0.14223
0.5009 0.14021
0.49829 0.13796
0.49516 0.13546
0.491560 0.13276
0.48759 0.12992
0.48335 0.12701
0.47895 0.12409
0.47446 0.1212
0.46992 0.11838
0.46534 0.11564
0.460730 0.11298
0.45608 0.1104
0.45135 0.107890
0.44653 0.105430
0.4416 0.103
0.43655 0.10058
0.43139 0.09816
0.42614 0.095720
0.42085 0.0933
0.4156 0.09090
0.41046 0.08859
0.40551 0.08641
0.40082 0.08442
0.39644 0.08268
0.39233 0.08122
0.38844 0.08004
0.3847 0.07911
0.38108 0.07844
0.37755 0.078
0.3741 0.0778
0.37074 0.07782
0.36746 0.07806
0.36431 0.0785
0.36133 0.07911
0.35858 0.07984
0.35612 0.080650
0.35398 0.08149
0.35216 0.08231
0.35062 0.08312
0.349320 0.08391
0.34823 0.08467
0.34731 0.08539
0.34653 0.08609
0.34587 0.08676
0.34531 0.08741
0.344850 0.08804
0.34448 0.08866
0.3442 0.089260
0.34401 0.08986
0.343950 0.09049
0.3441 0.09111
0.34449 0.09166
0.345050 0.09213
0.34573 0.09255
0.34654 0.09295
0.347480 0.09337
0.34859 0.09381
0.34993 0.0943
0.35157 0.09486
0.35364 0.09552
0.35627 0.09631
0.35959 0.09724
0.36361 0.09831
0.368140 0.09942
0.37304 0.1005
0.378280 0.10156
0.38379 0.102620
0.38948 0.10368
0.39525 0.10476
0.40101 0.10584
0.4067 0.10692
0.41229 0.10802
0.41778 0.10914
0.42316 0.1103
0.42844 0.11152
0.433620 0.1128
0.43872 0.11415
0.44373 0.11558
0.44866 0.1171
0.45352 0.11871
0.45831 0.12042
0.46304 0.12224
0.46771 0.12416
0.47232 0.12618
0.47685 0.1283
0.48129 0.13051
0.48560 0.13279
0.48972 0.13511
0.493550 0.13741
0.49699 0.13963
0.49997 0.14171
0.50247 0.14364
0.50453 0.14543
0.506220 0.14708
0.50789 0.14895
-Inserting Flap s1223rtl-
0.63806 0.30002
0.6379 0.2985900
0.63768 0.29651
0.63724 0.29429
0.6365 0.29188
0.63542 0.28915
0.634 0.2860
0.63222 0.282420
0.6301 0.27845
0.6277 0.2742
0.625090 0.26977
0.622340 0.26526
0.61949 0.26075
0.61656 0.25627
0.613570 0.25185
0.61052 0.2475
0.60739 0.24319
0.60416 0.23892
0.60084 0.23465
0.5974 0.230370
0.59384 0.226040
0.59019 0.22166
0.58646 0.21724
0.58269 0.2128
0.57895 0.20841
0.57527 0.204140
0.5717 0.20007
0.56829 0.19629
0.56505 0.19287
0.56195 0.18981
0.55892 0.18709
0.55592 0.18467
0.55293 0.18253
0.54991 0.18064
0.54687 0.179
0.54381 0.17760
0.54075 0.17643
0.53771 0.1755
0.53475 0.17479
0.53194 0.17429
0.52937 0.17399
0.52708 0.17384
0.52507 0.17382
0.52334 0.1739
0.52183 0.17406
0.520520 0.174290
0.51938 0.17456
0.51838 0.17486
0.51749 0.17519
0.516720 0.17555
0.51604 0.17592
0.51544 0.17632
0.51493 0.17675
0.5145 0.177210
0.51418 0.17776
0.51406 0.178390
0.51418 0.17905
0.514490 0.179710
0.51493 0.180380
0.51549 0.18108
0.51616 0.18186
0.51699 0.18273
0.51799 0.18374
0.51924 0.18494
0.52083 0.18641
0.52289 0.188230
0.5255 0.19049
0.52869 0.19315
0.53233 0.19607
0.536320 0.199130
0.54061 0.2023
0.54516 0.20558
0.54987 0.20896
0.55465 0.21237
0.55941 0.21578
0.564110 0.21917
0.56871 0.22252
0.57321 0.22586
0.5776 0.22919
0.58187 0.23252
0.58603 0.23587
0.59007 0.23925
0.59401 0.24266
0.59784 0.24613
0.60156 0.24964
0.60518 0.25322
0.6087 0.25686
0.61212 0.26057
0.61544 0.26435
0.61865 0.26819
0.62174 0.27207
0.62468 0.27596
0.62743 0.2798
0.62993 0.28351
0.63212 0.28697
0.63393 0.29012
0.63538 0.29293
0.6365 0.29542
0.63734 0.29762
0.63806 0.30002
*.*.Setup: s1223rtl.txt as Flap 1, Inverted: y, Scale = 1.0, AoA = 9.0, Reposition from (0,0) = (0, 0)*.*.
*.*.Setup: s1223rtl.txt as Flap 2, Inverted: y, Scale = 0.5, AoA = 20.0, Reposition from previous T.E. = (0.0, 0.1), Reposition from (0,0) = (0.9877, 0.2564)*.*.
*.*.Setup: s1223rtl.txt as Flap 3, Inverted: y, Scale = 0.5, AoA = 45.0, Reposition from previous T.E. = (0.02, 0.08), Reposition from (0,0) = (1.4775, 0.5074)*.*.
*.*.Setup: Scale Ratio = 0.34846*.*.