0.3890700000 -0.01912
0.38825 -0.01995
0.3866 -0.02155
0.38416 -0.02391
0.38106 -0.02687
0.37746 -0.03019
0.37354 -0.03368
0.36945 -0.03712
0.36534 -0.04034
0.361220 -0.04333
0.35711 -0.04612
0.35299 -0.04875
0.34887 -0.05125
0.34476 -0.05364
0.34064 -0.05595
0.33653 -0.05817
0.33241 -0.0603
0.3283 -0.06236
0.32418 -0.06435
0.32006 -0.06626
0.31595 -0.06811
0.31183 -0.0699
0.30772 -0.07162
0.3036 -0.07329
0.29949 -0.074890
0.29537 -0.07644
0.291250 -0.07791
0.28714 -0.07932
0.28302 -0.08066
0.27891 -0.08194
0.27479 -0.08316
0.27068 -0.08434
0.266560 -0.08549
0.26244 -0.08661
0.25833 -0.087690
0.25421 -0.08874
0.2501 -0.08975
0.24598 -0.09071
0.241870 -0.09161
0.23775 -0.092460
0.23363 -0.09326
0.22952 -0.09401
0.2254 -0.09471
0.22129 -0.09536
0.21717 -0.09597
0.21306 -0.09654
0.20894 -0.09707
0.20482 -0.09756
0.20071 -0.09801
0.19659 -0.09842
0.19248 -0.09879
0.18836 -0.09911
0.18425 -0.09939
0.18013 -0.09961
0.17601 -0.09979
0.1719 -0.09992
0.16778 -0.1
0.16367 -0.10003
0.15955 -0.10001
0.15544 -0.09993
0.15132 -0.09981
0.14720 -0.09963
0.14309 -0.09941
0.13897 -0.09912
0.13486 -0.09879
0.13074 -0.0984
0.12663 -0.09798
0.122510 -0.09751
0.11839 -0.09701
0.11428 -0.09646
0.11016 -0.09585
0.10605 -0.095160
0.10193 -0.09440
0.097820 -0.09354
0.0937 -0.09258
0.08959 -0.09153
0.08547 -0.09039
0.08135 -0.08915
0.07724 -0.08782
0.07312 -0.08638
0.06901 -0.08481
0.06489 -0.0831
0.06078 -0.0812400
0.05666 -0.0792
0.05254 -0.07700
0.04843 -0.074630
0.04431 -0.0721
0.0402 -0.06941
0.03608 -0.06656
0.03197 -0.06348
0.027850 -0.06009
0.02373 -0.056290
0.01962 -0.05202
0.01553 -0.04724
0.01161 -0.04208
0.00801 -0.03673
0.00491 -0.03137
0.00247 -0.02619
0.00082 -0.02136
0.000000 -0.01323
0.00082 -0.01015
0.00247 -0.00787
0.00491 -0.00646
0.00801 -0.00582
0.01161 -0.00578
0.01553 -0.00621
0.01962 -0.00696
0.02373 -0.00788
0.027850 -0.00897
0.03197 -0.01019
0.03608 -0.01156
0.0402 -0.01305
0.04431 -0.01467
0.04843 -0.01639
0.05254 -0.0182
0.05666 -0.02008
0.06078 -0.02203
0.06489 -0.02402
0.06901 -0.02604
0.07312 -0.02808
0.07724 -0.03013
0.08135 -0.03217
0.08547 -0.0342
0.08959 -0.03621
0.0937 -0.0382
0.097820 -0.04016
0.10193 -0.04208
0.10605 -0.04397
0.11016 -0.04582
0.11428 -0.04762
0.11839 -0.04939
0.122510 -0.05111
0.12663 -0.05278
0.13074 -0.054410
0.13486 -0.05599
0.13897 -0.05752
0.14309 -0.058990
0.14720 -0.0604200
0.15132 -0.0618
0.15544 -0.06312
0.15955 -0.06439
0.16367 -0.0656
0.16778 -0.06675
0.1719 -0.06784
0.17601 -0.06887
0.18013 -0.06984
0.18425 -0.07075
0.18836 -0.07159
0.19248 -0.07237
0.19659 -0.073090
0.20071 -0.073760
0.20482 -0.07438
0.20894 -0.07495
0.21306 -0.075480
0.21717 -0.07594
0.22129 -0.07634
0.2254 -0.07667
0.22952 -0.07692
0.23363 -0.0771
0.23775 -0.0772
0.241870 -0.07722
0.24598 -0.07717
0.2501 -0.07705
0.25421 -0.07685
0.25833 -0.076570
0.26244 -0.07622
0.266560 -0.07578
0.27068 -0.07526
0.27479 -0.07466
0.27891 -0.07396
0.28302 -0.07318
0.28714 -0.07231
0.291250 -0.07135
0.29537 -0.07029
0.29949 -0.06913
0.3036 -0.06786
0.30772 -0.06649
0.31183 -0.065
0.31595 -0.06342
0.32006 -0.06173
0.32418 -0.05994
0.3283 -0.05807
0.33241 -0.05611
0.33653 -0.054070
0.34064 -0.05195
0.34476 -0.04976
0.34887 -0.04748
0.35299 -0.04513
0.35711 -0.04267
0.361220 -0.0401
0.36534 -0.03739
0.36945 -0.034520
0.37354 -0.0315
0.37746 -0.02847
0.38106 -0.02561
0.38416 -0.02308
0.3866 -0.021060
0.38825 -0.0197
0.3890700000 -0.01912
-Inserting Flap Ga2-
0.50786 0.06807
0.50772 0.06762
0.50743 0.06675
0.50698 0.06546
0.50642 0.06385
0.50574 0.06201
0.50497 0.06005
0.50414 0.05809
0.503260 0.05619
0.50233 0.05438
0.50137 0.05264
0.50039 0.05095
0.4993700 0.04932
0.49834 0.04771
0.49729 0.04614
0.496230 0.04461
0.49515 0.0431
0.49406 0.04162
0.49295 0.04016
0.49183 0.038730
0.4907 0.03733
0.48956 0.03594
0.4884 0.03458
0.48724 0.03324
0.48606 0.031920
0.48488 0.03062
0.48368 0.02935
0.48247 0.02810
0.48124 0.02687
0.48001 0.02567
0.47876 0.024490
0.47751 0.02332
0.47625 0.02216
0.47499 0.02102
0.47372 0.01988
0.47244 0.01876
0.47116 0.01766
0.46987 0.01657
0.46856 0.0155
0.46725 0.01445
0.46593 0.01342
0.4646 0.0124
0.46326 0.0114
0.46191 0.01042
0.46055 0.00946
0.45919 0.00851
0.45782 0.00757
0.45644 0.00665
0.45506 0.00574
0.45366 0.00485
0.45226 0.00397
0.45086 0.003110
0.44944 0.00226
0.4480100 0.00143
0.44658 0.00062
0.44514 -0.00017
0.44368 -0.00094
0.44222 -0.0017
0.44075 -0.00244
0.43927 -0.00316
0.43778 -0.00387
0.43628 -0.00455
0.43477 -0.00522
0.43326 -0.00586
0.43173 -0.00649
0.43019 -0.0071
0.42865 -0.0077
0.4271 -0.00828
0.42554 -0.00885
0.42397 -0.0094
0.42239 -0.00993
0.42080 -0.01043
0.4192 -0.01091
0.41757 -0.01135
0.41593 -0.01175
0.41428 -0.01213
0.4126 -0.01247
0.41091 -0.01277
0.4092 -0.01305
0.40747 -0.01328
0.40572 -0.013470
0.403940 -0.01361
0.40214 -0.01369
0.4003 -0.01371
0.398440 -0.01367
0.39654 -0.01358
0.39461 -0.01342
0.392660 -0.01321
0.390670 -0.01295
0.38865 -0.01259
0.38656 -0.01213
0.38441 -0.01153
0.38217 -0.01075
0.37984 -0.00979
0.3775 -0.00866
0.37525 -0.00741
0.37317 -0.00606
0.37136 -0.004660
0.3699 -0.00324
0.36813 -0.00049
0.36786 0.00076
0.36804 0.00187
0.36865 0.00281
0.36964 0.00361
0.37091 0.00427
0.37239 0.00483
0.37398 0.00531
0.37562 0.00573
0.37728 0.00609
0.37897 0.0064
0.38068 0.00666
0.38242 0.00687
0.38418 0.00704
0.38596 0.00718
0.38776 0.00728
0.38957 0.00736
0.39139 0.00741
0.39321 0.00745
0.39505 0.00748
0.39689 0.0075
0.39873 0.00751
0.40056 0.007530
0.4024 0.00756
0.40423 0.00759
0.40606 0.00763
0.40788 0.00768
0.4097 0.00774
0.41151 0.00781
0.41331 0.00790
0.4151 0.00801
0.41689 0.00812
0.41867 0.00826
0.42044 0.00841
0.4222 0.00858
0.42396 0.00876
0.42570 0.00896
0.427440 0.00918
0.42916 0.00942
0.43088 0.009680
0.43259 0.009960
0.43428 0.01025
0.43597 0.01057
0.43765 0.010910
0.43931 0.011260
0.44097 0.01164
0.44261 0.01205
0.44424 0.01247
0.44586 0.01292
0.44747 0.013390
0.44906 0.01388
0.45065 0.01439
0.45223 0.014910
0.45380 0.01546
0.45537 0.01602
0.45692 0.0166
0.458460 0.0172
0.45998 0.01783
0.4615 0.01849
0.463 0.01917
0.46448 0.01989
0.4659500 0.02063
0.46741 0.02139
0.46885 0.02218
0.47028 0.023
0.4717 0.02385
0.4731 0.02472
0.47449 0.02562
0.47586 0.02656
0.47722 0.02752
0.47856 0.02851
0.47989 0.02954
0.481190 0.0306
0.4824900 0.03169
0.48376 0.03281
0.48502 0.03397
0.48625 0.03517
0.48747 0.03641
0.488670 0.037690
0.48985 0.039
0.49101000 0.04035
0.49215 0.04173
0.49328 0.04315
0.494390 0.04459
0.49548 0.0460700
0.496570 0.04757
0.49763 0.0491
0.49869 0.05066
0.49973 0.05224
0.50075 0.05387
0.50175 0.05553
0.50272 0.05724
0.50367 0.05901
0.504580 0.06083
0.505430 0.06262
0.50619 0.06430
0.50683 0.06576
0.507340 0.06693
0.50768 0.06771
0.50786 0.06807
-Inserting Flap Ga2-
0.59997 0.20383
0.59997 0.20336
0.599960 0.20244
0.59994 0.20108
0.5999 0.19937
0.59982 0.19741
0.5997 0.195320
0.59952 0.19319
0.59926 0.19111
0.59894 0.1891
0.59857 0.18715
0.59815 0.18524
0.59769 0.183370
0.5972 0.18153
0.59669 0.17971
0.59616 0.17792
0.5956 0.17615
0.59501 0.17441
0.59441 0.17268
0.59379 0.170980
0.59315 0.16929
0.59249 0.16762
0.59181 0.16597
0.59112 0.16433
0.59041 0.16272
0.58968 0.16112
0.58894 0.15953
0.58817 0.15797
0.58738 0.15643
0.58658 0.1549
0.58576 0.15339
0.58493 0.15189
0.58409 0.15041
0.58325 0.14893
0.58239 0.14745
0.58152 0.14599
0.58064 0.14454
0.57975 0.14311
0.57884 0.14169
0.57792 0.14029
0.57698 0.1389
0.57603 0.13752
0.57506 0.13616
0.574080 0.13481
0.57309 0.13347
0.57209 0.13215
0.57107 0.13083
0.57005 0.12953
0.56901 0.12824
0.567960 0.12696
0.5669 0.12569
0.56583 0.12444
0.56474 0.12319
0.56364 0.12197
0.56253 0.12075
0.5614 0.11955
0.56026 0.11836
0.5591 0.117190
0.55793 0.11603
0.55675 0.11489
0.55555 0.113760
0.55434 0.11265
0.55311 0.11155
0.55186 0.11046
0.5506 0.10939
0.54933 0.10834
0.54805 0.10729
0.54675 0.10626
0.54544 0.10524
0.54412 0.10423
0.54279 0.10324
0.5414300 0.10227
0.54005 0.10132
0.53864 0.1004
0.53721 0.09951
0.53575 0.09864
0.53426 0.0978
0.53275 0.09699
0.5312 0.0962
0.52963 0.09544
0.52803 0.09472
0.52638 0.09404
0.52469 0.0934
0.52295 0.09282
0.52116 0.09227
0.51933 0.09178
0.51745 0.09133
0.515520 0.09093
0.51355 0.09057
0.51152 0.09028
0.50939 0.09007
0.50715 0.08998
0.50478 0.09003
0.50227 0.09022
0.4997 0.09057
0.49717 0.09107
0.49478 0.09171
0.49263 0.09248
0.49079 0.09338
0.48826 0.09545
0.48762 0.09655
0.48744 0.09766
0.48774 0.09875
0.488430 0.09981
0.48944 0.10084
0.49067 0.10183
0.49204 0.10277
0.49346 0.10367
0.494930 0.10453
0.49644 0.10535
0.49799 0.106130
0.49958 0.10687
0.5012 0.10758
0.50285 0.10825
0.50453 0.10891
0.50623 0.10954
0.50794 0.11015
0.50967 0.11075
0.51140 0.11134
0.51314 0.11193
0.51489 0.11252
0.51663 0.1131
0.51837 0.11369
0.5201 0.11429
0.52183 0.11489
0.52354 0.11550
0.52525 0.11612
0.52695 0.11675
0.52864 0.11739
0.53031 0.11804
0.53198 0.11871
0.53363 0.11939
0.535260 0.12008
0.53689 0.12078
0.5385 0.1215
0.5401 0.12223
0.54168 0.12298
0.54325 0.12374
0.5448 0.12451
0.54634 0.1253
0.54786 0.12611
0.54936 0.12693
0.55085 0.12777
0.55233 0.12862
0.55378 0.1295
0.55522 0.13039
0.55664 0.13129
0.5580400 0.13222
0.55943 0.13316
0.5608 0.13412
0.56215 0.1351
0.56349 0.13609
0.56482 0.13709
0.566130 0.1381
0.56742 0.13914
0.5687 0.14019
0.56996 0.14126
0.57119 0.14235
0.572410 0.143470
0.5736 0.1446
0.57477 0.14576
0.57592 0.14694
0.577050 0.14814
0.57816 0.14936
0.57924 0.1506
0.58031 0.15186
0.58135 0.15315
0.58237 0.15446
0.58336 0.1558
0.58433 0.15716
0.58527 0.15854
0.58619 0.15995
0.58708 0.161390
0.58794 0.16285
0.58878 0.16435
0.58958 0.165870
0.59036 0.167420
0.59111 0.1690
0.59182 0.17062
0.59251 0.17226
0.59317 0.17393
0.5938 0.17562
0.594410 0.17734
0.595 0.17908
0.59556 0.18084
0.59611 0.18263
0.59663 0.18444
0.59712 0.18627
0.59759 0.18813
0.59803 0.19002
0.59843 0.19195
0.59878 0.19392
0.599080 0.19593
0.599340 0.19790
0.599540 0.19973
0.5997 0.20132
0.59982 0.20258
0.5999 0.20343
0.59997 0.20383
*.*.Setup: Ga2.txt as Flap 1, Inverted: y, Scale = 1.0, AoA = 0.0, Reposition from (0,0) = (0, 0)*.*.
*.*.Setup: Ga2.txt as Flap 2, Inverted: y, Scale = 0.4, AoA = 27.0, Reposition from previous T.E. = (-0.06, 0.06), Reposition from (0,0) = (0.94, 0.0109)*.*.
*.*.Setup: Ga2.txt as Flap 3, Inverted: y, Scale = 0.4, AoA = 45.0, Reposition from previous T.E. = (-0.06, 0.08), Reposition from (0,0) = (1.2453, 0.2549)*.*.
*.*.Setup: Scale Ratio = 0.38907*.*.