0.35556 0.05631
0.35357 0.054110
0.35067 0.0509
0.34724 0.04772
0.34306 0.0446
0.33795 0.04134
0.33175 0.03781
0.32443 0.03398
0.31606 0.029920
0.30688 0.02572
0.29714 0.02149
0.28707 0.0173
0.27682 0.01322
0.2665 0.00929
0.25614 0.00553
0.24574 0.00196
0.23527 -0.00143
0.2247 -0.00466
0.21396 -0.00775
0.203 -0.01074
0.19181 -0.01365
0.18037 -0.01654
0.16877 -0.0194
0.15709 -0.02224
0.1455 -0.02503
0.13416 -0.0277
0.12326 -0.030170
0.11296 -0.03235
0.10339 -0.03414
0.09449 -0.03549
0.08612 -0.03635
0.07818 -0.03676
0.07057 -0.0367
0.06324 -0.036190
0.05616 -0.03524
0.04934 -0.03387
0.0428 -0.03209
0.03658 -0.02996
0.03077 -0.02755
0.02548 -0.02497
0.02081 -0.022360
0.01680 -0.01983
0.01343 -0.01743
0.010620 -0.01519
0.00831 -0.01308
0.006390 -0.011120
0.00481 -0.00928
0.0035 -0.00755
0.00242 -0.00593
0.00156 -0.0043900
0.00088 -0.00293
0.00037 -0.001540
0.000086 -0.00021
-0.00012 0.00108000
0.000005 0.00238
0.00056 0.003590
0.00157 0.00455
0.00288 0.00527
0.00443 0.00585
0.00622 0.006360
0.0083 0.00683
0.01073 0.00729
0.01364 0.00776
0.01719 0.00825
0.02163 0.00877
0.02728 0.00932
0.0344 0.00992
0.04296 0.0105
0.05259 0.01095
0.062960 0.01122
0.073990 0.0113
0.08558 0.01128
0.097550 0.0112
0.10968 0.0111
0.12179 0.01101
0.13375 0.01097
0.145520 0.01099
0.1571 0.01111
0.16847 0.011340
0.179660 0.01173
0.19068 0.01227
0.20154 0.01301
0.21227 0.01393
0.2228700 0.01507
0.23336 0.01643
0.24376 0.01801
0.25407 0.01982
0.264290 0.02187
0.27443 0.02416
0.28446 0.02667
0.29434 0.02941
0.30398 0.03234
0.31325 0.03542
0.32193 0.03857
0.32978 0.04171
0.33664 0.04477
0.34247 0.0477
0.34737 0.05051
0.35144 0.05318
0.35556 0.05631
-Inserting Flap s1223rtl-
0.52589 0.15038
0.52524 0.14905
0.52429 0.14711
0.52308 0.14511
0.5215 0.14303
0.51949 0.14076
0.517 0.13821
0.514 0.13536
0.51054 0.13226
0.50671 0.12897
0.50261 0.125590
0.49835 0.12219
0.49399 0.11882
0.48956 0.11551
0.4851 0.11227
0.4806 0.10912
0.47604 0.10605
0.4714 0.10304
0.46666 0.10008
0.46181 0.09713
0.45683 0.09419
0.451730 0.09123
0.44655 0.08825
0.44133 0.08527
0.43614 0.08234
0.43106 0.07949
0.42616 0.07680
0.42151 0.07433
0.41716 0.07215
0.41306 0.070280
0.409160 0.06871
0.4054 0.067420
0.40173 0.0664
0.39814 0.06564
0.39461 0.06512
0.39114 0.06484
0.38775 0.064790
0.38447 0.06496
0.38135 0.06531
0.37845 0.06582
0.37584 0.06643
0.37357 0.0671
0.37161 0.0677900
0.36996 0.06848
0.36855 0.06917
0.36736 0.06985
0.36635 0.070520
0.36548 0.07117
0.36474 0.0718
0.36411 0.07242
0.36358 0.07302
0.36315 0.07362
0.3628 0.074220
0.36255 0.074820
0.36243 0.07546
0.36253 0.07612
0.36288 0.07672
0.36342 0.07725
0.36408 0.07774
0.36487 0.07823
0.365810 0.07874
0.36691 0.0793
0.36824 0.07992
0.36988 0.08065
0.37195 0.08151
0.37458 0.08255
0.37792 0.08382
0.38196 0.08528
0.38652 0.08683
0.39147 0.08838
0.39676 0.089940
0.40234 0.09153
0.4081 0.093140
0.41395 0.09477
0.41978 0.09639
0.425530 0.09802
0.43119 0.09965
0.43673 0.1013
0.44217 0.10299
0.44749 0.10471
0.452710 0.10649
0.45783 0.10834
0.46286 0.11027
0.4678 0.112270
0.47266 0.11437
0.47744 0.11656
0.482140 0.11886
0.48677 0.12125
0.49133 0.123750
0.4958 0.12634
0.50017 0.12901
0.50441 0.13175
0.50843 0.13451
0.51217 0.13722
0.515510 0.13981
0.51839 0.142230
0.52079 0.144440
0.52275 0.14646
0.52434 0.14831
0.52589 0.15038
-Inserting Flap s1223rtl-
0.64955 0.29884
0.64931 0.29738
0.64895 0.295250
0.64837 0.29298
0.64745 0.29054
0.64618 0.287790
0.64453 0.28463
0.64247 0.28104
0.640050 0.27708
0.63732 0.272830
0.63436 0.26842
0.63125 0.26394
0.6280400 0.25945
0.62476 0.25501
0.62141 0.25064
0.618 0.24633
0.61451 0.24208
0.610930 0.23786
0.60724 0.23366
0.60343 0.22945
0.59951 0.22520
0.59547 0.2209
0.59136 0.216560
0.58722 0.21222
0.58309 0.20792
0.57904 0.20373
0.57511 0.19975
0.57137 0.19605
0.56782 0.19271
0.564440 0.18975
0.56115 0.18712
0.55792 0.18481
0.5547 0.18278
0.55147 0.18102
0.54824 0.17951
0.545 0.17824
0.54177 0.17722
0.53857 0.17644
0.53548 0.17589
0.53256 0.17555
0.52988 0.17539
0.52751 0.17537
0.52545 0.17547
0.52366 0.17566
0.52212 0.17592
0.52078 0.17623
0.51962 0.1765800
0.5186 0.17695
0.517710 0.17734
0.51693 0.17776
0.51625 0.17818
0.515660 0.17863
0.515160 0.1791
0.51475 0.17961
0.51445 0.18019
0.51436 0.18084
0.51452 0.18152
0.514880 0.18218
0.51538 0.182840
0.51599 0.18354
0.51674 0.1843
0.51764 0.185150
0.51874 0.18613
0.5201 0.18729
0.52183 0.18871
0.52406 0.19047
0.52689 0.19264
0.53034 0.19519
0.53427 0.19799
0.53856 0.20090
0.54318 0.20391
0.54807 0.20703
0.55313 0.21022
0.55826 0.21346
0.56338 0.21669
0.56843 0.2199
0.57338 0.22308
0.57822 0.2262500
0.58294 0.22942
0.587550 0.23261
0.592040 0.23581
0.59641 0.23905
0.60068 0.24233
0.60483 0.24567
0.60888 0.24908
0.61283 0.252550
0.61668 0.25609
0.62043 0.25972
0.62408 0.26341
0.62763 0.26718
0.63104 0.271
0.63431 0.27483
0.637380 0.278630
0.64018 0.2823
0.64264 0.28574
0.6447 0.28888
0.64637 0.29169
0.647670 0.294190
0.64866 0.29641
0.64955 0.29884
*.*.Setup: s1223rtl.txt as Flap 1, Inverted: y, Scale = 1.0, AoA = 9.0, Reposition from (0,0) = (0, 0)*.*.
*.*.Setup: s1223rtl.txt as Flap 2, Inverted: y, Scale = 0.5, AoA = 25.0, Reposition from previous T.E. = (0.02, 0.05), Reposition from (0,0) = (1.0077, 0.2064)*.*.
*.*.Setup: s1223rtl.txt as Flap 3, Inverted: y, Scale = 0.5, AoA = 41.666666666666664, Reposition from previous T.E. = (-0.03, 0.08), Reposition from (0,0) = (1.4308, 0.4977)*.*.
*.*.Setup: Scale Ratio = 0.35999*.*.