0.35877 -0.03021
0.35798 -0.030950
0.35641 -0.03238
0.354070 -0.03448
0.35112 -0.03711
0.347690 -0.04007
0.34395 -0.04316
0.34006 -0.04621
0.33616 -0.049050
0.33226 -0.05167
0.32837 -0.05412
0.32448 -0.056410
0.3206 -0.058590
0.31672 -0.06067
0.31285 -0.06267
0.30897 -0.06458
0.3051 -0.06643
0.30123 -0.06819
0.29737 -0.06989
0.2935 -0.07153
0.28964 -0.07311
0.28578 -0.07462
0.28193 -0.07608
0.27807 -0.07749
0.27422 -0.07884
0.27037 -0.08013
0.26652 -0.08136
0.26267 -0.08253
0.25883 -0.08363
0.25498 -0.08468
0.25114 -0.08568
0.2473 -0.08664
0.24346 -0.08756
0.23963 -0.08846
0.23579 -0.08933
0.23195 -0.09017
0.22812 -0.09097
0.22429 -0.09172
0.22046 -0.09242
0.21663 -0.09307
0.2128 -0.09368
0.20897 -0.09424
0.20515 -0.09475
0.20133 -0.09522
0.1975 -0.09565
0.19368 -0.096050
0.189870 -0.0964
0.18605 -0.09672
0.18223 -0.097
0.17842 -0.09725
0.1746 -0.09746
0.17079 -0.09762
0.16698 -0.09775
0.16317 -0.097820
0.15937 -0.09785
0.15556 -0.09784
0.15176 -0.09778
0.14795 -0.09767
0.14415 -0.09752
0.14035 -0.09732
0.13655 -0.09708
0.13276 -0.09678
0.12896 -0.09644
0.12517 -0.09604
0.12138 -0.0956
0.11759 -0.09511
0.1138 -0.09459
0.11002 -0.09402
0.10623 -0.0934200
0.10245 -0.09278
0.09867 -0.09209
0.09489 -0.09132
0.09111 -0.09048
0.08734 -0.08955
0.08356 -0.08854
0.0798 -0.08744
0.07603 -0.086250
0.07227 -0.08497
0.06851 -0.08361
0.06476 -0.08214
0.06101 -0.080570
0.05726 -0.07885
0.05352 -0.077
0.04978 -0.07499
0.046050 -0.07282
0.04233 -0.0705
0.03861 -0.06803
0.03489 -0.06541
0.03118 -0.06265
0.02748 -0.05967
0.02379 -0.05640
0.02011 -0.05276
0.01644 -0.04869
0.01282 -0.04414
0.00936 -0.039240
0.00622 -0.03418
0.00352 -0.02914
0.00144 -0.02427
7e-05 -0.01976
-0.00043 -0.012220
0.00043 -0.0094
0.00203 -0.00735
0.00433 -0.00613
0.00721 -0.00563
0.01053 -0.00572
0.01414 -0.00624
0.0179 -0.00706
0.02167 -0.008050
0.02544 -0.00918
0.0292 -0.01045
0.03295 -0.01184
0.03671 -0.01335
0.04046 -0.01498
0.0442 -0.0167
0.04795 -0.0185
0.05169 -0.020380
0.05543 -0.02231
0.05916 -0.02428
0.0629 -0.02628
0.06664 -0.02829
0.07037 -0.03032
0.07411 -0.032340
0.07784 -0.03435
0.08158 -0.03634
0.08532 -0.03831
0.08906 -0.04025
0.0928 -0.04216
0.09654 -0.04403
0.10028 -0.04587
0.10402 -0.04768
0.10777 -0.04944
0.11151 -0.05116
0.11526 -0.05284
0.11901 -0.05447
0.12276 -0.05606
0.12651 -0.05761
0.13027 -0.05911
0.13402 -0.060560
0.13778 -0.06196
0.14154 -0.06332
0.1453 -0.06462
0.14906 -0.06587
0.15283 -0.06707
0.15659 -0.06821
0.16036 -0.06929
0.16413 -0.07032
0.167910 -0.07129
0.17168 -0.0722
0.17546 -0.07305
0.17923 -0.073850
0.18301 -0.0746
0.1868 -0.07531
0.19058 -0.07597
0.19436 -0.07659
0.19815 -0.07715
0.20194 -0.07766
0.20573 -0.07809
0.20952 -0.07846
0.21332 -0.07875
0.21712 -0.078980
0.22092 -0.07913
0.22472 -0.07922
0.22853 -0.079230
0.23234 -0.0791800
0.236150 -0.07906
0.23996 -0.078870
0.24378 -0.0786
0.24759 -0.07825
0.25142 -0.07782
0.25524 -0.07732
0.25907 -0.07673
0.2629 -0.07606
0.26673 -0.0753
0.27056 -0.07445
0.2744 -0.07351
0.27825 -0.07248
0.28209 -0.07134
0.28594 -0.0701
0.28979 -0.06877
0.2936500 -0.06734
0.29751 -0.06582
0.30137 -0.06423
0.30524 -0.06255
0.3091 -0.0608
0.31297 -0.05898
0.31685 -0.05708
0.320720 -0.05511
0.3246 -0.05307
0.32848 -0.05094
0.33236 -0.0487
0.33625 -0.04632
0.34015 -0.04381
0.34402 -0.04115
0.34774 -0.03848
0.35116 -0.03595
0.3541 -0.03371
0.35642 -0.03192
0.35799 -0.03072
0.35877 -0.03021
-Inserting Flap Ga2-
0.49228 0.072290
0.49222 0.07186
0.49209 0.07102
0.4919 0.06978
0.49164 0.06822
0.49132 0.06643
0.49094 0.06453
0.49049 0.06261
0.48999 0.06074
0.48944 0.05894
0.48885 0.0572
0.48822 0.05551
0.48756 0.053860
0.48688 0.05223
0.48618 0.05064
0.48545 0.04907
0.484710 0.04752
0.48396 0.046
0.48318 0.04449
0.48239 0.04301
0.48159 0.04155
0.48077 0.04011
0.47994 0.03868
0.4791 0.03728
0.47824 0.03589
0.47737 0.03452
0.47648 0.03316
0.47558 0.03183
0.47466 0.03052
0.47373 0.02923
0.47279 0.027950
0.47183 0.02669
0.47087 0.02543
0.46991 0.02419
0.46893 0.02295
0.46795 0.02172
0.46696 0.02051
0.46596 0.01931
0.46495 0.01813
0.46392 0.01696
0.46288 0.01581
0.461830 0.01468
0.46077 0.01355
0.45970 0.01245
0.45863 0.011350
0.45754 0.01027
0.45644 0.00919
0.45533 0.008130
0.45422 0.00709
0.45309 0.006050
0.45196 0.00502
0.45082 0.00401
0.44966 0.00302
0.4485 0.00203
0.44732 0.001060
0.44614 0.00011
0.44494 -0.00083
0.44373 -0.00175
0.44251 -0.00266
0.44128 -0.003560
0.44004 -0.00444
0.43878 -0.0053
0.43752 -0.00615
0.43624 -0.00698
0.43495 -0.0078
0.43365 -0.0086
0.43234 -0.00939
0.43102 -0.01017
0.42969 -0.01093
0.42835 -0.01169
0.427 -0.01242
0.42563 -0.013140
0.42425 -0.01383
0.42284 -0.01449
0.42141 -0.01512
0.41997 -0.01573
0.4185 -0.0163
0.41701 -0.01686
0.41549 -0.01738
0.41396 -0.01787
0.41239 -0.01832
0.4108 -0.01873
0.409170 -0.0191
0.4075 -0.01941
0.4058 -0.01968
0.40405 -0.019890
0.40228 -0.02006
0.40046 -0.02019
0.39861 -0.02026
0.3967100 -0.02027
0.39474 -0.02018
0.39268 -0.01997
0.39052 -0.01963
0.38825 -0.01913
0.38594 -0.01848
0.38369 -0.0177
0.38158 -0.0168
0.37971 -0.01582
0.378150 -0.014760
0.37609 -0.01254
0.37565 -0.01145
0.37563 -0.01041
0.37604 -0.00945
0.37681 -0.00857
0.37786 -0.00776
0.37912 -0.00701
0.38049 -0.00632
0.38191 -0.00568
0.383370 -0.00508
0.38486 -0.00453
0.38638 -0.00402
0.38792 -0.00354
0.3895 -0.00311
0.3911 -0.0027
0.39271 -0.00232
0.39435 -0.00196
0.396 -0.00162
0.39765 -0.00129
0.39932 -0.00097
0.40099 -0.00065
0.40266 -0.00034
0.40433 -0.000090
0.406 0.00028
0.40766 0.00061
0.40932 0.00094
0.41097 0.00127
0.41261 0.00162
0.41424 0.00198
0.41587 0.00235
0.41749 0.00273
0.4191 0.00313
0.42069 0.00353
0.42228 0.00396
0.42386 0.00439
0.42542 0.00484
0.42698 0.00531
0.42852 0.00578
0.43006 0.00628
0.43158 0.00679
0.43309 0.00731
0.43458 0.00786
0.43607 0.00841
0.43754 0.00899
0.439 0.00958
0.44044 0.01019
0.44187 0.01082
0.44329 0.01147
0.44469 0.01214
0.44608 0.01282
0.44746 0.01353
0.44882 0.01425
0.450170 0.01498
0.45152 0.01572
0.45285 0.01649
0.45417 0.01726
0.45547 0.01806
0.45676 0.01888
0.45803 0.01972
0.45929 0.02058
0.46052 0.02147
0.46174 0.02238
0.46295 0.02331
0.46414 0.02426
0.465310 0.025240
0.46646 0.02623
0.4676 0.02725
0.46872 0.0283
0.46981 0.02937
0.4709 0.03046
0.47196 0.03158
0.473 0.03273
0.47402 0.0339
0.475020 0.0351
0.476 0.03633
0.47696 0.03759
0.47789 0.03888
0.4788 0.0402
0.47968 0.04155
0.48055 0.04294
0.48139 0.04435
0.4822 0.0458
0.483 0.04726
0.48378 0.048760
0.48454 0.050280
0.48529 0.05182
0.48601 0.05338
0.48672 0.05497
0.48741 0.05658
0.48808 0.05822
0.48873 0.05989
0.48934 0.061610
0.48992 0.06337
0.490450 0.06518
0.49093 0.06694
0.49136 0.06859
0.49171 0.07002
0.49198 0.07116
0.49217 0.07193
0.49228 0.072290
-Inserting Flap Ga2-
0.60142 0.20231
0.60148 0.20188
0.60156 0.20104
0.60169 0.19979
0.60183 0.19821
0.60197 0.1964
0.60209 0.19447
0.60215 0.19249
0.60214 0.19056
0.60206 0.18868
0.60192 0.18685
0.60174 0.18505
0.601520 0.18329
0.60128 0.18154
0.601 0.17982
0.6007 0.17812
0.60038 0.17643
0.60003 0.17477
0.59966 0.17312
0.59927 0.17149
0.59886 0.16987
0.598440 0.16827
0.59799 0.16668
0.59753 0.1651
0.59706 0.16354
0.59656 0.16199
0.59604 0.16046
0.59551 0.15895
0.59495 0.157440
0.59438 0.15596
0.59379 0.15448
0.59319 0.15302
0.59258 0.15156
0.59196 0.15011
0.59133 0.14867
0.59069 0.14724
0.59004 0.14581
0.58937 0.1444
0.58869 0.143
0.58799 0.14161
0.58728 0.14023
0.58656 0.13887
0.58581 0.13751
0.58506 0.13617
0.58429 0.13484
0.58352 0.13351
0.58272 0.1322
0.58192 0.13089
0.58111 0.1296
0.58029 0.12831
0.579450 0.12703
0.5786 0.12576
0.57773 0.12451
0.57686 0.12326
0.57596 0.12203
0.57506 0.1208
0.574140 0.11959
0.5732 0.11839
0.57225 0.1172
0.57129 0.11602
0.57031 0.11486
0.56931 0.1137100
0.5683 0.11257
0.56728 0.111440
0.56624 0.11032
0.56518 0.10921
0.56411 0.10812
0.56303 0.107030
0.56195 0.10595
0.56084 0.10489
0.5597200 0.10383
0.55858 0.1028
0.55741 0.101780
0.55622 0.100780
0.5550 0.099810
0.55375 0.0988500
0.55248 0.097920
0.551170 0.097010
0.54984 0.09613
0.54848 0.095260
0.54708 0.094430
0.54564 0.093630
0.54416 0.092860
0.54263 0.09213
0.54104 0.09145
0.53941 0.0908
0.53773 0.09018
0.536010 0.0896
0.53424 0.08906
0.5324 0.08858
0.53048 0.08816
0.52843 0.08784
0.52625 0.08762
0.52393 0.08753
0.52153 0.08758
0.51915 0.087760
0.51689 0.08809
0.51483 0.08857
0.51305 0.0892
0.5105 0.09083
0.5098 0.09177
0.50951 0.09277
0.50967 0.09381
0.510190 0.09485
0.511 0.0959
0.51203 0.09694
0.51318 0.09796
0.51439 0.09894
0.51565 0.09988
0.51695 0.1008
0.51829 0.10168
0.51967 0.10253
0.52108 0.10335
0.52252 0.10415
0.523990 0.10493
0.52548 0.10569
0.52699 0.10644
0.52851 0.10717
0.530040 0.1079
0.531570 0.10863
0.53311 0.10935
0.53465 0.11008
0.53618 0.11081
0.53771 0.11154
0.53923 0.11228
0.54074 0.11302
0.54224 0.113770
0.543730 0.11454
0.54521 0.1153
0.54668 0.11608
0.54814 0.11687
0.54958 0.117670
0.55101 0.11848
0.55242 0.1193
0.55382 0.12013
0.555210 0.120980
0.55658 0.12183
0.55794 0.1227
0.55928 0.12358
0.56061 0.12447
0.56192 0.12537
0.56322 0.12629
0.56449 0.12722
0.56576 0.12816
0.567 0.129120
0.56822 0.13009
0.56943 0.13107
0.5706200 0.13207
0.57179 0.13309
0.57294 0.13412
0.57408 0.135160
0.5752 0.13621
0.57631 0.13727
0.57741 0.13834
0.57849 0.13943
0.57955 0.14053
0.58059 0.14165
0.58160 0.14278
0.5826 0.14394
0.58357 0.14511
0.58452 0.1463
0.58545 0.1475
0.586360 0.14872
0.58724 0.14996
0.58811 0.15122
0.58895 0.1525
0.58976 0.15379
0.59056 0.1551
0.591330 0.156430
0.59207 0.157790
0.592790 0.15916
0.59348 0.16055
0.59414 0.16197
0.59478 0.1634
0.59538 0.16486
0.595960 0.16635
0.59651 0.16786
0.59702 0.16939
0.5975 0.17095
0.59796 0.17253
0.59838 0.17413
0.59878 0.17575
0.59916 0.1774
0.59951 0.17906
0.59984 0.18074
0.60015 0.18243
0.60043 0.18415
0.60069 0.18588
0.60093 0.18764
0.60112 0.18942
0.60128 0.19124
0.60139 0.19309
0.60145 0.19497
0.60148 0.19680
0.60147 0.1985
0.60145 0.19998
0.60142 0.20115
0.6014 0.20194
0.60142 0.20231
*.*.Setup: Ga2.txt as Flap 1, Inverted: y, Scale = 1.0, AoA = -2.0, Reposition from (0,0) = (0, 0)*.*.
*.*.Setup: Ga2.txt as Flap 2, Inverted: y, Scale = 0.4, AoA = 37.0, Reposition from previous T.E. = (0.04, 0.06), Reposition from (0,0) = (1.0377, -0.024)*.*.
*.*.Setup: Ga2.txt as Flap 3, Inverted: y, Scale = 0.4, AoA = 51.666666666666664, Reposition from previous T.E. = (0.04, 0.06), Reposition from (0,0) = (1.409, 0.261)*.*.
*.*.Setup: Scale Ratio = 0.3596*.*.