0.3691 0.05846
0.36703 0.056170
0.36403 0.05284
0.36047 0.04954
0.35613 0.0463
0.35082 0.04292
0.34439 0.03925
0.33678 0.03528
0.3281 0.031060
0.31857 0.0267
0.30846 0.02231
0.298 0.01796
0.28736 0.01372
0.27665 0.00964
0.26589 0.00574
0.2551 0.00203
0.24424 -0.00149
0.23326 -0.00484
0.22211 -0.00805
0.21074 -0.01115
0.19911 -0.01417
0.18724 -0.01717
0.17519 -0.02014
0.16307 -0.02309
0.15104 -0.02598
0.13927 -0.02875
0.12795 -0.031320
0.11726 -0.03358
0.10732 -0.03544
0.09808 -0.03684
0.0894 -0.03774
0.08115 -0.03816
0.07325 -0.0381
0.06564 -0.037570
0.0583 -0.03658
0.05122 -0.03516
0.04443 -0.03332
0.03798 -0.0311
0.03195 -0.0286
0.02645 -0.02593
0.0216 -0.023210
0.017440 -0.02058
0.01394 -0.0181
0.011030 -0.01576
0.00862 -0.01358
0.006630 -0.011540
0.00499 -0.00963
0.00363 -0.00784
0.00252 -0.00615
0.00162 -0.0045600
0.00091 -0.00305
0.00038 -0.00160
0.000086 -0.00022
-0.00012 0.00112000
0.000005 0.00247
0.00058 0.003720
0.00163 0.00472
0.00299 0.00547
0.0046 0.00608
0.00646 0.00660
0.00861 0.00709
0.01114 0.00757
0.01416 0.00805
0.01784 0.00856
0.02246 0.0091
0.02832 0.00968
0.03571 0.0103
0.04459 0.0109
0.05459 0.01137
0.065360 0.01165
0.076810 0.01173
0.08884 0.01171
0.101260 0.01162
0.11386 0.01152
0.12643 0.01143
0.13884 0.01139
0.151070 0.01141
0.16308 0.01153
0.17489 0.011780
0.186510 0.01217
0.19794 0.01274
0.20922 0.0135
0.22035 0.01446
0.2313600 0.01565
0.24225 0.01705
0.25304 0.01869
0.26374 0.02058
0.274360 0.02271
0.28488 0.02508
0.29529 0.02769
0.30555 0.03053
0.31556 0.03357
0.32518 0.03677
0.33419 0.04004
0.34234 0.0433
0.34946 0.04647
0.35552 0.04952
0.3606 0.05243
0.36483 0.05521
0.3691 0.05846
-Inserting Flap s1223rtl-
0.55216 0.15039
0.55136 0.14908
0.5502 0.14715
0.54877 0.14519
0.54695 0.14319
0.54467 0.14102
0.54186 0.13861
0.53851 0.13593
0.534650 0.13304
0.53039 0.12999
0.52584 0.12686
0.52113 0.12373
0.51631 0.12064
0.51144 0.11761
0.50653 0.11467
0.501590 0.11182
0.49659 0.10906
0.49152 0.106370
0.48636 0.103730
0.48107 0.10112
0.47565 0.09853
0.47011 0.09593
0.46448 0.093320
0.45882 0.09071
0.45319 0.088150
0.44768 0.08566
0.44236 0.08332
0.43733 0.08119
0.43263 0.07933
0.42823 0.07777
0.42406 0.07649
0.42005 0.0755
0.41616 0.07478
0.41238 0.07431
0.40868 0.07409
0.40507 0.07412
0.40156 0.07437
0.39818 0.07484
0.39498 0.0755
0.39203 0.07629
0.38939 0.077150
0.3871 0.07805
0.38514 0.07894
0.38349 0.0798
0.38210 0.08064
0.38093 0.08146
0.37994 0.08224
0.3791 0.08299
0.3784 0.08371
0.3778 0.0844
0.377310 0.08508
0.37692 0.08574
0.37661 0.086380
0.37641 0.08703
0.376340 0.0877
0.37651 0.08837
0.37692 0.08896
0.377520 0.08946
0.37825 0.08991
0.37912 0.09034
0.380130 0.09079
0.38132 0.09126
0.38275 0.09179
0.38452 0.09239
0.38673 0.0931
0.38955 0.09394
0.39312 0.09495
0.39742 0.09609
0.402280 0.09728
0.40754 0.09844
0.413150 0.09957
0.41906 0.100710
0.42517 0.10185
0.43136 0.10301
0.43754 0.10416
0.44364 0.10532
0.44963 0.1065
0.45552 0.1077
0.46129 0.10895
0.46695 0.11026
0.472510 0.11163
0.47798 0.11307
0.48335 0.11461
0.48864 0.11624
0.49385 0.11797
0.49899 0.1198
0.50406 0.12175
0.50907 0.12381
0.51401 0.12597
0.51887 0.12825
0.52363 0.13062
0.528250 0.13307
0.53267 0.13556
0.536780 0.13802
0.54047 0.1404
0.54366 0.14264
0.54634 0.14471
0.54856 0.14662
0.550370 0.14839
0.55216 0.15039
-Inserting Flap s1223rtl-
0.66184 0.2933
0.661590 0.29178
0.66122 0.28956
0.66062 0.28721
0.659670 0.28468
0.65834 0.28182
0.65663 0.27854
0.6545 0.27482
0.65198 0.2707
0.64915 0.26629
0.64608 0.26171
0.64285 0.25706
0.63951 0.25241
0.6361 0.2478
0.632630 0.24325
0.629090 0.23878
0.62546 0.23437
0.62175 0.22999
0.61792 0.225630
0.61397 0.22126
0.6099 0.21685
0.605710 0.21239
0.60144 0.20788
0.59713 0.20337
0.59285 0.19891
0.58864 0.19456
0.58457 0.190430
0.58068 0.18659
0.577 0.18312
0.57349 0.18005
0.57008 0.17732
0.56672 0.17492
0.56338 0.17281
0.56003 0.17098
0.556670 0.16942
0.55331 0.1681
0.54995 0.16705
0.546640 0.16624
0.54343 0.1656600
0.54039 0.16531
0.537620 0.16514
0.53516 0.16512
0.5330100 0.16522
0.531160 0.16542
0.52956 0.16569
0.528170 0.16601
0.52696 0.16637
0.5259 0.16676
0.52498 0.16717
0.52417 0.1676
0.52347 0.168040
0.52285 0.16851
0.52234 0.16899
0.52191 0.16952
0.5216 0.170120
0.5215 0.1708
0.52167 0.1715
0.52204 0.17219
0.52256 0.17288
0.5232 0.1736
0.52397 0.17439
0.52491 0.17527
0.52605 0.17629
0.527460 0.1775
0.52926 0.178970
0.53157 0.1808
0.53451 0.18305
0.53809 0.18570
0.54217 0.1886
0.54663 0.19162
0.55142 0.19475
0.5565 0.19798
0.56175 0.2013
0.56708 0.204660
0.57239 0.20801
0.57763 0.21134
0.58277 0.21465
0.58779 0.21794
0.5927 0.22123
0.59748 0.22454
0.60214 0.22786
0.60668 0.23123
0.61111 0.23464
0.61542 0.2381
0.61963 0.24163
0.62373 0.24524
0.62772 0.248920
0.63162 0.25268
0.6354 0.25652
0.63908 0.26043
0.64263 0.26439
0.64603 0.26837
0.64921 0.27231
0.65212 0.27612
0.65467 0.27969
0.656810 0.28295
0.65854 0.28587
0.65989 0.28846
0.660920 0.29078
0.66184 0.2933
*.*.Setup: s1223rtl.txt as Flap 1, Inverted: y, Scale = 1.0, AoA = 9.0, Reposition from (0,0) = (0, 0)*.*.
*.*.Setup: s1223rtl.txt as Flap 2, Inverted: y, Scale = 0.5, AoA = 20.0, Reposition from previous T.E. = (0.02, 0.075), Reposition from (0,0) = (1.0077, 0.2314)*.*.
*.*.Setup: s1223rtl.txt as Flap 3, Inverted: y, Scale = 0.5, AoA = 41.666666666666664, Reposition from previous T.E. = (-0.08, 0.05), Reposition from (0,0) = (1.3975, 0.4524)*.*.
*.*.Setup: Scale Ratio = 0.3737*.*.