0.3681 0.03869
0.365940 0.03654
0.36279 0.0334
0.3591 0.03031
0.35464 0.02733
0.349210 0.024260
0.34266 0.02097
0.33493 0.01744
0.326130 0.01372
0.316470 0.0099
0.30624 0.00607
0.29568 0.00231
0.284930 -0.001330
0.27412 -0.00481
0.26328 -0.0081
0.25242 -0.011210
0.24149 -0.01413
0.23046 -0.01688
0.2192600 -0.01947
0.20785 -0.02195
0.1962 -0.02434
0.18431 -0.02668
0.17224 -0.029
0.1601 -0.031290
0.14804 -0.03353
0.13626 -0.03566
0.12493 -0.03761
0.11424 -0.03929
0.10432 -0.04062
0.0951 -0.04152
0.08647 -0.04196
0.07829 -0.04195
0.07048 -0.04148
0.06298 -0.04056
0.05577 -0.03921
0.04884 -0.03743
0.042220 -0.03526
0.03595 -0.03273
0.03011 -0.02995
0.02482 -0.02701
0.02016 -0.024080
0.01618 -0.02126
0.01285 -0.01862
0.01009 -0.01616
0.00782 -0.01388
0.005960 -0.01176
0.00443 -0.009780
0.00318 -0.00794
0.00217 -0.00622
0.00136 -0.004590
0.00074 -0.00306
0.00029 -0.00161
0.000055 -0.00022
-7e-05 0.00112
0.00013 0.00244
0.00077 0.00365
0.00185 0.00458
0.003240 0.00526
0.00487 0.005770
0.00673 0.00619
0.00889 0.00656
0.01141 0.00691
0.01442 0.00723
0.01809 0.00754
0.02268 0.007840
0.02851 0.0081
0.03585 0.00833
0.04467 0.008460
0.05458 0.00842
0.06525 0.00813
0.07658 0.00762
0.08848 0.00697
0.10076 0.00625
0.11321 0.0055
0.12564 0.00476
0.137920 0.00406
0.15001 0.00345
0.16190 0.00295
0.17359 0.00258
0.1851 0.00237
0.196440 0.00234
0.20763 0.00251
0.21869 0.00288
0.22964 0.00348
0.24049 0.00431
0.25125 0.00537
0.26193 0.00668
0.27254 0.00824
0.28307 0.01004
0.2935 0.01208
0.30379 0.014360
0.31385 0.01685
0.32353 0.01951
0.33261 0.02228
0.34084 0.02508
0.348050 0.02785
0.3542 0.03055
0.35937 0.03317
0.3637 0.035690
0.3681 0.03869
-Inserting Flap s1223rtl-
0.5494 0.139
0.54861 0.137690
0.54747 0.13579
0.54605 0.13385
0.54425 0.13186
0.54198 0.12971
0.5392 0.12732000
0.535880 0.12467
0.53206 0.1218
0.52784 0.11878
0.52334 0.11569
0.51867 0.11259
0.5139 0.10952
0.50907 0.10653
0.50421 0.10362
0.49932 0.10079
0.49437 0.09806
0.48935 0.09539
0.48423 0.09278
0.479 0.09020
0.47363 0.08763
0.46814 0.08505
0.462570 0.08247
0.45696 0.07989
0.45138 0.07734
0.44592 0.074880
0.44066 0.07257
0.43568 0.07046
0.431020 0.06861
0.42666 0.06706
0.42253 0.0658
0.418560 0.06482
0.41471 0.0641
0.410960 0.06364
0.4073 0.06343
0.403720 0.06345
0.400250 0.0637
0.3969 0.06417
0.39373 0.064820
0.39081 0.0656
0.38820 0.06646
0.38592 0.06734
0.38399 0.068220
0.38235 0.06908
0.38098 0.06991
0.379820 0.07072
0.37884 0.07149
0.37801 0.07223
0.37731 0.072950
0.376720 0.07364
0.37623 0.074310
0.37584 0.074960
0.37554 0.0756
0.37533 0.07623
0.37527 0.0769
0.37543 0.07757
0.37584 0.07815
0.37644 0.07864
0.37716 0.07909
0.37802 0.07952
0.37902 0.07996
0.3802 0.08043
0.38162 0.08095
0.38337 0.08155
0.38556 0.08225
0.38835 0.08308
0.391890 0.08408
0.39615 0.08521
0.40096 0.0863900
0.40617 0.087540
0.41173 0.08866
0.41758 0.08979
0.423630 0.09092
0.42976 0.09206
0.435880 0.09321
0.44192 0.09436
0.44786 0.09552
0.45369 0.09671
0.45941 0.09795
0.46501 0.099240
0.47052 0.1006
0.47593 0.10203
0.48125 0.10355
0.486490 0.10517
0.49165 0.106880
0.49674 0.1087
0.50177 0.11063
0.50673 0.11266
0.511620 0.11481
0.51643 0.11706
0.521150 0.119410
0.52573 0.12184
0.53010 0.1243
0.53417 0.12674
0.53782 0.1291
0.54099 0.13131
0.543640 0.13336
0.54584 0.135260
0.54763 0.13701
0.5494 0.139
-Inserting Flap s1223rtl-
0.65804 0.28053
0.65779 0.27903
0.65742 0.27683
0.65682 0.27451
0.65588 0.27199
0.65457 0.26916
0.65287 0.26592
0.65076 0.26223
0.64827 0.25815
0.64546 0.25379
0.64242 0.24925
0.63923 0.24464
0.63592 0.24003
0.63254 0.235470
0.6291 0.23097
0.6256 0.22654
0.62201 0.22217
0.61833 0.21783
0.61454 0.21352
0.61062 0.20918
0.60659 0.20481
0.60244 0.2004
0.59821 0.19594
0.59395 0.19147
0.5897 0.18704
0.58554000 0.18274
0.5815 0.17865
0.57765 0.17485
0.57401 0.17141
0.57053 0.16836
0.56715 0.16567
0.563820 0.16329
0.56051 0.1612
0.5572 0.15939
0.55388 0.15784
0.550540 0.15654
0.547220 0.15549
0.54394 0.15469
0.54076 0.15412
0.53775 0.15377
0.535 0.1536
0.53256 0.15358
0.53044 0.15368
0.5286 0.15388
0.52702 0.15415
0.52564 0.15446
0.52445 0.15482
0.5234 0.15521
0.52249 0.15561
0.52169 0.15603
0.52099 0.15648
0.52038 0.15694
0.51987 0.15742
0.51944 0.15794
0.51913 0.15853
0.51904 0.159210
0.51921 0.1599
0.51958 0.16058
0.52009 0.16127
0.52072 0.16198
0.52149 0.16276
0.52241 0.16363
0.52354 0.16464
0.52494 0.16584
0.526720 0.1673
0.52901 0.16911
0.53193 0.171340
0.53547 0.17396
0.539510 0.17683
0.54393 0.17983
0.54868 0.18292
0.55370 0.18613
0.5589 0.189420
0.56418 0.19274
0.569440 0.19606
0.574630 0.199360
0.579720 0.20264
0.5847 0.2059
0.589550 0.20916
0.59429 0.21243
0.59891 0.21572
0.6034 0.21905
0.60779 0.22243
0.61206 0.225870
0.61623 0.229360
0.62029 0.23293
0.62424 0.23658
0.6281 0.2403
0.63185 0.2441
0.6355 0.24798
0.63901 0.2519
0.64237 0.25584
0.64553 0.25975
0.64841 0.26352
0.65093 0.26706
0.65305 0.27028
0.654770 0.27317
0.65611 0.27575
0.65713 0.27803
0.65804 0.28053
*.*.Setup: s1223rtl.txt as Flap 1, Inverted: y, Scale = 1.0, AoA = 6.0, Reposition from (0,0) = (0, 0)*.*.
*.*.Setup: s1223rtl.txt as Flap 2, Inverted: y, Scale = 0.5, AoA = 20.0, Reposition from previous T.E. = (0.02, 0.1), Reposition from (0,0) = (1.0145, 0.2045)*.*.
*.*.Setup: s1223rtl.txt as Flap 3, Inverted: y, Scale = 0.5, AoA = 41.666666666666664, Reposition from previous T.E. = (-0.08, 0.05), Reposition from (0,0) = (1.4044, 0.4255)*.*.
*.*.Setup: Scale Ratio = 0.37013*.*.