0.34636 0.0364
0.344330 0.03438
0.34136 0.03142
0.33789 0.02852
0.33369 0.02572
0.328590 0.022830
0.32242 0.01973
0.31515 0.01641
0.306870 0.01291
0.297780 0.00931
0.28816 0.00571
0.27822 0.00218
0.268110 -0.001250
0.25793 -0.00452
0.24774 -0.00763
0.23751 -0.010550
0.22723 -0.0133
0.21685 -0.01588
0.2063100 -0.01832
0.19558 -0.02065
0.18461 -0.0229
0.17342 -0.02511
0.16206 -0.02729
0.15064 -0.029440
0.1393 -0.03155
0.12821 -0.03355
0.11755 -0.03539
0.1075 -0.03697
0.09815 -0.03822
0.08949 -0.03907
0.08136 -0.03948
0.07367 -0.03947
0.06632 -0.03903
0.05926 -0.03817
0.05247 -0.03689
0.04595 -0.03522
0.039720 -0.03317
0.03382 -0.0308
0.02834 -0.02818
0.02336 -0.02542
0.01897 -0.022660
0.01522 -0.02001
0.01209 -0.01752
0.00949 -0.01521
0.00736 -0.01306
0.005610 -0.01106
0.00417 -0.00920
0.003 -0.00747
0.00204 -0.00585
0.00128 -0.004320
0.0007 -0.00288
0.00028 -0.00151
0.000055 -0.00021
-6e-05 0.00105
0.00012 0.0023
0.00072 0.00344
0.00174 0.00431
0.003050 0.00495
0.00458 0.005430
0.00633 0.00583
0.00836 0.00618
0.01073 0.0065
0.01357 0.00681
0.01702 0.0071
0.02134 0.007370
0.02683 0.00763
0.03373 0.00784
0.04203 0.007960
0.05136 0.00792
0.06139 0.00765
0.07205 0.00717
0.08325 0.00656
0.09481 0.00588
0.10653 0.00517
0.11822 0.00447
0.129770 0.00382
0.14115 0.00325
0.152340 0.00277
0.16334 0.00243
0.17417 0.00223
0.184840 0.0022
0.19537 0.00236
0.20578 0.00271
0.21608 0.00328
0.22629 0.00405
0.23641 0.00506
0.24646 0.00629
0.25645 0.00775
0.26635 0.00944
0.27617 0.01137
0.28585 0.013510
0.29532 0.01585
0.30443 0.01836
0.31297 0.02097
0.32071 0.0236
0.327490 0.0262
0.33328 0.02874
0.33815 0.03121
0.34222 0.033590
0.34636 0.0364
-Inserting Flap s1223rtl-
0.51696 0.11337
0.51622 0.112150
0.51514 0.11035
0.5138 0.10853
0.51211 0.10666
0.50998 0.10464
0.50736 0.10239000
0.504240 0.0999
0.50064 0.0972
0.49667 0.09436
0.49243 0.09145
0.48804 0.08853
0.48355 0.08564
0.47901 0.08282
0.47444 0.08008
0.46983 0.07743
0.46517 0.07485
0.46045 0.07234
0.45563 0.06988
0.45071 0.067460
0.44566 0.06504
0.4405 0.06261
0.435250 0.06018
0.42997 0.05776
0.42472 0.05536
0.41959 0.053050
0.41464 0.05087
0.40995 0.04888
0.405570 0.04715
0.40147 0.04569
0.39758 0.0445
0.393840 0.04358
0.39022 0.0429
0.386690 0.04247
0.38325 0.04227
0.379880 0.04229
0.376610 0.04253
0.37346 0.04297
0.37048 0.043580
0.36773 0.04431
0.365270 0.04512
0.36313 0.04595
0.36131 0.046780
0.35977 0.04759
0.35848 0.04837
0.357390 0.04913
0.35646 0.04986
0.35568 0.05055
0.35502 0.051230
0.354470 0.05188
0.35401 0.05250
0.35364 0.053120
0.35336 0.05372
0.35317 0.05432
0.35311 0.05495
0.35326 0.05557
0.35365 0.05612
0.35421 0.05659
0.35489 0.05701
0.35569 0.05741
0.35663 0.05783
0.35775 0.05827
0.35908 0.05876
0.36073 0.05932
0.36279 0.05998
0.36542 0.06076
0.368740 0.0617
0.37275 0.06277
0.37728 0.0638700
0.38219 0.064960
0.38741 0.06601
0.39292 0.06707
0.398610 0.06814
0.40438 0.06921
0.410140 0.07029
0.41582 0.07137
0.42141 0.07247
0.4269 0.07359
0.43228 0.07475
0.43755 0.075970
0.44273 0.07725
0.44782 0.07859
0.45283 0.08003
0.457760 0.08154
0.46262 0.083160
0.46741 0.08487
0.47214 0.08668
0.4768 0.0886
0.48140 0.09062
0.48593 0.09274
0.490370 0.094950
0.49468 0.09723
0.49880 0.09955
0.50263 0.10185
0.50606 0.10406
0.50904 0.10614
0.511540 0.10808
0.5136 0.109860
0.51529 0.11151
0.51696 0.11337
-Inserting Flap s1223rtl-
0.66052 0.24924
0.6602 0.24784
0.65974 0.2458
0.65905 0.24365
0.65802 0.24134
0.656640 0.23875
0.65486 0.2358
0.65268 0.23245
0.650120 0.22875
0.647240 0.2248
0.64414 0.22071
0.64088 0.21656
0.637530 0.21241
0.6341 0.2083
0.63062 0.20426
0.62709 0.20029
0.62348 0.196380
0.61978 0.19252
0.61599 0.18867
0.61207 0.18481
0.60804 0.18093
0.60391 0.17701
0.59969 0.173050
0.59544 0.16908
0.59121 0.16516
0.58706 0.16135
0.58305 0.15772
0.57923 0.15436
0.57561 0.15134
0.57218 0.14866
0.56886 0.14631
0.5656 0.14426
0.56238 0.14248
0.55917 0.14096
0.555960 0.13968
0.55276 0.13865
0.54958 0.13784
0.54645 0.13727
0.54343 0.13691
0.54059 0.13674
0.538 0.136740
0.53571 0.13685
0.53372 0.13707
0.532 0.13735
0.53053 0.13769
0.52925 0.13806
0.52815 0.13846
0.527190 0.13888
0.52635 0.13931
0.52562 0.139750
0.52499 0.14021
0.52444 0.14067
0.52399 0.1411500
0.52362 0.14166
0.523360 0.14224
0.52331 0.14288
0.52351 0.14352
0.52389 0.14414
0.52441 0.14475
0.52504 0.145390
0.5258 0.14608
0.52672 0.14685
0.5278400 0.14774
0.529220 0.148790
0.53097 0.15006
0.53322 0.15163
0.53608 0.15357
0.53955 0.15584
0.5435 0.15832
0.54781 0.16089
0.55245 0.16354
0.55734 0.16627
0.56241 0.16907
0.56755 0.171910
0.572670 0.17474
0.57773 0.17756
0.58269 0.180350
0.58754 0.18315
0.59228 0.18594
0.59691 0.18876
0.6014200 0.1916
0.60583 0.194480
0.610130 0.19741
0.61434 0.20041
0.61844 0.20346
0.62245 0.20659
0.62637 0.2098
0.63019 0.21309
0.63393 0.21645
0.63756 0.21989
0.64108 0.22339
0.644450 0.22691
0.64763 0.2304
0.65054 0.23379
0.6531 0.23697
0.65527 0.23989
0.65704 0.24251
0.65844 0.244850
0.65952 0.24694
0.66052 0.24924
*.*.Setup: s1223rtl.txt as Flap 1, Inverted: y, Scale = 1.0, AoA = 6.0, Reposition from (0,0) = (0, 0)*.*.
*.*.Setup: s1223rtl.txt as Flap 2, Inverted: y, Scale = 0.5, AoA = 20.0, Reposition from previous T.E. = (0.02, 0.05), Reposition from (0,0) = (1.0145, 0.1545)*.*.
*.*.Setup: s1223rtl.txt as Flap 3, Inverted: y, Scale = 0.5, AoA = 38.333333333333336, Reposition from previous T.E. = (0.02, 0.08), Reposition from (0,0) = (1.5044, 0.4055)*.*.
*.*.Setup: Scale Ratio = 0.34827*.*.