0.35617 0.03743
0.354080 0.03535
0.35103 0.03231
0.34746 0.02933
0.34314 0.02644
0.337890 0.023480
0.33155 0.02029
0.32408 0.01687
0.315560 0.01327
0.306220 0.00958
0.29632 0.00588
0.28609 0.00224
0.27570 -0.001280
0.26524 -0.00465
0.25475 -0.00784
0.24423 -0.010850
0.23366 -0.01367
0.22299 -0.01633
0.2121600 -0.01884
0.20112 -0.02124
0.18984 -0.02355
0.17833 -0.02582
0.16665 -0.02806
0.15491 -0.030280
0.14325 -0.03244
0.13184 -0.0345
0.12088 -0.03639
0.11054 -0.03802
0.10093 -0.0393
0.09202 -0.04017
0.08367 -0.0406
0.07575 -0.04059
0.06819 -0.04013
0.06094 -0.03925
0.05396 -0.03793
0.04726 -0.03622
0.040850 -0.03411
0.03478 -0.03167
0.02914 -0.02897
0.02402 -0.02614
0.01951 -0.02330
0.01565 -0.02057
0.01243 -0.01802
0.00976 -0.01564
0.00757 -0.01343
0.005770 -0.01138
0.00429 -0.009470
0.00308 -0.00768
0.0021 -0.00601
0.00132 -0.004440
0.00072 -0.00296
0.00029 -0.00155
0.000055 -0.00022
-6e-05 0.00108
0.00013 0.00237
0.00074 0.00353
0.00179 0.00444
0.003140 0.00509
0.00471 0.005580
0.00651 0.00599
0.0086 0.00635
0.01104 0.00668
0.01395 0.007
0.01751 0.0073
0.02195 0.007580
0.02758 0.00784
0.03469 0.00806
0.04322 0.008190
0.05281 0.00815
0.06313 0.00787
0.07409 0.00738
0.08561 0.00675
0.09749 0.00605
0.10954 0.00532
0.12157 0.0046
0.133450 0.00393
0.14514 0.00334
0.156650 0.00285
0.16796 0.0025
0.1791 0.0023
0.190070 0.00227
0.2009 0.00243
0.21161 0.00279
0.2222 0.00337
0.23269 0.00417
0.2431 0.0052
0.25344 0.00647
0.26371 0.00797
0.2739 0.00971
0.28399 0.01169
0.29395 0.013890
0.30368 0.0163
0.31305 0.01888
0.32183 0.02156
0.32979 0.02427
0.336770 0.02695
0.34272 0.02956
0.34773 0.03209
0.35191 0.034540
0.35617 0.03743
-Inserting Flap s1223rtl-
0.52562 0.13997
0.52497 0.13865
0.52402 0.13671
0.52282 0.13472
0.52125 0.13265
0.51925 0.1304
0.51677 0.12786
0.51379 0.12502
0.51035 0.12194
0.50654 0.11867
0.50246 0.11531
0.49822 0.11192
0.49388 0.10857
0.489480 0.10527
0.48504 0.10206
0.48056 0.09892
0.476020 0.09587
0.47141 0.092870
0.4667 0.08992
0.46187 0.08699
0.45691 0.084060
0.45184 0.08112
0.44669 0.07816
0.44149 0.0752
0.43633 0.07228
0.43128 0.069440
0.4264 0.06677
0.42178 0.06431
0.41745 0.06214
0.41337 0.06028
0.40949 0.05872
0.40575 0.05744
0.4021 0.05642
0.39853 0.055660
0.39502 0.05514
0.39157 0.0548700
0.388190 0.05482
0.38493 0.05498
0.38182 0.05534
0.37894 0.055850
0.37635 0.05645
0.37408 0.05712
0.372140 0.0578
0.37049 0.05849
0.36910 0.059180
0.36791 0.05986
0.3669 0.06052
0.36604 0.06116
0.3653 0.06179
0.36468 0.06241
0.36415 0.06301
0.36372 0.06361
0.36338 0.0642
0.36313 0.06479
0.36301 0.06543
0.36311 0.066090
0.36346 0.06668
0.36399 0.06721
0.3646500 0.0677
0.36543 0.06819
0.36636 0.06870
0.36746 0.06925
0.36879 0.06987
0.37042 0.070590
0.37247 0.07145
0.3751 0.07249
0.37842 0.07375
0.38243 0.0752
0.38697 0.07674
0.3919 0.078290
0.39716 0.07984
0.40271 0.08142
0.40844 0.08302
0.414250 0.084640
0.42005 0.08626
0.42578 0.08788
0.43141 0.0895
0.43692 0.09114
0.44233 0.09282
0.44763 0.09453
0.45282 0.09631
0.45791 0.09815
0.462920 0.10006
0.46783 0.10206
0.4726600 0.1041400
0.47741 0.10633
0.48209 0.10861
0.4867 0.11099
0.49124 0.11347
0.49569 0.11605
0.500040 0.11871
0.50425 0.12144
0.50825 0.12418
0.51197 0.12688
0.51529 0.12945
0.51815 0.13185
0.52054 0.13406
0.5225 0.13607
0.52408 0.137910
0.52562 0.13997
-Inserting Flap s1223rtl-
0.6594 0.28987
0.65924 0.2884
0.65901 0.286260
0.6585700 0.28398
0.6578 0.2815
0.65669 0.27869
0.65523 0.27546
0.6534 0.27178
0.65122 0.26770
0.64875 0.26332
0.64607 0.25877
0.64324 0.25414
0.64031 0.2495
0.63731 0.2449
0.63424 0.24036
0.6311 0.23588
0.62788 0.23146
0.62457 0.22707
0.621150 0.22269
0.61761 0.21828
0.61396 0.21383
0.6102 0.20933
0.606370 0.20478
0.6025 0.20023
0.59865 0.19572
0.59487 0.19133
0.5912 0.18714
0.5877 0.18326
0.58437 0.17974
0.58118 0.17659
0.57807 0.1738
0.57499 0.17131
0.57191 0.169110
0.56881 0.16717
0.56569 0.16549
0.56254 0.16405
0.55939 0.16285
0.55626 0.16189
0.55322 0.16116
0.5503400 0.16065
0.54769 0.16033
0.54534 0.160180
0.54328 0.160160
0.5415 0.16024
0.539950 0.16041
0.5386 0.16064
0.53743 0.16092
0.5364 0.16123
0.53549 0.16157
0.53469 0.16194
0.53399 0.16232
0.533380 0.16274
0.53286 0.16317
0.53242 0.16365
0.53209 0.16421
0.53196 0.16486
0.53208 0.16554
0.5324 0.16621
0.53285 0.1669
0.53343 0.16763
0.53412 0.16842
0.53497 0.16932
0.536 0.17036
0.53729 0.17159
0.53892 0.1731
0.54103 0.17498
0.54372 0.1773
0.547 0.18003
0.55074 0.18303
0.55484 0.18617
0.55925 0.18943
0.56392 0.19281
0.56876 0.19628
0.57367 0.19978
0.57857 0.203290
0.5834 0.20677
0.58813 0.21022
0.59275 0.21365
0.59726 0.21707
0.60165 0.22050
0.60593 0.2239400
0.61008 0.22741
0.61413 0.23092
0.61806 0.23448
0.62189 0.238090
0.62561 0.24176
0.62923 0.245510
0.63274 0.24932
0.63615 0.25321
0.63945 0.25715
0.64263 0.26114
0.64565 0.26514
0.64848 0.26909
0.651050 0.27289
0.65329 0.27645
0.65516 0.27969
0.65665 0.28257
0.6578 0.28514
0.65866 0.28740
0.6594 0.28987
*.*.Setup: s1223rtl.txt as Flap 1, Inverted: y, Scale = 1.0, AoA = 6.0, Reposition from (0,0) = (0, 0)*.*.
*.*.Setup: s1223rtl.txt as Flap 2, Inverted: y, Scale = 0.5, AoA = 25.0, Reposition from previous T.E. = (0.02, 0.075), Reposition from (0,0) = (1.0145, 0.1795)*.*.
*.*.Setup: s1223rtl.txt as Flap 3, Inverted: y, Scale = 0.5, AoA = 45.0, Reposition from previous T.E. = (0.02, 0.065), Reposition from (0,0) = (1.4877, 0.4558)*.*.
*.*.Setup: Scale Ratio = 0.35813*.*.