0.3647 -0.03071
0.3639 -0.031460
0.3623 -0.03291
0.359930 -0.03505
0.35692 -0.03772
0.353430 -0.04073
0.34964 -0.04388
0.34568 -0.04697
0.34171 -0.049860
0.33775 -0.05253
0.3338 -0.05501
0.32985 -0.057350
0.3259 -0.059560
0.32196 -0.06167
0.31802 -0.0637
0.31408 -0.06565
0.31014 -0.06752
0.30621 -0.06932
0.30228 -0.07105
0.29836 -0.07271
0.29443 -0.07431
0.29051 -0.07585
0.28659 -0.07734
0.28267 -0.07877
0.27875 -0.08014
0.27483 -0.08145
0.27092 -0.08271
0.26701 -0.08389
0.2631 -0.08502
0.2592 -0.08608
0.25529 -0.0871
0.25139 -0.08807
0.24749 -0.08901
0.24359 -0.08992
0.23969 -0.09081
0.23579 -0.09166
0.23189 -0.09247
0.22799 -0.09324
0.2241 -0.09395
0.22021 -0.09461
0.21632 -0.09523
0.21243 -0.09579
0.20854 -0.09632
0.20465 -0.0968
0.20077 -0.09723
0.19689 -0.097630
0.1930 -0.09799
0.18912 -0.09832
0.18524 -0.09861
0.18137 -0.09886
0.17749 -0.09907
0.17361 -0.09924
0.16974 -0.09936
0.16587 -0.099440
0.162 -0.09947
0.15813 -0.09946
0.15426 -0.09939
0.1504 -0.09929
0.14653 -0.09913
0.14267 -0.09893
0.13881 -0.09868
0.13495 -0.09838
0.1311 -0.09803
0.12724 -0.09763
0.12339 -0.09718
0.11954 -0.09668
0.11568 -0.09615
0.11184 -0.09558
0.10799 -0.0949700
0.10414 -0.09432
0.1003 -0.09361
0.09645 -0.09283
0.09262 -0.09198
0.08878 -0.09103
0.08495 -0.09
0.08112 -0.08888
0.07729 -0.087670
0.07346 -0.08638
0.06964 -0.08499
0.06583 -0.0835
0.06201 -0.08190
0.0582 -0.08016
0.0544 -0.07827
0.0506 -0.07623
0.046810 -0.07402
0.04303 -0.07166
0.03924 -0.06915
0.03547 -0.06649
0.0317 -0.06368
0.02793 -0.06066
0.02418 -0.057330
0.02044 -0.05364
0.01671 -0.04949
0.01303 -0.04487
0.00952 -0.039890
0.00632 -0.03475
0.00358 -0.02962
0.00146 -0.02467
7e-05 -0.02009
-0.00043 -0.012420
0.00044 -0.00956
0.00206 -0.00747
0.0044 -0.00623
0.00733 -0.00573
0.01071 -0.00581
0.01438 -0.00634
0.01819 -0.00717
0.02203 -0.008180
0.02586 -0.00933
0.02968 -0.01062
0.0335 -0.01204
0.03732 -0.01358
0.04113 -0.01523
0.04493 -0.01698
0.04874 -0.01881
0.05254 -0.020720
0.05634 -0.02268
0.06014 -0.02468
0.06394 -0.02671
0.06774 -0.02876
0.07154 -0.03082
0.07533 -0.032880
0.07913 -0.03492
0.08293 -0.03694
0.08673 -0.03894
0.09053 -0.04091
0.09433 -0.04286
0.09813 -0.04476
0.10194 -0.04663
0.10574 -0.04846
0.10955 -0.05025
0.11336 -0.052
0.11717 -0.05371
0.12098 -0.05537
0.12479 -0.05699
0.1286 -0.05856
0.13242 -0.06009
0.13624 -0.061560
0.14006 -0.06299
0.14388 -0.06436
0.1477 -0.06569
0.15153 -0.06696
0.15535 -0.06817
0.15918 -0.06934
0.16301 -0.07044
0.16685 -0.07148
0.170680 -0.07247
0.17452 -0.07339
0.17836 -0.07426
0.1822 -0.075070
0.18604 -0.07584
0.18988 -0.07655
0.19373 -0.07723
0.19758 -0.07785
0.20143 -0.07843
0.20528 -0.07894
0.20913 -0.07938
0.21299 -0.07975
0.21685 -0.08005
0.22071 -0.080280
0.22457 -0.08044
0.22844 -0.08053
0.23231 -0.080540
0.23618 -0.0804900
0.240050 -0.08037
0.24393 -0.080170
0.2478 -0.0799
0.25169 -0.07954
0.25557 -0.07911
0.25946 -0.0786
0.26335 -0.078
0.26724 -0.07731
0.27114 -0.07654
0.27504 -0.07568
0.27894 -0.07473
0.28284 -0.07367
0.28675 -0.07252
0.29067 -0.07126
0.29458 -0.0699
0.298500 -0.06845
0.30243 -0.06691
0.30635 -0.06529
0.31028 -0.06359
0.31421 -0.06181
0.31815 -0.05995
0.32208 -0.05802
0.326020 -0.05602
0.32996 -0.05395
0.33391 -0.05178
0.33786 -0.0495
0.34181 -0.04709
0.34577 -0.04453
0.34971 -0.04183
0.35349 -0.03911
0.35696 -0.03654
0.35995 -0.03427
0.36231 -0.03245
0.3639 -0.03123
0.3647 -0.03071
-Inserting Flap Ga2-
0.50712 0.069930
0.50703 0.06950
0.50682 0.06866
0.50651 0.06742
0.50611 0.065860
0.50563 0.06408
0.50508 0.06219
0.50446 0.06028
0.503790 0.05844
0.50307 0.056660
0.50231 0.05495
0.50153 0.053300
0.50071 0.05168
0.49988 0.0501
0.49903 0.04854
0.49816 0.04702
0.497270 0.04552
0.49637 0.04404
0.49545 0.04259
0.49452 0.04116
0.49358 0.03975
0.49262 0.03836
0.49165 0.03699
0.49067 0.03564
0.489680 0.03431
0.48868 0.033
0.48766 0.03171
0.48663 0.03044
0.48558 0.02919
0.48452 0.02797
0.48346 0.02676
0.482380 0.02556
0.4813 0.02437
0.48021 0.0232
0.479110 0.02203
0.47801 0.02088
0.4769 0.01974
0.47578 0.01861
0.47465 0.017510
0.4735 0.01642
0.47235 0.01534
0.47119 0.01428
0.47002 0.01324
0.46883 0.01221
0.46764 0.0112
0.46645 0.0102
0.46524 0.00921
0.46402 0.00823
0.4628 0.00727
0.46157 0.00632
0.46033 0.00538
0.45909 0.00446
0.45783 0.00355
0.45656 0.00266
0.45529 0.00178
0.454 0.00092
0.452710 8e-05
0.4514 -0.00075
0.45008 -0.00156
0.44876 -0.00236
0.44742 -0.003140
0.44607 -0.0039
0.44472 -0.00465
0.44335 -0.00538
0.44197 -0.00609
0.44058 -0.00679
0.43919 -0.00747
0.43778 -0.00814
0.43637 -0.0088
0.43495 -0.00945
0.43351 -0.01007
0.43207 -0.01068
0.4306 -0.01125
0.42912 -0.0118
0.42762 -0.01231
0.4261 -0.0128
0.42456 -0.013250
0.423 -0.01368
0.42142 -0.01407
0.41982 -0.01443
0.4182 -0.01475
0.41655 -0.01503
0.41487 -0.01525
0.41315 -0.01542
0.4114 -0.01554
0.40961 -0.015610
0.40780 -0.01562
0.40595 -0.01558
0.40407 -0.01549
0.40215 -0.01533
0.40016 -0.01507
0.39809 -0.014680
0.39593 -0.01414
0.39367 -0.01343
0.39140 -0.01257
0.38919 -0.01158
0.38713 -0.01049
0.38532 -0.0093200
0.38383 -0.00811
0.38195 -0.00568
0.3816 -0.00454
0.38167 -0.00348
0.382170 -0.00255
0.38303 -0.00172
0.38417 -0.001
0.3855 -0.00035
0.386950 0.00022
0.38845 0.00075
0.38998 0.00122
0.39153 0.00165
0.39312 0.002040
0.39473 0.00238
0.39636 0.00268
0.39802 0.00296
0.39969 0.0032
0.40137 0.003420
0.40307 0.00362
0.40478 0.0038
0.4065 0.00398
0.40821 0.00415
0.40993 0.00431
0.41165 0.00448
0.41337 0.00465
0.41508 0.00483
0.41679 0.00502
0.41849 0.005220
0.42018 0.00542
0.421870 0.00564
0.42355 0.00587
0.42522 0.006120
0.42689 0.00637
0.42854 0.00664
0.43019 0.006930
0.43182 0.00723
0.43345 0.007550
0.43506 0.00788
0.43667 0.00823
0.43827 0.00859
0.43985 0.00897
0.44143 0.00937
0.44299 0.009790
0.444540 0.01022
0.44608 0.01068
0.44761 0.01115
0.449130 0.01164
0.45064 0.01215
0.45213 0.01268
0.45361 0.01323
0.45507 0.0138
0.45653 0.01439
0.45797 0.015
0.45941 0.01562
0.46083 0.01626
0.46225 0.016910
0.46366 0.01758
0.46505 0.01827
0.466420 0.01899
0.46779 0.01973
0.46913 0.02049
0.47046 0.02128
0.47178 0.02209
0.47308 0.02293
0.47437 0.02379
0.47564 0.02467
0.4769 0.02558
0.47814 0.026510
0.47936 0.02747
0.48057 0.02845
0.48176 0.02947
0.48294 0.03051
0.48409 0.03157
0.48523 0.03267
0.48635 0.0338
0.48745 0.034960
0.48853 0.03615
0.48959 0.03737
0.49063 0.03863
0.49165 0.03992
0.49264 0.04125
0.49362 0.0426
0.49457 0.04399
0.49551 0.045410
0.49643 0.04685
0.49734 0.04832
0.49823 0.04982
0.4991 0.05134
0.49996 0.05288
0.5008 0.05445
0.50163 0.05605
0.50243 0.05769
0.5032 0.05937
0.50394 0.06111
0.50464 0.06289
0.50529 0.06463
0.50586 0.06626
0.50635 0.06768
0.50672 0.06881
0.506980 0.06958
0.50712 0.069930
-Inserting Flap Ga2-
0.59979 0.20941
0.59985 0.20897
0.599940 0.20811
0.60006 0.20684
0.60021 0.20524
0.60035 0.2034
0.60047 0.20144
0.60053 0.19943
0.60052 0.19746
0.60044 0.19556
0.6003 0.193690
0.60012 0.19187
0.5999 0.19007
0.59964 0.1883
0.59936 0.18655
0.599060 0.18482
0.59873 0.183110
0.59838 0.18141
0.5980 0.17974
0.597610 0.17808
0.59719 0.17643
0.59676 0.1748
0.59631 0.17319
0.59584 0.17159
0.59536 0.17
0.59485 0.16843
0.59433 0.16687
0.59378 0.16533
0.59322 0.1638
0.59264 0.16229
0.59204 0.16079
0.59143 0.1593
0.5908 0.15782
0.59017 0.15635
0.58953 0.15488
0.58889 0.15342
0.58822 0.15198
0.58755 0.15054
0.58685 0.14912
0.58614 0.1477
0.58542 0.14631
0.58468 0.14492
0.58393 0.14354
0.58316 0.142180
0.58238 0.14082
0.58159 0.139470
0.58079 0.13814
0.57997 0.13681
0.57914 0.13549
0.57831 0.13418
0.57746 0.13288
0.57659 0.1316
0.57571 0.13032
0.57482 0.12905
0.57391 0.1278
0.57299 0.12655
0.57206 0.12532
0.57111 0.1241
0.5701400 0.12289
0.56916 0.1217
0.56816 0.12051
0.56715 0.11934
0.56613 0.11818
0.56508 0.117030
0.564020 0.1159
0.56295 0.114770
0.56187 0.11366
0.56077 0.112550
0.55966 0.11146
0.55854 0.11037
0.5574 0.1093
0.55624 0.10825
0.55506 0.10721
0.55384 0.10620
0.5526 0.105210
0.55133 0.10424
0.55004 0.1033
0.54871 0.10237
0.54736 0.10147
0.54598 0.10059
0.54456 0.099740
0.54309 0.098930
0.54158 0.0981500
0.54002 0.09741
0.538410 0.09671
0.53676 0.09605
0.53505 0.09543
0.5333 0.09484
0.5315 0.09429
0.52963 0.09379
0.52767 0.09337
0.5256 0.09304
0.52338 0.09283
0.521010 0.09274
0.51858 0.09278
0.516160 0.09297
0.51386 0.0933
0.51177 0.093790
0.50996 0.09443
0.50737 0.09608
0.50665 0.09705
0.50637 0.09806
0.50652 0.09911
0.50705 0.10017
0.50788 0.10124
0.50892 0.1023
0.510090 0.10333
0.51133 0.10433
0.512600 0.10529
0.51393 0.10622
0.51529 0.10711
0.516690 0.10798
0.51812 0.10881
0.51959 0.10963
0.52108 0.110420
0.5226 0.11119
0.52413 0.11195
0.52567 0.1127
0.52723 0.11344
0.52879 0.11418
0.53035 0.11492
0.53192 0.11565
0.53347 0.11639
0.53503 0.11714
0.53657 0.11789
0.53811 0.11864
0.53963 0.119410
0.54115 0.12018
0.54265 0.12097
0.54415 0.12176
0.54563 0.12256
0.54709 0.1233700
0.54854 0.12419
0.54998 0.12503
0.55141 0.12587
0.55282 0.126730
0.55421 0.1276
0.55559 0.12848
0.55696 0.12937
0.55831 0.13028
0.55964 0.1312
0.56096 0.13213
0.56225 0.13307
0.56354 0.134030
0.56480 0.135
0.56604 0.13599
0.567270 0.13699
0.56848 0.13801
0.56967 0.139040
0.57084 0.14009
0.572 0.14114
0.5731400 0.14221
0.57427 0.14329
0.57538 0.14438
0.57648 0.14549
0.57756 0.14661
0.57861 0.14774
0.57965 0.1489
0.58066 0.15007
0.581640 0.15126
0.58261 0.15247
0.58355 0.15369
0.58448 0.15494
0.58538 0.1562
0.58626 0.15747
0.58711 0.15877
0.5879400 0.16008
0.58875 0.16142
0.58953 0.162770
0.59028 0.16415
0.59101 0.16554
0.59172 0.16696
0.592390 0.1684
0.59304 0.16986
0.59365 0.17134
0.59424 0.17285
0.5948 0.17438
0.59532 0.17594
0.595810 0.177530
0.59627 0.17913
0.5967 0.18076
0.59711 0.18241
0.59749 0.18408
0.59785 0.18577
0.59819 0.18748
0.5985 0.1892
0.59879 0.19095
0.599050 0.19271
0.59929 0.19449
0.59949 0.19631
0.59965 0.19815
0.59976 0.20003
0.59983 0.20194
0.59985 0.20381
0.59984 0.20553
0.59982 0.20704
0.59979 0.20823
0.59977 0.20903
0.59979 0.20941
*.*.Setup: Ga2.txt as Flap 1, Inverted: y, Scale = 1.0, AoA = -2.0, Reposition from (0,0) = (0, 0)*.*.
*.*.Setup: Ga2.txt as Flap 2, Inverted: y, Scale = 0.4, AoA = 32.0, Reposition from previous T.E. = (0.04, 0.08), Reposition from (0,0) = (1.0377, -0.004)*.*.
*.*.Setup: Ga2.txt as Flap 3, Inverted: y, Scale = 0.4, AoA = 51.666666666666664, Reposition from previous T.E. = (-0.01, 0.08), Reposition from (0,0) = (1.3773, 0.2713)*.*.
*.*.Setup: Scale Ratio = 0.36554*.*.