0.36149 0.05725
0.35947 0.055020
0.35652 0.05175
0.35304 0.04852
0.34879 0.04534
0.34359 0.04203
0.33729 0.03844
0.32984 0.03455
0.32134 0.030420
0.312 0.02615
0.3021 0.02185
0.29186 0.01759
0.28144 0.01344
0.27094 0.00944
0.26041 0.00562
0.24984 0.00199
0.2392 -0.00146
0.22845 -0.00474
0.21753 -0.00788
0.20639 -0.01092
0.19501 -0.01388
0.18338 -0.01681
0.17158 -0.01972
0.15971 -0.02261
0.14793 -0.02545
0.1364 -0.02816
0.12531 -0.030670
0.11485 -0.03289
0.10511 -0.03471
0.09606 -0.03608
0.08756 -0.03696
0.07948 -0.03737
0.07174 -0.03731
0.06429 -0.036790
0.0571 -0.03583
0.05016 -0.03443
0.04351 -0.03263
0.03719 -0.03046
0.03129 -0.02801
0.02591 -0.02539
0.02116 -0.022740
0.017080 -0.02016
0.01365 -0.01772
0.01080 -0.01544
0.00844 -0.0133
0.00650 -0.01130
0.00489 -0.00943
0.00356 -0.00768
0.00246 -0.00603
0.00158 -0.0044700
0.00089 -0.00298
0.00037 -0.001570
0.000086 -0.00022
-0.00012 0.0011000
0.000005 0.00242
0.00057 0.003650
0.00159 0.00462
0.00293 0.00536
0.00451 0.00595
0.00633 0.006460
0.00843 0.00694
0.01091 0.00741
0.01386 0.00789
0.01748 0.00838
0.02199 0.00891
0.02773 0.00948
0.03497 0.01008
0.04367 0.01067
0.05346 0.01114
0.064010 0.01141
0.075220 0.01149
0.08701 0.01146
0.099170 0.01139
0.11151 0.01129
0.12382 0.0112
0.13598 0.01115
0.147950 0.01117
0.15972 0.01129
0.17129 0.011530
0.182660 0.01192
0.19386 0.01248
0.20491 0.01322
0.21581 0.01417
0.2265900 0.01532
0.23726 0.0167
0.24783 0.01831
0.25831 0.02015
0.26870 0.02224
0.27901 0.02456
0.28921 0.02712
0.29925 0.0299
0.30906 0.03288
0.31848 0.03601
0.3273 0.03922
0.33528 0.04241
0.34225 0.04551
0.34819 0.04849
0.35316 0.05135
0.35731 0.05407
0.36149 0.05725
-Inserting Flap s1223rtl-
0.53345 0.14729
0.53267 0.146
0.53154 0.14412
0.53014 0.1422
0.52836 0.14023
0.52612 0.13811
0.52337 0.13575
0.52009 0.13313
0.516310 0.13029
0.51213 0.12731
0.50768 0.12425
0.50306 0.12118
0.49834 0.11815
0.49357 0.11519
0.48877 0.11231
0.483930 0.10952
0.47903 0.10681
0.47407 0.104170
0.46901 0.101590
0.46383 0.09904
0.45853 0.0965
0.4531 0.09395
0.44759 0.091390
0.44204 0.08884
0.43652 0.086330
0.43113 0.0839
0.42592 0.0816
0.421 0.07952
0.41639 0.07769
0.41208 0.07616
0.40799 0.07492
0.40407 0.07395
0.40026 0.07324
0.39656 0.07278
0.39294 0.07257
0.3894 0.07259
0.38596 0.07284
0.38265 0.0733
0.37952 0.07394
0.37663 0.07471
0.37405 0.075560
0.3718 0.07644
0.36988 0.07731
0.36827 0.07816
0.366910 0.07898
0.36576 0.07978
0.36479 0.08054
0.36397 0.08128
0.36328 0.08198
0.3627 0.08266
0.362210 0.08333
0.36183 0.08397
0.36153 0.08460
0.36133 0.08523
0.361260 0.08589
0.36142 0.08655
0.36183 0.08713
0.362420 0.08761
0.36314 0.08805
0.36398 0.08848
0.364970 0.08892
0.36614 0.08938
0.36754 0.0899
0.36927 0.09049
0.37144 0.09118
0.3742 0.092
0.37769 0.09299
0.38191 0.09411
0.386670 0.09527
0.39182 0.09641
0.397320 0.09752
0.4031 0.098630
0.40908 0.09975
0.41515 0.10088
0.4212 0.10201
0.42717 0.10315
0.43304 0.1043
0.43881 0.10548
0.44446 0.10671
0.45001 0.10798
0.455450 0.10933
0.4608 0.11074
0.46606 0.11225
0.47124 0.11384
0.47635 0.11554
0.48138 0.11733
0.48635 0.11924
0.49125 0.12125
0.49609 0.12338
0.50085 0.12561
0.50552 0.12793
0.510040 0.13033
0.51437 0.13276
0.518390 0.13518
0.52201 0.13751
0.52513 0.1397
0.52776 0.14173
0.52993 0.1436
0.53170 0.14533
0.53345 0.14729
-Inserting Flap s1223rtl-
0.65918 0.29823
0.658930 0.29674
0.65857 0.29457
0.65798 0.29227
0.657050 0.28979
0.65575 0.28699
0.65407 0.28378
0.65198 0.28013
0.64952 0.2761
0.64674 0.27178
0.64374 0.2673
0.64058 0.26274
0.63731 0.25818
0.63397 0.25367
0.630570 0.24922
0.62710 0.24484
0.62355 0.24052
0.61991 0.23623
0.61616 0.231960
0.61229 0.22768
0.6083 0.22336
0.60420 0.21899
0.60002 0.21458
0.5958 0.21016
0.59161 0.20578
0.58749 0.20153
0.5835 0.197480
0.57969 0.19372
0.57609 0.19033
0.57265 0.18731
0.5693 0.18465
0.56601 0.18229
0.56274 0.18023
0.55947 0.17844
0.556180 0.1769
0.55288 0.17562
0.5496 0.17458
0.546350 0.17379
0.5432 0.1732300
0.54023 0.17288
0.537520 0.17271
0.5351 0.1727
0.53300 0.1728
0.531190 0.17299
0.52962 0.17325
0.528260 0.17357
0.52708 0.17392
0.52604 0.1743
0.52514 0.1747
0.52435 0.17512
0.52365 0.175560
0.52306 0.17601
0.52255 0.17649
0.52213 0.177
0.52182 0.177590
0.52173 0.17826
0.5219 0.17895
0.52226 0.17962
0.52277 0.18029
0.52339 0.181
0.52415 0.18177
0.52507 0.18264
0.52618 0.18364
0.527570 0.18482
0.52933 0.186260
0.53159 0.18805
0.53447 0.19026
0.53798 0.192850
0.54197 0.19569
0.54634 0.19865
0.55104 0.20171
0.556 0.20488
0.56115 0.20813
0.56637 0.211420
0.57157 0.2147
0.5767 0.21796
0.58173 0.2212
0.58666 0.22443
0.59146 0.22765
0.59614 0.23089
0.60071 0.23414
0.60515 0.23744
0.60949 0.24078
0.61371 0.24417
0.61783 0.24763
0.62185 0.25116
0.62576 0.254770
0.62957 0.25845
0.63329 0.26221
0.63689 0.26604
0.64036 0.26992
0.64369 0.27382
0.64681 0.27768
0.64965 0.28141
0.65215 0.28491
0.654250 0.2881
0.65594 0.29095
0.65727 0.2935
0.658280 0.29576
0.65918 0.29823
*.*.Setup: s1223rtl.txt as Flap 1, Inverted: y, Scale = 1.0, AoA = 9.0, Reposition from (0,0) = (0, 0)*.*.
*.*.Setup: s1223rtl.txt as Flap 2, Inverted: y, Scale = 0.5, AoA = 20.0, Reposition from previous T.E. = (0.0, 0.075), Reposition from (0,0) = (0.9877, 0.2314)*.*.
*.*.Setup: s1223rtl.txt as Flap 3, Inverted: y, Scale = 0.5, AoA = 41.666666666666664, Reposition from previous T.E. = (-0.03, 0.08), Reposition from (0,0) = (1.4275, 0.4824)*.*.
*.*.Setup: Scale Ratio = 0.366*.*.