0.37382 0.00774
0.373090 0.0069
0.37162 0.005250
0.36944 0.002820
0.36667 -0.00021
0.36345 -0.003640
0.35993 -0.00724
0.35624 -0.01081
0.35252 -0.01416
0.34878 -0.0173
0.34502 -0.02025
0.34126 -0.02304
0.33749 -0.02571
0.33371 -0.02828
0.32992 -0.030770
0.32613 -0.03316
0.32233 -0.035490
0.318530 -0.03773
0.31472 -0.03991
0.3109 -0.04202
0.30709 -0.04406
0.303270 -0.04605
0.29944 -0.04797
0.29561 -0.04985
0.29178 -0.05166
0.28794 -0.053410
0.2841 -0.0551
0.28025 -0.05673
0.2764 -0.05828
0.27255 -0.05978
0.26869 -0.06123
0.26482 -0.06264
0.26096 -0.06401
0.25709 -0.06535000
0.25323 -0.06667
0.24936 -0.06795
0.24548 -0.06919
0.24161 -0.07038
0.237730 -0.07152
0.233840 -0.07261
0.22995 -0.07365
0.22606 -0.07464
0.22217 -0.075590
0.21827 -0.07649
0.21437 -0.07735
0.21047 -0.07817
0.20656 -0.07895
0.20266 -0.0797
0.19875 -0.08041
0.19483 -0.08107
0.19092 -0.0817
0.187 -0.08229
0.183070 -0.08283
0.17915 -0.08332
0.17522 -0.08377
0.17129 -0.08416
0.16735 -0.08451
0.16341 -0.08482
0.15947 -0.08507
0.155520 -0.08528
0.15158 -0.08544
0.14762 -0.08555
0.14367 -0.0856
0.13971 -0.08561
0.13574 -0.08556
0.13178 -0.08547
0.12781 -0.08534
0.12384 -0.08517
0.11986 -0.08496
0.11588 -0.08471
0.11190 -0.0844
0.10791 -0.08402
0.10392 -0.08356
0.09992 -0.08301
0.09592 -0.08237
0.09191 -0.081640
0.08789 -0.08082
0.08387 -0.07992
0.079840 -0.07892
0.0758 -0.07781
0.07175 -0.07659
0.0677 -0.07523
0.06363 -0.07372
0.05956 -0.07204
0.05547 -0.07021
0.05137 -0.068210
0.04726 -0.06607
0.04314 -0.06377
0.03901 -0.0613200
0.034860 -0.05865
0.03069 -0.05567
0.02649 -0.05231
0.02227 -0.0485
0.01803 -0.04419
0.01393 -0.039520
0.01013 -0.03463
0.0068 -0.02971
0.00412 -0.02491
0.00222 -0.0204
0.00089 -0.01267
0.00147 -0.009660
0.00289 -0.00737
0.00514 -0.00586
0.00806 -0.005030
0.0115 -0.004760
0.01529 -0.00491
0.01925 -0.00535
0.02325 -0.00596
0.02727 -0.00672
0.03129 -0.00762
0.03532 -0.008650
0.03936 -0.00981
0.04341 -0.01108
0.04747 -0.01245
0.05153 -0.013910
0.0556 -0.01544
0.05967 -0.01702
0.06374 -0.01865
0.06782 -0.02031
0.0719 -0.02199
0.07597 -0.02368
0.08005 -0.02536
0.08413 -0.02703
0.0882 -0.02868
0.09228 -0.0303
0.09635 -0.0319
0.10042 -0.03347
0.10449 -0.0350
0.108550 -0.03649
0.11261 -0.03795
0.11667 -0.0393600
0.12073 -0.04073
0.12478 -0.04206
0.12883 -0.04334
0.13288 -0.04458
0.13692 -0.04577
0.14096 -0.04691
0.145 -0.0480
0.149030 -0.04904
0.153060 -0.05003
0.15709 -0.05097
0.16111 -0.051850
0.16513 -0.05268
0.16914 -0.053450
0.17315 -0.05416
0.177150 -0.05481
0.18116 -0.0554
0.18515 -0.05593
0.189150 -0.0564
0.19314 -0.05682
0.19712 -0.05718
0.2011 -0.0575
0.20508 -0.05778
0.2090600 -0.058
0.21303 -0.05818
0.217 -0.05828
0.22096 -0.05832
0.224920 -0.05829
0.22887 -0.05818
0.23282 -0.058
0.23676 -0.05775
0.2407 -0.057420
0.24463 -0.05703
0.24856 -0.05656
0.25248 -0.05602
0.2564 -0.05541
0.26031 -0.05471
0.26422 -0.05394
0.26812 -0.05309
0.272010 -0.05215
0.2759 -0.05112
0.27978 -0.05001
0.28366 -0.04882
0.287530 -0.04752
0.29139 -0.04614
0.295250 -0.044650
0.2991 -0.04306
0.30294 -0.04136
0.30677 -0.03957
0.310600 -0.03767
0.31442 -0.03569
0.318240 -0.03362
0.32205 -0.031470
0.32585 -0.02924
0.32965 -0.02694
0.333450 -0.02456
0.33723 -0.02211
0.34102 -0.01957
0.34479 -0.016950
0.34856 -0.01421
0.35232 -0.01134
0.35607 -0.00832
0.35978 -0.00515
0.36334 -0.00199
0.36659 0.00099
0.36939 0.00362
0.37159 0.00572
0.37307 0.00713
0.37382 0.00774
-Inserting Flap Ga2-
0.5003 0.095160
0.50016 0.09474
0.49988 0.09390
0.49945 0.09267
0.49891 0.09112
0.49826 0.08935
0.49752 0.087470
0.49672 0.08558
0.49588 0.08377
0.494990 0.08203
0.49407 0.08035
0.49312 0.07874
0.49215 0.07717
0.49116 0.07563
0.490150 0.07412
0.48913 0.07265
0.48809 0.0712
0.48704 0.06978
0.48598 0.06838
0.48491 0.06701
0.48382 0.06566
0.48273 0.06433
0.48162 0.06302
0.4805 0.06173
0.479370 0.06047
0.478230 0.05922
0.47708 0.058
0.47592 0.0568
0.47475 0.05563
0.47356 0.05447
0.47237 0.05334
0.471160 0.05221
0.46995 0.0511
0.46874 0.05
0.46752 0.04892
0.4663 0.04784
0.46507 0.04678
0.463820 0.04573
0.46257 0.04471
0.46131 0.04370
0.460050 0.04271
0.45877 0.04173
0.45748 0.04078
0.45619 0.03984
0.45489 0.03891
0.45358 0.038
0.45226 0.0371
0.45094 0.03621
0.44961 0.03534
0.44827 0.03449
0.44693 0.03364
0.445580 0.03281
0.44422 0.032
0.44285 0.03121
0.44147 0.03043
0.44009 0.02967
0.43869 0.02892
0.43729 0.0282
0.43588 0.02749
0.43446 0.02679
0.43303 0.02612
0.43159 0.02546
0.43014 0.02482
0.42868 0.0242
0.42722 0.02360
0.42574 0.023010
0.42426 0.02244
0.42277 0.02188
0.42128 0.02134
0.41977 0.02081
0.41826 0.0203
0.41673 0.01982
0.41519 0.01936
0.41363 0.018940
0.412060 0.01855
0.410470 0.01819
0.40886 0.01786
0.40723 0.01757
0.40559 0.01731
0.40394 0.01708
0.40225 0.0169
0.40055 0.01677
0.39882 0.01669
0.39705 0.01667
0.39526 0.0167
0.39344 0.0168
0.39159 0.01695
0.38972 0.01715
0.38781 0.0174
0.38587 0.01774
0.38387 0.01818
0.3818 0.01876
0.37964 0.01951
0.3774100 0.02043
0.37517 0.02151
0.37301 0.02272
0.37101 0.02401
0.36927 0.02536
0.367870 0.02672
0.36617 0.02936
0.36592 0.03056
0.36608 0.03162
0.36667 0.03253
0.367620 0.03329
0.36884 0.03393
0.37026 0.03447
0.37179 0.03493
0.37336 0.03533
0.37495 0.03567
0.37658 0.03597
0.37822 0.03622
0.379890 0.036430
0.38158 0.03659
0.38329 0.03672
0.38501 0.03682
0.38675 0.03689
0.3885 0.03694
0.39025 0.03698
0.392010 0.03701
0.39377 0.03703
0.395540 0.03704
0.3973 0.03706
0.39907 0.03708
0.40082 0.03711
0.40258 0.03715
0.40433 0.0372
0.406070 0.03726
0.40781 0.03733
0.40954 0.03741
0.41126 0.03751
0.412980 0.03763
0.41468 0.03776
0.41638 0.03790
0.41807 0.03806
0.41976 0.03824
0.42143 0.03843
0.4231 0.03865
0.42476 0.03887
0.4264 0.03912
0.42804 0.03939
0.42967 0.03967
0.43129 0.039970
0.4329 0.0403
0.4345 0.04064
0.43608 0.04101
0.43766 0.04139
0.43923 0.0418
0.44078 0.04223
0.44232 0.04268
0.44386 0.04315
0.44538 0.04364
0.4469 0.04414
0.44841 0.0446600
0.449910 0.0452
0.4514 0.04576
0.45287 0.04634
0.45434 0.04695
0.45579 0.04758
0.45723 0.04823
0.45865 0.048920
0.46007 0.049630
0.46147 0.05036
0.46285 0.05112
0.46423 0.05191
0.46559 0.05272
0.46693 0.05356
0.46826 0.05442
0.46958 0.055320
0.470880 0.05624
0.47217 0.0572
0.47344 0.05818
0.4747 0.0592
0.47594 0.06025
0.4771600 0.06133
0.47837 0.06244
0.47955 0.06359
0.48072 0.06478
0.48187 0.066
0.483 0.06726
0.48412 0.06856
0.48521 0.06989
0.4863 0.07125
0.48736 0.07263
0.48841 0.07405
0.48945 0.07549
0.490480 0.07696
0.49149 0.07845
0.49249 0.07998
0.49347 0.08153
0.49443 0.08313
0.495360 0.08477
0.496270 0.08647
0.49714 0.08822
0.49796 0.08994
0.49869 0.09155
0.49931 0.0929500
0.49979 0.09407
0.50012 0.09482
0.5003 0.095160
-Inserting Flap Ga2-
0.61364 0.23393
0.6137 0.23348
0.613790 0.23261
0.6139200 0.23131
0.61407 0.22967
0.61422 0.2278
0.61433 0.22578
0.61439 0.22373
0.61438 0.22173
0.6143 0.21978
0.61416 0.21787
0.61398 0.21601
0.61375 0.21417
0.61349 0.21236
0.6132 0.21057
0.612890 0.20881
0.61256 0.207060
0.6122 0.20533
0.611810 0.20362
0.61141 0.20192
0.61099 0.20024
0.61054 0.19858
0.61008 0.19693
0.6096 0.19529
0.60911 0.19367
0.60859 0.19206
0.60806 0.19047
0.6075 0.18889
0.60693 0.18734
0.60633 0.18579
0.60572 0.18426
0.60509 0.18274
0.60446 0.18123
0.60382 0.17972
0.60316 0.17822
0.6025 0.17673
0.60182 0.17525
0.60113 0.17379
0.60042 0.17233
0.5997 0.17089
0.59896 0.16946
0.5982 0.16804
0.59743 0.16664
0.59665 0.165240
0.59586 0.16386
0.59505 0.16248
0.59423 0.16112
0.59339 0.15976
0.59255 0.15841
0.591690 0.15708
0.59082 0.15575
0.58994 0.15443
0.58904 0.15313
0.58813 0.15183
0.5872 0.15055
0.58626 0.14928
0.58531 0.14802
0.58433 0.14678
0.583350 0.14554
0.58235 0.14432
0.58133 0.14311
0.5803 0.141910000
0.57925 0.14073
0.57818 0.139560
0.57710 0.1384
0.57601 0.137250
0.5749 0.13611
0.57378 0.134980
0.57265 0.13386
0.57150 0.13275
0.57033 0.13166
0.56915 0.13058
0.56794 0.12953
0.5667 0.128490
0.56543 0.127480
0.56413 0.12649
0.56281 0.12552
0.56146 0.124580
0.56008 0.12365
0.55866 0.12276
0.55721 0.121890
0.55572 0.121060
0.55417 0.120260
0.55258 0.11951
0.55094 0.11879
0.54924 0.11812
0.5475 0.11748
0.54571 0.11688
0.54387 0.11632
0.541970 0.11581
0.53996 0.11538
0.53784 0.11505
0.53557 0.11482
0.53316 0.11473
0.53067 0.11478
0.52820 0.11497
0.52585 0.11531
0.52371 0.115810
0.52187 0.11647
0.51922 0.11815
0.51849 0.11914
0.51819 0.12017
0.51835 0.12124
0.5189 0.12233
0.51974 0.12342
0.5208 0.1245
0.5220 0.12556
0.52326 0.12658
0.524570 0.12756
0.52592 0.1285
0.52731 0.12942
0.52874 0.1303
0.53021 0.13116
0.5317 0.13199
0.53323 0.13280
0.53478 0.13359
0.53634 0.13436
0.53792 0.13513
0.53951 0.13589
0.5411 0.13664
0.5427 0.13739
0.5443 0.13814
0.54589 0.1389
0.54748 0.13966
0.54905 0.14043
0.550620 0.1412
0.55218 0.141980
0.55373 0.14277
0.55527 0.14357
0.55679 0.14438
0.5583 0.1452
0.5598 0.146030
0.56129 0.14687
0.56276 0.14772
0.56421 0.14859
0.56565 0.149460
0.567080 0.15035
0.56849 0.15125
0.56988 0.15216
0.57126 0.15309
0.57262 0.15403
0.57397 0.15498
0.57529 0.15594
0.5766 0.15692
0.577890 0.15791
0.57916 0.15892
0.580420 0.15995
0.58165 0.16099
0.58286 0.16204
0.58406 0.16311
0.58524 0.16419
0.58641 0.16528
0.58756 0.16638
0.5887 0.1675
0.58982 0.16863
0.59092 0.16977
0.592 0.17093
0.59306 0.17211
0.59409 0.17331
0.5951 0.17453
0.59609 0.17576
0.59705 0.17701
0.598 0.17828
0.59892 0.17957
0.59981 0.18087
0.60069 0.1822
0.601540 0.18354
0.60236 0.1849
0.60316 0.186290
0.60393 0.18769
0.60467 0.18912
0.60539 0.19056
0.606080 0.19203
0.60674 0.19352
0.60737 0.19504
0.60797 0.19658
0.60854 0.19815
0.60907 0.19974
0.609570 0.201360
0.61004 0.203
0.61049 0.20466
0.6109 0.20635
0.61129 0.20806
0.61166 0.20978
0.612 0.21152
0.61232 0.21329
0.61261 0.21507
0.612880 0.21687
0.61313 0.21869
0.61333 0.22054
0.6135 0.22243
0.61361 0.22435
0.61368 0.2263
0.6137 0.22821
0.61369 0.22997
0.61367 0.23151
0.61364 0.23272
0.61362 0.23354
0.61364 0.23393
*.*.Setup: Ga2.txt as Flap 1, Inverted: y, Scale = 1.0, AoA = 4.0, Reposition from (0,0) = (0, 0)*.*.
*.*.Setup: Ga2.txt as Flap 2, Inverted: y, Scale = 0.4, AoA = 27.0, Reposition from previous T.E. = (-0.0267, 0.07), Reposition from (0,0) = (0.9743, 0.0907)*.*.
*.*.Setup: Ga2.txt as Flap 3, Inverted: y, Scale = 0.4, AoA = 51.666666666666664, Reposition from previous T.E. = (0.04, 0.07), Reposition from (0,0) = (1.3797, 0.3248)*.*.
*.*.Setup: Scale Ratio = 0.37345*.*.