0.35077 0.05556
0.34881 0.053390
0.34595 0.05022
0.34257 0.04708
0.33844 0.044
0.3334 0.04078
0.32729 0.0373
0.32006 0.03353
0.31181 0.029520
0.30275 0.02538
0.29314 0.0212
0.2832 0.01707
0.27309 0.01304
0.26291 0.00916
0.25269 0.00546
0.24243 0.00193
0.23211 -0.00141
0.22167 -0.0046
0.21108 -0.00765
0.20027 -0.01059
0.18922 -0.01347
0.17795 -0.01631
0.16649 -0.01914
0.15498 -0.02194
0.14354 -0.02469
0.13236 -0.02733
0.1216 -0.029760
0.11144 -0.03192
0.102 -0.03368
0.09321 -0.03501
0.08496 -0.03587
0.07712 -0.03626
0.06962 -0.0362
0.06239 -0.03570
0.05541 -0.03477
0.04868 -0.03341
0.04222 -0.03166
0.03609 -0.02956
0.03036 -0.02718
0.02514 -0.02464
0.02053 -0.022060
0.016570 -0.01956
0.01324 -0.0172
0.010480 -0.01498
0.00819 -0.01291
0.00630 -0.010970
0.00474 -0.00915
0.00345 -0.00745
0.00239 -0.00585
0.00154 -0.0043300
0.00086 -0.0029
0.00036 -0.001520
0.000086 -0.00021
-0.00012 0.00107000
0.000005 0.00235
0.00055 0.003540
0.00154 0.00449
0.00284 0.0052
0.00437 0.00577
0.00614 0.006270
0.00818 0.00674
0.01058 0.00719
0.01345 0.00765
0.01696 0.00814
0.02134 0.00865
0.02691 0.0092
0.03393 0.00978
0.04238 0.01035
0.05188 0.01081
0.062110 0.01107
0.072990 0.01115
0.08443 0.01112
0.096230 0.01105
0.10821 0.01095
0.12015 0.01087
0.13195 0.01082
0.143560 0.01084
0.15498 0.01096
0.16621 0.011190
0.177250 0.01157
0.18811 0.01211
0.19883 0.01283
0.20941 0.01375
0.2198700 0.01487
0.23022 0.01621
0.24048 0.01777
0.25065 0.01956
0.260740 0.02158
0.27074 0.02383
0.28063 0.02631
0.29038 0.02901
0.29989 0.0319
0.30903 0.03494
0.31759 0.03805
0.32534 0.04115
0.33211 0.04416
0.33786 0.04706
0.34269 0.04983
0.34671 0.05247
0.35077 0.05556
-Inserting Flap s1223rtl-
0.51171 0.16612
0.51106 0.1648
0.51013 0.16289
0.50893 0.16091
0.50738 0.15886
0.50539 0.15662
0.50294 0.15411
0.49998 0.1513
0.49657 0.14823
0.49279 0.14499
0.48875 0.141660
0.48454 0.1383
0.48023 0.13498
0.47587 0.13171
0.47147 0.12852
0.46703 0.12541
0.46253 0.12238
0.45795 0.11941
0.45328 0.11649
0.44849 0.11358
0.44358 0.11068
0.438550 0.10776
0.43343 0.10482
0.42828 0.10188
0.42317 0.09899
0.41815 0.09618
0.41332 0.093520
0.40873 0.09109
0.40444 0.08894
0.4004 0.087090
0.396550 0.08554
0.39284 0.084270
0.38922 0.08326
0.38568 0.08251
0.38219 0.082
0.37877 0.08172
0.37543 0.081670
0.37219 0.08184
0.36911 0.08219
0.36625 0.08269
0.36368 0.0833
0.36143 0.08395
0.35951 0.0846300
0.35788 0.08532
0.35649 0.086
0.35531 0.08667
0.35431 0.087330
0.35346 0.08797
0.35273 0.08859
0.35211 0.0892
0.35159 0.0898
0.35116 0.09039
0.35082 0.090970
0.35057 0.091570
0.35045 0.0922
0.35055 0.09285
0.3509 0.09344
0.35142 0.09396
0.35208 0.09445
0.35286 0.09493
0.353780 0.09544
0.35487 0.09599
0.35618 0.0966
0.3578 0.09732
0.35984 0.09817
0.36244 0.0992
0.36573 0.10045
0.36972 0.10189
0.37422 0.10342
0.3791 0.10495
0.38432 0.106490
0.38982 0.10805
0.3955 0.109640
0.40127 0.11125
0.40702 0.11285
0.41270 0.11446
0.41828 0.11607
0.42375 0.1177
0.42912 0.11936
0.43437 0.12106
0.439520 0.12282
0.44457 0.12464
0.44953 0.12654
0.4544 0.128520
0.45919 0.13059
0.46391 0.13275
0.468550 0.13502
0.47312 0.13738
0.47761 0.139840
0.48203 0.1424
0.48634 0.14504
0.49051 0.14774
0.49449 0.15046
0.49817 0.15313
0.501470 0.15569
0.50431 0.158070
0.50668 0.160250
0.50861 0.16225
0.51018 0.16407
0.51171 0.16612
-Inserting Flap s1223rtl-
0.640350 0.29934
0.64002 0.29791
0.63955 0.29583
0.63885 0.2936300
0.6378 0.291280
0.63639 0.28864
0.63458 0.28563
0.63235 0.28221
0.62974 0.278440
0.62681 0.27442
0.62364 0.27025
0.62032 0.26601
0.6169 0.26178
0.61341 0.25759
0.60986 0.25347
0.60625 0.24943
0.60257 0.24544
0.59881 0.24150
0.59493 0.23757
0.59095 0.23364
0.58684 0.22968
0.58262 0.22568
0.57832 0.22164
0.57398 0.2176
0.56967 0.2136
0.56544 0.20971
0.56135 0.20601
0.55745 0.20259
0.553760 0.1995
0.55026 0.19677
0.546870 0.19438
0.54355 0.19229
0.54027 0.19047
0.53699 0.18892
0.53372 0.18762
0.53046 0.18656
0.52721 0.18574
0.52403 0.18516
0.52095 0.18479
0.51805 0.18462
0.51541 0.18461
0.51307 0.18473
0.51104 0.18495
0.50929 0.18524
0.50779 0.18558
0.50649 0.18597
0.50536 0.18637
0.50438 0.1868
0.50353 0.18724
0.50279 0.18769
0.5021400 0.18815
0.50159 0.18863
0.50112 0.18912
0.50074 0.189640
0.50048 0.19023
0.500430 0.19088
0.50063 0.19154
0.50102 0.19216
0.50155 0.19279
0.50219 0.19344
0.50297 0.19414
0.50391 0.19493
0.50504 0.19583
0.50645 0.1969
0.50824 0.1982
0.51053 0.1998
0.51345 0.20178
0.51699 0.2041
0.52102 0.20662
0.52542 0.20924
0.53014 0.21194
0.53513 0.21473
0.5403 0.21759
0.54554 0.22048
0.55077 0.22337
0.55592 0.22624
0.56098 0.22909
0.56593 0.23194
0.570760 0.23479
0.57548 0.23766
0.58009 0.24056
0.584580 0.2435
0.58897 0.24649
0.59325 0.24954
0.597440 0.25266
0.60153 0.25585
0.605520 0.25912
0.60942 0.26247
0.61323 0.26591
0.616930 0.26941
0.62052 0.27297
0.62396 0.27657
0.6272 0.28013
0.63017 0.28358
0.63279 0.28683
0.635 0.2898
0.6368 0.29247
0.63823 0.29486
0.63933 0.297
0.640350 0.29934
*.*.Setup: s1223rtl.txt as Flap 1, Inverted: y, Scale = 1.0, AoA = 9.0, Reposition from (0,0) = (0, 0)*.*.
*.*.Setup: s1223rtl.txt as Flap 2, Inverted: y, Scale = 0.5, AoA = 25.0, Reposition from previous T.E. = (0.0, 0.1), Reposition from (0,0) = (0.9877, 0.2564)*.*.
*.*.Setup: s1223rtl.txt as Flap 3, Inverted: y, Scale = 0.5, AoA = 38.333333333333336, Reposition from previous T.E. = (-0.03, 0.065), Reposition from (0,0) = (1.4108, 0.5327)*.*.
*.*.Setup: Scale Ratio = 0.35515*.*.