0.36831 -0.03101
0.3675 -0.031770
0.36588 -0.03324
0.363490 -0.0354
0.36045 -0.03809
0.356930 -0.04113
0.3531 -0.04431
0.34911 -0.04744
0.3451 -0.050350
0.3411 -0.05305
0.3371 -0.05556
0.33311 -0.057910
0.32913 -0.060150
0.32514 -0.06229
0.32117 -0.06434
0.31719 -0.0663
0.31322 -0.06819
0.30924 -0.07001
0.30528 -0.07175
0.30131 -0.07343
0.29735 -0.07505
0.29338 -0.07661
0.28942 -0.0781
0.28547 -0.07955
0.28151 -0.08093
0.27756 -0.08226
0.2736 -0.08353
0.26966 -0.08472
0.26571 -0.08586
0.26176 -0.08693
0.25782 -0.08796
0.25388 -0.08894
0.24994 -0.08989
0.246 -0.09082
0.24206 -0.09171
0.23812 -0.09257
0.23419 -0.09339
0.23025 -0.09416
0.22632 -0.09488
0.22239 -0.09555
0.21846 -0.09617
0.21453 -0.09674
0.2106 -0.09727
0.20668 -0.09775
0.20276 -0.0982
0.19884 -0.09860
0.194920 -0.09896
0.191 -0.09929
0.18708 -0.09958
0.18316 -0.09984
0.17925 -0.10005
0.17533 -0.10022
0.17142 -0.10034
0.16751 -0.100420
0.1636 -0.10046
0.1597 -0.10044
0.15579 -0.10038
0.15189 -0.10027
0.14798 -0.10011
0.14408 -0.09991
0.14019 -0.09966
0.13629 -0.09935
0.13239 -0.099
0.1285 -0.09859
0.12461 -0.09814
0.12072 -0.09764
0.11683 -0.0971
0.11294 -0.09652
0.10906 -0.0959100
0.10517 -0.09525
0.10129 -0.09453
0.09741 -0.09375
0.09353 -0.09289
0.08966 -0.09194
0.08579 -0.09089
0.08192 -0.08976
0.07805 -0.088540
0.07419 -0.08723
0.07033 -0.08583
0.06648 -0.08433
0.06263 -0.082710
0.05878 -0.08095
0.05494 -0.07905
0.05111 -0.07698
0.047280 -0.07475
0.04345 -0.07237
0.03963 -0.06984
0.03582 -0.06715
0.03201 -0.06432
0.02821 -0.06126
0.02442 -0.05790
0.02064 -0.05417
0.01688 -0.04998
0.01316 -0.04531
0.00961 -0.040290
0.00638 -0.03509
0.00362 -0.02991
0.00147 -0.02492
7e-05 -0.02029
-0.00044 -0.012550
0.00044 -0.00965
0.00208 -0.00755
0.00444 -0.00629
0.0074 -0.00578
0.01081 -0.00587
0.01452 -0.00641
0.01837 -0.00725
0.02224 -0.008260
0.02611 -0.00942
0.02997 -0.01073
0.03383 -0.01216
0.03768 -0.01371
0.04153 -0.01538
0.04538 -0.01714
0.04922 -0.019
0.05306 -0.020920
0.0569 -0.0229
0.06074 -0.02492
0.06457 -0.02698
0.06841 -0.02905
0.07224 -0.03113
0.07608 -0.03320
0.07991 -0.03526
0.08375 -0.03731
0.08759 -0.03933
0.09143 -0.04132
0.09526 -0.04328
0.0991 -0.0452
0.10295 -0.04709
0.10679 -0.04894
0.11063 -0.05075
0.11448 -0.05252
0.11833 -0.05424
0.12218 -0.05592
0.12603 -0.05756
0.12988 -0.05914
0.13373 -0.06068
0.13759 -0.062170
0.14144 -0.06361
0.1453 -0.065
0.14916 -0.06634
0.15303 -0.06762
0.15689 -0.06885
0.16076 -0.07002
0.16463 -0.07114
0.1685 -0.07219
0.172370 -0.07319
0.17625 -0.07412
0.18012 -0.07499
0.184 -0.075820
0.18788 -0.07659
0.19176 -0.07731
0.19565 -0.07799
0.19953 -0.07863
0.20342 -0.0792
0.20731 -0.07972
0.2112 -0.08017
0.2151 -0.08054
0.21899 -0.08085
0.22289 -0.081080
0.22679 -0.08123
0.2307 -0.08132
0.23461 -0.081340
0.23852 -0.0812900
0.242430 -0.08117
0.24634 -0.080970
0.25026 -0.08069
0.25418 -0.08033
0.2581 -0.07989
0.26203 -0.07937
0.26596 -0.07877
0.26989 -0.07808
0.27382 -0.0773
0.27776 -0.07643
0.2817 -0.07547
0.28565 -0.0744
0.28959 -0.07324
0.29355 -0.07197
0.2975 -0.0706
0.3014600 -0.06913
0.30542 -0.06757
0.30939 -0.06594
0.31335 -0.06422
0.31732 -0.06242
0.3213 -0.06055
0.32527 -0.0586
0.329250 -0.05658
0.33323 -0.05448
0.33722 -0.05229
0.3412 -0.04999
0.3452 -0.04756
0.34919 -0.04497
0.35317 -0.04224
0.35699 -0.0395
0.36049 -0.0369
0.36352 -0.03461
0.3659 -0.03277
0.36751 -0.03154
0.36831 -0.03101
-Inserting Flap Ga2-
0.51215 0.066930
0.51205 0.066490
0.51184 0.06565
0.51153 0.06439
0.51113 0.062820
0.51064 0.06103
0.51008 0.05911
0.50945 0.05719
0.508780 0.05532
0.50805 0.053530
0.50729 0.05181
0.50649 0.0501300
0.50567 0.0485
0.50483 0.0469
0.50397 0.04533
0.50309 0.04379
0.502190 0.04227
0.50128 0.04078
0.50036 0.03932
0.49942 0.03787
0.49846 0.03645
0.4975 0.03505
0.49652 0.03367
0.49553 0.0323
0.494530 0.03096
0.49352 0.02963
0.49249 0.02833
0.49145 0.02705
0.49039 0.02579
0.48932 0.02455
0.48824 0.02333
0.487160 0.02212
0.48606 0.02092
0.48496 0.01974
0.483860 0.01856
0.48274 0.01739
0.48162 0.01624
0.48049 0.01511
0.47935 0.013990
0.47819 0.01289
0.47703 0.0118
0.47585 0.01073
0.47467 0.00968
0.47348 0.00864
0.47228 0.00762
0.47107 0.00661
0.46985 0.00561
0.46862 0.00462
0.46739 0.00365
0.46614 0.00269
0.46489 0.00174
0.46363 0.00081
0.46236 -0.0001
0.46109 -0.001
0.4598 -0.00189
0.4585 -0.00276
0.457190 -0.00361
0.45587 -0.00445
0.45454 -0.00527
0.4532 -0.00607
0.45185 -0.006860
0.45049 -0.00763
0.44912 -0.00839
0.44774 -0.00912
0.44635 -0.00984
0.44495 -0.01055
0.44354 -0.01124
0.44212 -0.01192
0.44069 -0.01258
0.43926 -0.01323
0.43781 -0.01386
0.43635 -0.01447
0.43487 -0.01505
0.43337 -0.0156
0.43185 -0.01612
0.43032 -0.01661
0.42876 -0.017070
0.42719 -0.0175
0.4256 -0.0179
0.42398 -0.01827
0.42234 -0.01859
0.42067 -0.01887
0.41897 -0.0191
0.41724 -0.01927
0.41547 -0.01939
0.41367 -0.019450
0.411840 -0.01946
0.40997 -0.01943
0.40807 -0.01934
0.40613 -0.01918
0.40412 -0.01891
0.40203 -0.018520
0.39985 -0.01797
0.39757 -0.01725
0.395270 -0.01638
0.39304 -0.01538
0.39096 -0.01428
0.38914 -0.0131100
0.38764 -0.01188
0.38573 -0.00943
0.38538 -0.00827
0.38545 -0.00721
0.385950 -0.00626
0.38682 -0.00543
0.38797 -0.0047
0.38932 -0.00405
0.390790 -0.00346
0.3923 -0.00294
0.39384 -0.00246
0.39541 -0.00202
0.39701 -0.001640
0.39864 -0.00129
0.40029 -0.00098
0.40196 -0.00071
0.40365 -0.00046
0.40535 -0.000240
0.40707 -4e-05
0.40879 0.00015
0.41052 0.00033
0.41226 0.0005
0.41399 0.00067
0.41573 0.00084
0.41746 0.00101
0.41919 0.00119
0.42092 0.00138
0.42263 0.001580
0.42435 0.00178
0.426050 0.00201
0.42775 0.00224
0.42943 0.002480
0.43111 0.00274
0.43278 0.00302
0.43445 0.003310
0.4361 0.00361
0.43774 0.003930
0.43937 0.00427
0.44099 0.00462
0.44261 0.00499
0.44421 0.00537
0.4458 0.00577
0.44738 0.006190
0.448950 0.00663
0.4505 0.00709
0.45205 0.00757
0.453580 0.00806
0.4551 0.00858
0.4566 0.00911
0.4581 0.00967
0.45958 0.01025
0.46105 0.01084
0.46251 0.01146
0.46396 0.01208
0.4654 0.01273
0.46683 0.013390
0.46825 0.01406
0.46965 0.01476
0.471040 0.01548
0.47242 0.01623
0.47378 0.017
0.47512 0.0178
0.47645 0.01862
0.47777 0.01946
0.47907 0.02033
0.48035 0.02122
0.48162 0.02214
0.48287 0.023080
0.48411 0.02405
0.48533 0.02504
0.48653 0.02607
0.48772 0.02712
0.48889 0.0282
0.49004 0.0293
0.49117 0.03044
0.49228 0.031610
0.49337 0.03281
0.49444 0.03405
0.49549 0.03532
0.49652 0.03662
0.49752 0.03796
0.49851 0.03933
0.49947 0.04074
0.50042 0.042170
0.50135 0.04362
0.50226 0.04511
0.50316 0.04662
0.50405 0.04815
0.50491 0.04971
0.50576 0.0513
0.5066 0.05292
0.5074 0.05457
0.50818 0.05627
0.50893 0.05802
0.50964 0.05982
0.51029 0.06158
0.51087 0.06323
0.51136 0.06466
0.51174 0.0658
0.5120 0.06657
0.51215 0.066930
-Inserting Flap Ga2-
0.59954 0.19205
0.59954 0.19161
0.59953 0.19074
0.59951 0.18945
0.59947 0.18782
0.5994 0.18597
0.59928 0.18398
0.59911 0.18196
0.59887 0.17999
0.59857 0.17808
0.59821 0.17623
0.59781 0.17442
0.59738 0.17264
0.59692 0.17089
0.59643 0.16917
0.59592 0.16747
0.59539 0.16579
0.59484 0.16414
0.59427 0.16250
0.59368 0.16088
0.59307 0.159280
0.59244 0.1577
0.5918 0.15613
0.59114 0.15458
0.59047 0.15304
0.58978 0.15152
0.58907 0.15002
0.58834 0.14854
0.5876 0.14708
0.58684 0.14563
0.58606 0.144200
0.58527 0.142770
0.58448 0.14136
0.583670 0.139960
0.58286 0.13856
0.58204 0.13718
0.5812 0.1358
0.58035 0.13444
0.57949 0.13309
0.57862 0.13176
0.57773 0.13044
0.57682 0.12914
0.57591 0.12784
0.57498 0.12656
0.57404 0.12529
0.57308 0.12404
0.572120 0.12279
0.57115 0.12156
0.57016 0.12033
0.56917 0.11912
0.56816 0.11791
0.56715 0.11672
0.56612 0.11554
0.56507 0.11438
0.56402 0.11322
0.56294 0.11209
0.56186 0.11096
0.56076 0.10985
0.55965 0.10875
0.55853 0.10766
0.55739 0.10659
0.55624 0.10553
0.55508 0.10449
0.55389 0.10346
0.5527 0.10245
0.55149 0.1014500
0.55027 0.10046
0.549040 0.09948
0.5478 0.09851
0.54655 0.09755
0.54528 0.09661
0.544 0.09569
0.54269 0.09479
0.54135 0.09392
0.53999 0.09307
0.5386 0.09225
0.53719 0.09145
0.53576 0.09068
0.53429 0.08993
0.5328 0.08921
0.53128 0.08853
0.52971 0.087880
0.528110 0.08728
0.52646 0.08672
0.52476 0.0862
0.52302 0.08574
0.52124 0.08531
0.51941 0.084930
0.51754 0.084590
0.51561 0.08431
0.5136 0.08412
0.51147 0.084030
0.50922 0.08407
0.50684 0.08426
0.5044 0.08459
0.502 0.08506
0.49973 0.08567
0.49769 0.0864
0.495950 0.08726
0.49355 0.08922
0.49294 0.09026
0.492770 0.09132
0.49305 0.09235
0.49371 0.09336
0.49466 0.09433
0.49583 0.09527
0.49713 0.09617
0.49848 0.09702
0.49988 0.09784
0.501310 0.09861
0.50278 0.09935
0.50429 0.10005
0.50583 0.100720
0.50739 0.10137
0.50898 0.10198
0.51059 0.102580
0.51222 0.10317
0.51386 0.10374
0.5155 0.1043
0.51716 0.10486
0.51881 0.10541
0.52046 0.10597
0.522110 0.10653
0.52376 0.10709
0.5254 0.10766
0.52703 0.10824
0.52865 0.1088300
0.53026 0.109430
0.53186 0.11004
0.53345 0.11066
0.53502 0.11129
0.53659 0.11193
0.53814 0.11259
0.53969 0.11325
0.54121 0.11393
0.54273 0.11463
0.544230 0.11534
0.545720 0.11606
0.54719 0.116790
0.54865 0.11754
0.5501 0.11831
0.55152 0.11909
0.55294 0.119880
0.55434 0.12069
0.55572 0.121520
0.55708 0.12237
0.55843 0.12323
0.55976 0.12411
0.56107 0.125
0.562370 0.12591
0.56366 0.12684
0.56493 0.12778
0.56619 0.12873
0.56743 0.12969
0.56866 0.130670
0.569870 0.131670
0.57107 0.13268
0.57224 0.13372
0.57339 0.13478
0.57452 0.13586
0.57563 0.13695
0.57672 0.13807
0.57779 0.13921
0.57884 0.14037
0.57987 0.14155
0.58088 0.14275
0.58187 0.143970
0.58284 0.145210
0.583780 0.14648
0.5847 0.14777
0.58559 0.14908
0.58646 0.15042
0.58731 0.15178
0.58813 0.15317
0.588920 0.15459
0.58969 0.15603
0.59042 0.15751
0.59113 0.15901
0.59181 0.16054
0.59246 0.1621
0.59308 0.16368
0.59369 0.16529
0.59427 0.16692
0.59482 0.16857
0.59536 0.17024
0.59587 0.17194
0.596370 0.17365
0.596840 0.17539
0.59729 0.17715
0.5977 0.17895
0.59808 0.18078
0.59841 0.18265
0.5987 0.18456
0.59894 0.18643
0.59913 0.18816
0.59929 0.18967
0.5994 0.19087
0.59948 0.19168
0.59954 0.19205
*.*.Setup: Ga2.txt as Flap 1, Inverted: y, Scale = 1.0, AoA = -2.0, Reposition from (0,0) = (0, 0)*.*.
*.*.Setup: Ga2.txt as Flap 2, Inverted: y, Scale = 0.4, AoA = 32.0, Reposition from previous T.E. = (0.04, 0.07), Reposition from (0,0) = (1.0377, -0.014)*.*.
*.*.Setup: Ga2.txt as Flap 3, Inverted: y, Scale = 0.4, AoA = 45.0, Reposition from previous T.E. = (-0.06, 0.07), Reposition from (0,0) = (1.3273, 0.2513)*.*.
*.*.Setup: Scale Ratio = 0.36917*.*.