0.35908 0.05687
0.35707 0.054650
0.35414 0.05141
0.35068 0.0482
0.34646 0.04504
0.3413 0.04175
0.33504 0.03818
0.32764 0.03432
0.31919 0.030220
0.30992 0.02598
0.30009 0.0217
0.28991 0.01747
0.27956 0.01335
0.26914 0.00938
0.25867 0.00558
0.24817 0.00198
0.23761 -0.00145
0.22692 -0.00471
0.21608 -0.00783
0.20501 -0.01084
0.19371 -0.01379
0.18216 -0.0167
0.17044 -0.01959
0.15865 -0.02246
0.14694 -0.02528
0.13549 -0.02797
0.12448 -0.030470
0.11408 -0.03267
0.10441 -0.03448
0.09542 -0.03584
0.08698 -0.03671
0.07895 -0.03712
0.07127 -0.03706
0.06386 -0.036550
0.05672 -0.03559
0.04983 -0.0342
0.04322 -0.03241
0.03694 -0.03026
0.03108 -0.02782
0.02574 -0.02522
0.02102 -0.022580
0.016960 -0.02003
0.01356 -0.0176
0.010730 -0.01534
0.00839 -0.01321
0.006450 -0.011230
0.00485 -0.00937
0.00353 -0.00763
0.00245 -0.00599
0.00157 -0.0044400
0.00088 -0.00296
0.00037 -0.001560
0.000086 -0.00022
-0.00012 0.00109000
0.000005 0.0024
0.00056 0.003620
0.00158 0.00459
0.00291 0.00532
0.00448 0.00591
0.00628 0.006420
0.00838 0.0069
0.01083 0.00736
0.01377 0.00784
0.01736 0.00833
0.02185 0.00885
0.02755 0.00942
0.03474 0.01002
0.04338 0.0106
0.05311 0.01106
0.063580 0.01133
0.074720 0.01141
0.08643 0.01139
0.098510 0.01131
0.11077 0.01121
0.12299 0.01112
0.13507 0.01108
0.146960 0.0111
0.15865 0.01122
0.17014 0.011460
0.181440 0.01184
0.19257 0.0124
0.20354 0.01313
0.21437 0.01407
0.2250800 0.01522
0.23567 0.01659
0.24617 0.01819
0.25658 0.02002
0.266910 0.02209
0.27715 0.0244
0.28728 0.02694
0.29725 0.0297
0.30699 0.03266
0.31635 0.03577
0.32511 0.03896
0.33304 0.04213
0.33997 0.04521
0.34587 0.04817
0.35081 0.05101
0.35492 0.05371
0.35908 0.05687
-Inserting Flap s1223rtl-
0.5299 0.14631
0.52912 0.14503
0.528 0.14316
0.5266 0.14125
0.52483 0.1393
0.52261 0.13719
0.51988 0.13485
0.51662 0.13224
0.512860 0.12942
0.50872 0.12646
0.5043 0.12342
0.49971 0.12037
0.49502 0.11736
0.49028 0.11442
0.48551 0.11156
0.48070 0.10879
0.47584 0.1061
0.47091 0.103480
0.46588 0.100910
0.46074 0.09838
0.45547 0.09585
0.45008 0.09332
0.4446 0.090780
0.43909 0.08825
0.43361 0.085750
0.42825 0.08334
0.42308 0.08106
0.41819 0.07899
0.41362 0.07718
0.40933 0.07565
0.40527 0.07442
0.40137 0.07345
0.39759 0.07275
0.39391 0.07229
0.39031 0.07208
0.3868 0.07211
0.38339 0.07235
0.3801 0.07281
0.37699 0.07345
0.37412 0.07422
0.37155 0.075060
0.36932 0.07593
0.36742 0.07679
0.36581 0.07764
0.364460 0.07845
0.36332 0.07924
0.36236 0.08
0.36154 0.08073
0.36085 0.08144
0.36028 0.08211
0.35980 0.08277
0.35941 0.08341
0.35912 0.084040
0.35892 0.08466
0.358850 0.08532
0.35901 0.08597
0.35942 0.08654
0.360 0.08703
0.36071 0.08747
0.36155 0.08789
0.362540 0.08832
0.3637 0.08879
0.36509 0.0893
0.36681 0.08988
0.36896 0.09057
0.3717 0.09139
0.37518 0.09237
0.37936 0.09348
0.384090 0.09464
0.38921 0.09577
0.394670 0.09687
0.40042 0.097980
0.40635 0.09909
0.41238 0.10021
0.41839 0.10133
0.42432 0.10246
0.43015 0.10361
0.43588 0.10478
0.4415 0.10599
0.44701 0.10726
0.452410 0.1086
0.45773 0.11
0.46295 0.1115
0.4681 0.11308
0.47317 0.11477
0.47817 0.11655
0.48311 0.11844
0.48798 0.12045
0.49278 0.12255
0.49751 0.12477
0.50214 0.12708
0.506640 0.12946
0.51094 0.13188
0.514940 0.13428
0.51852 0.13659
0.52163 0.13876
0.52424 0.14078
0.5264 0.14264
0.528160 0.14436
0.5299 0.14631
-Inserting Flap s1223rtl-
0.64753 0.29848
0.64737 0.2969900
0.64714 0.29482
0.64668 0.2925
0.6459 0.28998
0.64478 0.28714
0.64329 0.283850
0.64144 0.280120
0.63923 0.27598
0.63672 0.27153
0.6340 0.26691
0.631130 0.26221
0.62815 0.2575
0.6251 0.25283
0.621980 0.24822
0.6188 0.24368
0.61553 0.23919
0.61217 0.23473
0.6087 0.23028
0.60511 0.225810
0.6014 0.221290
0.59758 0.21672
0.59369 0.21211
0.58977 0.20748
0.58586 0.2029
0.58202 0.198450
0.5783 0.1942
0.57474 0.19025
0.57136 0.18668
0.56812 0.18349
0.56496 0.18065
0.56184 0.17813
0.55871 0.1759
0.55556 0.17393
0.55239 0.17222
0.5492 0.170750
0.546 0.16953
0.54283 0.16856
0.53974 0.16782
0.53681 0.1673
0.53413 0.16698
0.53174 0.16683
0.52965 0.16681
0.52784 0.16689
0.52627 0.16706
0.52490 0.16730
0.52371 0.16758
0.52266 0.1679
0.52174 0.16824
0.520930 0.16861
0.52022 0.169
0.5196 0.16942
0.51907 0.16986
0.51862 0.170350
0.51828 0.17092
0.51815 0.171570
0.51828 0.17226
0.51860 0.172950
0.51906 0.173650
0.51965 0.17439
0.52035 0.17519
0.52121 0.17611
0.52226 0.17716
0.52356 0.17841
0.52523 0.17994
0.52737 0.181850
0.5301 0.1842
0.53342 0.18698
0.53722 0.19003
0.541380 0.193210
0.54586 0.19652
0.55061 0.19995
0.55552 0.20347
0.5605 0.20703
0.56547 0.21059
0.570370 0.21412
0.57518 0.21762
0.57987 0.22111
0.58445 0.22458
0.58891 0.22806
0.59324 0.23155
0.59746 0.23507
0.60157 0.23864
0.60556 0.24225
0.60945 0.24592
0.61322 0.24965
0.6169 0.25345
0.62047 0.25732
0.62393 0.26126
0.62728 0.26527
0.6305 0.26932
0.63357 0.27338
0.63645 0.27739
0.63905 0.28125
0.64133 0.28486
0.64323 0.28815
0.64474 0.29108
0.6459 0.29368
0.64677 0.29598
0.64753 0.29848
*.*.Setup: s1223rtl.txt as Flap 1, Inverted: y, Scale = 1.0, AoA = 9.0, Reposition from (0,0) = (0, 0)*.*.
*.*.Setup: s1223rtl.txt as Flap 2, Inverted: y, Scale = 0.5, AoA = 20.0, Reposition from previous T.E. = (0.0, 0.075), Reposition from (0,0) = (0.9877, 0.2314)*.*.
*.*.Setup: s1223rtl.txt as Flap 3, Inverted: y, Scale = 0.5, AoA = 45.0, Reposition from previous T.E. = (-0.03, 0.065), Reposition from (0,0) = (1.4275, 0.4674)*.*.
*.*.Setup: Scale Ratio = 0.36356*.*.