0.38881 -0.03274
0.38796 -0.033540
0.38626 -0.03509
0.383730 -0.03737
0.38052 -0.04022
0.376810 -0.04342
0.37276 -0.04678
0.36854 -0.05008
0.36431 -0.053150
0.36009 -0.056
0.35587 -0.05865
0.35166 -0.061140
0.34745 -0.06350
0.34325 -0.06575
0.33905 -0.06792
0.33485 -0.06999
0.33065 -0.07199
0.32646 -0.0739
0.32227 -0.07575
0.31809 -0.07752
0.3139 -0.07923
0.30972 -0.08087
0.30554 -0.08245
0.30136 -0.08398
0.29718 -0.08544
0.29301 -0.08684
0.28884 -0.08818
0.28467 -0.08944
0.2805 -0.09064
0.27634 -0.09177
0.27217 -0.09285
0.26801 -0.09389
0.26385 -0.0949
0.25969 -0.09587
0.25554 -0.09682
0.25138 -0.09772
0.24722 -0.09859
0.24307 -0.0994
0.23892 -0.10016
0.23477 -0.10087
0.23062 -0.10152
0.22647 -0.10213
0.22233 -0.10269
0.21819 -0.1032
0.21405 -0.10366
0.20991 -0.104090
0.205770 -0.10447
0.20163 -0.10482
0.19749 -0.10513
0.19336 -0.10539
0.18923 -0.10562
0.1851 -0.1058
0.18097 -0.10593
0.17684 -0.106010
0.17271 -0.10605
0.16859 -0.10603
0.16446 -0.10597
0.16034 -0.10585
0.15622 -0.10569
0.15211 -0.10547
0.14799 -0.10521
0.14388 -0.10489
0.13976 -0.10451
0.13565 -0.10408
0.13155 -0.1036
0.12744 -0.10308
0.12333 -0.10251
0.11923 -0.1019
0.11513 -0.1012500
0.11103 -0.10055
0.10693 -0.0998
0.10283 -0.09897
0.09874 -0.09806
0.09465 -0.09705
0.09056 -0.09595
0.08648 -0.09476
0.0824 -0.093470
0.07832 -0.09209
0.07425 -0.09061
0.07018 -0.08902
0.06611 -0.087310
0.06205 -0.08546
0.058 -0.08345
0.05395 -0.08127
0.049910 -0.07892
0.04587 -0.0764
0.04184 -0.07372
0.03781 -0.07089
0.03379 -0.0679
0.02978 -0.06467
0.02578 -0.061120
0.02179 -0.05718
0.01782 -0.05277
0.0139 -0.04783
0.01015 -0.042530
0.00674 -0.03705
0.00382 -0.03158
0.00156 -0.02631
8e-05 -0.02141
-0.00046 -0.013250
0.00047 -0.01019
0.0022 -0.00797
0.00469 -0.00664
0.00782 -0.0061
0.01142 -0.0062
0.01533 -0.00676
0.0194 -0.00765
0.02348 -0.008720
0.02757 -0.00995
0.03164 -0.01132
0.03571 -0.01283
0.03978 -0.01447
0.04385 -0.01623
0.04791 -0.0181
0.05196 -0.02005
0.05602 -0.022090
0.06007 -0.02418
0.06412 -0.02631
0.06817 -0.02848
0.07222 -0.03066
0.07627 -0.03286
0.08031 -0.035050
0.08436 -0.03723
0.08841 -0.03938
0.09246 -0.04152
0.09652 -0.04362
0.10057 -0.04569
0.10462 -0.04772
0.10868 -0.04972
0.11273 -0.05167
0.11679 -0.05358
0.12085 -0.05544
0.12491 -0.05726
0.12898 -0.05904
0.13304 -0.06076
0.13711 -0.06243
0.14118 -0.06406
0.14525 -0.065630
0.14932 -0.06715
0.15339 -0.06862
0.15747 -0.07003
0.16155 -0.07139
0.16563 -0.07268
0.16971 -0.07392
0.17379 -0.0751
0.17788 -0.07621
0.181970 -0.07726
0.18606 -0.07825
0.19015 -0.07917
0.19425 -0.080040
0.19834 -0.08085
0.20244 -0.08162
0.20654 -0.08233
0.21064 -0.083
0.21475 -0.08361
0.21885 -0.08416
0.22296 -0.08463
0.22707 -0.08503
0.23119 -0.08535
0.2353 -0.085590
0.23942 -0.08576
0.24354 -0.08585
0.24767 -0.085870
0.25179 -0.0858200
0.255920 -0.08568
0.26006 -0.085470
0.26419 -0.08518
0.26833 -0.0848
0.27247 -0.08434
0.27662 -0.08379
0.28076 -0.08315
0.28491 -0.08243
0.28907 -0.0816
0.29322 -0.08069
0.29738 -0.07967
0.30155 -0.07855
0.30572 -0.07731
0.30989 -0.07597
0.31406 -0.07453
0.3182400 -0.07298
0.32243 -0.07134
0.32661 -0.06961
0.3308 -0.06779
0.33499 -0.06589
0.33919 -0.06392
0.34338 -0.06186
0.347580 -0.05973
0.35178 -0.05751
0.35599 -0.0552
0.3602 -0.05277
0.36441 -0.0502
0.36863 -0.04747
0.37283 -0.04459
0.37687 -0.0417
0.38056 -0.03896
0.38376 -0.03653
0.38627 -0.0346
0.38797 -0.03329
0.38881 -0.03274
-Inserting Flap Ga2-
0.50169 0.070650
0.50158 0.07020
0.50137 0.0693
0.50104 0.06798
0.50061 0.066320
0.5001 0.06442
0.4995 0.06241
0.49884 0.06037
0.498130 0.0584
0.49737 0.056510
0.49656 0.05469
0.49572 0.0529200
0.49485 0.0512
0.49396 0.04951
0.49305 0.04786
0.49213 0.04623
0.491180 0.04463
0.49022 0.04305
0.48924 0.04151
0.48825 0.03998
0.48724 0.03848
0.48622 0.037
0.48519 0.03554
0.48415 0.0341
0.483090 0.03268
0.48202 0.03128
0.48093 0.02991
0.47984 0.02855
0.47872 0.02723
0.47759 0.02592
0.47646 0.02463
0.475310 0.02335
0.47415 0.02209
0.47299 0.02084
0.471820 0.01959
0.47065 0.01836
0.46946 0.01715
0.46827 0.01595
0.46706 0.014770
0.46584 0.0136
0.46461 0.01246
0.46337 0.01133
0.46213 0.01022
0.46087 0.00912
0.4596 0.00804
0.45832 0.00697
0.45703 0.00592
0.45574 0.00488
0.45444 0.00385
0.45312 0.00284
0.4518 0.00184
0.45047 0.00086
0.44913 -0.00011
0.44778 -0.00106
0.44642 -0.00199
0.44505 -0.00291
0.443670 -0.00381
0.44228 -0.0047
0.44088 -0.00556
0.43946 -0.00641
0.43804 -0.007240
0.4366 -0.00806
0.43515 -0.00885
0.4337 -0.00963
0.43223 -0.01039
0.43075 -0.01114
0.42926 -0.01186
0.42776 -0.01258
0.42625 -0.01328
0.42474 -0.01397
0.42321 -0.01464
0.42167 -0.01528
0.42011 -0.01589
0.41853 -0.01647
0.41692 -0.01702
0.4153 -0.01754
0.41366 -0.018020
0.412 -0.01848
0.41032 -0.0189
0.40861 -0.01928
0.40688 -0.01963
0.40512 -0.01992
0.40333 -0.02016
0.4015 -0.02034
0.39963 -0.02047
0.39773 -0.020530
0.395790 -0.02055
0.39383 -0.02051
0.39182 -0.02042
0.38977 -0.02024
0.38765 -0.01996
0.38545 -0.019550
0.38314 -0.01897
0.38074 -0.01821
0.378310 -0.01729
0.37595 -0.01624
0.37376 -0.01508
0.37183 -0.0138300
0.37024 -0.01254
0.36824 -0.00996
0.36786 -0.00873
0.36794 -0.00761
0.368470 -0.00661
0.36939 -0.00574
0.3706 -0.00496
0.37203 -0.00427
0.373570 -0.00366
0.37517 -0.0031
0.3768 -0.00259
0.37845 -0.00214
0.38014 -0.001730
0.38186 -0.00136
0.3836 -0.00104
0.38536 -0.00075
0.38715 -0.00049
0.38895 -0.000250
0.39076 -4e-05
0.39258 0.00016
0.3944 0.00034
0.39624 0.00053
0.39807 0.0007
0.3999 0.00088
0.40173 0.00107
0.40356 0.00126
0.40538 0.00146
0.40719 0.001660
0.409 0.00188
0.41080 0.00212
0.41259 0.00236
0.41437 0.002620
0.41614 0.0029
0.41791 0.00319
0.41966 0.003490
0.42141 0.00381
0.42314 0.004150
0.42486 0.0045
0.42657 0.00488
0.42828 0.00526
0.42997 0.00567
0.43165 0.0061
0.43331 0.006540
0.434970 0.007
0.43661 0.00748
0.43824 0.00799
0.439860 0.00851
0.44146 0.00906
0.44305 0.00962
0.44463 0.01021
0.44619 0.01082
0.44775 0.01145
0.44929 0.01209
0.45082 0.01276
0.45234 0.01344
0.45385 0.014130
0.45534 0.01485
0.45683 0.01558
0.45830 0.01635
0.45975 0.01713
0.46118 0.01795
0.4626 0.01879
0.46401 0.01966
0.46539 0.02055
0.46677 0.02146
0.46812 0.0224
0.46946 0.02337
0.47079 0.024370
0.47209 0.02539
0.47338 0.02644
0.47465 0.02752
0.4759 0.02863
0.47713 0.02977
0.47835 0.03094
0.47954 0.03214
0.48071 0.033370
0.48187 0.03464
0.483 0.03594
0.4841 0.03728
0.48519 0.03866
0.48625 0.04008
0.48729 0.04152
0.48831 0.043
0.48931 0.044510
0.49029 0.04605
0.49126 0.04762
0.4922 0.04921
0.49314 0.05083
0.49405 0.05248
0.49495 0.05415
0.49583 0.05586
0.49668 0.05761
0.4975 0.0594
0.49829 0.06125
0.49904 0.06315
0.49973 0.06501
0.50034 0.06675
0.50086 0.06826
0.50126 0.06947
0.501530 0.07028
0.50169 0.070650
-Inserting Flap Ga2-
0.59395 0.20274
0.59395 0.20228
0.59394 0.20136
0.59392 0.19999
0.59388 0.19828
0.5938 0.19632
0.59368 0.19422
0.59349 0.19209
0.59324 0.19001
0.59292 0.188
0.59254 0.18604
0.59212 0.18413
0.59166 0.18225
0.59118 0.18041
0.59067 0.17859
0.59013 0.1768
0.58957 0.17502
0.58898 0.17327
0.58838 0.171550
0.58776 0.16984
0.58711 0.168150
0.58645 0.16648
0.58578 0.16482
0.58508 0.16318
0.58437 0.16156
0.58364 0.15996
0.58289 0.15838
0.58213 0.15681
0.58134 0.15526
0.58054 0.15374
0.57972 0.1522200
0.57889 0.150720
0.57804 0.14923
0.57720 0.147750
0.57634 0.14628
0.57547 0.14481
0.57459 0.14336
0.57369 0.14192
0.57278 0.1405
0.57186 0.1391
0.57092 0.1377
0.56996 0.13633
0.569 0.13496
0.56802 0.13361
0.56702 0.13227
0.56602 0.13094
0.5650 0.12963
0.56397 0.12832
0.56294 0.12703
0.56189 0.12575
0.56082 0.12448
0.55975 0.12322
0.55866 0.12197
0.55756 0.12074
0.55644 0.11953
0.55531 0.11833
0.55417 0.11714
0.55301 0.11596
0.55184 0.1148
0.55065 0.11366
0.54945 0.11253
0.54824 0.11141
0.54701 0.11031
0.54576 0.10922
0.5445 0.10815
0.54323 0.1070900
0.54194 0.10605
0.540640 0.10501
0.53933 0.10399
0.53801 0.10298
0.53667 0.10199
0.53531 0.10102
0.53393 0.10007
0.53252 0.09915
0.53108 0.09825
0.52962 0.09738
0.52813 0.09654
0.52661 0.09572
0.52507 0.09493
0.52349 0.09418
0.52188 0.09345
0.52023 0.092770
0.518540 0.09213
0.5168 0.09155
0.51501 0.091
0.51317 0.09051
0.51129 0.09006
0.50936 0.089650
0.50739 0.08930
0.50535 0.089
0.50322 0.0888
0.50098 0.088710
0.4986 0.08875
0.49609 0.08895
0.49351 0.0893
0.49098 0.0898
0.48858 0.09044
0.48643 0.09121
0.484590 0.09211
0.48205 0.09418
0.48141 0.09529
0.481240 0.0964
0.48153 0.09749
0.48222 0.09855
0.48323 0.09958
0.48447 0.10057
0.48583 0.10152
0.48726 0.10242
0.48874 0.10328
0.490250 0.1041
0.4918 0.10488
0.49339 0.10562
0.49502 0.106330
0.49667 0.10701
0.49835 0.10766
0.50005 0.108290
0.50176 0.10891
0.50349 0.10951
0.50523 0.11011
0.50698 0.11069
0.50872 0.11128
0.51047 0.11187
0.512210 0.11246
0.51395 0.11305
0.51567 0.11366
0.51739 0.11427
0.51911 0.1148900
0.52081 0.115520
0.5225 0.11616
0.52417 0.11682
0.52584 0.11748
0.52749 0.11816
0.52913 0.11885
0.53076 0.11956
0.53237 0.12028
0.53397 0.12101
0.535560 0.12176
0.537130 0.12252
0.53868 0.12330
0.54022 0.12409
0.54175 0.12489
0.54326 0.12572
0.54475 0.126560
0.54623 0.12741
0.54768 0.128290
0.54913 0.12918
0.55055 0.13009
0.55195 0.13102
0.55334 0.13196
0.554710 0.13292
0.55606 0.1339
0.55741 0.13489
0.55874 0.13589
0.56005 0.13691
0.56135 0.137940
0.562630 0.1390
0.56389 0.14007
0.56512 0.14116
0.56634 0.14228
0.56753 0.14342
0.56871 0.14458
0.56986 0.14576
0.57099 0.14696
0.5721 0.14818
0.57319 0.14943
0.57425 0.15069
0.5753 0.151980
0.57631 0.15330
0.577310 0.15463
0.57828 0.156
0.57922 0.15738
0.58014 0.1588
0.58103 0.16023
0.5819 0.1617
0.582740 0.1632
0.58355 0.16472
0.58432 0.16628
0.58507 0.16786
0.58578 0.16948
0.58647 0.17112
0.58713 0.17279
0.58777 0.17449
0.58838 0.17621
0.58897 0.17796
0.58953 0.17972
0.59008 0.18151
0.59060 0.18332
0.59110 0.18515
0.59157 0.18701
0.59201 0.18891
0.5924 0.19084
0.59276 0.19282
0.59306 0.19484
0.59331 0.19681
0.59352 0.19864
0.59368 0.20023
0.5938 0.20149
0.59388 0.20235
0.59395 0.20274
*.*.Setup: Ga2.txt as Flap 1, Inverted: y, Scale = 1.0, AoA = -2.0, Reposition from (0,0) = (0, 0)*.*.
*.*.Setup: Ga2.txt as Flap 2, Inverted: y, Scale = 0.4, AoA = 32.0, Reposition from previous T.E. = (-0.06, 0.07), Reposition from (0,0) = (0.9377, -0.014)*.*.
*.*.Setup: Ga2.txt as Flap 3, Inverted: y, Scale = 0.4, AoA = 45.0, Reposition from previous T.E. = (-0.06, 0.07), Reposition from (0,0) = (1.2273, 0.2513)*.*.
*.*.Setup: Scale Ratio = 0.38972*.*.