0.38519 -0.005470
0.3844 -0.00631
0.38283 -0.00796
0.38050 -0.010380
0.37753 -0.0134
0.3741 -0.01681
0.37034 -0.0204
0.36642 -0.02394
0.36246 -0.02726
0.3585 -0.03035
0.354530 -0.03326
0.35055 -0.036
0.34657 -0.03861
0.34258 -0.04112
0.33859 -0.04354
0.3346 -0.04587
0.33061 -0.04813
0.32661 -0.05030
0.322610 -0.05241
0.318610 -0.05444
0.31461 -0.05641
0.3106 -0.05832
0.30659 -0.06016
0.30258 -0.06195
0.29857 -0.06368
0.29456 -0.06535
0.29054 -0.06695
0.28652 -0.06848
0.2825 -0.06995
0.27848 -0.071350
0.27445 -0.07271
0.270420 -0.07401
0.2664 -0.07529
0.26237 -0.07654
0.25834 -0.07775
0.25431 -0.07893
0.25027 -0.08007
0.246240 -0.08116
0.2422 -0.08219
0.23816 -0.08317
0.23412 -0.0841
0.23008 -0.084990
0.22604 -0.08582
0.22199 -0.0866100
0.21795 -0.08736
0.2139 -0.08806
0.20985 -0.08872
0.2058 -0.08935
0.20175 -0.08994
0.19769 -0.09048
0.19364 -0.09099
0.18958 -0.09145
0.18552 -0.09187
0.18146 -0.09223
0.1774 -0.09255
0.17334 -0.09282
0.16927 -0.09304
0.16521 -0.09321
0.16114 -0.09333
0.15707 -0.0934
0.153 -0.09342
0.14892 -0.09339
0.14485 -0.09331
0.14077 -0.09317
0.13669 -0.092980
0.13261 -0.09274
0.12853 -0.09246
0.12444 -0.09214
0.12036 -0.091790
0.11627 -0.09139
0.112180 -0.09092
0.10809 -0.09039
0.104 -0.08978
0.0999 -0.08907
0.09580 -0.08827
0.0917 -0.08737
0.08759 -0.08638
0.08348 -0.0853
0.07937 -0.08413
0.07525 -0.08284
0.07113 -0.081440
0.067 -0.07989
0.06287 -0.07819
0.05873 -0.07632
0.05459 -0.07428
0.05044 -0.07208
0.04628 -0.06973
0.04212 -0.06722
0.03796 -0.06454
0.03378 -0.06164
0.0296 -0.05842
0.0254 -0.05482
0.02118 -0.05074
0.01698 -0.046150
0.01292 -0.04119
0.00919 -0.03602
0.005940 -0.03084
0.00334 -0.0258
0.00155 -0.02109
0.00046 -0.013080
0.00116 -0.01
0.00271 -0.0077
0.00508 -0.00622
0.00812 -0.00547
0.01167 -0.00532
0.01556 -0.00561
0.01963 -0.0062
0.02373 -0.00697
0.027830 -0.0079
0.03194 -0.00897
0.03606 -0.01018
0.04018 -0.01151
0.0443 -0.01297
0.04843 -0.01453
0.05256 -0.01617
0.056690 -0.01789
0.06083 -0.019670
0.06496 -0.0215
0.06910 -0.02335
0.07324 -0.02523
0.07738 -0.027110
0.08151 -0.02899
0.085650 -0.03085
0.08979 -0.0327
0.09392 -0.03452
0.09806 -0.03631
0.10219 -0.03807
0.10633 -0.03979
0.11046 -0.04148
0.11459 -0.04312
0.11872 -0.04472
0.12284 -0.04628
0.12697 -0.04779
0.13109 -0.04926
0.13521 -0.05068
0.13933 -0.05205
0.14345 -0.05337
0.14757 -0.05464
0.15169 -0.05585
0.1558 -0.057020
0.159910 -0.05813
0.16402 -0.05918
0.16813 -0.06018
0.17223 -0.06111
0.1763400 -0.061990
0.18044 -0.062810
0.18454 -0.06356
0.18863 -0.06425
0.19273 -0.06488
0.19682 -0.06545
0.20091 -0.06597
0.205 -0.06644
0.209090 -0.06687
0.21317 -0.06724
0.21726 -0.06756
0.221340 -0.067810
0.22542 -0.068
0.22949 -0.0681
0.23357 -0.06814
0.23764 -0.06809
0.24171 -0.06797
0.24577 -0.067780
0.24983 -0.06751
0.25390 -0.06718
0.25795 -0.06676
0.26201 -0.06627
0.2660600 -0.0657
0.27011 -0.06504
0.27416 -0.06430
0.2782 -0.06347
0.28224 -0.06256
0.28628 -0.06156
0.29031 -0.06046
0.294350 -0.05927
0.29837 -0.05798
0.3024 -0.05659
0.30642 -0.05509
0.31043 -0.05348
0.31445 -0.05177
0.31846 -0.04996
0.32246 -0.048050
0.32646 -0.046060
0.33046 -0.04398
0.33446 -0.04183
0.33846 -0.03959
0.34245 -0.03728
0.34644 -0.034890
0.35042 -0.03242
0.35441 -0.02985
0.35839 -0.02717
0.36236 -0.024350
0.36633 -0.02137
0.37026 -0.01824
0.37404 -0.01511
0.37749 -0.01216
0.38047 -0.00955
0.38281 -0.00747
0.38439 -0.00607
0.38519 -0.005470
-Inserting Flap Ga2-
0.51549 0.08075
0.51535 0.08031
0.51505 0.07945
0.51462 0.07818
0.51406 0.07658
0.51339 0.07476
0.51263 0.07283
0.51181 0.07088
0.51093 0.06901
0.51002 0.06722
0.50907 0.065490
0.50809 0.06383
0.50709 0.06221
0.50607 0.06062
0.50503 0.05907
0.50398 0.05755
0.50291 0.0560600
0.50183 0.0546
0.50074 0.05316
0.49963 0.05174
0.498510 0.05035
0.49738 0.04898
0.49624 0.04764
0.49509 0.04631
0.49393 0.045
0.49276 0.04372
0.49157 0.04246
0.49037 0.041230
0.48916 0.04002
0.48794 0.03883
0.48671 0.03766
0.48547 0.0365
0.48423 0.03536
0.482980 0.03422
0.48172 0.0331
0.48046 0.03199
0.47919 0.0309
0.47791 0.02982
0.47662 0.02877
0.47532 0.02773
0.47402 0.02671
0.4727 0.0257
0.471380 0.02472
0.47004 0.02375
0.46870 0.022790
0.46735 0.02185
0.466 0.02093
0.4646400 0.02002
0.463270 0.01912
0.46189 0.01824
0.4605 0.01737
0.45911 0.01651
0.45771 0.01568
0.4563 0.01486
0.45488 0.01406
0.45346 0.01327
0.45202 0.01251
0.45057 0.01176
0.44912 0.01102
0.44766 0.01031
0.446180 0.00961
0.4447 0.00894
0.44321 0.00828
0.44171 0.00764
0.4402 0.00702
0.43868 0.00642
0.43715 0.00583
0.43562 0.00525
0.43407 0.00469
0.43253 0.00414
0.43096 0.00362
0.42939 0.00312
0.4278 0.00265
0.426200 0.00222
0.42458 0.00181
0.42294 0.00145
0.421280 0.00111
0.41961 0.00081
0.417920 0.00054
0.41621 0.00031
0.41448 0.00012
0.41272 -0.000048
0.41093 -0.00010
0.40912 -0.00012
0.40727 -8e-05
0.4054 0.000032
0.40349 0.00016
0.40156 0.00037
0.3996 0.00064
0.397590 0.00098
0.39553 0.00144
0.3934 0.0020400
0.39118 0.00280
0.38888 0.00376
0.38657 0.00487
0.38434 0.00611
0.38229 0.00744
0.3805 0.008830
0.37905 0.01024
0.3773 0.01295
0.37704 0.01419
0.37721 0.01529
0.37782 0.01622
0.37879 0.01701
0.38005 0.01766
0.38151 0.01822
0.38309 0.01869
0.384710 0.0191
0.38635 0.01946
0.38802 0.01977
0.38972 0.02002
0.39144 0.02024
0.39318 0.02041
0.394940 0.02054
0.39671 0.02064
0.3985 0.02072
0.4003 0.02077
0.40211 0.02081
0.40392 0.02083
0.40574 0.02085
0.40756 0.02087
0.40938 0.020890
0.41119 0.02091
0.413 0.020940
0.41481 0.02098
0.41661 0.021030
0.41841 0.02109
0.4202 0.02117
0.42198 0.021250
0.42376 0.02136
0.42552 0.021470
0.42728 0.02161
0.42903 0.02176
0.43078 0.02192
0.43251 0.0221
0.43424 0.0223
0.43595 0.02252
0.43766 0.02276
0.43936 0.02301
0.44104 0.023290
0.44272 0.02358
0.44439 0.02389
0.44605 0.02422
0.44769 0.02458
0.449330 0.02495
0.45096 0.02535
0.45257 0.025770
0.45417 0.02621
0.45576 0.02668
0.45734 0.02716
0.45891 0.02767
0.46047 0.02819
0.46203 0.02872
0.46357 0.02928
0.46511 0.02985
0.46663 0.03045
0.46814 0.03107
0.46963 0.03172
0.47112 0.0324
0.47258 0.03311
0.47404 0.03384
0.47548 0.034590
0.47691 0.03538
0.47832 0.03619
0.47973 0.037020
0.48111 0.03789
0.48248 0.03878
0.48384 0.0397
0.48518 0.04065
0.48651 0.04164
0.48782 0.04265
0.48911 0.04370
0.49039 0.04478
0.49165 0.04589
0.49289 0.04704
0.49412 0.04822
0.49532 0.049450
0.496510 0.050710
0.49767 0.05201
0.49882 0.05334
0.49995 0.05471
0.50106 0.05611
0.50216 0.05754
0.50325 0.05899
0.50432 0.06048
0.50537 0.06199
0.50641 0.063540
0.50744 0.0651
0.50845 0.06671
0.50944 0.06835
0.5104 0.07005
0.51134 0.0718
0.51224 0.0736
0.51308 0.07537
0.51383 0.077030
0.51447 0.07847
0.51497 0.07962
0.5153 0.0804
0.51549 0.08075
-Inserting Flap Ga2-
0.60658 0.21116
0.606580 0.2107
0.60657 0.20979
0.60654 0.208450
0.6065 0.206750
0.606430 0.20482
0.60631 0.202750
0.60612 0.20064
0.605870 0.19859
0.605560 0.1966
0.60519 0.19467
0.60477 0.19278
0.60432 0.19093
0.60384 0.18911
0.60333 0.18731
0.6028 0.18554
0.60225 0.18379
0.60167 0.18207
0.60108 0.18036
0.60046 0.17867
0.59983 0.17701
0.59918 0.17536
0.59851 0.17372
0.59782 0.1721
0.59712 0.1705
0.5964 0.16892
0.59566 0.16736
0.59490 0.16581
0.59413 0.16429
0.59333 0.16278
0.59252 0.16128
0.5917 0.1598
0.59087 0.15833
0.59003 0.15687
0.58919 0.15541
0.58833 0.15397
0.58746 0.15253
0.58658 0.15112
0.58568 0.14971
0.58476 0.14832
0.58384 0.14695
0.58289 0.14559
0.58194 0.14424
0.58097 0.14291
0.57999 0.14158
0.579 0.14027
0.578 0.13898
0.57698 0.13769
0.57596 0.13641
0.57492 0.13514
0.57387 0.13389
0.57281 0.13265
0.57174 0.13142
0.570650 0.13021
0.56955 0.129
0.56843 0.12782
0.5673 0.12664
0.56616 0.12549
0.565 0.12434
0.56383 0.12321
0.562650 0.12209
0.561450 0.12099
0.56023 0.11990
0.559 0.11883
0.55775 0.11777
0.5565 0.11673
0.55523 0.1157
0.55394 0.11468
0.55265 0.11367
0.55135 0.112670
0.55002 0.11169
0.54868 0.11073
0.547320 0.10979
0.54593 0.10888
0.54451 0.108
0.54306 0.10714
0.54159 0.10631
0.54009 0.1055
0.53857 0.10472
0.53702 0.10398
0.53543 0.10326
0.5338 0.10259
0.53212 0.10196
0.5304 0.10138
0.52864 0.10084
0.52682 0.10036
0.52496 0.09991
0.52306 0.09951
0.52111 0.09916
0.5191 0.09887
0.517 0.09867
0.51479 0.09858
0.51244 0.09862
0.50996 0.09881
0.50742 0.099160
0.504920 0.09965
0.50255 0.10028
0.50042 0.10105
0.49861 0.10194
0.4961 0.10398
0.49547 0.10507
0.4953 0.10617
0.49558 0.10725
0.49627 0.1083
0.49727 0.10931
0.49848 0.11029
0.49984 0.11123
0.501250 0.11212
0.5027 0.11297
0.50419 0.1137700
0.50573 0.1145400
0.5073 0.11528
0.5089 0.11598
0.51053 0.11665
0.51219 0.11729
0.51387 0.11791
0.515560 0.11852
0.51727 0.11912
0.51899 0.1197
0.52071 0.12028
0.52243 0.12086
0.52416 0.12144
0.52588 0.12202
0.52759 0.12261
0.5293 0.12321
0.53099 0.123810
0.53268 0.12442
0.53436 0.12505
0.53603 0.12568
0.53769 0.12633
0.53933 0.126990
0.540960 0.12766
0.54258 0.12834
0.54419 0.12904
0.54578 0.129740
0.54736 0.13047
0.54893 0.13121
0.55048 0.13196
0.55201 0.13272
0.55353 0.13351
0.55504 0.1343
0.55653 0.13512
0.558 0.13594
0.55946 0.13679
0.56090 0.13765
0.56232 0.138530
0.56373 0.13943
0.565110 0.14035
0.56648 0.14128
0.56783 0.14223
0.56917 0.14319
0.5705 0.14417
0.57181 0.14516
0.57311 0.146170
0.574390 0.14719
0.57565 0.14823
0.5769 0.14929
0.578120 0.15037
0.57932 0.151470
0.5805 0.152590
0.58165 0.15374
0.58279 0.1549
0.58391 0.15609
0.585 0.15729
0.58608 0.15852
0.58713 0.15977
0.58816 0.16105
0.58916 0.16234
0.59015 0.16366
0.5911 0.165010
0.59204 0.166380
0.59294 0.16777
0.59383 0.16919
0.59468 0.17064
0.59551 0.17212
0.5963 0.173620
0.59707 0.175160
0.59781 0.176720
0.59851 0.17832
0.59919 0.17994
0.599840 0.18159
0.600470 0.183270
0.601080 0.18497
0.601660 0.18669
0.60221 0.18843
0.60275 0.1902
0.60327 0.19199
0.60376 0.1938
0.60422 0.19563
0.60466 0.1975
0.60505 0.19941
0.6054 0.20137
0.6057 0.20336
0.60595 0.20530
0.60615 0.20711
0.60631 0.20868
0.60643 0.20993
0.606510 0.21077
0.60658 0.21116
*.*.Setup: Ga2.txt as Flap 1, Inverted: y, Scale = 1.0, AoA = 2.0, Reposition from (0,0) = (0, 0)*.*.
*.*.Setup: Ga2.txt as Flap 2, Inverted: y, Scale = 0.4, AoA = 27.0, Reposition from previous T.E. = (-0.0267, 0.06), Reposition from (0,0) = (0.9744, 0.0458)*.*.
*.*.Setup: Ga2.txt as Flap 3, Inverted: y, Scale = 0.4, AoA = 45.0, Reposition from previous T.E. = (-0.06, 0.07), Reposition from (0,0) = (1.2798, 0.2799)*.*.
*.*.Setup: Scale Ratio = 0.38476*.*.