0.3682 0.0387
0.366030 0.03655
0.36289 0.03341
0.3592 0.03032
0.35473 0.02734
0.34930 0.024270
0.34275 0.02098
0.33502 0.01744
0.326210 0.01372
0.316560 0.0099
0.30633 0.00607
0.29576 0.00231
0.285010 -0.001330
0.2742 -0.00481
0.26335 -0.00811
0.25248 -0.011210
0.24155 -0.01413
0.23052 -0.01688
0.2193200 -0.01948
0.20791 -0.02195
0.19625 -0.02435
0.18436 -0.02669
0.17228 -0.02901
0.16014 -0.03130
0.14808 -0.03354
0.1363 -0.03567
0.12496 -0.03762
0.11427 -0.03931
0.10434 -0.04063
0.09513 -0.04153
0.08649 -0.04197
0.07831 -0.04196
0.0705 -0.04149
0.063 -0.04057
0.05578 -0.03922
0.04885 -0.03744
0.042230 -0.03527
0.03596 -0.03274
0.03012 -0.02995
0.02483 -0.02702
0.02017 -0.024090
0.01618 -0.02127
0.01285 -0.01863
0.01009 -0.01617
0.00783 -0.01388
0.005960 -0.01176
0.00444 -0.009790
0.00319 -0.00794
0.00217 -0.00622
0.00136 -0.004590
0.00074 -0.00306
0.00029 -0.00161
0.000055 -0.00022
-7e-05 0.00112
0.00013 0.00245
0.00077 0.00365
0.00185 0.00458
0.003240 0.00526
0.00487 0.005770
0.00673 0.00619
0.00889 0.00657
0.01141 0.00691
0.01442 0.00723
0.0181 0.00754
0.02269 0.007840
0.02852 0.00811
0.03586 0.00833
0.04468 0.008470
0.0546 0.00842
0.06526 0.00813
0.0766 0.00763
0.0885 0.00697
0.10079 0.00625
0.11324 0.0055
0.12567 0.00476
0.137950 0.00406
0.15005 0.00345
0.161940 0.00295
0.17364 0.00258
0.18515 0.00237
0.196490 0.00234
0.20769 0.00251
0.21875 0.00289
0.2297 0.00348
0.24055 0.00431
0.25132 0.00538
0.262 0.00668
0.27261 0.00824
0.28315 0.01004
0.29358 0.01208
0.30387 0.014360
0.31394 0.01685
0.32362 0.01952
0.3327 0.02229
0.34093 0.02509
0.348140 0.02786
0.35429 0.03055
0.35947 0.03318
0.3638 0.03570
0.3682 0.0387
-Inserting Flap s1223rtl-
0.52724 0.16339
0.52681 0.16192
0.52620 0.15978
0.52533 0.15754
0.5241 0.155150
0.522470 0.152500
0.52041 0.14947
0.517880 0.14605
0.51493 0.14229
0.51164 0.13828
0.50809 0.13412
0.50438 0.12992
0.50056 0.12572
0.49668 0.121570
0.49273 0.1175
0.48873 0.11351
0.4846600 0.10958
0.4805 0.10571
0.47623 0.10186
0.47184 0.09801
0.46733 0.09414
0.46269 0.09023
0.45797 0.08629
0.453220 0.08234
0.44849 0.07844
0.443850 0.07465
0.439370 0.07105
0.4351 0.06772
0.43108 0.06474
0.427270 0.06211
0.4236 0.05982
0.42002 0.05785
0.41649 0.05616
0.41299 0.05474
0.4095 0.053580
0.40604 0.05268
0.40262 0.05202
0.39926 0.05161
0.39604 0.05141
0.39301 0.05141
0.39026 0.05157
0.38784 0.05183
0.38574 0.05218
0.383940 0.05259
0.38239 0.05304
0.38106 0.05351
0.37991 0.05401
0.37892 0.05451
0.37806 0.05502
0.377310 0.05553
0.37667 0.05605
0.37612 0.05658
0.37567 0.05712
0.3753 0.05768
0.37507 0.05831
0.37505 0.05899
0.3753 0.05966
0.375750 0.0603
0.37633 0.06091
0.377050 0.06155
0.3779 0.06224
0.37892 0.063
0.380160 0.06387
0.38169 0.0649
0.383620 0.06614
0.38611 0.06767
0.38926 0.06955
0.39309 0.07174
0.39744 0.07413
0.40217 0.07659
0.40725 0.07911
0.41261 0.08171
0.41816 0.08437
0.42379 0.08707
0.42941 0.08975
0.43495 0.09243
0.44038 0.09509
0.44571 0.09776
0.45091 0.10043
0.45599 0.10313
0.46096 0.105870
0.46582 0.10865
0.47057 0.1115
0.47521 0.114410
0.479750 0.11741
0.4842 0.12048
0.488560 0.12364
0.49282 0.1269
0.49699 0.13024
0.50106 0.13366
0.50501 0.13715
0.50881 0.14068
0.51239 0.14419
0.51569 0.14761
0.51861 0.15083
0.5211 0.15378
0.52313 0.15645
0.52476 0.15886
0.52604 0.1610100
0.52724 0.16339
-Inserting Flap s1223rtl-
0.64926 0.29363
0.64883 0.29216
0.64822 0.29003
0.64735 0.28778
0.64612 0.2854
0.64449 0.28274
0.64242 0.27971
0.6399 0.27629
0.63695 0.272530
0.63365 0.26852
0.63011 0.26436
0.6264 0.26016
0.622580 0.25596
0.61869 0.25182
0.61475 0.24774
0.61075 0.24375
0.60668 0.23982
0.60252 0.235950
0.59825 0.2321
0.59386 0.22825
0.58934 0.22438
0.58471 0.22047
0.57999 0.21653
0.57524 0.21258
0.57051 0.20868
0.56587 0.20489
0.56139 0.20129
0.55712 0.19796
0.5531 0.19498
0.54929 0.19235
0.54562 0.19006
0.542040 0.18809
0.53851 0.1864
0.535 0.18498
0.53152 0.18382
0.52806 0.18292
0.52463 0.182270
0.52128 0.18185
0.518050 0.18165
0.51503 0.18165
0.51228 0.181810
0.509850 0.18207
0.50775 0.182420
0.50595 0.18283
0.50441 0.18328
0.50308 0.183750
0.50193 0.18425
0.50094 0.18475
0.50008 0.18526
0.49933 0.18577
0.49869 0.18629
0.49814 0.18682
0.49768 0.18736
0.49732 0.18792
0.49708 0.188550
0.49707 0.18923
0.49732 0.18991
0.49776 0.19054
0.49835 0.19116
0.49906 0.19179
0.49991 0.19248
0.50093 0.193240
0.50217 0.19411
0.50371 0.19514
0.50564 0.196380
0.50813 0.19791
0.51128 0.199790
0.51511 0.20199
0.51945 0.20437
0.52419 0.20683
0.52927 0.20935
0.53463 0.21195
0.54018 0.21462
0.54581 0.21731
0.55142 0.22
0.55696 0.22267
0.5624 0.22533
0.567720 0.228
0.57293 0.23067
0.57801 0.23337
0.58298 0.23611
0.58784 0.23889
0.5925800 0.24174
0.59723 0.24466
0.60177 0.24765
0.60622 0.25072
0.61057 0.25388
0.61484 0.25714
0.61901 0.26048
0.62308 0.2639
0.62703 0.26739
0.63082 0.27092
0.63441 0.27443
0.63771 0.27785
0.64063 0.281070
0.64311 0.28402
0.64515 0.2867
0.64678 0.2891
0.648060 0.29125
0.64926 0.29363
*.*.Setup: s1223rtl.txt as Flap 1, Inverted: y, Scale = 1.0, AoA = 6.0, Reposition from (0,0) = (0, 0)*.*.
*.*.Setup: s1223rtl.txt as Flap 2, Inverted: y, Scale = 0.5, AoA = 35.0, Reposition from previous T.E. = (0.02, 0.05), Reposition from (0,0) = (1.0145, 0.1545)*.*.
*.*.Setup: s1223rtl.txt as Flap 3, Inverted: y, Scale = 0.5, AoA = 35.0, Reposition from previous T.E. = (-0.08, 0.065), Reposition from (0,0) = (1.3441, 0.5063)*.*.
*.*.Setup: Scale Ratio = 0.37023*.*.