0.3531 -0.02973
0.35233 -0.030460
0.35078 -0.03186
0.348490 -0.03394
0.34557 -0.03652
0.34220 -0.03943
0.33852 -0.04248
0.3347 -0.04548
0.33085 -0.048270
0.32702 -0.05086
0.32319 -0.05327
0.31936 -0.055520
0.31554 -0.057670
0.31172 -0.05971
0.30791 -0.06168
0.30409 -0.06357
0.30029 -0.06538
0.29648 -0.06712
0.29267 -0.06879
0.28887 -0.0704
0.28507 -0.07195
0.28127 -0.07344
0.27748 -0.07488
0.27368 -0.07626
0.26989 -0.07759
0.2661 -0.07887
0.26231 -0.08008
0.25852 -0.08123
0.25474 -0.08231
0.25096 -0.08334
0.24718 -0.08433
0.2434 -0.08527
0.23962 -0.08618
0.23584 -0.08707
0.23207 -0.08792
0.22829 -0.08875
0.22452 -0.08953
0.22075 -0.09027
0.21698 -0.09096
0.21321 -0.0916
0.20944 -0.0922
0.20567 -0.09275
0.20191 -0.09325
0.19815 -0.09372
0.19439 -0.09414
0.19063 -0.094530
0.186870 -0.09488
0.18311 -0.09519
0.17936 -0.09547
0.1756 -0.09571
0.17185 -0.09592
0.1681 -0.09608
0.16435 -0.0962
0.1606 -0.096280
0.15685 -0.09631
0.1531 -0.09629
0.14936 -0.09624
0.14562 -0.09613
0.14188 -0.09598
0.13814 -0.09579
0.1344 -0.09554
0.13066 -0.09525
0.12693 -0.09491
0.1232 -0.09452
0.11946 -0.09409
0.11574 -0.09361
0.11201 -0.09309
0.10828 -0.09254
0.10455 -0.0919500
0.10083 -0.09132
0.09711 -0.09063
0.09339 -0.08988
0.08967 -0.08905
0.08596 -0.08814
0.08225 -0.08714
0.07854 -0.08606
0.07483 -0.084890
0.07113 -0.08363
0.06743 -0.08229
0.06373 -0.08085
0.06004 -0.079290
0.05635 -0.07761
0.05267 -0.07578
0.049 -0.0738
0.045320 -0.07167
0.04166 -0.06938
0.038 -0.06695
0.03434 -0.06438
0.03069 -0.06166
0.02704 -0.05873
0.02341 -0.055510
0.01979 -0.05193
0.01618 -0.04792
0.01262 -0.04344
0.00922 -0.038620
0.00612 -0.03365
0.00347 -0.02868
0.00141 -0.02389
7e-05 -0.01945
-0.00042 -0.012030
0.00043 -0.00925
0.002 -0.00724
0.00426 -0.00603
0.0071 -0.00554
0.01037 -0.00563
0.01392 -0.00614
0.01761 -0.00695
0.02133 -0.007920
0.02503 -0.00904
0.02874 -0.01028
0.03243 -0.01165
0.03613 -0.01314
0.03982 -0.01474
0.04351 -0.01644
0.04719 -0.01821
0.05087 -0.020060
0.05455 -0.02196
0.05823 -0.02389
0.06191 -0.02586
0.06559 -0.02785
0.06926 -0.02984
0.07294 -0.031830
0.07662 -0.03381
0.08029 -0.03577
0.08397 -0.0377
0.08765 -0.03961
0.09133 -0.04149
0.09501 -0.04334
0.0987 -0.04515
0.10238 -0.04692
0.10607 -0.04866
0.10975 -0.05035
0.11344 -0.052
0.11713 -0.05361
0.12082 -0.05518
0.12452 -0.0567
0.12821 -0.05818
0.13191 -0.05960
0.13561 -0.06099
0.13931 -0.06232
0.14301 -0.0636
0.14671 -0.06483
0.15041 -0.06601
0.15412 -0.06713
0.15783 -0.0682
0.16154 -0.06921
0.165250 -0.07017
0.16897 -0.07106
0.17269 -0.0719
0.17641 -0.072690
0.18013 -0.07342
0.18385 -0.07412
0.18757 -0.07477
0.1913 -0.07538
0.19502 -0.07593
0.19875 -0.07643
0.20248 -0.07686
0.20622 -0.07722
0.20995 -0.07751
0.21369 -0.077730
0.21743 -0.07788
0.22118 -0.07797
0.22492 -0.077980
0.22867 -0.0779300
0.232420 -0.07781
0.23617 -0.077620
0.23993 -0.07736
0.24369 -0.07702
0.24745 -0.0766
0.25121 -0.0761
0.25498 -0.07552
0.25875 -0.07486
0.26252 -0.07411
0.26629 -0.07328
0.27007 -0.07235
0.27385 -0.07133
0.27764 -0.07021
0.28143 -0.069
0.28522 -0.06768
0.2890200 -0.06628
0.29281 -0.06479
0.29661 -0.06321
0.30042 -0.06156
0.30422 -0.05984
0.30803 -0.05805
0.31184 -0.05618
0.315660 -0.05424
0.31948 -0.05223
0.32329 -0.05013
0.32712 -0.04793
0.33095 -0.04559
0.33478 -0.04311
0.33859 -0.0405
0.34225 -0.03787
0.34561 -0.03538
0.34851 -0.03318
0.3508 -0.03142
0.35234 -0.03023
0.3531 -0.02973
-Inserting Flap Ga2-
0.48451 0.071150
0.48445 0.07073
0.48432 0.0699
0.48413 0.06868
0.48388 0.06714
0.48356 0.06539
0.48319 0.06351
0.48275 0.06162
0.48226 0.05978
0.48172 0.05801
0.48113 0.0563
0.48051 0.05463
0.47986 0.053010
0.47919 0.05141
0.4785 0.04984
0.47779 0.04829
0.477060 0.04677
0.47632 0.04527
0.47556 0.04379
0.47478 0.04233
0.47399 0.0409
0.47318 0.03948
0.47236 0.03807
0.47153 0.03669
0.47069 0.03532
0.46983 0.03397
0.46896 0.03264
0.46807 0.03133
0.46717 0.03004
0.46625 0.02877
0.46532 0.027510
0.46439 0.02627
0.46344 0.02503
0.46249 0.02381
0.46153 0.02259
0.46057 0.02138
0.45959 0.02019
0.4586 0.01901
0.45761 0.01785
0.4566 0.0167
0.45557 0.01556
0.454540 0.01445
0.4535 0.01334
0.452450 0.01225
0.45139 0.011170
0.45031 0.0101
0.44923 0.00905
0.44814 0.008010
0.44705 0.00697
0.44594 0.005950
0.44483 0.00494
0.4437 0.00395
0.44256 0.00297
0.44142 0.002
0.44026 0.001050
0.43909 0.00011
0.43791 -0.00081
0.43672 -0.00172
0.43552 -0.00262
0.43431 -0.00350
0.43309 -0.00437
0.43186 -0.00522
0.43061 -0.00605
0.42935 -0.00687
0.42808 -0.00767
0.4268 -0.00846
0.42551 -0.00924
0.42421 -0.01001
0.42291 -0.01076
0.42159 -0.0115
0.42026 -0.01223
0.41892 -0.012930
0.41755 -0.01361
0.41617 -0.01426
0.41476 -0.01488
0.41334 -0.01548
0.41189 -0.01605
0.41042 -0.01659
0.40893 -0.0171
0.40742 -0.01759
0.40588 -0.01803
0.40431 -0.01844
0.402710 -0.0188
0.40107 -0.01911
0.39939 -0.01937
0.39767 -0.019580
0.39592 -0.01975
0.39414 -0.01987
0.39232 -0.01994
0.3904500 -0.01995
0.38851 -0.01986
0.38648 -0.01966
0.38435 -0.01932
0.38212 -0.01882
0.37985 -0.01818
0.37763 -0.01742
0.37556 -0.01654
0.37371 -0.01557
0.372180 -0.014530
0.37016 -0.01234
0.36972 -0.01127
0.3697 -0.01024
0.3701 -0.0093
0.37086 -0.00843
0.3719 -0.00764
0.37313 -0.0069
0.37448 -0.00622
0.37588 -0.00559
0.377320 -0.005
0.37878 -0.00446
0.38028 -0.00396
0.3818 -0.00349
0.38335 -0.00306
0.38492 -0.00265
0.38651 -0.00228
0.38812 -0.00193
0.38974 -0.00159
0.39138 -0.00127
0.39301 -0.00095
0.39466 -0.00064
0.3963 -0.00034
0.39795 -0.000090
0.39959 0.00028
0.40122 0.0006
0.40285 0.00092
0.40448 0.00125
0.4061 0.0016
0.4077 0.00195
0.40931 0.00231
0.4109 0.00269
0.41248 0.00308
0.41405 0.00348
0.41561 0.00389
0.41717 0.00432
0.41871 0.00476
0.42024 0.00522
0.42176 0.00569
0.42327 0.00618
0.42477 0.00668
0.42625 0.0072
0.42772 0.00773
0.42919 0.00828
0.43063 0.00885
0.43207 0.00943
0.43349 0.01003
0.4349 0.01065
0.43629 0.01129
0.43767 0.01195
0.43904 0.01262
0.44039 0.01331
0.44174 0.01402
0.443070 0.01474
0.44439 0.01548
0.4457 0.01622
0.447 0.01699
0.44828 0.01778
0.44955 0.01858
0.4508 0.01941
0.45204 0.02026
0.45325 0.02113
0.45445 0.02203
0.45564 0.02294
0.45681 0.02388
0.457960 0.024840
0.4591 0.02582
0.46022 0.02682
0.46132 0.02785
0.4624 0.0289
0.46346 0.02998
0.46451 0.03108
0.46553 0.03221
0.46654 0.03337
0.467520 0.03455
0.46848 0.03576
0.46943 0.037
0.47035 0.03827
0.47124 0.03957
0.47211 0.0409
0.47296 0.04226
0.47379 0.04365
0.47459 0.04507
0.47538 0.04652
0.47614 0.047990
0.47689 0.049480
0.47763 0.051
0.47834 0.05254
0.47904 0.0541
0.47972 0.05569
0.48038 0.0573
0.48101 0.05895
0.48161 0.060640
0.48218 0.06237
0.482710 0.06415
0.48318 0.06589
0.4836 0.06751
0.48395 0.06892
0.48422 0.07004
0.4844 0.0708
0.48451 0.071150
-Inserting Flap Ga2-
0.6036900 0.18757
0.60369 0.18714
0.60368 0.18631
0.60366 0.18507
0.60362 0.18351
0.60355 0.18173
0.60344 0.17982
0.60327 0.17789
0.60304 0.176
0.60275 0.17417
0.60241 0.1724
0.602030 0.17066
0.60161 0.16896
0.60117 0.16728
0.600710 0.16563
0.60022 0.164
0.59971 0.16239
0.59918 0.1608
0.59863 0.159230
0.59806 0.15768
0.59748 0.156150
0.59688 0.1546300
0.59627 0.15313
0.59564 0.15164
0.59499 0.15017
0.594330 0.14871
0.59365 0.14727
0.59295 0.14585
0.59224 0.14445
0.59151 0.14306
0.590760 0.14169
0.59001 0.14032
0.58925 0.13897
0.58847 0.13762
0.58769 0.13628
0.58691 0.13496
0.58611 0.13364
0.58529 0.1323300
0.58447 0.13104
0.58363 0.12976
0.58277 0.12850
0.58191 0.12725
0.58103 0.12601
0.58014 0.12478
0.57924 0.12357
0.57832 0.12236
0.5774 0.12117
0.57647 0.11998000
0.57552 0.11881
0.57457 0.117640
0.57361 0.11649
0.57263 0.11535
0.57164 0.11422
0.57064 0.1131
0.56963 0.11199
0.5686 0.1109
0.56756 0.10982
0.56651 0.10876
0.56545 0.1077
0.56437 0.10666
0.56328 0.10563
0.56218 0.10462
0.56106 0.10362
0.55993 0.10264
0.55878 0.10166
0.55762 0.1007
0.55645 0.09975
0.55528 0.09881
0.554090 0.09788
0.55289 0.09697
0.55167 0.09607
0.55044 0.09518
0.54918 0.09432
0.5479 0.09348
0.546590 0.09267
0.54527 0.09188
0.54391 0.09112
0.542540 0.09038
0.541130 0.08966
0.53970 0.08897
0.538240 0.08832
0.53674 0.08770
0.5352 0.08712
0.53362 0.08658
0.532 0.08609
0.53033 0.08564
0.52862 0.085230
0.52687 0.084860
0.52508 0.08454
0.52322 0.08427
0.52129 0.08409
0.51926 0.084
0.5171 0.08404
0.51482 0.08422
0.51248 0.08454
0.51018 0.08499
0.508 0.08557
0.50604 0.08628
0.50437 0.0871
0.50207 0.0889800
0.50149 0.08998
0.50133 0.09099
0.50159 0.09198
0.50222 0.09295
0.50314 0.09388
0.50426 0.09478
0.5055 0.09564
0.5068 0.09646
0.50814 0.09724
0.50951 0.09798
0.51092 0.09869
0.51237 0.09936
0.51384 0.100010
0.51534 0.10063
0.51687 0.10122
0.51841 0.101790
0.51997 0.10235
0.52154 0.1029
0.52312 0.10344
0.5247 0.10397
0.52629 0.1045
0.527880 0.10504
0.52946 0.10557
0.53103 0.10611
0.5326 0.10666
0.53417 0.10722
0.53572 0.107780
0.53726 0.108350
0.5388 0.10894
0.54032 0.10953
0.54184 0.11014
0.54334 0.11075
0.54483 0.11138
0.5463 0.11202
0.54777 0.11267
0.54922 0.11334
0.55066 0.11402
0.55209 0.11471
0.55350 0.1154100
0.5549 0.11613
0.55628 0.11687
0.55765 0.11761
0.55901 0.118380
0.56035 0.11916
0.56167 0.11995
0.56298 0.12076
0.56427 0.12158
0.56555 0.12243
0.56681 0.12329
0.56805 0.12416
0.56928 0.12505
0.57050 0.12594
0.571710 0.12686
0.5729 0.12778
0.57408 0.128720
0.57524 0.129670
0.57639 0.13065
0.57751 0.13164
0.57862 0.13266
0.5797 0.13369
0.58076 0.13474
0.58181 0.13582
0.58284 0.13691
0.58385 0.13802
0.58483 0.13915
0.5858 0.1403
0.58675 0.141470
0.58767 0.14266
0.58858 0.14387
0.58946 0.14511
0.59032 0.14637
0.59115 0.14765
0.591960 0.14896
0.59275 0.15029
0.59351 0.15165
0.59424 0.15304
0.59495 0.15445
0.59562 0.15589
0.59627 0.15736
0.5969 0.15885
0.5975 0.16037
0.59807 0.16191
0.59863 0.16347
0.59916 0.16505
0.59968 0.16666
0.600170 0.16828
0.60065 0.16993
0.6011 0.17159
0.60153 0.17328
0.601920 0.175
0.60229 0.17676
0.60261 0.17856
0.60288 0.18039
0.60311 0.18217
0.6033 0.18384
0.60345 0.18528
0.60355 0.18643
0.60363 0.18721
0.6036900 0.18757
*.*.Setup: Ga2.txt as Flap 1, Inverted: y, Scale = 1.0, AoA = -2.0, Reposition from (0,0) = (0, 0)*.*.
*.*.Setup: Ga2.txt as Flap 2, Inverted: y, Scale = 0.4, AoA = 37.0, Reposition from previous T.E. = (0.04, 0.06), Reposition from (0,0) = (1.0377, -0.024)*.*.
*.*.Setup: Ga2.txt as Flap 3, Inverted: y, Scale = 0.4, AoA = 45.0, Reposition from previous T.E. = (0.04, 0.06), Reposition from (0,0) = (1.409, 0.261)*.*.
*.*.Setup: Scale Ratio = 0.35393*.*.