0.36825 0.0387
0.366080 0.03655
0.36294 0.03341
0.35924 0.03033
0.35478 0.02734
0.349350 0.024270
0.3428 0.02098
0.33507 0.01744
0.326260 0.01372
0.31660 0.0099
0.30637 0.00608
0.2958 0.00231
0.285050 -0.001330
0.27423 -0.00481
0.26339 -0.00811
0.25252 -0.011220
0.24159 -0.01414
0.23055 -0.01688
0.2193500 -0.01948
0.20794 -0.02196
0.19628 -0.02435
0.18438 -0.02669
0.17231 -0.02901
0.16016 -0.03130
0.1481 -0.03354
0.13632 -0.03567
0.12498 -0.03763
0.11429 -0.03931
0.10436 -0.04064
0.09514 -0.04154
0.08651 -0.04198
0.07832 -0.04196
0.07051 -0.04149
0.06301 -0.04058
0.05579 -0.03922
0.04886 -0.03744
0.042230 -0.03527
0.03596 -0.03275
0.03013 -0.02996
0.02483 -0.02702
0.02017 -0.024090
0.01619 -0.02127
0.01285 -0.01863
0.01009 -0.01617
0.00783 -0.01389
0.005970 -0.01176
0.00444 -0.009790
0.00319 -0.00794
0.00217 -0.00622
0.00136 -0.00460
0.00074 -0.00306
0.00029 -0.00161
0.000055 -0.00022
-7e-05 0.00112
0.00013 0.00245
0.00077 0.00365
0.00185 0.00459
0.003240 0.00526
0.00487 0.005770
0.00673 0.0062
0.00889 0.00657
0.01141 0.00691
0.01442 0.00724
0.0181 0.00755
0.02269 0.007840
0.02852 0.00811
0.03586 0.00834
0.04469 0.008470
0.0546 0.00842
0.06527 0.00813
0.07661 0.00763
0.08851 0.00698
0.1008 0.00625
0.11326 0.0055
0.12569 0.00476
0.137970 0.00407
0.15007 0.00345
0.161960 0.00295
0.17366 0.00258
0.18518 0.00237
0.196520 0.00234
0.20772 0.00251
0.21878 0.00289
0.22974 0.00348
0.24058 0.00431
0.25135 0.00538
0.26204 0.00668
0.27265 0.00824
0.28318 0.01004
0.29362 0.01208
0.30392 0.014360
0.31398 0.01685
0.32366 0.01952
0.33275 0.02229
0.34098 0.02509
0.348190 0.02786
0.35434 0.03056
0.35952 0.03318
0.36385 0.035710
0.36825 0.0387
-Inserting Flap s1223rtl-
0.53599 0.14979
0.53544 0.14836
0.53464 0.14629
0.53358 0.14413
0.53215 0.14186
0.53029 0.13935
0.52797 0.13651
0.52516 0.13333
0.52189 0.12984
0.51825 0.12613
0.51436 0.1223
0.51029 0.11843
0.50613 0.11458
0.50189 0.11079
0.49761 0.107080
0.49328 0.10345
0.48888 0.09989
0.4844 0.09639
0.47981 0.09293
0.4751 0.08948
0.47026 0.08601
0.4653 0.08252
0.46026 0.07901
0.45518 0.07549
0.45012 0.07202
0.44517 0.06865
0.44039 0.06545
0.43585 0.0625
0.43159 0.05988
0.42756 0.0576
0.42370 0.05564
0.41996 0.053980
0.41630 0.0526
0.41268 0.0515
0.40911 0.05065
0.40559 0.05005
0.40212 0.0497
0.39874 0.04957
0.39551 0.049660
0.39249 0.04992
0.38977 0.05032
0.38737 0.05079
0.38531 0.05132
0.38355 0.05188
0.38205 0.05247
0.38077 0.05306
0.379670 0.05365
0.37872 0.05424
0.37791 0.054820
0.37721 0.0554
0.37661 0.05597
0.37611 0.05654
0.37571 0.05712
0.3754 0.05771
0.37522 0.05836
0.37526 0.05904
0.37557 0.05969
0.37607 0.06028
0.3767 0.06084
0.37747 0.06142
0.378380 0.06203
0.37946 0.0627
0.38077 0.06346
0.38239 0.06435
0.38442 0.06541
0.38703 0.06672
0.39034 0.06832
0.39434 0.070170
0.39888 0.07217
0.40381 0.07421
0.40909 0.07628
0.41467 0.07841
0.42042 0.08057
0.42627 0.08276
0.4321 0.084950
0.43785 0.08713
0.4435 0.089310
0.44903 0.0915
0.45445 0.09371
0.45975 0.095960
0.46494 0.09825
0.47002 0.100610
0.475 0.10303
0.479880 0.10553
0.484670 0.10811
0.48937 0.110790
0.49398 0.11356
0.49852 0.11643
0.50296 0.1194
0.50731 0.12245
0.51155 0.12559
0.51564 0.12877
0.51952 0.13196
0.52311 0.13507
0.5263 0.13803
0.52903 0.14075
0.53129 0.14324
0.53312 0.14549
0.53459 0.14752
0.53599 0.14979
-Inserting Flap s1223rtl-
0.65802 0.2856
0.6576 0.28413
0.65698 0.282
0.65612 0.27975
0.65489 0.277370
0.65326 0.2747100
0.65119 0.27168
0.64867 0.26826
0.64572 0.2645
0.642420 0.26049
0.638870 0.25633
0.63516 0.25212
0.63134 0.24793
0.62746 0.243780
0.62351 0.23971
0.619510 0.23572
0.61544 0.23179
0.61128 0.22791
0.60701 0.22406
0.60262 0.22021
0.59810 0.21634
0.59347 0.21243
0.58875 0.20849
0.58399 0.20454
0.579260 0.20064
0.57463 0.19685
0.57014 0.19325
0.56587 0.18992
0.56185 0.18694
0.55804 0.18431
0.55437 0.18202
0.55079 0.18004
0.54726 0.17836
0.54375 0.17694
0.54027 0.175780
0.53681 0.17488
0.53338 0.17422
0.53003 0.17381
0.5268 0.17361
0.52378 0.17361
0.52103 0.17376
0.5186 0.17403
0.5165 0.17438
0.5147 0.17478
0.51315 0.17523
0.511830 0.17571
0.51068 0.17621
0.50968 0.17671
0.508820 0.17722
0.50808 0.17773
0.50743 0.17825
0.50688 0.17878
0.50643 0.17932
0.50607 0.17988
0.50583 0.18051
0.505820 0.18119
0.50606 0.18186
0.50651 0.1825
0.5071 0.18311
0.50781 0.18375
0.50866 0.18444
0.50968 0.1852
0.51092 0.18607
0.51245 0.1871
0.51439 0.18834
0.516870 0.18987
0.52003 0.19175
0.523860 0.19395
0.52820 0.19633
0.53294 0.19879
0.53802 0.20131
0.54338 0.20392
0.54893 0.20658
0.55456 0.20927
0.56018 0.21196
0.56572 0.21463
0.57115 0.2173
0.57648 0.21996
0.58168 0.22263
0.586770 0.22533
0.59174 0.228070
0.59659 0.23086
0.60134 0.23371
0.605990 0.236620
0.61053 0.23961
0.61498 0.24269
0.61934 0.24585
0.6236 0.2491
0.62777 0.25245
0.63184 0.25587
0.63579 0.25936
0.63959 0.26289
0.64318 0.2664
0.64648 0.26982
0.6494 0.27304
0.651880 0.276
0.65392 0.27867
0.655540 0.28107
0.65682 0.2832200
0.65802 0.2856
*.*.Setup: s1223rtl.txt as Flap 1, Inverted: y, Scale = 1.0, AoA = 6.0, Reposition from (0,0) = (0, 0)*.*.
*.*.Setup: s1223rtl.txt as Flap 2, Inverted: y, Scale = 0.5, AoA = 30.0, Reposition from previous T.E. = (0.02, 0.05), Reposition from (0,0) = (1.0145, 0.1545)*.*.
*.*.Setup: s1223rtl.txt as Flap 3, Inverted: y, Scale = 0.5, AoA = 35.0, Reposition from previous T.E. = (-0.08, 0.08), Reposition from (0,0) = (1.3675, 0.4845)*.*.
*.*.Setup: Scale Ratio = 0.37028*.*.