0.37166 0.03906
0.369480 0.03689
0.3663 0.03372
0.36258 0.03061
0.35807 0.0276
0.352590 0.02450
0.34598 0.02117
0.33817 0.0176
0.329280 0.01385
0.319540 0.00999
0.30921 0.00613
0.29854 0.00234
0.287690 -0.001340
0.27678 -0.00485
0.26583 -0.00818
0.25486 -0.011320
0.24383 -0.01427
0.23269 -0.01704
0.2213900 -0.01966
0.20987 -0.02216
0.1981 -0.02458
0.18609 -0.02694
0.1739 -0.02928
0.16165 -0.031590
0.14948 -0.03385
0.13758 -0.036
0.12614 -0.03797
0.11535 -0.03968
0.10533 -0.04101
0.09602 -0.04192
0.08731 -0.04237
0.07905 -0.04235
0.07116 -0.04188
0.06359 -0.04095
0.05631 -0.03959
0.04931 -0.03779
0.042630 -0.0356
0.0363 -0.03305
0.03041 -0.03023
0.02506 -0.02728
0.02036 -0.024310
0.01634 -0.02147
0.01297 -0.0188
0.01019 -0.01632
0.0079 -0.01401
0.006020 -0.01187
0.00448 -0.009880
0.00322 -0.00802
0.00219 -0.00628
0.00138 -0.004640
0.00075 -0.00309
0.0003 -0.00162
0.000055 -0.00022
-7e-05 0.00113
0.00013 0.00247
0.00077 0.00369
0.00187 0.00463
0.003270 0.00531
0.00491 0.005830
0.0068 0.00625
0.00897 0.00663
0.01152 0.00697
0.01456 0.0073
0.01827 0.00762
0.0229 0.007910
0.02878 0.00818
0.0362 0.00841
0.0451 0.008550
0.05511 0.0085
0.06588 0.00821
0.07732 0.0077
0.08933 0.00704
0.10173 0.00631
0.11431 0.00555
0.12685 0.0048
0.139250 0.0041
0.15146 0.00349
0.163460 0.00298
0.17527 0.00261
0.18689 0.0024
0.198340 0.00237
0.20964 0.00253
0.22081 0.00291
0.23187 0.00352
0.24282 0.00435
0.25368 0.00543
0.26447 0.00675
0.27518 0.00832
0.28581 0.01013
0.29635 0.0122
0.30673 0.01450
0.31689 0.01701
0.32666 0.0197
0.33583 0.0225
0.34414 0.02533
0.351420 0.02812
0.35763 0.03084
0.36285 0.03349
0.36722 0.036040
0.37166 0.03906
-Inserting Flap s1223rtl-
0.54096 0.15118
0.5404 0.14974
0.5396 0.14764
0.53853 0.14547
0.53708 0.14317
0.53521 0.14064
0.53286 0.13778
0.53003 0.13456
0.52673 0.13104
0.52306 0.1273
0.51913 0.12343
0.51503 0.11953
0.51082 0.11565
0.50655 0.11182
0.50223 0.108070
0.49785 0.10441
0.49341 0.10082
0.48889 0.09729
0.48426 0.09379
0.47951 0.09031
0.47462 0.08681
0.46962 0.08329
0.46453 0.07974
0.4594 0.07619
0.4543 0.07269
0.4493 0.06928
0.44448 0.06606
0.43989 0.06308
0.43559 0.06043
0.43152 0.05813
0.427630 0.05615
0.42386 0.054480
0.420160 0.05309
0.41651 0.05197
0.41291 0.05112
0.40935 0.05052
0.40585 0.05016
0.40244 0.05003
0.39917 0.050120
0.39613 0.05039
0.39338 0.05078
0.39096 0.05126
0.38889 0.0518
0.38711 0.05237
0.3856 0.05295
0.3843 0.05355
0.383190 0.05415
0.38224 0.05474
0.38141 0.055330
0.38071 0.05591
0.38011 0.05649
0.3796 0.05707
0.37919 0.05765
0.37888 0.05825
0.37869 0.0589
0.37874 0.05959
0.37905 0.06024
0.37955 0.06084
0.3802 0.06141
0.38097 0.06199
0.381890 0.0626
0.38298 0.06328
0.3843 0.06405
0.38593 0.06494
0.38799 0.06602
0.39062 0.06734
0.39396 0.06895
0.398 0.070830
0.40258 0.07284
0.40756 0.0749
0.41289 0.07699
0.41851 0.07913
0.42432 0.08132
0.43022 0.08353
0.4361 0.085740
0.44191 0.08794
0.44761 0.090140
0.4532 0.09235
0.45867 0.09458
0.46402 0.096850
0.46925 0.09917
0.47438 0.101540
0.47941 0.10399
0.484330 0.10651
0.489160 0.10912
0.49391 0.111820
0.49857 0.11461
0.50314 0.11751
0.50763 0.1205
0.51202 0.12359
0.5163 0.12675
0.52043 0.12996
0.52434 0.13318
0.52796 0.13632
0.53118 0.13931
0.53394 0.14206
0.53622 0.14457
0.53807 0.14684
0.53955 0.14889
0.54096 0.15118
-Inserting Flap s1223rtl-
0.65763 0.28576
0.657290 0.28425
0.6568 0.28206
0.656060 0.27975
0.65496 0.27728
0.65347 0.2745
0.65157 0.27133
0.649220 0.26773
0.64647 0.26377
0.64339 0.25954
0.64006 0.25514
0.63656 0.25068
0.63296 0.24623
0.6292900 0.24183
0.62556 0.23749
0.62176 0.23323
0.61789 0.229040
0.61392 0.22489
0.60985 0.22076
0.60565 0.21662
0.60133 0.21246
0.596890 0.20824
0.59236 0.2040
0.5878 0.19974
0.58327 0.19553
0.57881 0.19144
0.57451 0.18755
0.5704 0.18395
0.56653 0.1807
0.56284 0.17783
0.55928 0.17531
0.55578 0.17311
0.552320 0.1712
0.54888 0.16957
0.54544 0.1682
0.542 0.16708
0.53859 0.16622
0.53523 0.16561
0.53199 0.16522
0.52894 0.16504
0.52616 0.165030
0.5237 0.16516
0.52157 0.16539
0.51973 0.16569
0.51815 0.16605
0.51678 0.16646
0.51559 0.16689
0.51456 0.16733
0.51367 0.1678
0.51288 0.168270
0.5122 0.16876
0.51162 0.16926
0.51113 0.16977
0.51073 0.17032
0.51046 0.17094
0.5104 0.171630
0.51061 0.17232
0.51103 0.17298
0.511580 0.17364
0.51226 0.174320
0.51308 0.175060
0.51406 0.17589
0.51526 0.17684
0.51674 0.177960
0.51862 0.17933
0.521030 0.18102
0.5241 0.1831
0.52783 0.18553
0.53207 0.18819
0.5367 0.19095
0.54167 0.19379
0.54692 0.19673
0.55235 0.199730
0.55787 0.2027700
0.56337 0.20581
0.56879 0.20883
0.57412 0.211840
0.57932 0.21483
0.58441 0.21783
0.58938 0.22085
0.59422 0.2239
0.59895 0.2270
0.60357 0.23014
0.60808 0.23335
0.61248 0.23663
0.61678 0.23999
0.62099 0.24344
0.62509 0.24696
0.62910 0.25058
0.633 0.25426
0.63677 0.25801
0.64039 0.26179
0.64380 0.26554
0.64692 0.26918
0.64968 0.27259
0.65201 0.27572
0.65390 0.27853
0.6554 0.281040
0.65657 0.28329
0.65763 0.28576
*.*.Setup: s1223rtl.txt as Flap 1, Inverted: y, Scale = 1.0, AoA = 6.0, Reposition from (0,0) = (0, 0)*.*.
*.*.Setup: s1223rtl.txt as Flap 2, Inverted: y, Scale = 0.5, AoA = 30.0, Reposition from previous T.E. = (0.02, 0.05), Reposition from (0,0) = (1.0145, 0.1545)*.*.
*.*.Setup: s1223rtl.txt as Flap 3, Inverted: y, Scale = 0.5, AoA = 38.333333333333336, Reposition from previous T.E. = (-0.08, 0.05), Reposition from (0,0) = (1.3675, 0.4545)*.*.
*.*.Setup: Scale Ratio = 0.37371*.*.