0.35916 -0.03024
0.35837 -0.030980
0.35679 -0.03241
0.354460 -0.03452
0.3515 -0.03715
0.348070 -0.04011
0.34432 -0.04321
0.34043 -0.04626
0.33652 -0.04910
0.33262 -0.05173
0.32873 -0.05418
0.32483 -0.056480
0.32095 -0.058650
0.31707 -0.06074
0.31319 -0.06274
0.30931 -0.06465
0.30543 -0.0665
0.30156 -0.06827
0.29769 -0.06997
0.29382 -0.07161
0.28996 -0.07318
0.28609 -0.0747
0.28223 -0.07616
0.27837 -0.07757
0.27452 -0.07892
0.27066 -0.08022
0.26681 -0.08145
0.26296 -0.08262
0.25911 -0.08373
0.25526 -0.08477
0.25141 -0.08577
0.24757 -0.08673
0.24373 -0.08766
0.23989 -0.08856
0.23604 -0.08943
0.2322 -0.09027
0.22837 -0.09107
0.22453 -0.09182
0.22069 -0.09252
0.21686 -0.09317
0.21303 -0.09378
0.2092 -0.09434
0.20537 -0.09485
0.20154 -0.09533
0.19772 -0.09576
0.1939 -0.096150
0.190070 -0.09651
0.18625 -0.09682
0.18243 -0.09711
0.17861 -0.09735
0.17479 -0.09756
0.17098 -0.09773
0.16716 -0.09785
0.16335 -0.097930
0.15954 -0.09796
0.15573 -0.09795
0.15192 -0.09788
0.14811 -0.09778
0.14431 -0.09763
0.1405 -0.09743
0.1367 -0.09718
0.1329 -0.09689
0.1291 -0.09654
0.12531 -0.09614
0.12151 -0.0957
0.11772 -0.09521
0.11393 -0.09469
0.11014 -0.09412
0.10635 -0.0935300
0.10256 -0.09288
0.09877 -0.09219
0.09499 -0.09142
0.09121 -0.09058
0.08743 -0.08965
0.08366 -0.08863
0.07988 -0.08753
0.07611 -0.086340
0.07235 -0.08506
0.06859 -0.0837
0.06483 -0.08223
0.06107 -0.080650
0.05732 -0.07894
0.05358 -0.07708
0.04984 -0.07507
0.04610 -0.0729
0.04237 -0.07057
0.03865 -0.0681
0.03493 -0.06548
0.03121 -0.06272
0.02751 -0.05973
0.02381 -0.056460
0.02013 -0.05282
0.01646 -0.04874
0.01284 -0.04418
0.00937 -0.039290
0.00622 -0.03422
0.00353 -0.02917
0.00144 -0.0243
7e-05 -0.01978
-0.00043 -0.012240
0.00043 -0.00941
0.00203 -0.00736
0.00433 -0.00614
0.00722 -0.00564
0.01055 -0.00572
0.01416 -0.00625
0.01792 -0.00707
0.02169 -0.008060
0.02546 -0.00919
0.02923 -0.01046
0.03299 -0.01185
0.03675 -0.01337
0.0405 -0.015
0.04425 -0.01672
0.048 -0.01852
0.05174 -0.02040
0.05549 -0.02233
0.05923 -0.0243
0.06297 -0.0263
0.06671 -0.02833
0.07045 -0.03035
0.07419 -0.032380
0.07793 -0.03439
0.08167 -0.03638
0.08541 -0.03835
0.08915 -0.04029
0.0929 -0.0422
0.09664 -0.04408
0.10039 -0.04592
0.10414 -0.04773
0.10788 -0.04949
0.11164 -0.05121
0.11539 -0.0529
0.11914 -0.05453
0.12289 -0.05613
0.12665 -0.05767
0.13041 -0.05917
0.13417 -0.060630
0.13793 -0.06203
0.14169 -0.06339
0.14546 -0.06469
0.14923 -0.06594
0.15299 -0.06714
0.15676 -0.06828
0.16054 -0.06937
0.16431 -0.0704
0.168090 -0.07137
0.17187 -0.07228
0.17565 -0.07313
0.17943 -0.073930
0.18321 -0.07468
0.187 -0.07539
0.19079 -0.07605
0.19458 -0.07667
0.19837 -0.07724
0.20216 -0.07774
0.20595 -0.07818
0.20975 -0.07854
0.21355 -0.07884
0.21735 -0.079060
0.22116 -0.07922
0.22497 -0.0793
0.22878 -0.079320
0.23259 -0.0792700
0.23640 -0.07915
0.24022 -0.078950
0.24404 -0.07868
0.24786 -0.07834
0.25169 -0.07791
0.25552 -0.0774
0.25935 -0.07681
0.26318 -0.07614
0.26702 -0.07538
0.27086 -0.07453
0.2747 -0.07359
0.27855 -0.07255
0.2824 -0.07142
0.28625 -0.07018
0.29011 -0.06884
0.2939700 -0.06741
0.29783 -0.0659
0.3017 -0.0643
0.30557 -0.06262
0.30944 -0.06087
0.31331 -0.05904
0.31719 -0.05714
0.321070 -0.05517
0.32495 -0.05313
0.32884 -0.05099
0.33273 -0.04875
0.33662 -0.04637
0.34052 -0.04385
0.3444 -0.04119
0.34812 -0.03852
0.35154 -0.03598
0.35449 -0.03375
0.35681 -0.03196
0.35838 -0.03075
0.35916 -0.03024
-Inserting Flap Ga2-
0.48082 0.075970
0.48076 0.07554
0.48063 0.0747
0.48043 0.07345
0.48017 0.07189
0.47985 0.07011
0.47947 0.0682
0.47903 0.06627
0.47853 0.06441
0.47798 0.06261
0.47738 0.06086
0.47675 0.05917
0.4760900 0.057520
0.47541 0.05589
0.4747 0.05429
0.47398 0.05272
0.47324 0.05117
0.47248 0.04965
0.471710 0.04814
0.47092 0.04666
0.4701100 0.0452
0.46929 0.04375
0.46846 0.04233
0.46762 0.04092
0.46676 0.03953
0.46589 0.03815
0.465 0.0368
0.4641 0.03547
0.463180 0.03415
0.46224 0.03286
0.4613 0.031580
0.460350 0.03032
0.4593900 0.02906
0.45842 0.02781
0.45744 0.02658
0.45646 0.02535
0.45547 0.02413
0.45447 0.02293
0.45345 0.02175
0.45242 0.02058
0.45138 0.01943
0.45033 0.01829
0.44927 0.01717
0.4482 0.01606
0.44712 0.014960
0.44603 0.01388
0.44493 0.0128
0.44383 0.011740
0.44271 0.01069
0.44159 0.009650
0.44045 0.00863
0.43931 0.00762
0.43815 0.00662
0.43699 0.00563
0.43581 0.004670
0.43462 0.00371
0.43342 0.00277
0.43221 0.00185
0.43099 0.00094
0.42976 4e-050
0.42851 -0.00084
0.42726 -0.00171
0.42599 -0.00255
0.42471 -0.00339
0.42342 -0.0042
0.42212 -0.00501
0.42081 -0.0058
0.41949 -0.00658
0.41816 -0.00735
0.41682 -0.0081
0.41547 -0.00884
0.4141 -0.009550
0.41271 -0.01024
0.4113 -0.0109
0.40987 -0.01154
0.408420 -0.01214
0.40695 -0.01272
0.40546 -0.01327
0.40395 -0.0138
0.40241 -0.01429
0.40084 -0.01474
0.399250 -0.01515
0.39761 -0.01552
0.39594 -0.01583
0.39424 -0.0161
0.39249 -0.016310
0.39071 -0.01648
0.3889 -0.01661
0.38705 -0.01668
0.38514 -0.01669
0.38317 -0.0166
0.381110 -0.0164
0.37894 -0.01605
0.37667 -0.01555
0.37436 -0.0149
0.3721 -0.01411
0.36999 -0.01322
0.36812 -0.01224
0.36656 -0.011170
0.36450 -0.00895
0.36406 -0.00786
0.36404 -0.00682
0.36445 -0.00586
0.365220 -0.00498
0.36627 -0.00417
0.36753 -0.00342
0.3689 -0.00273
0.37033 -0.00209
0.37178 -0.00149
0.37327 -0.00094
0.37480 -0.00042
0.37634 5e-05
0.37792 0.00049
0.37952 0.0009
0.38114 0.00128
0.382780 0.00164
0.38443 0.00198
0.38609 0.00231
0.38775 0.00263
0.38942 0.00294
0.3911 0.00326
0.39277 0.003570
0.39444 0.00388
0.3961 0.00421
0.39776 0.00454
0.39941 0.00487
0.40106 0.00522
0.40269 0.00558
0.40432 0.00595
0.40594 0.00633
0.407550 0.00673
0.40915 0.00714
0.41074 0.00756
0.41232 0.008
0.413890 0.00845
0.41544 0.00891
0.416990 0.00939
0.41852 0.00989
0.42005 0.0104
0.421560 0.01092
0.42306 0.01146
0.424540 0.01202
0.42602 0.0126
0.42748 0.01319
0.42892 0.0138
0.43035 0.01443
0.43177 0.01508
0.43318 0.01575
0.43457 0.01644
0.435940 0.01714
0.43731 0.01786
0.43866 0.01859
0.44001 0.01934
0.44134 0.0201
0.44266 0.02088
0.443970 0.02168
0.44526 0.0225
0.44653 0.02334
0.44779 0.02421
0.44902 0.02509
0.45025 0.026
0.45145 0.02694
0.452640 0.02789
0.45381 0.028860
0.45497 0.02986
0.4561 0.03088
0.45722 0.03193
0.45833 0.033
0.45941 0.0341
0.46047 0.03522
0.46151 0.03636
0.46253 0.03754
0.46354 0.03874
0.464520 0.03997
0.46547 0.04123
0.46641 0.04252
0.46732 0.04384
0.46821 0.0452
0.46907 0.04659
0.46991 0.048
0.47073 0.04945
0.47153 0.05092
0.47231 0.052410
0.47307 0.053930
0.47381 0.05547
0.47454 0.05704
0.475250 0.05863
0.47594 0.06024
0.47661 0.06188
0.47726 0.06356
0.47787 0.065280
0.47845 0.06704
0.47898 0.06885
0.47947 0.07062
0.47989 0.07226
0.48025 0.0737
0.4805200 0.07484
0.4807 0.07561
0.48082 0.075970
-Inserting Flap Ga2-
0.60204 0.19798
0.602040 0.19755
0.602030 0.1967
0.60201 0.19544
0.60197 0.19386
0.6019 0.19205
0.60179 0.19011
0.60162 0.18814
0.60138 0.18622
0.60109 0.18436
0.60074 0.18255
0.60035 0.18079
0.59993 0.17906
0.59948 0.17735
0.599 0.17567
0.59851 0.17401
0.59799 0.17238
0.59745 0.17076
0.59689 0.169160
0.59632 0.16759
0.59572 0.166020
0.59511 0.1644800
0.59449 0.16295
0.59385 0.16144
0.59319 0.15994
0.59252 0.15846
0.59183 0.157
0.59112 0.15555
0.59039 0.15412
0.58965 0.15271
0.58889 0.15132
0.58812 0.14993
0.58735 0.14855
0.58656 0.14718
0.58577 0.14582
0.58497 0.14447
0.58415 0.14313
0.58333 0.141800
0.58249 0.14049
0.58163 0.13919
0.58076 0.13790
0.57988 0.13663
0.57899 0.13537
0.578080 0.13412
0.57717 0.13288
0.57624 0.13166
0.5753 0.13044
0.57435 0.12924000
0.57339 0.12804
0.572420 0.126860
0.57144 0.12568
0.57045 0.12452
0.56944 0.12337
0.56842 0.12224
0.56739 0.12111
0.56635 0.12
0.56529 0.11891
0.56422 0.11782
0.56314 0.11675
0.56205 0.11569
0.56094 0.11465
0.55981 0.11361
0.55868 0.1126
0.55752 0.11159
0.55636 0.11061
0.55518 0.10963
0.55399 0.10866
0.5528 0.10771
0.55159 0.10676
0.55036 0.10583
0.54913 0.10491
0.5478700 0.10401
0.54659 0.10314
0.54529 0.10228
0.54397 0.10146
0.54261 0.10066
0.54124 0.09988
0.53984 0.09912
0.53841 0.0984
0.53696 0.0977
0.53547 0.09703
0.53395 0.09640
0.53238 0.09581
0.53077 0.09527
0.52912 0.09477
0.52742 0.09431
0.52568 0.093890
0.5239 0.093520
0.52208 0.09319
0.52019 0.09292
0.51823 0.09273
0.51616 0.09264
0.51396 0.09268
0.51164 0.09287
0.50926 0.09319
0.50692 0.09365
0.50471 0.09424
0.50272 0.09496
0.50102 0.09579
0.49868 0.097700
0.49809 0.09872
0.49792 0.09975
0.49819 0.10076
0.498830 0.10174
0.49977 0.10269
0.50091 0.1036
0.50217 0.10448
0.50349 0.10531
0.504850 0.10611
0.50625 0.10686
0.50768 0.10758
0.50915 0.10827
0.51065 0.108920
0.51218 0.10955
0.51373 0.11015
0.5153 0.110740
0.51688 0.11131
0.51848 0.11186
0.520090 0.11241
0.5217 0.11295
0.52331 0.11349
0.52492 0.11404
0.52653 0.11458
0.52814 0.11513
0.52973 0.11569
0.53132 0.11625
0.5329 0.116830
0.53447 0.117410
0.53604 0.11801
0.53759 0.11861
0.53912 0.11922
0.54065 0.11985
0.54217 0.12049
0.54367 0.12114
0.54516 0.12181
0.54664 0.12248
0.5481 0.12317
0.54955 0.12388
0.55099 0.1245900
0.55241 0.12532
0.55382 0.12607
0.55521 0.12683
0.55659 0.127610
0.55796 0.1284
0.5593 0.1292
0.56063 0.13003
0.56195 0.13087
0.5632400 0.13173
0.56452 0.1326
0.56579 0.13349
0.56704 0.13439
0.56828 0.1353
0.56951 0.13623
0.570720 0.13717
0.57192 0.138130
0.57311 0.13910
0.57427 0.14009
0.57541 0.1411
0.576530 0.14213
0.57764 0.14318
0.57872 0.14425
0.57978 0.14534
0.580830 0.14645
0.58185 0.14758
0.58286 0.14873
0.58384 0.1499
0.58481 0.151090
0.58575 0.15231
0.58667 0.15354
0.58756 0.1548
0.58844 0.15608
0.58928 0.15739
0.59011 0.15872
0.59091 0.16007
0.59168 0.16145
0.59243 0.16286
0.59315 0.1643
0.59383 0.16576
0.5945 0.16725
0.59513 0.16877
0.595740 0.17032
0.59633 0.17188
0.596890 0.17347
0.597440 0.17508
0.59796 0.17672
0.59846 0.17837
0.59894 0.18004
0.5994 0.18173
0.59984 0.18345
0.60024 0.1852
0.60061 0.18699
0.60094 0.18882
0.601220 0.19068
0.601450 0.1925
0.601640 0.19419
0.60179 0.19566
0.6019 0.19683
0.60198 0.19762
0.60204 0.19798
*.*.Setup: Ga2.txt as Flap 1, Inverted: y, Scale = 1.0, AoA = -2.0, Reposition from (0,0) = (0, 0)*.*.
*.*.Setup: Ga2.txt as Flap 2, Inverted: y, Scale = 0.4, AoA = 37.0, Reposition from previous T.E. = (0.0067, 0.07), Reposition from (0,0) = (1.0043, -0.014)*.*.
*.*.Setup: Ga2.txt as Flap 3, Inverted: y, Scale = 0.4, AoA = 45.0, Reposition from previous T.E. = (0.04, 0.07), Reposition from (0,0) = (1.3756, 0.281)*.*.
*.*.Setup: Scale Ratio = 0.35999*.*.