0.3533 0.03713
0.351220 0.03507
0.3482 0.03205
0.34466 0.0291
0.34038 0.02623
0.335170 0.023290
0.32888 0.02013
0.32146 0.01673
0.313010 0.01316
0.303750 0.0095
0.29393 0.00583
0.28379 0.00222
0.273480 -0.001270
0.2631 -0.00461
0.2527 -0.00778
0.24227 -0.010760
0.23178 -0.01356
0.22119 -0.0162
0.2104500 -0.01869
0.1995 -0.02106
0.18831 -0.02336
0.1769 -0.02561
0.16531 -0.02783
0.15366 -0.030030
0.14209 -0.03218
0.13078 -0.03422
0.11991 -0.0361
0.10965 -0.03771
0.10012 -0.03899
0.09128 -0.03985
0.08299 -0.04027
0.07514 -0.04026
0.06764 -0.03981
0.06045 -0.03893
0.05353 -0.03763
0.04687 -0.03592
0.040520 -0.03384
0.0345 -0.03142
0.0289 -0.02874
0.02382 -0.02593
0.01935 -0.023110
0.01553 -0.02041
0.01233 -0.01787
0.00968 -0.01551
0.00751 -0.01332
0.005720 -0.01129
0.00426 -0.009390
0.00306 -0.00762
0.00208 -0.00597
0.00131 -0.004410
0.00071 -0.00294
0.00028 -0.00154
0.000055 -0.00021
-6e-05 0.00107
0.00013 0.00235
0.00074 0.0035
0.00178 0.0044
0.003110 0.00505
0.00467 0.005540
0.00646 0.00594
0.00853 0.0063
0.01095 0.00663
0.01384 0.00694
0.01737 0.00724
0.02177 0.007520
0.02736 0.00778
0.03441 0.008
0.04288 0.008120
0.05239 0.00808
0.06262 0.0078
0.0735 0.00732
0.08492 0.00669
0.09671 0.006
0.10866 0.00528
0.12059 0.00456
0.132370 0.0039
0.14397 0.00331
0.155390 0.00283
0.16661 0.00248
0.17766 0.00228
0.188540 0.00225
0.19928 0.00241
0.2099 0.00277
0.22041 0.00334
0.23082 0.00414
0.24115 0.00516
0.2514 0.00641
0.26158 0.0079
0.27169 0.00963
0.2817 0.01159
0.29158 0.013780
0.30123 0.01617
0.31052 0.01873
0.31924 0.02139
0.32714 0.02408
0.334050 0.02673
0.33996 0.02932
0.34492 0.03183
0.34908 0.034260
0.3533 0.03713
-Inserting Flap s1223rtl-
0.50712 0.14371
0.50659 0.14234
0.50583 0.14035
0.50481 0.13828
0.50344 0.1361
0.50166 0.13369
0.49943 0.13097
0.49673 0.12791
0.4936 0.12457
0.49011 0.12101
0.48637 0.11733
0.48247 0.11362
0.47847 0.10993
0.47441 0.10629
0.4703 0.102730
0.46615 0.09925
0.46193 0.09584
0.45762 0.09248
0.45322 0.08916
0.44871 0.08584
0.44406 0.08252
0.43931 0.07917
0.43447 0.0758
0.42959 0.07243
0.42475 0.06909
0.42 0.06586
0.41541 0.06279
0.41105 0.05997
0.40696 0.05745
0.4031 0.05526
0.39940 0.05338
0.39581 0.051790
0.392290 0.05047
0.38883 0.04941
0.3854 0.04859
0.38201 0.04802
0.37869 0.04768
0.37545 0.04756
0.37234 0.047650
0.36945 0.0479
0.36684 0.04827
0.36454 0.04873
0.36256 0.04924
0.36088 0.04978
0.35944 0.05034
0.35821 0.0509
0.357150 0.05147
0.35624 0.05204
0.35546 0.052590
0.35479 0.05315
0.35422 0.0537
0.35374 0.05425
0.35335 0.0548
0.35305 0.05537
0.35288 0.05599
0.35292 0.05665
0.35321 0.05727
0.35369 0.05783
0.3543 0.05837
0.35504 0.05892
0.355910 0.05951
0.35695 0.06015
0.35821 0.06088
0.35976 0.06173
0.36171 0.06276
0.36421 0.06401
0.36739 0.06555
0.37123 0.067330
0.37558 0.06924
0.38031 0.0712
0.38538 0.07318
0.39073 0.07522
0.39625 0.0773
0.40186 0.0794
0.40745 0.08150
0.41297 0.0836
0.41839 0.085690
0.4237 0.08779
0.4289 0.08991
0.43398 0.092060
0.43896 0.09427
0.44384 0.096520
0.44861 0.09885
0.453290 0.10125
0.457890 0.10373
0.4624 0.106290
0.46682 0.10895
0.47117 0.1117
0.47544 0.11455
0.47961 0.11748
0.48368 0.12049
0.4876 0.12354
0.49133 0.1266
0.49477 0.12959
0.49783 0.13242
0.50045 0.13504
0.50262 0.13742
0.50438 0.13958
0.50578 0.14154
0.50712 0.14371
-Inserting Flap s1223rtl-
0.65973 0.27401
0.65932 0.2726
0.65873 0.27055
0.6579 0.2684
0.65672 0.266110
0.65515 0.2635600
0.65317 0.26065
0.65075 0.25737
0.64792 0.25376
0.644760 0.24991
0.641350 0.24592
0.63779 0.24189
0.63413 0.23786
0.6304 0.233890
0.62662 0.22998
0.622780 0.22615
0.61887 0.22238
0.61488 0.21866
0.61079 0.21497
0.60658 0.21127
0.602240 0.20756
0.59779 0.20381
0.59327 0.20003
0.5887 0.19624
0.584170 0.1925
0.57972 0.18886
0.57541 0.18541
0.57132 0.18221
0.56746 0.17935
0.5638 0.17683
0.56028 0.17463
0.55685 0.17273
0.55346 0.17111
0.5501 0.16975
0.54676 0.168640
0.54343 0.16778
0.54015 0.16715
0.53693 0.16675
0.53383 0.16656
0.53093 0.16656
0.52829 0.16671
0.52596 0.16697
0.52395 0.1673
0.52222 0.16769
0.52074 0.16812
0.519470 0.16858
0.51836 0.16905
0.51741 0.16953
0.516580 0.17002
0.51587 0.17051
0.51525 0.17101
0.51472 0.17152
0.51429 0.17204
0.51394 0.17258
0.51371 0.17318
0.51370 0.17384
0.51394 0.17448
0.51437 0.17509
0.51493 0.17568
0.51561 0.17629
0.51643 0.17695
0.51741 0.17768
0.5186 0.17852
0.52007 0.1795
0.52192 0.18069
0.524310 0.18216
0.52734 0.18396
0.531010 0.18607
0.535180 0.18836
0.53972 0.19072
0.54459 0.19314
0.54974 0.19564
0.55506 0.19819
0.56047 0.20077
0.56585 0.20335
0.57117 0.20592
0.57639 0.20847
0.58149 0.21103
0.58649 0.2136
0.591370 0.21619
0.59613 0.218810
0.60079 0.22149
0.60535 0.22422
0.60980 0.227010
0.61416 0.22989
0.61843 0.23284
0.62261 0.23587
0.6267 0.23899
0.6307 0.2422
0.63461 0.24548
0.6384 0.24883
0.64204 0.25222
0.64548 0.25559
0.64865 0.25886
0.65145 0.26195
0.653830 0.26479
0.65579 0.26735
0.657350 0.26966
0.65858 0.2717300
0.65973 0.27401
*.*.Setup: s1223rtl.txt as Flap 1, Inverted: y, Scale = 1.0, AoA = 6.0, Reposition from (0,0) = (0, 0)*.*.
*.*.Setup: s1223rtl.txt as Flap 2, Inverted: y, Scale = 0.5, AoA = 30.0, Reposition from previous T.E. = (0.0, 0.05), Reposition from (0,0) = (0.9945, 0.1545)*.*.
*.*.Setup: s1223rtl.txt as Flap 3, Inverted: y, Scale = 0.5, AoA = 35.0, Reposition from previous T.E. = (0.02, 0.08), Reposition from (0,0) = (1.4475, 0.4845)*.*.
*.*.Setup: Scale Ratio = 0.35524*.*.