0.35597 -0.02997
0.35519 -0.030710
0.35363 -0.03212
0.351320 -0.03421
0.34838 -0.03682
0.344980 -0.03975
0.34128 -0.04283
0.33742 -0.04585
0.33354 -0.048660
0.32968 -0.05127
0.32581 -0.0537
0.32196 -0.055980
0.31811 -0.058130
0.31426 -0.0602
0.31041 -0.06218
0.30657 -0.06408
0.30273 -0.06591
0.29889 -0.06766
0.29505 -0.06935
0.29122 -0.07097
0.28739 -0.07254
0.28356 -0.07404
0.27973 -0.07549
0.27591 -0.07688
0.27208 -0.07822
0.26826 -0.07951
0.26444 -0.08073
0.26063 -0.08189
0.25681 -0.08298
0.253 -0.08402
0.24919 -0.08501
0.24538 -0.08596
0.24157 -0.08688
0.23776 -0.08777
0.23395 -0.08864
0.23015 -0.08947
0.22634 -0.09026
0.22254 -0.09101
0.21874 -0.0917
0.21494 -0.09235
0.21114 -0.09295
0.20735 -0.0935
0.20355 -0.09401
0.19976 -0.09448
0.19597 -0.09491
0.19218 -0.09530
0.188390 -0.09565
0.1846 -0.09597
0.18081 -0.09625
0.17703 -0.09649
0.17325 -0.0967
0.16946 -0.09686
0.16568 -0.09699
0.1619 -0.097060
0.15813 -0.09709
0.15435 -0.09708
0.15057 -0.09702
0.1468 -0.09691
0.14303 -0.09676
0.13926 -0.09657
0.13549 -0.09632
0.13173 -0.09603
0.12796 -0.09569
0.1242 -0.09529
0.12044 -0.09485
0.11668 -0.09437
0.11292 -0.09385
0.10916 -0.09329
0.10541 -0.092700
0.10165 -0.09206
0.0979 -0.09137
0.09415 -0.09061
0.0904 -0.08978
0.08666 -0.08886
0.08291 -0.08785
0.07918 -0.08676
0.07544 -0.085580
0.07171 -0.08431
0.06798 -0.08296
0.06425 -0.08151
0.06053 -0.079940
0.05681 -0.07824
0.0531 -0.0764
0.04939 -0.0744
0.045690 -0.07225
0.042 -0.06995
0.03831 -0.0675
0.03462 -0.0649
0.03094 -0.06216
0.02726 -0.05921
0.0236 -0.055960
0.01995 -0.05235
0.01632 -0.04831
0.01272 -0.04379
0.00929 -0.038940
0.00617 -0.03392
0.0035 -0.02891
0.00143 -0.02408
7e-05 -0.01961
-0.00042 -0.012130
0.00043 -0.00933
0.00201 -0.00729
0.00429 -0.00608
0.00716 -0.00559
0.01045 -0.00567
0.01403 -0.00619
0.01776 -0.007
0.0215 -0.007990
0.02524 -0.00911
0.02897 -0.01037
0.0327 -0.01175
0.03642 -0.01325
0.04014 -0.01486
0.04386 -0.01657
0.04757 -0.01836
0.05129 -0.020220
0.055 -0.02213
0.0587 -0.02409
0.06241 -0.02607
0.06612 -0.02807
0.06983 -0.03008
0.07353 -0.032090
0.07724 -0.03408
0.08095 -0.03606
0.08465 -0.03801
0.08836 -0.03994
0.09207 -0.04183
0.09579 -0.04369
0.0995 -0.04552
0.10321 -0.0473
0.10693 -0.04905
0.11065 -0.05076
0.11436 -0.05243
0.11808 -0.05405
0.12181 -0.05563
0.12553 -0.05716
0.12925 -0.05865
0.13298 -0.060090
0.13671 -0.06148
0.14044 -0.06282
0.14417 -0.06412
0.1479 -0.06536
0.15164 -0.06654
0.15538 -0.06768
0.15911 -0.06876
0.16286 -0.06977
0.16660 -0.07074
0.17034 -0.07164
0.17409 -0.07248
0.17784 -0.073280
0.18159 -0.07402
0.18534 -0.07472
0.1891 -0.07538
0.19285 -0.07599
0.19661 -0.07655
0.20037 -0.07705
0.20413 -0.07749
0.20789 -0.07785
0.21166 -0.07814
0.21543 -0.078360
0.2192 -0.07851
0.22297 -0.0786
0.22675 -0.078620
0.23053 -0.0785700
0.234310 -0.07845
0.23809 -0.078250
0.24188 -0.07799
0.24567 -0.07764
0.24946 -0.07722
0.25325 -0.07672
0.25705 -0.07613
0.26085 -0.07546
0.26465 -0.07471
0.26846 -0.07387
0.27227 -0.07294
0.27608 -0.07191
0.2799 -0.07079
0.28372 -0.06956
0.28754 -0.06823
0.2913700 -0.06682
0.2952 -0.06531
0.29903 -0.06373
0.30286 -0.06207
0.3067 -0.06033
0.31054 -0.05852
0.31438 -0.05664
0.318230 -0.05468
0.32207 -0.05266
0.32592 -0.05054
0.32978 -0.04832
0.33364 -0.04596
0.3375 -0.04346
0.34135 -0.04083
0.34504 -0.03818
0.34842 -0.03567
0.35135 -0.03345
0.35365 -0.03168
0.3552 -0.03048
0.35597 -0.02997
-Inserting Flap Ga2-
0.5006 0.04998
0.50047 0.04957
0.50019 0.04877
0.49979 0.04759
0.49927 0.04611
0.498650 0.04443
0.49795 0.04263
0.49718 0.04083
0.49637 0.03909
0.495530 0.03743
0.49465 0.03583
0.493740 0.03429
0.49281 0.03278
0.49186 0.03131
0.4909 0.02988
0.48993 0.02847
0.48894 0.02708
0.48793 0.02572
0.486920 0.02439
0.48589 0.023080
0.48486 0.02179
0.48381 0.020520
0.48275 0.01927
0.48168 0.01804
0.4806 0.016830
0.47952 0.01564
0.478420 0.01447
0.47731 0.01333
0.47618 0.0122
0.47505 0.0111
0.47391 0.010020
0.472760 0.00894
0.47161 0.00788
0.47045 0.00683
0.46928 0.00579
0.46811 0.00476
0.46694 0.00375
0.465750 0.00275
0.46456 0.00177
0.46335 0.00081
0.462140 -0.00014
0.4609200 -0.00107
0.45969 -0.00198
0.45845 -0.00288
0.45721 -0.00377
0.45596 -0.00464000
0.4547 -0.0055
0.45344 -0.00634
0.45217 -0.00717
0.45089 -0.00799
0.4496100 -0.0088
0.44832 -0.009590
0.447020 -0.01037
0.44571 -0.01113
0.44439 -0.01187
0.44307 -0.0126
0.44174 -0.01331
0.4404 -0.014
0.43905 -0.01468
0.43769 -0.01534
0.43633 -0.01599
0.43495 -0.01662
0.43357 -0.01723
0.43218 -0.01782
0.43078 -0.0184
0.42937 -0.01896
0.4279500 -0.0195
0.42653 -0.02003
0.4251 -0.02056
0.423660 -0.02106
0.42221 -0.02155
0.42076 -0.02201
0.41928 -0.02244
0.41779 -0.02285
0.41629 -0.02322
0.414770 -0.02356
0.41323 -0.02388
0.41168 -0.02416
0.41012 -0.02441
0.40853 -0.02462
0.40693 -0.024790
0.4053 -0.02492
0.40364 -0.025
0.40196 -0.02502
0.40024 -0.02498
0.39850 -0.02489
0.39674 -0.02475
0.39494 -0.02456
0.39313 -0.02431
0.39127 -0.02399
0.38936 -0.02357
0.38738 -0.02301
0.38532 -0.0223
0.38319 -0.02142
0.38105 -0.02039
0.37898 -0.01924
0.37708 -0.018
0.37542 -0.01672
0.37407 -0.01541
0.37245 -0.012890
0.37221 -0.01175
0.37237 -0.01073
0.37293 -0.00986
0.37383 -0.00913
0.375 -0.008520
0.37636 -0.00801
0.37782 -0.00757
0.37932 -0.00719
0.38084 -0.00686
0.38239 -0.00657
0.38396 -0.00634
0.38556 -0.00614
0.38717 -0.00598
0.3888 -0.00586
0.39045 -0.00576
0.39211 -0.005690
0.39378 -0.005640
0.39546 -0.00561
0.39714 -0.00558
0.39882 -0.0055700
0.40051 -0.00555
0.40219 -0.00553
0.40388 -0.00551
0.40556 -0.00548
0.40723 -0.00545
0.40891 -0.0054
0.410570 -0.005340
0.41223 -0.00528
0.41388 -0.00519
0.41553 -0.0051
0.41717 -0.00499
0.4188 -0.00487
0.42042 -0.00473
0.42204 -0.00458
0.42365 -0.004410
0.42525 -0.004220
0.42684 -0.00402
0.42842 -0.0038
0.43 -0.003560
0.43156 -0.00331
0.43312 -0.00304
0.43466 -0.00275
0.4362 -0.002440
0.43773 -0.002110
0.43925 -0.00176
0.440750 -0.0014
0.44225 -0.00101
0.44373 -0.00059
0.44521 -0.000160
0.44667 0.0002900
0.44813 0.00075
0.44958 0.001230
0.45102 0.00173
0.45245 0.00225
0.45388 0.00278
0.45529 0.00333
0.456690 0.00391
0.45807 0.00451
0.45945 0.00514
0.46081 0.0058
0.46216 0.00647
0.4635 0.00718
0.46482 0.0079
0.46613 0.00865
0.46743 0.00943
0.46872 0.01023
0.46999 0.01106
0.47125 0.01191
0.472490 0.012790
0.47372 0.01371
0.47494 0.01465
0.47614 0.01562
0.47732 0.01662
0.47849 0.01765
0.47964 0.01872
0.48078 0.01981
0.4819 0.02095
0.48299 0.02212
0.48407 0.02332
0.48514 0.02456
0.48619 0.02583
0.48722 0.02713
0.48824 0.02845
0.48924 0.02980
0.49024 0.03118
0.491220 0.03259
0.49218 0.03401
0.493140 0.035470
0.49407 0.03696
0.49499 0.03848
0.495880 0.04005
0.49675 0.04168
0.49758 0.04335
0.49836 0.04499
0.49906 0.04652
0.49965 0.04787
0.50011 0.04893
0.50042 0.04965
0.5006 0.04998
-Inserting Flap Ga2-
0.60291 0.16735
0.60291 0.16692
0.6029 0.16608
0.60288 0.16483
0.60284 0.16326
0.60277 0.161460
0.60266 0.15954
0.602490 0.15759
0.60226 0.15569
0.60196 0.15384
0.60162 0.15205
0.60123 0.1503
0.60081 0.148590
0.60037 0.1469
0.5999 0.14523
0.59941 0.14359
0.59889 0.14197
0.59836 0.1403700
0.597810 0.13878
0.597240 0.137220
0.59665 0.13567
0.59604 0.13414
0.59542 0.13263
0.59479 0.13113
0.59414 0.12964
0.59347 0.12818
0.59279 0.12673
0.59208 0.12529
0.59136 0.12388
0.59063 0.12248
0.58988 0.12109
0.58911 0.11972
0.588340 0.11836
0.58757 0.117
0.58678 0.11565
0.585990 0.11431
0.585180 0.11298
0.58436 0.11166
0.58353 0.11036
0.58268 0.10907
0.58182 0.1078
0.58095 0.10654
0.58006 0.10529
0.57916 0.10405
0.57825 0.10282
0.57733 0.10161
0.5764 0.10041
0.57546 0.09921
0.574510 0.09803
0.57355 0.09685
0.57258 0.09569
0.57159 0.09454
0.5706 0.0934
0.56959 0.09227
0.56857 0.09116
0.56753 0.09006
0.566490 0.08897
0.56543 0.08790
0.56435 0.08683
0.56327 0.08578
0.56217 0.084750
0.56106 0.08373
0.55993 0.08272
0.55879 0.08172
0.55763 0.08074
0.55647 0.07978
0.55529 0.07882
0.5541 0.07787
0.5529 0.07693
0.5516900 0.07601
0.55046 0.0751
0.54922 0.07421
0.54795 0.07334
0.546660 0.0725
0.54535 0.07168
0.54401 0.070880
0.54264 0.07011
0.54125 0.06936
0.53984 0.06864
0.5384 0.06795
0.53693 0.06729
0.53542 0.06666
0.53386 0.06608
0.53227 0.06554
0.53063 0.06504
0.528950 0.06459
0.52722 0.06418
0.52546 0.06381
0.52365 0.06348
0.521790 0.06321
0.51984 0.06303
0.517790 0.06294
0.51561 0.06298
0.51331 0.06316
0.510950 0.06348
0.50863 0.06394
0.50644 0.06452
0.50446 0.06523
0.50278 0.06606
0.50046 0.06796
0.499880 0.06897
0.499710 0.06999
0.49998 0.07098
0.50062 0.07196
0.50154 0.0729
0.50267 0.0738
0.503920 0.074670
0.50523 0.0755
0.50658 0.07629
0.50796 0.07703
0.50939 0.07775
0.51084 0.07843
0.51233 0.07908
0.51384 0.0797
0.51538 0.0803
0.51693 0.08087
0.51851 0.08144
0.52009 0.08199
0.52168 0.08253
0.52328 0.083070
0.52488 0.08361
0.52648 0.08414
0.52807 0.08468
0.52966 0.08523
0.531240 0.08578
0.53282 0.08634
0.53438 0.08691
0.53594 0.08749
0.53749 0.08808
0.5390200 0.08868
0.54055 0.08929
0.54206 0.08991
0.54356 0.09054
0.5450500 0.09119
0.546530 0.09185
0.548 0.09252
0.54945 0.0932
0.55088 0.0939
0.55231 0.09461
0.55372 0.09533
0.55511 0.09607
0.5565 0.096830
0.55786 0.09759
0.55921 0.09838
0.56055 0.09918
0.56187 0.09999
0.56317 0.10083
0.56446 0.10168
0.56573 0.10254
0.56698 0.103420
0.568220 0.10432
0.56945 0.10522
0.57067 0.106140
0.57187 0.10707
0.57306 0.10802
0.574230 0.10898
0.57538 0.10997
0.57652 0.11097
0.57763 0.11199
0.57872 0.11303
0.57979 0.11409
0.58085 0.11517
0.58189 0.11627
0.5829 0.11739
0.5839 0.11853
0.58487 0.11969
0.58583 0.12087
0.58676 0.12207
0.58767 0.1233
0.58856 0.12455
0.58942 0.12582
0.59026 0.12711
0.59108 0.128430
0.59187 0.12977
0.59264 0.13114
0.59338 0.13254
0.59409 0.13396
0.59477 0.13541
0.59543 0.13689
0.59606 0.1384
0.59666 0.13993
0.59725 0.14148
0.59781 0.14306
0.59834 0.144650
0.59886 0.14627
0.59936 0.14791
0.59984 0.14956
0.60029 0.15124
0.600730 0.15295
0.60113 0.15468
0.60149 0.156450
0.601810 0.15826
0.60209 0.16011
0.60232 0.16191
0.60251 0.16359
0.60266 0.16505
0.602770 0.1662
0.60284 0.16698
0.60291 0.16735
*.*.Setup: Ga2.txt as Flap 1, Inverted: y, Scale = 1.0, AoA = -2.0, Reposition from (0,0) = (0, 0)*.*.
*.*.Setup: Ga2.txt as Flap 2, Inverted: y, Scale = 0.4, AoA = 27.0, Reposition from previous T.E. = (0.04, 0.06), Reposition from (0,0) = (1.0377, -0.024)*.*.
*.*.Setup: Ga2.txt as Flap 3, Inverted: y, Scale = 0.4, AoA = 45.0, Reposition from previous T.E. = (-0.01, 0.06), Reposition from (0,0) = (1.393, 0.2001)*.*.
*.*.Setup: Scale Ratio = 0.3568*.*.