0.35412 0.05609
0.35214 0.05390
0.34925 0.0507
0.34584 0.04753
0.34168 0.04442
0.33658 0.04117
0.33041 0.03766
0.32312 0.03385
0.31479 0.02980
0.30564 0.02562
0.29594 0.0214
0.28591 0.01723
0.2757 0.01316
0.26542 0.00925
0.2551 0.00551
0.24475 0.00195
0.23432 -0.00143
0.22379 -0.00464
0.21309 -0.00772
0.20218 -0.01069
0.19103 -0.0136
0.17965 -0.01647
0.16808 -0.01932
0.15646 -0.02215
0.14491 -0.02493
0.13362 -0.02759
0.12276 -0.030050
0.11251 -0.03222
0.10297 -0.03401
0.0941 -0.03534
0.08577 -0.03621
0.07786 -0.03661
0.07028 -0.03655
0.06298 -0.036040
0.05593 -0.0351
0.04914 -0.03373
0.04263 -0.03196
0.03643 -0.02984
0.03065 -0.02744
0.02538 -0.02487
0.02073 -0.022270
0.016730 -0.01975
0.01337 -0.01736
0.010580 -0.01512
0.00827 -0.01303
0.006360 -0.011070
0.00479 -0.00924
0.00348 -0.00752
0.00241 -0.0059
0.00155 -0.0043700
0.00087 -0.00292
0.00037 -0.001540
0.000086 -0.00021
-0.00012 0.00108000
0.000005 0.00237
0.00056 0.003570
0.00156 0.00453
0.00287 0.00525
0.00442 0.00583
0.0062 0.006330
0.00826 0.0068
0.01069 0.00726
0.01358 0.00773
0.01712 0.00821
0.02154 0.00873
0.02717 0.00929
0.03426 0.00988
0.04278 0.01045
0.05237 0.01091
0.06270 0.01117
0.073690 0.01126
0.08524 0.01123
0.097150 0.01115
0.10924 0.01106
0.1213 0.01097
0.13321 0.01092
0.144930 0.01094
0.15646 0.01106
0.16779 0.01130
0.178940 0.01168
0.18991 0.01223
0.20073 0.01295
0.21141 0.01388
0.2219700 0.01501
0.23242 0.01636
0.24277 0.01794
0.25304 0.01974
0.263230 0.02178
0.27332 0.02406
0.28331 0.02657
0.29315 0.02929
0.30275 0.03221
0.31198 0.03528
0.32062 0.03842
0.32844 0.04155
0.33528 0.04459
0.34109 0.04751
0.34596 0.0503
0.35002 0.05297
0.35412 0.05609
-Inserting Flap s1223rtl-
0.50937 0.16365
0.50884 0.162270
0.50807 0.16026
0.50704 0.15817
0.50565 0.155970
0.50386 0.15354
0.50161 0.15080
0.49889 0.14771
0.49572 0.14433
0.4922 0.14074
0.48843 0.13703
0.48449 0.13329
0.48046 0.12956
0.47636 0.12589
0.47221 0.1223
0.46802 0.118780
0.46376 0.11534
0.45942 0.11195
0.45498 0.10859
0.45042 0.10525
0.44573 0.101900
0.44093 0.09852
0.43604 0.09511
0.43112 0.09171
0.42623 0.08834
0.421440 0.08508
0.41681 0.08198
0.41241 0.07913
0.40828 0.07659
0.40438 0.07438
0.40065 0.07248
0.39703 0.07088
0.39348 0.06955
0.38998 0.06847
0.38652 0.06765
0.38311 0.06707
0.37975 0.06673
0.37648 0.066610
0.37335 0.0667
0.37043 0.06695
0.36779 0.06733
0.36547 0.06779
0.36347 0.06831
0.36177 0.06885
0.36032 0.06941
0.35908 0.0699900
0.35801 0.07056
0.3571 0.07113
0.35631 0.07169
0.35563 0.07225
0.35505 0.07281
0.35457 0.07336
0.35418 0.07392
0.35387 0.07449
0.3537 0.07512
0.35374 0.07578
0.35404 0.07641
0.35452 0.07698
0.35514 0.07753
0.35588 0.07808
0.35676 0.07867
0.35781 0.07932
0.35908 0.08006
0.36064 0.08092
0.36262 0.08195
0.36514 0.08322
0.36834 0.08476
0.37222 0.08656
0.37661 0.08849
0.38139 0.09047
0.3865 0.09247
0.3919 0.09453
0.39747 0.09663
0.40313 0.09875
0.40878 0.10087
0.41435 0.10298
0.41982 0.10509
0.42518 0.10721
0.43042 0.10935000
0.43556 0.11153
0.44058 0.11375
0.4455 0.11603
0.45032 0.11837
0.45505 0.12079
0.45968 0.1233
0.46423 0.12589
0.4687 0.1285700
0.47309 0.13135
0.4774 0.13422
0.48161 0.13718
0.485710 0.14021
0.48967 0.1433
0.493430 0.14638
0.49690 0.1494
0.49999 0.15226
0.50264 0.1549
0.50483 0.15731
0.50660 0.15949
0.508020 0.16146
0.50937 0.16365
-Inserting Flap s1223rtl-
0.66339 0.28978
0.66298 0.28836
0.66239 0.28629
0.66155 0.28412
0.66036 0.2818
0.65878 0.27923
0.65678 0.2763
0.65433 0.27299
0.65148 0.26934
0.64828 0.26546
0.64485 0.26144
0.64125 0.25736
0.63756 0.2533
0.6338 0.24929
0.62998 0.245340
0.6261 0.24147
0.62216 0.23767
0.61813 0.23392
0.614 0.230190
0.60975 0.22646
0.60537 0.22271
0.600890 0.21893
0.59632 0.21511
0.59171 0.21129
0.58713 0.20751
0.58264 0.20384
0.5783 0.20036
0.57417 0.19713
0.57027 0.19424
0.56658 0.1917
0.56303 0.18948
0.55956 0.18757
0.55614 0.18593
0.55275 0.18456
0.54937 0.18344
0.54602 0.18257
0.542710 0.18193
0.53946 0.18153
0.53633 0.18134
0.53340 0.18134
0.53074 0.18149
0.52839 0.18175
0.52636 0.18208
0.52461 0.18248
0.52312 0.18291
0.52183 0.18337
0.52072 0.18385
0.51976 0.18434
0.51892 0.18483
0.51820 0.1853300
0.51758 0.18583
0.5170500 0.186340
0.51661 0.18686
0.51625 0.18741
0.51603 0.18802
0.51601 0.18868
0.51625 0.18933
0.51668 0.18994
0.51725 0.19054
0.51794 0.191160
0.5187700 0.19182
0.51975 0.19256
0.52095 0.1934
0.52244 0.1944
0.52431 0.1956
0.52672 0.19708
0.52977 0.1989
0.53348 0.20103
0.53769 0.20334
0.54227 0.20572
0.54719 0.20816
0.55239 0.21068
0.55776 0.21326
0.56321 0.21587
0.568650 0.21847
0.574010 0.22106
0.57928 0.22364
0.58443 0.22622
0.589470 0.22881
0.5944 0.23142
0.59921 0.23407
0.603910 0.23677
0.60851 0.23953
0.61301 0.24235
0.61741 0.24525
0.62172 0.24823
0.62593 0.25129
0.63006 0.25444
0.63410 0.25767
0.63804 0.26099
0.64186 0.26437
0.645540 0.26779
0.64902 0.27119
0.65221 0.27449
0.65504 0.27761
0.65744 0.28048
0.65942 0.28306
0.66099 0.28539
0.66223 0.28748
0.66339 0.28978
*.*.Setup: s1223rtl.txt as Flap 1, Inverted: y, Scale = 1.0, AoA = 9.0, Reposition from (0,0) = (0, 0)*.*.
*.*.Setup: s1223rtl.txt as Flap 2, Inverted: y, Scale = 0.5, AoA = 30.0, Reposition from previous T.E. = (0.0, 0.05), Reposition from (0,0) = (0.9877, 0.2064)*.*.
*.*.Setup: s1223rtl.txt as Flap 3, Inverted: y, Scale = 0.5, AoA = 35.0, Reposition from previous T.E. = (0.02, 0.065), Reposition from (0,0) = (1.4407, 0.5214)*.*.
*.*.Setup: Scale Ratio = 0.35854*.*.