0.3653800000 -0.01795
0.3646 -0.01873
0.36306 -0.02024
0.36077 -0.02246
0.35785 -0.02523
0.35448 -0.02836
0.35079 -0.03163
0.34695 -0.03486
0.34309 -0.03788
0.339220 -0.04069
0.33536 -0.04331
0.33149 -0.04578
0.32763 -0.04813
0.32376 -0.05038
0.3199 -0.05254
0.31603 -0.05463
0.31217 -0.05663
0.3083 -0.05856
0.30444 -0.06043
0.30057 -0.06223
0.29671 -0.06396
0.29284 -0.06564
0.28898 -0.06726
0.28511 -0.06882
0.28125 -0.070330
0.27738 -0.07178
0.273520 -0.07317
0.26965 -0.07449
0.26579 -0.07575
0.26192 -0.07695
0.25806 -0.0781
0.25419 -0.07921
0.250330 -0.08028
0.24646 -0.08133
0.2426 -0.082350
0.23873 -0.08334
0.23487 -0.08428
0.231 -0.08518
0.227140 -0.08603
0.22327 -0.086830
0.21941 -0.08758
0.21554 -0.08828
0.21168 -0.08894
0.20781 -0.08955
0.20395 -0.09013
0.20008 -0.09066
0.19622 -0.09116
0.19235 -0.09162
0.18849 -0.09204
0.18462 -0.09242
0.18076 -0.09277
0.17689 -0.09307
0.17303 -0.09333
0.16916 -0.09355
0.1653 -0.09371
0.16143 -0.09383
0.15757 -0.09391
0.1537 -0.09393
0.14984 -0.09392
0.14597 -0.09385
0.14211 -0.09373
0.138240 -0.09357
0.13438 -0.09335
0.13051 -0.09308
0.12665 -0.09277
0.12278 -0.09241
0.11892 -0.09201
0.115050 -0.09157
0.11119 -0.0911
0.10732 -0.09058
0.10345 -0.09001
0.09959 -0.089370
0.09572 -0.088650
0.091860 -0.08784
0.08799 -0.08694
0.08413 -0.08596
0.08026 -0.08488
0.0764 -0.08372
0.07253 -0.08247
0.06867 -0.08112
0.0648 -0.07965
0.06094 -0.07804
0.05707 -0.0762900
0.05321 -0.07438
0.04934 -0.0723100
0.04548 -0.070080
0.04161 -0.06771
0.03775 -0.06519
0.03388 -0.06251
0.03002 -0.05962
0.026150 -0.05643
0.02229 -0.052870
0.01842 -0.04886
0.01458 -0.04436
0.0109 -0.03952
0.00752 -0.03449
0.00461 -0.02946
0.00232 -0.0246
0.00077 -0.02006
0.000000 -0.01243
0.00077 -0.00953
0.00232 -0.00739
0.00461 -0.00607
0.00752 -0.00546
0.0109 -0.00543
0.01458 -0.00584
0.01842 -0.00653
0.02229 -0.0074
0.026150 -0.00842
0.03002 -0.00957
0.03388 -0.01086
0.03775 -0.01226
0.04161 -0.01378
0.04548 -0.01539
0.04934 -0.01709
0.05321 -0.01886
0.05707 -0.02069
0.06094 -0.02255
0.0648 -0.02445
0.06867 -0.02637
0.07253 -0.02829
0.0764 -0.03021
0.08026 -0.03212
0.08413 -0.03401
0.08799 -0.03587
0.091860 -0.03771
0.09572 -0.03952
0.09959 -0.04129
0.10345 -0.04303
0.10732 -0.04472
0.11119 -0.04638
0.115050 -0.04799
0.11892 -0.04957
0.12278 -0.051090
0.12665 -0.05258
0.13051 -0.05401
0.13438 -0.05540
0.138240 -0.0567400
0.14211 -0.05803
0.14597 -0.05928
0.14984 -0.06046
0.1537 -0.0616
0.15757 -0.06268
0.16143 -0.06371
0.1653 -0.06468
0.16916 -0.06559
0.17303 -0.06644
0.17689 -0.06723
0.18076 -0.06796
0.18462 -0.068640
0.18849 -0.069260
0.19235 -0.06985
0.19622 -0.07039
0.20008 -0.070880
0.20395 -0.07132
0.20781 -0.07169
0.21168 -0.072
0.21554 -0.07224
0.21941 -0.0724
0.22327 -0.0725
0.227140 -0.07252
0.231 -0.07247
0.23487 -0.07235
0.23873 -0.07217
0.2426 -0.071910
0.24646 -0.07158
0.250330 -0.07117
0.25419 -0.07068
0.25806 -0.07011
0.26192 -0.06946
0.26579 -0.06873
0.26965 -0.06791
0.273520 -0.067
0.27738 -0.06601
0.28125 -0.06492
0.28511 -0.06373
0.28898 -0.06244
0.29284 -0.06105
0.29671 -0.05955
0.30057 -0.05797
0.30444 -0.05629
0.3083 -0.05453
0.31217 -0.05269
0.31603 -0.050780
0.3199 -0.04879
0.32376 -0.04673
0.32763 -0.04459
0.33149 -0.04238
0.33536 -0.04008
0.339220 -0.03766
0.34309 -0.03512
0.34695 -0.032420
0.35079 -0.02958
0.35448 -0.02674
0.35785 -0.02405
0.36077 -0.02167
0.36306 -0.019780
0.3646 -0.0185
0.3653800000 -0.01795
-Inserting Flap Ga2-
0.5013 0.06757
0.50116 0.06716
0.50088 0.06634
0.50047 0.06513
0.499940 0.06361
0.49930 0.06189
0.49858 0.06005
0.4978 0.0582
0.49697 0.05642
0.4961 0.05472
0.4952 0.05309
0.49427 0.0515
0.49332 0.04997
0.49235 0.04846
0.49137 0.04699
0.49037 0.04554
0.48936 0.04413
0.48833 0.04274
0.48729 0.04137
0.48624 0.040030
0.48518 0.03871
0.48410 0.03741
0.48302 0.03613
0.48193 0.03487
0.48082 0.033630
0.47971 0.03241
0.47858 0.03121
0.47745 0.030040
0.4763 0.02889
0.47514 0.02776
0.4739700 0.026650
0.47279 0.02555
0.47161 0.02447
0.47042 0.02339
0.46923 0.02233
0.46803 0.02127
0.46683 0.02023
0.46561 0.01921
0.46439 0.01821
0.46316 0.01722
0.46191 0.01625
0.460660 0.0153
0.45941 0.01436
0.45814 0.01344
0.45687 0.01254
0.45559 0.01164
0.4543 0.01077
0.45301 0.0099
0.4517 0.00905
0.4504 0.00821
0.44908 0.00738
0.44776 0.006570
0.446430 0.00578
0.44509 0.005
0.44374 0.00424
0.44239 0.00349
0.44102 0.00277
0.43965 0.00206
0.43827 0.00136
0.43688 0.00068
0.43548 0.000059
0.43407 -0.00062
0.43266 -0.00125
0.43123 -0.00185
0.4298 -0.00244
0.428350 -0.00302
0.4269 -0.00358
0.42545 -0.00412
0.42398 -0.00466
0.42251 -0.00517
0.42103 -0.00567
0.41954 -0.00614
0.41803 -0.00659
0.4165 -0.007
0.41496 -0.00739
0.41341 -0.00774
0.41183 -0.00805
0.4102500 -0.00834
0.40864 -0.0086
0.40702 -0.00882
0.40537 -0.0090
0.4037 -0.00913
0.40201 -0.0092
0.40028 -0.00922
0.39853 -0.00919
0.39675 -0.0091
0.394940 -0.00895
0.39311 -0.00876
0.39124 -0.0085
0.38934 -0.00817
0.38738 -0.00774
0.38536 -0.00717
0.383250 -0.00644
0.38107 -0.00554
0.37887 -0.00448
0.37676 -0.0033
0.37481 -0.00204
0.37311 -0.000720
0.37173 0.00061
0.37007 0.00319
0.36982 0.00436
0.36998 0.00541
0.37056 0.0063
0.37149 0.00704
0.37268 0.00767
0.37407 0.00819
0.37557 0.00864
0.3771 0.00903
0.37866 0.00937
0.38025 0.00966
0.38186 0.00991
0.38349 0.01011
0.38515 0.01027
0.38682 0.0104
0.3885 0.01049
0.3902 0.01056
0.391910 0.01061
0.39363 0.01065
0.39535 0.01068
0.39708 0.01069
0.3988 0.01071
0.40053 0.010730
0.40225 0.01075
0.40397 0.01078
0.405690 0.01082
0.4074 0.01086
0.40911 0.01092
0.41081 0.01099
0.4125 0.011070
0.41418 0.01117
0.41586 0.01128
0.41753 0.01141
0.4192 0.01155
0.42085 0.01171
0.4225 0.01188
0.42414 0.01207
0.42577 0.01228
0.42739 0.0125
0.429 0.012740
0.4306 0.0130
0.4322 0.01328
0.43378 0.01358
0.43535 0.01390
0.43692 0.014230
0.43847 0.01459
0.440010 0.01497
0.44155 0.01536
0.44307 0.01579
0.44458 0.016230
0.44608 0.01669
0.44757 0.01716
0.44905 0.017660
0.45053 0.01817
0.45199 0.01869
0.45345 0.01924
0.4549 0.01981
0.456330 0.0204
0.45775 0.02102
0.459160 0.02166
0.46055 0.02233
0.46193 0.02302
0.4633 0.02374
0.46466 0.02449
0.466 0.02525
0.46733 0.02605
0.46865 0.02687
0.46995 0.02772
0.47124 0.02859
0.47252 0.0295
0.47378 0.03043
0.47502 0.03139
0.47625 0.03239
0.47746 0.03341
0.47866 0.03447
0.479840 0.03556
0.4810 0.03668
0.48214 0.03785
0.48327 0.039040
0.48438 0.04028
0.48547 0.04155
0.48654 0.04284
0.487600 0.04417
0.48864 0.04553
0.48967 0.0469100
0.49069 0.04833
0.49169 0.04976
0.49268 0.05123
0.493650 0.05272
0.49461 0.05424
0.49555 0.0558
0.49647 0.05741
0.49736 0.05907
0.49821 0.06078
0.49901 0.06246
0.49972 0.064040
0.50033 0.06541
0.5008 0.0665
0.501120 0.06724
0.5013 0.06757
-Inserting Flap Ga2-
0.60606 0.18776
0.60607 0.18732
0.60605 0.18646
0.606030 0.18518
0.60599 0.18358
0.60592 0.18174
0.60581 0.179770
0.60564 0.17777
0.6054 0.17582
0.6051 0.17394
0.60475 0.1721
0.60435 0.17031
0.60392 0.168550
0.603470 0.16682
0.60298 0.16512
0.60248 0.16343
0.60195 0.16177
0.601410 0.16013
0.60084 0.15851
0.60026 0.156910
0.59966 0.15533
0.59904 0.15376
0.59840 0.15221
0.59775 0.15067
0.59708 0.14915
0.5964 0.14765
0.5957 0.14616
0.59498 0.1447
0.59424 0.14325
0.59349 0.14182
0.59272 0.1404
0.591940 0.13899
0.59115 0.13759
0.59036 0.1362
0.589550 0.13482
0.58874 0.13345
0.58791 0.13209
0.58707 0.13074
0.58622 0.12941
0.58535 0.12809
0.58447 0.12678
0.58358 0.12549
0.58267 0.12421
0.58175 0.12295
0.58082 0.12169
0.579880 0.12045
0.57892 0.11921
0.57796 0.11799
0.576990 0.11678
0.576 0.11557
0.57501 0.11438
0.574 0.1132
0.57298 0.11204
0.57195 0.11088
0.5709 0.10974
0.56984 0.10862
0.56877 0.1075
0.567680 0.10640
0.56658 0.10531
0.56547 0.10424
0.56435 0.103180
0.56321 0.10213
0.56205 0.1011
0.560880 0.10008
0.5597 0.09908
0.55851 0.09809
0.5573 0.09711
0.55608 0.09614
0.55486 0.09518
0.55362 0.09423
0.55236 0.0933
0.55109 0.09239
0.54979 0.0915
0.5484700 0.09063
0.54712 0.08979
0.54575 0.08898
0.54435 0.08819
0.54293 0.08743
0.54148 0.08669
0.54001 0.08598
0.5385 0.0853
0.536950 0.08466
0.53536 0.08406
0.533730 0.08351
0.53205 0.083
0.53033 0.08254
0.528560 0.08212
0.52676 0.08174
0.52491 0.0814
0.522990 0.08113
0.5210 0.08093
0.5189 0.08085
0.51667 0.08089
0.51431 0.08107
0.5119 0.0814
0.50953 0.08187
0.50728 0.08247
0.50525 0.0832
0.50353 0.08404
0.50116 0.08598
0.50056 0.08702
0.50039 0.08806
0.50066 0.08908
0.50132 0.09008
0.50226 0.09104
0.5034200 0.09197
0.5047 0.09286
0.50604 0.09371
0.50742 0.09451
0.50884 0.09528
0.5103 0.096010
0.51179 0.09671
0.513310 0.09737
0.51486 0.09801
0.516430 0.09862
0.51803 0.09921
0.51964 0.09979
0.52126 0.10035
0.52289 0.10091
0.52452 0.10146
0.52616 0.10201
0.5278 0.10256
0.52943 0.10311
0.53106 0.10367
0.53268 0.10424
0.53429 0.104810
0.53589 0.10539
0.537490 0.10599
0.53907 0.10659
0.54065 0.1072
0.54221 0.10783
0.54376 0.10846
0.5453 0.10911
0.54682 0.10977
0.54833 0.11045
0.54983 0.11113
0.55132 0.11183
0.55279 0.11255
0.55425 0.11328
0.55569 0.11402
0.55712 0.11477
0.558540 0.11555
0.55994 0.11633
0.56132 0.11714
0.56269 0.11796
0.56404 0.11879
0.56537 0.11964
0.56669 0.12051
0.56799 0.1214
0.56927 0.1223
0.57054 0.12322
0.5718 0.12415
0.57305 0.12509
0.57428 0.12604
0.5755 0.12701
0.5767 0.128
0.57788 0.129
0.57904 0.13003
0.58018 0.131080
0.58130 0.13214
0.5824 0.13323
0.58348 0.13434
0.58454 0.13546
0.58558 0.13661
0.5866 0.13777
0.58760 0.13896
0.58857 0.14017
0.58953 0.1414
0.59046 0.14266
0.591370 0.14393
0.59226 0.14523
0.59312 0.14656
0.59396 0.147910
0.59477 0.14928
0.59555 0.15069
0.59631 0.152110
0.59704 0.153570
0.59774 0.155060
0.59841 0.15657
0.59905 0.15812
0.59967 0.15968
0.60027 0.16127
0.60084 0.16289
0.60139 0.16452
0.60192 0.16618
0.60243 0.16785
0.60292 0.16955
0.60339 0.17127
0.60383 0.17302
0.60424 0.17479
0.60461 0.1766
0.604940 0.17846
0.60523 0.18035
0.60547 0.18220
0.60566 0.18391
0.60581 0.18541
0.60592 0.18659
0.606 0.18739
0.60606 0.18776
*.*.Setup: Ga2.txt as Flap 1, Inverted: y, Scale = 1.0, AoA = 0.0, Reposition from (0,0) = (0, 0)*.*.
*.*.Setup: Ga2.txt as Flap 2, Inverted: y, Scale = 0.4, AoA = 27.0, Reposition from previous T.E. = (0.0067, 0.07), Reposition from (0,0) = (1.0067, 0.0209)*.*.
*.*.Setup: Ga2.txt as Flap 3, Inverted: y, Scale = 0.4, AoA = 45.0, Reposition from previous T.E. = (-0.01, 0.06), Reposition from (0,0) = (1.362, 0.2449)*.*.
*.*.Setup: Scale Ratio = 0.36538*.*.