0.35812 0.00742
0.357420 0.00661
0.35601 0.005030
0.35392 0.00270
0.35127 -0.0002
0.34818 -0.003480
0.34481 -0.00694
0.34128 -0.01035
0.33771 -0.01357
0.33413 -0.01657
0.33053 -0.0194
0.32692 -0.02207
0.32331 -0.02463
0.31969 -0.02709
0.31606 -0.029470
0.31243 -0.03177
0.30879 -0.033990
0.305140 -0.03615
0.3015 -0.03823
0.29784 -0.04025
0.29419 -0.04221
0.290530 -0.04411
0.28686 -0.04596
0.28319 -0.04775
0.27952 -0.04949
0.27584 -0.051170
0.27216 -0.05279
0.26848 -0.05434
0.26479 -0.05583
0.2611 -0.05727
0.2574 -0.05866
0.2537 -0.06
0.25 -0.06132
0.24629 -0.06261000
0.24259 -0.06387
0.23888 -0.0651
0.23517 -0.06628
0.23146 -0.06743
0.227740 -0.06852
0.224020 -0.06956
0.22029 -0.07056
0.21657 -0.07151
0.21284 -0.072420
0.2091 -0.07328
0.20537 -0.0741
0.20163 -0.07489
0.19789 -0.07564
0.19414 -0.07635
0.1904 -0.07703
0.18665 -0.07767
0.1829 -0.07827
0.17914 -0.07883
0.175380 -0.07935
0.17162 -0.07982
0.16786 -0.08025
0.16409 -0.08063
0.16032 -0.08096
0.15655 -0.08125
0.15277 -0.0815
0.148990 -0.0817
0.14521 -0.08185
0.14142 -0.08195
0.13763 -0.08201
0.13384 -0.08201
0.13004 -0.08197
0.12624 -0.08188
0.12244 -0.08175
0.11863 -0.08159
0.11483 -0.08139
0.11101 -0.08115
0.10720 -0.08085
0.10338 -0.08049
0.09956 -0.08005
0.09573 -0.07953
0.09189 -0.07891
0.08805 -0.078210
0.0842 -0.07743
0.08034 -0.07656
0.076480 -0.0756
0.07262 -0.07454
0.06874 -0.07337
0.06485 -0.07207
0.06096 -0.07062
0.05705 -0.06902
0.05314 -0.06726
0.04921 -0.065350
0.04527 -0.06329
0.04132 -0.06109
0.03737 -0.0587400
0.033390 -0.05618
0.0294 -0.05333
0.02538 -0.05012
0.02133 -0.04646
0.01728 -0.04234
0.01335 -0.037860
0.00971 -0.03318
0.00652 -0.02846
0.00395 -0.02387
0.00213 -0.01954
0.00085 -0.01214
0.00141 -0.009260
0.00277 -0.00706
0.00492 -0.00561
0.00772 -0.004820
0.01102 -0.004560
0.01464 -0.0047
0.01844 -0.00512
0.02228 -0.00571
0.02612 -0.00644
0.02998 -0.0073
0.03384 -0.008290
0.03771 -0.0094
0.04159 -0.01061
0.04547 -0.01193
0.04937 -0.013320
0.05326 -0.01479
0.05716 -0.01631
0.06106 -0.01787
0.06497 -0.01946
0.06888 -0.02107
0.07278 -0.02268
0.07669 -0.02429
0.08059 -0.02589
0.0845 -0.02747
0.0884 -0.02903
0.0923 -0.03056
0.0962 -0.03206
0.1001 -0.033530
0.103990 -0.03496
0.10788 -0.03635
0.11177 -0.0377100
0.11566 -0.03902
0.11954 -0.04029
0.12342 -0.04152
0.1273 -0.04271
0.13117 -0.04384
0.13504 -0.04494
0.13891 -0.045980
0.142770 -0.04698
0.146630 -0.04793
0.15049 -0.04883
0.15434 -0.049670
0.15819 -0.05046
0.16203 -0.05120
0.16588 -0.05189
0.169710 -0.05251
0.17355 -0.05308
0.17738 -0.05358
0.18120 -0.05403
0.18502 -0.05443
0.18884 -0.05478
0.19266 -0.05509
0.19647 -0.05535
0.2002800 -0.05557
0.20408 -0.05573
0.20788 -0.05584
0.21168 -0.05587
0.215470 -0.05584
0.21926 -0.05574
0.22304 -0.05556
0.22682 -0.05532
0.23059 -0.055010
0.23436 -0.05463
0.23812 -0.05419
0.24188 -0.05367
0.24563 -0.05308
0.24938 -0.05242
0.25312 -0.05168
0.25685 -0.05086
0.260580 -0.04996
0.26431 -0.04898
0.26803 -0.04791
0.27174 -0.04676
0.275450 -0.04553
0.27915 -0.0442
0.282840 -0.042770
0.28653 -0.04125
0.29021 -0.03963
0.29389 -0.0379
0.2975500 -0.03609
0.30121 -0.03419
0.304870 -0.03221
0.30852 -0.030150
0.31216 -0.02802
0.3158 -0.02581
0.319440 -0.02353
0.32307 -0.02118
0.32669 -0.01875
0.33031 -0.016240
0.33392 -0.01362
0.33752 -0.01087
0.34111 -0.00797
0.34467 -0.00494
0.34807 -0.00191
0.35119 0.00095
0.35387 0.00347
0.35598 0.00548
0.3574 0.00683
0.35812 0.00742
-Inserting Flap Ga2-
0.49752 0.09876
0.497420 0.09834
0.49722 0.09752
0.49692 0.0963
0.49653 0.09478
0.49605 0.09304
0.49551 0.09119
0.49491 0.08932
0.49425 0.08751
0.49355 0.08578
0.49281 0.08410
0.49204 0.08248
0.49124 0.0809
0.49042 0.07935
0.489590 0.077830
0.488740 0.07633
0.48787 0.07487
0.48699 0.07342
0.48609 0.072
0.48518 0.0706
0.48426 0.06922
0.48332 0.06786
0.4823700 0.06652
0.481410 0.0652
0.48044 0.0639
0.47946 0.06261
0.47846 0.06135
0.47746 0.06011
0.47643 0.05889
0.4754 0.05769
0.47435 0.0565
0.4733 0.05533
0.47224 0.05418
0.47117 0.05302
0.4701 0.05188
0.469020 0.05075
0.467930 0.04964
0.46684 0.04854
0.46573 0.04745
0.46461 0.04639
0.46348 0.04533
0.46234 0.04430
0.46120 0.04328
0.46004 0.04227
0.45888 0.04128
0.4577 0.04030
0.45652 0.03933
0.45533 0.038380
0.45414 0.03743
0.45293 0.0365
0.45172 0.03559
0.4505 0.03468
0.44927 0.0338
0.44803 0.03292
0.446780 0.03207
0.44552 0.03122
0.44426 0.0304
0.44298 0.02959
0.44169 0.028790
0.44039 0.028010
0.43908 0.02725
0.43777 0.0265
0.43644 0.02577
0.43510 0.025050
0.43375 0.024360
0.43239 0.02367
0.43102 0.023
0.429650 0.02235
0.42827 0.0217
0.42688 0.0210700
0.42547 0.020460
0.42406 0.01987
0.42262 0.01931
0.42117 0.01877
0.4197 0.01827
0.41821 0.0178
0.41671 0.01735
0.41518 0.01693
0.41364 0.01655
0.41207 0.01619
0.41048 0.01588
0.40887 0.01561
0.40722 0.01539
0.40554 0.01522
0.40383 0.01511
0.40208 0.01505
0.4003 0.01503
0.3985 0.01507
0.39666 0.01515
0.39477 0.01531
0.39283 0.01557
0.3908 0.01595
0.388690 0.01648
0.38648 0.01718
0.38425 0.01802
0.38209 0.01899
0.38008 0.02006
0.37831 0.0212
0.37685 0.022380
0.37501 0.0247600
0.374660 0.02588
0.37473 0.02691
0.37522 0.02783
0.37606 0.028630
0.37718 0.02934
0.37848 0.029970
0.3799 0.03054
0.381370 0.03105
0.38286 0.03152
0.38439 0.03194
0.38594 0.03231
0.387510 0.03265
0.38911 0.032950
0.39073 0.03321
0.39237 0.03345
0.39402 0.03366
0.39568 0.03386
0.39735 0.03404
0.39903 0.03421
0.40071 0.03438
0.40239 0.03454
0.404080 0.03471
0.40576 0.034870
0.40743 0.03505
0.4091 0.035230
0.41077 0.03542
0.41243 0.03563
0.41408 0.03584
0.41572 0.03607
0.41736 0.0363
0.41899 0.036560
0.4206 0.03682
0.42221 0.0371
0.42382 0.03740
0.42541 0.03771
0.42699 0.03803
0.42856 0.03837
0.43012 0.03873
0.43168 0.0391
0.4332200 0.03949
0.43475 0.0399
0.43627 0.04032
0.43777 0.04077
0.43927 0.04123
0.44076 0.04171
0.44223 0.04221
0.44369 0.04273
0.44514 0.04327
0.44657 0.04383
0.448 0.044410
0.44941 0.045
0.45082 0.045610
0.45221 0.04623
0.4536 0.04687
0.45497 0.04753
0.45633 0.0482
0.45768 0.0489
0.45902 0.04963
0.46033 0.05037
0.46164 0.05115
0.46292 0.051940
0.4642 0.05276
0.465460 0.0536
0.466700 0.05446
0.46793 0.05535
0.46915 0.05626
0.47035 0.0572
0.47153 0.05817
0.47269 0.05916
0.47384 0.06018
0.47498 0.06122
0.47609 0.0623
0.47718 0.0634
0.47826 0.06453
0.47932 0.06570
0.48036 0.06689
0.48137 0.06812
0.48237 0.06939
0.48334 0.07069
0.4843 0.07202
0.48523 0.07337
0.48615 0.07476
0.48705 0.07617
0.48794 0.07761
0.48881 0.07907
0.48967 0.08056
0.49051 0.08207
0.49133 0.08361
0.49214 0.08518
0.49292 0.08678
0.493670 0.08843
0.4944 0.09013
0.49509 0.09187
0.49572 0.09358
0.49628 0.09517
0.49676 0.09656
0.49712 0.09767
0.49737 0.09841
0.49752 0.09876
-Inserting Flap Ga2-
0.61799 0.216440
0.61799 0.216010
0.61798 0.21517
0.61796 0.21392
0.61792 0.21234
0.61785 0.21054
0.61774 0.20861
0.61757 0.206660
0.61734 0.20475
0.61704 0.2029
0.6167 0.2011
0.61631 0.199350
0.61589 0.19763
0.61544 0.19594
0.61497 0.19427
0.61448 0.19262
0.61397 0.190990
0.61343 0.18939
0.61288 0.1878
0.6123 0.18623
0.61171 0.18468
0.61111 0.18315
0.61049 0.18163
0.60985 0.18012
0.6092 0.17863
0.60853 0.17716
0.60784000 0.17571
0.60714 0.17427
0.60641 0.17285
0.605680 0.17145
0.60492 0.17006
0.60416 0.16868
0.60339 0.167320
0.60261 0.16595
0.60182 0.1646
0.60102 0.16326
0.60022 0.16193
0.59939 0.16061
0.59856 0.1593
0.59771 0.15801
0.59685 0.15673
0.59597 0.155470
0.59508 0.15421
0.59418 0.15297
0.59327 0.15174
0.59235 0.15053
0.59141 0.14932
0.59047 0.14812
0.58952 0.14693
0.58855 0.14576
0.58758 0.14459
0.586590 0.143430
0.58559 0.14229
0.58458 0.141160
0.58356 0.14005
0.582520 0.13894
0.58147 0.13785
0.58041 0.13677
0.57933 0.13571
0.57824 0.13466
0.57714 0.13362
0.57603 0.13259
0.5749 0.13158
0.57375 0.13059
0.57259 0.1296
0.57142 0.12863
0.57024 0.12767
0.56905 0.126720
0.56785 0.12578
0.56664 0.12486
0.56541 0.12395
0.56416 0.12305
0.56289 0.12218
0.56159 0.12133
0.56028 0.120510
0.55893 0.11972
0.55756 0.11894
0.55617 0.11819
0.55476 0.11747
0.55331 0.1167700
0.55183 0.11611
0.55032 0.11548
0.54876 0.11490
0.54716 0.11436
0.54552 0.11386
0.54383 0.113410
0.5421 0.11299
0.540330 0.11262
0.53852 0.11229
0.53665 0.11202
0.5347 0.11184
0.53264 0.11175
0.53046 0.11179
0.52815 0.11197
0.52579 0.1123
0.52346 0.112750
0.52126 0.1133400
0.51928 0.114050
0.5176 0.11488
0.51527 0.11678
0.51468 0.1178
0.51452 0.11882
0.51479 0.11982
0.51542 0.12079
0.51635 0.12174
0.51748 0.12264
0.51874 0.12351
0.52005 0.12434
0.5214 0.12513
0.52279 0.12588
0.524220 0.1266
0.52568 0.12728
0.52717 0.12793
0.52868 0.12855
0.53023 0.12915
0.53179 0.12973
0.53336 0.1303
0.534950 0.130850
0.53655 0.1314
0.53815 0.13194
0.53975 0.13247
0.54135 0.13301
0.54295 0.13355
0.54455 0.1341
0.54613 0.13466
0.547710 0.13522
0.549280 0.13579
0.55084 0.13637
0.55239 0.13696
0.55393 0.13756
0.55546 0.13817
0.55698 0.13879
0.55849 0.13943
0.55998 0.14007
0.56146 0.14073
0.56293 0.14141
0.56439 0.142090
0.56583 0.14279
0.56726 0.1435
0.568670 0.14423
0.57007 0.14497
0.57145 0.14573
0.57282 0.1465
0.574180 0.14729
0.57552 0.14809
0.57684 0.14891
0.57815 0.14974
0.57943 0.15059
0.580710 0.15146
0.58197 0.15234
0.58321 0.15324
0.58444 0.15415
0.58566 0.15507
0.58687 0.156
0.58806 0.15695
0.58924 0.15792
0.59039 0.1589
0.59153 0.15991
0.59264 0.16093
0.59374 0.16198
0.59482 0.16304
0.59587 0.16413
0.59691 0.16523
0.59793 0.16635
0.598930 0.16749
0.59991 0.16866
0.60086 0.16984
0.6018 0.17105
0.60271 0.17227
0.6036 0.17352
0.60447 0.1748
0.60531 0.17609
0.60613 0.17742
0.60693 0.17876
0.6077 0.18013
0.60844 0.18153
0.60915 0.18296
0.60984 0.18442
0.61049 0.18590
0.61112 0.187410
0.61173 0.18895
0.61231 0.1905
0.61288 0.19208
0.61342 0.19368
0.61393 0.1953
0.61443 0.19695
0.61491 0.19861
0.61537 0.20029
0.6158 0.202
0.6162 0.20374
0.6165700 0.20551
0.61689 0.207330
0.61717 0.20918
0.6174 0.21099
0.61759 0.21267
0.61774 0.214130
0.61785 0.21529
0.61793 0.216080
0.61799 0.216440
*.*.Setup: Ga2.txt as Flap 1, Inverted: y, Scale = 1.0, AoA = 4.0, Reposition from (0,0) = (0, 0)*.*.
*.*.Setup: Ga2.txt as Flap 2, Inverted: y, Scale = 0.4, AoA = 32.0, Reposition from previous T.E. = (0.04, 0.06), Reposition from (0,0) = (1.041, 0.0807)*.*.
*.*.Setup: Ga2.txt as Flap 3, Inverted: y, Scale = 0.4, AoA = 45.0, Reposition from previous T.E. = (0.04, 0.06), Reposition from (0,0) = (1.4306, 0.336)*.*.
*.*.Setup: Scale Ratio = 0.35776*.*.