0.35257 0.03706
0.35050 0.03499
0.34748 0.03199
0.34395 0.02904
0.33967 0.02618
0.334480 0.023240
0.3282 0.02009
0.3208 0.0167
0.312370 0.01314
0.303120 0.00948
0.29332 0.00582
0.2832 0.00222
0.272910 -0.001270
0.26256 -0.0046
0.25217 -0.00776
0.24177 -0.010740
0.2313 -0.01353
0.22073 -0.01616
0.2100100 -0.01865
0.19908 -0.02102
0.18792 -0.02331
0.17653 -0.02556
0.16497 -0.02778
0.15334 -0.029970
0.1418 -0.03211
0.13051 -0.03415
0.11966 -0.03602
0.10942 -0.03764
0.09991 -0.03891
0.09109 -0.03977
0.08282 -0.04019
0.07499 -0.04018
0.06751 -0.03973
0.06032 -0.03885
0.05341 -0.03755
0.04678 -0.03585
0.040440 -0.03377
0.03443 -0.03135
0.02884 -0.02868
0.02377 -0.02587
0.01931 -0.023060
0.0155 -0.02037
0.0123 -0.01784
0.00966 -0.01548
0.00749 -0.01329
0.005710 -0.01126
0.00425 -0.009370
0.00305 -0.00761
0.00208 -0.00595
0.00131 -0.00440
0.00071 -0.00293
0.00028 -0.00154
0.000055 -0.00021
-6e-05 0.00107
0.00012 0.00234
0.00073 0.0035
0.00177 0.00439
0.003110 0.00504
0.00466 0.005530
0.00645 0.00593
0.00851 0.00629
0.01093 0.00662
0.01381 0.00693
0.01733 0.00722
0.02173 0.00750
0.02731 0.00776
0.03434 0.00798
0.04279 0.008110
0.05228 0.00806
0.06249 0.00779
0.07334 0.0073
0.08474 0.00668
0.09651 0.00599
0.10844 0.00526
0.12034 0.00455
0.13210 0.00389
0.14368 0.00331
0.155070 0.00282
0.16627 0.00247
0.17729 0.00227
0.188150 0.00224
0.19887 0.0024
0.20947 0.00276
0.21995 0.00333
0.23034 0.00413
0.24065 0.00515
0.25088 0.0064
0.26104 0.00789
0.27113 0.00961
0.28112 0.01157
0.29098 0.013750
0.30061 0.01614
0.30988 0.01869
0.31858 0.02134
0.32646 0.02403
0.333360 0.02667
0.33925 0.02926
0.34421 0.03177
0.34836 0.034190
0.35257 0.03706
-Inserting Flap s1223rtl-
0.52031 0.14742
0.51966 0.14611
0.51873 0.14419
0.51754 0.14222
0.51598 0.14018
0.514 0.13794
0.51155 0.13543
0.5086 0.13262
0.50519 0.12957
0.50142 0.12633
0.49738 0.12301
0.49318 0.11966
0.48889 0.11633
0.484530 0.11307
0.48014 0.10989
0.4757 0.10679
0.471210 0.10376
0.46664 0.10080
0.46198 0.09788
0.4572 0.09498
0.4523 0.092080
0.44728 0.08916
0.44217 0.08623
0.43703 0.0833
0.43192 0.08041
0.42692 0.077610
0.42209 0.07496
0.41752 0.07253
0.41323 0.07038
0.4092 0.06854
0.40536 0.06699
0.40165 0.06572
0.39804 0.06471
0.3945 0.063960
0.39102 0.06345
0.38761 0.0631700
0.384270 0.06313
0.38104 0.06329
0.37796 0.06364
0.37511 0.064150
0.37254 0.06475
0.3703 0.0654
0.368380 0.06608
0.36675 0.06676
0.365360 0.067440
0.36419 0.06811
0.36319 0.06877
0.36234 0.06941
0.36161 0.07003
0.36099 0.07064
0.36047 0.07124
0.36004 0.07183
0.3597 0.07241
0.35945 0.073
0.35934 0.07363
0.35944 0.074280
0.35978 0.07487
0.36031 0.07539
0.3609600 0.07588
0.36174 0.07636
0.36266 0.076860
0.36375 0.07741
0.36506 0.07803
0.36667 0.078740
0.36871 0.07959
0.3713 0.08062
0.37459 0.08187
0.37857 0.08331
0.38306 0.08483
0.38793 0.086360
0.39314 0.0879
0.39863 0.08946
0.40431 0.09105
0.410070 0.092650
0.41581 0.09425
0.42147 0.09585
0.42704 0.09746
0.43251 0.09909
0.43786 0.10074
0.4431 0.10244
0.44824 0.1042
0.45329 0.10602
0.458240 0.10791
0.4631 0.10989
0.4678800 0.1119500
0.47259 0.11411
0.47722 0.11637
0.48178 0.11873
0.48627 0.12119
0.49068 0.12374
0.494980 0.12637
0.49915 0.12907
0.50312 0.13179
0.50679 0.13446
0.51008 0.13701
0.51292 0.13938
0.51528 0.14156
0.51722 0.14356
0.51878 0.145380
0.52031 0.14742
-Inserting Flap s1223rtl-
0.65981 0.28298
0.65957 0.281540
0.65922 0.27944
0.65865 0.27721
0.65774 0.2748
0.65649 0.27209
0.65486 0.26899
0.65284 0.26545
0.65045 0.26155
0.64776 0.25736
0.64485 0.253020
0.64179 0.248610
0.63863 0.24419
0.63539 0.23982
0.6321 0.23551
0.62873 0.23127
0.62530 0.22708
0.62177 0.22293
0.61814 0.21879
0.61439 0.214650
0.61053 0.21046
0.60656 0.20623
0.60251 0.20196
0.59842 0.19767
0.59436 0.193440
0.59037 0.189320
0.5865 0.1854
0.58282 0.18176
0.57932 0.17847
0.57599 0.17555
0.57276 0.17296
0.56957 0.17069
0.5664 0.168690
0.56323 0.166950
0.56004 0.16546
0.55685 0.16422
0.55367 0.16322
0.55052 0.16245
0.54747 0.1619
0.5446 0.16156
0.54196 0.16141
0.53963 0.16139
0.53759 0.161490
0.53583 0.16167
0.53432 0.16193
0.533 0.162230
0.53185 0.16258
0.53085 0.16294
0.52998 0.16333
0.529210 0.163740
0.5285400 0.16416
0.52796 0.1646
0.52747 0.165060
0.52706 0.165560
0.52676 0.16613
0.52667 0.16678
0.52684 0.16744
0.52719 0.16809
0.52768 0.16875
0.52829 0.16943
0.52902 0.170180
0.52991 0.17102
0.53099 0.17198
0.53233 0.17313
0.53403 0.17453
0.536220 0.17626
0.53902 0.1784
0.54241 0.18091
0.54628 0.18366
0.55051 0.18653
0.55506 0.189490
0.55987 0.19256
0.56485 0.19571
0.56991 0.1989
0.57495 0.20208
0.57992 0.20524
0.5848 0.208370
0.58956 0.2115
0.59421 0.21462
0.59875 0.21775
0.60317 0.22091
0.60748 0.2241
0.611680 0.22733
0.61577 0.23062
0.61976 0.23397
0.62365 0.23739
0.62744 0.24088
0.6311300 0.24445
0.63473 0.24809
0.638220 0.2518
0.64158 0.255560
0.6448 0.25934
0.64783 0.26308
0.65058 0.26669
0.653 0.27008
0.65504 0.27317
0.65668 0.27593
0.65796 0.2784
0.65893 0.28059
0.65981 0.28298
*.*.Setup: s1223rtl.txt as Flap 1, Inverted: y, Scale = 1.0, AoA = 6.0, Reposition from (0,0) = (0, 0)*.*.
*.*.Setup: s1223rtl.txt as Flap 2, Inverted: y, Scale = 0.5, AoA = 25.0, Reposition from previous T.E. = (0.02, 0.1), Reposition from (0,0) = (1.0145, 0.2045)*.*.
*.*.Setup: s1223rtl.txt as Flap 3, Inverted: y, Scale = 0.5, AoA = 41.666666666666664, Reposition from previous T.E. = (0.02, 0.05), Reposition from (0,0) = (1.4877, 0.4658)*.*.
*.*.Setup: Scale Ratio = 0.35451*.*.