0.35962 0.05696
0.35761 0.054730
0.35468 0.05149
0.35121 0.04827
0.34698 0.04511
0.34181 0.04181
0.33554 0.03824
0.32813 0.03437
0.31967 0.030260
0.31039 0.02602
0.30054 0.02173
0.29035 0.0175
0.27998 0.01337
0.26954 0.00939
0.25906 0.00559
0.24855 0.00198
0.23796 -0.00145
0.22727 -0.00471
0.2164 -0.00784
0.20532 -0.01086
0.194 -0.01381
0.18244 -0.01672
0.1707 -0.01962
0.15889 -0.0225
0.14716 -0.02532
0.1357 -0.02802
0.12466 -0.030520
0.11425 -0.03272
0.10457 -0.03453
0.09557 -0.03589
0.08711 -0.03677
0.07907 -0.03718
0.07137 -0.03712
0.06396 -0.03660
0.0568 -0.03564
0.04991 -0.03426
0.04329 -0.03246
0.037 -0.03031
0.03113 -0.02787
0.02577 -0.02526
0.02105 -0.022620
0.016990 -0.02006
0.01358 -0.01763
0.010740 -0.01536
0.0084 -0.01323
0.006460 -0.011240
0.00486 -0.00938
0.00354 -0.00764
0.00245 -0.00599
0.00158 -0.0044400
0.00089 -0.00297
0.00037 -0.001560
0.000086 -0.00022
-0.00012 0.00109000
0.000005 0.00241
0.00057 0.003630
0.00158 0.0046
0.00291 0.00533
0.00448 0.00592
0.00629 0.006430
0.00839 0.00691
0.01085 0.00737
0.01379 0.00785
0.01739 0.00834
0.02188 0.00887
0.02759 0.00943
0.03479 0.01003
0.04345 0.01062
0.05319 0.01108
0.063680 0.01135
0.074830 0.01143
0.08656 0.01141
0.098660 0.01133
0.11094 0.01123
0.12318 0.01114
0.13528 0.01109
0.147190 0.01111
0.15889 0.01123
0.1704 0.011470
0.181720 0.01186
0.19286 0.01241
0.20385 0.01315
0.21469 0.01409
0.2254200 0.01524
0.23603 0.01661
0.24655 0.01821
0.25697 0.02005
0.267320 0.02212
0.27757 0.02443
0.28771 0.02698
0.2977 0.02974
0.30746 0.03271
0.31683 0.03582
0.3256 0.03901
0.33355 0.04219
0.34048 0.04528
0.34639 0.04824
0.35134 0.05108
0.35546 0.05379
0.35962 0.05696
-Inserting Flap s1223rtl-
0.52462 0.17031
0.52396 0.16896
0.523 0.167
0.52177 0.16497
0.52018 0.16287
0.51814 0.16057
0.51563 0.15799
0.5126 0.15511
0.5091 0.15197
0.50522 0.14865
0.50108 0.145230
0.49676 0.14179
0.49235 0.13838
0.48788 0.13503
0.48337 0.13176
0.47881 0.12858
0.47419 0.12547
0.4695 0.12243
0.46471 0.11943
0.4598 0.11645
0.45477 0.11347
0.449610 0.11047
0.44437 0.10746
0.43909 0.10445
0.43384 0.10148
0.4287 0.09861
0.42375 0.095880
0.41905 0.09339
0.41464 0.09118
0.4105 0.089290
0.406560 0.0877
0.40275 0.08640
0.39904 0.08537
0.39541 0.08459
0.39184 0.08407
0.38833 0.08378
0.3849 0.083730
0.38158 0.0839
0.37842 0.08427
0.37549 0.08478
0.37286 0.0854
0.37055 0.08607
0.36858 0.0867700
0.3669 0.08747
0.36548 0.08817
0.36428 0.08886
0.36325 0.089530
0.36238 0.09019
0.36163 0.09083
0.36099 0.09145
0.36046 0.09206
0.36002 0.09267
0.35967 0.093270
0.35941 0.093880
0.35929 0.09453
0.35939 0.09519
0.35975 0.0958
0.36029 0.09633
0.36096 0.09683
0.36176 0.09733
0.36270 0.09784
0.36382 0.09841
0.36517 0.09904
0.36683 0.09977
0.36892 0.10065
0.37158 0.1017
0.37496 0.10298
0.37904 0.10446
0.38366 0.10602
0.38866 0.1076
0.39401 0.109180
0.39965 0.11078
0.40548 0.112410
0.41139 0.11405
0.41729 0.1157
0.423110 0.11734
0.42883 0.119
0.43444 0.12067
0.43994 0.12237
0.44533 0.12411
0.450610 0.12592
0.45578 0.12779
0.46087 0.12973
0.46586 0.131760
0.47078 0.13388
0.47561 0.1361
0.480370 0.13842
0.48505 0.14084
0.48966 0.143370
0.49419 0.14599
0.49861 0.14869
0.50289 0.15146
0.50696 0.15425
0.51074 0.157
0.514120 0.15962
0.51703 0.162060
0.51946 0.16430
0.52145 0.16634
0.52305 0.16821
0.52462 0.17031
-Inserting Flap s1223rtl-
0.66282 0.2984
0.66241 0.29695
0.66180 0.29485
0.66095 0.29265
0.65974 0.2903
0.658140 0.28769
0.65611 0.28471
0.653620 0.2813400
0.65072 0.27764
0.64748 0.2737
0.64399 0.26961
0.64034 0.26548
0.63659 0.26135
0.63277 0.25727
0.62889 0.25327
0.62496 0.24934
0.62095 0.24548
0.61686 0.24167
0.61266 0.23788
0.6083500 0.2341
0.6039 0.23029
0.59935 0.22645
0.59471 0.22257
0.59003 0.21869
0.58538 0.21485
0.580820 0.21113
0.576410 0.20759
0.57221 0.20431
0.56826 0.20137
0.5645100 0.19879
0.5609 0.19654
0.55738 0.1946
0.55391 0.19294
0.55046 0.19154
0.54704 0.19041
0.54363 0.18952
0.54026 0.18887
0.53697 0.18847
0.53379 0.18827
0.53081 0.18827
0.52811 0.18842
0.52573 0.18869
0.52366 0.18903
0.521890 0.18943
0.52037 0.18987
0.51906 0.19034
0.51794 0.190820
0.51696 0.19132
0.51611 0.19182
0.51538 0.19232
0.51474 0.19284
0.5142 0.193350
0.51376 0.19388
0.5134 0.19444
0.51317 0.19506
0.51315 0.195730
0.5134 0.19639
0.513840 0.19701
0.51441 0.19762
0.515110 0.19824
0.51595 0.19892
0.51696 0.19967
0.518170 0.20052
0.51968 0.20153
0.521580 0.20275
0.52403 0.20426
0.52713 0.20611
0.53089 0.20827
0.53517 0.21061
0.53982 0.21303
0.54482 0.21551
0.55009 0.21807
0.55555 0.22069
0.56109 0.22334
0.56661 0.22598
0.57206 0.228610
0.5774 0.23123
0.58264 0.23385
0.58776 0.23648
0.59276 0.23913
0.59764 0.24183
0.60242 0.24457
0.60709 0.24737
0.61166 0.25023
0.616120 0.25318
0.6205 0.2562
0.624780 0.25931
0.62898 0.26251
0.63308 0.26579
0.637080 0.26916
0.64096 0.27259
0.6447 0.27606
0.64822 0.27952
0.65147 0.28288
0.65434 0.28604
0.65678 0.28895
0.65879 0.29158
0.66039 0.29394
0.66165 0.29606
0.66282 0.2984
*.*.Setup: s1223rtl.txt as Flap 1, Inverted: y, Scale = 1.0, AoA = 9.0, Reposition from (0,0) = (0, 0)*.*.
*.*.Setup: s1223rtl.txt as Flap 2, Inverted: y, Scale = 0.5, AoA = 25.0, Reposition from previous T.E. = (0.0, 0.1), Reposition from (0,0) = (0.9877, 0.2564)*.*.
*.*.Setup: s1223rtl.txt as Flap 3, Inverted: y, Scale = 0.5, AoA = 35.0, Reposition from previous T.E. = (-0.03, 0.065), Reposition from (0,0) = (1.4108, 0.5327)*.*.
*.*.Setup: Scale Ratio = 0.36411*.*.