0.3716500000 -0.01826
0.37087 -0.01905
0.3693 -0.02059
0.36696 -0.02284
0.364 -0.02566
0.36057 -0.02884
0.35682 -0.03218
0.35291 -0.03546
0.34898 -0.03853
0.345050 -0.04139
0.34112 -0.04406
0.33719 -0.04657
0.33326 -0.04895
0.32933 -0.05124
0.32539 -0.05345
0.32146 -0.05556
0.31753 -0.0576
0.3136 -0.05957
0.30967 -0.06147
0.30574 -0.0633
0.30181 -0.06506
0.29787 -0.06677
0.29394 -0.06841
0.29001 -0.07001
0.28608 -0.071540
0.28215 -0.07301
0.278220 -0.07442
0.27429 -0.07577
0.27035 -0.07705
0.26642 -0.07827
0.26249 -0.07944
0.25856 -0.08057
0.254630 -0.08166
0.2507 -0.08273
0.24676 -0.083770
0.24283 -0.08477
0.2389 -0.08573
0.23497 -0.08665
0.231040 -0.08751
0.22711 -0.088320
0.22318 -0.08908
0.21924 -0.0898
0.21531 -0.09047
0.21138 -0.09109
0.20745 -0.09168
0.20352 -0.09222
0.19959 -0.09272
0.19566 -0.09319
0.19172 -0.09362
0.18779 -0.09401
0.18386 -0.09436
0.17993 -0.09467
0.176 -0.09494
0.17207 -0.09515
0.16814 -0.09532
0.1642 -0.09545
0.16027 -0.09552
0.15634 -0.09555
0.15241 -0.09553
0.14848 -0.09546
0.14455 -0.09534
0.140620 -0.09517
0.13668 -0.09496
0.13275 -0.09468
0.12882 -0.09436
0.12489 -0.094
0.12096 -0.09359
0.117030 -0.09315
0.1131 -0.09267
0.10916 -0.09214
0.10523 -0.09155
0.1013 -0.09090
0.09737 -0.090170
0.093440 -0.08935
0.08951 -0.08844
0.08557 -0.08743
0.08164 -0.08634
0.07771 -0.08516
0.07378 -0.08389
0.06985 -0.08251
0.06592 -0.08101
0.06199 -0.07938
0.05805 -0.077600
0.05412 -0.07566
0.05019 -0.0735500
0.04626 -0.071290
0.04233 -0.06887
0.0384 -0.06631
0.03447 -0.06358
0.03053 -0.06064
0.02660 -0.0574
0.02267 -0.053770
0.01874 -0.0497
0.01483 -0.04513
0.01109 -0.0402
0.00765 -0.03508
0.00469 -0.02997
0.00236 -0.02502
0.00079 -0.02041
0.000000 -0.01264
0.00079 -0.0097
0.00236 -0.00752
0.00469 -0.00617
0.00765 -0.00556
0.01109 -0.00553
0.01483 -0.00594
0.01874 -0.00664
0.02267 -0.00753
0.02660 -0.00856
0.03053 -0.00974
0.03447 -0.01104
0.0384 -0.01247
0.04233 -0.01401
0.04626 -0.01565
0.05019 -0.01738
0.05412 -0.01918
0.05805 -0.02104
0.06199 -0.02294
0.06592 -0.02487
0.06985 -0.02682
0.07378 -0.02878
0.07771 -0.03073
0.08164 -0.03267
0.08557 -0.03459
0.08951 -0.03649
0.093440 -0.03836
0.09737 -0.0402
0.1013 -0.042
0.10523 -0.04376
0.10916 -0.04549
0.1131 -0.04718
0.117030 -0.04882
0.12096 -0.05042
0.12489 -0.051970
0.12882 -0.05348
0.13275 -0.05494
0.13668 -0.056350
0.140620 -0.0577200
0.14455 -0.05903
0.14848 -0.06029
0.15241 -0.0615
0.15634 -0.06266
0.16027 -0.06376
0.1642 -0.0648
0.16814 -0.06579
0.17207 -0.06671
0.176 -0.06758
0.17993 -0.06838
0.18386 -0.06913
0.18779 -0.069820
0.19172 -0.070450
0.19566 -0.07105
0.19959 -0.0716
0.20352 -0.07210
0.20745 -0.07254
0.21138 -0.07293
0.21531 -0.07324
0.21924 -0.07348
0.22318 -0.07365
0.22711 -0.07374
0.231040 -0.07376
0.23497 -0.07372
0.2389 -0.0736
0.24283 -0.07341
0.24676 -0.073150
0.2507 -0.07281
0.254630 -0.07239
0.25856 -0.07189
0.26249 -0.07132
0.26642 -0.07065
0.27035 -0.06991
0.27429 -0.06907
0.278220 -0.06815
0.28215 -0.06714
0.28608 -0.06603
0.29001 -0.06482
0.29394 -0.06351
0.29787 -0.06209
0.30181 -0.06058
0.30574 -0.05896
0.30967 -0.05726
0.3136 -0.05547
0.31753 -0.0536
0.32146 -0.051650
0.32539 -0.04963
0.32933 -0.04753
0.33326 -0.04536
0.33719 -0.04311
0.34112 -0.04076
0.345050 -0.03831
0.34898 -0.03572
0.35291 -0.032980
0.35682 -0.03009
0.36057 -0.0272
0.364 -0.02446
0.36696 -0.02205
0.3693 -0.020120
0.37087 -0.01882
0.3716500000 -0.01826
-Inserting Flap Ga2-
0.51646 0.084050
0.51637 0.083620
0.51616 0.08277
0.51584 0.0815
0.51544 0.07992
0.514950 0.078110
0.514380 0.07619
0.51375 0.07425
0.51307 0.07237
0.51234 0.070570
0.51157 0.06883
0.510770 0.067150
0.50994 0.0655
0.50910 0.06389
0.50823 0.06231
0.50735 0.06076
0.50644 0.05924
0.50553 0.05774
0.504600 0.05626
0.50365 0.0548
0.50269 0.05337
0.50172 0.05196
0.50073 0.05057
0.49974 0.0492
0.49873 0.04784
0.49771 0.04651
0.49667 0.0452
0.49562 0.04391
0.49456 0.04264
0.49349 0.04139
0.4924 0.04016
0.49131 0.03895
0.490210 0.037740
0.4891 0.03655
0.48798 0.03536
0.48686 0.03419
0.48573 0.03303
0.48459 0.03188
0.48344 0.03076
0.48228 0.02965
0.48111 0.02856
0.47993 0.02748
0.47874 0.026420
0.47753 0.02538
0.47632 0.02434
0.47511 0.02333
0.47388 0.02232
0.472640 0.02133
0.4714 0.02035
0.47015 0.01938
0.46889 0.01843
0.46762 0.01749
0.46635 0.01657
0.465060 0.01566
0.46376 0.014770
0.462450 0.0139
0.46114 0.01304
0.45981 0.0122
0.45847 0.01137
0.45712 0.01056
0.45576 0.00977
0.45439 0.008990
0.45301 0.00823
0.45162 0.00749
0.45022 0.00677
0.44881 0.00606
0.447390 0.00536
0.44596 0.00468
0.44453 0.00401
0.44308 0.00335
0.44162 0.00272
0.44015 0.00211
0.43866 0.00152
0.43716 0.00097
0.43563 0.00044
0.43408 -5e-05
0.43252 -0.00051
0.43093 -0.00095
0.42933 -0.00135
0.4277 -0.00171
0.426050 -0.00204
0.42437 -0.00232
0.42266 -0.00255
0.42092 -0.00272
0.419140 -0.00284
0.41732 -0.00291
0.41548 -0.00292
0.4136 -0.002880
0.41169 -0.00279
0.40973 -0.00263
0.40771 -0.00236
0.40561 -0.001970
0.40341 -0.001420
0.40112 -0.00069
0.3988 0.00018
0.39655 0.00119
0.39446 0.0023
0.39262 0.003480
0.39111 0.00471
0.3892 0.00718
0.38884 0.00835
0.38892 0.00942
0.38942 0.01037
0.39029 0.01121
0.39145 0.01195
0.39281 0.0126
0.39429 0.01319
0.39581 0.01372
0.39736 0.0142
0.39894 0.01464
0.40055 0.015030
0.40219 0.01538
0.40385 0.01569
0.40553 0.01596
0.40723 0.016210
0.40895 0.01643
0.41067 0.01664
0.41241 0.01683
0.414150 0.01701
0.4159 0.01718
0.41765 0.01735
0.4194 0.01752
0.42114 0.01769
0.42288 0.01787
0.42462 0.01806
0.42635 0.018260
0.42807 0.01847
0.42979 0.01869
0.43149 0.01893
0.43319 0.0191800
0.43488 0.01944
0.43657 0.01972
0.43824 0.020010
0.4399 0.02031
0.441560 0.02063
0.4432 0.02097
0.44483 0.02133
0.44645 0.0217
0.4480700 0.02208
0.44967 0.02249
0.45126 0.022910
0.45284 0.02335
0.45440 0.02381
0.45596 0.02429
0.4575 0.02479
0.4590300 0.02531
0.46055 0.02585
0.46205 0.02641
0.463540 0.02699
0.46502 0.02759
0.46649 0.02821
0.46795 0.02884
0.4694 0.02949
0.47084 0.030150
0.47227 0.03083
0.47368 0.03154
0.47508 0.03226
0.476470 0.03302
0.47784 0.03379
0.47919 0.03459
0.48053 0.03542
0.48185 0.03627
0.48316 0.03714
0.48445 0.03804
0.48573 0.03896
0.48699 0.039910
0.48824 0.04089
0.48947 0.04189
0.49068 0.04292
0.49187 0.04398
0.493050 0.04506
0.49421 0.04618
0.49534 0.04732
0.49646 0.0485
0.49756 0.04971
0.49864 0.05095
0.49969 0.05223
0.50073 0.05355
0.50174 0.05489
0.50273 0.05627
0.5037 0.05769
0.50466 0.059130
0.50559 0.06059
0.50652 0.06209
0.50742 0.06361
0.50831 0.06515
0.50918 0.06672
0.51004 0.06832
0.51088 0.06995
0.51169 0.07161
0.51247 0.07333
0.51323 0.07509
0.51394 0.0769
0.5146 0.07867
0.51518 0.08033
0.51567 0.08178
0.516060 0.08292
0.51632 0.0837
0.51646 0.084050
-Inserting Flap Ga2-
0.60445 0.20631
0.604450 0.20586
0.60444 0.20498
0.60442 0.20368
0.60438 0.20205
0.604310 0.20018
0.60419 0.19818
0.60401 0.19614
0.603770 0.19416
0.603470 0.19224
0.60311 0.19038
0.60271 0.18855
0.60227 0.18677
0.60181 0.18501
0.60132 0.18327
0.6008 0.18156
0.60027 0.17987
0.59971 0.1782
0.59914 0.176550
0.59854 0.17493
0.59793 0.173310
0.5973 0.171720
0.59666 0.17014
0.59599 0.16858
0.59532 0.16703
0.59462 0.1655
0.59391 0.16399
0.593180 0.1625
0.59243 0.16103
0.59166 0.15957
0.59088 0.15813
0.59008 0.1567
0.58928 0.15528
0.58847 0.15386
0.58765 0.15246
0.58683 0.15106
0.58599 0.14968
0.58513 0.148310
0.58426 0.14695
0.58338 0.14561
0.58249 0.144280
0.58158 0.14297
0.58065 0.14166
0.57972 0.14038
0.57877 0.1391
0.57781 0.13783
0.57684 0.13658
0.57586 0.135330
0.57487 0.1341
0.57387 0.132880
0.57286 0.13167
0.57183 0.13047
0.5708 0.12928
0.56975000 0.12811
0.56868 0.12695
0.56761 0.1258
0.56651 0.12467
0.56541 0.12355
0.56429 0.12244
0.56316 0.12135
0.5620200 0.12027
0.560860 0.11921
0.55968 0.11816
0.55849 0.11712
0.55729 0.1161
0.55608 0.11509
0.55485 0.11409
0.55361 0.11311
0.55236 0.11213
0.5511 0.11117
0.54982 0.11022
0.54853 0.10929
0.547210 0.10839
0.54587 0.10751
0.54449 0.10666
0.5431 0.10583
0.54168 0.10502
0.54023 0.10425
0.53876 0.10349
0.53726 0.10277
0.53572 0.10208
0.53415 0.101430
0.53253 0.10082
0.53087 0.10026
0.52916 0.09975
0.52741 0.09927
0.52562 0.098850
0.52378 0.098460
0.5219 0.09812
0.51995 0.09784
0.51792 0.09764
0.51579 0.09756
0.51352 0.0976
0.51112 0.09779
0.50867 0.09812
0.506250 0.09859
0.50397 0.0992
0.50191 0.09994
0.50016 0.1008
0.49774 0.102780
0.49713 0.10383
0.49696 0.10489
0.49724 0.10593
0.4979 0.10695
0.49886 0.10793
0.50004 0.10887
0.50135 0.10977
0.502710 0.11063
0.50411 0.11145
0.50556 0.11223
0.50704 0.11298
0.50855 0.11369
0.5101 0.114360
0.51168 0.11501
0.51328 0.11563
0.5149 0.116230
0.516540 0.11682
0.51819 0.1174
0.51984 0.11796
0.52151 0.11852
0.52317 0.11908
0.52484 0.11964
0.5265 0.1202
0.52815 0.12077
0.5298 0.12135
0.53144 0.12193
0.53308 0.122520
0.5347 0.123130
0.53631 0.12374
0.53791 0.12436
0.5395 0.125
0.541070 0.12564
0.54264 0.1263
0.54419 0.12698
0.54573 0.12766
0.54725 0.12836
0.54876 0.12907
0.55026 0.1298
0.55175 0.130540
0.55321 0.13129
0.55467 0.13206
0.55611 0.13285
0.55753 0.133650
0.55894 0.13447
0.560330 0.13530
0.5617 0.13615
0.56306 0.13702
0.56440 0.1379
0.56572 0.1388
0.56703 0.13972
0.56832 0.14065
0.5696 0.1416
0.57087 0.14255
0.57212 0.14352
0.573360 0.144510
0.57458 0.145510
0.57578 0.14654
0.576960 0.14758
0.57812 0.14865
0.57926 0.14973
0.58038 0.15084
0.58147 0.15196
0.58255 0.15311
0.58361 0.15427
0.58465 0.15546
0.58567 0.15667
0.58666 0.15790
0.58763 0.15915
0.58858 0.16043
0.5895 0.16172
0.59041 0.16305
0.59128 0.16439
0.59213 0.16577
0.59296 0.16717
0.59376 0.16859
0.59453 0.17005
0.59527 0.17153
0.59598 0.17304
0.59666 0.17458
0.59732 0.17615
0.597950 0.17774
0.598550 0.17936
0.59914 0.181
0.59970 0.18267
0.60024 0.18435
0.60076 0.18606
0.60125 0.18778
0.60173 0.18953
0.60218 0.19131
0.6026 0.19311
0.60298 0.19496
0.60331 0.19684
0.6036 0.19877
0.60384 0.20064
0.60404 0.20239
0.60419 0.20391
0.60431 0.20512
0.6043800 0.20593
0.60445 0.20631
*.*.Setup: Ga2.txt as Flap 1, Inverted: y, Scale = 1.0, AoA = 0.0, Reposition from (0,0) = (0, 0)*.*.
*.*.Setup: Ga2.txt as Flap 2, Inverted: y, Scale = 0.4, AoA = 32.0, Reposition from previous T.E. = (0.04, 0.08), Reposition from (0,0) = (1.04, 0.0309)*.*.
*.*.Setup: Ga2.txt as Flap 3, Inverted: y, Scale = 0.4, AoA = 45.0, Reposition from previous T.E. = (-0.06, 0.06), Reposition from (0,0) = (1.3296, 0.2862)*.*.
*.*.Setup: Scale Ratio = 0.37165*.*.