0.35283 0.03708
0.350750 0.03502
0.34774 0.03201
0.3442 0.02906
0.33992 0.0262
0.334720 0.023260
0.32844 0.0201
0.32104 0.01671
0.312590 0.01315
0.303340 0.00949
0.29354 0.00582
0.28341 0.00222
0.273110 -0.001270
0.26275 -0.00461
0.25236 -0.00777
0.24194 -0.010750
0.23147 -0.01354
0.2209 -0.01618
0.2101700 -0.01866
0.19923 -0.02104
0.18806 -0.02333
0.17666 -0.02558
0.16509 -0.0278
0.15345 -0.029990
0.1419 -0.03214
0.13061 -0.03418
0.11975 -0.03605
0.1095 -0.03766
0.09999 -0.03894
0.09116 -0.0398
0.08288 -0.04022
0.07504 -0.04021
0.06755 -0.03976
0.06037 -0.03888
0.05345 -0.03758
0.04681 -0.03588
0.040470 -0.03379
0.03446 -0.03138
0.02887 -0.0287
0.02379 -0.02589
0.01933 -0.023080
0.01551 -0.02038
0.01231 -0.01785
0.00967 -0.01549
0.0075 -0.0133
0.005720 -0.01127
0.00425 -0.009380
0.00305 -0.00761
0.00208 -0.00596
0.00131 -0.00440
0.00071 -0.00293
0.00028 -0.00154
0.000055 -0.00021
-6e-05 0.00107
0.00012 0.00234
0.00074 0.0035
0.00178 0.00439
0.003110 0.00504
0.00466 0.005530
0.00645 0.00594
0.00852 0.00629
0.01093 0.00662
0.01382 0.00693
0.01734 0.00723
0.02174 0.007510
0.02733 0.00777
0.03436 0.00799
0.04282 0.008110
0.05232 0.00807
0.06254 0.00779
0.0734 0.00731
0.08481 0.00668
0.09658 0.00599
0.10852 0.00527
0.12043 0.00456
0.132190 0.0039
0.14378 0.00331
0.155180 0.00283
0.16639 0.00247
0.17742 0.00227
0.188290 0.00225
0.19902 0.0024
0.20962 0.00277
0.22011 0.00334
0.23051 0.00413
0.24082 0.00515
0.25106 0.0064
0.26123 0.00789
0.27133 0.00962
0.28133 0.01158
0.29119 0.013760
0.30083 0.01615
0.31011 0.0187
0.31881 0.02136
0.3267 0.02404
0.333610 0.02669
0.3395 0.02928
0.34446 0.03179
0.34861 0.034210
0.35283 0.03708
-Inserting Flap s1223rtl-
0.51354 0.16125
0.51301 0.15989
0.51225 0.1579
0.51123 0.15583
0.50986 0.15366
0.50808 0.15125
0.50586 0.14854
0.50316 0.14548
0.50003 0.14214
0.49655 0.13858
0.49282 0.13492
0.48892 0.13121
0.48493 0.12752
0.48088 0.12389
0.47677 0.120330
0.47262 0.11686
0.46841 0.11345
0.46411 0.11009
0.45972 0.10678
0.4552 0.10347
0.45057 0.10015
0.44582 0.0968
0.44098 0.09344
0.43611 0.09007
0.43127 0.08674
0.42653 0.08351
0.42195 0.08045
0.4176 0.07763
0.41351 0.07511
0.40965 0.07292
0.405960 0.07104
0.40238 0.069460
0.398860 0.06814
0.3954 0.06708
0.39198 0.06627
0.3886 0.06569
0.38528 0.06535
0.38204 0.06524
0.37894 0.065320
0.37605 0.06557
0.37344 0.06595
0.37115 0.06641
0.36918 0.06691
0.36749 0.06745
0.36605 0.06801
0.36482 0.06857
0.363770 0.06914
0.36286 0.0697
0.36208 0.070260
0.36141 0.07082
0.36084 0.07137
0.36036 0.07192
0.35997 0.07247
0.35968 0.07304
0.3595 0.07366
0.35955 0.07431
0.35984 0.07493
0.36032 0.07549
0.36093 0.07604
0.36166 0.07658
0.362530 0.07717
0.36357 0.07781
0.36482 0.07854
0.36637 0.07939
0.36833 0.08041
0.37082 0.08167
0.37399 0.0832
0.37783 0.084970
0.38218 0.08689
0.3869 0.08884
0.39196 0.09083
0.3973 0.09286
0.40282 0.09494
0.40842 0.09704
0.414 0.099130
0.41951 0.10122
0.42492 0.103310
0.43023 0.10541
0.43542 0.10753
0.4405 0.109680
0.44547 0.11188
0.45034 0.114130
0.45511 0.11645
0.459790 0.11885
0.464370 0.12133
0.46888 0.123890
0.4733 0.12654
0.47764 0.12929
0.4819 0.13213
0.48607 0.13506
0.49013 0.13806
0.49405 0.14112
0.49777 0.14417
0.5012 0.14715
0.50426 0.14998
0.50688 0.1526
0.50904 0.15498
0.5108 0.15713
0.5122 0.15909
0.51354 0.16125
-Inserting Flap s1223rtl-
0.65978 0.29433
0.659460 0.29291
0.65899 0.29083
0.658280 0.28864
0.65724 0.28628
0.65583 0.28365
0.65402 0.28064
0.65180 0.27723
0.64918 0.27346
0.64625 0.26944
0.64309 0.26527
0.63978 0.26104
0.63636 0.25681
0.6328700 0.25263
0.62933 0.24852
0.62573 0.24447
0.62205 0.240490
0.61829 0.23655
0.61442 0.23263
0.61043 0.2287
0.60633 0.22475
0.602110 0.22075
0.59782 0.216720
0.59349 0.21268
0.58918 0.20868
0.58496 0.2048
0.58087 0.20111
0.57697 0.19768
0.57329 0.1946
0.56979 0.19188
0.56641 0.18949
0.56309 0.18739
0.559810 0.18558
0.55654 0.18403
0.55327 0.18273
0.55001 0.18167
0.54677 0.18086
0.54358 0.18027
0.54051 0.17991
0.53761 0.17974
0.53497 0.179730
0.53264 0.17985
0.53061 0.18007
0.52887 0.18035
0.52736 0.1807
0.52607 0.18108
0.52494 0.18149
0.52396 0.18191
0.52311 0.18235
0.52237 0.18280
0.52172 0.18326
0.52117 0.18374
0.5207 0.18423
0.52032 0.18475
0.52006 0.18534
0.52001 0.185990
0.52021 0.18664
0.5206 0.18727
0.521130 0.1879
0.52178 0.188550
0.52255 0.189250
0.52349 0.19003
0.52462 0.19094
0.52603 0.1920
0.52781 0.1933
0.53010 0.1949
0.53302 0.19688
0.53656 0.19919
0.54058 0.20171
0.54497 0.20433
0.54969 0.20703
0.55468 0.20982
0.55984 0.212670
0.56507 0.2155600
0.57029 0.21844
0.57544 0.22131
0.5805 0.224160
0.58544 0.22701
0.59027 0.22985
0.59498 0.23272
0.59958 0.23561
0.60407 0.238550
0.60846 0.24154
0.61274 0.24459
0.61692 0.2477
0.621 0.25089
0.62499 0.25416
0.62889 0.25751
0.632690 0.26094
0.63639 0.26444
0.63998 0.268
0.64341 0.27158
0.646650 0.27514
0.64961 0.27859
0.65223 0.28184
0.65444 0.2848
0.656240 0.28747
0.65766 0.289860
0.65877 0.29199
0.65978 0.29433
*.*.Setup: s1223rtl.txt as Flap 1, Inverted: y, Scale = 1.0, AoA = 6.0, Reposition from (0,0) = (0, 0)*.*.
*.*.Setup: s1223rtl.txt as Flap 2, Inverted: y, Scale = 0.5, AoA = 30.0, Reposition from previous T.E. = (0.02, 0.1), Reposition from (0,0) = (1.0145, 0.2045)*.*.
*.*.Setup: s1223rtl.txt as Flap 3, Inverted: y, Scale = 0.5, AoA = 38.333333333333336, Reposition from previous T.E. = (0.02, 0.065), Reposition from (0,0) = (1.4675, 0.5195)*.*.
*.*.Setup: Scale Ratio = 0.35477*.*.