0.3681700000 -0.01809
0.3674 -0.01887
0.36584 -0.02039
0.36353 -0.02263
0.36059 -0.02542
0.35719 -0.02857
0.35348 -0.03187
0.34961 -0.03513
0.34572 -0.03817
0.341820 -0.041
0.33793 -0.04364
0.33403 -0.04613
0.33014 -0.04849
0.32624 -0.05076
0.32235 -0.05295
0.31845 -0.05504
0.31456 -0.05707
0.31066 -0.05901
0.30677 -0.06089
0.30287 -0.0627
0.29898 -0.06445
0.29509 -0.06614
0.29119 -0.06777
0.2873 -0.06935
0.2834 -0.070870
0.27951 -0.07233
0.275610 -0.07373
0.27172 -0.07506
0.26782 -0.07633
0.26393 -0.07754
0.26003 -0.07869
0.25614 -0.07981
0.252240 -0.0809
0.24835 -0.08195
0.24445 -0.082980
0.24056 -0.08398
0.23667 -0.08493
0.23277 -0.08583
0.228880 -0.08669
0.22498 -0.087490
0.22109 -0.08825
0.21719 -0.08896
0.2133 -0.08962
0.2094 -0.09024
0.20551 -0.09082
0.20161 -0.09136
0.19772 -0.09185
0.19382 -0.09232
0.18993 -0.09274
0.18603 -0.09313
0.18214 -0.09348
0.17825 -0.09379
0.17435 -0.09405
0.17046 -0.09426
0.16656 -0.09443
0.16267 -0.09455
0.15877 -0.09463
0.15488 -0.09465
0.15098 -0.09463
0.14709 -0.09457
0.14319 -0.09445
0.13930 -0.09428
0.1354 -0.09407
0.13151 -0.0938
0.12761 -0.09348
0.12372 -0.09312
0.11983 -0.09271
0.115930 -0.09227
0.11204 -0.0918
0.10814 -0.09128
0.10425 -0.0907
0.10035 -0.090050
0.09646 -0.089330
0.092560 -0.08851
0.08867 -0.08761
0.08477 -0.08661
0.08088 -0.08553
0.07698 -0.08436
0.07309 -0.0831
0.0692 -0.08174
0.0653 -0.08026
0.06141 -0.07864
0.05751 -0.0768700
0.05362 -0.07495
0.04972 -0.0728600
0.04583 -0.070620
0.04193 -0.06823
0.03804 -0.06569
0.03414 -0.06299
0.03025 -0.06007
0.026350 -0.05686
0.02246 -0.053270
0.01856 -0.04923
0.0147 -0.0447
0.01098 -0.03982
0.00758 -0.03476
0.00465 -0.02969
0.00234 -0.02479
0.00078 -0.02022
0.000000 -0.01252
0.00078 -0.00961
0.00234 -0.00745
0.00465 -0.00612
0.00758 -0.00551
0.01098 -0.00547
0.0147 -0.00588
0.01856 -0.00658
0.02246 -0.00746
0.026350 -0.00848
0.03025 -0.00965
0.03414 -0.01094
0.03804 -0.01235
0.04193 -0.01388
0.04583 -0.01551
0.04972 -0.01722
0.05362 -0.019
0.05751 -0.02084
0.06141 -0.02273
0.0653 -0.02464
0.0692 -0.02657
0.07309 -0.02851
0.07698 -0.03045
0.08088 -0.03237
0.08477 -0.03427
0.08867 -0.03615
0.092560 -0.038
0.09646 -0.03982
0.10035 -0.04161
0.10425 -0.04336
0.10814 -0.04506
0.11204 -0.04673
0.115930 -0.04836
0.11983 -0.04995
0.12372 -0.051490
0.12761 -0.05298
0.13151 -0.05443
0.1354 -0.055830
0.13930 -0.0571800
0.14319 -0.05848
0.14709 -0.05973
0.15098 -0.06093
0.15488 -0.06207
0.15877 -0.06316
0.16267 -0.0642
0.16656 -0.06517
0.17046 -0.06609
0.17435 -0.06695
0.17825 -0.06774
0.18214 -0.06848
0.18603 -0.069160
0.18993 -0.069790
0.19382 -0.07038
0.19772 -0.07093
0.20161 -0.071420
0.20551 -0.07186
0.2094 -0.07224
0.2133 -0.07255
0.21719 -0.07279
0.22109 -0.07296
0.22498 -0.07305
0.228880 -0.07307
0.23277 -0.07303
0.23667 -0.07291
0.24056 -0.07272
0.24445 -0.072460
0.24835 -0.07212
0.252240 -0.07171
0.25614 -0.07122
0.26003 -0.07065
0.26393 -0.06999
0.26782 -0.06925
0.27172 -0.06843
0.275610 -0.06752
0.27951 -0.06651
0.2834 -0.06541
0.2873 -0.06422
0.29119 -0.06292
0.29509 -0.06151
0.29898 -0.06001
0.30287 -0.05841
0.30677 -0.05672
0.31066 -0.05495
0.31456 -0.0531
0.31845 -0.051170
0.32235 -0.04916
0.32624 -0.04708
0.33014 -0.04493
0.33403 -0.0427
0.33793 -0.04038
0.341820 -0.03795
0.34572 -0.03538
0.34961 -0.032670
0.35348 -0.02981
0.35719 -0.02694
0.36059 -0.02423
0.36353 -0.02184
0.36584 -0.019930
0.3674 -0.01864
0.3681700000 -0.01809
-Inserting Flap Ga2-
0.49286 0.06809
0.49273 0.06767
0.49245 0.06685
0.49203 0.06563
0.49149 0.0641
0.49085 0.06236
0.49013 0.06051
0.48934 0.05865
0.4885 0.05686
0.48763 0.05514
0.48672 0.05349
0.48578 0.0519
0.48483 0.05035
0.48385 0.04883
0.48286 0.04735
0.48185 0.04589
0.48083 0.04446
0.47979 0.04306
0.47875 0.04169
0.47769 0.040330
0.47662 0.039
0.47554 0.03769
0.47445 0.0364
0.47334 0.03514
0.47223 0.033890
0.47111 0.03266
0.46997 0.03145
0.46883 0.030270
0.467670 0.02911
0.4665 0.02797
0.46532 0.026850
0.46414 0.02575
0.46295 0.02466
0.46175 0.02357
0.46055 0.0225
0.45934 0.02144
0.45813 0.02039
0.4569 0.01936
0.45567 0.01835
0.45443 0.01735
0.45318 0.01638
0.45192 0.01542
0.45065 0.01447
0.449380 0.01355
0.44809 0.01263
0.44680 0.01173
0.4455 0.01085
0.4442 0.00998
0.44289 0.00912
0.44157 0.00827
0.44025 0.00744
0.43892 0.006620
0.43757 0.00582
0.43623 0.00504
0.43487 0.00427
0.4335 0.00352
0.43213 0.00279
0.43074 0.00207
0.42935 0.00137
0.42795 0.00069
0.42654 0.000059
0.42512 -0.00063
0.4237 -0.00126
0.42226 -0.00187
0.42081 -0.00246
0.41936 -0.00304
0.4179 -0.0036
0.416430 -0.00415
0.41496 -0.00469
0.41347 -0.00521
0.41198 -0.00571
0.41048 -0.00619
0.40896 -0.00664
0.40742 -0.00706
0.40587 -0.00744
0.4043 -0.00779
0.40271 -0.00812
0.40111 -0.00841
0.3995 -0.00866
0.39786 -0.00889
0.3962 -0.009060
0.39452 -0.0092
0.39281 -0.00927
0.39108 -0.00929
0.38931 -0.00926
0.38751 -0.00917
0.38569 -0.00902
0.38384 -0.00882
0.38196 -0.00857
0.38005 -0.00824
0.37807 -0.0078
0.376040 -0.00723
0.37391 -0.00649
0.37171 -0.00558
0.3695 -0.00452
0.36737 -0.00333
0.3654 -0.00206
0.36369 -0.000730
0.36231 0.00062
0.360630 0.00322
0.36038 0.0044
0.360540 0.00545
0.36112 0.00634
0.36206 0.0071
0.36327 0.00772
0.364660 0.00825
0.36617 0.00871
0.36772 0.0091
0.36929 0.00944
0.37089 0.00974
0.372510 0.00998
0.37416 0.01019
0.37582 0.01035
0.37751 0.01048
0.37921 0.01057
0.38092 0.01064
0.38264 0.0107
0.38437 0.01073
0.3861 0.01076
0.38784 0.01078
0.38958 0.01079
0.39132 0.010810
0.39306 0.01083
0.39479 0.01086
0.39652 0.0109
0.398250 0.01095
0.39997 0.011
0.40168 0.01108
0.40338 0.011160
0.40508 0.01126
0.40677 0.01137
0.40846 0.0115
0.41013 0.01164
0.4118 0.0118
0.41346 0.01197
0.41511 0.01216
0.41675 0.01237
0.418390 0.0126
0.42001 0.012840
0.42163 0.01310
0.423230 0.01338
0.42483 0.01368
0.42641 0.0140
0.42799 0.014340
0.42955 0.0147
0.43111 0.01508
0.432650 0.01548
0.43419 0.01591
0.43571 0.016350
0.43722 0.01681
0.43872 0.0173
0.44022 0.017790
0.4417 0.01831
0.44318 0.01884
0.44465 0.01939
0.44611 0.01996
0.44755 0.02056
0.44898 0.02118
0.4504 0.02183
0.45181 0.0225
0.4532 0.0232
0.454580 0.02392
0.45594 0.02467
0.45730 0.02545
0.45864 0.02625
0.45997 0.02707
0.46128 0.02793
0.462580 0.02881
0.46386 0.02972
0.46513 0.03066
0.466390 0.03163
0.46762 0.03264
0.46885 0.03367
0.47005 0.03473
0.47124 0.03583
0.47241 0.03697
0.47356 0.03814
0.4747 0.039340
0.47581 0.04059
0.47691 0.04186
0.47799 0.04317
0.47906 0.04451
0.48011 0.04588
0.48115 0.0472700
0.48217 0.0487
0.48318 0.05014
0.48418 0.05162
0.48516 0.05312
0.48613 0.05465
0.48707 0.05623
0.488 0.05785
0.48889 0.05953
0.48975 0.06125
0.49055 0.06294
0.49127 0.064530
0.49189 0.06591
0.49236 0.06701
0.49268 0.06775
0.49286 0.06809
-Inserting Flap Ga2-
0.60461 0.20121
0.60466 0.20078
0.60475 0.19991
0.60488 0.1986300
0.60503 0.19702
0.60517 0.19517
0.60529 0.19318
0.60535 0.19116
0.60534 0.18919
0.60526 0.18726
0.60512 0.18538
0.60493 0.18355
0.604710 0.18174
0.60445 0.17995
0.60417 0.17819
0.60387 0.17645
0.60353 0.17472
0.60318 0.17302
0.6028 0.17133
0.6024 0.16966
0.60199 0.168
0.601550 0.16636
0.6011 0.16473
0.60062 0.16312
0.60013 0.16152
0.59963 0.15994
0.5991 0.15837
0.59855 0.15682
0.59798 0.15528
0.5974 0.15376
0.59679 0.15225
0.59618 0.150750
0.59555 0.1492600
0.59492 0.14777
0.59427 0.1463
0.59362 0.14483
0.59295 0.14337
0.59227 0.14192
0.59157 0.14049
0.59086 0.13907
0.59013 0.13766
0.58938 0.13626
0.58863 0.134870
0.58785 0.1335
0.58707 0.13213
0.58627 0.13078
0.58546 0.12943
0.58464 0.12809
0.58381 0.12677
0.58296 0.125450
0.582110 0.12414
0.58124 0.122840
0.58035 0.12155
0.57945 0.12028
0.57854 0.11902
0.57761 0.11776
0.576670 0.11652
0.57571 0.11529
0.57474 0.11408
0.57375 0.11287
0.57275 0.11168
0.57173 0.1105
0.5707 0.10933
0.56965 0.10817
0.56858 0.10703
0.5675 0.1059
0.56641 0.10478
0.5653 0.10366
0.56419 0.10256
0.56306 0.10147
0.56191 0.10039
0.56074 0.09933
0.55955 0.09829
0.55832 0.09727
0.557070 0.09627
0.5558 0.09529
0.55449 0.09434
0.553160 0.09341
0.5518 0.0925
0.5504 0.09161
0.54897 0.09076
0.5475 0.08994
0.54598 0.08916
0.54441 0.08841
0.54279 0.087710
0.54112 0.08704
0.5394 0.08641
0.537630 0.08582
0.53582 0.08527
0.53394 0.08477
0.53197 0.08434
0.52987 0.08401
0.52764 0.08379
0.52526 0.0837
0.52281 0.08375
0.52037 0.08394
0.51806 0.0842800
0.51594 0.08477
0.51412 0.08541
0.51152 0.08708
0.5108 0.08804
0.51051 0.08907
0.51066 0.09012
0.51120 0.0912
0.51203 0.09227
0.51308 0.09333
0.51426 0.094370
0.5155 0.09538
0.51679 0.09635
0.51812 0.09728
0.51949 0.098180
0.5209 0.09905
0.52235 0.0999
0.52382 0.10071
0.52533 0.10151
0.52685 0.10229
0.5284 0.103060
0.52995 0.10381
0.531520 0.10456
0.533090 0.1053
0.53467 0.10604
0.53624 0.10678
0.53781 0.107530
0.53937 0.10828
0.54093 0.109040
0.54248 0.1098
0.54401 0.11057
0.545540 0.111350
0.54705 0.112140
0.54856 0.11293
0.55005 0.11374
0.55152 0.11456
0.55299 0.11539
0.55444 0.11623
0.55587 0.11708000
0.55729 0.11794
0.5587 0.118820
0.56009 0.1197
0.56146 0.12060
0.56282 0.12152
0.56416 0.12244
0.56549 0.12338
0.5668 0.12433
0.56809 0.12529
0.56936 0.12627
0.57061 0.12727
0.57185 0.12828
0.57306 0.1293
0.57426 0.13034
0.575440 0.1314
0.57661 0.13246
0.57776 0.13354
0.5789 0.134620
0.58002 0.13572
0.58112 0.13683
0.58221 0.137960
0.58327 0.13911
0.584310 0.14027
0.58533 0.14145
0.58633 0.14265
0.5873 0.14387
0.58825 0.1451
0.589180 0.14635
0.59009 0.14762
0.59097 0.14891
0.59183 0.15021
0.59267 0.15154
0.59348 0.15288
0.594270 0.15424
0.59503 0.15563
0.595760 0.15703
0.59647 0.15846
0.59715 0.15991
0.5978 0.16138
0.59842 0.16288
0.599010 0.16439
0.59957 0.16594
0.6001 0.16751
0.60059 0.1691
0.601060 0.1707200
0.60149 0.17236
0.6019 0.174030
0.60229 0.17571
0.60265 0.17741
0.60299 0.17913
0.6033 0.18086
0.60359 0.18262
0.60386 0.1844
0.6041 0.186190
0.6043 0.18802
0.60446 0.18988
0.60457 0.19177
0.60464 0.1937
0.60466 0.19557
0.60465 0.197310
0.60463 0.19883
0.6046 0.20003
0.60459 0.20083
0.60461 0.20121
*.*.Setup: Ga2.txt as Flap 1, Inverted: y, Scale = 1.0, AoA = 0.0, Reposition from (0,0) = (0, 0)*.*.
*.*.Setup: Ga2.txt as Flap 2, Inverted: y, Scale = 0.4, AoA = 27.0, Reposition from previous T.E. = (-0.0267, 0.07), Reposition from (0,0) = (0.9733, 0.0209)*.*.
*.*.Setup: Ga2.txt as Flap 3, Inverted: y, Scale = 0.4, AoA = 51.666666666666664, Reposition from previous T.E. = (0.04, 0.06), Reposition from (0,0) = (1.3787, 0.2449)*.*.
*.*.Setup: Scale Ratio = 0.36817*.*.