0.37203 0.0391
0.369850 0.03693
0.36667 0.03375
0.36294 0.03064
0.35843 0.02762
0.352940 0.024520
0.34632 0.02119
0.33851 0.01762
0.329610 0.01386
0.319850 0.01
0.30952 0.00614
0.29884 0.00234
0.287980 -0.001340
0.27705 -0.00486
0.2661 -0.00819
0.25511 -0.011330
0.24407 -0.01428
0.23292 -0.01706
0.2216100 -0.01968
0.21008 -0.02218
0.1983 -0.0246
0.18628 -0.02697
0.17408 -0.02931
0.16181 -0.031620
0.14963 -0.03389
0.13772 -0.03604
0.12626 -0.03801
0.11546 -0.03971
0.10543 -0.04105
0.09612 -0.04196
0.08739 -0.04241
0.07913 -0.04239
0.07123 -0.04192
0.06365 -0.04099
0.05636 -0.03962
0.04936 -0.03783
0.042670 -0.03563
0.03633 -0.03308
0.03044 -0.03027
0.02509 -0.0273
0.02038 -0.024340
0.01635 -0.02149
0.01298 -0.01882
0.0102 -0.01634
0.00791 -0.01403
0.006030 -0.01188
0.00448 -0.009890
0.00322 -0.00803
0.00219 -0.00628
0.00138 -0.004640
0.00075 -0.00309
0.0003 -0.00162
0.000055 -0.00022
-7e-05 0.00113
0.00013 0.00247
0.00078 0.00369
0.00187 0.00463
0.003280 0.00531
0.00492 0.005830
0.0068 0.00626
0.00898 0.00663
0.01153 0.00698
0.01457 0.00731
0.01829 0.00762
0.02292 0.007920
0.02881 0.00819
0.03623 0.00842
0.04515 0.008560
0.05516 0.00851
0.06594 0.00822
0.07739 0.0077
0.08942 0.00705
0.10184 0.00632
0.11442 0.00555
0.12698 0.00481
0.139390 0.00411
0.15161 0.00349
0.163630 0.00298
0.17545 0.00261
0.18708 0.0024
0.198540 0.00237
0.20985 0.00254
0.22103 0.00292
0.2321 0.00352
0.24306 0.00436
0.25393 0.00543
0.26473 0.00675
0.27545 0.00832
0.28609 0.01014
0.29664 0.01221
0.30704 0.014510
0.31721 0.01703
0.32699 0.01972
0.33616 0.02252
0.34448 0.02535
0.351770 0.02815
0.35798 0.03087
0.36322 0.03352
0.36759 0.036080
0.37203 0.0391
-Inserting Flap s1223rtl-
0.54779 0.13113
0.547 0.129810
0.54584 0.12789
0.5444 0.12592
0.54258 0.12391
0.5403 0.12175
0.53749 0.11933000
0.534130 0.11665
0.53027 0.11375
0.526 0.1107
0.52145 0.10758
0.51673 0.10444
0.51191 0.10134
0.50703 0.09831
0.50212 0.09537
0.49717 0.09252
0.49217 0.08975
0.4871 0.08706
0.48192 0.08442
0.47663 0.081810
0.47121 0.07921
0.46567 0.07661
0.460030 0.07399
0.45436 0.07139
0.44872 0.06882
0.4432 0.066330
0.43789 0.06399
0.43285 0.06186
0.428150 0.05999
0.42374 0.05843
0.41956 0.05715
0.415550 0.05616
0.41166 0.05544
0.407870 0.05497
0.40417 0.05475
0.400560 0.05478
0.397040 0.05503
0.39366 0.0555
0.39046 0.056160
0.38751 0.05695
0.384860 0.05782
0.38256 0.05871
0.38061 0.05960
0.37896 0.06047
0.37757 0.06131
0.376390 0.06212
0.3754 0.0629
0.37456 0.06365
0.37386 0.064380
0.373260 0.06507
0.37277 0.065750
0.37237 0.066410
0.37207 0.06705
0.37186 0.0677
0.3718 0.06837
0.37196 0.06904
0.37238 0.06963
0.37298 0.07013
0.37371 0.07058
0.37458 0.07102
0.37559 0.07146
0.37678 0.07194
0.37822 0.07247
0.37998 0.07307
0.3822 0.07377
0.38502 0.07462
0.388590 0.07563
0.3929 0.07677
0.39777 0.0779600
0.40303 0.079120
0.40865 0.08026
0.41456 0.08139
0.420670 0.08254
0.42687 0.08369
0.433060 0.08485
0.43916 0.08601
0.44516 0.08719
0.45106 0.0884
0.45683 0.08965
0.4625 0.090950
0.46807 0.09232
0.47354 0.09377
0.47891 0.09531
0.484210 0.09694
0.48942 0.098670
0.49457 0.10051
0.49965 0.10246
0.50466 0.10452
0.50960 0.10669
0.51447 0.10896
0.519240 0.111340
0.52387 0.11379
0.528290 0.11628
0.5324 0.11875
0.53609 0.12113
0.53929 0.12336
0.541970 0.12544
0.54419 0.127360
0.546 0.12912
0.54779 0.13113
-Inserting Flap s1223rtl-
0.65759 0.27979
0.65734 0.27827
0.65697 0.27605
0.65636 0.2737
0.65541 0.27116
0.65409 0.2683
0.65237 0.26502
0.65024 0.26129
0.64772 0.25717
0.64488 0.25276
0.64181 0.24817
0.63858 0.24352
0.63524 0.23886
0.63182 0.234240
0.62835 0.22969
0.6248 0.22522
0.62117 0.2208
0.61745 0.21642
0.61362 0.21206
0.60967 0.20768
0.60559 0.20326
0.6014 0.1988
0.59712 0.19429
0.59281 0.18977
0.58853 0.1853
0.58432000 0.18095
0.58024 0.17681
0.57635 0.17297
0.57266 0.1695
0.56914 0.16642
0.56573 0.1637
0.562370 0.16129
0.55902 0.15918
0.55567 0.15735
0.55231 0.15578
0.548950 0.15447
0.545590 0.15341
0.54227 0.1526
0.53905 0.15202
0.53602 0.15167
0.53324 0.1515
0.53077 0.15148
0.52863 0.15159
0.52677 0.15178
0.52517 0.15205
0.52378 0.15237
0.52257 0.15274
0.52151 0.15312
0.52059 0.15353
0.51978 0.15396
0.51907 0.15441
0.51846 0.15487
0.51794 0.15536
0.51751 0.15588
0.5172 0.15649
0.51711 0.157170
0.51728 0.15787
0.51765 0.15856
0.51816 0.15925
0.51881 0.15997
0.51958 0.16076
0.52051 0.16164
0.52165 0.16266
0.52307 0.16387
0.524870 0.16535
0.52718 0.16717
0.53013 0.169430
0.53371 0.17208
0.537790 0.17498
0.54226 0.17801
0.54706 0.18114
0.552140 0.18438
0.55739 0.18770
0.56273 0.19106
0.568050 0.19442
0.573290 0.197750
0.578430 0.20106
0.58347 0.20436
0.588370 0.20765
0.59316 0.21096
0.59783 0.21429
0.60237 0.21765
0.6068 0.22107
0.61112 0.224540
0.61533 0.228070
0.61943 0.23168
0.62343 0.23537
0.62733 0.23913
0.63112 0.24297
0.63481 0.24689
0.63836 0.25085
0.64176 0.25484
0.64494 0.25878
0.64785 0.2626
0.65041 0.26617
0.65255 0.26943
0.654280 0.27235
0.65564 0.27495
0.65667 0.27726
0.65759 0.27979
*.*.Setup: s1223rtl.txt as Flap 1, Inverted: y, Scale = 1.0, AoA = 6.0, Reposition from (0,0) = (0, 0)*.*.
*.*.Setup: s1223rtl.txt as Flap 2, Inverted: y, Scale = 0.5, AoA = 20.0, Reposition from previous T.E. = (0.0, 0.075), Reposition from (0,0) = (0.9945, 0.1795)*.*.
*.*.Setup: s1223rtl.txt as Flap 3, Inverted: y, Scale = 0.5, AoA = 41.666666666666664, Reposition from previous T.E. = (-0.08, 0.065), Reposition from (0,0) = (1.3844, 0.4155)*.*.
*.*.Setup: Scale Ratio = 0.37408*.*.