0.35514 0.03733
0.353050 0.03525
0.35002 0.03222
0.34646 0.02925
0.34215 0.02637
0.336920 0.023410
0.3306 0.02023
0.32314 0.01682
0.314640 0.01323
0.305330 0.00955
0.29546 0.00586
0.28527 0.00223
0.27490 -0.001280
0.26447 -0.00464
0.25401 -0.00782
0.24353 -0.010820
0.23299 -0.01363
0.22234 -0.01628
0.2115400 -0.01879
0.20054 -0.02117
0.18929 -0.02348
0.17782 -0.02574
0.16617 -0.02798
0.15446 -0.030190
0.14283 -0.03235
0.13146 -0.0344
0.12053 -0.03629
0.11022 -0.03791
0.10064 -0.03919
0.09176 -0.04006
0.08343 -0.04048
0.07553 -0.04047
0.068 -0.04002
0.06076 -0.03913
0.0538 -0.03783
0.04712 -0.03611
0.040730 -0.03401
0.03468 -0.03158
0.02905 -0.02889
0.02395 -0.02606
0.01945 -0.023230
0.01561 -0.02051
0.01239 -0.01797
0.00974 -0.01559
0.00755 -0.01339
0.005750 -0.01134
0.00428 -0.009440
0.00307 -0.00766
0.00209 -0.006
0.00131 -0.004430
0.00072 -0.00295
0.00028 -0.00155
0.000055 -0.00021
-6e-05 0.00108
0.00013 0.00236
0.00074 0.00352
0.00179 0.00442
0.003130 0.00507
0.0047 0.005570
0.00649 0.00597
0.00857 0.00633
0.01101 0.00666
0.01391 0.00698
0.01746 0.00728
0.02188 0.007560
0.02751 0.00782
0.03459 0.00804
0.0431 0.008170
0.05266 0.00812
0.06295 0.00785
0.07388 0.00736
0.08536 0.00673
0.09721 0.00603
0.10923 0.0053
0.12122 0.00459
0.133060 0.00392
0.14472 0.00333
0.15620 0.00284
0.16748 0.00249
0.17858 0.00229
0.189530 0.00226
0.20032 0.00242
0.211 0.00278
0.22156 0.00336
0.23202 0.00416
0.2424 0.00518
0.25271 0.00645
0.26295 0.00795
0.2731 0.00968
0.28317 0.01165
0.2931 0.013850
0.3028 0.01625
0.31214 0.01882
0.3209 0.0215
0.32884 0.0242
0.33580 0.02687
0.34173 0.02947
0.34672 0.032
0.3509 0.034440
0.35514 0.03733
-Inserting Flap s1223rtl-
0.5014 0.16652
0.50099 0.16511
0.50040 0.16305
0.49956 0.16088
0.49837 0.158580
0.49680 0.1560200
0.49481 0.15309
0.492370 0.1498
0.48953 0.14617
0.48635 0.1423
0.48293 0.13829
0.47935 0.13424
0.47567 0.13019
0.47192 0.126190
0.46812 0.12226
0.46426 0.11841
0.4603300 0.11462
0.45632 0.11089
0.4522 0.10717
0.44797 0.10346
0.44361 0.09973
0.43914 0.09595
0.43459 0.09215
0.430 0.08835
0.42544 0.08459
0.420970 0.08093
0.416650 0.07746
0.41253 0.07425
0.40865 0.07137
0.404980 0.06883
0.40144 0.06663
0.39798 0.06472
0.39458 0.06309
0.3912 0.06173
0.38784 0.060610
0.3845 0.05974
0.3812 0.05911
0.37796 0.05871
0.37485 0.05852
0.37193 0.05852
0.36928 0.05866
0.36694 0.05892
0.36491 0.05926
0.363180 0.05965
0.36169 0.06008
0.36041 0.06054
0.3593 0.06102
0.35834 0.0615
0.35751 0.06199
0.356790 0.06249
0.35617 0.06299
0.35564 0.0635
0.3552 0.06402
0.35485 0.06456
0.35462 0.06517
0.35461 0.06583
0.35485 0.06648
0.355280 0.06709
0.35584 0.06768
0.356530 0.0683
0.35735 0.06896
0.35834 0.06969
0.359530 0.07053
0.36101 0.07152
0.362880 0.07272
0.36527 0.0742
0.36832 0.07601
0.37201 0.07813
0.3762 0.08043
0.38077 0.0828
0.38567 0.08523
0.39084 0.08774
0.39619 0.09031
0.40162 0.0929
0.40704 0.0955
0.41238 0.09808
0.41762 0.10065
0.42276 0.10322
0.42778 0.1058
0.43268 0.1084
0.43747 0.111040
0.44216 0.11373
0.44674 0.11647
0.45121 0.119280
0.45560 0.12217
0.45989 0.12514
0.464090 0.12819
0.4682 0.13132
0.47222 0.13455
0.47615 0.13785
0.47996 0.14121
0.48362 0.14462
0.48708 0.14801
0.49026 0.1513
0.49308 0.15441
0.49547 0.15726
0.49744 0.15983
0.49901 0.16215
0.50024 0.1642300
0.5014 0.16652
-Inserting Flap s1223rtl-
0.6486 0.29512
0.64827 0.29368
0.6478 0.29159
0.64709 0.28938
0.64604 0.28701
0.644620 0.284360
0.6428 0.281330
0.64056 0.2779
0.637930 0.27411
0.634980 0.27006
0.6318 0.26586
0.62846 0.2616
0.625020 0.25735
0.62151 0.25314
0.61795 0.249
0.61432 0.24493
0.61062 0.24092
0.60683 0.23696
0.60294 0.23301
0.59892 0.22906
0.59479 0.22507
0.59055 0.22105
0.58623 0.21699
0.58187 0.21293
0.57753 0.20891
0.57328 0.205
0.56917 0.20128
0.56524 0.19783
0.56154 0.194730
0.558020 0.191990
0.55461 0.18958
0.55127 0.18748
0.54797 0.18565
0.54468 0.18409
0.541390 0.18278
0.5381 0.181720
0.53484 0.1809
0.53164 0.18031
0.52854 0.17994
0.52563 0.17977
0.52297 0.17976
0.52062 0.17988
0.51858 0.1801
0.51682 0.18039
0.51531 0.18074
0.514 0.18112
0.51287 0.18153
0.511890 0.18196
0.51103 0.18240
0.51028 0.18285
0.50963 0.18332
0.50907 0.1838
0.50861 0.18429
0.50823 0.18481
0.507960 0.1854
0.50791 0.18606
0.5081100 0.18672
0.50851 0.187350
0.50903 0.18798
0.50969 0.18864
0.51047 0.18934
0.51141 0.19013
0.51255 0.191040
0.5139700 0.19212
0.51576 0.19342
0.51807 0.19503
0.521 0.19702
0.52456 0.19935
0.52862 0.20189
0.53304 0.20452
0.53779 0.20724
0.5428 0.21004
0.548 0.21292
0.55327 0.21582
0.558520 0.218730
0.56371 0.22161
0.56879 0.22448
0.57377 0.22735
0.57863 0.23021
0.58338 0.2331
0.588010 0.23601
0.59252 0.23897
0.596940 0.241980
0.60124 0.24504
0.60545 0.24818
0.60956 0.25139
0.61358 0.25468
0.6175 0.25805
0.62133 0.2615
0.62506 0.26502
0.62866 0.26861
0.63212 0.272220
0.63538 0.2758
0.63836 0.27927
0.641 0.28254
0.64322 0.28553
0.64503 0.28821
0.64646 0.29062
0.647580 0.29276
0.6486 0.29512
*.*.Setup: s1223rtl.txt as Flap 1, Inverted: y, Scale = 1.0, AoA = 6.0, Reposition from (0,0) = (0, 0)*.*.
*.*.Setup: s1223rtl.txt as Flap 2, Inverted: y, Scale = 0.5, AoA = 35.0, Reposition from previous T.E. = (0.0, 0.075), Reposition from (0,0) = (0.9945, 0.1795)*.*.
*.*.Setup: s1223rtl.txt as Flap 3, Inverted: y, Scale = 0.5, AoA = 38.333333333333336, Reposition from previous T.E. = (0.02, 0.05), Reposition from (0,0) = (1.4241, 0.5163)*.*.
*.*.Setup: Scale Ratio = 0.3571*.*.