0.35902 -0.03023
0.35824 -0.030970
0.35666 -0.0324
0.354330 -0.03451
0.35137 -0.03713
0.347940 -0.04009
0.3442 -0.04319
0.34031 -0.04624
0.3364 -0.049080
0.3325 -0.05171
0.32861 -0.05416
0.32472 -0.056450
0.32083 -0.058630
0.31695 -0.06072
0.31307 -0.06271
0.30919 -0.06463
0.30532 -0.06647
0.30145 -0.06824
0.29758 -0.06994
0.29372 -0.07158
0.28985 -0.07316
0.28599 -0.07468
0.28213 -0.07614
0.27827 -0.07754
0.27442 -0.07889
0.27056 -0.08019
0.26671 -0.08142
0.26286 -0.08259
0.25901 -0.08369
0.25517 -0.08474
0.25132 -0.08574
0.24748 -0.0867
0.24364 -0.08763
0.2398 -0.08853
0.23596 -0.0894
0.23212 -0.09024
0.22828 -0.09103
0.22445 -0.09179
0.22061 -0.09249
0.21678 -0.09314
0.21295 -0.09374
0.20912 -0.0943
0.2053 -0.09482
0.20147 -0.09529
0.19765 -0.09572
0.19382 -0.096120
0.190 -0.09647
0.18618 -0.09679
0.18236 -0.09707
0.17855 -0.09732
0.17473 -0.09753
0.17092 -0.09769
0.1671 -0.09782
0.16329 -0.097890
0.15948 -0.09792
0.15567 -0.09791
0.15186 -0.09785
0.14806 -0.09774
0.14426 -0.09759
0.14045 -0.09739
0.13665 -0.09715
0.13285 -0.09685
0.12906 -0.0965
0.12526 -0.09611
0.12147 -0.09567
0.11768 -0.09518
0.11389 -0.09465
0.1101 -0.09409
0.10631 -0.0934900
0.10252 -0.09285
0.09874 -0.09215
0.09495 -0.09139
0.09118 -0.09055
0.0874 -0.08962
0.08362 -0.0886
0.07985 -0.0875
0.07609 -0.086310
0.07232 -0.08503
0.06856 -0.08367
0.0648 -0.0822
0.06105 -0.080620
0.0573 -0.07891
0.05356 -0.07705
0.04982 -0.07504
0.046080 -0.07287
0.04236 -0.07055
0.03863 -0.06808
0.03492 -0.06546
0.0312 -0.06269
0.0275 -0.05971
0.0238 -0.056440
0.02012 -0.0528
0.01645 -0.04872
0.01283 -0.04417
0.00937 -0.039270
0.00622 -0.03421
0.00353 -0.02916
0.00144 -0.02429
7e-05 -0.01977
-0.00043 -0.012230
0.00043 -0.00941
0.00203 -0.00736
0.00433 -0.00613
0.00722 -0.00564
0.01054 -0.00572
0.01415 -0.00625
0.01791 -0.00706
0.02168 -0.008050
0.02545 -0.00919
0.02922 -0.01046
0.03298 -0.01185
0.03673 -0.01336
0.04049 -0.01499
0.04424 -0.01671
0.04798 -0.01852
0.05173 -0.020390
0.05547 -0.02232
0.05921 -0.02429
0.06295 -0.0263
0.06669 -0.02832
0.07042 -0.03034
0.07416 -0.032370
0.0779 -0.03438
0.08164 -0.03637
0.08538 -0.03834
0.08912 -0.04028
0.09286 -0.04219
0.09661 -0.04407
0.10035 -0.04591
0.1041 -0.04771
0.10785 -0.04947
0.11159 -0.0512
0.11534 -0.05288
0.1191 -0.05451
0.12285 -0.0561
0.1266 -0.05765
0.13036 -0.05915
0.13412 -0.06060
0.13788 -0.06201
0.14164 -0.06336
0.14541 -0.06467
0.14917 -0.06592
0.15294 -0.06711
0.15671 -0.06826
0.16048 -0.06934
0.16425 -0.07037
0.168030 -0.07134
0.1718 -0.07225
0.17558 -0.0731
0.17936 -0.07390
0.18315 -0.07466
0.18693 -0.07536
0.19072 -0.07603
0.1945 -0.07664
0.19829 -0.07721
0.20208 -0.07771
0.20588 -0.07815
0.20968 -0.07851
0.21347 -0.07881
0.21728 -0.079030
0.22108 -0.07919
0.22488 -0.07927
0.22869 -0.079290
0.2325 -0.0792400
0.236320 -0.07912
0.24013 -0.078920
0.24395 -0.07865
0.24777 -0.07831
0.2516 -0.07788
0.25542 -0.07737
0.25925 -0.07678
0.26309 -0.07611
0.26692 -0.07535
0.27076 -0.0745
0.2746 -0.07356
0.27845 -0.07253
0.2823 -0.07139
0.28615 -0.07015
0.29 -0.06882
0.2938600 -0.06739
0.29772 -0.06587
0.30159 -0.06427
0.30546 -0.0626
0.30933 -0.06085
0.3132 -0.05902
0.31707 -0.05712
0.320950 -0.05515
0.32483 -0.05311
0.32872 -0.05097
0.3326 -0.04873
0.3365 -0.04636
0.34039 -0.04384
0.34427 -0.04118
0.34799 -0.0385
0.35141 -0.03597
0.35436 -0.03373
0.35668 -0.03195
0.35824 -0.03074
0.35902 -0.03023
-Inserting Flap Ga2-
0.48089 0.05041
0.48076 0.05
0.48049 0.04919
0.48008 0.048
0.47956 0.04651
0.47893 0.04481
0.47822 0.043
0.47745 0.04118
0.47664 0.03943
0.47578 0.03775
0.47489 0.03614
0.47398 0.03458
0.47304 0.03306
0.47209 0.03158
0.47112 0.03013
0.470130 0.02871
0.46913 0.02731
0.46812 0.02594
0.4671 0.0246
0.46607 0.023280
0.465020 0.02198
0.46396 0.02070
0.4629 0.01944
0.46182 0.0182
0.46073 0.016970
0.45963 0.01577
0.45853 0.0146
0.45741 0.01344
0.45627 0.01231
0.45513 0.0112
0.45398 0.01010
0.45282 0.00902
0.45166 0.00795
0.450490 0.00689
0.44931 0.00584
0.44813 0.0048
0.44695 0.00378
0.44575 0.00278
0.44455 0.00179
0.44333 0.00081
0.44211 -0.00014
0.44088 -0.00108
0.439640 -0.002
0.43839 -0.00291
0.437140 -0.0038
0.43588 -0.00468000
0.43461 -0.00554
0.433330 -0.0064
0.432050 -0.00724
0.43076 -0.00806
0.42947 -0.00888
0.42817 -0.009670
0.42686 -0.01046
0.42554 -0.01122
0.42421 -0.01197
0.42288 -0.0127
0.42153 -0.01342
0.42018 -0.01412
0.41882 -0.01481
0.41745 -0.01548
0.416070 -0.01613
0.41469 -0.01676
0.41329 -0.01737
0.41189 -0.01797
0.41048 -0.01855
0.40905 -0.01912
0.40763 -0.01967
0.40619 -0.02021
0.40475 -0.02073
0.4033 -0.02124
0.40184 -0.02173
0.40037 -0.0222
0.39888 -0.02264
0.397380 -0.02304
0.39587 -0.02342
0.39433 -0.02377
0.392780 -0.02408
0.39122 -0.02436
0.389640 -0.02462
0.38804 -0.02483
0.38642 -0.025010
0.38478 -0.02514
0.38311 -0.02521
0.38141 -0.02523
0.37968 -0.0252
0.37793 -0.02511
0.37615 -0.02496
0.37434 -0.02477
0.3725 -0.02452
0.37063 -0.0242
0.3687 -0.02377
0.36671 -0.02321
0.36463 -0.02249
0.36248 -0.0216
0.36032 -0.02056
0.35824 -0.0194
0.35632 -0.01816
0.35464 -0.01686
0.35329 -0.01554
0.35165 -0.0130
0.3514 -0.01185
0.35156 -0.01082
0.35213 -0.00995
0.35305 -0.00921
0.35423 -0.00860
0.35559 -0.00808
0.35706 -0.00764
0.358580 -0.00725
0.36011 -0.00692
0.36168 -0.00663
0.36326 -0.00639
0.36487 -0.00619
0.3665 -0.00603
0.368140 -0.00591
0.36981 -0.00581
0.37148 -0.005740
0.37316 -0.005690
0.37485 -0.00566
0.37655 -0.00563
0.37825 -0.0056100
0.37995 -0.0056
0.38165 -0.00558
0.38335 -0.00556
0.38504 -0.00553
0.38673 -0.00549
0.38842 -0.00545
0.3901 -0.005390
0.39177 -0.00532
0.39344 -0.00524
0.3951 -0.00514
0.39675 -0.00503
0.3984 -0.00491
0.40004 -0.00477
0.40167 -0.00462
0.40329 -0.004440
0.4049 -0.004260
0.40651 -0.00405
0.4081 -0.00383
0.40969 -0.00360
0.41127 -0.00334
0.41284 -0.00307
0.4144 -0.00277
0.41595 -0.002460
0.41749 -0.002130
0.419020 -0.00178
0.42054 -0.00141
0.42205 -0.00101
0.42354 -0.0006
0.42503 -0.000170
0.42651 0.0002900
0.42798 0.00076
0.42944 0.001250
0.43089 0.00175
0.43234 0.00227
0.43377 0.0028
0.4352 0.00336
0.43661 0.00394
0.43801 0.00455
0.43939 0.00519
0.44077 0.00585
0.44213 0.00653
0.44348 0.00724
0.44481 0.00797
0.44614 0.00873
0.44745 0.00951
0.44874 0.01032
0.45003 0.01115
0.4513 0.01201
0.45255 0.01290
0.45379 0.01382
0.45502 0.01477
0.45623 0.01575
0.45742 0.01676
0.4586 0.0178
0.45976 0.01888
0.46091 0.01998
0.46203 0.02113
0.46314000 0.02231
0.46423 0.02352
0.4653 0.02477
0.46636 0.02605
0.4674 0.02736
0.46843 0.0287
0.46945 0.030060
0.47045 0.03145
0.47143 0.03286
0.47241 0.03431
0.47337 0.035770
0.47431 0.03727
0.47524 0.03881
0.47614 0.0404
0.47702 0.04203
0.47786 0.04372
0.478640 0.04537
0.47934 0.04692
0.47994 0.04828
0.480410 0.04935
0.48072 0.05008
0.48089 0.05041
-Inserting Flap Ga2-
0.60208 0.16878
0.602080 0.16835
0.60206 0.1675
0.60204 0.16624
0.60201 0.16466
0.60194 0.162850
0.60182 0.16091
0.60165 0.15894
0.601420 0.15702
0.601120 0.15516
0.60078 0.15336
0.60039 0.15159
0.59996 0.149860
0.59951 0.14816
0.59904 0.14648
0.59854 0.14482
0.59803 0.14318
0.59749 0.1415700
0.59693 0.13997
0.59636 0.13840
0.59576 0.13683
0.59515 0.13529
0.59453 0.13376
0.59389 0.13225
0.59323 0.13075
0.59256 0.12927
0.59187 0.12781
0.591160 0.12637
0.59043 0.12494
0.58969 0.12353
0.58893 0.12213
0.58816 0.12075
0.58739 0.11937
0.5866 0.118
0.58581 0.11664
0.58501 0.11529
0.5842 0.11395
0.58337 0.11262
0.58253 0.11131
0.58167 0.11001
0.58081 0.10872
0.57993 0.10745
0.57903 0.10619
0.57813 0.10494
0.57721 0.10371
0.57628 0.10248
0.57534 0.10127
0.57439 0.10006
0.57344 0.09887
0.57247 0.09768
0.57149 0.09651
0.57049 0.09535
0.56949 0.0942
0.5684700 0.09306
0.56744 0.09194
0.5664 0.09083
0.56534 0.08973
0.56427 0.088650
0.56319 0.08758
0.5621 0.08652
0.5609900 0.085470
0.559860 0.08444
0.55873 0.08343
0.55758 0.08242
0.55641 0.08144
0.55524 0.08046
0.55405 0.07949
0.55285 0.07854
0.55164 0.07759
0.55042 0.07666
0.54918 0.07574
0.54793 0.07485
0.546650 0.07397
0.54535 0.07312
0.54402 0.07229
0.54267 0.071490
0.54129 0.07071
0.53989 0.06996
0.53847 0.06923
0.53702 0.06853
0.53553 0.06786
0.53401 0.06723
0.53244 0.06665
0.53083 0.0661
0.52918 0.0656
0.52748 0.06514
0.52574 0.06473
0.52396 0.06436
0.52214 0.06402
0.52026 0.06375
0.51829 0.06357
0.51623 0.06348
0.51403 0.06352
0.51171 0.0637
0.50933 0.06403
0.50699 0.06449
0.50478 0.06508
0.50279 0.06579
0.50109 0.06663
0.49875 0.06854
0.49816 0.06956
0.49799 0.07059
0.49827 0.07159
0.49891 0.07257
0.49984 0.07352
0.50098 0.07444
0.50224 0.075310
0.503560 0.07615
0.50492 0.07694
0.50632 0.07769
0.50775 0.07841
0.50922 0.0791
0.51072 0.07975
0.51225 0.08038
0.5138 0.08098
0.51537 0.08157
0.516950 0.08214
0.51855 0.08269
0.52015 0.08324
0.52176 0.083780
0.52338 0.08432
0.52499 0.08486
0.5266 0.08541
0.5282 0.08596
0.5298 0.08652
0.53138 0.08708
0.53296 0.08766
0.53453 0.08824
0.53609 0.08883
0.53764 0.08944
0.53918 0.09005
0.540710 0.09068
0.54222 0.09132
0.54373 0.09197
0.54522 0.09263
0.54669 0.09331
0.54816 0.094
0.54961 0.0947
0.55104 0.09542
0.55247 0.09615
0.55387 0.0969
0.55527 0.097660
0.55664 0.09843
0.55801 0.09922
0.559350 0.10003
0.56068 0.10085
0.562 0.10169
0.563290 0.10255
0.56457 0.10342
0.56584 0.104310
0.56709 0.10521
0.56833 0.10613
0.56956 0.107050
0.57077 0.10799
0.571970 0.10895
0.57315 0.10992
0.57431 0.11091
0.575460 0.11192
0.57658 0.11295
0.57768 0.114
0.57877 0.11507
0.57983 0.11616
0.58087 0.11727
0.5819 0.1184
0.5829 0.11955
0.58389 0.12072
0.58485 0.12191
0.58579 0.12312
0.58671 0.12436
0.5876 0.12561
0.58848 0.12689
0.58932 0.1282
0.59015 0.129530
0.59095 0.13088
0.59172 0.13226
0.59247 0.13367
0.59318 0.13511
0.59387 0.13657
0.59453 0.13806
0.59517 0.13958
0.595780 0.14113
0.596370 0.14269
0.596930 0.14428
0.597470 0.145890
0.598 0.14752
0.5985 0.14917
0.59898 0.15085
0.59944 0.15254
0.59987 0.15426
0.60028 0.15601
0.60065 0.157790
0.60097 0.15962
0.60125 0.16148
0.60149 0.1633
0.601680 0.16499
0.60183 0.16646
0.60194 0.16763
0.6020100 0.16841
0.60208 0.16878
*.*.Setup: Ga2.txt as Flap 1, Inverted: y, Scale = 1.0, AoA = -2.0, Reposition from (0,0) = (0, 0)*.*.
*.*.Setup: Ga2.txt as Flap 2, Inverted: y, Scale = 0.4, AoA = 27.0, Reposition from previous T.E. = (-0.0267, 0.06), Reposition from (0,0) = (0.971, -0.024)*.*.
*.*.Setup: Ga2.txt as Flap 3, Inverted: y, Scale = 0.4, AoA = 45.0, Reposition from previous T.E. = (0.04, 0.06), Reposition from (0,0) = (1.3763, 0.2001)*.*.
*.*.Setup: Scale Ratio = 0.35986*.*.