0.35323 0.05595
0.35125 0.053760
0.34837 0.05057
0.34497 0.04741
0.34081 0.0443
0.33573 0.04107
0.32958 0.03756
0.3223 0.03376
0.31399 0.029730
0.30487 0.02555
0.29519 0.02135
0.28519 0.01718
0.275 0.01313
0.26475 0.00922
0.25446 0.00549
0.24413 0.00195
0.23373 -0.00142
0.22322 -0.00463
0.21255 -0.0077
0.20167 -0.01067
0.19055 -0.01356
0.17919 -0.01643
0.16766 -0.01927
0.15606 -0.0221
0.14455 -0.02487
0.13328 -0.02752
0.12245 -0.029970
0.11222 -0.03214
0.10271 -0.03392
0.09387 -0.03525
0.08556 -0.03612
0.07766 -0.03652
0.0701 -0.03646
0.06282 -0.035950
0.05579 -0.03501
0.04902 -0.03365
0.04252 -0.03188
0.03634 -0.02977
0.03057 -0.02737
0.02532 -0.02481
0.02067 -0.022220
0.016690 -0.0197
0.01334 -0.01732
0.010550 -0.01509
0.00825 -0.013
0.006350 -0.011040
0.00477 -0.00922
0.00347 -0.0075
0.00241 -0.00589
0.00155 -0.0043600
0.00087 -0.00292
0.00037 -0.001530
0.000086 -0.00021
-0.00012 0.00107000
0.000005 0.00237
0.00056 0.003560
0.00156 0.00452
0.00286 0.00524
0.0044 0.00581
0.00618 0.006320
0.00824 0.00678
0.01066 0.00724
0.01355 0.00771
0.01708 0.00819
0.02149 0.00871
0.0271 0.00926
0.03417 0.00985
0.04268 0.01043
0.05224 0.01088
0.062550 0.01115
0.07350 0.01123
0.08502 0.0112
0.096910 0.01112
0.10896 0.01103
0.12099 0.01094
0.13287 0.0109
0.144570 0.01092
0.15607 0.01103
0.16737 0.011270
0.178490 0.01165
0.18943 0.01219
0.20022 0.01292
0.21088 0.01384
0.2214100 0.01497
0.23183 0.01632
0.24216 0.01789
0.2524 0.01969
0.262560 0.02173
0.27263 0.024
0.28259 0.0265
0.29241 0.02922
0.30199 0.03213
0.31119 0.03519
0.31981 0.03832
0.32761 0.04144
0.33443 0.04447
0.34023 0.04739
0.34509 0.05018
0.34914 0.05283
0.35323 0.05595
-Inserting Flap s1223rtl-
0.52244 0.1494
0.52179 0.14807
0.52085 0.14614
0.51965 0.14416
0.51808 0.14209
0.51608 0.13984
0.51361 0.1373
0.51063 0.13447
0.5072 0.13139
0.50339 0.12813
0.49932 0.124770
0.49508 0.12139
0.49075 0.11804
0.48635 0.11475
0.48192 0.11154
0.47745 0.10841
0.47291 0.10536
0.46831 0.10237
0.4636 0.09942
0.45878 0.0965
0.45383 0.09357
0.448770 0.09063
0.44362 0.08767
0.43843 0.08472
0.43328 0.0818
0.42823 0.07897
0.42336 0.07630
0.41875 0.07385
0.41442 0.07168
0.41035 0.069820
0.406480 0.06826
0.40274 0.066980
0.3991 0.06597
0.39553 0.06521
0.39202 0.06469
0.38858 0.06441
0.38521 0.064360
0.38195 0.06453
0.37885 0.06489
0.37597 0.06539
0.37338 0.066
0.37111 0.06666
0.36918 0.0673400
0.36753 0.06803
0.36614 0.06872
0.36495 0.06939
0.36394 0.070060
0.36308 0.0707
0.36235 0.07133
0.36172 0.07194
0.3612 0.07255
0.36077 0.07314
0.36042 0.073730
0.36017 0.074330
0.36005 0.07496
0.36016 0.07562
0.3605 0.07621
0.36103 0.07674
0.3617 0.07723
0.36248 0.07771
0.363410 0.07822
0.3645 0.07878
0.36583 0.0794
0.36746 0.08012
0.36951 0.08097
0.37213 0.08201
0.37545 0.08327
0.37945 0.08472
0.38399 0.08626
0.38891 0.0878
0.39416 0.089350
0.3997 0.09093
0.40542 0.092530
0.41123 0.09414
0.41702 0.09576
0.422740 0.09738
0.42836 0.099
0.43387 0.10064
0.43927 0.10231
0.44456 0.10402
0.449740 0.1058
0.45483 0.10763
0.45983 0.10954
0.46473 0.111540
0.46956 0.11362
0.4743 0.1158
0.478980 0.11808
0.48358 0.12046
0.48811 0.122940
0.49255 0.12551
0.49689 0.12817
0.5011 0.13089
0.5051 0.13363
0.50881 0.13632
0.512130 0.1389
0.51499 0.141290
0.51737 0.143490
0.51932 0.1455
0.5209 0.14734
0.52244 0.1494
-Inserting Flap s1223rtl-
0.63815 0.29908
0.638 0.29762
0.637770 0.29548
0.63732 0.2932
0.63655 0.29073
0.63545 0.28793
0.63399 0.2847
0.63216 0.28102
0.62999 0.27695
0.62752 0.27258
0.62485 0.26803
0.62202 0.263410
0.61909 0.25878
0.61609 0.25418
0.61303 0.24965
0.60989 0.24518
0.60668 0.240760
0.60337 0.23637
0.59996 0.232
0.59642 0.2276
0.59278 0.22316
0.58902 0.21866
0.5852 0.21412
0.58133 0.20957
0.57749 0.20507
0.57371 0.20068
0.57005 0.19651
0.56655 0.19262
0.563230 0.18911
0.56004 0.18597
0.55694 0.18318
0.55386 0.1807
0.55078 0.1785
0.54769 0.17656
0.54457 0.17488
0.54143 0.17344
0.53828 0.17224
0.535160 0.171280
0.53212 0.17056
0.52924 0.17005
0.5266 0.16973
0.52425 0.16958
0.5222 0.16956
0.52041 0.16964
0.51887 0.16981
0.51753 0.17004
0.51635 0.17032
0.51532 0.17063
0.51442 0.17097
0.51362 0.171330
0.51292 0.17172
0.51231 0.17213
0.51179 0.17257
0.51135 0.17304
0.51102 0.1736
0.51089 0.17425
0.511010 0.174930
0.51133 0.1756
0.51178 0.17629
0.51236 0.17702
0.513050 0.17781
0.5139 0.17871
0.514930 0.17974
0.51621 0.18098
0.51785 0.18248
0.51995 0.18435
0.52264 0.18667
0.52591 0.1894
0.52965 0.1924
0.53374 0.19553
0.53815 0.19879
0.54281 0.20216
0.547640 0.20562
0.55255 0.209130
0.55744 0.21263
0.56226 0.2161
0.566980 0.21955
0.5716 0.22297
0.57610 0.226390
0.58049 0.22981
0.58475 0.23325
0.58891 0.23671
0.59294 0.24022
0.596870 0.24377
0.60069 0.24738
0.60441 0.25105
0.60802 0.25479
0.61153 0.2586
0.61494 0.262480
0.61824 0.26641
0.621410 0.2704
0.62443 0.274390
0.62725 0.27833
0.62982 0.28214
0.63206 0.28569
0.63392 0.28892
0.63541 0.2918
0.63656 0.29436
0.63741 0.29662
0.63815 0.29908
*.*.Setup: s1223rtl.txt as Flap 1, Inverted: y, Scale = 1.0, AoA = 9.0, Reposition from (0,0) = (0, 0)*.*.
*.*.Setup: s1223rtl.txt as Flap 2, Inverted: y, Scale = 0.5, AoA = 25.0, Reposition from previous T.E. = (0.02, 0.05), Reposition from (0,0) = (1.0077, 0.2064)*.*.
*.*.Setup: s1223rtl.txt as Flap 3, Inverted: y, Scale = 0.5, AoA = 45.0, Reposition from previous T.E. = (-0.03, 0.065), Reposition from (0,0) = (1.4308, 0.4827)*.*.
*.*.Setup: Scale Ratio = 0.35763*.*.