0.355700000 -0.01748
0.35495 -0.01824
0.35344 -0.0197
0.35121 -0.02186
0.34838 -0.02456
0.34509 -0.0276
0.3415 -0.03079
0.33777 -0.03394
0.334 -0.03688
0.330240 -0.03961
0.32648 -0.04216
0.32272 -0.04457
0.31895 -0.04685
0.31519 -0.04904
0.31143 -0.05115
0.30767 -0.05318
0.3039 -0.05513
0.30014 -0.05701
0.29638 -0.05883
0.29261 -0.06058
0.28885 -0.06227
0.28509 -0.0639
0.28133 -0.06548
0.27756 -0.067
0.2738 -0.068470
0.27004 -0.06988
0.266280 -0.07123
0.26251 -0.07252
0.25875 -0.07374
0.25499 -0.07491
0.25122 -0.07603
0.24746 -0.07711
0.24370 -0.07816
0.23994 -0.07918
0.23617 -0.080170
0.23241 -0.08113
0.22865 -0.08205
0.22489 -0.08293
0.221120 -0.08375
0.21736 -0.084530
0.2136 -0.08526
0.20983 -0.08594
0.20607 -0.08658
0.20231 -0.08718
0.19855 -0.08774
0.19478 -0.08826
0.19102 -0.08874
0.18726 -0.08919
0.1835 -0.0896
0.17973 -0.08998
0.17597 -0.09031
0.17221 -0.09061
0.16844 -0.09086
0.16468 -0.09107
0.16092 -0.09123
0.15716 -0.09135
0.15339 -0.09142
0.14963 -0.09145
0.14587 -0.09143
0.14211 -0.09136
0.13834 -0.09125
0.134580 -0.09109
0.13082 -0.09088
0.12705 -0.09062
0.12329 -0.09031
0.11953 -0.08996
0.11577 -0.08957
0.1120 -0.08915
0.10824 -0.08869
0.10448 -0.08818
0.10072 -0.08763
0.09695 -0.0870
0.09319 -0.08630
0.089430 -0.08551
0.08566 -0.08464
0.0819 -0.08368
0.07814 -0.08264
0.07438 -0.0815
0.07061 -0.08029
0.06685 -0.07897
0.06309 -0.07754
0.05933 -0.07598
0.05556 -0.0742700
0.0518 -0.07241
0.04804 -0.0703900
0.04427 -0.068230
0.04051 -0.06591
0.03675 -0.06346
0.03299 -0.06086
0.02922 -0.05804
0.025460 -0.05493
0.0217 -0.051470
0.01794 -0.04756
0.0142 -0.04319
0.01061 -0.03847
0.00732 -0.03358
0.00449 -0.02868
0.00226 -0.02395
0.00075 -0.01953
0.000000 -0.0121
0.00075 -0.00928
0.00226 -0.0072
0.00449 -0.00591
0.00732 -0.00532
0.01061 -0.00529
0.0142 -0.00568
0.01794 -0.00636
0.0217 -0.00721
0.025460 -0.0082
0.02922 -0.00932
0.03299 -0.01057
0.03675 -0.01193
0.04051 -0.01341
0.04427 -0.01498
0.04804 -0.01664
0.0518 -0.01836
0.05556 -0.02014
0.05933 -0.02196
0.06309 -0.0238
0.06685 -0.02567
0.07061 -0.02754
0.07438 -0.02941
0.07814 -0.03127
0.0819 -0.03311
0.08566 -0.03492
0.089430 -0.03671
0.09319 -0.03847
0.09695 -0.0402
0.10072 -0.04189
0.10448 -0.04354
0.10824 -0.04515
0.1120 -0.04672
0.11577 -0.04825
0.11953 -0.049740
0.12329 -0.05118
0.12705 -0.05258
0.13082 -0.053940
0.134580 -0.0552400
0.13834 -0.0565
0.14211 -0.05771
0.14587 -0.05886
0.14963 -0.05997
0.15339 -0.06102
0.15716 -0.06202
0.16092 -0.06297
0.16468 -0.06385
0.16844 -0.06468
0.17221 -0.06545
0.17597 -0.06616
0.17973 -0.066820
0.1835 -0.067430
0.18726 -0.068
0.19102 -0.06852
0.19478 -0.0690
0.19855 -0.06943
0.20231 -0.0698
0.20607 -0.0701
0.20983 -0.07033
0.2136 -0.07049
0.21736 -0.07058
0.221120 -0.0706
0.22489 -0.07055
0.22865 -0.07044
0.23241 -0.07026
0.23617 -0.070010
0.23994 -0.06968
0.24370 -0.06928
0.24746 -0.06881
0.25122 -0.06825
0.25499 -0.06762
0.25875 -0.06691
0.26251 -0.06611
0.266280 -0.06523
0.27004 -0.06426
0.2738 -0.0632
0.27756 -0.06204
0.28133 -0.06079
0.28509 -0.05943
0.28885 -0.05798
0.29261 -0.05643
0.29638 -0.0548
0.30014 -0.05309
0.3039 -0.0513
0.30767 -0.049440
0.31143 -0.0475
0.31519 -0.04549
0.31895 -0.04341
0.32272 -0.04126
0.32648 -0.03901
0.330240 -0.03666
0.334 -0.03419
0.33777 -0.031560
0.3415 -0.0288
0.34509 -0.02603
0.34838 -0.02341
0.35121 -0.0211
0.35344 -0.019250
0.35495 -0.01801
0.355700000 -0.01748
-Inserting Flap Ga2-
0.49988 0.06579
0.49975 0.06538
0.49948 0.06458
0.49907 0.06341
0.49855 0.06193
0.49794 0.06025
0.49724 0.05846
0.49647 0.05666
0.495670 0.05493
0.49482 0.05327
0.49395 0.05168
0.49304 0.05014
0.4921100 0.04864
0.49117 0.04718
0.49021 0.04574
0.489240 0.04434
0.48825 0.04296
0.48725 0.0416
0.48624 0.04027
0.48522 0.038970
0.48419 0.03768
0.48314 0.03642
0.48209 0.03517
0.48102 0.03395
0.47995 0.032740
0.47886 0.03155
0.47777 0.03039
0.47666 0.029250
0.47554 0.02813
0.47441 0.02703
0.47327 0.025940
0.47213 0.02488
0.47098 0.02382
0.46982 0.02277
0.46866 0.02174
0.4675 0.02071
0.46632 0.0197
0.46514 0.0187
0.46395 0.01773
0.46275 0.01677
0.46154 0.01582
0.46032 0.0149
0.4591 0.01398
0.45787 0.01309
0.45663 0.0122
0.45538 0.01134
0.45413 0.01048
0.45287 0.00964
0.4516 0.00881
0.45033 0.00799
0.44905 0.00719
0.44776 0.00640
0.44646 0.00563
0.4451600 0.00487
0.44385 0.00413
0.44253 0.0034
0.4412 0.00269
0.43987 0.002
0.43852 0.00132
0.43717 0.00066
0.43581 0.000059
0.43444 -0.00061
0.43306 -0.00121
0.43167 -0.0018
0.43027 -0.00238
0.42887 -0.00294
0.42746 -0.00348
0.42604 -0.00401
0.42461 -0.00453
0.42318 -0.00504
0.42174 -0.00552
0.420280 -0.00598
0.41882 -0.00641
0.41733 -0.00682
0.41583 -0.00719
0.41432 -0.00753
0.41279 -0.00784
0.41124 -0.00812
0.40968 -0.00837
0.4081 -0.00858
0.4065 -0.008760
0.404870 -0.00888
0.40322 -0.00896
0.40154 -0.00898
0.399830 -0.00894
0.3981 -0.00886
0.39634 -0.00872
0.394550 -0.00852
0.392740 -0.00828
0.39089 -0.00796
0.38898 -0.00753
0.38701 -0.00698
0.38496 -0.00627
0.38283 -0.00539
0.3807 -0.00436
0.37864 -0.00322
0.37674 -0.00199
0.37508 -0.00070
0.37375 0.0006
0.37213 0.00311
0.37188 0.00425
0.37204 0.00527
0.3726 0.00613
0.37351 0.00685
0.37467 0.00746
0.37602 0.00797
0.37748 0.00841
0.37897 0.00879
0.38049 0.00912
0.38204 0.00941
0.38361 0.00964
0.3852 0.00984
0.3868 0.01
0.38843 0.01012
0.39007 0.01021
0.39173 0.01028
0.39339 0.01033
0.39506 0.01037
0.39674 0.01039
0.39842 0.01041
0.4001 0.01043
0.40178 0.010440
0.40346 0.01047
0.40513 0.01049
0.4068 0.01053
0.40847 0.01058
0.41013 0.01063
0.41178 0.0107
0.41343 0.010780
0.41507 0.01088
0.41671 0.01098
0.41833 0.01111
0.41995 0.01125
0.42156 0.0114
0.42317 0.01157
0.424760 0.01175
0.426350 0.01195
0.42793 0.01217
0.4295 0.012410
0.43106 0.012660
0.43261 0.01293
0.43415 0.01322
0.43568 0.013530
0.4372 0.013850
0.43872 0.0142
0.44022 0.01457
0.44171 0.01496
0.44319 0.01537
0.44466 0.01580
0.44612 0.01624
0.44757 0.01671
0.44902 0.017190
0.450450 0.01769
0.45188 0.0182
0.4533 0.01873
0.454710 0.01928
0.4561 0.01986
0.45749 0.02046
0.45886 0.02109
0.46021 0.02174
0.4615600 0.02241
0.46289 0.02311
0.46421 0.02384
0.46552 0.02459
0.46682 0.02536
0.4681 0.02616
0.46937 0.02698
0.47062 0.02784
0.47186 0.02872
0.47309 0.02962
0.4743 0.03056
0.47550 0.03153
0.4766800 0.03253
0.47784 0.03356
0.47899 0.03462
0.48012 0.03571
0.48123 0.03684
0.482330 0.038010
0.48341 0.03921
0.48447000 0.04045
0.48551 0.04171
0.48654 0.043
0.487560 0.04432
0.48856 0.0456700
0.489550 0.04705
0.49053 0.04845
0.49149 0.04987
0.49244 0.05132
0.49337 0.0528
0.49429 0.05432
0.49518 0.05589
0.49604 0.05751
0.496870 0.05917
0.497650 0.06081
0.49834 0.062340
0.49894 0.06368
0.49940 0.06474
0.49971 0.06546
0.49988 0.06579
-Inserting Flap Ga2-
0.60784 0.20151
0.60789 0.20109
0.60798 0.20025
0.6081 0.1990200
0.60824 0.19746
0.60838 0.19567
0.60849 0.19375
0.60855 0.1918
0.60854 0.18989
0.60847 0.18803
0.608330 0.18622
0.60815 0.18444
0.60794 0.18269
0.60769 0.18097
0.60742 0.17927
0.60712 0.17758
0.6068 0.17592
0.60646 0.17427
0.60609 0.17264
0.60571 0.17102
0.60531 0.16942
0.60489 0.16784
0.60445 0.16627
0.60399 0.16471
0.60352 0.16316
0.60303 0.16163
0.60252 0.16012
0.60199 0.15862
0.60144 0.15713
0.60087 0.15566
0.60029 0.1542
0.59969 0.152760
0.59909 0.1513200
0.59848 0.14988
0.59785 0.14845
0.59722 0.14704
0.59658 0.14563
0.59592 0.14423
0.59524 0.14284
0.59455 0.14147
0.59385 0.14011
0.59313 0.13876
0.5924 0.137420
0.59165 0.13609
0.59089 0.13477
0.59012 0.13346
0.58934 0.13216
0.58855 0.13087
0.58774 0.12959
0.58693 0.128310
0.5861 0.12705
0.58526 0.125790
0.58441 0.12455
0.58354 0.12332
0.58265 0.1221
0.58176 0.12089
0.58085 0.11969
0.57992 0.1185
0.57898 0.11733
0.57803 0.11616
0.57706 0.11501
0.57608 0.11387
0.57508 0.11274
0.574060 0.11162
0.57303 0.11052
0.57199 0.10943
0.57093 0.10834
0.56987 0.10727
0.56879 0.1062
0.5677 0.10514
0.56659 0.1041
0.56546 0.10308
0.56430 0.10207
0.56312 0.10108
0.56192 0.10012
0.56068 0.09918
0.55942 0.09826
0.55813 0.09736
0.55682 0.09648
0.55547 0.09562
0.55409 0.0948
0.55266 0.09401
0.55119 0.09325
0.54968 0.09253
0.54811 0.091850
0.54650 0.09121
0.54484 0.0906
0.54314 0.09003
0.54138 0.08949
0.53957 0.08901
0.53766 0.0886
0.53564 0.08828
0.53348 0.08807
0.53118 0.08798
0.52881 0.08803
0.52646 0.08821
0.52422 0.0885300
0.52218 0.08901
0.52042 0.08963
0.5179 0.09124
0.5172 0.09217
0.516920 0.09316
0.51707 0.09418
0.51759 0.09522
0.5184 0.09626
0.519410 0.09729
0.52055 0.098290
0.52175 0.09926
0.52299 0.1002
0.524280 0.1011
0.52561 0.101970
0.52697 0.10281
0.52836 0.10363
0.52979 0.10442
0.53124 0.10519
0.53272 0.10594
0.53421 0.106680
0.53571 0.10741
0.53723 0.10813
0.53875 0.10885
0.54027 0.10956
0.54179 0.11028
0.54330 0.1110
0.54481 0.11173
0.54632 0.112460
0.54781 0.11319
0.54930 0.11394
0.55077 0.114690
0.55224 0.115450
0.55369 0.11622
0.555130 0.117
0.55655 0.11779
0.55797 0.11859
0.55937 0.1194
0.56075 0.12023000
0.56213 0.12106
0.56348 0.121910
0.564830 0.12276
0.56616 0.123630
0.56747 0.12451
0.56876 0.12541
0.570050 0.12631
0.57131 0.12723
0.57256 0.12816
0.57379 0.12911
0.575 0.13007
0.57619 0.13105
0.57736 0.13204
0.578520 0.13304
0.57966 0.13406
0.580790 0.13509
0.5819 0.13613
0.583 0.137180
0.58408 0.13824
0.58515 0.13931
0.5862 0.14040
0.58723 0.14151
0.58823 0.14263
0.58921 0.14377
0.59018 0.14493
0.59112 0.14611
0.59204 0.1473
0.59293 0.14851
0.59381 0.14973
0.59466 0.15098
0.5955 0.15224
0.5963 0.15352
0.597090 0.15482
0.59785 0.15613
0.59858 0.15747
0.59929 0.15883
0.59998 0.16021
0.60063 0.16161
0.60126 0.16303
0.60186 0.16447
0.60243 0.16594
0.60297 0.16743
0.60348 0.16895
0.60396 0.17049
0.60441 0.1720500
0.60483 0.17364
0.60523 0.175240
0.6056 0.17687
0.60595 0.17851
0.60627 0.18017
0.606580 0.18185
0.606860 0.18355
0.60711 0.18526
0.60734 0.1870
0.60754 0.18876
0.6077 0.19056
0.60781 0.19239
0.60787 0.19425
0.60789 0.19606
0.60788 0.197740
0.60786 0.19921
0.607840 0.20036
0.60782 0.20114
0.60784 0.20151
*.*.Setup: Ga2.txt as Flap 1, Inverted: y, Scale = 1.0, AoA = 0.0, Reposition from (0,0) = (0, 0)*.*.
*.*.Setup: Ga2.txt as Flap 2, Inverted: y, Scale = 0.4, AoA = 27.0, Reposition from previous T.E. = (0.04, 0.07), Reposition from (0,0) = (1.04, 0.0209)*.*.
*.*.Setup: Ga2.txt as Flap 3, Inverted: y, Scale = 0.4, AoA = 51.666666666666664, Reposition from previous T.E. = (0.04, 0.08), Reposition from (0,0) = (1.4453, 0.2649)*.*.
*.*.Setup: Scale Ratio = 0.3557*.*.