0.3852900000 -0.01893
0.38448 -0.01975
0.38285 -0.02134
0.38043 -0.02368
0.37736 -0.02661
0.3738 -0.0299
0.36991 -0.03336
0.36586 -0.03676
0.36179 -0.03995
0.357710 -0.04291
0.35364 -0.04567
0.34956 -0.04827
0.34549 -0.05075
0.34141 -0.05312
0.33733 -0.05541
0.33326 -0.0576
0.32918 -0.05972
0.32511 -0.06176
0.32103 -0.06372
0.31696 -0.06562
0.31288 -0.06745
0.3088 -0.06922
0.30473 -0.07093
0.30065 -0.07257
0.29658 -0.074160
0.2925 -0.07569
0.288430 -0.07716
0.28435 -0.07855
0.28027 -0.07988
0.2762 -0.08114
0.27212 -0.08235
0.26805 -0.08352
0.263970 -0.08466
0.2599 -0.08576
0.25582 -0.086840
0.25174 -0.08788
0.24767 -0.08888
0.24359 -0.08983
0.239520 -0.09072
0.23544 -0.091560
0.23137 -0.09235
0.22729 -0.09309
0.22321 -0.09379
0.21914 -0.09443
0.21506 -0.09504
0.21099 -0.0956
0.20691 -0.09613
0.20284 -0.09661
0.19876 -0.09706
0.19468 -0.09746
0.19061 -0.09783
0.18653 -0.09815
0.18246 -0.09842
0.17838 -0.09865
0.17431 -0.09882
0.17023 -0.09895
0.16615 -0.09903
0.16208 -0.09905
0.158 -0.09903
0.15393 -0.09896
0.14985 -0.09884
0.145780 -0.09867
0.1417 -0.09844
0.13762 -0.09816
0.13355 -0.09783
0.12947 -0.09745
0.1254 -0.09703
0.121320 -0.09656
0.11725 -0.09607
0.11317 -0.09552
0.10909 -0.09491
0.10502 -0.094240
0.10094 -0.093480
0.096870 -0.09263
0.09279 -0.09168
0.08872 -0.09064
0.08464 -0.08951
0.08056 -0.08828
0.07649 -0.08697
0.07241 -0.08554
0.06834 -0.08399
0.06426 -0.0823
0.06018 -0.0804500
0.05611 -0.07843
0.05203 -0.0762500
0.04796 -0.07390
0.04388 -0.0714
0.03981 -0.06874
0.03573 -0.06592
0.03165 -0.06287
0.027580 -0.0595
0.0235 -0.055750
0.01943 -0.05152
0.01538 -0.04678
0.01149 -0.04167
0.00793 -0.03637
0.00486 -0.03107
0.00245 -0.02594
0.00082 -0.02116
0.000000 -0.0131
0.00082 -0.01005
0.00245 -0.0078
0.00486 -0.0064
0.00793 -0.00576
0.01149 -0.00573
0.01538 -0.00615
0.01943 -0.00689
0.0235 -0.00781
0.027580 -0.00888
0.03165 -0.0101
0.03573 -0.01145
0.03981 -0.01293
0.04388 -0.01453
0.04796 -0.01623
0.05203 -0.01802
0.05611 -0.01989
0.06018 -0.02181
0.06426 -0.02378
0.06834 -0.02578
0.07241 -0.02781
0.07649 -0.02984
0.08056 -0.03186
0.08464 -0.03387
0.08872 -0.03586
0.09279 -0.03783
0.096870 -0.03977
0.10094 -0.04167
0.10502 -0.04354
0.10909 -0.04537
0.11317 -0.04716
0.11725 -0.04891
0.121320 -0.05061
0.1254 -0.05227
0.12947 -0.053880
0.13355 -0.05544
0.13762 -0.05696
0.1417 -0.058420
0.145780 -0.0598400
0.14985 -0.0612
0.15393 -0.06251
0.158 -0.06376
0.16208 -0.06496
0.16615 -0.0661
0.17023 -0.06718
0.17431 -0.0682
0.17838 -0.06916
0.18246 -0.07006
0.18653 -0.07089
0.19061 -0.07166
0.19468 -0.072380
0.19876 -0.073040
0.20284 -0.07365
0.20691 -0.07422
0.21099 -0.074740
0.21506 -0.0752
0.21914 -0.0756
0.22321 -0.07593
0.22729 -0.07618
0.23137 -0.07635
0.23544 -0.07645
0.239520 -0.07647
0.24359 -0.07642
0.24767 -0.0763
0.25174 -0.0761
0.25582 -0.075830
0.2599 -0.07548
0.263970 -0.07505
0.26805 -0.07453
0.27212 -0.07393
0.2762 -0.07325
0.28027 -0.07247
0.28435 -0.07161
0.288430 -0.07065
0.2925 -0.0696
0.29658 -0.06845
0.30065 -0.0672
0.30473 -0.06584
0.3088 -0.06437
0.31288 -0.0628
0.31696 -0.06113
0.32103 -0.05936
0.32511 -0.0575
0.32918 -0.05557
0.33326 -0.053550
0.33733 -0.05145
0.34141 -0.04927
0.34549 -0.04702
0.34956 -0.04469
0.35364 -0.04226
0.357710 -0.03971
0.36179 -0.03703
0.36586 -0.034190
0.36991 -0.0312
0.3738 -0.0282
0.37736 -0.02536
0.38043 -0.02286
0.38285 -0.020860
0.38448 -0.01951
0.3852900000 -0.01893
-Inserting Flap Ga2-
0.50973 0.079430
0.50963 0.078980
0.509410 0.0781
0.50909 0.07679
0.50866 0.07515
0.50816 0.073270
0.50757 0.07128
0.50692 0.06927
0.50621 0.06732
0.50546 0.065450
0.50466 0.06365
0.50383 0.06190
0.50297 0.0602
0.50209 0.05853
0.50119 0.05689
0.50028 0.05528
0.49934 0.0537
0.498390 0.05215
0.49743 0.05062
0.49644 0.04911
0.49545 0.04762
0.49444 0.04616
0.49342 0.04472
0.49239 0.04329
0.49134 0.04189
0.4902800 0.04051
0.48921 0.03915
0.48813 0.03781
0.48702 0.0365
0.48591 0.03521
0.48478 0.03393
0.48365 0.03267
0.48251 0.031420
0.48136 0.03018
0.4802 0.02895
0.47904 0.02774
0.47787 0.02653
0.47669 0.02535
0.4755 0.02418
0.47429 0.02303
0.47308 0.0219
0.47185 0.02078
0.47062 0.019680
0.469370 0.0186
0.46812 0.01753
0.46685 0.01648
0.46558 0.01544
0.4643 0.01441
0.463010 0.01339
0.46172 0.01239
0.46041 0.0114
0.4591 0.01043
0.45777 0.00947
0.45644 0.00853
0.45509 0.007610
0.45374 0.0067
0.45237 0.00581
0.45099 0.00494
0.44961 0.00408
0.44821 0.00324
0.4468 0.00242
0.44538 0.001610
0.44395 0.00083
0.44251 6e-05
0.44106 -0.00069
0.43959 -0.00143
0.43812 -0.00215
0.43664 -0.00286
0.43515 -0.00355
0.433650 -0.00423
0.43214 -0.00489
0.43062 -0.00552
0.42907 -0.00613
0.42751 -0.0067
0.42593 -0.00725
0.42432 -0.00776
0.4227 -0.00824
0.42106 -0.00869
0.4194 -0.0091
0.41771 -0.00948
0.416 -0.00982
0.41426 -0.01011
0.412490 -0.01035
0.41068 -0.01053
0.40883 -0.01065
0.40695 -0.01072
0.40504 -0.01073
0.40309 -0.01070
0.40111 -0.0106
0.39908 -0.01043
0.396990 -0.01015
0.39481 -0.009740
0.39253 -0.009170
0.390150 -0.00842
0.38775 -0.00751
0.38542 -0.00647
0.38325 -0.00532
0.38135 -0.00410
0.379780 -0.00282
0.3778 -0.00026
0.37743 0.00095
0.3775 0.00206
0.37802 0.00304
0.37893 0.00391
0.38013 0.00468
0.38154 0.00536
0.38307 0.00597
0.38465 0.00652
0.38626 0.00702
0.3879 0.00747
0.38956 0.007880
0.39126 0.00824
0.392980 0.00856
0.39473 0.00884
0.39649 0.00910
0.39827 0.00933
0.40006 0.00954
0.40186 0.00974
0.40366 0.00992
0.40548 0.0101
0.40729 0.01028
0.4091 0.01045
0.41091 0.01064
0.412710 0.01082
0.414510 0.01102
0.41631 0.011230
0.41809 0.01145
0.41987 0.01168
0.42164 0.01192
0.4234 0.0121800
0.42516 0.01245
0.42690 0.01273
0.428630 0.013030
0.43036 0.01335
0.43207 0.01369
0.43378 0.01404
0.43547 0.0144
0.43715 0.01479
0.43882 0.01519
0.44048 0.01561
0.442130 0.016050
0.44377 0.0165
0.44539 0.01698
0.447 0.01748
0.4486 0.018
0.45019 0.01853
0.45176 0.01909
0.45332 0.01968
0.45487 0.02028
0.4564 0.0209
0.45792 0.02154
0.45944 0.02219
0.46094 0.02286
0.462430 0.023550
0.46391 0.02426
0.46538 0.02499
0.46683 0.02574
0.46827 0.02652
0.46969 0.02733
0.47109 0.02816
0.47248 0.02901
0.473850 0.0299
0.4752 0.0308
0.47655 0.03173
0.477870 0.03269
0.47918 0.033670
0.48047 0.03468
0.48174 0.03572
0.483 0.03679
0.48424 0.03788
0.48545 0.03901
0.48665 0.04017
0.487830 0.04135
0.488990 0.04257
0.49013 0.04383
0.49125 0.04512
0.49234 0.04644
0.49342 0.0478
0.49446 0.0492
0.49549 0.05063
0.4965 0.0521
0.4974900 0.053590
0.49846 0.05511
0.49942 0.05666
0.50035 0.05824
0.50128 0.05984
0.50218 0.06147
0.503070 0.06312
0.50394 0.06481
0.504780 0.06654
0.50559 0.06831
0.50637 0.07014
0.50711 0.07201
0.50779 0.07385
0.5084 0.07557
0.50891 0.07707
0.50931 0.07826
0.50958 0.07906
0.50973 0.079430
-Inserting Flap Ga2-
0.600940 0.21388
0.60095 0.21342
0.60093 0.2125
0.60091 0.21116
0.60087 0.20946
0.6008 0.20752
0.60067 0.20545
0.60049 0.20334
0.60024 0.20129
0.59992 0.1993
0.59955 0.19736
0.599140 0.19547
0.59868 0.19362
0.5982 0.1918
0.5977 0.19
0.5971600 0.18822
0.59661 0.18647
0.59603 0.18474
0.59544 0.183030
0.59482 0.18134
0.59419 0.179670
0.59353 0.178020
0.59286 0.17638
0.59218 0.17477
0.591470 0.17316
0.590750 0.17158
0.59001 0.17001
0.58926 0.16846
0.58848 0.16694
0.58768 0.16543
0.58687 0.16393
0.58605 0.16245
0.58522 0.16097
0.58438 0.15951
0.58353 0.15805
0.58267 0.1566
0.5818 0.15517
0.580920 0.153750
0.58002 0.15234
0.57910 0.15095
0.57817 0.149570
0.57723 0.14821
0.57627 0.14686
0.5753 0.14553
0.57432 0.1442
0.57333 0.14289
0.57232 0.14159
0.57131 0.14030
0.57028 0.13902
0.56924 0.137750
0.56819 0.1365
0.56713 0.13525
0.566060 0.13402
0.56497 0.13281
0.56386 0.13161
0.56275 0.13042
0.56162 0.12924
0.56047 0.12808
0.55931 0.12693
0.55814 0.1258
0.55695 0.12468
0.55575 0.12358
0.55453 0.12249
0.5533 0.12142
0.552050 0.12036
0.550790 0.11931
0.54952 0.11828
0.54824 0.11726
0.546950 0.11625
0.54564 0.11525
0.54431 0.11427
0.54297 0.1133
0.5416 0.11237
0.54021 0.11145
0.53879 0.11057
0.53734 0.10971
0.53587 0.10888
0.534370 0.10807
0.53284 0.10729
0.53129 0.10654
0.5297 0.10583
0.52806 0.105150
0.52639 0.10452
0.52467 0.10394
0.5229 0.10341
0.52108 0.10292
0.51922 0.102470
0.51731 0.102070
0.51536 0.10172
0.51335 0.10143
0.51124 0.10123
0.50903 0.10114
0.50668 0.10118
0.5041900 0.10137
0.50165 0.10172
0.49914 0.10221
0.49677 0.10284
0.49464 0.10361
0.49283 0.1045
0.49032 0.106550
0.48969 0.10764
0.48951 0.10874
0.4898 0.10982
0.49049 0.11087
0.49148 0.11189
0.4927 0.11286
0.49406 0.1138
0.49547 0.11469
0.49692 0.11554
0.49842 0.11635
0.49996 0.11712
0.501530 0.11786
0.50313 0.118560
0.50477 0.11923
0.50643 0.11988
0.50811 0.12050
0.50981 0.12111
0.51151 0.1217
0.51323 0.12229
0.51496 0.12287
0.516680 0.12345
0.51841 0.12403
0.52013 0.12461
0.52185 0.1252
0.52356 0.1258
0.52526 0.12641
0.52695 0.127020
0.52863 0.127640
0.5303 0.12828
0.53196 0.12893
0.53361 0.12958
0.53524 0.13026
0.53686 0.13094
0.53847 0.13164
0.54007 0.13235
0.541650 0.13307
0.54321 0.13381
0.54477 0.13456
0.54631 0.135330
0.54783 0.13611
0.54934 0.13691
0.55083 0.13772
0.5523 0.138550
0.55376 0.1394
0.5552 0.140270
0.556630 0.14115
0.558030 0.14205
0.55942 0.14296
0.56079 0.1439
0.56215 0.14485
0.56349 0.14581
0.564820 0.14679
0.566130 0.14778
0.56743 0.14879
0.56871 0.149810
0.56998 0.150850
0.57122 0.15191
0.57245 0.153
0.57365 0.1541
0.57483 0.15523
0.57599 0.15637
0.577130 0.15754
0.57824 0.15873
0.579340 0.15993
0.58042 0.16116
0.58147 0.16242
0.5825 0.163690
0.58351 0.16499
0.58449 0.16631
0.58545 0.16766
0.586380 0.16903
0.58729 0.17043
0.58818 0.17185
0.589030 0.1733
0.58986 0.17478
0.590660 0.17629
0.59143 0.17782
0.59216 0.17939
0.59287 0.18099
0.59355 0.18261
0.5942 0.18427
0.59483 0.18594
0.59544 0.18765
0.59602 0.18937
0.59658 0.19112
0.59711 0.19288
0.59763 0.19467
0.59812 0.19649
0.59859 0.19833
0.59902 0.2002
0.59942 0.20211
0.59976 0.20407
0.60006 0.20606
0.60031 0.20801
0.60052 0.20982
0.60068 0.21139
0.6008 0.21264
0.60088 0.21348
0.600940 0.21388
*.*.Setup: Ga2.txt as Flap 1, Inverted: y, Scale = 1.0, AoA = 0.0, Reposition from (0,0) = (0, 0)*.*.
*.*.Setup: Ga2.txt as Flap 2, Inverted: y, Scale = 0.4, AoA = 32.0, Reposition from previous T.E. = (-0.0267, 0.06), Reposition from (0,0) = (0.9733, 0.0109)*.*.
*.*.Setup: Ga2.txt as Flap 3, Inverted: y, Scale = 0.4, AoA = 45.0, Reposition from previous T.E. = (-0.06, 0.08), Reposition from (0,0) = (1.263, 0.2862)*.*.
*.*.Setup: Scale Ratio = 0.38529*.*.