0.35876 0.03771
0.356650 0.03561
0.35358 0.03255
0.34999 0.02955
0.34564 0.02664
0.340350 0.023650
0.33397 0.02044
0.32643 0.01699
0.317850 0.01337
0.308440 0.00965
0.29848 0.00592
0.28817 0.00226
0.277710 -0.001290
0.26717 -0.00468
0.2566 -0.0079
0.24601 -0.010930
0.23536 -0.01377
0.22461 -0.01645
0.213700 -0.01898
0.20258 -0.02139
0.19122 -0.02372
0.17963 -0.02601
0.16787 -0.02826
0.15603 -0.03050
0.14429 -0.03268
0.1328 -0.03475
0.12176 -0.03666
0.11134 -0.0383
0.10167 -0.03959
0.09269 -0.04047
0.08428 -0.0409
0.0763 -0.04088
0.06869 -0.04043
0.06138 -0.03953
0.05435 -0.03821
0.0476 -0.03648
0.041150 -0.03436
0.03504 -0.0319
0.02935 -0.02919
0.02419 -0.02633
0.01965 -0.023470
0.01577 -0.02072
0.01252 -0.01815
0.00983 -0.01575
0.00763 -0.01353
0.005810 -0.01146
0.00432 -0.009530
0.0031 -0.00774
0.00212 -0.00606
0.00133 -0.004480
0.00072 -0.00298
0.00029 -0.00156
0.000055 -0.00022
-6e-05 0.00109
0.00013 0.00238
0.00075 0.00356
0.00181 0.00447
0.003160 0.00512
0.00474 0.005620
0.00656 0.00604
0.00866 0.0064
0.01112 0.00673
0.01405 0.00705
0.01763 0.00735
0.02211 0.007640
0.02779 0.0079
0.03494 0.00812
0.04354 0.008250
0.0532 0.0082
0.06359 0.00792
0.07463 0.00743
0.08623 0.0068
0.0982 0.00609
0.11034 0.00536
0.12245 0.00463
0.134420 0.00396
0.1462 0.00336
0.157790 0.00287
0.16919 0.00252
0.1804 0.00231
0.191460 0.00228
0.20237 0.00245
0.21315 0.00281
0.22382 0.00339
0.23439 0.0042
0.24487 0.00524
0.25528 0.00651
0.26563 0.00803
0.27589 0.00978
0.28606 0.01177
0.29609 0.013990
0.30589 0.01642
0.31532 0.01902
0.32417 0.02172
0.33219 0.02445
0.339220 0.02714
0.34521 0.02977
0.35026 0.03233
0.35447 0.034790
0.35876 0.03771
-Inserting Flap s1223rtl-
0.52218 0.15495
0.52164 0.15356
0.52086 0.15154
0.51983 0.14943
0.51844 0.14722
0.51663 0.14478
0.51436 0.14202
0.51162 0.13891
0.50844 0.13551
0.5049 0.1319
0.50111 0.12817
0.49715 0.1244
0.49309 0.12065
0.48896 0.11696
0.48479 0.113340
0.48057 0.1098
0.47628 0.10634
0.47191 0.10293
0.46745 0.09955
0.46286 0.09619
0.45814 0.09282
0.45331 0.08941
0.4484 0.08599
0.44345 0.08256
0.43853 0.07918
0.4337 0.0759
0.42905 0.07278
0.42462 0.06991
0.42046 0.06735
0.41654 0.06513
0.412790 0.06322
0.40914 0.061610
0.405570 0.06027
0.40205 0.05919
0.39857 0.05836
0.39513 0.05778
0.39176 0.05743
0.38847 0.05732
0.38532 0.05740
0.38238 0.05766
0.37972 0.05804
0.37739 0.0585
0.37538 0.05902
0.37367 0.05957
0.37221 0.06013
0.37096 0.06071
0.369890 0.06129
0.36897 0.06186
0.36817 0.062430
0.36749 0.06299
0.36691 0.06355
0.36642 0.06411
0.36603 0.06467
0.36572 0.06525
0.36555 0.06588
0.36559 0.06654
0.36589 0.06717
0.36638 0.06775
0.367 0.0683
0.36774 0.06885
0.368630 0.06945
0.36968 0.0701
0.37096 0.07084
0.37253 0.07171
0.37452 0.07275
0.37706 0.07402
0.38028 0.07558
0.38418 0.077380
0.3886 0.07933
0.39341 0.08131
0.39855 0.08333
0.40398 0.0854
0.40959 0.08752
0.41529 0.08965
0.42096 0.091780
0.42657 0.09391
0.43207 0.096030
0.43746 0.09816
0.44274 0.10032
0.44791 0.102510
0.45296 0.10474
0.45791 0.107030
0.46276 0.10939
0.467520 0.11183
0.472180 0.11435
0.47676 0.116950
0.48126 0.11965
0.48567 0.12245
0.49 0.12534
0.49424 0.12831
0.49837 0.13137
0.50236 0.13447
0.50614 0.13757
0.50963 0.14061
0.51274 0.14349
0.5154 0.14615
0.5176 0.14857
0.51939 0.15076
0.52081 0.15274
0.52218 0.15495
-Inserting Flap s1223rtl-
0.6591 0.27644
0.65869 0.27501
0.65809 0.27293
0.65725 0.27074
0.65605 0.268420
0.65446 0.2658300
0.65245 0.26288
0.64999 0.25954
0.64711 0.25588
0.64390 0.25197
0.640450 0.24792
0.63683 0.24382
0.63311 0.23974
0.62933 0.23570
0.62549 0.23173
0.621590 0.22784
0.61762 0.22401
0.61357 0.22024
0.60941 0.21649
0.60513 0.21274
0.600730 0.20896
0.59621 0.20515
0.59162 0.20131
0.58698 0.19747
0.582370 0.19367
0.57786 0.18998
0.57349 0.18647
0.56933 0.18323
0.56541 0.18031
0.5617 0.17776
0.55812 0.17553
0.55463 0.1736
0.55119 0.17196
0.54778 0.17057
0.54439 0.169450
0.54101 0.16857
0.53768 0.16793
0.53441 0.16752
0.53126 0.16733
0.52832 0.16733
0.52564 0.16748
0.52327 0.16774
0.52123 0.16808
0.51947 0.16848
0.51797 0.16892
0.516670 0.16938
0.51556 0.16986
0.51459 0.17035
0.513750 0.17085
0.51302 0.17135
0.51239 0.17185
0.51186 0.17237
0.51142 0.17289
0.51106 0.17344
0.51083 0.17406
0.510820 0.17472
0.51106 0.17537
0.5115 0.17599
0.51207 0.17659
0.51276 0.17721
0.51359 0.17788
0.51459 0.17862
0.51579 0.17947
0.51728 0.18047
0.51917 0.18168
0.521590 0.18317
0.52467 0.185
0.528390 0.18714
0.532630 0.18947
0.53724 0.19186
0.54219 0.19432
0.54742 0.19686
0.55282 0.19945
0.55831 0.20207
0.56378 0.20469
0.56918 0.2073
0.57447 0.20989
0.57966 0.21249
0.58473 0.21509
0.589690 0.21772
0.59453 0.220390
0.59926 0.22311
0.60388 0.22588
0.608410 0.228720
0.61284 0.23164
0.61717 0.23463
0.62141 0.23771
0.62557 0.24088
0.62963 0.24414
0.6336 0.24747
0.63744 0.25087
0.64114 0.25431
0.64464 0.25773
0.64785 0.26106
0.6507 0.2642
0.653120 0.26708
0.6551 0.26968
0.656690 0.27202
0.65794 0.2741200
0.6591 0.27644
*.*.Setup: s1223rtl.txt as Flap 1, Inverted: y, Scale = 1.0, AoA = 6.0, Reposition from (0,0) = (0, 0)*.*.
*.*.Setup: s1223rtl.txt as Flap 2, Inverted: y, Scale = 0.5, AoA = 30.0, Reposition from previous T.E. = (0.02, 0.075), Reposition from (0,0) = (1.0145, 0.1795)*.*.
*.*.Setup: s1223rtl.txt as Flap 3, Inverted: y, Scale = 0.5, AoA = 35.0, Reposition from previous T.E. = (-0.03, 0.05), Reposition from (0,0) = (1.4175, 0.4795)*.*.
*.*.Setup: Scale Ratio = 0.36074*.*.