0.35901 -0.00510
0.35828 -0.00588
0.35682 -0.00742
0.354640 -0.009670
0.35188 -0.01249
0.34868 -0.01567
0.34518 -0.01901
0.34152 -0.02231
0.33783 -0.02541
0.33414 -0.02829
0.330440 -0.031
0.32673 -0.03355
0.32302 -0.03598
0.31931 -0.03833
0.31559 -0.04058
0.31187 -0.04276
0.30815 -0.04486
0.30442 -0.046890
0.300690 -0.04885
0.296960 -0.05074
0.29323 -0.05258
0.2895 -0.05435
0.28576 -0.05608
0.28203 -0.05774
0.27829 -0.05935
0.27454 -0.06091
0.2708 -0.0624
0.26705 -0.06383
0.26331 -0.0652
0.25956 -0.066510
0.2558 -0.06777
0.252050 -0.06899
0.2483 -0.07017
0.24454 -0.07134
0.24078 -0.07247
0.23703 -0.07357
0.23327 -0.07463
0.229510 -0.07564
0.22575 -0.07661
0.22198 -0.07752
0.21822 -0.07839
0.21445 -0.079210
0.21068 -0.07999
0.20691 -0.0807200
0.20314 -0.08142
0.19937 -0.08208
0.19559 -0.08269
0.19182 -0.08328
0.18804 -0.08382
0.18426 -0.08434
0.18048 -0.08481
0.1767 -0.08524
0.17292 -0.08562
0.16913 -0.08597
0.16535 -0.08626
0.16156 -0.08651
0.15777 -0.08672
0.15398 -0.08688
0.15019 -0.08699
0.1464 -0.08706
0.1426 -0.08707
0.13881 -0.08705
0.13501 -0.08697
0.13121 -0.08684
0.1274 -0.086660
0.1236 -0.08644
0.1198 -0.08618
0.11599 -0.08588
0.11218 -0.085550
0.10837 -0.08518
0.104560 -0.08475
0.10075 -0.08425
0.09693 -0.08368
0.09311 -0.08302
0.089290 -0.08227
0.08547 -0.08143
0.08164 -0.08051
0.07781 -0.07951
0.07397 -0.07841
0.07014 -0.07722
0.06629 -0.07590
0.06245 -0.07446
0.0586 -0.07288
0.05474 -0.07114
0.05088 -0.06924
0.04701 -0.06719
0.04314 -0.06499
0.03926 -0.06265
0.03538 -0.06016
0.03149 -0.05745
0.02759 -0.05445
0.02367 -0.05109
0.01975 -0.04729
0.01583 -0.043020
0.01204 -0.03839
0.00856 -0.03358
0.005530 -0.02874
0.00312 -0.02405
0.00145 -0.01965
0.00043 -0.012190
0.00108 -0.00932
0.00253 -0.00717
0.00473 -0.0058
0.00757 -0.0051
0.01088 -0.00496
0.01451 -0.00522
0.0183 -0.00578
0.02212 -0.0065
0.025940 -0.00736
0.02977 -0.00836
0.03361 -0.00949
0.03745 -0.01073
0.04129 -0.01209
0.04514 -0.01354
0.04899 -0.01507
0.052840 -0.01668
0.05669 -0.018340
0.06055 -0.02004
0.06440 -0.02177
0.06826 -0.02351
0.07212 -0.025270
0.07598 -0.02702
0.079830 -0.02876
0.08369 -0.03048
0.08754 -0.03217
0.0914 -0.03384
0.09525 -0.03548
0.0991 -0.03709
0.10295 -0.03866
0.1068 -0.04019
0.11065 -0.04169
0.1145 -0.04314
0.11834 -0.04455
0.12219 -0.04591
0.12603 -0.04723
0.12987 -0.04851
0.13371 -0.04974
0.13754 -0.05092
0.14138 -0.05206
0.14521 -0.053140
0.149050 -0.05418
0.15288 -0.05516
0.1567 -0.05609
0.16053 -0.05696
0.1643500 -0.057780
0.16818 -0.058540
0.172 -0.05924
0.17582 -0.05988
0.17963 -0.06047
0.18345 -0.061
0.18726 -0.06149
0.19107 -0.06193
0.194880 -0.06232
0.19869 -0.06267
0.20249 -0.06297
0.20630 -0.063210
0.2101 -0.06338
0.2139 -0.06348
0.2177 -0.06351
0.22149 -0.06346
0.22528 -0.06335
0.22907 -0.063170
0.23286 -0.06293
0.236640 -0.06261
0.24043 -0.06223
0.24421 -0.06177
0.2479800 -0.06123
0.25176 -0.06062
0.25553 -0.059930
0.2593 -0.05916
0.26307 -0.05831
0.26683 -0.05737
0.27059 -0.05635
0.274350 -0.05524
0.2781 -0.05404
0.28185 -0.05275
0.2856 -0.05135
0.28934 -0.04985
0.29308 -0.04825
0.29682 -0.04656
0.30055 -0.044790
0.30428 -0.042930
0.30801 -0.041
0.31174 -0.03898
0.31546 -0.0369
0.31918 -0.03474
0.3229 -0.032520
0.32661 -0.03021
0.33033 -0.02782
0.33404 -0.02532
0.33774 -0.022690
0.34144 -0.01992
0.34511 -0.017
0.34862 -0.01409
0.35184 -0.01133
0.35462 -0.0089
0.3568 -0.00696
0.35827 -0.00566
0.35901 -0.00510
-Inserting Flap Ga2-
0.49216 0.10429
0.4921 0.103870
0.49198 0.10303
0.49178 0.10179
0.49152 0.1002300
0.4912 0.09846
0.49082 0.09656
0.49038 0.09464
0.48988 0.092780
0.48933 0.090980
0.48874 0.08925
0.48811 0.08756
0.48746 0.08591
0.48678 0.08429
0.48608 0.0827
0.48536 0.08114
0.484620 0.07959
0.48386 0.078070
0.48309 0.07658
0.4823 0.0751
0.4815 0.073640
0.48069 0.0722
0.47986 0.07078
0.47902 0.06938
0.47816 0.06799
0.47729 0.06663
0.47641 0.06528
0.47551 0.06395
0.47459 0.06264
0.47366 0.061350
0.47272 0.06008
0.47177 0.05882
0.47082 0.05757
0.46985 0.05632
0.46888 0.05509
0.4679 0.05387
0.46691 0.05266
0.46591 0.05146
0.4649 0.050290
0.46388 0.04912
0.46284 0.04797
0.46180 0.04684
0.46074 0.04572
0.4596800 0.04461
0.4586 0.04352
0.45751 0.04244
0.45642 0.04137
0.45532 0.04032
0.4542 0.03927
0.45308 0.03824
0.45195 0.037210
0.45081 0.03621
0.44966 0.03521
0.4485 0.03423
0.44733 0.03327
0.44614 0.03231
0.44495 0.03138
0.44374 0.03046
0.44253 0.02955
0.4413 0.02866
0.44006 0.02778
0.43881 0.02692
0.43755 0.02607
0.43627 0.02524
0.43499 0.024430
0.43369 0.02363
0.43238 0.02284
0.43107 0.02206
0.42974 0.0213
0.42841 0.0205500
0.42706 0.01982
0.4257 0.0191
0.42432 0.01842
0.42292 0.01776
0.42149 0.017120
0.42005 0.01652
0.41858 0.01594
0.41709 0.01539
0.41559 0.01487
0.41406 0.01438
0.4125 0.01393
0.41091 0.01352
0.409280 0.01316
0.40762 0.01284
0.40591 0.012580
0.40418 0.01236
0.4024 0.01220
0.4006 0.01207
0.39875 0.012
0.39686 0.01199
0.39489 0.01208
0.39284 0.01228
0.39068 0.01263
0.38841 0.01313
0.38611 0.01378
0.38387 0.01456
0.38177 0.01545
0.3799 0.01643
0.37834 0.01749
0.37629 0.0197
0.37585 0.02079
0.37583 0.02182
0.37624 0.02278
0.37701 0.02366
0.37806 0.02447
0.37931 0.02521
0.38068 0.0259
0.3821 0.02654
0.383550 0.027130
0.38503 0.02768
0.38655 0.0282
0.38809 0.02867
0.38966 0.02911
0.39126 0.02951
0.39287 0.02989
0.3945 0.03025
0.39614 0.03059
0.39779 0.03092
0.39946 0.03124
0.40112 0.03155
0.40279 0.03186
0.40445 0.03217
0.40611 0.03249
0.40777 0.03281
0.40943 0.0331400
0.41107 0.033470
0.41271 0.03382
0.41434 0.03418
0.41596 0.03455
0.41758 0.03493
0.41918 0.03532
0.42077 0.03573
0.42236 0.0361500
0.42393 0.03658
0.42549 0.03703
0.42704 0.03749
0.42858 0.03797
0.43011 0.03846
0.43163 0.03897
0.43313 0.0395
0.43463 0.04004
0.43611 0.04059
0.43757 0.04117
0.43903 0.04176
0.44047 0.04237
0.44189 0.043
0.44331 0.0436400
0.44471 0.04431
0.44609 0.04499
0.44746 0.04569
0.44882 0.04641
0.4501700 0.04714
0.45151 0.04788
0.45284 0.04864
0.45416 0.04942
0.45546 0.05021
0.45674 0.05103
0.45801 0.05187
0.45926 0.05273
0.46049 0.05362
0.46171 0.05452
0.46291 0.05545
0.4641 0.05640
0.465260 0.05737
0.46641 0.05837
0.46755 0.059380
0.46866 0.06042
0.46976 0.06149
0.47084 0.06258
0.47189 0.0637
0.47293 0.06484
0.47395 0.06601
0.474950 0.06721
0.47593 0.06844
0.47688 0.06969
0.47781 0.07098
0.4787200 0.072290
0.4796 0.07364
0.48046 0.07502
0.4813 0.076440
0.48211 0.07787
0.48291 0.07934
0.48369 0.08083
0.48445 0.08234
0.48519 0.08388
0.48591 0.08544
0.48662 0.087020
0.48731 0.088630
0.48798 0.0902600
0.48862 0.09193
0.48923 0.09365
0.4898 0.0954
0.4903400 0.0972
0.49082 0.09896
0.49124 0.1006
0.4916 0.10204
0.49187 0.10317
0.49205 0.10394
0.49216 0.10429
-Inserting Flap Ga2-
0.612920 0.22943
0.61293 0.229
0.61291 0.2281500
0.61289 0.2269
0.61286 0.22532
0.61279 0.22352
0.61267 0.22158
0.6125 0.21962
0.61227 0.21771
0.61198 0.21586
0.61163 0.21406
0.611240 0.2123
0.61082 0.21057
0.61037 0.208880
0.609900 0.2072
0.60941 0.20555
0.60889 0.20392
0.60835 0.20231
0.6078 0.20072
0.60722 0.19915
0.60663 0.19759
0.60603 0.19606
0.6054 0.19453
0.60476 0.19303
0.60411 0.19153
0.603440 0.19006
0.60275 0.1886
0.60205 0.18716
0.60132 0.18574
0.60058 0.184330
0.599830 0.18294
0.59906 0.18156
0.59829 0.18019
0.59751 0.17882
0.59672 0.17747
0.59592 0.17612
0.59511 0.17479
0.59428 0.17346
0.59345 0.17215
0.59259 0.17086
0.59173 0.16958
0.59085 0.16831
0.58996 0.16706
0.58906 0.16581
0.58815 0.16458
0.58722 0.16336
0.58629 0.16215
0.58534 0.16095
0.58438 0.159760
0.58342 0.15858
0.58244 0.157410
0.58145 0.15625
0.58045 0.155110
0.57944 0.15397
0.57841 0.15285
0.57737 0.15175
0.57632 0.15065
0.57525 0.14957
0.57418 0.14851
0.57308 0.14745
0.57198 0.14641
0.57086 0.14538
0.56973 0.14437
0.56858 0.143370
0.56742 0.14239
0.566250 0.14141
0.56506 0.14045
0.56387 0.1395
0.562660 0.13856
0.56145 0.13763
0.56021 0.13672
0.55896 0.13582
0.55769 0.13495
0.55639 0.13410
0.555070 0.13327
0.55373 0.13247
0.55235 0.1317
0.550960 0.13095
0.549540 0.13022
0.548090 0.12953
0.54661 0.128860
0.54509 0.12823
0.54353 0.12765
0.54193 0.12711
0.54028 0.12661
0.53859 0.12615
0.53686 0.12574
0.53508 0.12537
0.53327 0.12503
0.53139 0.12477
0.52943 0.12458
0.52737 0.12449
0.52519 0.124530
0.52287 0.12472
0.5205 0.12504
0.51817 0.1255
0.51597 0.12608
0.51398 0.1268
0.51229 0.12763
0.50996 0.12953
0.50937 0.13055
0.5092 0.13157
0.50947 0.132580
0.51011 0.13355
0.51104 0.1345
0.51218 0.13541
0.51344 0.13628
0.51475 0.13711
0.51611 0.13791
0.5175 0.13866
0.51893 0.13937
0.52039 0.140060
0.52188 0.14071
0.52341 0.141330
0.52495 0.14194
0.52651 0.14252
0.52809 0.14308
0.52969 0.14364
0.53129 0.14418
0.53289 0.14473
0.5345 0.14526
0.53610 0.1458
0.53771 0.14635
0.5393 0.1469
0.54089 0.14745
0.54248 0.14801
0.54405 0.14859
0.54562 0.14917
0.54717 0.14976
0.54872 0.15036
0.55025 0.15097
0.55177 0.1516
0.55328 0.15223
0.55478 0.15288
0.55626 0.15354
0.55773 0.15422
0.55919 0.15491
0.56064 0.15561
0.562070 0.15632
0.56349 0.157050
0.56489 0.15779
0.56628 0.15855
0.56765 0.15932
0.56901 0.16011
0.57035 0.16091
0.57168 0.16174
0.57299 0.162570
0.57428 0.16343
0.57555 0.1643
0.57681 0.16518
0.57806 0.166080
0.57930 0.166990
0.580520 0.16791
0.58173 0.16885
0.58292 0.1698
0.5841 0.17077
0.58526 0.17176
0.5864 0.172760
0.58752 0.17379
0.58862 0.17484
0.58969 0.17591
0.59075 0.176990
0.5918 0.1781
0.59282 0.17922
0.59382 0.180370
0.5948 0.1815300
0.59576 0.18272
0.5967 0.18393
0.59761 0.185160
0.5985 0.18641
0.599370 0.18769
0.60022 0.18899
0.60104 0.19031
0.601840 0.19166
0.60261 0.19304
0.60335 0.19444
0.60406 0.19587
0.60475 0.19733
0.60541 0.19882
0.60604 0.20033
0.60665 0.20187
0.60723 0.20343
0.6078 0.205010
0.60834 0.20662
0.60886 0.20824
0.609360 0.20989
0.60984 0.21156
0.6103 0.21324
0.61073 0.21496
0.611130 0.2167
0.6115 0.21848
0.61183 0.2203
0.6121 0.22215
0.61234 0.22397
0.61253 0.22565
0.61268 0.22712
0.61279 0.22828
0.61286 0.22906
0.612920 0.22943
*.*.Setup: Ga2.txt as Flap 1, Inverted: y, Scale = 1.0, AoA = 2.0, Reposition from (0,0) = (0, 0)*.*.
*.*.Setup: Ga2.txt as Flap 2, Inverted: y, Scale = 0.4, AoA = 37.0, Reposition from previous T.E. = (0.04, 0.08), Reposition from (0,0) = (1.0411, 0.0658)*.*.
*.*.Setup: Ga2.txt as Flap 3, Inverted: y, Scale = 0.4, AoA = 45.0, Reposition from previous T.E. = (0.04, 0.08), Reposition from (0,0) = (1.4124, 0.3708)*.*.
*.*.Setup: Scale Ratio = 0.35862*.*.