0.3519 0.05573
0.34993 0.053560
0.34706 0.05038
0.34367 0.04723
0.33953 0.04414
0.33447 0.04091
0.32834 0.03742
0.32109 0.03363
0.31281 0.029610
0.30372 0.02546
0.29408 0.02127
0.28411 0.01712
0.27397 0.01308
0.26375 0.00919
0.2535 0.00547
0.24321 0.00194
0.23285 -0.00142
0.22238 -0.00461
0.21175 -0.00767
0.20091 -0.01063
0.18983 -0.01351
0.17852 -0.01637
0.16703 -0.0192
0.15547 -0.02201
0.144 -0.02477
0.13278 -0.02741
0.12199 -0.029860
0.1118 -0.03202
0.10232 -0.03379
0.09351 -0.03512
0.08524 -0.03598
0.07737 -0.03638
0.06984 -0.03632
0.06259 -0.035820
0.05558 -0.03488
0.04883 -0.03352
0.04236 -0.03176
0.03621 -0.02965
0.03046 -0.02727
0.02522 -0.02472
0.0206 -0.022130
0.016620 -0.01962
0.01329 -0.01725
0.010510 -0.01503
0.00822 -0.01295
0.006320 -0.0110
0.00476 -0.00918
0.00346 -0.00747
0.0024 -0.00587
0.00154 -0.0043500
0.00087 -0.0029
0.00036 -0.001530
0.000086 -0.00021
-0.00012 0.00107000
0.000005 0.00236
0.00055 0.003550
0.00155 0.0045
0.00285 0.00522
0.00439 0.00579
0.00616 0.006290
0.00821 0.00676
0.01062 0.00722
0.0135 0.00768
0.01701 0.00816
0.02141 0.00867
0.027 0.00923
0.03404 0.00982
0.04252 0.01039
0.05204 0.01084
0.062310 0.0111
0.073230 0.01119
0.0847 0.01116
0.096540 0.01108
0.10855 0.01099
0.12053 0.0109
0.13237 0.01085
0.144020 0.01088
0.15548 0.01099
0.16674 0.011230
0.177810 0.01161
0.18872 0.01215
0.19947 0.01287
0.21008 0.01379
0.2205800 0.01492
0.23096 0.01626
0.24125 0.01782
0.25145 0.01962
0.261570 0.02165
0.2716 0.02391
0.28153 0.0264
0.29131 0.02911
0.30085 0.03201
0.31002 0.03505
0.31861 0.03818
0.32638 0.04128
0.33317 0.04431
0.33895 0.04721
0.34379 0.04999
0.34782 0.05264
0.3519 0.05573
-Inserting Flap s1223rtl-
0.52642 0.15229
0.52566 0.15103
0.52456 0.1492
0.52319 0.14733
0.52146 0.14542
0.51928 0.14335
0.51661 0.14106
0.51341 0.1385
0.509730 0.13574
0.50566 0.13283
0.50133 0.12986
0.49684 0.12687
0.49224 0.12392
0.4876 0.12104
0.48292 0.11823
0.478210 0.11552
0.47345 0.11288
0.46861 0.110320
0.46369 0.10780
0.45865 0.10532
0.45348 0.10284
0.4482 0.10036
0.44284 0.097870
0.43743 0.09539
0.43206 0.092940
0.42681 0.09058
0.42174 0.08835
0.41695 0.08631
0.41247 0.08454
0.40827 0.08305
0.40429 0.08184
0.40047 0.08089
0.39677 0.0802
0.39316 0.07975
0.38963 0.07955
0.38619 0.07957
0.38284 0.07981
0.37962 0.08026
0.37657 0.08089
0.37376 0.08164
0.37124 0.082470
0.36906 0.08332
0.36719 0.08416
0.36562 0.08499
0.364290 0.08579
0.36318 0.08657
0.36223 0.08731
0.36143 0.08803
0.36076 0.08871
0.36019 0.08938
0.359730 0.09002
0.35935 0.09065
0.35906 0.091260
0.35886 0.09188
0.35880 0.09252
0.35896 0.09316
0.35935 0.09372
0.359930 0.0942
0.36062 0.09462
0.36145 0.09504
0.362410 0.09546
0.36355 0.09592
0.36491 0.09642
0.36659 0.09699
0.3687 0.09766
0.37139 0.09847
0.3748 0.09943
0.3789 0.10052
0.383530 0.10165
0.38855 0.10276
0.39390 0.10384
0.39953 0.104920
0.40535 0.10601
0.41125 0.10711
0.41714 0.10821
0.42296 0.10932
0.42867 0.11044
0.43429 0.11159
0.43979 0.11278
0.44519 0.11402
0.450490 0.11533
0.4557 0.11671
0.46082 0.11817
0.46586 0.11973
0.47083 0.12138
0.47573 0.12313
0.48057 0.12498
0.48534 0.12694
0.49005 0.12901
0.49468 0.13118
0.49922 0.13344
0.503630 0.13578
0.50784 0.13815
0.511760 0.1405
0.51528 0.14276
0.51832 0.1449
0.52088 0.14687
0.52299 0.1487
0.524720 0.15038
0.52642 0.15229
-Inserting Flap s1223rtl-
0.64881 0.29922
0.648570 0.29777
0.64822 0.29566
0.64764 0.29342
0.646730 0.291
0.64547 0.28828
0.64384 0.28516
0.64181 0.2816
0.63941 0.27768
0.6367 0.27348
0.63378 0.26911
0.6307 0.26468
0.62752 0.26024
0.62427 0.25584
0.620960 0.25151
0.617580 0.24725
0.61413 0.24304
0.61058 0.23887
0.60693 0.234710
0.60317 0.23054
0.59928 0.22634
0.595290 0.22208
0.59122 0.21779
0.58712 0.21349
0.58303 0.20923
0.57902 0.20509
0.57514 0.201150
0.57143 0.19749
0.56792 0.19419
0.56457 0.19125
0.56132 0.18865
0.55812 0.18636
0.55493 0.18435
0.55174 0.18261
0.548540 0.18111
0.54533 0.17986
0.54214 0.17886
0.538980 0.17808
0.53591 0.1775400
0.53302 0.1772
0.530380 0.17704
0.52803 0.17702
0.5259800 0.17712
0.524220 0.17731
0.52269 0.17756
0.521360 0.17787
0.52021 0.17821
0.51921 0.17858
0.51833 0.17897
0.51756 0.17938
0.51688 0.179810
0.5163 0.18025
0.5158 0.18071
0.5154 0.18121
0.5151 0.181790
0.51501 0.18244
0.51517 0.18311
0.51553 0.18376
0.51602 0.18442
0.51663 0.1851
0.51737 0.18585
0.51826 0.1867
0.51934 0.18767
0.520690 0.18882
0.5224 0.190220
0.52461 0.19196
0.52741 0.19411
0.53083 0.196640
0.53471 0.1994
0.53896 0.20228
0.54354 0.20526
0.54837 0.20835
0.55338 0.21151
0.55846 0.214710
0.56353 0.21791
0.56852 0.22109
0.57342 0.22424
0.57821 0.22738
0.58289 0.23052
0.58745 0.23367
0.59189 0.23684
0.59622 0.24004
0.60044 0.24329
0.60455 0.2466
0.60856 0.24997
0.61247 0.2534
0.61628 0.256910
0.61999 0.2605
0.6236 0.26416
0.62711 0.26788
0.63049 0.27166
0.63373 0.27546
0.63677 0.27922
0.63954 0.28285
0.64197 0.28625
0.644010 0.28936
0.64566 0.29214
0.64695 0.29462
0.647930 0.29682
0.64881 0.29922
*.*.Setup: s1223rtl.txt as Flap 1, Inverted: y, Scale = 1.0, AoA = 9.0, Reposition from (0,0) = (0, 0)*.*.
*.*.Setup: s1223rtl.txt as Flap 2, Inverted: y, Scale = 0.5, AoA = 20.0, Reposition from previous T.E. = (0.02, 0.1), Reposition from (0,0) = (1.0077, 0.2564)*.*.
*.*.Setup: s1223rtl.txt as Flap 3, Inverted: y, Scale = 0.5, AoA = 41.666666666666664, Reposition from previous T.E. = (-0.03, 0.08), Reposition from (0,0) = (1.4475, 0.5074)*.*.
*.*.Setup: Scale Ratio = 0.35628*.*.