0.35962 0.05696
0.35761 0.054730
0.35468 0.05149
0.35121 0.04827
0.34698 0.04511
0.34181 0.04181
0.33554 0.03824
0.32813 0.03437
0.31967 0.030260
0.31039 0.02602
0.30054 0.02173
0.29035 0.0175
0.27998 0.01337
0.26954 0.00939
0.25906 0.00559
0.24855 0.00198
0.23796 -0.00145
0.22727 -0.00471
0.2164 -0.00784
0.20532 -0.01086
0.194 -0.01381
0.18244 -0.01672
0.1707 -0.01962
0.15889 -0.0225
0.14716 -0.02532
0.1357 -0.02802
0.12466 -0.030520
0.11425 -0.03272
0.10457 -0.03453
0.09557 -0.03589
0.08711 -0.03677
0.07907 -0.03718
0.07137 -0.03712
0.06396 -0.03660
0.0568 -0.03564
0.04991 -0.03426
0.04329 -0.03246
0.037 -0.03031
0.03113 -0.02787
0.02577 -0.02526
0.02105 -0.022620
0.016990 -0.02006
0.01358 -0.01763
0.010740 -0.01536
0.0084 -0.01323
0.006460 -0.011240
0.00486 -0.00938
0.00354 -0.00764
0.00245 -0.00599
0.00158 -0.0044400
0.00089 -0.00297
0.00037 -0.001560
0.000086 -0.00022
-0.00012 0.00109000
0.000005 0.00241
0.00057 0.003630
0.00158 0.0046
0.00291 0.00533
0.00448 0.00592
0.00629 0.006430
0.00839 0.00691
0.01085 0.00737
0.01379 0.00785
0.01739 0.00834
0.02188 0.00887
0.02759 0.00943
0.03479 0.01003
0.04345 0.01062
0.05319 0.01108
0.063680 0.01135
0.074830 0.01143
0.08656 0.01141
0.098660 0.01133
0.11094 0.01123
0.12318 0.01114
0.13528 0.01109
0.147190 0.01111
0.15889 0.01123
0.1704 0.011470
0.181720 0.01186
0.19286 0.01241
0.20385 0.01315
0.21469 0.01409
0.2254200 0.01524
0.23603 0.01661
0.24655 0.01821
0.25697 0.02005
0.267320 0.02212
0.27757 0.02443
0.28771 0.02698
0.2977 0.02974
0.30746 0.03271
0.31683 0.03582
0.3256 0.03901
0.33355 0.04219
0.34048 0.04528
0.34639 0.04824
0.35134 0.05108
0.35546 0.05379
0.35962 0.05696
-Inserting Flap s1223rtl-
0.52462 0.1521
0.52396 0.15076
0.523 0.14879
0.52177 0.14677
0.52018 0.14466
0.51814 0.14237
0.51563 0.13979
0.5126 0.13691
0.5091 0.13377
0.50522 0.13045
0.50108 0.127030
0.49676 0.12359
0.49235 0.12018
0.48788 0.11683
0.48337 0.11356
0.47881 0.11037
0.47419 0.10726
0.4695 0.10422
0.46471 0.10122
0.4598 0.09824
0.45477 0.09526
0.449610 0.09227
0.44437 0.08926
0.43909 0.08625
0.43384 0.08328
0.4287 0.0804
0.42375 0.077680
0.41905 0.07518
0.41464 0.07298
0.4105 0.071080
0.406560 0.0695
0.40275 0.068190
0.39904 0.06716
0.39541 0.06639
0.39184 0.06586
0.38833 0.06558
0.3849 0.065530
0.38158 0.0657
0.37842 0.06606
0.37549 0.06658
0.37286 0.06719
0.37055 0.06787
0.36858 0.0685600
0.3669 0.06926
0.36548 0.06996
0.36428 0.07065
0.36325 0.071320
0.36238 0.07198
0.36163 0.07262
0.36099 0.07325
0.36046 0.07386
0.36002 0.07446
0.35967 0.075060
0.35941 0.075670
0.35929 0.07632
0.35939 0.07698
0.35975 0.07759
0.36029 0.07813
0.36096 0.07863
0.36176 0.07912
0.36270 0.07964
0.36382 0.0802
0.36517 0.08084
0.36683 0.08157
0.36892 0.08244
0.37158 0.0835
0.37496 0.08478
0.37904 0.08625
0.38366 0.08782
0.38866 0.08939
0.39401 0.090970
0.39965 0.09258
0.40548 0.09420
0.41139 0.09585
0.41729 0.09749
0.423110 0.09914
0.42883 0.10079
0.43444 0.10246
0.43994 0.10416
0.44533 0.10591
0.450610 0.10771
0.45578 0.10958
0.46087 0.11153
0.46586 0.113560
0.47078 0.11568
0.47561 0.1179
0.480370 0.12022
0.48505 0.12264
0.48966 0.125160
0.49419 0.12778
0.49861 0.13049
0.50289 0.13326
0.50696 0.13605
0.51074 0.13879
0.514120 0.14141
0.51703 0.143850
0.51946 0.146090
0.52145 0.14814
0.52305 0.15001
0.52462 0.1521
-Inserting Flap s1223rtl-
0.66282 0.28565
0.66241 0.28421
0.66180 0.28211
0.66095 0.2799
0.65974 0.27756
0.658140 0.27494
0.65611 0.27196
0.653620 0.268600
0.65072 0.2649
0.64748 0.26096
0.64399 0.25687
0.64034 0.25273
0.63659 0.24861
0.63277 0.24453
0.62889 0.24053
0.62496 0.2366
0.62095 0.23274
0.61686 0.22893
0.61266 0.22514
0.6083500 0.22135
0.6039 0.21755
0.59935 0.2137
0.59471 0.20983
0.59003 0.20595
0.58538 0.20211
0.580820 0.19838
0.576410 0.19484
0.57221 0.19157
0.56826 0.18863
0.5645100 0.18605
0.5609 0.1838
0.55738 0.18186
0.55391 0.18019
0.55046 0.1788
0.54704 0.17766
0.54363 0.17678
0.54026 0.17613
0.53697 0.17572
0.53379 0.17553
0.53081 0.17553
0.52811 0.17568
0.52573 0.17594
0.52366 0.17628
0.521890 0.17668
0.52037 0.17713
0.51906 0.17759
0.51794 0.178080
0.51696 0.17857
0.51611 0.17907
0.51538 0.17958
0.51474 0.18009
0.5142 0.180610
0.51376 0.18114
0.5134 0.1817
0.51317 0.18231
0.51315 0.182980
0.5134 0.18364
0.513840 0.18427
0.51441 0.18487
0.515110 0.1855
0.51595 0.18617
0.51696 0.18692
0.518170 0.18778
0.51968 0.18879
0.521580 0.19001
0.52403 0.19152
0.52713 0.19336
0.53089 0.19552
0.53517 0.19787
0.53982 0.20029
0.54482 0.20277
0.55009 0.20533
0.55555 0.20795
0.56109 0.21059
0.56661 0.21324
0.57206 0.215870
0.5774 0.21849
0.58264 0.22111
0.58776 0.22374
0.59276 0.22639
0.59764 0.22908
0.60242 0.23182
0.60709 0.23462
0.61166 0.23749
0.616120 0.24043
0.6205 0.24346
0.624780 0.24657
0.62898 0.24976
0.63308 0.25305
0.637080 0.25642
0.64096 0.25985
0.6447 0.26332
0.64822 0.26677
0.65147 0.27013
0.65434 0.2733
0.65678 0.27621
0.65879 0.27883
0.66039 0.2812
0.66165 0.28332
0.66282 0.28565
*.*.Setup: s1223rtl.txt as Flap 1, Inverted: y, Scale = 1.0, AoA = 9.0, Reposition from (0,0) = (0, 0)*.*.
*.*.Setup: s1223rtl.txt as Flap 2, Inverted: y, Scale = 0.5, AoA = 25.0, Reposition from previous T.E. = (0.0, 0.05), Reposition from (0,0) = (0.9877, 0.2064)*.*.
*.*.Setup: s1223rtl.txt as Flap 3, Inverted: y, Scale = 0.5, AoA = 35.0, Reposition from previous T.E. = (-0.03, 0.08), Reposition from (0,0) = (1.4108, 0.4977)*.*.
*.*.Setup: Scale Ratio = 0.36411*.*.