0.3716500000 -0.01826
0.37087 -0.01905
0.3693 -0.02059
0.36696 -0.02284
0.364 -0.02566
0.36057 -0.02884
0.35682 -0.03218
0.35291 -0.03546
0.34898 -0.03853
0.345050 -0.04139
0.34112 -0.04406
0.33719 -0.04657
0.33326 -0.04895
0.32933 -0.05124
0.32539 -0.05345
0.32146 -0.05556
0.31753 -0.0576
0.3136 -0.05957
0.30967 -0.06147
0.30574 -0.0633
0.30181 -0.06506
0.29787 -0.06677
0.29394 -0.06841
0.29001 -0.07001
0.28608 -0.071540
0.28215 -0.07301
0.278220 -0.07442
0.27429 -0.07577
0.27035 -0.07705
0.26642 -0.07827
0.26249 -0.07944
0.25856 -0.08057
0.254630 -0.08166
0.2507 -0.08273
0.24676 -0.083770
0.24283 -0.08477
0.2389 -0.08573
0.23497 -0.08665
0.231040 -0.08751
0.22711 -0.088320
0.22318 -0.08908
0.21924 -0.0898
0.21531 -0.09047
0.21138 -0.09109
0.20745 -0.09168
0.20352 -0.09222
0.19959 -0.09272
0.19566 -0.09319
0.19172 -0.09362
0.18779 -0.09401
0.18386 -0.09436
0.17993 -0.09467
0.176 -0.09494
0.17207 -0.09515
0.16814 -0.09532
0.1642 -0.09545
0.16027 -0.09552
0.15634 -0.09555
0.15241 -0.09553
0.14848 -0.09546
0.14455 -0.09534
0.140620 -0.09517
0.13668 -0.09496
0.13275 -0.09468
0.12882 -0.09436
0.12489 -0.094
0.12096 -0.09359
0.117030 -0.09315
0.1131 -0.09267
0.10916 -0.09214
0.10523 -0.09155
0.1013 -0.09090
0.09737 -0.090170
0.093440 -0.08935
0.08951 -0.08844
0.08557 -0.08743
0.08164 -0.08634
0.07771 -0.08516
0.07378 -0.08389
0.06985 -0.08251
0.06592 -0.08101
0.06199 -0.07938
0.05805 -0.077600
0.05412 -0.07566
0.05019 -0.0735500
0.04626 -0.071290
0.04233 -0.06887
0.0384 -0.06631
0.03447 -0.06358
0.03053 -0.06064
0.02660 -0.0574
0.02267 -0.053770
0.01874 -0.0497
0.01483 -0.04513
0.01109 -0.0402
0.00765 -0.03508
0.00469 -0.02997
0.00236 -0.02502
0.00079 -0.02041
0.000000 -0.01264
0.00079 -0.0097
0.00236 -0.00752
0.00469 -0.00617
0.00765 -0.00556
0.01109 -0.00553
0.01483 -0.00594
0.01874 -0.00664
0.02267 -0.00753
0.02660 -0.00856
0.03053 -0.00974
0.03447 -0.01104
0.0384 -0.01247
0.04233 -0.01401
0.04626 -0.01565
0.05019 -0.01738
0.05412 -0.01918
0.05805 -0.02104
0.06199 -0.02294
0.06592 -0.02487
0.06985 -0.02682
0.07378 -0.02878
0.07771 -0.03073
0.08164 -0.03267
0.08557 -0.03459
0.08951 -0.03649
0.093440 -0.03836
0.09737 -0.0402
0.1013 -0.042
0.10523 -0.04376
0.10916 -0.04549
0.1131 -0.04718
0.117030 -0.04882
0.12096 -0.05042
0.12489 -0.051970
0.12882 -0.05348
0.13275 -0.05494
0.13668 -0.056350
0.140620 -0.0577200
0.14455 -0.05903
0.14848 -0.06029
0.15241 -0.0615
0.15634 -0.06266
0.16027 -0.06376
0.1642 -0.0648
0.16814 -0.06579
0.17207 -0.06671
0.176 -0.06758
0.17993 -0.06838
0.18386 -0.06913
0.18779 -0.069820
0.19172 -0.070450
0.19566 -0.07105
0.19959 -0.0716
0.20352 -0.07210
0.20745 -0.07254
0.21138 -0.07293
0.21531 -0.07324
0.21924 -0.07348
0.22318 -0.07365
0.22711 -0.07374
0.231040 -0.07376
0.23497 -0.07372
0.2389 -0.0736
0.24283 -0.07341
0.24676 -0.073150
0.2507 -0.07281
0.254630 -0.07239
0.25856 -0.07189
0.26249 -0.07132
0.26642 -0.07065
0.27035 -0.06991
0.27429 -0.06907
0.278220 -0.06815
0.28215 -0.06714
0.28608 -0.06603
0.29001 -0.06482
0.29394 -0.06351
0.29787 -0.06209
0.30181 -0.06058
0.30574 -0.05896
0.30967 -0.05726
0.3136 -0.05547
0.31753 -0.0536
0.32146 -0.051650
0.32539 -0.04963
0.32933 -0.04753
0.33326 -0.04536
0.33719 -0.04311
0.34112 -0.04076
0.345050 -0.03831
0.34898 -0.03572
0.35291 -0.032980
0.35682 -0.03009
0.36057 -0.0272
0.364 -0.02446
0.36696 -0.02205
0.3693 -0.020120
0.37087 -0.01882
0.3716500000 -0.01826
-Inserting Flap Ga2-
0.51646 0.080340
0.51637 0.07990
0.51616 0.07905
0.51584 0.07779
0.51544 0.0762
0.514950 0.07440
0.514380 0.07247
0.51375 0.07053
0.51307 0.06865
0.51234 0.066850
0.51157 0.06512
0.510770 0.063430
0.50994 0.06179
0.50910 0.06018
0.50823 0.0586
0.50735 0.05704
0.50644 0.05552
0.50553 0.05402
0.504600 0.05254
0.50365 0.05109
0.50269 0.04966
0.50172 0.04824
0.50073 0.04685
0.49974 0.04548
0.49873 0.04413
0.49771 0.04279
0.49667 0.04148
0.49562 0.04019
0.49456 0.03892
0.49349 0.03768
0.4924 0.03645
0.49131 0.03523
0.490210 0.034020
0.4891 0.03283
0.48798 0.03164
0.48686 0.03047
0.48573 0.02931
0.48459 0.02817
0.48344 0.02704
0.48228 0.02593
0.48111 0.02484
0.47993 0.02377
0.47874 0.02270
0.47753 0.02166
0.47632 0.02063
0.47511 0.01961
0.47388 0.01861
0.472640 0.01761
0.4714 0.01663
0.47015 0.01567
0.46889 0.01472
0.46762 0.01378
0.46635 0.01285
0.465060 0.01195
0.46376 0.011060
0.462450 0.01018
0.46114 0.00932
0.45981 0.00848
0.45847 0.00765
0.45712 0.00684
0.45576 0.00605
0.45439 0.005270
0.45301 0.00451
0.45162 0.00377
0.45022 0.00305
0.44881 0.00234
0.447390 0.00164
0.44596 0.00096
0.44453 0.00029
0.44308 -0.00036
0.44162 -0.001
0.44015 -0.00161
0.43866 -0.0022
0.43716 -0.00275
0.43563 -0.00327
0.43408 -0.00377
0.43252 -0.00423
0.43093 -0.00466
0.42933 -0.00506
0.4277 -0.00543
0.426050 -0.00576
0.42437 -0.00604
0.42266 -0.00626
0.42092 -0.00644
0.419140 -0.00656
0.41732 -0.00662
0.41548 -0.00664
0.4136 -0.00660
0.41169 -0.00651
0.40973 -0.00635
0.40771 -0.00608
0.40561 -0.005680
0.40341 -0.005130
0.40112 -0.00441
0.3988 -0.00353
0.39655 -0.00253
0.39446 -0.00142
0.39262 -0.000230
0.39111 0.001
0.3892 0.00347
0.38884 0.00463
0.38892 0.0057
0.38942 0.00665
0.39029 0.00749
0.39145 0.00823
0.39281 0.00888
0.39429 0.00947
0.39581 0.01
0.39736 0.01049
0.39894 0.01092
0.40055 0.011310
0.40219 0.01166
0.40385 0.01197
0.40553 0.01225
0.40723 0.01250
0.40895 0.01272
0.41067 0.01292
0.41241 0.01311
0.414150 0.01329
0.4159 0.01346
0.41765 0.01363
0.4194 0.0138
0.42114 0.01398
0.42288 0.01416
0.42462 0.01435
0.42635 0.014550
0.42807 0.01476
0.42979 0.01498
0.43149 0.01521
0.43319 0.0154600
0.43488 0.01572
0.43657 0.016
0.43824 0.016290
0.4399 0.0166
0.441560 0.01692
0.4432 0.01726
0.44483 0.01761
0.44645 0.01798
0.4480700 0.01837
0.44967 0.01877
0.45126 0.01920
0.45284 0.01964
0.45440 0.0201
0.45596 0.02058
0.4575 0.02108
0.4590300 0.02159
0.46055 0.02214
0.46205 0.0227
0.463540 0.02328
0.46502 0.02388
0.46649 0.02449
0.46795 0.02512
0.4694 0.02577
0.47084 0.026440
0.47227 0.02712
0.47368 0.02782
0.47508 0.02855
0.476470 0.0293
0.47784 0.03008
0.47919 0.03088
0.48053 0.0317
0.48185 0.03255
0.48316 0.03343
0.48445 0.03432
0.48573 0.03525
0.48699 0.03620
0.48824 0.03717
0.48947 0.03817
0.49068 0.0392
0.49187 0.04026
0.493050 0.04135
0.49421 0.04246
0.49534 0.04361
0.49646 0.04478
0.49756 0.04599
0.49864 0.04724
0.49969 0.04852
0.50073 0.04983
0.50174 0.05118
0.50273 0.05256
0.5037 0.05397
0.50466 0.055410
0.50559 0.05688
0.50652 0.05837
0.50742 0.05989
0.50831 0.06144
0.50918 0.06301
0.51004 0.0646
0.51088 0.06623
0.51169 0.0679
0.51247 0.06961
0.51323 0.07137
0.51394 0.07318
0.5146 0.07496
0.51518 0.07661
0.51567 0.07806
0.516060 0.07921
0.51632 0.07998
0.51646 0.080340
-Inserting Flap Ga2-
0.60445 0.20631
0.604450 0.20586
0.60444 0.20498
0.60442 0.20368
0.60438 0.20205
0.604310 0.20018
0.60419 0.19818
0.60401 0.19614
0.603770 0.19416
0.603470 0.19224
0.60311 0.19038
0.60271 0.18855
0.60227 0.18677
0.60181 0.18501
0.60132 0.18327
0.6008 0.18156
0.60027 0.17987
0.59971 0.1782
0.59914 0.176550
0.59854 0.17493
0.59793 0.173310
0.5973 0.171720
0.59666 0.17014
0.59599 0.16858
0.59532 0.16703
0.59462 0.1655
0.59391 0.16399
0.593180 0.1625
0.59243 0.16103
0.59166 0.15957
0.59088 0.15813
0.59008 0.1567
0.58928 0.15528
0.58847 0.15386
0.58765 0.15246
0.58683 0.15106
0.58599 0.14968
0.58513 0.148310
0.58426 0.14695
0.58338 0.14561
0.58249 0.144280
0.58158 0.14297
0.58065 0.14166
0.57972 0.14038
0.57877 0.1391
0.57781 0.13783
0.57684 0.13658
0.57586 0.135330
0.57487 0.1341
0.57387 0.132880
0.57286 0.13167
0.57183 0.13047
0.5708 0.12928
0.56975000 0.12811
0.56868 0.12695
0.56761 0.1258
0.56651 0.12467
0.56541 0.12355
0.56429 0.12244
0.56316 0.12135
0.5620200 0.12027
0.560860 0.11921
0.55968 0.11816
0.55849 0.11712
0.55729 0.1161
0.55608 0.11509
0.55485 0.11409
0.55361 0.11311
0.55236 0.11213
0.5511 0.11117
0.54982 0.11022
0.54853 0.10929
0.547210 0.10839
0.54587 0.10751
0.54449 0.10666
0.5431 0.10583
0.54168 0.10502
0.54023 0.10425
0.53876 0.10349
0.53726 0.10277
0.53572 0.10208
0.53415 0.101430
0.53253 0.10082
0.53087 0.10026
0.52916 0.09975
0.52741 0.09927
0.52562 0.098850
0.52378 0.098460
0.5219 0.09812
0.51995 0.09784
0.51792 0.09764
0.51579 0.09756
0.51352 0.0976
0.51112 0.09779
0.50867 0.09812
0.506250 0.09859
0.50397 0.0992
0.50191 0.09994
0.50016 0.1008
0.49774 0.102780
0.49713 0.10383
0.49696 0.10489
0.49724 0.10593
0.4979 0.10695
0.49886 0.10793
0.50004 0.10887
0.50135 0.10977
0.502710 0.11063
0.50411 0.11145
0.50556 0.11223
0.50704 0.11298
0.50855 0.11369
0.5101 0.114360
0.51168 0.11501
0.51328 0.11563
0.5149 0.116230
0.516540 0.11682
0.51819 0.1174
0.51984 0.11796
0.52151 0.11852
0.52317 0.11908
0.52484 0.11964
0.5265 0.1202
0.52815 0.12077
0.5298 0.12135
0.53144 0.12193
0.53308 0.122520
0.5347 0.123130
0.53631 0.12374
0.53791 0.12436
0.5395 0.125
0.541070 0.12564
0.54264 0.1263
0.54419 0.12698
0.54573 0.12766
0.54725 0.12836
0.54876 0.12907
0.55026 0.1298
0.55175 0.130540
0.55321 0.13129
0.55467 0.13206
0.55611 0.13285
0.55753 0.133650
0.55894 0.13447
0.560330 0.13530
0.5617 0.13615
0.56306 0.13702
0.56440 0.1379
0.56572 0.1388
0.56703 0.13972
0.56832 0.14065
0.5696 0.1416
0.57087 0.14255
0.57212 0.14352
0.573360 0.144510
0.57458 0.145510
0.57578 0.14654
0.576960 0.14758
0.57812 0.14865
0.57926 0.14973
0.58038 0.15084
0.58147 0.15196
0.58255 0.15311
0.58361 0.15427
0.58465 0.15546
0.58567 0.15667
0.58666 0.15790
0.58763 0.15915
0.58858 0.16043
0.5895 0.16172
0.59041 0.16305
0.59128 0.16439
0.59213 0.16577
0.59296 0.16717
0.59376 0.16859
0.59453 0.17005
0.59527 0.17153
0.59598 0.17304
0.59666 0.17458
0.59732 0.17615
0.597950 0.17774
0.598550 0.17936
0.59914 0.181
0.59970 0.18267
0.60024 0.18435
0.60076 0.18606
0.60125 0.18778
0.60173 0.18953
0.60218 0.19131
0.6026 0.19311
0.60298 0.19496
0.60331 0.19684
0.6036 0.19877
0.60384 0.20064
0.60404 0.20239
0.60419 0.20391
0.60431 0.20512
0.6043800 0.20593
0.60445 0.20631
*.*.Setup: Ga2.txt as Flap 1, Inverted: y, Scale = 1.0, AoA = 0.0, Reposition from (0,0) = (0, 0)*.*.
*.*.Setup: Ga2.txt as Flap 2, Inverted: y, Scale = 0.4, AoA = 32.0, Reposition from previous T.E. = (0.04, 0.07), Reposition from (0,0) = (1.04, 0.0209)*.*.
*.*.Setup: Ga2.txt as Flap 3, Inverted: y, Scale = 0.4, AoA = 45.0, Reposition from previous T.E. = (-0.06, 0.07), Reposition from (0,0) = (1.3296, 0.2862)*.*.
*.*.Setup: Scale Ratio = 0.37165*.*.