0.3562100000 -0.0175
0.35546 -0.01826
0.35395 -0.01973
0.35172 -0.02189
0.34888 -0.0246
0.34559 -0.02764
0.34199 -0.03084
0.33825 -0.03399
0.33448 -0.03693
0.330720 -0.03967
0.32695 -0.04222
0.32318 -0.04463
0.31941 -0.04692
0.31564 -0.04911
0.31187 -0.05122
0.30811 -0.05326
0.30434 -0.05521
0.30057 -0.0571
0.2968 -0.05891
0.29303 -0.06067
0.28927 -0.06236
0.2855 -0.06399
0.28173 -0.06557
0.27796 -0.0671
0.27419 -0.068570
0.27043 -0.06998
0.266660 -0.07133
0.26289 -0.07262
0.25912 -0.07385
0.25535 -0.07502
0.25158 -0.07614
0.24782 -0.07722
0.244050 -0.07827
0.24028 -0.07929
0.23651 -0.080290
0.23274 -0.08125
0.22898 -0.08217
0.22521 -0.08305
0.221440 -0.08387
0.21767 -0.084650
0.2139 -0.08538
0.21014 -0.08607
0.20637 -0.08671
0.2026 -0.08731
0.19883 -0.08787
0.19506 -0.08839
0.19129 -0.08887
0.18753 -0.08932
0.18376 -0.08973
0.17999 -0.09011
0.17622 -0.09044
0.17245 -0.09074
0.16869 -0.09099
0.16492 -0.0912
0.16115 -0.09136
0.15738 -0.09148
0.15361 -0.09155
0.14985 -0.09158
0.14608 -0.09156
0.14231 -0.09149
0.13854 -0.09138
0.134770 -0.09122
0.13101 -0.09101
0.12724 -0.09075
0.12347 -0.09044
0.1197 -0.09009
0.11593 -0.0897
0.112160 -0.08928
0.1084 -0.08882
0.10463 -0.08831
0.10086 -0.08775
0.09709 -0.087130
0.09332 -0.086420
0.089560 -0.08564
0.08579 -0.08476
0.08202 -0.0838
0.07825 -0.08275
0.07448 -0.08162
0.07072 -0.0804
0.06695 -0.07908
0.06318 -0.07765
0.05941 -0.07608
0.05564 -0.0743800
0.05187 -0.07251
0.04811 -0.0704900
0.04434 -0.068330
0.04057 -0.06601
0.0368 -0.06355
0.03303 -0.06094
0.02927 -0.05812
0.02550 -0.05501
0.02173 -0.051540
0.01796 -0.04763
0.01422 -0.04325
0.01063 -0.03853
0.00734 -0.03363
0.0045 -0.02872
0.00226 -0.02398
0.00075 -0.01956
0.000000 -0.01212
0.00075 -0.00929
0.00226 -0.00721
0.0045 -0.00592
0.00734 -0.00533
0.01063 -0.0053
0.01422 -0.00569
0.01796 -0.00637
0.02173 -0.00722
0.02550 -0.00821
0.02927 -0.00933
0.03303 -0.01058
0.0368 -0.01195
0.04057 -0.01343
0.04434 -0.015
0.04811 -0.01666
0.05187 -0.01839
0.05564 -0.02017
0.05941 -0.02199
0.06318 -0.02384
0.06695 -0.02571
0.07072 -0.02758
0.07448 -0.02946
0.07825 -0.03132
0.08202 -0.03316
0.08579 -0.03497
0.089560 -0.03677
0.09332 -0.03853
0.09709 -0.04025
0.10086 -0.04195
0.10463 -0.0436
0.1084 -0.04522
0.112160 -0.04679
0.11593 -0.04832
0.1197 -0.049810
0.12347 -0.05126
0.12724 -0.05266
0.13101 -0.054010
0.134770 -0.0553200
0.13854 -0.05658
0.14231 -0.05779
0.14608 -0.05895
0.14985 -0.06006
0.15361 -0.06111
0.15738 -0.06211
0.16115 -0.06306
0.16492 -0.06394
0.16869 -0.06477
0.17245 -0.06554
0.17622 -0.06625
0.17999 -0.066910
0.18376 -0.067530
0.18753 -0.0681
0.19129 -0.06862
0.19506 -0.06910
0.19883 -0.06953
0.2026 -0.0699
0.20637 -0.0702
0.21014 -0.07043
0.2139 -0.07059
0.21767 -0.07068
0.221440 -0.0707
0.22521 -0.07065
0.22898 -0.07054
0.23274 -0.07036
0.23651 -0.070110
0.24028 -0.06978
0.244050 -0.06938
0.24782 -0.06891
0.25158 -0.06835
0.25535 -0.06772
0.25912 -0.067
0.26289 -0.06621
0.266660 -0.06532
0.27043 -0.06435
0.27419 -0.06329
0.27796 -0.06213
0.28173 -0.06087
0.2855 -0.05951
0.28927 -0.05806
0.29303 -0.05651
0.2968 -0.05488
0.30057 -0.05316
0.30434 -0.05137
0.30811 -0.049510
0.31187 -0.04757
0.31564 -0.04555
0.31941 -0.04347
0.32318 -0.04132
0.32695 -0.03907
0.330720 -0.03672
0.33448 -0.03424
0.33825 -0.031610
0.34199 -0.02884
0.34559 -0.02607
0.34888 -0.02344
0.35172 -0.02113
0.35395 -0.019280
0.35546 -0.01804
0.3562100000 -0.0175
-Inserting Flap Ga2-
0.48847 0.08403
0.48841 0.0836
0.488280 0.08277
0.48809 0.08154
0.48783 0.079990
0.48752 0.07823
0.48714 0.07634
0.4867 0.07444
0.4862 0.072590
0.48566 0.07081
0.48507 0.06908
0.48445 0.06741
0.48379 0.06577
0.48312 0.06416
0.48242 0.06258
0.48171 0.06103
0.48097 0.05949
0.48022 0.057980
0.47946 0.0565
0.47868 0.05503
0.47788 0.05358
0.47707 0.05215
0.476250 0.05074
0.47541 0.04935
0.47456 0.04797
0.4737 0.04661
0.47282 0.04527
0.47192 0.04395
0.47102 0.04266
0.47009 0.04137
0.46916 0.04011
0.46822 0.03886
0.46726 0.03761
0.466310 0.03638
0.46534 0.03516
0.46437 0.03394
0.46339 0.03274
0.46240 0.03155
0.46139 0.03038
0.46038 0.02923
0.459350 0.02809
0.45831 0.02696
0.45726 0.02585
0.4562 0.02475
0.45513 0.023660
0.45405 0.02259
0.45296 0.02153
0.45187 0.02048
0.45076 0.01944
0.449650 0.01841
0.44853 0.01740
0.4474 0.0164
0.44625 0.01541
0.4451 0.01443
0.44393 0.013480
0.44276 0.01253
0.44157 0.0116
0.440380 0.01069
0.43917 0.00978
0.43795 0.00890
0.43672000 0.00803
0.43547 0.00717
0.434220 0.00633
0.43295 0.00551
0.43168 0.00470
0.43039 0.0039
0.42909 0.00312
0.42778 0.00235
0.42647 0.00159
0.42514 0.000840
0.42381 0.00012
0.42245 -0.000590
0.42108 -0.00127
0.41969 -0.00193
0.41827 -0.002560
0.41684 -0.00316
0.41538 -0.00373
0.4139 -0.00428
0.41241 -0.00479
0.41089 -0.00528
0.40934 -0.00573
0.40776 -0.00614
0.40614 -0.0065
0.40449 -0.00681
0.4028 -0.00707
0.40107 -0.007280
0.39931 -0.007450
0.39752 -0.00757
0.395680 -0.00765
0.3938 -0.00765
0.39185 -0.00757
0.38981 -0.00737
0.38767 -0.00702
0.38541 -0.00653
0.38313 -0.00588
0.3809 -0.00511
0.37881 -0.00422
0.37696 -0.00325
0.37541 -0.00220
0.37338 -0.000004
0.37294 0.00108
0.37292 0.00211
0.37332 0.00306
0.37409 0.00393
0.37513 0.00474
0.37637 0.00547
0.37773 0.00616
0.37914 0.00679
0.38058 0.007380
0.38206 0.00793
0.38356 0.00844
0.38509 0.00891
0.38665 0.00934
0.38824 0.00975
0.38984 0.01013
0.39146 0.01048
0.393090 0.01082
0.39473 0.01115
0.39638 0.01146
0.39804 0.01177
0.39969 0.01208
0.40135 0.012390
0.403 0.0127
0.40464 0.01302
0.406290 0.013350
0.407920 0.013680
0.409550 0.01403
0.41117 0.01438
0.41278 0.01475
0.41438 0.01513
0.41597 0.01552
0.41756 0.01592
0.41913 0.016340
0.42069 0.01677
0.42224 0.01722
0.42378 0.01768
0.42531 0.01815
0.426830 0.01864
0.428340 0.01915
0.42983 0.01967
0.431320 0.0202
0.43279 0.02076
0.434240 0.02133
0.43569 0.02191
0.43712 0.02252
0.43854 0.02314
0.43994 0.023780
0.441330 0.02445
0.44271 0.02513
0.44407 0.02582
0.445420 0.02653
0.44676 0.02726
0.44809 0.028
0.44941 0.02875
0.4507200 0.02952
0.45201 0.03031
0.45328 0.03112
0.45454 0.03196
0.45579 0.03281
0.45701 0.03369
0.45822 0.03459
0.45941 0.03551
0.46059 0.03646
0.46175 0.037420
0.46289 0.03841
0.46402 0.039420
0.46513 0.04045
0.466210 0.04151
0.46729 0.0426
0.46834 0.04371
0.46937 0.04484
0.47038 0.046
0.47137 0.04719
0.47234 0.04841
0.47329 0.04966
0.47421 0.05093
0.47511 0.05224
0.47599 0.05358
0.47685 0.05496
0.47768 0.056360
0.47849 0.05779
0.47928 0.05924
0.480050 0.06072
0.4808 0.06222
0.48154 0.06375
0.48226 0.0653
0.48296 0.06687
0.483650 0.06847
0.48431 0.07009
0.48495 0.07175
0.48555 0.0734500
0.48613 0.0752
0.48666 0.07698
0.48714 0.07873
0.487560 0.08036
0.48791 0.08179
0.48817 0.08291
0.48836 0.08368
0.48847 0.08403
-Inserting Flap Ga2-
0.60842 0.2012
0.60842 0.20077
0.60841 0.19993
0.60839 0.19869
0.60835 0.19712
0.60828 0.19533
0.60817 0.19341
0.608 0.19146
0.60777 0.18956
0.60748 0.18772
0.60713 0.18593
0.60675 0.18418
0.60633 0.18247
0.605890 0.180790
0.60542 0.17912
0.60493 0.17748
0.60441 0.17586
0.603880 0.17426
0.60333 0.172680
0.60276 0.17112
0.60217 0.16958
0.60157 0.168050
0.600950 0.16654
0.60031 0.16504
0.59966 0.16356
0.599 0.16209
0.59832 0.16065
0.59761 0.15922
0.59690 0.1578
0.59616 0.15641
0.59541 0.15502
0.594650 0.15365
0.59388 0.15229
0.59311 0.15093
0.592320 0.14959
0.59153 0.14825
0.59072 0.14692
0.5899 0.145610
0.589070 0.14431
0.58823 0.14302
0.58737 0.141750
0.5865 0.14049
0.58561 0.13924
0.58472 0.13801
0.58381 0.13679
0.582890 0.13557
0.58196 0.13437
0.58102 0.133180
0.58007 0.131990
0.57911 0.130820
0.57814 0.12966000
0.57716 0.12851
0.57617 0.127370
0.57516 0.12625
0.57414 0.12514
0.57311 0.12404
0.57206 0.12295
0.5710 0.12188
0.56993 0.12082
0.568850 0.11977
0.56775 0.11874
0.56664 0.11772
0.56551 0.11671
0.56437 0.11572
0.56322 0.11474
0.56206 0.11377
0.56088 0.11282
0.55969 0.11187
0.5585 0.11094
0.55729 0.11001
0.55606 0.10911
0.55482 0.10822
0.55356 0.10735
0.55227 0.10651
0.55096 0.10569
0.54962 0.1049
0.54826 0.10413
0.54687 0.10338
0.54546 0.10266
0.54402 0.10197
0.54255 0.1013100
0.541040 0.100680
0.53949 0.1001
0.5379 0.09956
0.53626 0.09907
0.53458 0.09862
0.532860 0.09820
0.5311 0.09783
0.5293 0.09751
0.52743 0.09724
0.525490 0.09705
0.52344 0.09697
0.52127 0.09701
0.51897 0.09719
0.51662 0.09751
0.5143 0.09796
0.512110 0.09855
0.510140 0.09926
0.50846 0.10008
0.50614 0.101970
0.50556 0.10298
0.5054 0.104
0.50566 0.105
0.5063 0.10597
0.50722 0.10691
0.508350 0.10781
0.5096 0.10868
0.5109 0.1095
0.51225 0.11029
0.51363 0.11104
0.51505 0.11175
0.51651 0.11243
0.51799 0.11308
0.5195 0.1137
0.52104 0.11429
0.52259 0.11487
0.52416 0.11543
0.52574 0.11598
0.52733 0.11653
0.52892 0.11706
0.53052 0.1176
0.53212 0.11814
0.53371 0.11868
0.53529 0.11922
0.53687 0.11977
0.53845 0.12033
0.54001 0.1209
0.541560 0.12148
0.54311 0.12206
0.54464 0.12266
0.54617 0.12327
0.54768 0.12389
0.54918 0.12452
0.55066 0.12517
0.55214 0.12582
0.5536 0.12649
0.55505 0.12718
0.55648 0.12787
0.55791 0.128580
0.55931 0.12931
0.56071 0.13004
0.56209 0.1308
0.563450 0.13156
0.5648 0.13235
0.56613 0.13314
0.56745 0.13396
0.56875 0.13479
0.57003 0.13564
0.5713 0.1365
0.57255 0.13738
0.57379 0.138270
0.57502 0.13918
0.57623 0.1401
0.57743 0.14103
0.57862 0.14197
0.57979 0.14293
0.58094 0.14391
0.58207 0.14491
0.58318 0.14594
0.58427 0.14698
0.585350 0.14804
0.5864 0.149110
0.58743 0.15021
0.58845 0.15133
0.58944 0.152470
0.59042 0.153620
0.59137 0.1548
0.59230 0.156
0.59321 0.15723
0.5941 0.15847
0.59496 0.15974
0.5958 0.16103
0.59662 0.16235
0.59741 0.16369
0.59817 0.16505
0.59891 0.16645
0.59962 0.16787
0.6003 0.16932
0.60096 0.17079
0.60158 0.1723
0.60219 0.17383
0.60277 0.17538
0.60333 0.17695
0.60387 0.17854
0.60438 0.18016
0.60488 0.18179
0.60536 0.18345
0.60581 0.18512
0.60624 0.18682
0.60664 0.18855
0.60701 0.19032
0.60733 0.19213
0.60761 0.19397
0.60784 0.19577
0.60803 0.19745
0.60817 0.1989
0.60828 0.20006
0.60836 0.20084
0.60842 0.2012
*.*.Setup: Ga2.txt as Flap 1, Inverted: y, Scale = 1.0, AoA = 0.0, Reposition from (0,0) = (0, 0)*.*.
*.*.Setup: Ga2.txt as Flap 2, Inverted: y, Scale = 0.4, AoA = 37.0, Reposition from previous T.E. = (0.04, 0.06), Reposition from (0,0) = (1.04, 0.0109)*.*.
*.*.Setup: Ga2.txt as Flap 3, Inverted: y, Scale = 0.4, AoA = 45.0, Reposition from previous T.E. = (0.04, 0.06), Reposition from (0,0) = (1.4113, 0.2959)*.*.
*.*.Setup: Scale Ratio = 0.35621*.*.