0.36327 0.05754
0.36124 0.055290
0.35828 0.05201
0.35478 0.04876
0.35051 0.04557
0.34528 0.04224
0.33895 0.03863
0.33147 0.03472
0.32292 0.030570
0.31354 0.02628
0.30359 0.02195
0.2933 0.01767
0.28283 0.0135
0.27228 0.00949
0.26169 0.00565
0.25107 0.002
0.24038 -0.00146
0.22957 -0.00476
0.2186 -0.00792
0.20741 -0.01097
0.19597 -0.01395
0.18429 -0.01689
0.17243 -0.01982
0.1605 -0.02273
0.14866 -0.02557
0.13707 -0.0283
0.12593 -0.030830
0.11541 -0.03305
0.10563 -0.03489
0.09654 -0.03626
0.08799 -0.03714
0.07987 -0.03755
0.0721 -0.0375
0.06461 -0.036980
0.05738 -0.03601
0.05041 -0.0346
0.04373 -0.03279
0.03738 -0.03061
0.03144 -0.02815
0.02604 -0.02552
0.02126 -0.022850
0.017160 -0.02026
0.01372 -0.01781
0.010850 -0.01552
0.00849 -0.01337
0.006530 -0.011360
0.00491 -0.00948
0.00357 -0.00771
0.00248 -0.00606
0.00159 -0.0044900
0.00089 -0.003
0.00038 -0.001580
0.000086 -0.00022
-0.00012 0.0011000
0.000005 0.00243
0.00057 0.003660
0.0016 0.00464
0.00294 0.00539
0.00453 0.00598
0.00636 0.00650
0.00848 0.00698
0.01096 0.00745
0.01393 0.00793
0.01756 0.00843
0.0221 0.00896
0.02787 0.00953
0.03514 0.01013
0.04389 0.01072
0.05373 0.01119
0.064330 0.01146
0.075590 0.01155
0.08744 0.01152
0.099660 0.01144
0.11206 0.01134
0.12443 0.01125
0.13665 0.01121
0.148680 0.01123
0.16051 0.01135
0.17213 0.011590
0.183560 0.01198
0.19482 0.01254
0.20592 0.01329
0.21687 0.01424
0.2277100 0.0154
0.23843 0.01678
0.24905 0.0184
0.25958 0.02025
0.270030 0.02235
0.28039 0.02468
0.29063 0.02725
0.30073 0.03005
0.31058 0.03304
0.32005 0.03619
0.32891 0.03941
0.33693 0.04262
0.34394 0.04574
0.3499 0.04873
0.35491 0.0516
0.35907 0.05434
0.36327 0.05754
-Inserting Flap s1223rtl-
0.54344 0.14802
0.54266 0.14672
0.54152 0.14483
0.54011 0.1429
0.53832 0.14093
0.53607 0.13879
0.53331 0.13642
0.53001 0.13379
0.526210 0.13094
0.52201 0.12793
0.51754 0.12486
0.5129 0.12178
0.50816 0.11873
0.50336 0.11576
0.49853 0.11286
0.493670 0.11006
0.48875 0.10734
0.48376 0.104690
0.47868 0.102090
0.47348 0.09953
0.46815 0.09697
0.46269 0.09441
0.45715 0.091840
0.45157 0.08928
0.44603 0.086750
0.44061 0.08431
0.43538 0.08201
0.43043 0.07991
0.4258 0.07808
0.42147 0.07654
0.41736 0.07529
0.41342 0.07431
0.40959 0.0736
0.40587 0.07314
0.40223 0.07292
0.39868 0.07295
0.39522 0.0732
0.3919 0.07366
0.38875 0.07431
0.38584 0.07508
0.38325 0.075940
0.38099 0.07682
0.37906 0.07769
0.37744 0.07854
0.376070 0.07937
0.37492 0.08017
0.37394 0.08094
0.37312 0.08168
0.37242 0.08239
0.37184 0.08307
0.371360 0.08374
0.37097 0.08438
0.37067 0.085020
0.37047 0.08565
0.37040 0.08632
0.37056 0.08697
0.37097 0.08755
0.371560 0.08805
0.37228 0.08849
0.37313 0.08892
0.374130 0.08935
0.3753 0.08982
0.37671 0.09034
0.37845 0.09093
0.38062 0.09163
0.3834 0.09246
0.38691 0.09345
0.39115 0.09457
0.395930 0.09574
0.40111 0.09689
0.406630 0.098
0.41245 0.099120
0.41846 0.10025
0.42455 0.10138
0.43063 0.10252
0.43663 0.10366
0.44253 0.10482
0.44833 0.106
0.45401 0.10723
0.45958 0.10852
0.465050 0.10986
0.47043 0.11129
0.47572 0.1128
0.48092 0.1144
0.48605 0.11611
0.49111 0.11791
0.4961 0.11983
0.50103 0.12185
0.50589 0.12399
0.51068 0.12623
0.51536 0.12856
0.519920 0.13097
0.52426 0.13342
0.528310 0.13585
0.53194 0.13819
0.53508 0.14038
0.53772 0.14242
0.5399 0.14431
0.541680 0.14605
0.54344 0.14802
-Inserting Flap s1223rtl-
0.66245 0.29645
0.66228 0.2949400
0.66205 0.29274
0.66159 0.2904
0.6608 0.28785
0.65966 0.28497
0.65816 0.281650
0.65628 0.277870
0.65405 0.27368
0.65151 0.26919
0.648760 0.26451
0.645860 0.25976
0.64285 0.25499
0.63976 0.25027
0.636610 0.24561
0.63338 0.24101
0.63007 0.23646
0.62667 0.23195
0.62316 0.22745
0.61953 0.222930
0.61578 0.218360
0.61192 0.21374
0.60798 0.20907
0.60401 0.20439
0.60006 0.19976
0.59617 0.195250
0.59241 0.19095
0.58881 0.18696
0.58539 0.18334
0.58211 0.18012
0.57892 0.17725
0.57575 0.17469
0.57259 0.17243
0.56941 0.17044
0.5662 0.16871
0.56297 0.167230
0.55973 0.166
0.55652 0.16501
0.5534 0.16426
0.55044 0.16374
0.54772 0.16342
0.5453 0.16326
0.54319 0.16324
0.54136 0.16332
0.53977 0.1635
0.538390 0.163740
0.53718 0.16402
0.53612 0.16434
0.53519 0.16469
0.534370 0.16506
0.53365 0.16546
0.53302 0.16588
0.53249 0.16633
0.53203 0.166820
0.53169 0.1674
0.53156 0.168060
0.53169 0.16876
0.532020 0.169450
0.53248 0.170160
0.53307 0.17091
0.53379 0.17172
0.53465 0.17265
0.53571 0.17371
0.53704 0.17498
0.53872 0.17653
0.54088 0.178450
0.54365 0.18084
0.54701 0.18365
0.55085 0.18673
0.555060 0.189950
0.55959 0.1933
0.56439 0.19677
0.56936 0.20033
0.5744 0.20393
0.57943 0.20753
0.584390 0.2111
0.58925 0.21465
0.594 0.21817
0.59863 0.22169
0.60314 0.2252
0.60753 0.22874
0.6118 0.2323
0.61595 0.23591
0.61999 0.23956
0.62392 0.24327
0.62774 0.24705
0.63146 0.25089
0.63507 0.25481
0.63857 0.2588
0.64196 0.26285
0.64522 0.26695
0.64833 0.27105
0.65123 0.27511
0.65387 0.27902
0.65618 0.28267
0.65809 0.28599
0.65963 0.28896
0.6608 0.29159
0.66168 0.29392
0.66245 0.29645
*.*.Setup: s1223rtl.txt as Flap 1, Inverted: y, Scale = 1.0, AoA = 9.0, Reposition from (0,0) = (0, 0)*.*.
*.*.Setup: s1223rtl.txt as Flap 2, Inverted: y, Scale = 0.5, AoA = 20.0, Reposition from previous T.E. = (0.02, 0.075), Reposition from (0,0) = (1.0077, 0.2314)*.*.
*.*.Setup: s1223rtl.txt as Flap 3, Inverted: y, Scale = 0.5, AoA = 45.0, Reposition from previous T.E. = (-0.03, 0.05), Reposition from (0,0) = (1.4475, 0.4524)*.*.
*.*.Setup: Scale Ratio = 0.3678*.*.