0.3677 0.00762
0.366980 0.00678
0.36553 0.005160
0.36339 0.002780
0.36066 -0.00021
0.3575 -0.003580
0.35403 -0.00712
0.35041 -0.01063
0.34674 -0.01393
0.34306 -0.01702
0.33937 -0.01992
0.33567 -0.02266
0.33196 -0.02529
0.32824 -0.02782
0.32451 -0.030260
0.32078 -0.03262
0.31705 -0.03490
0.313310 -0.03711
0.30956 -0.03925
0.30581 -0.04133
0.30206 -0.04334
0.29830 -0.04529
0.29453 -0.04719
0.29077 -0.04903
0.287 -0.05081
0.28322 -0.052540
0.27944 -0.0542
0.27566 -0.0558
0.27187 -0.05733
0.26808 -0.0588
0.26428 -0.06023
0.26049 -0.06161
0.25669 -0.06296
0.25288 -0.06428000
0.24908 -0.06558
0.24527 -0.06684
0.24146 -0.06806
0.23765 -0.06923
0.233830 -0.07035
0.230010 -0.07142
0.22619 -0.07245
0.22236 -0.07342
0.21853 -0.074350
0.2147 -0.07524
0.21086 -0.07609
0.20702 -0.07689
0.20318 -0.07766
0.19934 -0.07839
0.19549 -0.07909
0.19164 -0.07975
0.18779 -0.08036
0.18393 -0.08094
0.180070 -0.08147
0.17621 -0.08196
0.17235 -0.08239
0.16848 -0.08279
0.16461 -0.08313
0.16074 -0.08343
0.15686 -0.08368
0.152980 -0.08388
0.14909 -0.08404
0.1452 -0.08414
0.14131 -0.0842
0.13742 -0.0842
0.13352 -0.08416
0.12962 -0.08407
0.12571 -0.08394
0.12181 -0.08377
0.1179 -0.08357
0.11398 -0.08332
0.110070 -0.08301
0.10615 -0.08264
0.10222 -0.08219
0.09829 -0.08165
0.09435 -0.08102
0.0904 -0.080310
0.08645 -0.0795
0.08249 -0.07861
0.078530 -0.07762
0.07456 -0.07654
0.07058 -0.07533
0.06659 -0.074
0.06259 -0.07251
0.05858 -0.07086
0.05456 -0.06906
0.05053 -0.06710
0.04648 -0.06499
0.04243 -0.06273
0.03837 -0.0603200
0.034290 -0.05768
0.03019 -0.05476
0.02606 -0.05146
0.0219 -0.04771
0.01774 -0.04347
0.0137 -0.038870
0.00996 -0.03406
0.00669 -0.02922
0.00405 -0.02451
0.00218 -0.02007
0.00087 -0.01246
0.00144 -0.009510
0.00284 -0.00725
0.00505 -0.00576
0.00793 -0.004950
0.01131 -0.004680
0.01504 -0.00483
0.01893 -0.00526
0.02287 -0.00586
0.02682 -0.00661
0.03078 -0.0075
0.03474 -0.008510
0.03872 -0.00965
0.0427 -0.0109
0.04669 -0.01225
0.05069 -0.013680
0.05469 -0.01518
0.05869 -0.01674
0.0627 -0.01835
0.06671 -0.01998
0.07072 -0.02163
0.07473 -0.02329
0.07874 -0.02494
0.08275 -0.02659
0.08676 -0.02821
0.09077 -0.02981
0.09477 -0.03138
0.09877 -0.03292
0.10277 -0.034430
0.106770 -0.0359
0.11077 -0.03733
0.11476 -0.0387200
0.11875 -0.04007
0.12274 -0.04137
0.12672 -0.04263
0.1307 -0.04385
0.13468 -0.04502
0.13865 -0.04614
0.14262 -0.047210
0.146590 -0.04824
0.150550 -0.04921
0.15451 -0.05013
0.15847 -0.0510
0.16242 -0.05181
0.16637 -0.052570
0.17031 -0.05327
0.174250 -0.05392
0.17819 -0.0545
0.18212 -0.05502
0.186050 -0.05548
0.18997 -0.05589
0.19389 -0.05625
0.19781 -0.05656
0.20172 -0.05683
0.2056300 -0.05705
0.20954 -0.05722
0.21344 -0.05733
0.21734 -0.05737
0.221230 -0.05733
0.22512 -0.05723
0.229 -0.05705
0.23288 -0.0568
0.23676 -0.056480
0.24062 -0.05609
0.24449 -0.05564
0.24835 -0.05511
0.2522 -0.0545
0.25605 -0.05382
0.25989 -0.05306
0.26372 -0.05222
0.267560 -0.05129
0.27138 -0.05029
0.2752 -0.04919
0.27901 -0.04802
0.282820 -0.04675
0.28662 -0.04538
0.290410 -0.043920
0.2942 -0.04235
0.29798 -0.04069
0.30175 -0.03892
0.3055100 -0.03706
0.30927 -0.0351
0.313020 -0.03307
0.31677 -0.030960
0.32051 -0.02876
0.32425 -0.0265
0.327980 -0.02416
0.33171 -0.02174
0.33543 -0.01925
0.33914 -0.016670
0.34285 -0.01398
0.34655 -0.01116
0.35024 -0.00818
0.35389 -0.00507
0.35738 -0.00196
0.36058 0.00098
0.36333 0.00356
0.3655 0.00563
0.36696 0.00702
0.3677 0.00762
-Inserting Flap Ga2-
0.4921 0.089930
0.49196 0.08951
0.49169 0.088690
0.49127 0.08747
0.49073 0.08595
0.49009 0.08421
0.48937 0.082370
0.48858 0.08051
0.48775 0.07872
0.486880 0.07701
0.48597 0.07536
0.48504 0.07377
0.48408 0.07223
0.48311 0.07072
0.482120 0.06923
0.48111 0.06778
0.4801 0.06636
0.47906 0.06496
0.47802 0.06359
0.47696 0.06224
0.47589 0.06091
0.47482 0.0596
0.47373 0.05832
0.47263 0.05705
0.471520 0.0558
0.47040 0.05458
0.46927 0.05338
0.46812 0.0522
0.46697 0.05104
0.4658 0.04991
0.46463 0.04879
0.463440 0.04769
0.46225 0.04659
0.46106 0.04551
0.45986 0.04444
0.45866 0.04338
0.45745 0.04234
0.456230 0.04131
0.455 0.0403
0.45376 0.039310
0.452510 0.03833
0.45125 0.03738
0.44999 0.03644
0.44871 0.03551
0.44743 0.0346
0.44615 0.0337
0.44485 0.03282
0.44355 0.03195
0.44224 0.03109
0.44093 0.03025
0.43961 0.02942
0.438280 0.0286
0.43694 0.0278
0.43559 0.02702
0.43424 0.02626
0.43288 0.02551
0.4315 0.02478
0.43013 0.02406
0.42874 0.02336
0.42734 0.02268
0.42593 0.02202
0.42452 0.02137
0.42309 0.02074
0.42166 0.02013
0.42022 0.019540
0.41877 0.018960
0.41731 0.0184
0.41585 0.01785
0.41437 0.01731
0.41289 0.01679
0.4114 0.01629
0.4099 0.01582
0.40839 0.01537
0.40685 0.014950
0.405310 0.01457
0.403740 0.01422
0.40216 0.0139
0.40056 0.01361
0.39895 0.01335
0.39732 0.01313
0.39566 0.01295
0.39399 0.01282
0.39228 0.01274
0.39055 0.01272
0.38878 0.01276
0.38699 0.01285
0.38517 0.01299
0.38333 0.01319
0.38146 0.01345
0.37954 0.01378
0.37758 0.01421
0.37554 0.01478
0.37342 0.01552
0.3712300 0.01642
0.36902 0.01749
0.3669 0.01867
0.36493 0.01994
0.36322 0.02127
0.361840 0.02261
0.36017 0.0252
0.35992 0.02638
0.36008 0.02743
0.36066 0.02832
0.36160 0.02907
0.3628 0.0297
0.36419 0.03023
0.3657 0.03068
0.36724 0.03107
0.36881 0.03142
0.37041 0.03171
0.37203 0.03195
0.373670 0.032160
0.37533 0.03232
0.37701 0.03245
0.3787 0.03254
0.38041 0.03261
0.38213 0.03267
0.38386 0.0327
0.385590 0.03273
0.38732 0.03275
0.389060 0.03276
0.39079 0.03278
0.39253 0.0328
0.39426 0.03283
0.39598 0.03287
0.3977 0.03292
0.399420 0.03297
0.40113 0.03304
0.40283 0.03313
0.40452 0.03323
0.406210 0.03334
0.40789 0.03346
0.40956 0.033610
0.41122 0.03377
0.41288 0.03394
0.41453 0.03413
0.41617 0.03434
0.4178 0.03456
0.41942 0.03481
0.42103 0.03507
0.42263 0.03535
0.42422 0.035650
0.4258 0.03596
0.42738 0.0363
0.42894 0.03666
0.43049 0.03704
0.43203 0.03744
0.43356 0.03786
0.43508 0.03831
0.43659 0.03877
0.43809 0.03925
0.43958 0.03975
0.44106 0.0402600
0.442530 0.04079
0.444 0.04134
0.44545 0.04191
0.44689 0.0425
0.44832 0.04312
0.44974 0.04377
0.45114 0.044440
0.45253 0.045140
0.4539 0.04586
0.45527 0.04661
0.45662 0.04738
0.45796 0.04818
0.45928 0.04901
0.46059 0.04986
0.46189 0.050740
0.463170 0.05165
0.46443 0.05259
0.46568 0.05356
0.46692 0.05456
0.46814 0.05559
0.4693400 0.05665
0.47053 0.05774
0.4717 0.05888
0.47285 0.06004
0.47398 0.06125
0.47509 0.06249
0.47618 0.06376
0.47726 0.06507
0.47833 0.0664
0.47938 0.06777
0.48041 0.06916
0.48143 0.07058
0.482440 0.07202
0.48344 0.0735
0.48442 0.07499
0.48538 0.07652
0.48633 0.07809
0.487250 0.07971
0.488140 0.08138
0.489 0.0831
0.4898 0.08479
0.49052 0.08637
0.49113 0.0877600
0.4916 0.08885
0.49192 0.08959
0.4921 0.089930
-Inserting Flap Ga2-
0.6158 0.21811
0.6158 0.21767
0.61579 0.2168
0.61577 0.21552
0.61573 0.2139
0.61565 0.21205
0.61554 0.21007
0.61537 0.20806
0.61513 0.2061
0.61482 0.20421
0.61447 0.20236
0.61407 0.20056
0.61364 0.1988
0.61318 0.19706
0.6127 0.19534
0.61219 0.19365
0.61166 0.19198
0.61111 0.19033
0.61055 0.18870
0.60996 0.18709
0.60935 0.18550
0.60873 0.18392
0.60809 0.18236
0.60744 0.18082
0.60677 0.17929
0.60608 0.17778
0.60538 0.17629
0.60465 0.17481
0.60391 0.17336
0.60315 0.17192
0.60238 0.170490
0.6016 0.169080
0.6008 0.16767
0.600 0.166270
0.59919 0.16488
0.598380 0.1635
0.59755 0.16214
0.5967 0.16078
0.59584 0.15944
0.59497 0.15812
0.59409 0.1568
0.59319 0.15551
0.59228 0.15422
0.59135 0.15295
0.59042 0.15168
0.58947 0.15043
0.588510 0.14919
0.58754 0.14796
0.58656 0.14674
0.58557 0.14553
0.58457 0.14434
0.58356 0.14315
0.58253 0.14198
0.5815 0.14082
0.58044 0.13967
0.57938 0.13854
0.5783 0.13742
0.57721 0.13631
0.57611 0.13522
0.57499 0.13414
0.57386 0.13307
0.57271 0.13202
0.57155 0.13098
0.57037 0.12996
0.56919 0.12895
0.56798 0.127950
0.56677 0.12697
0.56555 0.12599
0.56431 0.12503
0.563070 0.12408
0.56181 0.12314
0.56052 0.12222
0.55922 0.12133
0.55789 0.12046
0.55654 0.11962
0.55516 0.1188
0.55375 0.118
0.55232 0.11724
0.55087 0.11649
0.54939 0.11578
0.54787 0.1151
0.54631 0.114450
0.544720 0.11385
0.54307 0.1133
0.54139 0.11279
0.53965 0.11232
0.53788 0.11190
0.53606 0.111520
0.5342 0.111180
0.53228 0.1109
0.53028 0.11071
0.52816 0.11062
0.52592 0.11066
0.52356 0.11085
0.52113 0.11118
0.51874 0.11165
0.51648 0.11225
0.51445 0.11298
0.512720 0.11383
0.51033 0.1157800
0.50972 0.11683
0.509550 0.11787
0.50983 0.1189
0.51049 0.1199
0.51144 0.12087
0.5126 0.12181
0.513890 0.1227
0.51524 0.12355
0.51662 0.12436
0.5180500 0.12513
0.51952 0.12587
0.52101 0.12657
0.52254 0.127230
0.5241 0.12787
0.52568 0.12849
0.52729 0.129080
0.5289 0.12966
0.53053 0.13023
0.53217 0.13079
0.53382 0.13135
0.53546 0.1319
0.53711 0.13245
0.538750 0.13301
0.54039 0.13357
0.54202 0.13414
0.54364 0.13472
0.54525 0.13530
0.54685 0.13590
0.54845 0.1365
0.55003 0.13712
0.5516 0.13775
0.55316 0.13839
0.5547 0.13904
0.556240 0.1397
0.55776 0.14038
0.55926 0.14107
0.560760 0.14177
0.562240 0.14249
0.5637 0.1432200
0.56516 0.14397
0.56659 0.14473
0.56802 0.14551
0.56942 0.14630
0.57081 0.14711
0.57219 0.147930
0.57355 0.14877
0.57489 0.14963
0.57621 0.1505
0.57752 0.15139
0.57881 0.1523
0.58009 0.15322
0.58135 0.15415
0.5826 0.1551
0.58384 0.15606
0.58507 0.157030
0.586270 0.158020
0.58746 0.15903
0.58863 0.16007
0.58977 0.16112
0.5909 0.16219
0.592 0.16328
0.59309 0.1644
0.59415 0.16553
0.5952 0.16668
0.59623 0.16785
0.59723 0.16905
0.59821 0.170260
0.59917 0.17150
0.600110 0.17276
0.60102 0.17405
0.60191 0.17535
0.60278 0.17669
0.60362 0.17804
0.60444 0.17942
0.60523 0.18083
0.60599 0.18227
0.60672 0.18374
0.60742 0.18523
0.6081 0.18675
0.60875 0.1883
0.60937 0.18988
0.60997 0.19148
0.61054 0.1931
0.6111 0.19474
0.61163 0.19641
0.61214 0.19809
0.612640 0.1998
0.613110 0.20153
0.61355 0.20328
0.61396 0.20507
0.61434 0.20689
0.61467 0.20876
0.61496 0.21066
0.61519 0.21251
0.61539 0.21424
0.61554 0.21574
0.61566 0.21693
0.61573 0.21774
0.6158 0.21811
*.*.Setup: Ga2.txt as Flap 1, Inverted: y, Scale = 1.0, AoA = 4.0, Reposition from (0,0) = (0, 0)*.*.
*.*.Setup: Ga2.txt as Flap 2, Inverted: y, Scale = 0.4, AoA = 27.0, Reposition from previous T.E. = (-0.0267, 0.06), Reposition from (0,0) = (0.9743, 0.0807)*.*.
*.*.Setup: Ga2.txt as Flap 3, Inverted: y, Scale = 0.4, AoA = 45.0, Reposition from previous T.E. = (0.04, 0.08), Reposition from (0,0) = (1.3797, 0.3248)*.*.
*.*.Setup: Scale Ratio = 0.36733*.*.