0.3558 -0.02996
0.35502 -0.030690
0.35346 -0.03211
0.351150 -0.0342
0.34821 -0.0368
0.344810 -0.03973
0.34111 -0.0428
0.33725 -0.04582
0.33338 -0.048640
0.32951 -0.05125
0.32565 -0.05367
0.3218 -0.055950
0.31795 -0.058110
0.3141 -0.06017
0.31026 -0.06215
0.30642 -0.06405
0.30258 -0.06588
0.29874 -0.06763
0.29491 -0.06932
0.29108 -0.07094
0.28725 -0.0725
0.28342 -0.074
0.27959 -0.07545
0.27577 -0.07685
0.27195 -0.07819
0.26813 -0.07947
0.26431 -0.08069
0.2605 -0.08185
0.25668 -0.08294
0.25287 -0.08398
0.24906 -0.08497
0.24526 -0.08592
0.24145 -0.08684
0.23764 -0.08773
0.23384 -0.08859
0.23003 -0.08942
0.22623 -0.09022
0.22243 -0.09096
0.21863 -0.09166
0.21483 -0.0923
0.21104 -0.0929
0.20724 -0.09346
0.20345 -0.09397
0.19966 -0.09443
0.19587 -0.09486
0.19208 -0.095250
0.18830 -0.0956
0.18451 -0.09592
0.18072 -0.0962
0.17694 -0.09644
0.17316 -0.09665
0.16938 -0.09682
0.1656 -0.09694
0.16182 -0.097010
0.15805 -0.09704
0.15427 -0.09703
0.1505 -0.09697
0.14673 -0.09686
0.14296 -0.09671
0.13919 -0.09652
0.13542 -0.09627
0.13166 -0.09598
0.1279 -0.09564
0.12414 -0.09525
0.12038 -0.09481
0.11662 -0.09432
0.11286 -0.0938
0.10911 -0.09324
0.10535 -0.0926500
0.1016 -0.09201
0.09785 -0.09132
0.0941 -0.09057
0.09036 -0.08973
0.08661 -0.08881
0.08287 -0.08781
0.07914 -0.08671
0.0754 -0.085530
0.07167 -0.08427
0.06794 -0.08292
0.06422 -0.08146
0.0605 -0.07990
0.05678 -0.0782
0.05307 -0.07636
0.04937 -0.07437
0.045670 -0.07221
0.04198 -0.06991
0.03829 -0.06746
0.0346 -0.06487
0.03092 -0.06213
0.02725 -0.05918
0.02359 -0.055930
0.01994 -0.05233
0.01631 -0.04829
0.01272 -0.04377
0.00929 -0.038920
0.00616 -0.0339
0.0035 -0.0289
0.00142 -0.02407
7e-05 -0.0196
-0.00042 -0.012120
0.00043 -0.00933
0.00201 -0.00729
0.00429 -0.00608
0.00715 -0.00559
0.01045 -0.00567
0.01403 -0.00619
0.01775 -0.007
0.02149 -0.007980
0.02522 -0.0091
0.02896 -0.01036
0.03268 -0.01174
0.0364 -0.01324
0.04012 -0.01485
0.04384 -0.01656
0.04755 -0.01835
0.05126 -0.020210
0.05497 -0.02212
0.05868 -0.02408
0.06238 -0.02606
0.06609 -0.02806
0.06979 -0.03007
0.0735 -0.032070
0.0772 -0.03407
0.08091 -0.03604
0.08461 -0.03799
0.08832 -0.03992
0.09203 -0.04181
0.09574 -0.04367
0.09945 -0.04549
0.10316 -0.04728
0.10688 -0.04903
0.11059 -0.05074
0.11431 -0.0524
0.11803 -0.05402
0.12175 -0.0556
0.12547 -0.05713
0.12919 -0.05862
0.13291 -0.060060
0.13664 -0.06145
0.14037 -0.06279
0.1441 -0.06408
0.14783 -0.06532
0.15156 -0.06651
0.1553 -0.06764
0.15904 -0.06872
0.16277 -0.06974
0.166520 -0.0707
0.17026 -0.0716
0.174 -0.07245
0.17775 -0.073240
0.1815 -0.07399
0.18525 -0.07469
0.189 -0.07534
0.19276 -0.07596
0.19651 -0.07651
0.20027 -0.07701
0.20403 -0.07745
0.20779 -0.07781
0.21156 -0.0781
0.21532 -0.078320
0.21909 -0.07848
0.22286 -0.07856
0.22664 -0.078580
0.23041 -0.0785300
0.234190 -0.07841
0.23797 -0.078220
0.24176 -0.07795
0.24555 -0.0776
0.24934 -0.07718
0.25313 -0.07668
0.25692 -0.07609
0.26072 -0.07543
0.26452 -0.07467
0.26833 -0.07383
0.27213 -0.0729
0.27594 -0.07188
0.27976 -0.07075
0.28358 -0.06952
0.2874 -0.0682
0.2912200 -0.06678
0.29505 -0.06528
0.29888 -0.0637
0.30271 -0.06203
0.30655 -0.0603
0.31038 -0.05849
0.31423 -0.05661
0.318070 -0.05466
0.32191 -0.05263
0.32576 -0.05052
0.32961 -0.04829
0.33347 -0.04594
0.33733 -0.04344
0.34118 -0.04081
0.34487 -0.03816
0.34825 -0.03565
0.35117 -0.03343
0.35347 -0.03166
0.35502 -0.03047
0.3558 -0.02996
-Inserting Flap Ga2-
0.48286 0.064650
0.48277 0.064240
0.48257 0.06342
0.48227 0.06221
0.48188 0.060690
0.48141 0.05895
0.48087 0.05711
0.48026 0.05524
0.47961 0.05344
0.47891 0.051710
0.47817 0.05005
0.4774 0.0484300
0.47661 0.04685
0.47579 0.04531
0.47496 0.04379
0.47411 0.0423
0.47325 0.04084
0.47237 0.0394
0.47148 0.03798
0.47057 0.03659
0.46965 0.03521
0.4687100 0.03386
0.46777 0.03252
0.466810 0.0312
0.46585 0.02991
0.46487 0.02863
0.46387 0.02737
0.46287 0.02613
0.46185 0.02491
0.46082 0.02372
0.45977 0.02254
0.45872 0.02137
0.45767 0.02021
0.4566 0.01907
0.45554 0.01793
0.45446 0.0168
0.45338 0.01569
0.45228 0.01459
0.45118 0.013510
0.45006 0.01245
0.44894 0.0114
0.4478 0.01037
0.44666 0.00935
0.445510 0.00835
0.44435 0.00736
0.44318 0.00638
0.442 0.00542
0.44082 0.00447
0.439620 0.00353
0.43842 0.0026
0.43722 0.00169
0.436 0.00078
0.43477 -0.0001
0.43354 -0.00097
0.43229 -0.00183
0.43104 -0.00267
0.42977 -0.00349
0.4285 -0.0043
0.42721 -0.00509
0.42592 -0.00587
0.42462 -0.006630
0.4233 -0.00737
0.42198 -0.0081
0.42064 -0.00881
0.41930 -0.00951
0.41795 -0.01019
0.41658 -0.01086
0.41521 -0.01151
0.41384 -0.01216
0.41245 -0.01278
0.41105 -0.01339
0.40964 -0.01398
0.40821 -0.01454
0.40676 -0.01507
0.4053 -0.01558
0.40381 -0.01605
0.40231 -0.016490
0.40079 -0.01691
0.39925 -0.01729
0.39769 -0.01765
0.39611 -0.01796
0.3945 -0.01823
0.39286 -0.01845
0.39118 -0.01861
0.38947 -0.01873
0.38773 -0.018790
0.38596 -0.0188
0.38416 -0.01877
0.38233 -0.01868
0.38045 -0.01852
0.37851 -0.01827
0.37649 -0.017890
0.374380 -0.01736
0.37218 -0.01667
0.36996 -0.01582
0.3678 -0.01486
0.3658 -0.0138
0.36403 -0.0126600
0.36258 -0.01148
0.36075 -0.00911
0.3604 -0.00799
0.36047 -0.00696
0.36096 -0.00605
0.3618 -0.00525
0.36291 -0.00454
0.36421 -0.00391
0.36563 -0.00335
0.36709 -0.00284
0.36858 -0.00237
0.37009 -0.00196
0.37164 -0.001580
0.37321 -0.00124
0.3748 -0.00095
0.37642 -0.00068
0.37805 -0.00045
0.37969 -0.000230
0.38135 -4e-05
0.38302 0.00014
0.38469 0.00032
0.38637 0.00048
0.38804 0.00064
0.38972 0.00081
0.3914 0.00098
0.39307 0.00115
0.39473 0.00133
0.39639 0.001520
0.398050 0.00172
0.39969 0.00194
0.40133 0.00216
0.40296 0.00240
0.40458 0.00265
0.4062 0.00292
0.407800 0.00320
0.4094 0.00349
0.41098 0.00380
0.41256 0.00412
0.41413 0.00446
0.41569 0.00482
0.41723 0.00519
0.41877 0.00558
0.42029 0.005980
0.42181 0.00641
0.42331 0.00685
0.4248 0.00731
0.42628 0.00779
0.42775 0.00829
0.42921 0.0088
0.430650 0.00934
0.43208 0.0099
0.4335 0.01048
0.43491 0.01107
0.43631 0.01167
0.4377 0.01229
0.43909 0.012930
0.44046 0.01359
0.44181 0.01426
0.44316 0.01496
0.44449 0.01568
0.4458 0.01642
0.4471 0.01719
0.44838 0.01799
0.44965 0.0188
0.450910 0.01964
0.45215 0.0205
0.45338 0.02139
0.45459 0.02230
0.45578 0.02323
0.456960 0.02419
0.45812 0.02518
0.459270 0.0262
0.4604 0.02724
0.46151 0.02831
0.4626 0.02941
0.46367 0.030540
0.46473 0.0317
0.46576 0.03289
0.46677 0.03412
0.46776 0.03538
0.46873 0.03667
0.46969 0.038
0.47062 0.03935
0.471540 0.040730
0.47243 0.04214
0.473320 0.04358
0.47419 0.04503
0.47504 0.04652
0.47588 0.04802
0.4767 0.04956
0.4775 0.05112
0.47828 0.05272
0.47904 0.05436
0.47976 0.05605
0.48044 0.05779
0.48107 0.05949
0.48163 0.06108
0.48211 0.06247
0.48247 0.06357
0.48272 0.06431
0.48286 0.064650
-Inserting Flap Ga2-
0.60296 0.1891
0.60296 0.18867
0.60295 0.18783
0.60293 0.18658
0.60289 0.18501
0.60282 0.18322
0.6027 0.18129
0.60254 0.17934
0.6023 0.17744
0.60201 0.1756
0.601670 0.17381
0.60128 0.17206
0.60086 0.17034
0.60042 0.16866
0.59995 0.16699
0.59946 0.16535
0.598940 0.16373
0.59841 0.16213
0.59786 0.160550
0.59729 0.15898
0.5967 0.157440
0.5961 0.15591
0.59548 0.15439
0.59484 0.15289
0.59419 0.15141
0.59352 0.14994
0.59284 0.14849
0.59214 0.14706
0.59142 0.14565
0.5906800 0.14425
0.58993 0.1428600
0.58917 0.141490
0.5884 0.14013
0.58762 0.138770
0.58684 0.13742
0.58604 0.13608
0.58524 0.13475
0.584420 0.13344
0.58358 0.13214
0.582740 0.13085
0.58188 0.12958
0.581010 0.12832
0.58012 0.12707
0.57922 0.12583
0.57831 0.1246
0.57739 0.12339
0.57646 0.12219
0.5755200 0.12099
0.57457 0.11981
0.57361 0.11864
0.57264 0.11747
0.57166 0.11632
0.570660 0.11518
0.56965 0.11406
0.568630 0.11294
0.5676 0.11184
0.56655 0.11076
0.56549 0.10968
0.56442 0.10862
0.56334 0.10757
0.56224 0.10654
0.56112 0.10552
0.56 0.10451
0.55886 0.10352
0.5577 0.10254
0.55654 0.1015700
0.55536 0.10061
0.55417 0.09966
0.55297 0.09873
0.55176 0.0978
0.550540 0.0969
0.54929 0.096
0.54803 0.09514
0.54674 0.09429
0.54542 0.09347
0.54408 0.09268
0.542720 0.09191
0.54133 0.09116
0.53992 0.09044
0.53848 0.08975
0.53701 0.08909
0.5355 0.088460
0.53395 0.08788
0.53235 0.08734
0.530710 0.08684
0.52903 0.08639
0.52731 0.08598
0.52555 0.085610
0.52374 0.085280
0.52187 0.08501
0.51993 0.08483
0.51788 0.084740
0.51570 0.08478
0.5134 0.08496
0.51105 0.08528
0.50873 0.08574
0.50654 0.08632
0.50456 0.08703
0.50288 0.08786
0.50056 0.08975
0.49997 0.09076
0.49981 0.09178
0.50008 0.09278
0.50071 0.09375
0.501640 0.09469
0.50277 0.0956
0.50402 0.09647
0.50533 0.09729
0.50667 0.09808
0.50806 0.09883
0.50948 0.09954
0.510940 0.10022
0.51242 0.100870
0.51393 0.10149
0.51547 0.10209
0.51703 0.102670
0.5186 0.10323
0.52018 0.10378
0.52177 0.10432
0.52337 0.10486
0.52496 0.1054
0.52656 0.10593
0.52816 0.10647
0.529740 0.10702
0.53133 0.10757
0.53290 0.10813
0.53447 0.108700
0.53602 0.109280
0.537570 0.10987
0.5391 0.11046
0.540630 0.11107
0.54214 0.1117
0.54364 0.11233
0.54513 0.11297
0.54661 0.11363
0.54807 0.1143
0.54952 0.11498
0.55096 0.11568
0.55238 0.116390
0.55379 0.11712
0.55519 0.11786
0.55657 0.11861
0.55793 0.119380
0.55928 0.12016
0.56062 0.120960
0.56194 0.12178
0.56324 0.12261
0.56452 0.12346
0.565790 0.12432
0.56705 0.1252
0.56829 0.1261
0.56951 0.127
0.57073 0.12792
0.57193 0.12885
0.57312 0.12980
0.57429 0.130760
0.57544 0.13174
0.57658 0.13274
0.57769 0.13377
0.57878 0.13481
0.57985 0.13587
0.58091 0.13695
0.58194 0.13805
0.58296 0.13917
0.58395 0.1403
0.58493 0.14146
0.585880 0.142640
0.58682 0.143850
0.58773 0.14507
0.58861 0.14632
0.58948 0.14759
0.59032 0.14888
0.59114 0.1502
0.59193 0.15154
0.59269 0.15291
0.593430 0.1543
0.59414 0.15572
0.59483 0.15717
0.59548 0.15865
0.59611 0.16016
0.59672 0.16169
0.5973 0.16324
0.59786 0.16482
0.59839 0.16641
0.59891 0.16803
0.59941 0.16966
0.59989 0.17132
0.60034 0.173
0.60077 0.1747
0.60118 0.17643
0.601540 0.1782
0.60186 0.18002
0.60214 0.18186
0.60237 0.18366
0.60256 0.18534
0.60271 0.1868
0.60282 0.18795
0.60289 0.18873
0.60296 0.1891
*.*.Setup: Ga2.txt as Flap 1, Inverted: y, Scale = 1.0, AoA = -2.0, Reposition from (0,0) = (0, 0)*.*.
*.*.Setup: Ga2.txt as Flap 2, Inverted: y, Scale = 0.4, AoA = 32.0, Reposition from previous T.E. = (0.0067, 0.07), Reposition from (0,0) = (1.0043, -0.014)*.*.
*.*.Setup: Ga2.txt as Flap 3, Inverted: y, Scale = 0.4, AoA = 45.0, Reposition from previous T.E. = (0.04, 0.08), Reposition from (0,0) = (1.394, 0.2613)*.*.
*.*.Setup: Scale Ratio = 0.35663*.*.