0.34624 0.03639
0.344210 0.03437
0.34125 0.03141
0.33778 0.02851
0.33358 0.02571
0.328480 0.022820
0.32232 0.01972
0.31505 0.0164
0.306760 0.0129
0.297680 0.00931
0.28806 0.00571
0.27812 0.00218
0.268020 -0.001250
0.25785 -0.00452
0.24765 -0.00762
0.23743 -0.010550
0.22715 -0.01329
0.21677 -0.01587
0.2062400 -0.01832
0.19551 -0.02064
0.18455 -0.0229
0.17337 -0.0251
0.16201 -0.02728
0.15059 -0.029430
0.13926 -0.03154
0.12817 -0.03354
0.11751 -0.03538
0.10746 -0.03696
0.09812 -0.03821
0.08946 -0.03905
0.08134 -0.03947
0.07364 -0.03946
0.06629 -0.03901
0.05924 -0.03815
0.05246 -0.03688
0.04594 -0.03521
0.039710 -0.03316
0.03381 -0.03079
0.02833 -0.02817
0.02335 -0.02541
0.01897 -0.022650
0.01522 -0.02
0.01208 -0.01752
0.00949 -0.0152
0.00736 -0.01306
0.005610 -0.01106
0.00417 -0.00920
0.003 -0.00747
0.00204 -0.00585
0.00128 -0.004320
0.0007 -0.00288
0.00028 -0.00151
0.000055 -0.00021
-6e-05 0.00105
0.00012 0.0023
0.00072 0.00343
0.00174 0.00431
0.003050 0.00494
0.00458 0.005430
0.00633 0.00582
0.00836 0.00617
0.01073 0.0065
0.01356 0.0068
0.01702 0.00709
0.02134 0.007370
0.02682 0.00762
0.03372 0.00784
0.04202 0.007960
0.05134 0.00792
0.06137 0.00765
0.07203 0.00717
0.08322 0.00656
0.09478 0.00588
0.10649 0.00517
0.11818 0.00447
0.129730 0.00382
0.1411 0.00325
0.152280 0.00277
0.16328 0.00243
0.17411 0.00223
0.184780 0.0022
0.19531 0.00236
0.20571 0.00271
0.21601 0.00327
0.22621 0.00405
0.23633 0.00505
0.24638 0.00629
0.25636 0.00775
0.26626 0.00944
0.27608 0.01136
0.28576 0.01350
0.29522 0.01585
0.30432 0.01835
0.31286 0.02096
0.3206 0.0236
0.327380 0.0262
0.33317 0.02873
0.33804 0.0312
0.34211 0.033580
0.34624 0.03639
-Inserting Flap s1223rtl-
0.51097 0.14477
0.51034 0.14349
0.50942 0.14161
0.50825 0.13967
0.50673 0.13766
0.50478 0.13547
0.50237 0.133
0.49948 0.13025
0.49613 0.12724
0.49242 0.12407
0.48846 0.1208
0.48434 0.11751
0.48012 0.11425
0.475840 0.11104
0.47153 0.10792
0.46717 0.10487
0.462760 0.1019
0.45827 0.098990
0.45369 0.09612
0.449 0.09327
0.44418 0.090430
0.43925 0.08756
0.43424 0.08468
0.42919 0.08181
0.42417 0.07897
0.41926 0.076210
0.41452 0.07361
0.41003 0.07123
0.40581 0.06912
0.40186 0.06731
0.39808 0.06579
0.39444 0.06454
0.3909 0.06355
0.38742 0.062810
0.38401 0.06231
0.38066 0.0620400
0.377380 0.06199
0.3742 0.06216
0.37118 0.0625
0.36838 0.062990
0.36586 0.06359
0.36366 0.06423
0.361770 0.06489
0.36017 0.06556
0.358810 0.066230
0.35766 0.06689
0.35668 0.06754
0.35584 0.06816
0.35512 0.06877
0.35452 0.06937
0.35401 0.06996
0.35358 0.07054
0.35325 0.07111
0.35301 0.07169
0.35289 0.07231
0.35299 0.072950
0.35333 0.07353
0.35384 0.07404
0.3544900 0.07452
0.35525 0.07499
0.35615 0.075490
0.35722 0.07603
0.35851 0.07663
0.3601 0.077330
0.36209 0.07816
0.36464 0.07918
0.36787 0.0804
0.37178 0.08181
0.37619 0.08331
0.38098 0.084810
0.38609 0.08632
0.39148 0.08786
0.39706 0.08941
0.402710 0.090990
0.40835 0.09256
0.41391 0.09413
0.41938 0.09571
0.42475 0.09731
0.43001 0.09893
0.43516 0.1006
0.4402 0.10233
0.44516 0.10411
0.450020 0.10598
0.45479 0.10792
0.4594900 0.1099500
0.46411 0.11207
0.46866 0.11428
0.47314 0.1166
0.47755 0.11901
0.48188 0.12152
0.48610 0.12411
0.4902 0.12676
0.49409 0.12942
0.4977 0.13205
0.50093 0.13455
0.50372 0.13688
0.50604 0.13903
0.50794 0.14098
0.50948 0.142770
0.51097 0.14477
-Inserting Flap s1223rtl-
0.66053 0.26725
0.66013 0.26587
0.65955 0.26386
0.65874 0.26175
0.65758 0.25951
0.65605 0.257010
0.6541100 0.254160
0.65173 0.25095
0.64896 0.247410
0.64586 0.24364
0.64252 0.239730
0.63903 0.23577
0.63544 0.23183
0.63179 0.22793
0.62808 0.2241
0.62432 0.22035
0.62049 0.2166500
0.61658 0.213010
0.612570 0.20939
0.60844 0.20577
0.60419 0.20213
0.59983 0.19845
0.5954 0.19475
0.59093 0.19104
0.58648 0.18737
0.58212 0.18381
0.5779 0.180420
0.573890 0.177290
0.57011 0.17448
0.56652 0.17201
0.56307 0.16986
0.5597 0.168
0.55638 0.166410
0.55309 0.16508
0.54982 0.16399
0.54656 0.1631400
0.54334 0.16253
0.54019 0.16214
0.53715 0.161950
0.53431 0.16195
0.53172 0.1621
0.52944 0.16235
0.52747 0.162670
0.52577 0.16306
0.52432 0.16348
0.52307 0.16393
0.52199 0.16439
0.52106 0.16486
0.52025 0.16534
0.51954 0.16583
0.51894 0.16631
0.51842 0.16681
0.51799 0.16732
0.51765 0.16785
0.51743 0.16844
0.51742 0.16908
0.51765 0.16971
0.51807 0.17031
0.51862 0.17089
0.51929 0.17149
0.52009 0.17213
0.521050 0.17285
0.52222 0.17367
0.52366 0.17463
0.52548 0.1758
0.52782 0.17724
0.53078 0.17901
0.53438 0.18107
0.53847 0.183310
0.542920 0.18563
0.5477 0.188
0.55274 0.19045
0.55796 0.192950
0.56325 0.19548
0.56853 0.198010
0.57374 0.20052
0.578850 0.20303
0.58386 0.20553
0.58875 0.20805
0.59354 0.21059
0.59821 0.21316
0.60277 0.21578
0.60724 0.21846
0.6116 0.2212
0.61588 0.224010
0.620060 0.2269
0.62416 0.22988
0.62817 0.23293
0.63209 0.23608
0.63591 0.2393
0.63963 0.24258
0.6432 0.2459
0.64657 0.2492
0.64967 0.25241000
0.65242 0.25544
0.65475 0.25822
0.65667 0.26073
0.6582 0.26299
0.6594 0.26502
0.66053 0.26725
*.*.Setup: s1223rtl.txt as Flap 1, Inverted: y, Scale = 1.0, AoA = 6.0, Reposition from (0,0) = (0, 0)*.*.
*.*.Setup: s1223rtl.txt as Flap 2, Inverted: y, Scale = 0.5, AoA = 25.0, Reposition from previous T.E. = (0.02, 0.1), Reposition from (0,0) = (1.0145, 0.2045)*.*.
*.*.Setup: s1223rtl.txt as Flap 3, Inverted: y, Scale = 0.5, AoA = 35.0, Reposition from previous T.E. = (0.02, 0.065), Reposition from (0,0) = (1.4877, 0.4808)*.*.
*.*.Setup: Scale Ratio = 0.34815*.*.