0.37053 0.00768
0.36980 0.00684
0.36835 0.00520
0.36619 0.00280
0.36344 -0.00021
0.36025 -0.003610
0.35676 -0.00718
0.3531 -0.01071
0.34941 -0.01404
0.3457 -0.01715
0.34198 -0.02007
0.33825 -0.02284
0.33451 -0.02548
0.33076 -0.02803
0.32701 -0.030490
0.32325 -0.03287
0.31949 -0.035170
0.315720 -0.0374
0.31194 -0.03956
0.30816 -0.04165
0.30438 -0.04367
0.300590 -0.04564
0.2968 -0.04755
0.29301 -0.04941
0.28921 -0.0512
0.2854 -0.052940
0.28159 -0.05462
0.27778 -0.05623
0.27397 -0.05777
0.27014 -0.05925
0.26632 -0.06069
0.26249 -0.06208
0.25866 -0.06344
0.25483 -0.06478000
0.25099 -0.06608
0.24716 -0.06735
0.24332 -0.06858
0.23948 -0.06976
0.235630 -0.07089
0.231780 -0.07197
0.22793 -0.073
0.22407 -0.07399
0.22021 -0.074920
0.21635 -0.07582
0.21248 -0.07667
0.20861 -0.07748
0.20474 -0.07826
0.20087 -0.079
0.19699 -0.0797
0.19311 -0.08036
0.18923 -0.08098
0.18535 -0.08156
0.181460 -0.0821
0.17757 -0.08259
0.17368 -0.08303
0.16978 -0.08342
0.16588 -0.08377
0.16197 -0.08407
0.15806 -0.08432
0.154150 -0.08453
0.15024 -0.08469
0.14632 -0.08479
0.1424 -0.08485
0.13848 -0.08485
0.13455 -0.08481
0.13062 -0.08472
0.12668 -0.08458
0.12274 -0.08442
0.1188 -0.08421
0.11486 -0.08396
0.110920 -0.08365
0.10696 -0.08328
0.10301 -0.08282
0.09904 -0.08228
0.09507 -0.08165
0.0911 -0.080920
0.08712 -0.08011
0.08313 -0.07921
0.079130 -0.07822
0.07513 -0.07713
0.07112 -0.07591
0.0671 -0.07456
0.06307 -0.07307
0.05903 -0.07141
0.05498 -0.06959
0.05091 -0.067610
0.04684 -0.06549
0.04276 -0.06321
0.03866 -0.0607800
0.034550 -0.05813
0.03042 -0.05518
0.02626 -0.05185
0.02207 -0.04807
0.01787 -0.0438
0.01381 -0.039170
0.01004 -0.03433
0.00674 -0.02945
0.00408 -0.02469
0.0022 -0.02022
0.00088 -0.01256
0.00146 -0.009580
0.00287 -0.00731
0.00509 -0.00581
0.00799 -0.004990
0.0114 -0.004720
0.01515 -0.00487
0.01908 -0.0053
0.02305 -0.00591
0.02703 -0.00666
0.03101 -0.00755
0.03501 -0.008580
0.03902 -0.00972
0.04303 -0.01098
0.04705 -0.01234
0.05108 -0.013780
0.05511 -0.0153
0.05914 -0.01687
0.06318 -0.01849
0.06722 -0.02013
0.07126 -0.0218
0.0753 -0.02347
0.07935 -0.02514
0.08339 -0.02679
0.08743 -0.02843
0.09146 -0.03004
0.0955 -0.03162
0.09953 -0.03317
0.10357 -0.034690
0.107590 -0.03617
0.11162 -0.03761
0.11564 -0.0390200
0.11966 -0.04037
0.12368 -0.04169
0.1277 -0.04296
0.13171 -0.04419
0.13571 -0.04536
0.13972 -0.04649
0.14372 -0.047580
0.147720 -0.04861
0.151710 -0.04959
0.1557 -0.05052
0.15969 -0.051390
0.16367 -0.05221
0.16765 -0.052980
0.17162 -0.05368
0.175590 -0.05433
0.17956 -0.05492
0.18352 -0.05544
0.187480 -0.05591
0.19143 -0.05632
0.19538 -0.05668
0.19933 -0.057
0.20328 -0.05727
0.2072200 -0.05749
0.21115 -0.05766
0.21509 -0.05777
0.21901 -0.05781
0.222940 -0.05778
0.22686 -0.05767
0.23077 -0.05749
0.23468 -0.05724
0.23858 -0.056920
0.24248 -0.05653
0.24637 -0.05606
0.25026 -0.05553
0.25414 -0.05492
0.25802 -0.05423
0.26189 -0.05347
0.26575 -0.05262
0.269610 -0.05169
0.27347 -0.05067
0.27732 -0.04957
0.28116 -0.04838
0.284990 -0.04711
0.28882 -0.04573
0.292650 -0.044260
0.29646 -0.04268
0.30027 -0.041
0.30407 -0.03922
0.3078600 -0.03734
0.31165 -0.03537
0.315430 -0.03332
0.31921 -0.031190
0.32298 -0.02899
0.32675 -0.0267
0.330510 -0.02434
0.33426 -0.02191
0.33801 -0.0194
0.34175 -0.01680
0.34549 -0.01409
0.34922 -0.01124
0.35293 -0.00825
0.35661 -0.00511
0.36013 -0.00197
0.36336 0.00099
0.36613 0.00359
0.36831 0.00567
0.36979 0.00707
0.37053 0.00768
-Inserting Flap Ga2-
0.52056 0.090620
0.520430 0.0902
0.52015 0.089370
0.51973 0.08815
0.51919 0.08661
0.51854 0.08486
0.517820 0.0830
0.517020 0.08113
0.51618 0.07933
0.5153 0.0776
0.51439 0.07594
0.51345 0.07434
0.51249 0.07278
0.5115 0.07126
0.51051 0.06977
0.50949 0.0683
0.50847 0.06687
0.507430 0.06546
0.50638 0.06408
0.505310 0.06271
0.50423 0.06138
0.50315 0.06006
0.5020500 0.05877
0.50094 0.05749
0.49982 0.05623
0.4987 0.055
0.49755 0.05379
0.4964 0.0526
0.49524 0.05143
0.49406 0.05029
0.49288 0.04916
0.49169 0.04805
0.49049 0.04695
0.48929 0.04586
0.488080 0.04478
0.486870 0.04372
0.485640 0.04266
0.48441 0.04163
0.48317 0.04061
0.48193 0.039610
0.48067 0.03863
0.4794 0.03766
0.47813 0.03672
0.47685 0.03578
0.47556 0.03486
0.47426 0.03396
0.47295 0.03307
0.47164 0.03219
0.47032 0.03133
0.469 0.03048
0.46767 0.02964
0.46633 0.02882
0.46498 0.02802
0.46362 0.02723
0.46226 0.02646
0.46089 0.0257
0.45950 0.02497
0.45811 0.02425
0.45671 0.02354
0.455310 0.02285
0.45389 0.02219
0.45246 0.02153
0.45103 0.0209
0.449580 0.02029
0.44813 0.019690
0.44667 0.019110
0.4452 0.01854
0.44372 0.01799
0.44224 0.01745
0.44075 0.01692
0.43925 0.01642
0.43774 0.01594
0.43621 0.01549
0.43466 0.015070
0.4331 0.01468
0.43153 0.01433
0.42993 0.014
0.42832 0.01371
0.4267 0.01345
0.425050 0.01323
0.42339 0.01305
0.4217 0.01292
0.41998 0.01284
0.41823 0.01282
0.41645 0.01286
0.41465 0.01295
0.41282 0.01309
0.41096 0.01329
0.40907 0.01355
0.40714 0.01388
0.40516 0.01432
0.40311 0.0149
0.40098 0.01563
0.39876 0.01655
0.39654 0.01762
0.3944 0.01882
0.39242 0.0201
0.3907 0.02143
0.38931 0.02278
0.38762 0.0254
0.38737 0.02659
0.38753 0.02764
0.38812 0.02854
0.38906 0.0293
0.39027 0.02993
0.39167 0.03046
0.39319 0.03092
0.39475 0.03131
0.39633 0.03166
0.39794 0.03195
0.39957 0.0322
0.40122 0.03240
0.402890 0.03257
0.40459 0.0327
0.4063 0.03279
0.40802 0.03287
0.40975 0.03292
0.41149 0.03295
0.41323 0.03298
0.414980 0.033
0.41673 0.03301
0.41848 0.03303
0.42023 0.03305
0.42197 0.03308
0.42371 0.03312
0.42544 0.03317
0.42717 0.03323
0.42889 0.0333
0.430610 0.03338
0.43231 0.03348
0.43401 0.03359
0.435710 0.03372
0.43739 0.033870
0.43907 0.03403
0.44074 0.0342
0.4424 0.03439
0.44405 0.0346
0.44569 0.03483
0.44732 0.03508
0.44895 0.03534
0.45056 0.03562
0.45216 0.035920
0.45376 0.03624
0.45534 0.03658
0.45692 0.03694
0.45848 0.03733
0.46003 0.03773
0.461570 0.03816
0.4631 0.0386
0.46462 0.03907
0.46613 0.03955
0.46764 0.04005
0.46913 0.0405700
0.47062 0.0411
0.47209 0.04166
0.47356 0.04223
0.47501 0.04283
0.47645 0.04346
0.47788 0.04411
0.47929 0.044790
0.48069 0.045490
0.48208 0.04622
0.48345 0.04697
0.48481 0.04775
0.486160 0.04855
0.48749 0.04938
0.48881 0.05024
0.49012 0.051130
0.49141 0.05205
0.49269 0.05299
0.49395 0.05397
0.49519 0.05498
0.49642 0.05601
0.49763 0.05708
0.49883 0.05819
0.50001 0.05933
0.50116 0.06051
0.5023 0.06172
0.50342 0.06297
0.50453 0.06425
0.50561 0.06557
0.50669 0.06692
0.50774 0.06829
0.50879 0.06969
0.50982 0.07112
0.51083 0.07258
0.51184 0.07406
0.51282 0.07557
0.5138 0.07711
0.51475 0.0787
0.51567 0.08033
0.51657 0.08201
0.51744 0.08374
0.51825 0.08545
0.51897 0.08704
0.51958 0.0884300
0.52006 0.08954
0.52039 0.09028
0.52056 0.090620
-Inserting Flap Ga2-
0.614410 0.23187
0.61446 0.23143
0.61455 0.23056
0.61468 0.22927
0.614830 0.22765
0.61497 0.22579
0.61509 0.22379
0.615150 0.22176
0.615140 0.21977
0.61506 0.21784
0.61492 0.21595
0.61473 0.2141
0.61451 0.21228
0.61425 0.21049
0.61397 0.20872
0.61366 0.20697
0.61333 0.205230
0.61297 0.20352
0.61259 0.20182
0.61219 0.20014
0.61177 0.19848
0.61133 0.19683
0.61088 0.19519
0.6104 0.19357
0.60991 0.19196
0.6094 0.19037
0.60887 0.18879
0.60832 0.18723
0.60775 0.18568
0.60715 0.18415
0.60655 0.18264
0.60593 0.18113
0.6053 0.17963
0.60466 0.17814
0.60402 0.17665
0.60336 0.17518
0.60269 0.17371
0.6020 0.17226
0.6013 0.17081
0.60058 0.16938
0.59985 0.16797
0.5991 0.16656
0.59834 0.16517
0.59756 0.163790
0.59677 0.16241
0.595970 0.16105
0.59516 0.1597
0.59433 0.15835
0.593490 0.15702
0.59265 0.15569
0.59178 0.15438
0.59091 0.15307
0.59002 0.15178
0.58912 0.1505
0.5882 0.14923
0.587270 0.14797
0.58632 0.14672
0.58535 0.14548
0.58438 0.14426
0.58338 0.14305
0.58238 0.14185
0.58135 0.140660000
0.58031 0.13949
0.57926 0.138330
0.57818 0.13718
0.5771 0.136040
0.576 0.13491
0.57489 0.133790
0.57377 0.13268
0.57263 0.13158
0.57148 0.1305
0.5703 0.12943
0.5691 0.12838
0.56787 0.127360
0.56662 0.126350
0.56533 0.12537
0.56402 0.12442
0.56268 0.123480
0.561310 0.12256
0.55991 0.12168
0.55847 0.120820
0.55699 0.119990
0.55546 0.11920
0.553880 0.11846
0.55225 0.11775
0.55057 0.11708
0.54885 0.11645
0.54707 0.11585
0.54525 0.11529
0.54336 0.11479
0.54137 0.11437
0.53927 0.11403
0.53702 0.11381
0.53463 0.11372
0.53216 0.11377
0.52972 0.11396
0.52739 0.1143
0.52526 0.114790
0.52343 0.11544
0.52081 0.11711
0.52009 0.11809
0.5198 0.11911
0.51995 0.12018
0.52049 0.12125
0.52133 0.12234
0.52238 0.12341
0.52357 0.12445
0.524820 0.12546
0.52611 0.12643
0.52745 0.12737
0.52883 0.12828
0.53025 0.12915
0.5317 0.13
0.53319 0.13082
0.5347 0.131630
0.53623 0.13241
0.53778 0.13318
0.53935 0.13394
0.54092 0.13469
0.5425 0.13544
0.54409 0.13618
0.545670 0.13693
0.54725 0.13768
0.54882 0.13843
0.55038 0.13919
0.55194 0.13996
0.55348 0.140730
0.55502 0.14151
0.55654 0.14231
0.55805 0.14311
0.55955 0.14392
0.56104 0.144740
0.56251 0.14558
0.56396 0.14642
0.56541 0.14728
0.56684 0.148150
0.56825 0.14903
0.56965 0.14992
0.57103 0.15082
0.57239 0.15174
0.57374 0.15267
0.57508 0.15361
0.57639 0.15457
0.577690 0.15554
0.57897 0.15652
0.58023 0.15752
0.58147 0.15854
0.58269 0.15957
0.5839 0.16061
0.58508 0.16167
0.58626 0.16274
0.58741 0.16382
0.58856 0.16492
0.58968 0.16602
0.59079 0.16714
0.59189 0.16827
0.59295 0.16943
0.594 0.17059
0.59503 0.17178
0.59603 0.17299
0.5970 0.17421
0.59796 0.17545
0.5989 0.17671
0.59981 0.17798
0.6007 0.17928
0.60156 0.18059
0.6024 0.18192
0.60322 0.18327
0.60401 0.184640
0.60478 0.18604
0.60551 0.18745
0.606220 0.18888
0.60691 0.19034
0.60756 0.19182
0.60819 0.19332
0.60878 0.19485
0.60934 0.1964
0.60987 0.19798
0.61037 0.199580
0.61084 0.20121
0.61128 0.20286
0.61169 0.20453
0.61207 0.20622
0.61244 0.20793
0.612780 0.20966
0.61309 0.21141
0.61338 0.21317
0.61365 0.21496
0.61389 0.21677
0.6141 0.2186
0.61426 0.22047
0.61437 0.22238
0.61444 0.22431
0.61446 0.2262
0.61445 0.22794
0.61443 0.22947
0.6144 0.23067
0.61438 0.23148
0.614410 0.23187
*.*.Setup: Ga2.txt as Flap 1, Inverted: y, Scale = 1.0, AoA = 4.0, Reposition from (0,0) = (0, 0)*.*.
*.*.Setup: Ga2.txt as Flap 2, Inverted: y, Scale = 0.4, AoA = 27.0, Reposition from previous T.E. = (0.04, 0.06), Reposition from (0,0) = (1.041, 0.0807)*.*.
*.*.Setup: Ga2.txt as Flap 3, Inverted: y, Scale = 0.4, AoA = 51.666666666666664, Reposition from previous T.E. = (-0.01, 0.08), Reposition from (0,0) = (1.3963, 0.3248)*.*.
*.*.Setup: Scale Ratio = 0.37016*.*.