0.35641 0.03746
0.354320 0.03538
0.35127 0.03234
0.3477 0.02935
0.34338 0.02646
0.338120 0.023490
0.33178 0.0203
0.3243 0.01688
0.315770 0.01328
0.306420 0.00958
0.29652 0.00588
0.28629 0.00224
0.275890 -0.001280
0.26542 -0.00465
0.25492 -0.00785
0.2444 -0.010860
0.23382 -0.01368
0.22314 -0.01634
0.212300 -0.01885
0.20126 -0.02125
0.18997 -0.02357
0.17846 -0.02584
0.16677 -0.02808
0.15501 -0.03030
0.14334 -0.03246
0.13193 -0.03453
0.12096 -0.03642
0.11061 -0.03805
0.101 -0.03933
0.09208 -0.0402
0.08372 -0.04063
0.0758 -0.04061
0.06824 -0.04016
0.06098 -0.03927
0.054 -0.03796
0.04729 -0.03624
0.040880 -0.03414
0.03481 -0.03169
0.02916 -0.02899
0.02403 -0.02616
0.01952 -0.023320
0.01567 -0.02059
0.01244 -0.01803
0.00977 -0.01565
0.00758 -0.01344
0.005770 -0.01138
0.00429 -0.009470
0.00308 -0.00769
0.0021 -0.00602
0.00132 -0.004450
0.00072 -0.00296
0.00029 -0.00155
0.000055 -0.00022
-6e-05 0.00108
0.00013 0.00237
0.00074 0.00354
0.00179 0.00444
0.003140 0.00509
0.00471 0.005590
0.00652 0.006
0.0086 0.00636
0.01105 0.00669
0.01396 0.007
0.01752 0.0073
0.02196 0.007590
0.0276 0.00785
0.03471 0.00807
0.04325 0.00820
0.05285 0.00815
0.06317 0.00787
0.07414 0.00738
0.08567 0.00675
0.09756 0.00605
0.10962 0.00532
0.12165 0.0046
0.133540 0.00393
0.14524 0.00334
0.156760 0.00286
0.16808 0.0025
0.17922 0.0023
0.19020 0.00227
0.20104 0.00243
0.21175 0.00279
0.22235 0.00337
0.23285 0.00417
0.24327 0.0052
0.25361 0.00647
0.26389 0.00797
0.27408 0.00972
0.28418 0.0117
0.29415 0.01390
0.30389 0.01631
0.31326 0.01889
0.32205 0.02158
0.33002 0.02429
0.3370 0.02697
0.34295 0.02958
0.34796 0.03211
0.35215 0.034560
0.35641 0.03746
-Inserting Flap s1223rtl-
0.51876 0.14497
0.51823 0.14359
0.51745 0.14159
0.51643 0.1395
0.51504 0.1373
0.51325 0.13487
0.511 0.13213
0.50828 0.12904
0.50511 0.12566
0.5016 0.12207
0.49783 0.11837
0.49389 0.11462
0.48986 0.1109
0.48576 0.10723
0.48162 0.103640
0.47742 0.10012
0.47316 0.09668
0.46883 0.09329
0.46439 0.08994
0.45983 0.0866
0.45515 0.08325
0.45035 0.07987
0.44546 0.07647
0.44055 0.07307
0.43566 0.0697
0.43086 0.06644
0.42624 0.06335
0.42184 0.0605
0.41771 0.05795
0.41382 0.05574
0.410080 0.05385
0.40646 0.052240
0.402920 0.05091
0.39942 0.04984
0.39596 0.04902
0.39255 0.04844
0.38919 0.0481
0.38592 0.04798
0.38279 0.048070
0.37988 0.04832
0.37724 0.0487
0.37492 0.04916
0.37293 0.04967
0.37122 0.05022
0.36977 0.05078
0.36853 0.05135
0.367470 0.05193
0.36655 0.05249
0.36576 0.053060
0.36509 0.05362
0.36451 0.05417
0.36403 0.05473
0.36363 0.05528
0.36333 0.05586
0.36315 0.05649
0.3632 0.05714
0.3635 0.05777
0.36398 0.05834
0.36459 0.05889
0.36534 0.05944
0.366220 0.06003
0.36726 0.06068
0.36853 0.06142
0.3701 0.06228
0.37207 0.06331
0.37459 0.06458
0.37779 0.06612
0.38167 0.067920
0.38606 0.06985
0.39083 0.07182
0.39594 0.07383
0.40134 0.07589
0.40691 0.07798
0.41257 0.0801
0.41821 0.082220
0.42377 0.08433
0.42924 0.086440
0.4346 0.08856
0.43984 0.0907
0.44498 0.092880
0.45 0.0951
0.45491 0.097370
0.45973 0.09972
0.464460 0.10214
0.469090 0.10464
0.47364 0.107230
0.47811 0.10991
0.48249 0.11269
0.4868 0.11556
0.49101 0.11852
0.49511 0.12155
0.49907 0.12463
0.50283 0.12771
0.50629 0.13073
0.50938 0.13359
0.51203 0.13623
0.51422 0.13863
0.51599 0.14081
0.5174 0.14278
0.51876 0.14497
-Inserting Flap s1223rtl-
0.65263 0.29497
0.65247 0.2935
0.65225 0.29136
0.6518 0.28908
0.65103 0.2866
0.64992 0.28379
0.64846 0.28055
0.64663 0.27687
0.64445 0.27279
0.64198 0.26841
0.63930 0.26386
0.636470 0.25922
0.63353 0.25458
0.63053 0.24998
0.627450 0.24543
0.62431 0.24095
0.62109 0.23653
0.61777 0.23213
0.61435 0.22774
0.61082 0.22334
0.60716 0.21889
0.6034 0.21438
0.59956 0.20983
0.59569 0.20527
0.59184 0.20076
0.58806 0.19637
0.58439 0.19218
0.58088 0.18829
0.57755 0.18477
0.57436 0.18162
0.57124 0.17882
0.56816 0.17634
0.56508 0.17413
0.56198 0.17219
0.55885 0.17051
0.5557 0.16906
0.55255 0.16786
0.54942 0.1669
0.54638 0.16618
0.5435 0.165670
0.54085 0.16535
0.53849 0.1652
0.53643 0.16518
0.53465 0.16526
0.5331 0.16543
0.531750 0.16566
0.53058 0.16594
0.52954 0.1662500
0.52864 0.16659
0.527840 0.16695
0.52714 0.16734
0.52653 0.16775
0.526 0.16819
0.52556 0.16867
0.52523 0.16923
0.5251 0.16987
0.52523 0.17056
0.525550 0.17123
0.526 0.17192
0.52657 0.17265
0.52727 0.17344
0.52811 0.17434
0.52915 0.17538
0.53044 0.17662
0.53207 0.17813
0.53418 0.18
0.53688 0.18232
0.54015 0.18506
0.5439 0.18806
0.5480 0.1912
0.55241 0.19447
0.55709 0.19785
0.56193 0.20132
0.56685 0.20483
0.57175 0.20833
0.576580 0.21181
0.58131 0.21527
0.58594 0.21870
0.59045 0.22213
0.59485 0.22555
0.59912 0.2290
0.60328 0.232470
0.60733 0.23598
0.61127 0.23954
0.61509 0.24316
0.61882 0.24684
0.62244 0.25058
0.62596 0.2544
0.62937 0.25829
0.63267 0.262230
0.63585 0.26622
0.63888 0.27023
0.64171 0.274180
0.64428 0.27799
0.64652 0.28155
0.64839 0.28478
0.64988 0.28767
0.65103 0.29024
0.65189 0.29251
0.65263 0.29497
*.*.Setup: s1223rtl.txt as Flap 1, Inverted: y, Scale = 1.0, AoA = 6.0, Reposition from (0,0) = (0, 0)*.*.
*.*.Setup: s1223rtl.txt as Flap 2, Inverted: y, Scale = 0.5, AoA = 30.0, Reposition from previous T.E. = (0.02, 0.05), Reposition from (0,0) = (1.0145, 0.1545)*.*.
*.*.Setup: s1223rtl.txt as Flap 3, Inverted: y, Scale = 0.5, AoA = 45.0, Reposition from previous T.E. = (0.02, 0.065), Reposition from (0,0) = (1.4675, 0.4695)*.*.
*.*.Setup: Scale Ratio = 0.35837*.*.