0.34809 0.05513
0.34614 0.052980
0.34331 0.04984
0.33995 0.04672
0.33586 0.04366
0.33085 0.04047
0.32479 0.03702
0.31761 0.03327
0.30942 0.029290
0.30044 0.02518
0.2909 0.02104
0.28104 0.01693
0.27101 0.01294
0.2609 0.00909
0.25076 0.00541
0.24058 0.00192
0.23033 -0.0014
0.21998 -0.00456
0.20946 -0.00759
0.19874 -0.01051
0.18778 -0.01337
0.17659 -0.01619
0.16522 -0.01899
0.15379 -0.02178
0.14244 -0.0245
0.13135 -0.02712
0.12067 -0.029540
0.11059 -0.03167
0.10122 -0.03343
0.0925 -0.03474
0.08431 -0.03559
0.07653 -0.03598
0.06908 -0.03593
0.06191 -0.035430
0.05498 -0.0345
0.04831 -0.03316
0.0419 -0.03142
0.03581 -0.02933
0.03013 -0.02697
0.02495 -0.02445
0.02037 -0.021890
0.016440 -0.01941
0.01314 -0.01707
0.01040 -0.01487
0.00813 -0.01281
0.006260 -0.010880
0.0047 -0.00908
0.00342 -0.00739
0.00237 -0.0058
0.00152 -0.004300
0.00086 -0.00287
0.00036 -0.001510
0.000086 -0.00021
-0.00012 0.00106000
0.000005 0.00233
0.00055 0.003510
0.00153 0.00445
0.00282 0.00516
0.00434 0.00573
0.00609 0.006220
0.00812 0.00668
0.0105 0.00714
0.01335 0.0076
0.01683 0.00807
0.02118 0.00858
0.0267 0.00913
0.03367 0.00971
0.04206 0.01028
0.05148 0.01072
0.061640 0.01098
0.072440 0.01107
0.08378 0.01104
0.09550 0.01096
0.10738 0.01087
0.11923 0.01078
0.13094 0.01074
0.142470 0.01076
0.1538 0.01087
0.16494 0.011110
0.175890 0.01148
0.18668 0.01202
0.19731 0.01273
0.20781 0.01364
0.2181900 0.01475
0.22846 0.01608
0.23864 0.01763
0.24873 0.01941
0.258740 0.02141
0.26867 0.02365
0.27849 0.02611
0.28816 0.02879
0.2976 0.03166
0.30667 0.03467
0.31516 0.03776
0.32285 0.04084
0.32957 0.04383
0.33528 0.0467
0.34007 0.04945
0.34406 0.05207
0.34809 0.05513
-Inserting Flap s1223rtl-
0.51484 0.16485
0.51421 0.16354
0.51327 0.16164
0.51209 0.15968
0.51055 0.15765
0.50858 0.15542
0.50614 0.15293
0.50321 0.15014
0.49982 0.1471
0.49607 0.14388
0.49206 0.140580
0.48788 0.13725
0.48361 0.13394
0.47928 0.1307
0.47491 0.12754
0.4705 0.12445
0.46604 0.12145
0.4615 0.1185
0.45686 0.1156
0.45211 0.11271
0.44723 0.10983
0.442240 0.10693
0.43717 0.10402
0.43206 0.1011
0.42698 0.09823
0.42201 0.09544
0.41721 0.092810
0.41266 0.09039
0.40839 0.08826
0.40439 0.086430
0.400570 0.08489
0.39688 0.083630
0.3933 0.08263
0.38978 0.08188
0.38632 0.08137
0.38293 0.0811
0.37961 0.081050
0.3764 0.08121
0.37334 0.08156
0.3705 0.08206
0.36795 0.08266
0.36572 0.08331
0.36381 0.0839800
0.36219 0.08466
0.36081 0.08534
0.35965 0.08601
0.35865 0.086660
0.3578 0.08729
0.35708 0.08791
0.35647 0.08852
0.35595 0.08911
0.35552 0.0897
0.35518 0.090280
0.35494 0.090870
0.35482 0.0915
0.35492 0.09214
0.35526 0.09273
0.35578 0.09324
0.35644 0.09373
0.35721 0.09421
0.358120 0.09471
0.3592 0.09525
0.36051 0.09587
0.36212 0.09658
0.36414 0.09742
0.36672 0.09844
0.36999 0.09968
0.37394 0.10111
0.37841 0.10262
0.38325 0.10415
0.38843 0.105680
0.39389 0.10723
0.39953 0.108810
0.40525 0.1104
0.41096 0.11199
0.416590 0.11358
0.42213 0.11518
0.42756 0.1168
0.43288 0.11844
0.4381 0.12013
0.443210 0.12188
0.44822 0.12369
0.45314 0.12557
0.45798 0.127540
0.46273 0.12959
0.46741 0.13174
0.472010 0.13398
0.47655 0.13633
0.48101 0.138770
0.48539 0.14131
0.48967 0.14393
0.49381 0.14661
0.49776 0.14931
0.50141 0.15196
0.504680 0.1545
0.5075 0.156860
0.50985 0.159030
0.51177 0.16101
0.51333 0.16282
0.51484 0.16485
-Inserting Flap s1223rtl-
0.65353 0.29962
0.65329 0.29818
0.65295 0.296090
0.65237 0.29388
0.65148 0.29149
0.65023 0.288790
0.64861 0.2857
0.6466 0.28219
0.644230 0.2783
0.64155 0.274150
0.63866 0.26983
0.63562 0.26544
0.6324700 0.26105
0.62926 0.2567
0.62598 0.25242
0.62264 0.2482
0.61922 0.24404
0.615720 0.23992
0.61211 0.2358
0.60838 0.23168
0.60454 0.227520
0.60059 0.22331
0.59656 0.219060
0.5925 0.21481
0.58846 0.2106
0.5845 0.2065
0.58066 0.2026
0.57699 0.19898
0.57352 0.19571
0.57020 0.19281
0.56699 0.19024
0.56382 0.18798
0.56067 0.18599
0.55751 0.18426
0.55435 0.18279
0.55117 0.18155
0.54801 0.18055
0.54488 0.17979
0.54185 0.17925
0.53899 0.17891
0.53638 0.17875
0.53405 0.17874
0.53203 0.17883
0.53028 0.17902
0.52877 0.17927
0.52746 0.17958
0.52632 0.1799200
0.52533 0.18028
0.524460 0.18067
0.5237 0.18107
0.52303 0.18149
0.522450 0.18193
0.521960 0.18239
0.52156 0.18288
0.52127 0.18345
0.52118 0.18409
0.52134 0.18476
0.521690 0.1854
0.52217 0.186050
0.52278 0.18673
0.52351 0.18747
0.52439 0.188310
0.52546 0.18927
0.5268 0.19041
0.52849 0.1918
0.53067 0.19352
0.53345 0.19564
0.53682 0.19814
0.54067 0.20088
0.54487 0.203730
0.5494 0.20667
0.55418 0.20973
0.55913 0.21286
0.56416 0.21602
0.56917 0.21918
0.57411 0.22233
0.57896 0.22544
0.5837 0.2285500
0.58832 0.23165
0.592830 0.23477
0.597220 0.23791
0.60151 0.24108
0.60568 0.24429
0.60975 0.24756
0.61372 0.25089
0.61758 0.254290
0.62135 0.25776
0.62502 0.26131
0.6286 0.26493
0.63206 0.26862
0.63541 0.27235
0.63861 0.27611
0.641620 0.279830
0.64436 0.28342
0.64676 0.28679
0.64878 0.28986
0.65042 0.29261
0.651690 0.295060
0.65266 0.29724
0.65353 0.29962
*.*.Setup: s1223rtl.txt as Flap 1, Inverted: y, Scale = 1.0, AoA = 9.0, Reposition from (0,0) = (0, 0)*.*.
*.*.Setup: s1223rtl.txt as Flap 2, Inverted: y, Scale = 0.5, AoA = 25.0, Reposition from previous T.E. = (0.02, 0.1), Reposition from (0,0) = (1.0077, 0.2564)*.*.
*.*.Setup: s1223rtl.txt as Flap 3, Inverted: y, Scale = 0.5, AoA = 41.666666666666664, Reposition from previous T.E. = (0.02, 0.05), Reposition from (0,0) = (1.4808, 0.5177)*.*.
*.*.Setup: Scale Ratio = 0.35243*.*.