0.36194 -0.03048
0.36115 -0.031220
0.35956 -0.03266
0.357210 -0.03479
0.35423 -0.03744
0.350770 -0.04042
0.347 -0.04354
0.34308 -0.04662
0.33914 -0.049480
0.3352 -0.05213
0.33128 -0.0546
0.32736 -0.056910
0.32344 -0.059110
0.31953 -0.06121
0.31562 -0.06322
0.31171 -0.06516
0.3078 -0.06701
0.3039 -0.0688
0.3 -0.07051
0.2961 -0.07216
0.29221 -0.07375
0.28832 -0.07528
0.28442 -0.07676
0.28053 -0.07817
0.27665 -0.07954
0.27276 -0.08084
0.26888 -0.08208
0.265 -0.08326
0.26112 -0.08438
0.25724 -0.08543
0.25337 -0.08644
0.24949 -0.0874
0.24562 -0.08834
0.24175 -0.08925
0.23788 -0.09013
0.23401 -0.09097
0.23014 -0.09177
0.22627 -0.09253
0.22241 -0.09324
0.21855 -0.0939
0.21468 -0.09451
0.21082 -0.09507
0.20697 -0.09559
0.20311 -0.09607
0.19925 -0.0965
0.1954 -0.09690
0.191550 -0.09725
0.1877 -0.09758
0.18385 -0.09786
0.18 -0.09811
0.17615 -0.09832
0.17231 -0.09849
0.16846 -0.09861
0.16462 -0.098690
0.16078 -0.09872
0.15694 -0.09871
0.1531 -0.09864
0.14926 -0.09854
0.14543 -0.09838
0.1416 -0.09818
0.13776 -0.09794
0.13393 -0.09764
0.13011 -0.09729
0.12628 -0.09689
0.12246 -0.09644
0.11863 -0.09595
0.11481 -0.09542
0.11099 -0.09486
0.10717 -0.0942500
0.10336 -0.0936
0.09954 -0.0929
0.09573 -0.09213
0.09192 -0.09128
0.08811 -0.09035
0.0843 -0.08932
0.0805 -0.08821
0.07671 -0.087010
0.07291 -0.08572
0.06912 -0.08435
0.06533 -0.08287
0.06155 -0.081280
0.05777 -0.07955
0.05399 -0.07768
0.05022 -0.07565
0.046460 -0.07346
0.0427 -0.07112
0.03895 -0.06863
0.0352 -0.06599
0.03146 -0.0632
0.02772 -0.0602
0.024 -0.05690
0.02029 -0.05323
0.01659 -0.04912
0.01293 -0.04453
0.00945 -0.039590
0.00627 -0.03449
0.00356 -0.02939
0.00145 -0.02449
7e-05 -0.01993
-0.00043 -0.012330
0.00044 -0.00949
0.00205 -0.00742
0.00437 -0.00618
0.00728 -0.00568
0.01063 -0.00577
0.01427 -0.0063
0.01806 -0.00712
0.02186 -0.008120
0.02566 -0.00926
0.02946 -0.01054
0.03325 -0.01195
0.03703 -0.01347
0.04082 -0.01511
0.0446 -0.01685
0.04837 -0.01867
0.05215 -0.020560
0.05592 -0.0225
0.05969 -0.02449
0.06346 -0.02651
0.06723 -0.02855
0.071 -0.03059
0.07476 -0.032630
0.07853 -0.03466
0.0823 -0.03666
0.08607 -0.03865
0.08985 -0.0406
0.09362 -0.04253
0.09739 -0.04442
0.10117 -0.04628
0.10494 -0.0481
0.10872 -0.04988
0.1125 -0.05161
0.11628 -0.05331
0.12007 -0.05496
0.12385 -0.05656
0.12763 -0.05812
0.13142 -0.05963
0.13521 -0.06110
0.139 -0.06251
0.14279 -0.06388
0.14659 -0.06519
0.15038 -0.06645
0.15418 -0.06766
0.15798 -0.06881
0.16178 -0.06991
0.16559 -0.07094
0.169390 -0.07192
0.1732 -0.07284
0.17701 -0.0737
0.18082 -0.074510
0.18464 -0.07526
0.18845 -0.07598
0.19227 -0.07665
0.19609 -0.07727
0.19991 -0.07784
0.20373 -0.07834
0.20755 -0.07878
0.21138 -0.07915
0.21521 -0.07945
0.21904 -0.079680
0.22288 -0.07983
0.22671 -0.07992
0.23055 -0.079940
0.23439 -0.0798900
0.238240 -0.07976
0.24209 -0.079570
0.24594 -0.07929
0.24979 -0.07894
0.25364 -0.07851
0.2575 -0.078
0.26136 -0.07741
0.26522 -0.07673
0.26909 -0.07596
0.27296 -0.07511
0.27683 -0.07416
0.28071 -0.07312
0.28459 -0.07197
0.28847 -0.07072
0.29236 -0.06938
0.2962500 -0.06794
0.30015 -0.06641
0.30404 -0.0648
0.30794 -0.06311
0.31184 -0.06134
0.31575 -0.0595
0.31965 -0.05759
0.323560 -0.0556
0.32747 -0.05354
0.33139 -0.05139
0.33531 -0.04913
0.33923 -0.04673
0.34316 -0.04419
0.34707 -0.04151
0.35082 -0.03882
0.35427 -0.03626
0.35724 -0.03401
0.35958 -0.03221
0.36116 -0.03099
0.36194 -0.03048
-Inserting Flap Ga2-
0.47911 0.062140
0.47902 0.061720
0.47881 0.06088
0.47851 0.05965
0.478110 0.058110
0.47763 0.05634
0.47708 0.05447
0.47647 0.05257
0.4758 0.05074
0.47509 0.048980
0.47434 0.04728
0.47356 0.0456400
0.47275 0.04403
0.471920 0.04246
0.47107 0.04092
0.47021 0.03941
0.46933 0.03792
0.46844 0.03645
0.46753 0.03501
0.4666 0.03359
0.46567 0.03219
0.46472 0.03081
0.46376 0.02946
0.46278 0.02812
0.4618 0.02679
0.4608 0.02549
0.45979 0.02421
0.45877 0.02295
0.45773 0.02172
0.456680 0.0205
0.45562 0.0193
0.45456 0.01811
0.45348 0.01694
0.45240 0.01577
0.45131 0.01461
0.45022 0.01347
0.44912 0.01233
0.4480 0.01122
0.44688 0.010120
0.44575 0.00904
0.4446 0.00797
0.44345 0.00692
0.44228 0.00588
0.44111 0.00486
0.43993 0.00386
0.43874 0.00286
0.43754 0.00188
0.43634 0.00092
0.43513 -4e-05
0.43391 -0.00098
0.43268 -0.00191
0.43144 -0.00283
0.43019 -0.00373
0.42893 -0.00462
0.42767 -0.00548
0.42639 -0.00634
0.4251 -0.00718
0.42381 -0.008
0.4225 -0.00881
0.42119 -0.0096
0.41986 -0.010370
0.41852 -0.01113
0.41718 -0.01187
0.41582 -0.01259
0.41445 -0.0133
0.413070 -0.01399
0.41169 -0.01467
0.41029 -0.01534
0.40889 -0.01599
0.40748 -0.01663
0.40606 -0.01725
0.40462 -0.01785
0.40317 -0.01842
0.4017 -0.01896
0.40021 -0.01947
0.3987 -0.01996
0.39717 -0.020410
0.39562 -0.02083
0.39406 -0.02122
0.39247 -0.02158
0.39086 -0.0219
0.38922 -0.02217
0.38755 -0.02239
0.38585 -0.02256
0.38411 -0.02268
0.382340 -0.022740
0.38054 -0.02276
0.3787 -0.02272
0.37684 -0.02263
0.37493 -0.02247
0.37295 -0.02221
0.3709 -0.021830
0.36876 -0.02129
0.36652 -0.02058
0.36426 -0.01973
0.36206 -0.01874
0.36002 -0.01766
0.35823 -0.0165100
0.35675 -0.0153
0.35489 -0.0129
0.35454 -0.01176
0.35461 -0.01071
0.3551 -0.00978
0.35595 -0.00897
0.357080 -0.00825
0.35841 -0.00761
0.35985 -0.00703
0.36134 -0.00651
0.36285 -0.00604
0.3644 -0.00562
0.36597 -0.005240
0.36756 -0.00489
0.36919 -0.00459
0.37083 -0.00432
0.37249 -0.00408
0.374160 -0.003860
0.37585 -0.00367
0.377540 -0.00348
0.37924 -0.00331
0.380950 -0.00314
0.38266 -0.00297
0.38436 -0.00281
0.38606 -0.00264
0.38776 -0.00246
0.38946 -0.00227
0.391150 -0.002080
0.39283 -0.00187
0.3945 -0.00166
0.39617 -0.00143
0.39783 -0.001190
0.39948 -0.00093
0.40112 -0.00066
0.40275 -0.000380
0.40438 -8e-05
0.40599 0.000240
0.4076 0.00057
0.40919 0.00091
0.41077 0.00127
0.41235 0.00165
0.41391 0.00205
0.41546 0.002460
0.417 0.00289
0.41853 0.00334
0.42005 0.00381
0.42156 0.00429
0.42305 0.0048
0.42453 0.00533
0.426 0.00588
0.427450 0.00644
0.4289 0.00703
0.43033 0.00763
0.43176 0.00825
0.43317 0.00888
0.43458 0.009530
0.43597 0.01019
0.43735 0.01088
0.43872 0.01159
0.44007 0.01232
0.44141 0.01308
0.44273 0.01386
0.44404 0.01467
0.44533 0.0155
0.4466 0.01635
0.44787 0.01723
0.44911 0.01813
0.45035 0.019050
0.45156 0.02001
0.45276 0.02098
0.45394 0.02199
0.45511 0.02302
0.45626 0.02408
0.45739 0.02517
0.4585 0.02629
0.45959 0.027440
0.46066 0.02862
0.46171 0.02983
0.46274 0.03108
0.46375 0.03236
0.46474 0.03368
0.46571 0.03503
0.46666 0.0364
0.46759 0.037810
0.4685 0.03924
0.4694 0.0407
0.470280 0.04218
0.47115 0.04369
0.4720 0.04523
0.47284 0.04678
0.47366 0.04837
0.47445 0.05
0.47522 0.05167
0.47595 0.05339
0.47665 0.05516
0.47729 0.05689
0.47786 0.05851
0.478340 0.05992
0.47872 0.06104
0.47897 0.0618
0.47911 0.062140
-Inserting Flap Ga2-
0.60128 0.18148
0.60128 0.18104
0.60127 0.18019
0.60125 0.17892
0.60121 0.17732
0.60114000 0.1755
0.60102 0.17354
0.60085 0.17156
0.60062 0.16962
0.60032 0.16775
0.59997 0.16593
0.59958 0.16415
0.599150 0.1624
0.5987 0.16069
0.59822 0.15899
0.59772 0.15732
0.5972 0.15567
0.59665 0.15404
0.59609 0.152440
0.59551 0.15085
0.59491 0.149270
0.59430 0.14772
0.59367 0.14618
0.59302 0.14465
0.59236 0.14314
0.59168 0.14165
0.59099 0.14018
0.59027 0.13872
0.58954 0.13728
0.58879 0.13586
0.58803 0.1344500
0.58726 0.133050
0.58647 0.13166
0.58568 0.130280
0.58488 0.12891
0.58407 0.12755
0.58325 0.1262
0.58242 0.12486
0.58157 0.12354
0.58071 0.12223
0.57984 0.12093
0.57895 0.11965
0.57805 0.11838
0.57714 0.11712
0.576210 0.11587
0.57528 0.11464
0.57433 0.11341
0.57337 0.1122
0.57241 0.111
0.57143 0.1098
0.57044 0.10862
0.56944 0.10745
0.56843 0.10629
0.5674 0.10514
0.56636 0.10401
0.56531 0.10289
0.56425 0.10179
0.56317 0.10069
0.56208 0.09961
0.56097 0.09855
0.55986 0.09749
0.55872 0.09645
0.557580 0.09543
0.55642 0.09442
0.55524 0.09342
0.55406 0.0924400
0.55286 0.09147
0.55165 0.0905
0.55043 0.08955
0.5492 0.08861
0.54796 0.08769
0.54669 0.08678
0.5454 0.0859
0.54409 0.08504
0.54275 0.0842
0.541390 0.0834
0.54 0.08261
0.53859 0.08185
0.53716 0.08112
0.53569 0.08041
0.53419 0.07974
0.53266 0.079110
0.53108 0.07851
0.52946 0.07796
0.52779 0.07746
0.52608 0.077
0.52433 0.07658
0.52253 0.07620
0.5207 0.075870
0.5188 0.0756
0.51682 0.07541
0.51473 0.075320
0.51252 0.07536
0.51018 0.07555
0.50778 0.07587
0.505420 0.07634
0.50319 0.07693
0.50118 0.07765
0.49948 0.07849
0.49711 0.08042
0.49652 0.08145
0.49635 0.08248
0.49662 0.0835
0.49727 0.08449
0.49821 0.08544
0.49936 0.08637
0.50063 0.08725
0.50196 0.08809
0.50333 0.08889
0.50474 0.08965
0.50619 0.09038
0.50767 0.09107
0.50918 0.091730
0.51072 0.09236
0.51228 0.09297
0.51386 0.093560
0.51546 0.09413
0.51707 0.09469
0.51869 0.09524
0.52031 0.09579
0.52194 0.09633
0.52357 0.09688
0.52519 0.09743
0.5268 0.09798
0.52841 0.09855
0.53001 0.09912
0.53161 0.0996900
0.53319 0.100280
0.53476 0.10088
0.53632 0.10149
0.53787 0.10211
0.53941 0.10274
0.54094 0.10338
0.54246 0.10404
0.54396 0.10471
0.54545 0.10539
0.54692 0.10609
0.54838 0.1068
0.54983 0.107520
0.55127 0.10826
0.552680 0.10901
0.55409 0.10977
0.55548 0.110560
0.55685 0.11135
0.55821 0.112170
0.55955 0.113
0.56088 0.11384
0.56218 0.11471
0.56347 0.11559
0.56475 0.11648
0.56601 0.11739
0.56726 0.11831
0.5685 0.11925
0.56972 0.12019
0.57093 0.121160
0.57212 0.122140
0.57329 0.12313
0.574440 0.12415
0.57558 0.12519
0.57669 0.12625
0.57778 0.12733
0.57885 0.12843
0.5799 0.12955
0.58094 0.13069
0.58195 0.13184
0.58294 0.13302
0.58391 0.134220
0.58486 0.135450
0.58579 0.13669
0.58669 0.13796
0.58757 0.13925
0.58842 0.14057
0.58926 0.14191
0.59006 0.14327
0.59084 0.14466
0.59159 0.14608
0.592320 0.14753
0.59301 0.14901
0.593680 0.15051
0.59432 0.15204
0.59493 0.1536
0.59552 0.15518
0.59609 0.15678
0.59664 0.1584
0.59717 0.16005
0.59767 0.16171
0.59816 0.1634
0.59862 0.1651
0.59906 0.16684
0.59947 0.1686
0.59984 0.1704
0.60017 0.17224
0.60045 0.17412
0.60068 0.17595
0.60088 0.17765
0.60103 0.17914
0.60114 0.18032
0.60121 0.18111
0.60128 0.18148
*.*.Setup: Ga2.txt as Flap 1, Inverted: y, Scale = 1.0, AoA = -2.0, Reposition from (0,0) = (0, 0)*.*.
*.*.Setup: Ga2.txt as Flap 2, Inverted: y, Scale = 0.4, AoA = 32.0, Reposition from previous T.E. = (-0.0267, 0.06), Reposition from (0,0) = (0.971, -0.024)*.*.
*.*.Setup: Ga2.txt as Flap 3, Inverted: y, Scale = 0.4, AoA = 45.0, Reposition from previous T.E. = (0.04, 0.06), Reposition from (0,0) = (1.3606, 0.2313)*.*.
*.*.Setup: Scale Ratio = 0.36279*.*.