0.34975 0.03676
0.347690 0.03471
0.3447 0.03173
0.3412 0.0288
0.33696 0.02597
0.33180 0.023050
0.32558 0.01992
0.31823 0.01657
0.309870 0.01303
0.30070 0.0094
0.29098 0.00577
0.28094 0.0022
0.270730 -0.001260
0.26046 -0.00457
0.25016 -0.0077
0.23983 -0.010650
0.22945 -0.01343
0.21897 -0.01603
0.2083300 -0.0185
0.19749 -0.02085
0.18642 -0.02313
0.17512 -0.02535
0.16365 -0.02755
0.15211 -0.029730
0.14066 -0.03186
0.12947 -0.03388
0.1187 -0.03573
0.10855 -0.03734
0.09911 -0.0386
0.09036 -0.03945
0.08216 -0.03987
0.07439 -0.03985
0.06697 -0.03941
0.05984 -0.03854
0.05299 -0.03725
0.0464 -0.03556
0.040110 -0.0335
0.03416 -0.0311
0.02861 -0.02845
0.02358 -0.02567
0.01916 -0.022880
0.01537 -0.0202
0.01221 -0.01769
0.00959 -0.01536
0.00743 -0.01319
0.005670 -0.01117
0.00421 -0.009290
0.00303 -0.00754
0.00206 -0.00591
0.00129 -0.004360
0.0007 -0.00291
0.00028 -0.00153
0.000055 -0.00021
-6e-05 0.00106
0.00012 0.00232
0.00073 0.00347
0.00176 0.00436
0.003080 0.00499
0.00462 0.005480
0.0064 0.00588
0.00844 0.00624
0.01084 0.00656
0.0137 0.00687
0.01719 0.00717
0.02155 0.007440
0.02709 0.0077
0.03406 0.00792
0.04244 0.008040
0.05186 0.008
0.06199 0.00773
0.07276 0.00724
0.08407 0.00663
0.09574 0.00594
0.10757 0.00522
0.11937 0.00452
0.131040 0.00386
0.14253 0.00328
0.153830 0.0028
0.16494 0.00245
0.17587 0.00225
0.186650 0.00223
0.19728 0.00238
0.20779 0.00274
0.21819 0.00331
0.2285 0.00409
0.23872 0.00511
0.24887 0.00635
0.25895 0.00783
0.26896 0.00954
0.27887 0.01148
0.28865 0.013640
0.29821 0.01601
0.3074 0.01854
0.31603 0.02117
0.32385 0.02383
0.33070 0.02646
0.33654 0.02902
0.34146 0.03151
0.34557 0.033920
0.34975 0.03676
-Inserting Flap s1223rtl-
0.50906 0.15105
0.50854 0.1497
0.50778 0.14773
0.50677 0.14568
0.50541 0.14352
0.50365 0.14114
0.50144 0.13845
0.49877 0.13542
0.49567 0.13211
0.49222 0.12858
0.48852 0.12495
0.48466 0.12127
0.4807 0.11762
0.47668 0.11402
0.47261 0.110490
0.4685 0.10704
0.46432 0.10367
0.46006 0.10034
0.4557 0.09705
0.45123 0.09377
0.44664 0.09048
0.44193 0.08717
0.43714 0.08383
0.43231 0.08049
0.42751 0.07719
0.42281 0.07399
0.41827 0.07095
0.41396 0.06816
0.4099 0.06566
0.40608 0.06349
0.402420 0.06163
0.39886 0.060060
0.395380 0.05875
0.39195 0.0577
0.38856 0.0569
0.38521 0.05633
0.38192 0.05599
0.37871 0.05588
0.37564 0.055960
0.37277 0.05621
0.37018 0.05658
0.36791 0.05703
0.36595 0.05754
0.36428 0.05807
0.36286 0.05862
0.36164 0.05918
0.36060 0.05975
0.3597 0.0603
0.35892 0.060860
0.35826 0.06141
0.35769 0.06195
0.35722 0.0625
0.35683 0.06304
0.35654 0.06361
0.35636 0.06422
0.35641 0.06487
0.3567 0.06548
0.35717 0.06604
0.35778 0.06658
0.35851 0.06712
0.359370 0.0677
0.3604 0.06834
0.36164 0.06906
0.36318 0.06991
0.36511 0.07092
0.36759 0.07216
0.37073 0.07368
0.37453 0.075440
0.37884 0.07734
0.38353 0.07927
0.38854 0.08124
0.39383 0.08326
0.3993 0.08532
0.40485 0.0874
0.41039 0.089480
0.41585 0.09155
0.42122 0.093620
0.42647 0.0957
0.43162 0.0978
0.43666 0.099930
0.44158 0.10211
0.44641 0.104350
0.45114 0.10665
0.455770 0.10902
0.460320 0.11147
0.46478 0.114020
0.46917 0.11665
0.47347 0.11937
0.47769 0.12219
0.48183 0.12509
0.48585 0.12807
0.48974 0.13109
0.49342 0.13412
0.49683 0.13708
0.49986 0.13988
0.50245 0.14248
0.5046 0.14483
0.50634 0.14697
0.50773 0.14891
0.50906 0.15105
-Inserting Flap s1223rtl-
0.66013 0.26949
0.65973 0.2681
0.65914 0.26607
0.65832 0.26394
0.65715 0.261670
0.65561 0.2591500
0.65364 0.25627
0.65124 0.25302
0.64844 0.24945
0.645310 0.24564
0.641940 0.2417
0.63842 0.2377
0.63479 0.23371
0.6311 0.229780
0.62736 0.22591
0.623560 0.22212
0.61969 0.21839
0.61574 0.2147
0.61168 0.21105
0.60751 0.20739
0.603220 0.20371
0.59882 0.2
0.59434 0.19626
0.58982 0.19251
0.585330 0.1888
0.58092 0.1852
0.57667 0.18178
0.57261 0.17862
0.56879 0.17579
0.56517 0.17329
0.56169 0.17112
0.55828 0.16924
0.55493 0.16764
0.5516 0.16629
0.5483 0.165190
0.54501 0.16433
0.54176 0.16371
0.53857 0.16332
0.5355 0.16313
0.53263 0.16313
0.53002 0.16328
0.52771 0.16353
0.52572 0.16386
0.52401 0.16425
0.52254 0.16467
0.521280 0.16513
0.52019 0.16559
0.51925 0.16607
0.518430 0.16655
0.51772 0.16704
0.51711 0.16754
0.51659 0.16804
0.51615 0.16855
0.51581 0.16909
0.51558 0.16968
0.515570 0.17033
0.51581 0.17097
0.51623 0.17157
0.51679 0.17216
0.51746 0.17276
0.51827 0.17341
0.51924 0.17414
0.52042 0.17496
0.52187 0.17594
0.52371 0.17712
0.526070 0.17857
0.52907 0.18036
0.532710 0.18244
0.536830 0.18471
0.54133 0.18704
0.54616 0.18944
0.55125 0.19191
0.55652 0.19444
0.56187 0.197
0.5672 0.19955
0.57246 0.20209
0.57763 0.20462
0.58268 0.20715
0.58763 0.20969
0.592460 0.21226
0.59718 0.214860
0.60179 0.2175
0.6063 0.22021
0.610710 0.222980
0.61503 0.22582
0.61925 0.22874
0.62339 0.23174
0.62744 0.23483
0.6314 0.238
0.63526 0.24126
0.63902 0.24457
0.64262 0.24792
0.64603 0.25126
0.64916 0.2545
0.65194 0.25756
0.65430 0.26037
0.65623 0.26291
0.657780 0.26519
0.65899 0.2672400
0.66013 0.26949
*.*.Setup: s1223rtl.txt as Flap 1, Inverted: y, Scale = 1.0, AoA = 6.0, Reposition from (0,0) = (0, 0)*.*.
*.*.Setup: s1223rtl.txt as Flap 2, Inverted: y, Scale = 0.5, AoA = 30.0, Reposition from previous T.E. = (0.02, 0.075), Reposition from (0,0) = (1.0145, 0.1795)*.*.
*.*.Setup: s1223rtl.txt as Flap 3, Inverted: y, Scale = 0.5, AoA = 35.0, Reposition from previous T.E. = (0.02, 0.05), Reposition from (0,0) = (1.4675, 0.4795)*.*.
*.*.Setup: Scale Ratio = 0.35167*.*.