0.35884 -0.03022
0.35806 -0.030950
0.35648 -0.03238
0.354150 -0.03449
0.35119 -0.03712
0.347760 -0.04007
0.34403 -0.04317
0.34014 -0.04622
0.33623 -0.049060
0.33233 -0.05168
0.32844 -0.05413
0.32455 -0.056430
0.32067 -0.05860
0.31679 -0.06068
0.31291 -0.06268
0.30904 -0.0646
0.30517 -0.06644
0.3013 -0.06821
0.29743 -0.06991
0.29357 -0.07155
0.28971 -0.07312
0.28585 -0.07464
0.28199 -0.0761
0.27813 -0.0775
0.27428 -0.07886
0.27043 -0.08015
0.26658 -0.08138
0.26273 -0.08255
0.25888 -0.08365
0.25504 -0.0847
0.2512 -0.0857
0.24736 -0.08666
0.24352 -0.08758
0.23968 -0.08848
0.23584 -0.08935
0.232 -0.09019
0.22817 -0.09099
0.22434 -0.09174
0.2205 -0.09244
0.21667 -0.09309
0.21285 -0.0937
0.20902 -0.09426
0.20519 -0.09477
0.20137 -0.09524
0.19755 -0.09567
0.19373 -0.096070
0.189910 -0.09642
0.18609 -0.09674
0.18227 -0.09702
0.17846 -0.09727
0.17464 -0.09748
0.17083 -0.09764
0.16702 -0.09777
0.16321 -0.097840
0.1594 -0.09787
0.15559 -0.09786
0.15179 -0.0978
0.14798 -0.09769
0.14418 -0.09754
0.14038 -0.09734
0.13658 -0.0971
0.13279 -0.0968
0.12899 -0.09646
0.1252 -0.09606
0.12141 -0.09562
0.11762 -0.09513
0.11383 -0.09461
0.11004 -0.09404
0.10626 -0.0934500
0.10247 -0.0928
0.09869 -0.09211
0.09491 -0.09134
0.09113 -0.0905
0.08735 -0.08957
0.08358 -0.08856
0.07981 -0.08746
0.07605 -0.086270
0.07229 -0.08499
0.06853 -0.08363
0.06477 -0.08216
0.06102 -0.080580
0.05727 -0.07887
0.05353 -0.07702
0.04979 -0.075
0.046060 -0.07283
0.04233 -0.07051
0.03861 -0.06804
0.0349 -0.06543
0.03119 -0.06266
0.02748 -0.05968
0.02379 -0.056410
0.02011 -0.05278
0.01645 -0.0487
0.01282 -0.04415
0.00937 -0.039250
0.00622 -0.03419
0.00353 -0.02914
0.00144 -0.02428
7e-05 -0.01976
-0.00043 -0.012230
0.00043 -0.00941
0.00203 -0.00735
0.00433 -0.00613
0.00721 -0.00563
0.01054 -0.00572
0.01415 -0.00624
0.0179 -0.00706
0.02167 -0.008050
0.02544 -0.00918
0.0292 -0.01045
0.03296 -0.01184
0.03672 -0.01336
0.04047 -0.01498
0.04421 -0.0167
0.04796 -0.01851
0.0517 -0.020380
0.05544 -0.02231
0.05918 -0.02428
0.06291 -0.02628
0.06665 -0.0283
0.07039 -0.03033
0.07412 -0.032350
0.07786 -0.03436
0.0816 -0.03635
0.08534 -0.03832
0.08908 -0.04026
0.09282 -0.04217
0.09656 -0.04404
0.1003 -0.04588
0.10405 -0.04769
0.10779 -0.04945
0.11154 -0.05117
0.11529 -0.05285
0.11904 -0.05449
0.12279 -0.05608
0.12654 -0.05762
0.1303 -0.05912
0.13405 -0.060570
0.13781 -0.06198
0.14157 -0.06333
0.14533 -0.06463
0.1491 -0.06588
0.15286 -0.06708
0.15663 -0.06822
0.1604 -0.06931
0.16417 -0.07034
0.167940 -0.07131
0.17172 -0.07222
0.17549 -0.07307
0.17927 -0.073870
0.18305 -0.07462
0.18684 -0.07533
0.19062 -0.07599
0.19441 -0.07661
0.19819 -0.07717
0.20198 -0.07767
0.20578 -0.07811
0.20957 -0.07848
0.21337 -0.07877
0.21717 -0.078990
0.22097 -0.07915
0.22477 -0.07923
0.22858 -0.079250
0.23239 -0.079200
0.23620 -0.07908
0.24001 -0.078890
0.24383 -0.07862
0.24765 -0.07827
0.25147 -0.07784
0.2553 -0.07733
0.25912 -0.07675
0.26295 -0.07607
0.26679 -0.07531
0.27062 -0.07447
0.27446 -0.07353
0.27831 -0.07249
0.28215 -0.07136
0.286 -0.07012
0.28986 -0.06878
0.2937200 -0.06735
0.29758 -0.06584
0.30144 -0.06424
0.3053 -0.06257
0.30917 -0.06082
0.31304 -0.05899
0.31692 -0.05709
0.320790 -0.05512
0.32467 -0.05308
0.32855 -0.05095
0.33244 -0.04871
0.33633 -0.04633
0.34022 -0.04381
0.3441 -0.04116
0.34782 -0.03848
0.35123 -0.03595
0.35418 -0.03372
0.3565 -0.03193
0.35807 -0.03073
0.35884 -0.03022
-Inserting Flap Ga2-
0.49899 0.06880
0.49889 0.068380
0.49869 0.06756
0.49839 0.06634
0.49799 0.06480
0.49752 0.06306
0.49697 0.06119
0.49636 0.05931
0.49570 0.0575
0.495 0.055750
0.49426 0.05407
0.49348 0.0524400
0.49268 0.05085
0.49186 0.04929
0.49102 0.04776
0.49016 0.04626
0.489290 0.04478
0.4884 0.04333
0.4875 0.0419
0.48659 0.0405
0.48566 0.03911
0.48472 0.03774
0.48377 0.0364
0.4828 0.03507
0.481820 0.03376
0.48084 0.03247
0.47984 0.0312
0.47882 0.02995
0.47779 0.02872
0.47675 0.02752
0.4757 0.02633
0.474640 0.02515
0.47358 0.02398
0.4725 0.02283
0.471430 0.02168
0.47034 0.02054
0.46925 0.01942
0.46814 0.01831
0.46703 0.017230
0.46591 0.01615
0.46477 0.0151
0.46363 0.01405
0.46248 0.01303
0.46131 0.01202
0.46014 0.01102
0.45896 0.01003
0.45778 0.00906
0.45658 0.0081
0.45538 0.00715
0.45417 0.00622
0.45295 0.0053
0.45172 0.00439
0.45049 0.0035
0.44924 0.00262
0.44798 0.00176
0.44672 0.00091
0.445440 8e-05
0.44416 -0.00074
0.44286 -0.00154
0.44156 -0.00232
0.44024 -0.003090
0.43892 -0.00384
0.43758 -0.00458
0.43624 -0.00529
0.43488 -0.00599
0.43351 -0.00668
0.43214 -0.00735
0.43076 -0.00801
0.42937 -0.00866
0.42797 -0.0093
0.42656 -0.00991
0.42514 -0.0105
0.42369 -0.01107
0.42224 -0.01161
0.42076 -0.01211
0.41926 -0.01259
0.41775 -0.013040
0.41621 -0.01346
0.41466 -0.01385
0.41309 -0.0142
0.41149 -0.01452
0.40987 -0.01479
0.40821 -0.01501
0.40652 -0.01518
0.4048 -0.01529
0.40304 -0.015350
0.401260 -0.01537
0.39944 -0.01533
0.39759 -0.01525
0.3957 -0.01509
0.39374 -0.01483
0.39171 -0.014440
0.38958 -0.01391
0.38736 -0.01321
0.385120 -0.01236
0.38294 -0.01139
0.38092 -0.01032
0.37914 -0.0091700
0.37768 -0.00798
0.37582 -0.00559
0.37548 -0.00446
0.37555 -0.00343
0.376040 -0.00251
0.37688 -0.0017
0.378 -0.00098
0.37932 -0.00035
0.380750 0.00022
0.38222 0.00074
0.38372 0.0012
0.38525 0.00163
0.38681 0.0020
0.3884 0.00234
0.39 0.00264
0.39163 0.00291
0.39328 0.00315
0.39494 0.003360
0.39661 0.00356
0.39829 0.00374
0.39997 0.00392
0.40166 0.00408
0.40336 0.00425
0.40505 0.00441
0.40674 0.00458
0.40842 0.00476
0.4101 0.00494
0.41178 0.005130
0.41344 0.00534
0.41510 0.00555
0.41676 0.00578
0.4184 0.006020
0.42004 0.00627
0.42167 0.00654
0.42328 0.006820
0.42489 0.00712
0.42649 0.007430
0.42808 0.00775
0.42966 0.0081
0.43123 0.00846
0.4328 0.00883
0.43434 0.00922
0.43588 0.009630
0.437410 0.01006
0.43893 0.0105
0.44043 0.01097
0.441930 0.01145
0.44341 0.01195
0.44487 0.01248
0.44633 0.01302
0.44777 0.01358
0.4492 0.01416
0.45063 0.01476
0.45204 0.01537
0.45344 0.016
0.45484 0.016640
0.45622 0.0173
0.45759 0.01798
0.458940 0.01868
0.46028 0.01941
0.46161 0.02016
0.46292 0.02094
0.46421 0.02174
0.46549 0.02256
0.46676 0.0234
0.46801 0.02427
0.46925 0.02517
0.47047 0.026080
0.47167 0.02703
0.47286 0.028
0.47403 0.02899
0.47519 0.03002
0.47633 0.03107
0.47745 0.03215
0.47855 0.03326
0.47963 0.03440
0.48069 0.03557
0.48174 0.03677
0.48276 0.03801
0.48376 0.03928
0.48474 0.04058
0.4857 0.04192
0.48664 0.04329
0.48756 0.044680
0.48847 0.0461
0.48936 0.04755
0.49024 0.04902
0.4911 0.05051
0.49194 0.05203
0.49277 0.05358
0.49358 0.05515
0.49437 0.05677
0.49513 0.05842
0.49586 0.06013
0.49655 0.06188
0.49718 0.0636
0.49775 0.0652
0.49822 0.0666
0.4986 0.06771
0.498840 0.06846
0.49899 0.06880
-Inserting Flap Ga2-
0.60212 0.19431
0.60213 0.19388
0.60211 0.19303
0.60209 0.19177
0.60206 0.19019
0.60199 0.18838
0.60187 0.18644
0.6017 0.18447
0.60147 0.18256
0.60117 0.1807
0.60083 0.17889
0.60044 0.17713
0.60001 0.1754
0.59957 0.1737
0.59909 0.17202
0.5986 0.17036
0.59808 0.16873
0.59754 0.16711
0.59698 0.165520
0.59641 0.16394
0.59581 0.162380
0.59521 0.16084
0.59458 0.15931
0.59394 0.1578
0.59328 0.1563
0.59261 0.15482
0.59192 0.15336
0.59121 0.15192
0.59049 0.15049
0.58974 0.14908
0.58899 0.1476800
0.58822 0.14630
0.58744 0.14492
0.586660 0.143560
0.58587 0.1422
0.58507 0.14084
0.58425 0.13951
0.58343 0.13818
0.58259 0.13687
0.58173 0.13557
0.58087 0.13428
0.57999 0.13301
0.57909 0.13175
0.57819 0.1305
0.57727 0.12927
0.57634 0.12804
0.575410 0.12683
0.57446 0.12563
0.5735 0.12443
0.57253 0.12325
0.57155 0.12208
0.57056 0.12092
0.56956 0.11977
0.56854 0.11863
0.56751 0.11751
0.56647 0.1164
0.56541 0.1153
0.56434 0.11422
0.56326 0.11315
0.56217 0.11209
0.56106 0.11105
0.55993 0.11002
0.5588 0.109
0.55765 0.108
0.55648 0.10701
0.55531 0.1060300
0.55412 0.10507
0.552920 0.10411
0.55171 0.10317
0.55049 0.10224
0.54926 0.10132
0.548 0.10042
0.54673 0.09955
0.54543 0.0987
0.5441 0.09787
0.54275 0.09707
0.54137 0.09629
0.53997 0.09554
0.53855 0.09481
0.5371 0.09411
0.53561 0.09345
0.53409 0.092820
0.532530 0.09223
0.53092 0.09168
0.52926 0.09118
0.52757 0.09073
0.52583 0.09031
0.52405 0.089940
0.52223 0.089610
0.52035 0.08934
0.51839 0.08915
0.51632 0.089060
0.51412 0.0891
0.51181 0.08929
0.50943 0.08961
0.50709 0.09007
0.50488 0.09066
0.50289 0.09137
0.501190 0.09221
0.49885 0.09412
0.49826 0.09514
0.49810 0.09616
0.49837 0.09717
0.49901 0.09815
0.49994 0.0991
0.50108 0.10001
0.50234 0.10089
0.50366 0.10172
0.50502 0.10252
0.506420 0.10327
0.50785 0.10399
0.50932 0.10467
0.51081 0.105330
0.51234 0.10596
0.51389 0.10656
0.51546 0.107140
0.51704 0.10771
0.51864 0.10827
0.52024 0.10881
0.52185 0.10936
0.52347 0.1099
0.52508 0.11044
0.526680 0.11098
0.52829 0.11153
0.52988 0.11209
0.53147 0.11265
0.53305 0.1132300
0.53462 0.113810
0.53618 0.1144
0.53773 0.11501
0.53926 0.11562
0.54079 0.11625
0.5423 0.11689
0.5438 0.11754
0.54529 0.1182
0.54677 0.11888
0.548230 0.11957
0.549680 0.12027
0.55112 0.120990
0.55254 0.12172
0.55395 0.12246
0.55534 0.12322
0.55672 0.1240
0.55808 0.12479
0.55942 0.125590
0.56075 0.12642
0.56207 0.12726
0.56336 0.12811
0.56464 0.12898
0.565910 0.12987
0.56716 0.13077
0.5684 0.13169
0.56962 0.13261
0.57084 0.13355
0.57203 0.134510
0.573220 0.135480
0.57438 0.13647
0.57552 0.13748
0.57664 0.13851
0.57774 0.13956
0.57883 0.14063
0.57989 0.14172
0.58093 0.14283
0.58196 0.14395
0.58296 0.1451
0.58394 0.14627
0.58491 0.147460
0.58585 0.148670
0.586760 0.14991
0.58766 0.15117
0.58853 0.15245
0.58938 0.15375
0.5902 0.15508
0.591 0.15643
0.591780 0.15781
0.59252 0.15922
0.59324 0.16065
0.59393 0.16212
0.59459 0.16361
0.59522 0.16513
0.59583 0.16667
0.59642 0.16824
0.59698 0.16982
0.59752 0.17143
0.59805 0.17306
0.59855 0.17471
0.599030 0.17638
0.599490 0.17808
0.59993 0.17979
0.60033 0.18154
0.6007 0.18333
0.60102 0.18515
0.6013 0.18701
0.60154 0.18883
0.60173 0.19052
0.60188 0.19199
0.60199 0.19316
0.60206 0.19394
0.60212 0.19431
*.*.Setup: Ga2.txt as Flap 1, Inverted: y, Scale = 1.0, AoA = -2.0, Reposition from (0,0) = (0, 0)*.*.
*.*.Setup: Ga2.txt as Flap 2, Inverted: y, Scale = 0.4, AoA = 32.0, Reposition from previous T.E. = (0.04, 0.08), Reposition from (0,0) = (1.0377, -0.004)*.*.
*.*.Setup: Ga2.txt as Flap 3, Inverted: y, Scale = 0.4, AoA = 45.0, Reposition from previous T.E. = (-0.01, 0.08), Reposition from (0,0) = (1.3773, 0.2713)*.*.
*.*.Setup: Scale Ratio = 0.35968*.*.