0.35298 -0.02972
0.3522 -0.030450
0.35065 -0.03185
0.348360 -0.03393
0.34545 -0.03651
0.342080 -0.03942
0.3384 -0.04247
0.33458 -0.04546
0.33073 -0.048250
0.3269 -0.05084
0.32307 -0.05325
0.31925 -0.05550
0.31543 -0.057640
0.31161 -0.05969
0.3078 -0.06166
0.30399 -0.06354
0.30018 -0.06535
0.29637 -0.06709
0.29257 -0.06877
0.28877 -0.07038
0.28497 -0.07193
0.28117 -0.07342
0.27738 -0.07485
0.27358 -0.07624
0.26979 -0.07757
0.266 -0.07884
0.26222 -0.08005
0.25843 -0.0812
0.25465 -0.08228
0.25087 -0.08331
0.24709 -0.0843
0.24331 -0.08524
0.23953 -0.08615
0.23576 -0.08704
0.23198 -0.08789
0.22821 -0.08872
0.22444 -0.0895
0.22067 -0.09024
0.2169 -0.09093
0.21313 -0.09157
0.20936 -0.09217
0.2056 -0.09271
0.20184 -0.09322
0.19808 -0.09369
0.19432 -0.09411
0.19056 -0.09450
0.18680 -0.09485
0.18305 -0.09516
0.17929 -0.09544
0.17554 -0.09568
0.17179 -0.09588
0.16804 -0.09605
0.16429 -0.09617
0.16054 -0.096240
0.15679 -0.09627
0.15305 -0.09626
0.14931 -0.0962
0.14556 -0.0961
0.14182 -0.09595
0.13809 -0.09575
0.13435 -0.09551
0.13062 -0.09522
0.12688 -0.09488
0.12315 -0.09449
0.11942 -0.09405
0.11569 -0.09358
0.11197 -0.09306
0.10824 -0.09251
0.10452 -0.0919200
0.10079 -0.09128
0.09707 -0.0906
0.09335 -0.08985
0.08964 -0.08902
0.08593 -0.08811
0.08222 -0.08711
0.07851 -0.08602
0.0748 -0.084850
0.0711 -0.0836
0.06741 -0.08226
0.06371 -0.08082
0.06002 -0.079260
0.05633 -0.07758
0.05265 -0.07576
0.04898 -0.07378
0.045310 -0.07164
0.04164 -0.06936
0.03798 -0.06693
0.03433 -0.06436
0.03068 -0.06164
0.02704 -0.05871
0.0234 -0.055490
0.01978 -0.05191
0.01618 -0.0479
0.01261 -0.04342
0.00921 -0.038610
0.00612 -0.03363
0.00347 -0.02867
0.00141 -0.02388
7e-05 -0.01944
-0.00042 -0.012030
0.00043 -0.00925
0.00199 -0.00723
0.00426 -0.00603
0.0071 -0.00554
0.01036 -0.00563
0.01392 -0.00614
0.01761 -0.00694
0.02132 -0.007920
0.02502 -0.00903
0.02873 -0.01028
0.03242 -0.01165
0.03612 -0.01314
0.03981 -0.01474
0.04349 -0.01643
0.04717 -0.01821
0.05085 -0.020050
0.05453 -0.02195
0.05821 -0.02389
0.06189 -0.02585
0.06556 -0.02784
0.06924 -0.02983
0.07291 -0.031820
0.07659 -0.0338
0.08026 -0.03575
0.08394 -0.03769
0.08762 -0.0396
0.0913 -0.04148
0.09498 -0.04332
0.09866 -0.04513
0.10234 -0.04691
0.10603 -0.04864
0.10971 -0.05033
0.1134 -0.05199
0.11709 -0.05359
0.12078 -0.05516
0.12447 -0.05668
0.12817 -0.05815
0.13186 -0.059580
0.13556 -0.06096
0.13926 -0.0623
0.14296 -0.06358
0.14666 -0.06481
0.15036 -0.06598
0.15407 -0.06711
0.15777 -0.06818
0.16148 -0.06919
0.16520 -0.07014
0.16891 -0.07103
0.17262 -0.07187
0.17634 -0.072660
0.18006 -0.0734
0.18378 -0.07409
0.1875 -0.07475
0.19123 -0.07535
0.19495 -0.07591
0.19868 -0.0764
0.20241 -0.07683
0.20614 -0.07719
0.20988 -0.07748
0.21361 -0.07770
0.21735 -0.07785
0.2211 -0.07794
0.22484 -0.077960
0.22859 -0.0779100
0.232340 -0.07779
0.23609 -0.07760
0.23984 -0.07733
0.2436 -0.07699
0.24736 -0.07657
0.25112 -0.07607
0.25489 -0.07549
0.25865 -0.07483
0.26242 -0.07408
0.2662 -0.07325
0.26998 -0.07233
0.27376 -0.07131
0.27754 -0.07019
0.28133 -0.06897
0.28512 -0.06766
0.2889100 -0.06625
0.29271 -0.06476
0.29651 -0.06319
0.30031 -0.06154
0.30412 -0.05982
0.30792 -0.05803
0.31173 -0.05616
0.315550 -0.05422
0.31936 -0.05221
0.32318 -0.05011
0.327 -0.04791
0.33083 -0.04558
0.33466 -0.0431
0.33847 -0.04048
0.34213 -0.03785
0.34549 -0.03536
0.34839 -0.03317
0.35067 -0.03141
0.35221 -0.03022
0.35298 -0.02972
-Inserting Flap Ga2-
0.48459 0.05663
0.48446 0.05623
0.48419 0.05544
0.48379 0.05427
0.48327 0.0528
0.48265 0.05113
0.48196 0.04935
0.4812 0.04756
0.4804 0.04584
0.47956 0.04419
0.478690 0.0426
0.47779 0.04107
0.47686 0.03958
0.47593 0.03813
0.47497 0.0367
0.47401 0.0353
0.473020 0.03393
0.472030 0.03258
0.47102 0.03126
0.470010 0.029960
0.46898 0.02868
0.46794 0.027420
0.46689 0.02618
0.46583 0.02496
0.46476 0.023760
0.46368 0.02259
0.46259 0.02143
0.46149 0.02029
0.46038 0.01918
0.45926 0.01808
0.45812 0.017010
0.45699 0.01594
0.45584 0.01489
0.45469 0.01385
0.45354 0.01282
0.45238 0.0118
0.451210 0.01079
0.45003 0.0098
0.44885 0.00883
0.44766 0.00788
0.44645 0.00694
0.44524 0.00602
0.44402 0.00511
0.4428 0.00422
0.44157 0.00334
0.44033 0.00248000
0.43908 0.00163
0.43783 0.00079
0.43657 -4e-05
0.4353 -0.00085
0.43403 -0.00165
0.43275 -0.002430
0.43146 -0.0032
0.43016 -0.00396
0.42886 -0.00469
0.42755 -0.00541
0.42622 -0.00612
0.4249 -0.00681
0.42356 -0.00748
0.42221 -0.00814
0.42086 -0.00878
0.4195 -0.0094
0.41812 -0.01001
0.41674 -0.01059
0.41535 -0.01116
0.41396 -0.01172
0.41255 -0.01226
0.41114 -0.01279
0.40972 -0.01331
0.4083 -0.01381
0.40686 -0.01429
0.40542 -0.01475
0.40396 -0.01518
0.40248 -0.01558
0.40099 -0.01595
0.39948 -0.01629
0.39796 -0.0166
0.39642 -0.01688
0.39487 -0.01712
0.3933 -0.01734
0.39170 -0.017510
0.39009 -0.01764
0.38845 -0.01771
0.38678 -0.01773
0.38508 -0.0177
0.38335 -0.01761
0.3816 -0.01747
0.37982 -0.01728
0.37802 -0.01703
0.37618 -0.01671
0.37428 -0.01629
0.37232 -0.01574
0.37028 -0.01504
0.36817 -0.01416
0.36604 -0.01314
0.364 -0.012
0.36211 -0.01077
0.360460 -0.0095
0.35913 -0.00821
0.35752 -0.005710
0.35728 -0.00457
0.35743 -0.00356
0.35799 -0.0027
0.35889 -0.00198
0.36005 -0.001380
0.36139 -0.00087
0.362840 -0.00043
0.36433 -5e-05
0.36584 0.00027
0.36738 0.00056
0.36894 0.00079
0.37052 0.00099
0.37212 0.00115
0.37374 0.00127
0.37537 0.00136
0.37701 0.001430
0.37867 0.001480
0.38033 0.00151
0.382 0.00154
0.38367 0.0015600
0.38534 0.00157
0.38701 0.00159
0.3886800 0.00161
0.39035 0.00164
0.39201 0.00167
0.39367 0.00172
0.39532 0.001780
0.39696 0.00184
0.3986 0.00193
0.40024 0.00202
0.40186 0.00213
0.40348 0.00225
0.40509 0.00239
0.40669 0.00254
0.40829 0.002710
0.40987 0.002890
0.41145 0.00309
0.41302 0.00331
0.41458 0.003540
0.41613 0.00379
0.41768 0.00406
0.41921 0.00435
0.42073 0.004660
0.42225 0.004980
0.42375 0.00533
0.42525 0.00569
0.42673 0.00608
0.4282 0.00649
0.42966 0.006910
0.43112 0.0073600
0.43256 0.00782
0.434 0.00830
0.43543 0.00879
0.43685 0.0093
0.43826 0.00983
0.43966 0.01038
0.44105 0.01095
0.44242 0.01155
0.44379 0.01218
0.44514 0.01282
0.44647 0.0135
0.4478 0.01419
0.44911 0.01491
0.45041 0.01565
0.4517 0.01642
0.45298 0.01722
0.45424 0.01804
0.45549 0.01889
0.45672 0.019760
0.45794 0.02067
0.459150 0.0216
0.46033 0.02256
0.46151 0.02355
0.46267 0.02458
0.46381 0.02563
0.46494 0.02672
0.46604 0.02785
0.46713 0.02901
0.4682 0.0302
0.46926 0.03143
0.47030 0.03269
0.47132 0.03397
0.47233 0.03529
0.47333 0.036630
0.47431 0.038
0.47528 0.03939
0.47624 0.0408
0.47719 0.042250
0.47812 0.04372
0.47903 0.04523
0.47991 0.04679
0.48077 0.0484
0.4816 0.05006
0.48237 0.05169
0.48306 0.05321
0.48365 0.05454
0.48411 0.0556
0.48442 0.05631
0.48459 0.05663
-Inserting Flap Ga2-
0.603720 0.17301
0.60373 0.17259
0.60371 0.17175
0.6037 0.17052
0.60366 0.16896
0.60359 0.167180
0.60348 0.16527
0.60331 0.16334
0.60308 0.16145
0.60279 0.15962
0.60245 0.15785
0.602070 0.15611
0.60165 0.154410
0.60121 0.15274
0.600740 0.15108
0.6002500 0.14946
0.59974 0.14785
0.59922 0.1462600
0.59867 0.14469
0.5981 0.143140
0.59752 0.14161
0.59692 0.14009
0.5963 0.13859
0.59567 0.1371
0.595030 0.13563
0.594370 0.13417
0.59369 0.13273
0.59299 0.13131
0.59228 0.12991
0.59155 0.12852
0.5908 0.12715
0.59005 0.12579
0.58929 0.12443
0.58851 0.12309
0.58774 0.12175
0.58695 0.12042
0.58615 0.1191
0.585330 0.1178
0.58451 0.11651
0.58367 0.11523
0.58281 0.11397
0.58195 0.11272
0.58107 0.11148
0.58018 0.11025
0.57928 0.10903
0.57837 0.10783
0.57744 0.10664
0.57651 0.10545
0.57557 0.10428
0.57462 0.10311
0.57365 0.10196
0.57268 0.10082
0.57169 0.09969
0.57069 0.09857
0.56968 0.09747
0.56865 0.09638
0.56761 0.0953
0.56656 0.094230
0.5655 0.09318
0.56442 0.09214
0.56333 0.091110
0.56223 0.0901
0.56111 0.0891
0.55998 0.08811
0.558830 0.08714
0.557670 0.08618
0.55651 0.08523
0.55533 0.08429
0.554140 0.08336
0.55294 0.08245
0.55172 0.08154
0.55049 0.08066
0.54923 0.0798
0.54795 0.07896
0.546650 0.07815
0.54532 0.077360
0.54397 0.0766
0.542590 0.07586
0.54119 0.07514
0.539760 0.07445
0.5383 0.0738
0.5368 0.07318
0.53526 0.0726
0.53368 0.07206
0.53206 0.07157
0.53039 0.07112
0.52868 0.07072
0.52693 0.07035
0.52514 0.07002
0.52329 0.06976
0.52136 0.06957
0.51932 0.06949
0.51716 0.06953
0.5148800 0.06971
0.51255 0.07002
0.51025 0.07048
0.50807 0.07106
0.50611 0.07176
0.50444 0.07258
0.50214 0.07446
0.50156 0.07546
0.5014 0.07647
0.50166 0.07746
0.5023 0.07843
0.50321 0.07936
0.50433 0.08026
0.50557 0.081120
0.50687 0.08194
0.50821 0.08272
0.50958 0.08346
0.51099 0.08417
0.51243 0.08484
0.51391 0.08549
0.51541 0.0861
0.51693 0.0867
0.51848 0.08727
0.52004 0.08783
0.52161 0.08837
0.52318 0.08891
0.52477 0.089450
0.526350 0.08998
0.52794 0.09051
0.52952 0.09105
0.53109 0.09159
0.53266 0.09214
0.53423 0.09269
0.53578 0.09326
0.53732 0.09383
0.53886 0.09441
0.54038 0.09501
0.54189 0.09561
0.54339 0.09623
0.54488 0.09686
0.54636 0.0975
0.54782 0.09815
0.549280 0.09881
0.55071 0.09949
0.55214 0.10018
0.55355 0.10089
0.55495 0.10161
0.55633 0.10234
0.5577 0.103090
0.55906 0.10385
0.5604 0.10463
0.56172 0.10542
0.563030 0.10623
0.564320 0.10705
0.5656 0.1079
0.56686 0.10875
0.5681 0.109630
0.56933 0.11051
0.570550 0.11141
0.571760 0.112320
0.57295 0.11325
0.57413 0.11419
0.57529 0.11514
0.57643 0.11612
0.57756 0.11711
0.57866 0.11812
0.57974 0.11916
0.58081 0.12021
0.581850 0.12128
0.58288 0.12237
0.583890 0.12348
0.58488 0.12461
0.58584 0.12576
0.58679 0.12693
0.58771 0.12812
0.58862 0.12934
0.5895 0.13057
0.590350 0.13183
0.59119 0.13312
0.592 0.134420
0.592790 0.13575
0.59355 0.13711
0.59428 0.13849
0.59498 0.13991
0.59566 0.14135
0.59631 0.14281
0.59693 0.14431
0.59753 0.14582
0.59811 0.14736
0.59867 0.14893
0.5992 0.150510
0.59971 0.15211
0.60021 0.15374
0.60068 0.15538
0.60113 0.15704
0.60156 0.15873
0.601960 0.16045
0.60232 0.162210
0.60264 0.16401
0.60292 0.16583
0.60315 0.16762
0.60333 0.16928
0.60348 0.17073
0.60359 0.17188
0.60366 0.17265
0.603720 0.17301
*.*.Setup: Ga2.txt as Flap 1, Inverted: y, Scale = 1.0, AoA = -2.0, Reposition from (0,0) = (0, 0)*.*.
*.*.Setup: Ga2.txt as Flap 2, Inverted: y, Scale = 0.4, AoA = 27.0, Reposition from previous T.E. = (0.0067, 0.08), Reposition from (0,0) = (1.0043, -0.004)*.*.
*.*.Setup: Ga2.txt as Flap 3, Inverted: y, Scale = 0.4, AoA = 45.0, Reposition from previous T.E. = (0.04, 0.06), Reposition from (0,0) = (1.4097, 0.2201)*.*.
*.*.Setup: Scale Ratio = 0.3538*.*.