0.37219 0.03912
0.370 0.03694
0.36682 0.03377
0.36309 0.03065
0.35857 0.02763
0.353090 0.024530
0.34646 0.0212
0.33865 0.01763
0.329750 0.01387
0.319990 0.01001
0.30965 0.00614
0.29896 0.00234
0.28810 -0.001340
0.27717 -0.00486
0.26621 -0.00819
0.25522 -0.011340
0.24417 -0.01429
0.23302 -0.01706
0.221700 -0.01969
0.21016 -0.02219
0.19838 -0.02461
0.18635 -0.02698
0.17415 -0.02932
0.16187 -0.031640
0.14969 -0.0339
0.13777 -0.03605
0.12632 -0.03803
0.11551 -0.03973
0.10547 -0.04107
0.09616 -0.04198
0.08743 -0.04243
0.07916 -0.04241
0.07126 -0.04194
0.06368 -0.04101
0.05639 -0.03964
0.04938 -0.03784
0.042690 -0.03565
0.03635 -0.0331
0.03045 -0.03028
0.0251 -0.02731
0.02039 -0.024350
0.01636 -0.0215
0.01299 -0.01883
0.0102 -0.01634
0.00791 -0.01403
0.006030 -0.01189
0.00448 -0.009890
0.00322 -0.00803
0.00219 -0.00628
0.00138 -0.004640
0.00075 -0.00309
0.0003 -0.00162
0.000055 -0.00022
-7e-05 0.00113
0.00013 0.00247
0.00078 0.00369
0.00187 0.00463
0.003280 0.00532
0.00492 0.005830
0.00681 0.00626
0.00898 0.00664
0.01153 0.00698
0.01458 0.00731
0.01829 0.00763
0.02293 0.007920
0.02883 0.00819
0.03625 0.00842
0.04517 0.008560
0.05519 0.00851
0.06597 0.00822
0.07743 0.00771
0.08946 0.00705
0.10188 0.00632
0.11447 0.00556
0.12703 0.00481
0.139450 0.00411
0.15167 0.00349
0.163690 0.00298
0.17552 0.00261
0.18716 0.0024
0.198620 0.00237
0.20994 0.00254
0.22112 0.00292
0.23219 0.00352
0.24316 0.00436
0.25404 0.00543
0.26484 0.00676
0.27557 0.00833
0.28621 0.01015
0.29676 0.01221
0.30717 0.014520
0.31734 0.01703
0.32712 0.01973
0.3363 0.02253
0.34463 0.02536
0.351910 0.02816
0.35813 0.03088
0.36337 0.03353
0.36774 0.036090
0.37219 0.03912
-Inserting Flap s1223rtl-
0.53423 0.16074
0.53368 0.15931
0.53287 0.15721
0.5318 0.15503
0.53035 0.15273
0.52848 0.1502
0.52613 0.14733
0.52329 0.14411
0.51998 0.14058
0.51631 0.13683
0.51237 0.13296
0.50827 0.12905
0.50405 0.12516
0.49978 0.12133
0.49545 0.117580
0.49107 0.11391
0.48662 0.11032
0.48209 0.10678
0.47745 0.10328
0.47269 0.09979
0.4678 0.09629
0.46279 0.09276
0.45769 0.08921
0.45256 0.08565
0.44745 0.08214
0.44245 0.07874
0.43762 0.0755
0.43303 0.07253
0.42872 0.06988
0.42465 0.06757
0.420750 0.06559
0.41697 0.063910
0.413260 0.06252
0.40961 0.0614
0.406 0.06055
0.40244 0.05994
0.39893 0.05958
0.39552 0.05946
0.39225 0.059550
0.3892 0.05981
0.38645 0.06021
0.38403 0.06069
0.38195 0.06123
0.38017 0.0618
0.37865 0.06238
0.37736 0.06298
0.376250 0.06358
0.37529 0.06417
0.37447 0.064760
0.37376 0.06534
0.37316 0.06592
0.37265 0.06651
0.37224 0.06709
0.37193 0.06769
0.37174 0.06834
0.37179 0.06903
0.3721 0.06968
0.3726 0.07028
0.37325 0.07085
0.37402 0.07143
0.374940 0.07204
0.37603 0.07272
0.37736 0.07349
0.37899 0.07439
0.38105 0.07547
0.38369 0.07679
0.38703 0.07841
0.39108 0.080280
0.39566 0.0823
0.40065 0.08436
0.40598 0.08645
0.41161 0.0886
0.41743 0.09079
0.42334 0.093
0.42923 0.095220
0.43505 0.09742
0.44076 0.099630
0.44635 0.10184
0.45183 0.10407
0.45719 0.106340
0.46243 0.10866
0.46756 0.111040
0.4726 0.11349
0.477530 0.11601
0.482370 0.11863
0.48712 0.121330
0.49178 0.12413
0.49636 0.12703
0.50086 0.13003
0.50525 0.13312
0.50954 0.13628
0.51367 0.1395
0.5176 0.14272
0.52122 0.14587
0.52444 0.14886
0.5272 0.15162
0.52949 0.15413
0.53134 0.1564
0.53282 0.15846
0.53423 0.16074
-Inserting Flap s1223rtl-
0.65757 0.2924
0.65714 0.29091
0.65652 0.28875
0.65565 0.28649
0.6544 0.284070
0.65276 0.2813900
0.65067 0.27833
0.64812 0.27487
0.64514 0.27107
0.64180 0.26701
0.638220 0.26281
0.63447 0.25856
0.63061 0.25432
0.62668 0.250130
0.6227 0.24602
0.618650 0.24198
0.61454 0.23801
0.61033 0.23409
0.60602 0.2302
0.60158 0.22631
0.597010 0.2224
0.59233 0.21844
0.58756 0.21446
0.58275 0.21047
0.577970 0.20653
0.57328 0.2027
0.56875 0.19906
0.56444 0.1957
0.56038 0.19268
0.55652 0.19002
0.55281 0.18771
0.54919 0.18571
0.54562 0.184
0.54208 0.18257
0.53856 0.18140
0.53506 0.18049
0.5316 0.17983
0.52821 0.17941
0.52495 0.17921
0.52189 0.17921
0.51911 0.17936
0.51666 0.17963
0.51454 0.17999
0.51272 0.1804
0.51116 0.18085
0.509810 0.18133
0.50865 0.18183
0.50765 0.18234
0.506780 0.18285
0.50602 0.18337
0.50537 0.1839
0.50482 0.18443
0.50436 0.18498
0.50399 0.18555
0.50375 0.18618
0.503740 0.18687
0.50399 0.18755
0.50444 0.18819
0.50503 0.18881
0.50575 0.18946
0.50662 0.19015
0.50765 0.19092
0.5089 0.1918
0.51045 0.19284
0.5124 0.19409
0.514910 0.19564
0.5181 0.19754
0.521970 0.19976
0.526370 0.20217
0.53115 0.20466
0.53629 0.20721
0.54171 0.20984
0.54732 0.21253
0.55301 0.21525
0.55868 0.21797
0.56428 0.22067
0.56978 0.22336
0.57516 0.22605
0.58042 0.22876
0.585560 0.23149
0.59058 0.234250
0.59549 0.23707
0.60029 0.23995
0.604980 0.242890
0.60957 0.24592
0.61407 0.24903
0.61847 0.25222
0.62278 0.25551
0.627 0.25889
0.63111 0.26235
0.6351 0.26588
0.63894 0.26944
0.64257 0.27299
0.6459 0.27644
0.64886 0.2797
0.651360 0.28269
0.65342 0.28539
0.655070 0.28782
0.65636 0.2900
0.65757 0.2924
*.*.Setup: s1223rtl.txt as Flap 1, Inverted: y, Scale = 1.0, AoA = 6.0, Reposition from (0,0) = (0, 0)*.*.
*.*.Setup: s1223rtl.txt as Flap 2, Inverted: y, Scale = 0.5, AoA = 30.0, Reposition from previous T.E. = (0.0, 0.075), Reposition from (0,0) = (0.9945, 0.1795)*.*.
*.*.Setup: s1223rtl.txt as Flap 3, Inverted: y, Scale = 0.5, AoA = 35.0, Reposition from previous T.E. = (-0.08, 0.065), Reposition from (0,0) = (1.3475, 0.4945)*.*.
*.*.Setup: Scale Ratio = 0.37424*.*.