0.36697 0.03857
0.364820 0.03642
0.36168 0.03329
0.358 0.03022
0.35355 0.02725
0.348140 0.024190
0.34161 0.02091
0.33391 0.01738
0.325130 0.01367
0.315510 0.00987
0.30531 0.00605
0.29477 0.00231
0.284060 -0.001320
0.27328 -0.00479
0.26248 -0.00808
0.25164 -0.011180
0.24075 -0.01409
0.22975 -0.01682
0.2185900 -0.01941
0.20722 -0.02188
0.1956 -0.02427
0.18375 -0.0266
0.17171 -0.02891
0.15961 -0.031190
0.14759 -0.03343
0.13584 -0.03555
0.12455 -0.0375
0.11389 -0.03917
0.104 -0.0405
0.09481 -0.04139
0.08621 -0.04183
0.07805 -0.04182
0.07026 -0.04135
0.06279 -0.04044
0.0556 -0.03909
0.04869 -0.03731
0.042090 -0.03515
0.03584 -0.03263
0.03002 -0.02985
0.02475 -0.02693
0.0201 -0.024010
0.01613 -0.0212
0.01281 -0.01856
0.01006 -0.01611
0.0078 -0.01384
0.005940 -0.01172
0.00442 -0.009750
0.00317 -0.00792
0.00216 -0.0062
0.00136 -0.004580
0.00074 -0.00305
0.00029 -0.0016
0.000055 -0.00022
-6e-05 0.00111
0.00013 0.00244
0.00076 0.00364
0.00185 0.00457
0.003230 0.00524
0.00485 0.005750
0.00671 0.00617
0.00886 0.00654
0.01137 0.00689
0.01437 0.00721
0.01804 0.00752
0.02261 0.007810
0.02842 0.00808
0.03574 0.00831
0.04453 0.008440
0.05441 0.00839
0.06505 0.00811
0.07634 0.0076
0.08821 0.00695
0.10045 0.00623
0.11287 0.00548
0.12525 0.00474
0.13750 0.00405
0.14955 0.00344
0.16140 0.00294
0.17306 0.00257
0.18453 0.00236
0.195840 0.00234
0.207 0.0025
0.21803 0.00288
0.22894 0.00347
0.23975 0.0043
0.25048 0.00536
0.26113 0.00666
0.27171 0.00821
0.28221 0.01001
0.29261 0.01204
0.30286 0.014310
0.31289 0.0168
0.32254 0.01945
0.33159 0.02221
0.3398 0.02501
0.346980 0.02776
0.35312 0.03045
0.35828 0.03307
0.36259 0.035590
0.36697 0.03857
-Inserting Flap s1223rtl-
0.51811 0.16284
0.51768 0.16138
0.517070 0.15925
0.51621 0.15702
0.51498 0.154640
0.513360 0.1519900
0.5113 0.14897
0.508780 0.14556
0.50584 0.14181
0.50256 0.13782
0.49902 0.13368
0.49532 0.12948
0.49152 0.1253
0.48765 0.121170
0.48372 0.11711
0.47973 0.11313
0.4756700 0.10922
0.47153 0.10536
0.46727 0.10152
0.4629 0.09768
0.45839 0.09382
0.45378 0.08993
0.44907 0.086
0.444330 0.08207
0.43962 0.07818
0.4350 0.0744
0.430530 0.07081
0.42628 0.0675
0.42227 0.06452
0.418470 0.0619
0.41481 0.05962
0.41124 0.05765
0.40772 0.05597
0.40423 0.05456
0.40076 0.05340
0.39731 0.0525
0.3939 0.05185
0.39056 0.05144
0.38734 0.05124
0.38432 0.05124
0.38158 0.05139
0.37917 0.05166
0.37707 0.05201
0.375280 0.05241
0.37374 0.05286
0.37241 0.05333
0.37127 0.05383
0.37028 0.05433
0.36942 0.05483
0.368680 0.05535
0.36804 0.05587
0.36749 0.05639
0.36704 0.05693
0.36668 0.05749
0.36644 0.05812
0.36643 0.0588
0.36667 0.05947
0.367120 0.0601
0.3677 0.06071
0.368410 0.06135
0.36926 0.06203
0.37028 0.06279
0.371510 0.06366
0.37304 0.06468
0.374970 0.06592
0.37744 0.06744
0.38059 0.06932
0.3844 0.07151
0.38874 0.07388
0.39345 0.07633
0.39852 0.07885
0.40386 0.08144
0.40939 0.08409
0.415 0.08678
0.4206 0.08946
0.42612 0.09212
0.43154 0.09478
0.43684 0.09743
0.44203 0.1001
0.4471 0.10279
0.45205 0.105510
0.45689 0.10829
0.46162 0.11113
0.46625 0.114030
0.470780 0.11702
0.47521 0.12008
0.479550 0.12323
0.4838 0.12647
0.48796 0.1298
0.49201 0.13322
0.49595 0.1367
0.49973 0.14021
0.50331 0.14371
0.5066 0.14712
0.50951 0.15033
0.51198 0.15327
0.51401 0.15593
0.51564 0.15833
0.51691 0.1604800
0.51811 0.16284
-Inserting Flap s1223rtl-
0.65817 0.29265
0.65774 0.29119
0.65713 0.28906
0.65627 0.28683
0.65504 0.28445
0.65342 0.2818
0.65136 0.27878
0.64884 0.27537
0.6459 0.271620
0.64262 0.26762
0.63908 0.26348
0.63538 0.25929
0.631580 0.25511
0.62771 0.25098
0.62378 0.24692
0.61979 0.24294
0.61573 0.23903
0.61159 0.235160
0.60733 0.23133
0.60296 0.22749
0.59846 0.22363
0.59384 0.21974
0.58913 0.21581
0.58439 0.21188
0.57968 0.20799
0.57506 0.20421
0.57059 0.20062
0.56634 0.19731
0.56233 0.19433
0.55853 0.19171
0.55487 0.18943
0.55130 0.18746
0.54779 0.18578
0.5443 0.18437
0.54082 0.18321
0.53737 0.18231
0.53396 0.181660
0.53062 0.18124
0.52740 0.18105
0.52439 0.18105
0.52165 0.18120
0.519230 0.18147
0.51714 0.181820
0.51534 0.18222
0.5138 0.18267
0.51248 0.183140
0.51133 0.18364
0.51034 0.18414
0.50948 0.18464
0.50874 0.18516
0.5081 0.18567
0.50755 0.1862
0.5071 0.18674
0.50674 0.1873
0.5065 0.187930
0.50649 0.18861
0.50674 0.18927
0.50718 0.1899
0.50776 0.19052
0.50847 0.19116
0.50932 0.19184
0.51034 0.19260
0.51157 0.19347
0.5131 0.19449
0.51503 0.195730
0.51751 0.19725
0.52065 0.199120
0.52447 0.20131
0.5288 0.20369
0.53352 0.20614
0.53858 0.20866
0.54392 0.21125
0.54945 0.2139
0.55507 0.21658
0.56066 0.21926
0.56618 0.22193
0.5716 0.22458
0.576910 0.22724
0.58209 0.2299
0.58716 0.23259
0.59211 0.23532
0.59695 0.2381
0.6016800 0.24094
0.60631 0.24384
0.61084 0.24682
0.61527 0.24989
0.61962 0.25304
0.62387 0.25628
0.62802 0.25961
0.63208 0.26302
0.63601 0.2665
0.6398 0.27002
0.64337 0.27352
0.64666 0.27692
0.64957 0.280130
0.65205 0.28308
0.65408 0.28574
0.6557 0.28814
0.656970 0.29028
0.65817 0.29265
*.*.Setup: s1223rtl.txt as Flap 1, Inverted: y, Scale = 1.0, AoA = 6.0, Reposition from (0,0) = (0, 0)*.*.
*.*.Setup: s1223rtl.txt as Flap 2, Inverted: y, Scale = 0.5, AoA = 35.0, Reposition from previous T.E. = (0.0, 0.05), Reposition from (0,0) = (0.9945, 0.1545)*.*.
*.*.Setup: s1223rtl.txt as Flap 3, Inverted: y, Scale = 0.5, AoA = 35.0, Reposition from previous T.E. = (-0.03, 0.065), Reposition from (0,0) = (1.3741, 0.5063)*.*.
*.*.Setup: Scale Ratio = 0.369*.*.