0.3562100000 -0.0175
0.35546 -0.01826
0.35395 -0.01973
0.35172 -0.02189
0.34888 -0.0246
0.34559 -0.02764
0.34199 -0.03084
0.33825 -0.03399
0.33448 -0.03693
0.330720 -0.03967
0.32695 -0.04222
0.32318 -0.04463
0.31941 -0.04692
0.31564 -0.04911
0.31187 -0.05122
0.30811 -0.05326
0.30434 -0.05521
0.30057 -0.0571
0.2968 -0.05891
0.29303 -0.06067
0.28927 -0.06236
0.2855 -0.06399
0.28173 -0.06557
0.27796 -0.0671
0.27419 -0.068570
0.27043 -0.06998
0.266660 -0.07133
0.26289 -0.07262
0.25912 -0.07385
0.25535 -0.07502
0.25158 -0.07614
0.24782 -0.07722
0.244050 -0.07827
0.24028 -0.07929
0.23651 -0.080290
0.23274 -0.08125
0.22898 -0.08217
0.22521 -0.08305
0.221440 -0.08387
0.21767 -0.084650
0.2139 -0.08538
0.21014 -0.08607
0.20637 -0.08671
0.2026 -0.08731
0.19883 -0.08787
0.19506 -0.08839
0.19129 -0.08887
0.18753 -0.08932
0.18376 -0.08973
0.17999 -0.09011
0.17622 -0.09044
0.17245 -0.09074
0.16869 -0.09099
0.16492 -0.0912
0.16115 -0.09136
0.15738 -0.09148
0.15361 -0.09155
0.14985 -0.09158
0.14608 -0.09156
0.14231 -0.09149
0.13854 -0.09138
0.134770 -0.09122
0.13101 -0.09101
0.12724 -0.09075
0.12347 -0.09044
0.1197 -0.09009
0.11593 -0.0897
0.112160 -0.08928
0.1084 -0.08882
0.10463 -0.08831
0.10086 -0.08775
0.09709 -0.087130
0.09332 -0.086420
0.089560 -0.08564
0.08579 -0.08476
0.08202 -0.0838
0.07825 -0.08275
0.07448 -0.08162
0.07072 -0.0804
0.06695 -0.07908
0.06318 -0.07765
0.05941 -0.07608
0.05564 -0.0743800
0.05187 -0.07251
0.04811 -0.0704900
0.04434 -0.068330
0.04057 -0.06601
0.0368 -0.06355
0.03303 -0.06094
0.02927 -0.05812
0.02550 -0.05501
0.02173 -0.051540
0.01796 -0.04763
0.01422 -0.04325
0.01063 -0.03853
0.00734 -0.03363
0.0045 -0.02872
0.00226 -0.02398
0.00075 -0.01956
0.000000 -0.01212
0.00075 -0.00929
0.00226 -0.00721
0.0045 -0.00592
0.00734 -0.00533
0.01063 -0.0053
0.01422 -0.00569
0.01796 -0.00637
0.02173 -0.00722
0.02550 -0.00821
0.02927 -0.00933
0.03303 -0.01058
0.0368 -0.01195
0.04057 -0.01343
0.04434 -0.015
0.04811 -0.01666
0.05187 -0.01839
0.05564 -0.02017
0.05941 -0.02199
0.06318 -0.02384
0.06695 -0.02571
0.07072 -0.02758
0.07448 -0.02946
0.07825 -0.03132
0.08202 -0.03316
0.08579 -0.03497
0.089560 -0.03677
0.09332 -0.03853
0.09709 -0.04025
0.10086 -0.04195
0.10463 -0.0436
0.1084 -0.04522
0.112160 -0.04679
0.11593 -0.04832
0.1197 -0.049810
0.12347 -0.05126
0.12724 -0.05266
0.13101 -0.054010
0.134770 -0.0553200
0.13854 -0.05658
0.14231 -0.05779
0.14608 -0.05895
0.14985 -0.06006
0.15361 -0.06111
0.15738 -0.06211
0.16115 -0.06306
0.16492 -0.06394
0.16869 -0.06477
0.17245 -0.06554
0.17622 -0.06625
0.17999 -0.066910
0.18376 -0.067530
0.18753 -0.0681
0.19129 -0.06862
0.19506 -0.06910
0.19883 -0.06953
0.2026 -0.0699
0.20637 -0.0702
0.21014 -0.07043
0.2139 -0.07059
0.21767 -0.07068
0.221440 -0.0707
0.22521 -0.07065
0.22898 -0.07054
0.23274 -0.07036
0.23651 -0.070110
0.24028 -0.06978
0.244050 -0.06938
0.24782 -0.06891
0.25158 -0.06835
0.25535 -0.06772
0.25912 -0.067
0.26289 -0.06621
0.266660 -0.06532
0.27043 -0.06435
0.27419 -0.06329
0.27796 -0.06213
0.28173 -0.06087
0.2855 -0.05951
0.28927 -0.05806
0.29303 -0.05651
0.2968 -0.05488
0.30057 -0.05316
0.30434 -0.05137
0.30811 -0.049510
0.31187 -0.04757
0.31564 -0.04555
0.31941 -0.04347
0.32318 -0.04132
0.32695 -0.03907
0.330720 -0.03672
0.33448 -0.03424
0.33825 -0.031610
0.34199 -0.02884
0.34559 -0.02607
0.34888 -0.02344
0.35172 -0.02113
0.35395 -0.019280
0.35546 -0.01804
0.3562100000 -0.0175
-Inserting Flap Ga2-
0.48847 0.08759
0.48841 0.08717
0.488280 0.08633
0.48809 0.0851
0.48783 0.083560
0.48752 0.08179
0.48714 0.07991
0.4867 0.078
0.4862 0.076150
0.48566 0.07437
0.48507 0.07265
0.48445 0.07097
0.48379 0.06933
0.48312 0.06772
0.48242 0.06614
0.48171 0.06459
0.48097 0.06306
0.48022 0.061550
0.47946 0.06006
0.47868 0.05859
0.47788 0.05714
0.47707 0.05571
0.476250 0.0543
0.47541 0.05291
0.47456 0.05153
0.4737 0.05017
0.47282 0.04884
0.47192 0.04752
0.47102 0.04622
0.47009 0.04494
0.46916 0.04367
0.46822 0.04242
0.46726 0.04118
0.466310 0.03994
0.46534 0.03872
0.46437 0.0375
0.46339 0.0363
0.46240 0.03512
0.46139 0.03394
0.46038 0.03279
0.459350 0.03165
0.45831 0.03052
0.45726 0.02941
0.4562 0.02831
0.45513 0.027230
0.45405 0.02615
0.45296 0.02509
0.45187 0.02404
0.45076 0.023
0.449650 0.02197
0.44853 0.020960
0.4474 0.01996
0.44625 0.01897
0.4451 0.018
0.44393 0.017040
0.44276 0.01609
0.44157 0.01516
0.440380 0.01425
0.43917 0.01335
0.43795 0.012460
0.43672000 0.01159
0.43547 0.01073
0.434220 0.00989
0.43295 0.00907
0.43168 0.008260
0.43039 0.00747
0.42909 0.00668
0.42778 0.00591
0.42647 0.00515
0.42514 0.004410
0.42381 0.00368
0.42245 0.002970
0.42108 0.00229
0.41969 0.00163
0.41827 0.0010
0.41684 0.0004
0.41538 -0.00017
0.4139 -0.00071
0.41241 -0.00123
0.41089 -0.00172
0.40934 -0.00217
0.40776 -0.00257
0.40614 -0.00293
0.40449 -0.00325
0.4028 -0.00351
0.40107 -0.003720
0.39931 -0.003890
0.39752 -0.00401
0.395680 -0.00409
0.3938 -0.00409
0.39185 -0.004
0.38981 -0.0038
0.38767 -0.00346
0.38541 -0.00296
0.38313 -0.00232
0.3809 -0.00155
0.37881 -0.00066
0.37696 0.00031
0.37541 0.001360
0.37338 0.00356
0.37294 0.00464
0.37292 0.00567
0.37332 0.00662
0.37409 0.0075
0.37513 0.0083
0.37637 0.00904
0.37773 0.00972
0.37914 0.01036
0.38058 0.010950
0.38206 0.01149
0.38356 0.012
0.38509 0.01247
0.38665 0.01291
0.38824 0.01331
0.38984 0.01369
0.39146 0.01404
0.393090 0.01438
0.39473 0.01471
0.39638 0.01502
0.39804 0.01533
0.39969 0.01564
0.40135 0.015950
0.403 0.01626
0.40464 0.01658
0.406290 0.016910
0.407920 0.017240
0.409550 0.01759
0.41117 0.01794
0.41278 0.01831
0.41438 0.01869
0.41597 0.01908
0.41756 0.01948
0.41913 0.01990
0.42069 0.02033
0.42224 0.02078
0.42378 0.02124
0.42531 0.02171
0.426830 0.0222
0.428340 0.02271
0.42983 0.02323
0.431320 0.02376
0.43279 0.02432
0.434240 0.02489
0.43569 0.02548
0.43712 0.02608
0.43854 0.0267
0.43994 0.027350
0.441330 0.02801
0.44271 0.02869
0.44407 0.02938
0.445420 0.03009
0.44676 0.03082
0.44809 0.03156
0.44941 0.03231
0.4507200 0.03308
0.45201 0.03387
0.45328 0.03468
0.45454 0.03552
0.45579 0.03637
0.45701 0.03725
0.45822 0.03815
0.45941 0.03907
0.46059 0.04002
0.46175 0.040980
0.46289 0.04197
0.46402 0.042980
0.46513 0.04402
0.466210 0.04507
0.46729 0.04616
0.46834 0.04727
0.46937 0.0484
0.47038 0.04957
0.47137 0.05075
0.47234 0.05197
0.47329 0.05322
0.47421 0.0545
0.47511 0.0558
0.47599 0.05715
0.47685 0.05852
0.47768 0.059920
0.47849 0.06135
0.47928 0.0628
0.480050 0.06428
0.4808 0.06579
0.48154 0.06731
0.48226 0.06886
0.48296 0.07043
0.483650 0.07203
0.48431 0.07365
0.48495 0.07531
0.48555 0.0770100
0.48613 0.07876
0.48666 0.08054
0.48714 0.0823
0.487560 0.08393
0.48791 0.08535
0.48817 0.08648
0.48836 0.08724
0.48847 0.08759
-Inserting Flap Ga2-
0.60842 0.20833
0.60842 0.2079
0.60841 0.20706
0.60839 0.20581
0.60835 0.20424
0.60828 0.20245
0.60817 0.20053
0.608 0.19858
0.60777 0.19668
0.60748 0.19484
0.60713 0.19306
0.60675 0.19131
0.60633 0.1896
0.605890 0.187910
0.60542 0.18625
0.60493 0.18461
0.60441 0.18299
0.603880 0.18139
0.60333 0.179810
0.60276 0.17825
0.60217 0.1767
0.60157 0.175170
0.600950 0.17366
0.60031 0.17217
0.59966 0.17068
0.599 0.16922
0.59832 0.16777
0.59761 0.16634
0.59690 0.16493
0.59616 0.16353
0.59541 0.16215
0.594650 0.16078
0.59388 0.15941
0.59311 0.15806
0.592320 0.15671
0.59153 0.15537
0.59072 0.15405
0.5899 0.152730
0.589070 0.15143
0.58823 0.15015
0.58737 0.148880
0.5865 0.14762
0.58561 0.14637
0.58472 0.14513
0.58381 0.14391
0.582890 0.1427
0.58196 0.14149
0.58102 0.14030
0.58007 0.139120
0.57911 0.137950
0.57814 0.13679000
0.57716 0.13564
0.57617 0.13450
0.57516 0.13337
0.57414 0.13226
0.57311 0.13116
0.57206 0.13008
0.5710 0.129
0.56993 0.12794
0.568850 0.1269
0.56775 0.12586
0.56664 0.12484
0.56551 0.12384
0.56437 0.12284
0.56322 0.12187
0.56206 0.1209
0.56088 0.11994
0.55969 0.119
0.5585 0.11806
0.55729 0.11714
0.55606 0.11623
0.55482 0.11534
0.55356 0.11448
0.55227 0.11363
0.55096 0.11281
0.54962 0.11202
0.54826 0.11125
0.54687 0.1105
0.54546 0.10978
0.54402 0.10909
0.54255 0.1084300
0.541040 0.107810
0.53949 0.10723
0.5379 0.10669
0.53626 0.10619
0.53458 0.10574
0.532860 0.105330
0.5311 0.10496
0.5293 0.10463
0.52743 0.10436
0.525490 0.10418
0.52344 0.10409
0.52127 0.10413
0.51897 0.10431
0.51662 0.10463
0.5143 0.10509
0.512110 0.10567
0.510140 0.10638
0.50846 0.1072
0.50614 0.10910
0.50556 0.11011
0.5054 0.11112
0.50566 0.11212
0.5063 0.11309
0.50722 0.11403
0.508350 0.11494
0.5096 0.1158
0.5109 0.11663
0.51225 0.11741
0.51363 0.11816
0.51505 0.11887
0.51651 0.11955
0.51799 0.1202
0.5195 0.12082
0.52104 0.12142
0.52259 0.122
0.52416 0.12256
0.52574 0.12311
0.52733 0.12365
0.52892 0.12419
0.53052 0.12472
0.53212 0.12526
0.53371 0.1258
0.53529 0.12634
0.53687 0.1269
0.53845 0.12746
0.54001 0.12802
0.541560 0.1286
0.54311 0.12919
0.54464 0.12979
0.54617 0.13039
0.54768 0.13101
0.54918 0.13165
0.55066 0.13229
0.55214 0.13295
0.5536 0.13362
0.55505 0.1343
0.55648 0.135
0.55791 0.135710
0.55931 0.13643
0.56071 0.13717
0.56209 0.13792
0.563450 0.13869
0.5648 0.13947
0.56613 0.14027
0.56745 0.14108
0.56875 0.14192
0.57003 0.14276
0.5713 0.14363
0.57255 0.14451
0.57379 0.14540
0.57502 0.1463
0.57623 0.14722
0.57743 0.14815
0.57862 0.1491
0.57979 0.15006
0.58094 0.15104
0.58207 0.15204
0.58318 0.15306
0.58427 0.1541
0.585350 0.15516
0.5864 0.156240
0.58743 0.15734
0.58845 0.15845
0.58944 0.159590
0.59042 0.160750
0.59137 0.16193
0.59230 0.16313
0.59321 0.16435
0.5941 0.16559
0.59496 0.16686
0.5958 0.16815
0.59662 0.16947
0.59741 0.17081
0.59817 0.17218
0.59891 0.17357
0.59962 0.17499
0.6003 0.17644
0.60096 0.17792
0.60158 0.17942
0.60219 0.18095
0.60277 0.1825
0.60333 0.18407
0.60387 0.18567
0.60438 0.18728
0.60488 0.18892
0.60536 0.19057
0.60581 0.19225
0.60624 0.19395
0.60664 0.19568
0.60701 0.19745
0.60733 0.19926
0.60761 0.2011
0.60784 0.2029
0.60803 0.20457
0.60817 0.20603
0.60828 0.20718
0.60836 0.20796
0.60842 0.20833
*.*.Setup: Ga2.txt as Flap 1, Inverted: y, Scale = 1.0, AoA = 0.0, Reposition from (0,0) = (0, 0)*.*.
*.*.Setup: Ga2.txt as Flap 2, Inverted: y, Scale = 0.4, AoA = 37.0, Reposition from previous T.E. = (0.04, 0.07), Reposition from (0,0) = (1.04, 0.0209)*.*.
*.*.Setup: Ga2.txt as Flap 3, Inverted: y, Scale = 0.4, AoA = 45.0, Reposition from previous T.E. = (0.04, 0.07), Reposition from (0,0) = (1.4113, 0.3159)*.*.
*.*.Setup: Scale Ratio = 0.35621*.*.