0.36453 -0.005170
0.36379 -0.00597
0.3623 -0.00753
0.360090 -0.009820
0.35729 -0.01268
0.35403 -0.01591
0.35048 -0.0193
0.34677 -0.02265
0.34302 -0.0258
0.33927 -0.02873
0.335510 -0.03147
0.33175 -0.03407
0.32798 -0.03654
0.32421 -0.03891
0.32044 -0.0412
0.31666 -0.04341
0.31288 -0.04555
0.3091 -0.047610
0.305310 -0.0496
0.301530 -0.05152
0.29774 -0.05339
0.29395 -0.05519
0.29015 -0.05694
0.28636 -0.05863
0.28256 -0.06027
0.27876 -0.06184
0.27496 -0.06336
0.27116 -0.06481
0.26735 -0.0662
0.26354 -0.067530
0.25973 -0.06881
0.255920 -0.07005
0.25211 -0.07125
0.2483 -0.07243
0.24448 -0.07358
0.24067 -0.0747
0.23685 -0.07577
0.233030 -0.0768
0.22921 -0.07778
0.22539 -0.07871
0.22157 -0.07959
0.21774 -0.080430
0.21392 -0.08122
0.21009 -0.0819600
0.20626 -0.08267
0.20243 -0.08334
0.1986 -0.08396
0.19476 -0.08456
0.19093 -0.08511
0.18709 -0.08563
0.18325 -0.08611
0.17942 -0.08655
0.17557 -0.08694
0.17173 -0.08729
0.16789 -0.08759
0.16404 -0.08784
0.1602 -0.08805
0.15635 -0.08821
0.1525 -0.08832
0.14865 -0.08839
0.14479 -0.08841
0.14094 -0.08838
0.13708 -0.0883
0.13322 -0.08817
0.12936 -0.087990
0.1255 -0.08777
0.12164 -0.0875
0.11777 -0.0872
0.11391 -0.086870
0.11004 -0.08648
0.106170 -0.08605
0.1023 -0.08554
0.09842 -0.08496
0.09454 -0.08429
0.090660 -0.08353
0.08678 -0.08268
0.08289 -0.08175
0.079 -0.08073
0.07511 -0.07961
0.07121 -0.0784
0.06731 -0.077070
0.06341 -0.07561
0.0595 -0.074
0.05558 -0.07223
0.05166 -0.0703
0.04773 -0.06822
0.0438 -0.06599
0.03986 -0.06361
0.03592 -0.06108
0.03197 -0.05833
0.02801 -0.05529
0.02404 -0.05188
0.02005 -0.04802
0.01607 -0.043680
0.01223 -0.03898
0.00869 -0.03409
0.005620 -0.02918
0.00317 -0.02442
0.00147 -0.01995
0.00043 -0.012380
0.0011 -0.00947
0.00257 -0.00728
0.00481 -0.00589
0.00768 -0.00518
0.01104 -0.00503
0.01473 -0.0053
0.01858 -0.00586
0.02246 -0.0066
0.026340 -0.00748
0.03023 -0.00849
0.03412 -0.00963
0.03802 -0.0109
0.04193 -0.01227
0.04583 -0.01375
0.04974 -0.01531
0.053650 -0.01693
0.05756 -0.018620
0.06148 -0.02034
0.065390 -0.0221
0.06931 -0.02387
0.07323 -0.025660
0.07714 -0.02744
0.081060 -0.0292
0.08497 -0.03095
0.08889 -0.03267
0.0928 -0.03436
0.09671 -0.03603
0.10062 -0.03766
0.10453 -0.03925
0.10844 -0.04081
0.11235 -0.04233
0.11626 -0.0438
0.12016 -0.04523
0.12406 -0.04662
0.12796 -0.04796
0.13186 -0.04926
0.13576 -0.05051
0.13966 -0.05171
0.14355 -0.05286
0.14744 -0.053960
0.151330 -0.05501
0.15522 -0.05601
0.15911 -0.05695
0.163 -0.05784
0.1668800 -0.058670
0.17076 -0.059440
0.17464 -0.06015
0.17852 -0.0608
0.18239 -0.0614
0.18626 -0.06194
0.19014 -0.06243
0.19401 -0.06288
0.197870 -0.06328
0.20174 -0.06364
0.2056 -0.06394
0.209470 -0.064180
0.21333 -0.06435
0.21719 -0.06445
0.22104 -0.06448
0.22489 -0.06444
0.22874 -0.06433
0.23259 -0.064140
0.23644 -0.06389
0.240280 -0.06357
0.24412 -0.06318
0.24796 -0.06272
0.2517900 -0.06217
0.25563 -0.06155
0.25946 -0.060850
0.26328 -0.06007
0.26711 -0.05921
0.27093 -0.05826
0.27475 -0.05722
0.278560 -0.05609
0.28237 -0.05487
0.28618 -0.05356
0.28998 -0.05214
0.29379 -0.05061
0.29758 -0.04899
0.30138 -0.04728
0.30517 -0.045480
0.30896 -0.043590
0.31274 -0.04162
0.31653 -0.03958
0.32031 -0.03747
0.32408 -0.03528
0.32786 -0.033020
0.33163 -0.03068
0.3354 -0.02825
0.33917 -0.02571
0.34293 -0.023040
0.34668 -0.02022
0.35041 -0.01726
0.35398 -0.0143
0.35725 -0.0115
0.36006 -0.00904
0.36228 -0.00707
0.36378 -0.00574
0.36453 -0.005170
-Inserting Flap Ga2-
0.51212 0.08006
0.51198 0.07965
0.51171 0.07883
0.5113 0.07763
0.51076 0.07612
0.51013 0.07439
0.50941 0.07256
0.50863 0.07072
0.50781 0.06895
0.506940 0.06725
0.50605 0.065620
0.505120 0.06405
0.50417 0.06251
0.50321 0.06101
0.50222 0.05955
0.50123 0.05811
0.50022 0.0566900
0.4992 0.05531
0.4981600 0.05395
0.49711 0.05261
0.49605 0.05129
0.49499 0.05
0.49391 0.04872
0.49282 0.04747
0.49172 0.04623
0.49061 0.04502
0.489480 0.04383
0.48835 0.042660
0.4872 0.04151
0.48605 0.04039
0.48488 0.03928
0.483710 0.03818
0.48253 0.0371
0.48135 0.03603
0.48016 0.03497
0.47897 0.03392
0.47777 0.03288
0.476560 0.03187
0.47534 0.03086
0.47411 0.02988
0.472870 0.02892
0.47163 0.02797
0.47037 0.02703
0.46911 0.02612
0.46784 0.025210
0.46657 0.02432
0.46528 0.02345
0.46399 0.02259
0.4627 0.02174
0.46139 0.0209
0.460080 0.02008
0.45877 0.01927
0.45744 0.01848
0.45611 0.0177
0.45476 0.01694
0.45341 0.0162
0.45205 0.01548
0.45068 0.01477
0.44931 0.01407
0.44792 0.0134
0.44653 0.01274
0.44513 0.0121
0.44372 0.01148
0.44229 0.01087
0.44086 0.01028
0.43943 0.00971
0.437980 0.00915
0.43653 0.00861
0.43507 0.00808
0.43360 0.00756
0.43213 0.00707
0.43064 0.0066
0.42914 0.00615
0.42762 0.00574
0.426080 0.00536
0.424530 0.00501
0.42296 0.00469
0.42138 0.0044
0.41978 0.00415
0.41816 0.00393
0.41652 0.00375
0.41486 0.00362
0.41317 0.003550
0.41145 0.00353
0.40971 0.00356
0.4079300 0.00365
0.40613 0.0038
0.4043 0.00399
0.40244 0.00424
0.40054 0.00457
0.39859 0.00501
0.39658 0.0055700
0.39448 0.00630
0.3923 0.0072
0.39012 0.00825
0.38801 0.00943
0.38606 0.01069
0.38437 0.0120
0.383 0.01333
0.38134 0.0159
0.38109 0.01707
0.38126 0.01811
0.38183 0.01899
0.382750 0.01974
0.38395 0.02036
0.38533 0.02088
0.38682 0.02133
0.38835 0.02172
0.38991 0.02206
0.39149 0.02235
0.39309 0.02259
0.394720 0.02279
0.39637 0.02295
0.39803 0.02308
0.39971 0.02317
0.40141 0.02325
0.40311 0.0233
0.40482 0.02333
0.40654 0.02336
0.40826 0.02338
0.409980 0.02339
0.4117 0.023410
0.41342 0.02343
0.41513 0.023460
0.41684 0.0235
0.41855 0.023540
0.420240 0.0236
0.42194 0.02367
0.42363 0.023760
0.42531 0.02385
0.42698 0.023960
0.42864 0.02409
0.4303 0.02423
0.43195 0.02439
0.43359 0.02456
0.43522 0.02475
0.43685 0.02496
0.43846 0.02518
0.44007 0.02542
0.44167 0.025680
0.44326 0.02596
0.44483 0.02625
0.4464 0.02657
0.44796 0.0269
0.44951 0.02726
0.45105 0.02763
0.45257 0.028030
0.45409 0.02845
0.45559 0.02889
0.45709 0.02935
0.45858 0.02982
0.46005 0.03032
0.46152 0.03082
0.46299 0.03135
0.46444 0.03189
0.46588 0.03246
0.46731 0.03305
0.46872 0.03366
0.47013 0.03431
0.47152 0.03497
0.47289 0.03566
0.47426 0.036380
0.47561 0.03712
0.47695 0.03789
0.47827 0.038680
0.47959 0.0395
0.48088 0.04034
0.48217 0.04121
0.483440 0.04211
0.48469 0.04304
0.48593 0.044
0.48716 0.0450
0.48837 0.04602
0.48956 0.04707
0.49074 0.04816
0.49189 0.04928
0.49303 0.050440
0.49415 0.051630
0.49526 0.05286
0.49634 0.05412
0.49741 0.05542
0.49847 0.05674
0.49951 0.05809
0.50053 0.05947
0.50155 0.06088
0.502540 0.06231
0.50353 0.063770
0.5045 0.06525
0.50546 0.06677
0.5064 0.06833
0.507310 0.06993
0.508190 0.07159
0.50904 0.07329
0.50984 0.07497
0.51055 0.076540
0.51115 0.07791
0.51162 0.07899
0.51194 0.07973
0.51212 0.08006
-Inserting Flap Ga2-
0.60924 0.2294
0.60934 0.22897
0.60953 0.22814
0.6098 0.22689
0.61013 0.22532
0.61049 0.22353
0.61083 0.22159
0.61112 0.21961
0.61133 0.217670
0.61148 0.21577
0.61156 0.21391
0.61159 0.21208
0.611570 0.21028
0.61153 0.2085
0.61146 0.20673
0.61135 0.20498
0.611230 0.20325
0.611070 0.20154
0.6109 0.19984
0.61070 0.19815
0.61048 0.19647
0.61024 0.194810
0.60998 0.19316
0.60970 0.19152
0.6094 0.18990
0.60909 0.18828
0.60875 0.18668
0.60839 0.18509
0.608 0.18352
0.6076 0.18195
0.60718 0.1804
0.60675 0.1788600
0.60631 0.17732
0.60585 0.17579
0.60539 0.17427
0.60492 0.172750
0.60443 0.17124
0.60393 0.16974
0.60341 0.16825
0.60287 0.16677
0.60231 0.1653
0.60174 0.16385
0.60116 0.1624
0.60056 0.16096
0.59994 0.15953
0.59931 0.1581
0.59867 0.15669
0.59802 0.15528
0.59736 0.15388
0.59668 0.15249
0.59599 0.1511
0.59528 0.14973
0.59456 0.14836
0.59382 0.14701
0.593070 0.14566
0.5923 0.14433
0.59152 0.143
0.59072 0.1416800
0.5899 0.140370
0.58907 0.13908
0.588220 0.13779
0.58736 0.13651
0.58648 0.13525
0.58558 0.13399
0.58466 0.132750
0.58373 0.13151
0.58279 0.13028
0.58183 0.12906
0.58086 0.12785
0.57988 0.12665
0.57887 0.12546
0.57785 0.12428
0.57679 0.12312
0.57571 0.12198
0.5746 0.12085
0.57345 0.11975
0.57228 0.11866
0.57108 0.11759
0.56984 0.11654
0.568580 0.11551
0.56727 0.11451
0.56591 0.11354
0.56451 0.11259
0.56305 0.11168
0.56154 0.1108
0.55998 0.10996
0.55836 0.10914
0.5567 0.10836
0.55498 0.10761
0.55319 0.1069
0.55130 0.10626
0.54928 0.10569
0.54711 0.10522
0.544790 0.10486
0.54237 0.10462
0.53996 0.104530
0.53764 0.10459
0.53551 0.10483
0.53365 0.10526
0.5309 0.10659
0.53008 0.10746
0.52968 0.10843
0.52971 0.10949
0.53011 0.1106
0.53081 0.11175
0.53172 0.11292
0.53276 0.11408
0.533860 0.1152
0.53501 0.1163
0.53621 0.11737
0.53746 0.11842
0.538740 0.11943
0.54007 0.12043
0.541420 0.1214
0.54281 0.12236
0.54422 0.1233
0.54565 0.12423
0.547090 0.12515
0.548540 0.12606
0.55 0.12697
0.55146 0.12788
0.55292 0.12879
0.55438 0.1297
0.55583 0.13062
0.557270 0.13154
0.5587 0.13247
0.56012 0.1334
0.56153 0.13434
0.562930 0.13529
0.56432 0.13624
0.56569 0.13721
0.56704 0.138180
0.568390 0.13916
0.56971 0.14016
0.57102 0.141160
0.57232 0.14217
0.5736 0.14319
0.57486 0.144220
0.57611 0.14526
0.57734 0.14631
0.57855 0.14737
0.57975 0.14845
0.58092 0.14953
0.58208 0.15063
0.58322 0.15174
0.58434 0.15286
0.58543 0.153990
0.58651 0.15514
0.58757 0.1563
0.58861 0.15747
0.58963 0.15865
0.59063 0.15984
0.59163 0.16103
0.5926 0.16224
0.59356 0.16346
0.5945 0.16469
0.59541 0.16594
0.59630 0.16720
0.59716 0.16848
0.598 0.16977
0.59882 0.17108
0.599610 0.1724
0.60038 0.17374
0.60113 0.17509
0.60185 0.17645
0.60255 0.17783
0.60322 0.17923
0.60386 0.18064
0.604470 0.18207
0.60506 0.18352
0.60562 0.18499
0.60615 0.18647
0.60666 0.187970
0.60713 0.18949
0.60757 0.19103
0.60797 0.19259
0.60834 0.19417
0.60868 0.195770
0.60898 0.1974
0.609250 0.19904
0.609490 0.2007
0.6097 0.20238
0.60989 0.20408
0.61005 0.20579
0.61018 0.20752
0.61029 0.20926
0.61038 0.211020
0.61043 0.21279
0.61046 0.21459
0.61045 0.2164
0.6104 0.218250
0.61029 0.22012
0.61013 0.22202
0.60994 0.22386
0.60973 0.22557
0.60953 0.22706
0.60937 0.22823
0.60926 0.22902
0.60924 0.2294
*.*.Setup: Ga2.txt as Flap 1, Inverted: y, Scale = 1.0, AoA = 2.0, Reposition from (0,0) = (0, 0)*.*.
*.*.Setup: Ga2.txt as Flap 2, Inverted: y, Scale = 0.4, AoA = 27.0, Reposition from previous T.E. = (0.04, 0.07), Reposition from (0,0) = (1.0411, 0.0558)*.*.
*.*.Setup: Ga2.txt as Flap 3, Inverted: y, Scale = 0.4, AoA = 58.333333333333336, Reposition from previous T.E. = (0.04, 0.08), Reposition from (0,0) = (1.4464, 0.2999)*.*.
*.*.Setup: Scale Ratio = 0.36413*.*.