0.36328 0.05754
0.36125 0.055290
0.35829 0.05201
0.35479 0.04876
0.35051 0.04557
0.34529 0.04224
0.33896 0.03863
0.33147 0.03472
0.32293 0.030570
0.31355 0.02628
0.3036 0.02195
0.2933 0.01767
0.28283 0.0135
0.27228 0.00949
0.2617 0.00565
0.25108 0.002
0.24039 -0.00146
0.22958 -0.00476
0.21861 -0.00792
0.20741 -0.01097
0.19597 -0.01395
0.18429 -0.0169
0.17243 -0.01982
0.1605 -0.02273
0.14866 -0.02557
0.13708 -0.0283
0.12593 -0.030830
0.11542 -0.03305
0.10563 -0.03489
0.09654 -0.03626
0.08799 -0.03714
0.07987 -0.03755
0.0721 -0.0375
0.06461 -0.036980
0.05738 -0.03601
0.05041 -0.0346
0.04373 -0.03279
0.03738 -0.03061
0.03144 -0.02815
0.02604 -0.02552
0.02126 -0.022850
0.017160 -0.02026
0.01372 -0.01781
0.010850 -0.01552
0.00849 -0.01337
0.006530 -0.011360
0.00491 -0.00948
0.00357 -0.00771
0.00248 -0.00606
0.00159 -0.0044900
0.00089 -0.003
0.00038 -0.001580
0.000086 -0.00022
-0.00012 0.0011000
0.000005 0.00243
0.00057 0.003660
0.0016 0.00465
0.00294 0.00539
0.00453 0.00598
0.00636 0.00650
0.00848 0.00698
0.01096 0.00745
0.01393 0.00793
0.01756 0.00843
0.0221 0.00896
0.02787 0.00953
0.03514 0.01013
0.04389 0.01072
0.05373 0.01119
0.064330 0.01146
0.07560 0.01155
0.08744 0.01152
0.099670 0.01144
0.11206 0.01134
0.12443 0.01125
0.13665 0.01121
0.148680 0.01123
0.16051 0.01135
0.17213 0.011590
0.183570 0.01198
0.19482 0.01254
0.20592 0.01329
0.21688 0.01424
0.2277100 0.0154
0.23843 0.01678
0.24905 0.0184
0.25959 0.02025
0.270040 0.02235
0.28039 0.02468
0.29064 0.02725
0.30073 0.03005
0.31059 0.03304
0.32005 0.03619
0.32892 0.03941
0.33694 0.04262
0.34395 0.04574
0.34991 0.04873
0.35491 0.0516
0.35908 0.05434
0.36328 0.05754
-Inserting Flap s1223rtl-
0.5361 0.15722
0.53531 0.15592
0.53417 0.15403
0.53277 0.1521
0.53097 0.15012
0.52873 0.14799
0.52596 0.14562
0.52266 0.14299
0.518860 0.14013
0.51467 0.13713
0.5102 0.13406
0.50555 0.13098
0.50081 0.12793
0.49602 0.12495
0.49119 0.12206
0.486320 0.11926
0.48141 0.11654
0.47642 0.113890
0.47133 0.111290
0.46613 0.10872
0.4608 0.10617
0.45535 0.10361
0.44981 0.101040
0.44423 0.09848
0.43869 0.095950
0.43326 0.09351
0.42803 0.0912
0.42308 0.08911
0.41846 0.08727
0.41412 0.08573
0.41002 0.08448
0.40607 0.08351
0.40225 0.08279
0.39852 0.08234
0.39488 0.08212
0.39133 0.08215
0.38787 0.0824
0.38455 0.08286
0.3814 0.0835
0.3785 0.08428
0.3759 0.085130
0.37364 0.08601
0.37171 0.08689
0.37009 0.08774
0.368720 0.08857
0.36757 0.08937
0.3666 0.09014
0.36577 0.09087
0.36508 0.09158
0.36449 0.09227
0.364010 0.09293
0.36362 0.09358
0.36332 0.094210
0.36312 0.09485
0.363050 0.09551
0.36321 0.09617
0.36362 0.09675
0.364210 0.09724
0.36494 0.09769
0.36578 0.09811
0.366780 0.09855
0.36795 0.09902
0.36936 0.09954
0.3711 0.10013
0.37328 0.10082
0.37605 0.10165
0.37957 0.10265
0.3838 0.10377
0.388590 0.10494
0.39376 0.10608
0.399280 0.1072
0.4051 0.108320
0.41111 0.10944
0.4172 0.11058
0.42328 0.11171
0.42929 0.11286
0.43519 0.11401
0.44098 0.1152
0.44666 0.11643
0.45224 0.11771
0.457710 0.11906
0.46308 0.12049
0.46837 0.122
0.47358 0.1236
0.47871 0.1253
0.48377 0.12711
0.48876 0.12903
0.49369 0.13105
0.49855 0.13318
0.50333 0.13542
0.50802 0.13776
0.512570 0.14017
0.51692 0.14262
0.520960 0.14504
0.52459 0.14738
0.52773 0.14958
0.53038 0.15162
0.53256 0.15351
0.534340 0.15525
0.5361 0.15722
-Inserting Flap s1223rtl-
0.66245 0.29787
0.66220 0.29637
0.66184 0.29419
0.66124 0.29188
0.66030 0.28938
0.659 0.28657
0.65731 0.28335
0.65521 0.27968
0.65274 0.27563
0.64995 0.27129
0.64693 0.26678
0.64375 0.2622
0.64047 0.25762
0.63711 0.25309
0.633690 0.24861
0.63020 0.24421
0.62664 0.23987
0.62298 0.23556
0.61921 0.231270
0.61533 0.22697
0.61132 0.22263
0.607190 0.21823
0.60299 0.2138
0.59875 0.20936
0.59454 0.20497
0.5904 0.20069
0.58639 0.196620
0.58256 0.19284
0.57894 0.18943
0.57548 0.1864
0.57213 0.18372
0.56882 0.18136
0.56553 0.17928
0.56224 0.17748
0.558930 0.17594
0.55562 0.17465
0.55232 0.17361
0.549060 0.17281
0.54589 0.1722500
0.54291 0.1719
0.540180 0.17173
0.53775 0.17171
0.5356400 0.17181
0.533820 0.17201
0.53224 0.17227
0.530880 0.17259
0.52969 0.17295
0.52865 0.17333
0.52774 0.17373
0.52694 0.17415
0.52625 0.174590
0.52565 0.17505
0.52514 0.17553
0.52471 0.17604
0.52441 0.176630
0.52432 0.17731
0.52448 0.178
0.52485 0.17867
0.52536 0.17935
0.52599 0.18006
0.52675 0.18083
0.52767 0.1817
0.52879 0.18271
0.530180 0.1839
0.53195 0.185340
0.53422 0.18714
0.53712 0.18936
0.54064 0.191970
0.54466 0.19482
0.54905 0.19779
0.55377 0.20087
0.55876 0.20406
0.56393 0.20732
0.56917 0.210630
0.5744 0.21393
0.57956 0.21721
0.58462 0.22046
0.58956 0.2237
0.59439 0.22694
0.5991 0.23019
0.60368 0.23347
0.60815 0.23678
0.61251 0.24013
0.61675 0.24354
0.62089 0.24702
0.62493 0.25057
0.62886 0.254190
0.63269 0.25789
0.63642 0.26167
0.64004 0.26552
0.64354 0.26942
0.64688 0.27334
0.65001 0.27722
0.65287 0.28097
0.65538 0.28448
0.657490 0.28768
0.65919 0.29056
0.66052 0.29311
0.661540 0.29539
0.66245 0.29787
*.*.Setup: s1223rtl.txt as Flap 1, Inverted: y, Scale = 1.0, AoA = 9.0, Reposition from (0,0) = (0, 0)*.*.
*.*.Setup: s1223rtl.txt as Flap 2, Inverted: y, Scale = 0.5, AoA = 20.0, Reposition from previous T.E. = (0.0, 0.1), Reposition from (0,0) = (0.9877, 0.2564)*.*.
*.*.Setup: s1223rtl.txt as Flap 3, Inverted: y, Scale = 0.5, AoA = 41.666666666666664, Reposition from previous T.E. = (-0.03, 0.05), Reposition from (0,0) = (1.4275, 0.4774)*.*.
*.*.Setup: Scale Ratio = 0.36781*.*.