0.35004 0.05544
0.34808 0.053270
0.34523 0.05011
0.34185 0.04698
0.33774 0.04391
0.3327 0.0407
0.3266 0.03722
0.31939 0.03346
0.31116 0.029460
0.30212 0.02532
0.29253 0.02115
0.28261 0.01703
0.27252 0.01301
0.26236 0.00914
0.25216 0.00544
0.24192 0.00193
0.23162 -0.00141
0.22121 -0.00459
0.21064 -0.00763
0.19985 -0.01057
0.18883 -0.01344
0.17757 -0.01628
0.16615 -0.0191
0.15465 -0.0219
0.14324 -0.02464
0.13208 -0.02727
0.12134 -0.02970
0.11121 -0.03185
0.10178 -0.03361
0.09302 -0.03493
0.08479 -0.03579
0.07696 -0.03619
0.06947 -0.03613
0.06225 -0.035630
0.05529 -0.03469
0.04858 -0.03334
0.04213 -0.0316
0.03601 -0.0295
0.0303 -0.02712
0.02509 -0.02459
0.02049 -0.022020
0.016540 -0.01952
0.01322 -0.01716
0.010460 -0.01495
0.00818 -0.01288
0.006290 -0.010940
0.00473 -0.00913
0.00344 -0.00743
0.00239 -0.00583
0.00153 -0.0043200
0.00086 -0.00289
0.00036 -0.001520
0.000086 -0.00021
-0.00012 0.00106000
0.000005 0.00234
0.00055 0.003530
0.00154 0.00448
0.00284 0.00519
0.00436 0.00576
0.00613 0.006260
0.00817 0.00672
0.01056 0.00718
0.01342 0.00764
0.01692 0.00812
0.0213 0.00863
0.02685 0.00918
0.03386 0.00976
0.04229 0.01033
0.05177 0.01078
0.061980 0.01104
0.072840 0.01113
0.08425 0.0111
0.096030 0.01102
0.10798 0.01093
0.1199 0.01084
0.13167 0.0108
0.143260 0.01082
0.15466 0.01093
0.16586 0.011170
0.176880 0.01154
0.18772 0.01208
0.19841 0.0128
0.20897 0.01372
0.2194100 0.01484
0.22974 0.01617
0.23998 0.01773
0.25012 0.01952
0.260190 0.02153
0.27017 0.02378
0.28004 0.02626
0.28977 0.02895
0.29926 0.03184
0.30839 0.03487
0.31693 0.03797
0.32466 0.04107
0.33141 0.04407
0.33716 0.04696
0.34198 0.04972
0.34599 0.05236
0.35004 0.05544
-Inserting Flap s1223rtl-
0.51773 0.14805
0.51708 0.14674
0.51615 0.14483
0.51496 0.14286
0.5134 0.14081
0.51143 0.13857
0.50897 0.13606
0.50603 0.13326
0.50262 0.1302
0.49884 0.12697
0.49481 0.123640
0.49061 0.1203
0.48632 0.11697
0.48197 0.11371
0.47757 0.11053
0.47314 0.10743
0.46865 0.10441
0.46408 0.10144
0.45942 0.09852
0.45464 0.09562
0.44974 0.09272
0.444720 0.08981
0.43962 0.08688
0.43448 0.08395
0.42937 0.08106
0.42437 0.07826
0.41954 0.075610
0.41497 0.07318
0.41068 0.07103
0.40665 0.069190
0.402810 0.06764
0.39911 0.066380
0.3955 0.06537
0.39196 0.06462
0.38848 0.06411
0.38507 0.06383
0.38173 0.063780
0.3785 0.06395
0.37543 0.0643
0.37257 0.0648
0.37001 0.0654
0.36777 0.06606
0.36585 0.0667300
0.36421 0.06742
0.36283 0.0681
0.36166 0.06877
0.36066 0.069420
0.35981 0.07006
0.35908 0.07069
0.35846 0.07129
0.35794 0.07189
0.35751 0.07248
0.35717 0.073060
0.35692 0.073660
0.35681 0.07429
0.35691 0.07493
0.35725 0.07552
0.35778 0.07605
0.35843 0.07653
0.35921 0.07701
0.360130 0.07752
0.36121 0.07807
0.36253 0.07868
0.36414 0.0794
0.36617 0.08024
0.36877 0.08127
0.37206 0.08252
0.37603 0.08396
0.38052 0.08548
0.3854 0.08701
0.3906 0.088550
0.39609 0.09011
0.40176 0.091690
0.40752 0.0933
0.41326 0.0949
0.418930 0.0965
0.42449 0.0981
0.42995 0.09973
0.43531 0.10139
0.44055 0.10309
0.445690 0.10484
0.45073 0.10666
0.45568 0.10855
0.46054 0.110530
0.46532 0.1126
0.47002 0.11476
0.474660 0.11701
0.47922 0.11937
0.4837 0.121830
0.48811 0.12438
0.49241 0.12701
0.49658 0.12971
0.50054 0.13242
0.50422 0.13509
0.507510 0.13764
0.51034 0.140020
0.5127 0.14220
0.51464 0.14419
0.5162 0.14601
0.51773 0.14805
-Inserting Flap s1223rtl-
0.663810 0.28631
0.66349 0.28488
0.66302 0.28281
0.66232 0.2806200
0.66128 0.278270
0.65987 0.27564
0.65806 0.27263
0.65584 0.26922
0.65323 0.265460
0.6503 0.26144
0.64714 0.25728
0.64383 0.25305
0.64042 0.24883
0.63694 0.24465
0.6334 0.24054
0.62979 0.2365
0.62612 0.23252
0.62236 0.228590
0.6185 0.22467
0.61452 0.22075
0.61042 0.2168
0.60621 0.2128
0.60192 0.20877
0.59759 0.20474
0.59329 0.20075
0.58907 0.19687
0.58498 0.19318
0.58109 0.18976
0.577410 0.18668
0.57392 0.18396
0.570540 0.18157
0.56723 0.17948
0.56395 0.17767
0.56068 0.17612
0.55741 0.17482
0.55416 0.17377
0.55092 0.17295
0.54774 0.17237
0.54466 0.172
0.54177 0.17183
0.53914 0.17182
0.5368 0.17194
0.53478 0.17216
0.53304 0.17245
0.53153 0.17279
0.53024 0.17317
0.52911 0.17358
0.52814 0.17401
0.52728 0.17444
0.52654 0.17489
0.525900 0.17535
0.52534 0.17583
0.52488 0.17632
0.5245 0.176840
0.52424 0.17742
0.524190 0.17808
0.52439 0.17873
0.52478 0.17936
0.52531 0.17998
0.52595 0.18063
0.52673 0.18133
0.52766 0.18212
0.5288 0.18302
0.5302 0.18409
0.53198 0.18538
0.53427 0.18698
0.53718 0.18895
0.54072 0.19126
0.54474 0.19378
0.54913 0.1964
0.55384 0.19909
0.55882 0.20188
0.56397 0.20473
0.56921 0.20761
0.57442 0.2105
0.57957 0.21336
0.58461 0.21621
0.58955 0.21905
0.594380 0.2219
0.59909 0.22476
0.60368 0.22765
0.608170 0.23058
0.61254 0.23357
0.61682 0.23661
0.6210 0.23972
0.62508 0.24291
0.629060 0.24618
0.63296 0.24952
0.63675 0.25295
0.640450 0.25644
0.64403 0.26
0.64746 0.26358
0.6507 0.26714
0.65366 0.27058
0.65627 0.27383
0.65848 0.27679
0.66028 0.27946
0.6617 0.28184
0.6628 0.28397
0.663810 0.28631
*.*.Setup: s1223rtl.txt as Flap 1, Inverted: y, Scale = 1.0, AoA = 9.0, Reposition from (0,0) = (0, 0)*.*.
*.*.Setup: s1223rtl.txt as Flap 2, Inverted: y, Scale = 0.5, AoA = 25.0, Reposition from previous T.E. = (0.02, 0.05), Reposition from (0,0) = (1.0077, 0.2064)*.*.
*.*.Setup: s1223rtl.txt as Flap 3, Inverted: y, Scale = 0.5, AoA = 38.333333333333336, Reposition from previous T.E. = (0.02, 0.08), Reposition from (0,0) = (1.4808, 0.4977)*.*.
*.*.Setup: Scale Ratio = 0.3544*.*.