0.3679 -0.03098
0.36709 -0.031740
0.36548 -0.0332
0.363090 -0.03536
0.36005 -0.03805
0.356540 -0.04109
0.35271 -0.04426
0.34872 -0.04738
0.34471 -0.050290
0.34072 -0.05299
0.33673 -0.0555
0.33274 -0.057850
0.32876 -0.060080
0.32478 -0.06222
0.32081 -0.06426
0.31684 -0.06623
0.31287 -0.06812
0.3089 -0.06993
0.30494 -0.07167
0.30097 -0.07335
0.29702 -0.07497
0.29306 -0.07652
0.2891 -0.07802
0.28515 -0.07946
0.2812 -0.08084
0.27725 -0.08217
0.2733 -0.08343
0.26936 -0.08463
0.26541 -0.08576
0.26147 -0.08684
0.25753 -0.08786
0.2536 -0.08884
0.24966 -0.08979
0.24572 -0.09071
0.24179 -0.09161
0.23786 -0.09247
0.23392 -0.09328
0.22999 -0.09405
0.22607 -0.09477
0.22214 -0.09544
0.21822 -0.09606
0.21429 -0.09663
0.21037 -0.09716
0.20645 -0.09765
0.20253 -0.09809
0.19861 -0.098490
0.19470 -0.09885
0.19078 -0.09918
0.18687 -0.09947
0.18296 -0.09972
0.17905 -0.09994
0.17514 -0.10011
0.17123 -0.10023
0.16733 -0.100310
0.16342 -0.10034
0.15952 -0.10033
0.15562 -0.10027
0.15172 -0.10016
0.14782 -0.1
0.14392 -0.0998
0.14003 -0.09955
0.13614 -0.09924
0.13225 -0.09889
0.12836 -0.09848
0.12447 -0.09803
0.12058 -0.09753
0.1167 -0.09699
0.11282 -0.09642
0.10894 -0.095800
0.10506 -0.09514
0.10118 -0.09443
0.0973 -0.09365
0.09343 -0.09278
0.08956 -0.09183
0.08569 -0.09079
0.08183 -0.08966
0.07797 -0.088440
0.07411 -0.08713
0.07026 -0.08574
0.0664 -0.08424
0.06256 -0.082620
0.05872 -0.08086
0.05488 -0.07896
0.05105 -0.07689
0.047220 -0.07467
0.0434 -0.07229
0.03959 -0.06976
0.03578 -0.06708
0.03197 -0.06424
0.02818 -0.06119
0.02439 -0.057840
0.02062 -0.05411
0.01686 -0.04993
0.01315 -0.04526
0.0096 -0.040240
0.00637 -0.03505
0.00361 -0.02988
0.00147 -0.02489
7e-05 -0.02026
-0.00044 -0.012530
0.00044 -0.00964
0.00208 -0.00754
0.00444 -0.00629
0.0074 -0.00578
0.0108 -0.00586
0.0145 -0.0064
0.01835 -0.00724
0.02222 -0.008250
0.02608 -0.00941
0.02994 -0.01071
0.03379 -0.01214
0.03764 -0.01369
0.04149 -0.01536
0.04533 -0.01713
0.04917 -0.01898
0.053 -0.02090
0.05684 -0.02287
0.06067 -0.02489
0.0645 -0.02695
0.06833 -0.02902
0.07216 -0.03109
0.07599 -0.033170
0.07983 -0.03523
0.08366 -0.03727
0.08749 -0.03928
0.09132 -0.04127
0.09516 -0.04323
0.09899 -0.04515
0.10283 -0.04704
0.10667 -0.04889
0.11051 -0.0507
0.11435 -0.05246
0.1182 -0.05418
0.12204 -0.05586
0.12589 -0.05749
0.12973 -0.05908
0.13358 -0.06061
0.13743 -0.06210
0.14129 -0.06354
0.14514 -0.06493
0.149 -0.06626
0.15286 -0.06755
0.15672 -0.06877
0.16058 -0.06994
0.16444 -0.07106
0.16831 -0.07211
0.172180 -0.07311
0.17605 -0.07404
0.17992 -0.07491
0.1838 -0.075730
0.18767 -0.0765
0.19155 -0.07723
0.19543 -0.07791
0.19931 -0.07854
0.20319 -0.07912
0.20708 -0.07963
0.21097 -0.08008
0.21486 -0.08046
0.21875 -0.08076
0.22264 -0.080990
0.22654 -0.08114
0.23044 -0.08123
0.23434 -0.081250
0.23825 -0.081200
0.242160 -0.08108
0.24607 -0.080880
0.24998 -0.0806
0.2539 -0.08024
0.25781 -0.07981
0.26174 -0.07929
0.26566 -0.07868
0.26959 -0.07799
0.27352 -0.07721
0.27745 -0.07635
0.28139 -0.07538
0.28533 -0.07432
0.28927 -0.07316
0.29322 -0.07189
0.29717 -0.07052
0.3011200 -0.06905
0.30508 -0.0675
0.30904 -0.06586
0.31301 -0.06414
0.31697 -0.06235
0.32094 -0.06048
0.32491 -0.05853
0.328880 -0.05651
0.33286 -0.05442
0.33684 -0.05223
0.34082 -0.04993
0.34481 -0.0475
0.34881 -0.04492
0.35278 -0.04219
0.35659 -0.03945
0.36009 -0.03686
0.36311 -0.03457
0.36549 -0.03274
0.3671 -0.0315
0.3679 -0.03098
-Inserting Flap Ga2-
0.48699 0.066850
0.48689 0.066420
0.48669 0.06557
0.48638 0.06432
0.485970 0.062750
0.48549 0.06096
0.48493 0.05905
0.4843 0.05712
0.48363 0.05526
0.4829 0.053470
0.48214 0.05175
0.48135 0.0500800
0.48052 0.04845
0.479680 0.04685
0.47882 0.04528
0.47795 0.04374
0.47705 0.04223
0.47614 0.04074
0.47522 0.03927
0.47428 0.03783
0.47333 0.03641
0.47236 0.03501
0.47139 0.03363
0.4704 0.03227
0.4694 0.03092
0.46838 0.0296
0.46736 0.0283
0.46632 0.02702
0.46526 0.02576
0.46420 0.02452
0.46312 0.0233
0.46203 0.0221
0.46094 0.0209
0.459840 0.01972
0.45874 0.01854
0.45762 0.01737
0.4565 0.01622
0.455370 0.01509
0.45423 0.013970
0.45308 0.01287
0.45191 0.01179
0.45074 0.01072
0.44956 0.00967
0.44837 0.00863
0.44717 0.00761
0.44596 0.0066
0.44474 0.0056
0.44352 0.00462
0.44228 0.00365
0.44104 0.00269
0.43979 0.00174
0.43853 0.00081
0.43727 -0.0001
0.43599 -0.001
0.4347 -0.00189
0.4334 -0.00276
0.4321 -0.00361
0.43078 -0.00444
0.42945 -0.00526
0.42811 -0.00607
0.42677 -0.006860
0.42541 -0.00763
0.42404 -0.00838
0.42266 -0.00911
0.42127 -0.00983
0.419870 -0.01054
0.41846 -0.01123
0.41704 -0.0119
0.41562 -0.01257
0.41418 -0.01322
0.41274 -0.01385
0.41128 -0.01446
0.4098 -0.01504
0.4083 -0.01559
0.40679 -0.01611
0.40525 -0.0166
0.4037 -0.017050
0.40213 -0.01748
0.40054 -0.01788
0.39893 -0.01825
0.39729 -0.01857
0.39562 -0.01885
0.39392 -0.01907
0.39219 -0.01925
0.39043 -0.01936
0.388630 -0.019430
0.3868 -0.01944
0.38493 -0.01941
0.38304 -0.01932
0.38109 -0.01915
0.37909 -0.01889
0.377 -0.01850
0.37482 -0.01795
0.37255 -0.01723
0.37025 -0.01636
0.36802 -0.01536
0.36595 -0.01427
0.36412 -0.0130900
0.36262 -0.01187
0.36072 -0.00942
0.36037 -0.00826
0.36044 -0.0072
0.36094 -0.00626
0.36181 -0.00543
0.362960 -0.00469
0.36431 -0.00404
0.36577 -0.00346
0.36728 -0.00293
0.36882 -0.00245
0.37039 -0.00202
0.37199 -0.001630
0.37361 -0.00129
0.37526 -0.00098
0.37693 -0.00071
0.37861 -0.00046
0.380310 -0.000240
0.38203 -4e-05
0.383750 0.00015
0.38548 0.00033
0.387210 0.0005
0.38895 0.00066
0.39068 0.00083
0.39241 0.00101
0.39414 0.00119
0.39586 0.00138
0.397580 0.001570
0.39929 0.00178
0.40099 0.002
0.40269 0.00224
0.40437 0.002480
0.40605 0.00274
0.40772 0.00302
0.40938 0.00330
0.41103 0.00361
0.41267 0.003930
0.4143 0.00426
0.41592 0.00461
0.41753 0.00498
0.41913 0.00537
0.42072 0.00577
0.4223 0.006190
0.42386 0.00663
0.42542 0.00708
0.42696 0.00756
0.42849 0.00805
0.43001 0.00857
0.43151 0.0091
0.43301 0.00966
0.434480 0.01024
0.43595 0.01083
0.43741 0.01144
0.43886 0.01207
0.4403 0.01271
0.44173 0.013370
0.44314 0.01405
0.44455 0.01475
0.44594 0.01547
0.44731 0.01621
0.44867 0.01698
0.45001 0.01778
0.45134 0.0186
0.45265 0.01944
0.45395 0.02031
0.45523 0.0212
0.4565 0.02211
0.45775 0.023050
0.45899 0.02402
0.46021 0.02502
0.46141 0.02604
0.46259 0.02709
0.46376 0.02816
0.46491 0.02927
0.46604 0.03041
0.46715 0.031580
0.46824 0.03278
0.46931 0.03401
0.47035 0.03528
0.47138 0.03658
0.47238 0.03792
0.47337 0.03929
0.47433 0.04069
0.47528 0.042120
0.47621 0.04358
0.47712 0.04506
0.478020 0.04657
0.4789 0.0481
0.479770 0.04966
0.48062 0.05124
0.48145 0.05286
0.48226 0.05451
0.48303 0.05621
0.48378 0.05796
0.48449 0.05975
0.48514 0.06151
0.48572 0.06316
0.486210 0.06459
0.48659 0.06573
0.48685 0.0665
0.48699 0.066850
-Inserting Flap Ga2-
0.59892 0.20387
0.59897 0.20343
0.59906 0.20257
0.59919 0.20128
0.59934 0.19967
0.59948 0.19782
0.59959000 0.19583
0.59966 0.1938
0.59965 0.19182
0.59957 0.1899
0.59943 0.188020
0.59924 0.18617
0.59902 0.18436
0.59876 0.18258
0.59848 0.18081
0.59817 0.17906
0.59784 0.177340
0.59748 0.17563
0.59711 0.17394
0.59671 0.17226
0.596290 0.17061
0.59585 0.16896
0.5954 0.16733
0.594930 0.16572
0.59444 0.16412
0.59393 0.16253
0.5934 0.16096
0.59285 0.1594
0.59228 0.15786
0.591690 0.15634
0.59109 0.15483
0.590470 0.15333
0.589840 0.15183
0.58921 0.15035
0.588570 0.14887
0.58791 0.1474
0.58724 0.14594
0.58656 0.14449
0.585860 0.14305
0.58514 0.14163
0.584410 0.14021
0.58367 0.13882
0.582910 0.13743
0.58214 0.136050
0.58135 0.13468
0.58055 0.133320
0.57974 0.13198
0.57892 0.13064
0.57808 0.12931
0.57724 0.12799
0.57638 0.12668
0.57551 0.12538
0.574620 0.12409
0.57372 0.12281
0.57281 0.12154
0.57188 0.12029
0.57093 0.11905
0.56997 0.11782
0.569 0.1166
0.56801 0.11539
0.56701 0.1142
0.56599 0.11301
0.56495 0.11184
0.5639 0.110690
0.56283 0.10954
0.561750 0.108410
0.56066 0.10728
0.55955 0.106170
0.55843 0.10506
0.5573 0.10397
0.55615 0.10289
0.55498 0.10182
0.55378 0.10078
0.552560 0.099760
0.55131 0.098760
0.55003 0.09778
0.54872 0.09683
0.54738 0.09589
0.54602 0.09498
0.544620 0.0941
0.54319 0.093240
0.54172 0.092420
0.54019 0.0916400
0.53862 0.09089
0.537 0.09018
0.53532 0.08952
0.5336 0.08889
0.53184 0.0883
0.53002 0.08774
0.52814 0.08724
0.526160 0.08682
0.52407 0.08649
0.52183 0.08627
0.51944 0.08617
0.516990 0.08622
0.51455 0.08641
0.51223 0.08675
0.51011 0.087240
0.50829 0.08789
0.50568 0.08955
0.50496 0.09052
0.50467 0.09155
0.50482 0.0926
0.50536 0.09368
0.506190 0.09476
0.50724 0.09582
0.50843 0.09686
0.50967 0.09787
0.51096 0.09884
0.51229 0.09977
0.51367 0.10068
0.51508 0.10155
0.516530 0.10239
0.518 0.10321
0.51951 0.104010
0.521040 0.10479
0.52258 0.10556
0.52414 0.10631
0.52571 0.10706
0.52729 0.10781
0.52886 0.10855
0.53044 0.10929
0.53201 0.11004
0.53358 0.11079
0.5351400 0.11155
0.53669 0.11231
0.53823 0.113080
0.53976 0.11386
0.54127 0.11465
0.54278 0.11545
0.54427 0.11626
0.545750 0.1170800
0.54721 0.11791
0.548670 0.11875
0.5501 0.1196
0.55153 0.120470
0.55293 0.12134
0.55433 0.12223
0.5557 0.12313
0.55706 0.12405
0.55841 0.12497
0.55974 0.12591
0.56105 0.12687
0.56234 0.127830
0.56361 0.12881
0.56487 0.12981
0.56611 0.13082
0.56732 0.13185
0.56852 0.132890
0.56971 0.13394
0.57087 0.13501
0.57202 0.13609
0.57316 0.13718
0.57429 0.13828
0.57539 0.13939
0.57648 0.14052
0.57755 0.14167
0.57859 0.14283
0.5796100 0.14401
0.58061 0.14521
0.58158 0.14643
0.582530 0.14767
0.58346 0.14892
0.584370 0.15019
0.58526 0.15148
0.586120 0.15279
0.58696 0.15412
0.58777 0.15546
0.58856 0.156830
0.58932 0.15821
0.59006 0.15962
0.59077 0.16105
0.59145 0.1625
0.5921 0.16398
0.592720 0.16547
0.59331 0.16699
0.59387 0.16854
0.59440 0.17011
0.59489 0.171710
0.59536 0.17333
0.595800 0.17498
0.59621 0.17664
0.596590 0.17832
0.59695 0.18003
0.59729 0.18175
0.59761 0.18349
0.5979 0.18525
0.59817 0.18703
0.59840 0.18883
0.59861 0.19066
0.598770 0.19252
0.59888 0.19442
0.59895 0.19634
0.5989700 0.19822
0.59896 0.19996
0.59894 0.20148
0.59891 0.20268
0.5988900 0.20349
0.59892 0.20387
*.*.Setup: Ga2.txt as Flap 1, Inverted: y, Scale = 1.0, AoA = -2.0, Reposition from (0,0) = (0, 0)*.*.
*.*.Setup: Ga2.txt as Flap 2, Inverted: y, Scale = 0.4, AoA = 32.0, Reposition from previous T.E. = (-0.0267, 0.07), Reposition from (0,0) = (0.971, -0.014)*.*.
*.*.Setup: Ga2.txt as Flap 3, Inverted: y, Scale = 0.4, AoA = 51.666666666666664, Reposition from previous T.E. = (0.04, 0.07), Reposition from (0,0) = (1.3606, 0.2513)*.*.
*.*.Setup: Scale Ratio = 0.36875*.*.