0.3658 0.03845
0.363660 0.03631
0.36053 0.03319
0.35686 0.03013
0.35243 0.02716
0.347030 0.024110
0.34052 0.02084
0.33284 0.01733
0.324090 0.01363
0.31450 0.00984
0.30434 0.00603
0.29383 0.0023
0.283160 -0.001320
0.27241 -0.00478
0.26164 -0.00805
0.25084 -0.011140
0.23998 -0.01404
0.22902 -0.01677
0.217900 -0.01935
0.20656 -0.02181
0.19498 -0.02419
0.18316 -0.02652
0.17116 -0.02882
0.1591 -0.03110
0.14712 -0.03332
0.13541 -0.03544
0.12415 -0.03738
0.11353 -0.03905
0.10366 -0.04037
0.09451 -0.04126
0.08593 -0.0417
0.0778 -0.04168
0.07004 -0.04122
0.06259 -0.04031
0.05542 -0.03896
0.04853 -0.0372
0.041950 -0.03504
0.03572 -0.03253
0.02993 -0.02976
0.02467 -0.02685
0.02004 -0.023930
0.01608 -0.02113
0.01277 -0.0185
0.01003 -0.01606
0.00778 -0.01379
0.005930 -0.01168
0.00441 -0.009720
0.00316 -0.00789
0.00216 -0.00618
0.00135 -0.004560
0.00074 -0.00304
0.00029 -0.0016
0.000055 -0.00022
-6e-05 0.00111
0.00013 0.00243
0.00076 0.00363
0.00184 0.00456
0.003220 0.00522
0.00484 0.005730
0.00669 0.00615
0.00883 0.00652
0.01134 0.00686
0.01433 0.00719
0.01798 0.0075
0.02254 0.007790
0.02833 0.00805
0.03563 0.00828
0.04439 0.008410
0.05424 0.00837
0.06484 0.00808
0.0761 0.00758
0.08793 0.00693
0.10013 0.00621
0.11251 0.00546
0.12485 0.00473
0.137060 0.00404
0.14907 0.00343
0.160890 0.00293
0.17251 0.00256
0.18395 0.00236
0.195220 0.00233
0.20634 0.00249
0.21733 0.00287
0.22821 0.00346
0.23899 0.00428
0.24968 0.00534
0.2603 0.00664
0.27084 0.00818
0.28131 0.00997
0.29167 0.012
0.3019 0.014270
0.3119 0.01674
0.32152 0.01939
0.33054 0.02214
0.33872 0.02493
0.345880 0.02768
0.35199 0.03036
0.35713 0.03296
0.36143 0.035470
0.3658 0.03845
-Inserting Flap s1223rtl-
0.52507 0.15799
0.52453 0.15657
0.52373 0.15451
0.52268 0.15237
0.52126 0.15011
0.51942 0.14762
0.51711 0.1448
0.51431 0.14164
0.51107 0.13817
0.50746 0.13449
0.50359 0.13068
0.49955 0.12684
0.49541 0.12302
0.49121 0.11925
0.48695 0.115560
0.48265 0.11196
0.47828 0.10842
0.47382 0.10495
0.46927 0.10151
0.46459 0.09808
0.45978 0.09464
0.45486 0.09117
0.44985 0.08768
0.4448 0.08419
0.43978 0.08073
0.43486 0.07739
0.43011 0.07421
0.4256 0.07129
0.42136 0.06868
0.41736 0.06641
0.413530 0.06446
0.40982 0.062820
0.406180 0.06145
0.40259 0.06035
0.39904 0.05951
0.39554 0.05891
0.39209 0.05856
0.38874 0.05844
0.38553 0.058530
0.38253 0.05879
0.37982 0.05918
0.37745 0.05965
0.3754 0.06018
0.37365 0.06074
0.37216 0.06131
0.37089 0.0619
0.369790 0.06249
0.36885 0.06307
0.36805 0.063650
0.36735 0.06422
0.36676 0.06479
0.36626 0.06536
0.36586 0.06594
0.36555 0.06653
0.36537 0.06717
0.36541 0.06785
0.36572 0.06849
0.36621 0.06908
0.36685 0.06964
0.36761 0.07021
0.368510 0.07081
0.36959 0.07148
0.37089 0.07223
0.37249 0.07311
0.37452 0.07417
0.37711 0.07547
0.38039 0.07706
0.38437 0.07890
0.38888 0.08089
0.39378 0.08291
0.39902 0.08497
0.40456 0.08708
0.41028 0.08923
0.41608 0.09141
0.42187 0.093580
0.42759 0.09575
0.4332 0.097920
0.4387 0.10009
0.44408 0.10229
0.44935 0.104520
0.4545 0.1068
0.45955 0.109140
0.46449 0.11154
0.469340 0.11402
0.47410 0.11659
0.47877 0.119250
0.48335 0.122
0.48785 0.12485
0.49227 0.1278
0.49659 0.13083
0.5008 0.13395
0.50487 0.13711
0.50872 0.14028
0.51228 0.14337
0.51545 0.1463
0.51816 0.14902
0.52041 0.15148
0.52223 0.15372
0.52368 0.15574
0.52507 0.15799
-Inserting Flap s1223rtl-
0.6583 0.29045
0.657970 0.28897
0.65748 0.28681
0.656750 0.28454
0.65567 0.2821
0.6542 0.27937
0.65233 0.27625
0.650020 0.27271
0.64732 0.26881
0.64428 0.26464
0.641 0.26032
0.63756 0.25593
0.63402 0.25155
0.630400 0.24721
0.62673 0.24295
0.62299 0.23875
0.61918 0.234620
0.61528 0.23054
0.61127 0.22647
0.60714 0.2224
0.60288 0.2183
0.598510 0.21416
0.59406 0.209980
0.58957 0.20579
0.58511 0.20165
0.58072 0.19762
0.57648 0.19379
0.57245 0.19024
0.56863 0.18705
0.565 0.18422
0.56149 0.18174
0.55806 0.17957
0.554650 0.1777
0.55126 0.17609
0.54787 0.17474
0.54449 0.17364
0.54113 0.1728
0.53783 0.17219
0.53464 0.17181
0.53164 0.17163
0.5289 0.171630
0.52648 0.17175
0.52438 0.17198
0.52257 0.17227
0.52101 0.17263
0.51967 0.17303
0.5185 0.17345
0.51749 0.17389
0.5166 0.17435
0.51583 0.174810
0.51516 0.17529
0.51459 0.17578
0.51411 0.17629
0.51372 0.17683
0.51344 0.17744
0.51339 0.178120
0.5136 0.1788
0.514 0.17945
0.514550 0.1801
0.51522 0.180770
0.51603 0.18150
0.51699 0.18231
0.51817 0.18325
0.51963 0.184350
0.52148 0.1857
0.523850 0.18736
0.52688 0.1894
0.53054 0.1918
0.53472 0.19442
0.53927 0.19713
0.54416 0.19993
0.54933 0.20282
0.55468 0.205780
0.56011 0.2087700
0.56552 0.21177
0.57086 0.21474
0.5761 0.217690
0.58123 0.22064
0.58623 0.2236
0.59112 0.22657
0.59589 0.22957
0.60055 0.232610
0.60509 0.23571
0.60953 0.23887
0.61386 0.2421
0.6181 0.24541
0.62223 0.24879
0.62627 0.25227
0.630220 0.25582
0.63405 0.25945
0.63777 0.26314
0.64133 0.26686
0.644690 0.27055
0.64776 0.27413
0.65047 0.27749
0.65276 0.28057
0.654630 0.28333
0.65611 0.285810
0.65725 0.28802
0.6583 0.29045
*.*.Setup: s1223rtl.txt as Flap 1, Inverted: y, Scale = 1.0, AoA = 6.0, Reposition from (0,0) = (0, 0)*.*.
*.*.Setup: s1223rtl.txt as Flap 2, Inverted: y, Scale = 0.5, AoA = 30.0, Reposition from previous T.E. = (0.0, 0.075), Reposition from (0,0) = (0.9945, 0.1795)*.*.
*.*.Setup: s1223rtl.txt as Flap 3, Inverted: y, Scale = 0.5, AoA = 38.333333333333336, Reposition from previous T.E. = (-0.03, 0.05), Reposition from (0,0) = (1.3975, 0.4795)*.*.
*.*.Setup: Scale Ratio = 0.36782*.*.