0.3716500000 -0.01826
0.37087 -0.01905
0.3693 -0.02059
0.36696 -0.02284
0.364 -0.02566
0.36057 -0.02884
0.35682 -0.03218
0.35291 -0.03546
0.34898 -0.03853
0.345050 -0.04139
0.34112 -0.04406
0.33719 -0.04657
0.33326 -0.04895
0.32933 -0.05124
0.32539 -0.05345
0.32146 -0.05556
0.31753 -0.0576
0.3136 -0.05957
0.30967 -0.06147
0.30574 -0.0633
0.30181 -0.06506
0.29787 -0.06677
0.29394 -0.06841
0.29001 -0.07001
0.28608 -0.071540
0.28215 -0.07301
0.278220 -0.07442
0.27429 -0.07577
0.27035 -0.07705
0.26642 -0.07827
0.26249 -0.07944
0.25856 -0.08057
0.254630 -0.08166
0.2507 -0.08273
0.24676 -0.083770
0.24283 -0.08477
0.2389 -0.08573
0.23497 -0.08665
0.231040 -0.08751
0.22711 -0.088320
0.22318 -0.08908
0.21924 -0.0898
0.21531 -0.09047
0.21138 -0.09109
0.20745 -0.09168
0.20352 -0.09222
0.19959 -0.09272
0.19566 -0.09319
0.19172 -0.09362
0.18779 -0.09401
0.18386 -0.09436
0.17993 -0.09467
0.176 -0.09494
0.17207 -0.09515
0.16814 -0.09532
0.1642 -0.09545
0.16027 -0.09552
0.15634 -0.09555
0.15241 -0.09553
0.14848 -0.09546
0.14455 -0.09534
0.140620 -0.09517
0.13668 -0.09496
0.13275 -0.09468
0.12882 -0.09436
0.12489 -0.094
0.12096 -0.09359
0.117030 -0.09315
0.1131 -0.09267
0.10916 -0.09214
0.10523 -0.09155
0.1013 -0.09090
0.09737 -0.090170
0.093440 -0.08935
0.08951 -0.08844
0.08557 -0.08743
0.08164 -0.08634
0.07771 -0.08516
0.07378 -0.08389
0.06985 -0.08251
0.06592 -0.08101
0.06199 -0.07938
0.05805 -0.077600
0.05412 -0.07566
0.05019 -0.0735500
0.04626 -0.071290
0.04233 -0.06887
0.0384 -0.06631
0.03447 -0.06358
0.03053 -0.06064
0.02660 -0.0574
0.02267 -0.053770
0.01874 -0.0497
0.01483 -0.04513
0.01109 -0.0402
0.00765 -0.03508
0.00469 -0.02997
0.00236 -0.02502
0.00079 -0.02041
0.000000 -0.01264
0.00079 -0.0097
0.00236 -0.00752
0.00469 -0.00617
0.00765 -0.00556
0.01109 -0.00553
0.01483 -0.00594
0.01874 -0.00664
0.02267 -0.00753
0.02660 -0.00856
0.03053 -0.00974
0.03447 -0.01104
0.0384 -0.01247
0.04233 -0.01401
0.04626 -0.01565
0.05019 -0.01738
0.05412 -0.01918
0.05805 -0.02104
0.06199 -0.02294
0.06592 -0.02487
0.06985 -0.02682
0.07378 -0.02878
0.07771 -0.03073
0.08164 -0.03267
0.08557 -0.03459
0.08951 -0.03649
0.093440 -0.03836
0.09737 -0.0402
0.1013 -0.042
0.10523 -0.04376
0.10916 -0.04549
0.1131 -0.04718
0.117030 -0.04882
0.12096 -0.05042
0.12489 -0.051970
0.12882 -0.05348
0.13275 -0.05494
0.13668 -0.056350
0.140620 -0.0577200
0.14455 -0.05903
0.14848 -0.06029
0.15241 -0.0615
0.15634 -0.06266
0.16027 -0.06376
0.1642 -0.0648
0.16814 -0.06579
0.17207 -0.06671
0.176 -0.06758
0.17993 -0.06838
0.18386 -0.06913
0.18779 -0.069820
0.19172 -0.070450
0.19566 -0.07105
0.19959 -0.0716
0.20352 -0.07210
0.20745 -0.07254
0.21138 -0.07293
0.21531 -0.07324
0.21924 -0.07348
0.22318 -0.07365
0.22711 -0.07374
0.231040 -0.07376
0.23497 -0.07372
0.2389 -0.0736
0.24283 -0.07341
0.24676 -0.073150
0.2507 -0.07281
0.254630 -0.07239
0.25856 -0.07189
0.26249 -0.07132
0.26642 -0.07065
0.27035 -0.06991
0.27429 -0.06907
0.278220 -0.06815
0.28215 -0.06714
0.28608 -0.06603
0.29001 -0.06482
0.29394 -0.06351
0.29787 -0.06209
0.30181 -0.06058
0.30574 -0.05896
0.30967 -0.05726
0.3136 -0.05547
0.31753 -0.0536
0.32146 -0.051650
0.32539 -0.04963
0.32933 -0.04753
0.33326 -0.04536
0.33719 -0.04311
0.34112 -0.04076
0.345050 -0.03831
0.34898 -0.03572
0.35291 -0.032980
0.35682 -0.03009
0.36057 -0.0272
0.364 -0.02446
0.36696 -0.02205
0.3693 -0.020120
0.37087 -0.01882
0.3716500000 -0.01826
-Inserting Flap Ga2-
0.4793 0.084050
0.4792 0.083620
0.47899 0.08277
0.47868 0.0815
0.47827 0.07992
0.477780 0.078110
0.477220 0.07619
0.47659 0.07425
0.47591 0.07237
0.47518 0.070570
0.47441 0.06883
0.473610 0.067150
0.47278 0.0655
0.471930 0.06389
0.47106 0.06231
0.47018 0.06076
0.46928 0.05924
0.46836 0.05774
0.4674300 0.05626
0.46648 0.0548
0.46552 0.05337
0.46455 0.05196
0.46357 0.05057
0.46257 0.0492
0.46156 0.04784
0.46054 0.04651
0.45951 0.0452
0.45846 0.04391
0.4574 0.04264
0.45632 0.04139
0.45524 0.04016
0.45414 0.03895
0.453040 0.037740
0.45193 0.03655
0.45082 0.03536
0.4497 0.03419
0.44857 0.03303
0.44743 0.03188
0.44628 0.03076
0.44512 0.02965
0.44394 0.02856
0.44276 0.02748
0.44157 0.026420
0.44037 0.02538
0.43916 0.02434
0.43794 0.02333
0.43671 0.02232
0.435480 0.02133
0.43424 0.02035
0.43299 0.01938
0.43173 0.01843
0.43046 0.01749
0.42918 0.01657
0.427890 0.01566
0.4266 0.014770
0.425290 0.0139
0.42397 0.01304
0.42264 0.0122
0.4213 0.01137
0.41996 0.01056
0.4186 0.00977
0.41723 0.008990
0.41585 0.00823
0.41446 0.00749
0.41306 0.00677
0.41165 0.00606
0.410220 0.00536
0.4088 0.00468
0.40736 0.00401
0.40592 0.00335
0.40446 0.00272
0.40299 0.00211
0.4015 0.00152
0.39999 0.00097
0.39846 0.00044
0.39692 -5e-05
0.39535 -0.00051
0.39377 -0.00095
0.39216 -0.00135
0.39054 -0.00171
0.388890 -0.00204
0.38721 -0.00232
0.3855 -0.00255
0.38375 -0.00272
0.381970 -0.00284
0.38016 -0.00291
0.37831 -0.00292
0.37644 -0.002880
0.37452 -0.00279
0.37257 -0.00263
0.37055 -0.00236
0.36844 -0.001970
0.36625 -0.001420
0.36395 -0.00069
0.36164 0.00018
0.35939 0.00119
0.3573 0.0023
0.35546 0.003480
0.35395 0.00471
0.35203 0.00718
0.35168 0.00835
0.35175 0.00942
0.35226 0.01037
0.35313 0.01121
0.35429 0.01195
0.35565 0.0126
0.35712 0.01319
0.35864 0.01372
0.3602 0.0142
0.36178 0.01464
0.36339 0.015030
0.36502 0.01538
0.36668 0.01569
0.36837 0.01596
0.37007 0.016210
0.37178 0.01643
0.37351 0.01664
0.37525 0.01683
0.376990 0.01701
0.37874 0.01718
0.38048 0.01735
0.38223 0.01752
0.38398 0.01769
0.38572 0.01787
0.38745 0.01806
0.38918 0.018260
0.39091 0.01847
0.39262 0.01869
0.39433 0.01893
0.39603 0.0191800
0.39772 0.01944
0.3994 0.01972
0.40107 0.020010
0.40274 0.02031
0.404390 0.02063
0.40603 0.02097
0.40767 0.02133
0.40929 0.0217
0.410900 0.02208
0.4125 0.02249
0.41409 0.022910
0.41567 0.02335
0.417240 0.02381
0.41879 0.02429
0.42034 0.02479
0.4218700 0.02531
0.42338 0.02585
0.42489 0.02641
0.426380 0.02699
0.42786 0.02759
0.42933 0.02821
0.43079 0.02884
0.43224 0.02949
0.43368 0.030150
0.4351 0.03083
0.43652 0.03154
0.43792 0.03226
0.43930 0.03302
0.44067 0.03379
0.44203 0.03459
0.44336 0.03542
0.44469 0.03627
0.446 0.03714
0.44729 0.03804
0.44857 0.03896
0.44983 0.039910
0.45107 0.04089
0.4523 0.04189
0.45351 0.04292
0.45471 0.04398
0.455880 0.04506
0.45704 0.04618
0.45818 0.04732
0.4593 0.0485
0.4604 0.04971
0.46147 0.05095
0.46253 0.05223
0.46356 0.05355
0.46457 0.05489
0.46557 0.05627
0.46654 0.05769
0.46749 0.059130
0.46843 0.06059
0.46935 0.06209
0.47025 0.06361
0.47114 0.06515
0.47202 0.06672
0.47287 0.06832
0.47371 0.06995
0.47452 0.07161
0.47531 0.07333
0.47606 0.07509
0.47677 0.0769
0.47743 0.07867
0.47802 0.08033
0.47851 0.08178
0.478890 0.08292
0.47915 0.0837
0.4793 0.084050
-Inserting Flap Ga2-
0.60445 0.21374
0.604450 0.21329
0.60444 0.21242
0.60442 0.21112
0.60438 0.20948
0.604310 0.20761
0.60419 0.20561
0.60401 0.20358
0.603770 0.20159
0.603470 0.19967
0.60311 0.19781
0.60271 0.19599
0.60227 0.1942
0.60181 0.19244
0.60132 0.1907
0.6008 0.18899
0.60027 0.1873
0.59971 0.18564
0.59914 0.183990
0.59854 0.18236
0.59793 0.180750
0.5973 0.179150
0.59666 0.17757
0.59599 0.17601
0.59532 0.17447
0.59462 0.17294
0.59391 0.17143
0.593180 0.16993
0.59243 0.16846
0.59166 0.167
0.59088 0.16556
0.59008 0.16413
0.58928 0.16271
0.58847 0.16129
0.58765 0.15989
0.58683 0.15849
0.58599 0.15711
0.58513 0.155740
0.58426 0.15438
0.58338 0.15304
0.58249 0.151710
0.58158 0.1504
0.58065 0.1491
0.57972 0.14781
0.57877 0.14653
0.57781 0.14527
0.57684 0.14401
0.57586 0.142770
0.57487 0.14153
0.57387 0.140310
0.57286 0.1391
0.57183 0.1379
0.5708 0.13671
0.56975000 0.13554
0.56868 0.13438
0.56761 0.13323
0.56651 0.1321
0.56541 0.13098
0.56429 0.12987
0.56316 0.12878
0.5620200 0.1277
0.560860 0.12664
0.55968 0.12559
0.55849 0.12455
0.55729 0.12353
0.55608 0.12252
0.55485 0.12153
0.55361 0.12054
0.55236 0.11956
0.5511 0.1186
0.54982 0.11765
0.54853 0.11673
0.547210 0.11582
0.54587 0.11494
0.54449 0.11409
0.5431 0.11326
0.54168 0.11246
0.54023 0.11168
0.53876 0.11093
0.53726 0.1102
0.53572 0.10952
0.53415 0.108870
0.53253 0.10826
0.53087 0.1077
0.52916 0.10718
0.52741 0.10671
0.52562 0.106280
0.52378 0.105890
0.5219 0.10555
0.51995 0.10527
0.51792 0.10508
0.51579 0.10499
0.51352 0.10503
0.51112 0.10522
0.50867 0.10555
0.506250 0.10603
0.50397 0.10664
0.50191 0.10738
0.50016 0.10824
0.49774 0.110210
0.49713 0.11127
0.49696 0.11233
0.49724 0.11337
0.4979 0.11438
0.49886 0.11536
0.50004 0.1163
0.50135 0.11721
0.502710 0.11807
0.50411 0.11889
0.50556 0.11967
0.50704 0.12041
0.50855 0.12112
0.5101 0.121790
0.51168 0.12244
0.51328 0.12307
0.5149 0.123670
0.516540 0.12425
0.51819 0.12483
0.51984 0.1254
0.52151 0.12596
0.52317 0.12651
0.52484 0.12707
0.5265 0.12764
0.52815 0.12821
0.5298 0.12878
0.53144 0.12936
0.53308 0.129960
0.5347 0.130560
0.53631 0.13117
0.53791 0.1318
0.5395 0.13243
0.541070 0.13308
0.54264 0.13374
0.54419 0.13441
0.54573 0.1351
0.54725 0.13579
0.54876 0.13651
0.55026 0.13723
0.55175 0.137970
0.55321 0.13873
0.55467 0.1395
0.55611 0.14028
0.55753 0.141080
0.55894 0.1419
0.560330 0.142730
0.5617 0.14358
0.56306 0.14445
0.56440 0.14534
0.56572 0.14624
0.56703 0.14715
0.56832 0.14809
0.5696 0.14903
0.57087 0.14999
0.57212 0.15096
0.573360 0.151940
0.57458 0.152950
0.57578 0.15397
0.576960 0.15501
0.57812 0.15608
0.57926 0.15716
0.58038 0.15827
0.58147 0.1594
0.58255 0.16054
0.58361 0.16171
0.58465 0.16289
0.58567 0.1641
0.58666 0.165330
0.58763 0.16658
0.58858 0.16786
0.5895 0.16916
0.59041 0.17048
0.59128 0.17183
0.59213 0.1732
0.59296 0.1746
0.59376 0.17602
0.59453 0.17748
0.59527 0.17896
0.59598 0.18047
0.59666 0.18202
0.59732 0.18358
0.597950 0.18518
0.598550 0.1868
0.59914 0.18844
0.59970 0.1901
0.60024 0.19178
0.60076 0.19349
0.60125 0.19522
0.60173 0.19696
0.60218 0.19874
0.6026 0.20055
0.60298 0.20239
0.60331 0.20428
0.6036 0.2062
0.60384 0.20808
0.60404 0.20982
0.60419 0.21134
0.60431 0.21255
0.6043800 0.21336
0.60445 0.21374
*.*.Setup: Ga2.txt as Flap 1, Inverted: y, Scale = 1.0, AoA = 0.0, Reposition from (0,0) = (0, 0)*.*.
*.*.Setup: Ga2.txt as Flap 2, Inverted: y, Scale = 0.4, AoA = 32.0, Reposition from previous T.E. = (-0.06, 0.08), Reposition from (0,0) = (0.94, 0.0309)*.*.
*.*.Setup: Ga2.txt as Flap 3, Inverted: y, Scale = 0.4, AoA = 45.0, Reposition from previous T.E. = (0.04, 0.08), Reposition from (0,0) = (1.3296, 0.3062)*.*.
*.*.Setup: Scale Ratio = 0.37165*.*.