0.3618300000 -0.01778
0.36107 -0.01855
0.35953 -0.02004
0.35726 -0.02224
0.35438 -0.02499
0.35104 -0.02808
0.34739 -0.03133
0.34359 -0.03452
0.33976 -0.03752
0.335930 -0.04029
0.3321 -0.04289
0.32828 -0.04534
0.32445 -0.04766
0.32062 -0.04989
0.31679 -0.05203
0.31297 -0.0541
0.30914 -0.05608
0.30531 -0.058
0.30148 -0.05984
0.29766 -0.06162
0.29383 -0.06334
0.29 -0.065
0.28617 -0.06661
0.28235 -0.06816
0.27852 -0.069650
0.27469 -0.07108
0.270860 -0.07246
0.26704 -0.07377
0.26321 -0.07501
0.25938 -0.0762
0.25555 -0.07734
0.25173 -0.07844
0.24790 -0.0795
0.24407 -0.08054
0.24024 -0.081550
0.23642 -0.08253
0.23259 -0.08347
0.22876 -0.08436
0.224930 -0.0852
0.2211 -0.085990
0.21728 -0.08673
0.21345 -0.08742
0.20962 -0.08808
0.20579 -0.08868
0.20197 -0.08925
0.19814 -0.08978
0.19431 -0.09027
0.19048 -0.09073
0.18666 -0.09115
0.18283 -0.09153
0.179 -0.09187
0.17517 -0.09217
0.17135 -0.09243
0.16752 -0.09264
0.16369 -0.0928
0.15986 -0.09292
0.15604 -0.093
0.15221 -0.09302
0.14838 -0.093
0.14455 -0.09294
0.14073 -0.09282
0.13690 -0.09266
0.13307 -0.09245
0.12924 -0.09218
0.12542 -0.09187
0.12159 -0.09151
0.11776 -0.09112
0.113930 -0.09068
0.11011 -0.09022
0.10628 -0.0897
0.10245 -0.08913
0.09862 -0.08850
0.0948 -0.087790
0.090970 -0.08699
0.08714 -0.0861
0.08331 -0.08512
0.07949 -0.08406
0.07566 -0.08291
0.07183 -0.08167
0.068 -0.08033
0.06418 -0.07887
0.06035 -0.07728
0.05652 -0.0755500
0.05269 -0.07366
0.04886 -0.0716100
0.04504 -0.06940
0.04121 -0.06705
0.03738 -0.06455
0.03355 -0.0619
0.02973 -0.05904
0.02590 -0.05588
0.02207 -0.052350
0.01824 -0.04838
0.01444 -0.04393
0.01079 -0.03913
0.00745 -0.03416
0.00457 -0.02918
0.0023 -0.02436
0.00077 -0.01987
0.000000 -0.01231
0.00077 -0.00944
0.0023 -0.00732
0.00457 -0.00601
0.00745 -0.00541
0.01079 -0.00538
0.01444 -0.00578
0.01824 -0.00647
0.02207 -0.00733
0.02590 -0.00834
0.02973 -0.00948
0.03355 -0.01075
0.03738 -0.01214
0.04121 -0.01364
0.04504 -0.01524
0.04886 -0.01692
0.05269 -0.01868
0.05652 -0.02049
0.06035 -0.02234
0.06418 -0.02421
0.068 -0.02611
0.07183 -0.02802
0.07566 -0.02992
0.07949 -0.03181
0.08331 -0.03368
0.08714 -0.03553
0.090970 -0.03735
0.0948 -0.03913
0.09862 -0.04089
0.10245 -0.04261
0.10628 -0.04429
0.11011 -0.04593
0.113930 -0.04753
0.11776 -0.04909
0.12159 -0.05060
0.12542 -0.05207
0.12924 -0.05349
0.13307 -0.054860
0.13690 -0.0561900
0.14073 -0.05747
0.14455 -0.0587
0.14838 -0.05988
0.15221 -0.061
0.15604 -0.06207
0.15986 -0.06309
0.16369 -0.06405
0.16752 -0.06495
0.17135 -0.06579
0.17517 -0.06657
0.179 -0.0673
0.18283 -0.067970
0.18666 -0.068590
0.19048 -0.06917
0.19431 -0.0697
0.19814 -0.070190
0.20197 -0.07063
0.20579 -0.071
0.20962 -0.0713
0.21345 -0.07154
0.21728 -0.0717
0.2211 -0.07179
0.224930 -0.07181
0.22876 -0.07177
0.23259 -0.07165
0.23642 -0.07147
0.24024 -0.071210
0.24407 -0.07088
0.24790 -0.07048
0.25173 -0.06999
0.25555 -0.06943
0.25938 -0.06879
0.26321 -0.06806
0.26704 -0.06725
0.270860 -0.06635
0.27469 -0.06537
0.27852 -0.06429
0.28235 -0.06311
0.28617 -0.06183
0.29 -0.06045
0.29383 -0.05898
0.29766 -0.0574
0.30148 -0.05574
0.30531 -0.054
0.30914 -0.05218
0.31297 -0.050290
0.31679 -0.04832
0.32062 -0.04627
0.32445 -0.04416
0.32828 -0.04197
0.3321 -0.03969
0.335930 -0.0373
0.33976 -0.03478
0.34359 -0.032110
0.34739 -0.0293
0.35104 -0.02648
0.35438 -0.02381
0.35726 -0.02146
0.35953 -0.019590
0.36107 -0.01832
0.3618300000 -0.01778
-Inserting Flap Ga2-
0.49643 0.0633
0.4963 0.06289
0.49602 0.06208
0.49561 0.06088
0.495080 0.05938
0.494450 0.05767
0.49374 0.05585
0.49297 0.05402
0.49215 0.05226
0.49129 0.05057
0.49039 0.04895
0.48947 0.04739
0.48853 0.04586
0.48757 0.04437
0.4866 0.04291
0.48561 0.04148
0.48461 0.04008
0.48359 0.0387
0.48256 0.03735
0.48152 0.036020
0.48047 0.03471
0.47940 0.03343
0.47833 0.03216
0.47725 0.03091
0.47616 0.029680
0.47505 0.02848
0.47394 0.02729
0.47281 0.026130
0.47167 0.02499
0.47052 0.02387
0.4693700 0.022770
0.4682 0.02169
0.46703 0.02061
0.46586 0.01955
0.46468 0.01849
0.46349 0.01745
0.4623 0.01642
0.46109 0.01541
0.45988 0.01441
0.45866 0.01344
0.45743 0.01248
0.456190 0.01153
0.45495 0.01061
0.45369 0.00969
0.45243 0.0088
0.45116 0.00791
0.44989 0.00704
0.44861 0.00619
0.44732 0.00534
0.44603 0.00451
0.44472 0.00369
0.44341 0.002890
0.44210 0.0021
0.44077 0.00133
0.43944 0.00058
0.43809 -0.00016
0.43674 -0.00088
0.43538 -0.00158
0.43402 -0.00227
0.43264 -0.00294
0.43125 -0.0036
0.42986 -0.00423
0.42846 -0.00485
0.42705 -0.00545
0.42563 -0.00604
0.42420 -0.00661
0.42276 -0.00716
0.42132 -0.0077
0.41987 -0.00823
0.41841 -0.00874
0.41694 -0.00923
0.41546 -0.0097
0.41397 -0.01014
0.41246 -0.01055
0.41094 -0.01093
0.40939 -0.01128
0.40784 -0.01159
0.4062600 -0.01188
0.40467 -0.01213
0.40307 -0.01235
0.40144 -0.012530
0.39979 -0.01266
0.39811 -0.01273
0.3964 -0.01275
0.39466 -0.01272
0.3929 -0.01263
0.391110 -0.01248
0.38929 -0.01229
0.38744 -0.01204
0.38556 -0.01171
0.38362 -0.01128
0.38162 -0.01072
0.379530 -0.01
0.37737 -0.00911
0.3752 -0.00806
0.3731 -0.00689
0.37117 -0.00564
0.36949 -0.004330
0.36812 -0.00301
0.36648 -0.00046
0.36623 0.0007
0.36639 0.00174
0.36696 0.00262
0.36788 0.00335
0.36907 0.00397
0.37044 0.00449
0.37192 0.00494
0.37344 0.00533
0.37499 0.00566
0.37656 0.00595
0.37815 0.00619
0.37977 0.00639
0.38141 0.00655
0.38306 0.00668
0.38473 0.00677
0.38641 0.00684
0.388110 0.00689
0.38981 0.00693
0.39151 0.00695
0.39322 0.00697
0.39493 0.00699
0.39664 0.007010
0.39835 0.00703
0.40005 0.00706
0.401750 0.00709
0.40345 0.00714
0.40514 0.0072
0.40682 0.00727
0.40849 0.007350
0.41016 0.00745
0.41183 0.00756
0.41348 0.00768
0.41513 0.00782
0.41677 0.00798
0.4184 0.00815
0.42002 0.00834
0.42163 0.00854
0.42324 0.00876
0.42484 0.0090
0.42642 0.009260
0.428 0.00953
0.42957 0.00983
0.43113 0.010140
0.43268 0.010480
0.43421 0.01083
0.435740 0.0112
0.43726 0.0116
0.43877 0.01201
0.44026 0.012450
0.44175 0.01291
0.44322 0.01338
0.44469 0.013870
0.44615 0.01437
0.44761 0.01489
0.44905 0.01544
0.45048 0.016
0.45190 0.01658
0.45331 0.01719
0.45470 0.01783
0.45608 0.01849
0.45745 0.01918
0.45881 0.01989
0.46015 0.02063
0.46148 0.02139
0.4628 0.02218
0.4641 0.02299
0.46539 0.02383
0.46667 0.0247
0.46793 0.02559
0.46918 0.02652
0.47041 0.02747
0.47163 0.02845
0.47283 0.02947
0.47401 0.03052
0.475180 0.0316
0.476330 0.03271
0.47746 0.03386
0.47858 0.035050
0.47967 0.03627
0.48075 0.03752
0.48182 0.03881
0.4828600 0.04013
0.4839 0.04147
0.48492 0.0428400
0.48592 0.04424
0.48692 0.04566
0.4879 0.04711
0.488860 0.04859
0.48981 0.05009
0.49074 0.05164
0.49165 0.05323
0.49253 0.05488
0.49337 0.05657
0.49416 0.05824
0.49487 0.05980
0.49547 0.06116
0.49594 0.06224
0.496260 0.06297
0.49643 0.0633
-Inserting Flap Ga2-
0.60625 0.19413
0.6063 0.1937
0.60639 0.19285
0.60652 0.1915900
0.60666 0.19
0.6068 0.18819
0.60692 0.18624
0.60698 0.18425
0.60697 0.18231
0.606890 0.18042
0.60675 0.17857
0.60657 0.17676
0.60635 0.17499
0.6061 0.17323
0.60582 0.1715
0.60552 0.16979
0.60520 0.16809
0.60485 0.16642
0.60448 0.16476
0.60409 0.16312
0.60367 0.16149
0.60325 0.15988
0.60280 0.15828
0.60234 0.15669
0.60186 0.15512
0.60136 0.15356
0.60084 0.15202
0.6003 0.1505
0.59974 0.14899
0.59916 0.14749
0.59857 0.14601
0.59797 0.144530
0.59735 0.1430700
0.59673 0.14161
0.59609 0.14016
0.595450 0.13871
0.5948 0.13728
0.59412 0.13586
0.59344 0.13445
0.59274 0.13305
0.59202 0.13167
0.59129 0.13029
0.59054 0.128930
0.58979 0.12758
0.58901 0.12624
0.58823 0.12491
0.58744 0.12358
0.58663 0.12227
0.58581 0.12096
0.58498 0.119670
0.58414 0.11838
0.583280 0.117110
0.58241 0.11584
0.58153 0.11459
0.58063 0.11335
0.57972 0.11212
0.57879 0.1109
0.57785 0.10969
0.5769 0.10849
0.5759300 0.10731
0.57494 0.10614
0.573940 0.10498
0.5729200 0.10383
0.57189 0.10269
0.57084 0.10157
0.56978 0.10046
0.56871 0.09935
0.56762 0.09826
0.566530 0.09718
0.56542 0.0961
0.56429 0.09504
0.56314 0.094
0.56197 0.09297
0.56077 0.09197
0.55954 0.09099
0.55828 0.09003
0.557 0.0891
0.55569 0.08818
0.55435 0.08729
0.55298 0.08642
0.55157 0.08558
0.55012 0.08477
0.54863 0.084
0.54709 0.08327
0.54549 0.082580
0.54385 0.08192
0.54217 0.08131
0.54043 0.08072
0.53865 0.08018
0.5368 0.07969
0.53486 0.07927
0.53281 0.07895
0.53061 0.07873
0.52827 0.07864
0.52586 0.07869
0.52347 0.07887
0.52119 0.079200
0.519120 0.07969
0.51733 0.08032
0.51476 0.08196
0.51405 0.08291
0.51377 0.08391
0.51392 0.08495
0.51445 0.08601
0.51527 0.08706
0.5163 0.08811
0.51746 0.089130
0.51868 0.09012
0.51994 0.09107
0.52125 0.09199
0.5226 0.092870
0.52399 0.09373
0.52541 0.09456
0.526860 0.09536
0.52834 0.09614
0.52984 0.09691
0.53135 0.097660
0.53288 0.0984
0.53442 0.09914
0.53597 0.09987
0.53752 0.1006
0.53906 0.10133
0.5406 0.102060
0.54214 0.1028
0.54367 0.103540
0.54519 0.10429
0.5467 0.10504
0.5482 0.105810
0.54969 0.106580
0.55117 0.10737
0.55263 0.10816
0.55408 0.10897
0.55552 0.10978
0.55694 0.11061
0.55835 0.11144000
0.55975 0.11229
0.56113 0.113150
0.5625 0.11402
0.56385 0.114910
0.56518 0.1158
0.5665 0.11671
0.56781 0.11763
0.569090 0.11857
0.57036 0.11952
0.57161 0.12048
0.57284 0.12146
0.57406 0.12245
0.57525 0.12346
0.57643 0.12448
0.57759 0.12551
0.57873 0.12656
0.57986 0.12762
0.580980 0.128690
0.58208 0.12977
0.58317 0.13086
0.58424 0.131970
0.58528 0.13309
0.58631 0.13424
0.58731 0.1354
0.58828 0.13657
0.58924 0.13777
0.59018 0.13898
0.59109 0.14021
0.59198 0.14146
0.592850 0.14272
0.5937 0.14401
0.59452 0.14531
0.59532 0.14663
0.59609 0.14797
0.59684 0.14933
0.59756 0.15071
0.59825 0.15211
0.59892 0.15354
0.59956 0.15498
0.60017 0.15645
0.60075 0.15794
0.60130 0.15946
0.60182 0.161
0.6023 0.16257
0.60276 0.1641600
0.60319 0.16578
0.60359 0.167410
0.60397 0.16906
0.60433 0.17073
0.60466 0.17242
0.60497 0.17413
0.60525 0.17586
0.60551 0.1776
0.60575 0.179370
0.605950 0.18116
0.60611 0.18299
0.60622 0.18485
0.60628 0.18674
0.6063 0.18858
0.60629 0.190290
0.60627 0.19178
0.60625 0.19296
0.60623 0.19376
0.60625 0.19413
*.*.Setup: Ga2.txt as Flap 1, Inverted: y, Scale = 1.0, AoA = 0.0, Reposition from (0,0) = (0, 0)*.*.
*.*.Setup: Ga2.txt as Flap 2, Inverted: y, Scale = 0.4, AoA = 27.0, Reposition from previous T.E. = (0.0067, 0.06), Reposition from (0,0) = (1.0067, 0.0109)*.*.
*.*.Setup: Ga2.txt as Flap 3, Inverted: y, Scale = 0.4, AoA = 51.666666666666664, Reposition from previous T.E. = (0.04, 0.06), Reposition from (0,0) = (1.412, 0.2349)*.*.
*.*.Setup: Scale Ratio = 0.36183*.*.