0.35502 0.05623
0.35303 0.054030
0.35014 0.05083
0.34672 0.04765
0.34254 0.04453
0.33744 0.04128
0.33125 0.03775
0.32394 0.03393
0.31559 0.029880
0.30642 0.02568
0.29669 0.02145
0.28663 0.01727
0.2764 0.0132
0.26609 0.00927
0.25575 0.00552
0.24537 0.00196
0.23492 -0.00143
0.22436 -0.00465
0.21363 -0.00774
0.2027 -0.01072
0.19152 -0.01363
0.1801 -0.01651
0.16851 -0.01937
0.15685 -0.02221
0.14528 -0.02499
0.13396 -0.02766
0.12307 -0.030130
0.11279 -0.0323
0.10323 -0.03409
0.09434 -0.03543
0.08599 -0.0363
0.07806 -0.0367
0.07046 -0.03664
0.06314 -0.036140
0.05608 -0.03519
0.04927 -0.03382
0.04273 -0.03205
0.03653 -0.02992
0.03073 -0.02751
0.02544 -0.02494
0.02078 -0.022330
0.016770 -0.0198
0.0134 -0.01741
0.010610 -0.01516
0.00829 -0.01306
0.006380 -0.01110
0.0048 -0.00926
0.00349 -0.00754
0.00242 -0.00592
0.00156 -0.0043900
0.00087 -0.00293
0.00037 -0.001540
0.000086 -0.00021
-0.00012 0.00108000
0.000005 0.00238
0.00056 0.003580
0.00156 0.00454
0.00288 0.00526
0.00443 0.00584
0.00621 0.006350
0.00828 0.00682
0.01071 0.00728
0.01362 0.00775
0.01716 0.00823
0.0216 0.00875
0.02724 0.00931
0.03434 0.0099
0.04289 0.01048
0.05251 0.01094
0.062860 0.0112
0.073880 0.01129
0.08545 0.01126
0.09740 0.01118
0.10952 0.01108
0.1216 0.011
0.13355 0.01095
0.14530 0.01097
0.15686 0.01109
0.16822 0.011330
0.179390 0.01171
0.19039 0.01226
0.20124 0.01299
0.21195 0.01391
0.2225300 0.01505
0.23301 0.0164
0.24339 0.01798
0.25368 0.01979
0.26390 0.02184
0.27402 0.02412
0.28403 0.02663
0.29389 0.02936
0.30352 0.03229
0.31278 0.03537
0.32144 0.03852
0.32928 0.04165
0.33613 0.0447
0.34196 0.04763
0.34684 0.05043
0.35091 0.0531
0.35502 0.05623
-Inserting Flap s1223rtl-
0.51067 0.16406
0.51013 0.162680
0.50936 0.16067
0.50833 0.15857
0.50694 0.156370
0.50514 0.15393
0.50288 0.151180
0.50015 0.14809
0.49698 0.1447
0.49345 0.1411
0.48967 0.13738
0.48573 0.13363
0.48168 0.12989
0.47757 0.12621
0.47341 0.12261
0.46921 0.119080
0.46494 0.11563
0.46058 0.11223
0.45613 0.10887
0.45156 0.10552
0.44686 0.1021500
0.44205 0.09877
0.43715 0.09535
0.43222 0.09194
0.42732 0.08857
0.422510 0.0853
0.41787 0.08219
0.41346 0.07933
0.40932 0.07679
0.40541 0.07457
0.40167 0.07267
0.39804 0.07106
0.39448 0.06972
0.39097 0.06865
0.3875 0.06783
0.38408 0.06724
0.38071 0.0669
0.37743 0.066780
0.37429 0.06687
0.37137 0.06712
0.36872 0.0675
0.3664 0.06797
0.3644 0.06848
0.36269 0.06903
0.36123 0.06959
0.35999 0.0701600
0.35892 0.07074
0.358 0.07131
0.35721 0.07187
0.35653 0.07243
0.35596 0.07299
0.35547 0.07355
0.35508 0.07411
0.35477 0.07468
0.3546 0.07531
0.35464 0.07597
0.35494 0.0766
0.35542 0.07717
0.35604 0.07772
0.35679 0.07828
0.35767 0.07887
0.35872 0.07952
0.35999 0.08026
0.36156 0.08112
0.36354 0.08216
0.36607 0.08343
0.36928 0.08498
0.37317 0.08678
0.37757 0.08872
0.38236 0.0907
0.38749 0.09271
0.39289 0.09477
0.39848 0.09687
0.40416 0.099
0.40982 0.10113
0.4154 0.10324
0.42088 0.10536
0.42626 0.10749
0.43152 0.10963000
0.43666 0.11181
0.4417 0.11404
0.44663 0.11632
0.45146 0.11867
0.4562 0.1211
0.46085 0.12361
0.46541 0.12621
0.46989 0.128900
0.47429 0.13168
0.47861 0.13456
0.48283 0.13753
0.486950 0.14057
0.49092 0.14366
0.494690 0.14675
0.498170 0.14978
0.50126 0.15265
0.50391 0.1553
0.50611 0.15771
0.507890 0.15989
0.509310 0.16187
0.51067 0.16406
-Inserting Flap s1223rtl-
0.64086 0.2989
0.64053 0.29745
0.64006 0.29535
0.63934 0.29313
0.638290 0.29074
0.63686 0.28807
0.63503 0.28502
0.63277 0.281570
0.63013 0.27775
0.62716 0.27368
0.62395 0.26945
0.6206 0.26517
0.61713 0.26088
0.6136 0.25665
0.61001 0.252480
0.60636 0.24838
0.60263 0.24435
0.59882 0.240360
0.5949 0.236380
0.59086 0.23241
0.5867 0.22840
0.58243 0.22435
0.57808 0.22026
0.5737 0.216170
0.56933 0.21212
0.56505 0.20819
0.56091 0.20444
0.55696 0.20098
0.55323 0.19785
0.54969 0.19509
0.54626 0.19267
0.54290 0.19055
0.53957 0.18871
0.53626 0.18714
0.53295 0.18583
0.529640 0.18476
0.52636 0.18393
0.52313 0.18333
0.520020 0.18296
0.51708 0.18279
0.51441 0.18278
0.51204 0.18291
0.50999 0.18312
0.50822 0.18342
0.50670 0.18377
0.50538 0.18415
0.50424 0.18457
0.50325 0.185
0.50239 0.18544
0.50164 0.1859
0.50098 0.18637
0.50042 0.18685
0.49995 0.18734
0.49957 0.187870
0.4993 0.18847
0.49925 0.18913
0.49945 0.18979
0.49985 0.19043
0.50038 0.19106
0.501040 0.19172
0.5018200 0.19243
0.50277 0.19323
0.50392 0.19414
0.50535 0.19522
0.507160 0.19653
0.50948 0.19816
0.51243 0.20016
0.51601 0.2025
0.520090 0.20506
0.52454 0.20771
0.5293200 0.21044
0.53437 0.213270
0.5396 0.21616
0.54491 0.21909
0.5502 0.22201
0.55541 0.224910
0.56053 0.2278
0.56554 0.23068
0.57044 0.23357
0.57521 0.236470
0.57987 0.239410
0.58442 0.24238
0.58886 0.24541
0.5932 0.2485
0.59743 0.25165
0.60157 0.25488
0.60561 0.258190
0.60956 0.261590
0.61342 0.26506
0.61717 0.26861
0.6208 0.27222
0.62428 0.27585
0.62756 0.27946
0.63056 0.28295
0.63321 0.286240
0.63545 0.28924
0.63727 0.29195
0.63872 0.29437
0.63984 0.29653
0.64086 0.2989
*.*.Setup: s1223rtl.txt as Flap 1, Inverted: y, Scale = 1.0, AoA = 9.0, Reposition from (0,0) = (0, 0)*.*.
*.*.Setup: s1223rtl.txt as Flap 2, Inverted: y, Scale = 0.5, AoA = 30.0, Reposition from previous T.E. = (0.0, 0.05), Reposition from (0,0) = (0.9877, 0.2064)*.*.
*.*.Setup: s1223rtl.txt as Flap 3, Inverted: y, Scale = 0.5, AoA = 38.333333333333336, Reposition from previous T.E. = (-0.03, 0.065), Reposition from (0,0) = (1.3907, 0.5214)*.*.
*.*.Setup: Scale Ratio = 0.35945*.*.