0.35527 0.00736
0.354570 0.00655
0.35318 0.004990
0.35111 0.002680
0.34847 -0.0002
0.34541 -0.003460
0.34206 -0.00688
0.33856 -0.01027
0.33502 -0.01346
0.33147 -0.01644
0.3279 -0.01924
0.32432 -0.0219
0.32074 -0.02443
0.31714 -0.02688
0.31354 -0.029240
0.30994 -0.03152
0.30633 -0.033720
0.302720 -0.03586
0.2991 -0.03793
0.29547 -0.03993
0.29185 -0.04188
0.288210 -0.04376
0.28458 -0.04559
0.28094 -0.04737
0.2773 -0.04909
0.27365 -0.050760
0.27 -0.05237
0.26634 -0.05391
0.26268 -0.05539
0.25902 -0.05681
0.25535 -0.05819
0.25168 -0.05953
0.24801 -0.06083
0.24433 -0.06211000
0.24066 -0.06336
0.23698 -0.06458
0.2333 -0.06576
0.22961 -0.06689
0.225930 -0.06797
0.222240 -0.06901
0.21854 -0.07
0.21484 -0.07094
0.21114 -0.071840
0.20744 -0.0727
0.20373 -0.07351
0.20002 -0.07429
0.19631 -0.07504
0.1926 -0.07574
0.18888 -0.07641
0.18516 -0.07705
0.18144 -0.07765
0.17772 -0.0782
0.173990 -0.07872
0.17026 -0.07919
0.16652 -0.07961
0.16279 -0.07999
0.15905 -0.08032
0.1553 -0.08061
0.15156 -0.08085
0.147810 -0.08105
0.14405 -0.0812
0.1403 -0.0813
0.13654 -0.08135
0.13277 -0.08136
0.12901 -0.08131
0.12524 -0.08123
0.12146 -0.0811
0.11769 -0.08094
0.11391 -0.08074
0.11013 -0.0805
0.106350 -0.08021
0.10256 -0.07985
0.09876 -0.07941
0.09496 -0.07889
0.09116 -0.07829
0.08735 -0.077590
0.08353 -0.07681
0.0797 -0.07595
0.075870 -0.075
0.07204 -0.07395
0.06819 -0.07279
0.06434 -0.07149
0.06047 -0.07006
0.0566 -0.06847
0.05271 -0.06672
0.04882 -0.064830
0.04491 -0.06279
0.041 -0.06061
0.03707 -0.0582800
0.033130 -0.05573
0.02917 -0.05291
0.02518 -0.04972
0.02116 -0.04609
0.01714 -0.042
0.01324 -0.037550
0.00963 -0.03291
0.00647 -0.02824
0.00391 -0.02368
0.00211 -0.01939
0.00084 -0.01204
0.0014 -0.009190
0.00275 -0.00701
0.00488 -0.00557
0.00766 -0.004780
0.01093 -0.004530
0.01453 -0.00467
0.01829 -0.00508
0.0221 -0.00566
0.02591 -0.00639
0.02974 -0.00724
0.03357 -0.008220
0.03741 -0.00932
0.04126 -0.01053
0.04511 -0.01183
0.04897 -0.013220
0.05284 -0.01467
0.05671 -0.01618
0.06058 -0.01773
0.06445 -0.0193
0.06833 -0.0209
0.0722 -0.0225
0.07608 -0.0241
0.07995 -0.02569
0.08383 -0.02725
0.0877 -0.0288
0.09157 -0.03032
0.09544 -0.03181
0.0993 -0.033260
0.103160 -0.03468
0.10702 -0.03606
0.11088 -0.0374100
0.11474 -0.03871
0.11859 -0.03997
0.12244 -0.04119
0.12628 -0.04237
0.13013 -0.0435
0.13396 -0.04458
0.1378 -0.045620
0.141630 -0.04661
0.145460 -0.04755
0.14929 -0.04844
0.15311 -0.049280
0.15693 -0.05006
0.16074 -0.05080
0.16456 -0.05147
0.168360 -0.05209
0.17217 -0.05265
0.17596 -0.05316
0.179760 -0.0536
0.18355 -0.054
0.18734 -0.05435
0.19112 -0.05465
0.1949 -0.05491
0.1986800 -0.05513
0.20246 -0.05529
0.20623 -0.05539
0.20999 -0.05543
0.213760 -0.0554
0.21751 -0.05529
0.22126 -0.05512
0.22501 -0.05488
0.22875 -0.054570
0.23249 -0.0542
0.23622 -0.05376
0.23995 -0.05324
0.24367 -0.05266
0.24739 -0.052
0.2511 -0.05126
0.25481 -0.05045
0.258510 -0.04956
0.26221 -0.04859
0.2659 -0.04753
0.26958 -0.04639
0.273260 -0.04517
0.27693 -0.04385
0.280590 -0.042430
0.28425 -0.04092
0.2879 -0.03931
0.29155 -0.0376
0.2951900 -0.0358
0.29882 -0.03392
0.302440 -0.03195
0.30606 -0.029910
0.30968 -0.02779
0.31329 -0.0256
0.31690 -0.02334
0.3205 -0.02101
0.32409 -0.0186
0.32768 -0.016110
0.33126 -0.01351
0.33483 -0.01078
0.3384 -0.00791
0.34193 -0.0049
0.3453 -0.00189
0.34839 0.00095
0.35105 0.00344
0.35315 0.00544
0.35456 0.00678
0.35527 0.00736
-Inserting Flap Ga2-
0.49913 0.090440
0.4990 0.09003
0.49873 0.089240
0.49832 0.08807
0.49781 0.08659
0.49719 0.08492
0.496490 0.083130
0.495730 0.08134
0.49493 0.07961
0.49408 0.07796
0.49321 0.07637
0.4923 0.07483
0.49138 0.07334
0.49044 0.07187
0.48948 0.07044
0.48851 0.06904
0.48753 0.06766
0.486530 0.06631
0.48552 0.06499
0.48450 0.06368
0.48347 0.0624
0.48243 0.06114
0.4813700 0.05989
0.48031 0.05867
0.47924 0.05747
0.47816 0.05628
0.47706 0.05512
0.47596 0.05398
0.47484 0.05286
0.47372 0.05177
0.47258 0.05069
0.47144 0.04962
0.47029 0.04857
0.46914 0.04752
0.467980 0.04649
0.466820 0.04546
0.465640 0.04446
0.46447 0.04346
0.46328 0.04249
0.46208 0.041530
0.46087 0.04059
0.45966 0.03966
0.45844 0.03875
0.45721 0.03786
0.45597 0.03698
0.45473 0.03611
0.45348 0.03526
0.45222 0.03442
0.45096 0.03359
0.44969 0.03277
0.44841 0.03197
0.44712 0.03119
0.44583 0.03041
0.44453 0.02966
0.44322 0.02892
0.44191 0.0282
0.440580 0.02749
0.43925 0.0268
0.43791 0.02612
0.436560 0.02546
0.4352 0.02482
0.43383 0.0242
0.43245 0.02359
0.431070 0.023
0.42968 0.022430
0.42827 0.021870
0.42687 0.02133
0.42545 0.0208
0.42403 0.02028
0.4226 0.01978
0.42116 0.01929
0.41971 0.01883
0.41824 0.0184
0.41676 0.0180
0.41527 0.01763
0.41375 0.01729
0.41223 0.01698
0.41068 0.0167
0.40913 0.01645
0.407550 0.01623
0.40595 0.01606
0.40433 0.01594
0.40268 0.01586
0.40101 0.01584
0.3993 0.01588
0.39757 0.01596
0.39582 0.0161
0.39403 0.0163
0.39222 0.01654
0.39038 0.01686
0.38847 0.01728
0.38651 0.01783
0.38446 0.01854
0.38234 0.01942
0.38021 0.02045
0.37816 0.02159
0.37626 0.02282
0.37461 0.0241
0.37327 0.0254
0.37166 0.0279
0.37142 0.02904
0.37157 0.03005
0.37213 0.03092
0.37303 0.03164
0.3742 0.03225
0.37554 0.03276
0.377 0.03319
0.37849 0.03357
0.38001 0.0339
0.38155 0.03419
0.38311 0.03442
0.3847 0.034620
0.38630 0.03478
0.38793 0.0349
0.38956 0.03499
0.39121 0.03506
0.39287 0.03511
0.39454 0.03515
0.39621 0.03517
0.397890 0.03519
0.39957 0.0352
0.40125 0.03522
0.40292 0.03524
0.40459 0.03527
0.40626 0.03531
0.40792 0.03535
0.40958 0.03541
0.41123 0.03548
0.412870 0.03556
0.41451 0.03565
0.41614 0.03576
0.417760 0.03588
0.41938 0.036020
0.42099 0.03617
0.42259 0.03634
0.42418 0.03653
0.42576 0.03673
0.42733 0.03695
0.4289 0.03718
0.43046 0.03743
0.43201 0.0377
0.43354 0.037990
0.43507 0.0383
0.43659 0.03862
0.4381 0.03897
0.4396 0.03934
0.44109 0.03972
0.442560 0.04013
0.44403 0.04056
0.44549 0.04101
0.44694 0.04147
0.44838 0.04195
0.44981 0.0424500
0.45124 0.04296
0.45265 0.04349
0.45406 0.04404
0.45545 0.04462
0.45683 0.04522
0.4582 0.04584
0.45955 0.046490
0.46089 0.047170
0.46222 0.04786
0.46354 0.04859
0.46485 0.04933
0.466140 0.0501
0.46742 0.0509
0.46868 0.05172
0.46994 0.052570
0.47117 0.05345
0.4724 0.05436
0.47361 0.0553
0.4748 0.05626
0.47598 0.05726
0.47714 0.05828
0.47829 0.05934
0.47941 0.06043
0.48052 0.06156
0.48162 0.06273
0.48269 0.06393
0.48375 0.06516
0.48479 0.06642
0.48582 0.06771
0.48683 0.06903
0.48783 0.07037
0.48882 0.07174
0.4898 0.07314
0.49076 0.07456
0.49171 0.07601
0.49264 0.07749
0.49355 0.079
0.49444 0.08057
0.4953 0.08218
0.49613 0.08384
0.4969 0.08548
0.4976 0.087
0.49819 0.0883400
0.49865 0.0894
0.49896 0.09012
0.49913 0.090440
-Inserting Flap Ga2-
0.61864 0.21074
0.61864 0.21031
0.61863 0.20947
0.61861 0.20823
0.61857 0.20667
0.61851 0.20489
0.61839 0.20297
0.61823 0.20103
0.61799 0.19914
0.6177 0.19731
0.617360 0.19552
0.61698 0.19378
0.61656 0.19208
0.61612 0.1904
0.61565 0.18874
0.61516 0.1871
0.614650 0.18549
0.61412 0.1839
0.61357 0.182320
0.613 0.18077
0.61242 0.179230
0.61182 0.17771
0.6112 0.1762
0.61057 0.17471
0.60992 0.17323
0.60925 0.17177
0.60857 0.17033
0.60788 0.1689
0.60716 0.1675
0.60643 0.16611
0.60568 0.164730
0.60492 0.163360
0.60416 0.162
0.60338 0.160650
0.6026 0.15931
0.60181 0.15798
0.60101 0.15666
0.600190 0.15535
0.59937 0.15405
0.598520 0.15277
0.59767 0.1515
0.59680 0.15025
0.59592 0.14901
0.59502 0.14778
0.59412 0.14656
0.5932 0.14535
0.59228 0.14415
0.591340 0.14296
0.5904 0.14178
0.58944 0.14062
0.58847 0.13946
0.5875 0.13831
0.586510 0.13718
0.5855 0.13606
0.584490 0.13495
0.58346 0.13386
0.58242 0.13277
0.58136 0.13171
0.58029 0.13065
0.57921 0.1296
0.57812 0.12857
0.57701 0.12756
0.57589 0.12656
0.57476 0.12557
0.573610 0.12459
0.57245 0.123630
0.57127 0.12268
0.57009 0.12173
0.5689 0.1208
0.5677 0.11988
0.566480 0.11898
0.56524 0.11809
0.56398 0.11723
0.5627 0.11639
0.56139 0.11557
0.56005 0.11478
0.55870 0.11402
0.55732 0.11327
0.55591 0.11255
0.55448 0.11186
0.55301 0.11121
0.55151 0.110590
0.54997 0.11
0.54838 0.10947
0.546750 0.10898
0.54507 0.10852
0.54336 0.108120
0.5416 0.107750
0.53981 0.107420
0.53795 0.10715
0.53601 0.10697
0.53397 0.10688
0.5318100 0.10692
0.529520 0.1071
0.52718 0.10742
0.52487 0.10788
0.52269 0.10846
0.52072 0.10916
0.51905 0.10998
0.51674 0.1118700
0.51616 0.11288
0.51599 0.11389
0.51626 0.11488
0.51689 0.11585
0.517810 0.11679
0.51893 0.11769
0.52018 0.11855
0.52148 0.11937
0.52282 0.12016
0.5242 0.1209
0.52562 0.12161
0.527060 0.12229
0.52854 0.122930
0.53005 0.12355
0.53158 0.12415
0.53312 0.124720
0.53469 0.12528
0.53626 0.12583
0.53785 0.12637
0.53944 0.12691
0.541030 0.12744
0.54262 0.12797
0.5442 0.12851
0.545780 0.12905
0.54736 0.1296
0.54892 0.13016
0.55048 0.130730
0.55203 0.13130
0.553570 0.13189
0.5551 0.13248
0.556610 0.13309
0.55812 0.13371
0.55961 0.13434
0.5611 0.13498
0.56256 0.13563
0.564020 0.1363
0.56546 0.13698
0.56689 0.13768
0.56831 0.1383800
0.56971 0.1391
0.5711 0.13984
0.57248 0.14059
0.57384 0.141350
0.57518 0.14213
0.57651 0.142930
0.577820 0.14374
0.57912 0.14457
0.58039 0.14541
0.58166 0.14628
0.58291 0.14715
0.58414 0.14804
0.58536 0.14894
0.58657 0.14986
0.58777 0.15078
0.58895 0.151720
0.59012 0.152680
0.59126 0.15366
0.59239 0.15466
0.5935 0.15567
0.59458 0.15671
0.59565 0.15777
0.5967 0.15884
0.59773 0.15993
0.59874 0.16105
0.59973 0.16218
0.6007 0.16333
0.601650 0.164510
0.60258 0.16570
0.60349 0.16692
0.60437 0.16816
0.60523 0.16943
0.60607 0.17071
0.60688 0.17202
0.60767 0.17336
0.60843 0.17472
0.609170 0.17611
0.60987 0.17752
0.61055 0.17897
0.61121 0.18044
0.61183 0.18194
0.61243 0.18346
0.61301 0.18501
0.61357 0.18657
0.6141 0.18816
0.61462 0.18977
0.61511 0.1914
0.61559 0.19305
0.61604 0.19472
0.61647 0.19641
0.61687 0.19814
0.61723 0.1999
0.61756 0.2017
0.61783 0.20354
0.61806 0.20533
0.61825 0.207
0.6184 0.20845
0.61851 0.2096
0.61858 0.21038
0.61864 0.21074
*.*.Setup: Ga2.txt as Flap 1, Inverted: y, Scale = 1.0, AoA = 4.0, Reposition from (0,0) = (0, 0)*.*.
*.*.Setup: Ga2.txt as Flap 2, Inverted: y, Scale = 0.4, AoA = 27.0, Reposition from previous T.E. = (0.04, 0.07), Reposition from (0,0) = (1.041, 0.0907)*.*.
*.*.Setup: Ga2.txt as Flap 3, Inverted: y, Scale = 0.4, AoA = 45.0, Reposition from previous T.E. = (0.04, 0.07), Reposition from (0,0) = (1.4463, 0.3248)*.*.
*.*.Setup: Scale Ratio = 0.35492*.*.