0.35643 0.05645
0.35444 0.054250
0.35153 0.05103
0.3481 0.04784
0.3439 0.04471
0.33878 0.04144
0.33257 0.0379
0.32522 0.03407
0.31684 0.030
0.30763 0.02579
0.29787 0.02154
0.28777 0.01734
0.2775 0.01325
0.26715 0.00931
0.25676 0.00554
0.24634 0.00196
0.23585 -0.00144
0.22525 -0.00467
0.21448 -0.00777
0.2035 -0.01076
0.19228 -0.01369
0.18082 -0.01658
0.16918 -0.01945
0.15748 -0.0223
0.14586 -0.02509
0.13449 -0.02777
0.12356 -0.030240
0.11324 -0.03243
0.10364 -0.03423
0.09472 -0.03557
0.08633 -0.03644
0.07837 -0.03685
0.07074 -0.03679
0.06339 -0.036280
0.0563 -0.03533
0.04946 -0.03395
0.0429 -0.03217
0.03667 -0.03004
0.03085 -0.02762
0.02555 -0.02504
0.02086 -0.022420
0.016840 -0.01988
0.01346 -0.01747
0.010650 -0.01522
0.00833 -0.01312
0.006410 -0.011140
0.00482 -0.0093
0.00351 -0.00757
0.00243 -0.00594
0.00156 -0.004400
0.00088 -0.00294
0.00037 -0.001550
0.000086 -0.00022
-0.00012 0.00108000
0.000005 0.00239
0.00056 0.003590
0.00157 0.00456
0.00289 0.00528
0.00444 0.00587
0.00624 0.006370
0.00832 0.00684
0.01075 0.00731
0.01367 0.00778
0.01723 0.00827
0.02169 0.00879
0.02734 0.00935
0.03448 0.00994
0.04306 0.01052
0.05271 0.01098
0.063110 0.01125
0.074170 0.01133
0.08579 0.0113
0.097790 0.01123
0.10995 0.01113
0.12209 0.01104
0.13408 0.01099
0.145880 0.01102
0.15748 0.01113
0.16889 0.011370
0.180110 0.01175
0.19115 0.0123
0.20204 0.01304
0.21279 0.01397
0.2234200 0.01511
0.23393 0.01647
0.24436 0.01805
0.25469 0.01987
0.264940 0.02193
0.2751 0.02422
0.28516 0.02674
0.29506 0.02948
0.30473 0.03242
0.31402 0.03551
0.32271 0.03867
0.33059 0.04182
0.33746 0.04488
0.34331 0.04782
0.34822 0.05063
0.3523 0.05331
0.35643 0.05645
-Inserting Flap s1223rtl-
0.51996 0.1688
0.51931 0.16746
0.51835 0.16551
0.51714 0.16351
0.51556 0.16142
0.51355 0.15915
0.51105 0.15659
0.50805 0.15374
0.50458 0.15062
0.50074 0.14733
0.49663 0.143950
0.49235 0.14054
0.48798 0.13715
0.48355 0.13383
0.47908 0.13059
0.47456 0.12744
0.46999 0.12436
0.46534 0.12134
0.46059 0.11837
0.45572 0.11541
0.45073 0.11246
0.445620 0.10949
0.44042 0.10651
0.43519 0.10353
0.42999 0.10058
0.4249 0.09773
0.41999 0.095030
0.41533 0.09256
0.41096 0.09037
0.40686 0.08850
0.402950 0.08692
0.39918 0.085630
0.3955 0.08461
0.3919 0.08384
0.38836 0.08332
0.38488 0.08304
0.38149 0.082990
0.3782 0.08316
0.37506 0.08352
0.37216 0.08403
0.36955 0.08464
0.36726 0.08531
0.36531 0.08600
0.36365 0.08669
0.36224 0.08738
0.36105 0.08807
0.36003 0.088740
0.35916 0.08939
0.35842 0.09002
0.35779 0.09064
0.35726 0.09125
0.35682 0.09185
0.35648 0.092440
0.35622 0.093040
0.3561 0.09369
0.35621 0.09435
0.35656 0.09495
0.35709 0.09548
0.35776 0.09597
0.35855 0.09646
0.359480 0.09698
0.36059 0.09754
0.36193 0.09816
0.36357 0.09889
0.36564 0.09975
0.36829 0.1008
0.37163 0.10207
0.37568 0.10353
0.38025 0.10508
0.38522 0.10664
0.39052 0.108210
0.39611 0.1098
0.40188 0.111410
0.40774 0.11304
0.41359 0.11467
0.419360 0.1163
0.42503 0.11794
0.43059 0.1196
0.43604 0.12128
0.44138 0.12301
0.446610 0.1248
0.45174 0.12665
0.45678 0.12858
0.46173 0.130590
0.4666 0.1327
0.47139 0.13489
0.47610 0.13719
0.48075 0.13959
0.48532 0.142090
0.4898 0.14469
0.49418 0.14737
0.49843 0.15012
0.50246 0.15288
0.50621 0.1556
0.509560 0.1582
0.51244 0.160620
0.51485 0.162840
0.51682 0.16487
0.51841 0.16672
0.51996 0.1688
-Inserting Flap s1223rtl-
0.650670 0.29875
0.65034 0.2973
0.64987 0.29519
0.64915 0.2929600
0.64809 0.290570
0.64666 0.28789
0.64482 0.28482
0.64255 0.28135
0.6399 0.277520
0.63692 0.27343
0.6337 0.26919
0.63033 0.26489
0.62685 0.26059
0.6233 0.25633
0.6197 0.25215
0.61603 0.24804
0.61229 0.24399
0.60847 0.239980
0.60453 0.23599
0.60048 0.232
0.5963 0.22797
0.59201 0.2239
0.58764 0.2198
0.58324 0.21569
0.57886 0.21163
0.57456 0.20768
0.5704 0.20392
0.56644 0.20044
0.56270 0.19731
0.55914 0.19454
0.55570 0.1921
0.55232 0.18998
0.54898 0.18813
0.54565 0.18655
0.54233 0.18523
0.53901 0.18416
0.53572 0.18333
0.53248 0.18273
0.52935 0.18236
0.5264 0.18218
0.52372 0.18218
0.52135 0.1823
0.51928 0.18252
0.51751 0.18281
0.51598 0.18316
0.51466 0.18355
0.51351 0.18397
0.51252 0.1844
0.51165 0.18485
0.5109 0.1853
0.5102400 0.18577
0.50968 0.18626
0.5092 0.18675
0.50882 0.187280
0.50855 0.18788
0.50850 0.18854
0.5087 0.18921
0.5091 0.18985
0.50964 0.19049
0.51029 0.19115
0.51108 0.19186
0.51203 0.19266
0.51319 0.19358
0.51462 0.19466
0.51644 0.19598
0.51877 0.19761
0.52173 0.19962
0.52533 0.20197
0.52942 0.20454
0.53389 0.2072
0.53869 0.20995
0.54376 0.21278
0.54901 0.21569
0.55434 0.21862
0.55965 0.22156
0.56489 0.22447
0.57003 0.22737
0.57506 0.23027
0.579970 0.23316
0.58476 0.23608
0.58944 0.23902
0.594010 0.24201
0.59847 0.24505
0.60282 0.24815
0.607070 0.25132
0.61123 0.25456
0.615290 0.25789
0.61925 0.26129
0.62312 0.26478
0.626890 0.26834
0.63053 0.27196
0.63402 0.27561
0.63732 0.27923
0.64033 0.28274
0.64299 0.28604
0.64524 0.28906
0.64707 0.29178
0.64852 0.2942
0.64964 0.29637
0.650670 0.29875
*.*.Setup: s1223rtl.txt as Flap 1, Inverted: y, Scale = 1.0, AoA = 9.0, Reposition from (0,0) = (0, 0)*.*.
*.*.Setup: s1223rtl.txt as Flap 2, Inverted: y, Scale = 0.5, AoA = 25.0, Reposition from previous T.E. = (0.0, 0.1), Reposition from (0,0) = (0.9877, 0.2564)*.*.
*.*.Setup: s1223rtl.txt as Flap 3, Inverted: y, Scale = 0.5, AoA = 38.333333333333336, Reposition from previous T.E. = (-0.03, 0.05), Reposition from (0,0) = (1.4108, 0.5177)*.*.
*.*.Setup: Scale Ratio = 0.36087*.*.