0.36151 0.00749
0.36080 0.00667
0.35938 0.005080
0.35727 0.002730
0.35459 -0.0002
0.35148 -0.003520
0.34807 -0.007
0.34451 -0.01045
0.34091 -0.0137
0.33729 -0.01673
0.33366 -0.01958
0.33002 -0.02228
0.32637 -0.02486
0.32271 -0.02735
0.31905 -0.029750
0.31538 -0.03207
0.31171 -0.034320
0.308030 -0.03649
0.30435 -0.03859
0.30066 -0.04063
0.29697 -0.04261
0.293280 -0.04453
0.28958 -0.04639
0.28587 -0.0482
0.28217 -0.04996
0.27846 -0.051650
0.27474 -0.05329
0.27102 -0.05486
0.2673 -0.05636
0.26357 -0.05781
0.25984 -0.05921
0.2561 -0.06057
0.25236 -0.0619
0.24863 -0.0632000
0.24489 -0.06447
0.24114 -0.06571
0.2374 -0.06691
0.23365 -0.06806
0.229890 -0.06917
0.226140 -0.07022
0.22238 -0.07123
0.21862 -0.07219
0.21485 -0.07310
0.21108 -0.07397
0.20731 -0.07481
0.20354 -0.0756
0.19976 -0.07635
0.19598 -0.07707
0.1922 -0.07776
0.18841 -0.0784
0.18463 -0.07901
0.18084 -0.07958
0.177040 -0.0801
0.17325 -0.08058
0.16945 -0.08101
0.16564 -0.08139
0.16184 -0.08173
0.15803 -0.08202
0.15422 -0.08227
0.15040 -0.08247
0.14658 -0.08262
0.14276 -0.08273
0.13893 -0.08278
0.1351 -0.08279
0.13127 -0.08274
0.12744 -0.08265
0.1236 -0.08253
0.11976 -0.08236
0.11591 -0.08216
0.11207 -0.08192
0.108220 -0.08162
0.10436 -0.08125
0.1005 -0.08081
0.09663 -0.08028
0.09276 -0.07966
0.08888 -0.078950
0.085 -0.07816
0.0811 -0.07728
0.077210 -0.07632
0.0733 -0.07525
0.06939 -0.07406
0.06547 -0.07275
0.06154 -0.07129
0.05759 -0.06967
0.05364 -0.0679
0.04968 -0.065970
0.0457 -0.06389
0.04172 -0.06167
0.03772 -0.059300
0.033710 -0.05671
0.02968 -0.05384
0.02562 -0.05059
0.02153 -0.0469
0.01744 -0.04274
0.01347 -0.038210
0.0098 -0.03349
0.00658 -0.02873
0.00398 -0.02409
0.00215 -0.01973
0.00086 -0.01225
0.00142 -0.009350
0.0028 -0.00713
0.00497 -0.00567
0.0078 -0.004870
0.01112 -0.00460
0.01478 -0.00475
0.01862 -0.00517
0.02249 -0.00576
0.02637 -0.0065
0.03026 -0.00737
0.03416 -0.008370
0.03807 -0.00949
0.04198 -0.01071
0.0459 -0.01204
0.04983 -0.013450
0.05377 -0.01493
0.0577 -0.01646
0.06164 -0.01804
0.06558 -0.01964
0.06953 -0.02127
0.07347 -0.0229
0.07741 -0.02452
0.08136 -0.02614
0.0853 -0.02773
0.08924 -0.02931
0.09318 -0.03085
0.09711 -0.03237
0.10105 -0.033850
0.104980 -0.03529
0.1089 -0.0367
0.11283 -0.0380700
0.11675 -0.03939
0.12067 -0.04068
0.12459 -0.04191
0.1285 -0.04311
0.13241 -0.04426
0.13632 -0.04536
0.14022 -0.046420
0.144120 -0.04743
0.148020 -0.04838
0.15191 -0.04929
0.1558 -0.050140
0.15969 -0.05094
0.16357 -0.051690
0.16745 -0.05238
0.171320 -0.05301
0.17519 -0.05358
0.17905 -0.05409
0.182920 -0.05455
0.18677 -0.05495
0.19063 -0.0553
0.19448 -0.05561
0.19833 -0.05587
0.2021700 -0.05609
0.20601 -0.05626
0.20985 -0.05636
0.21368 -0.0564
0.217510 -0.05637
0.22133 -0.05626
0.22515 -0.05609
0.22896 -0.05584
0.23277 -0.055530
0.23657 -0.05515
0.24037 -0.0547
0.24417 -0.05418
0.24795 -0.05358
0.25174 -0.05291
0.25551 -0.05217
0.25929 -0.05134
0.263050 -0.05043
0.26681 -0.04944
0.27057 -0.04837
0.27432 -0.04721
0.278060 -0.04596
0.28179 -0.04462
0.285520 -0.043180
0.28924 -0.04164
0.29296 -0.04
0.29667 -0.03826
0.3003700 -0.03643
0.30407 -0.03451
0.307760 -0.03251
0.31144 -0.030430
0.31512 -0.02828
0.31879 -0.02605
0.322460 -0.02375
0.32612 -0.02138
0.32978 -0.01893
0.33344 -0.016390
0.33708 -0.01375
0.34072 -0.01097
0.34434 -0.00804
0.34793 -0.00498
0.35137 -0.00192
0.35451 0.00096
0.35722 0.0035
0.35935 0.00553
0.36078 0.0069
0.36151 0.00749
-Inserting Flap Ga2-
0.4956 0.11765
0.49554 0.11722
0.49541 0.11638
0.495210 0.11513
0.49495 0.11356
0.49463 0.11177
0.49425 0.10986
0.4938 0.10793
0.4933 0.10605
0.49275 0.10425
0.49215 0.1025
0.49152 0.1008
0.49086 0.09914
0.49017 0.097510000
0.48947 0.09591
0.48874 0.09433
0.488 0.09278
0.487240 0.09125
0.48646 0.089740
0.48567 0.08825
0.48486 0.08678
0.48404 0.08533
0.48321 0.0839
0.48236 0.08249
0.4815 0.08109
0.48062 0.079720
0.47973 0.07836
0.478830 0.07702
0.4779 0.07571
0.476970 0.07441
0.47602 0.07312
0.47507 0.071850
0.4741 0.07059
0.47313 0.06934
0.47215 0.0681
0.47117 0.066870
0.47017 0.06565
0.46917 0.06445
0.46815 0.06326
0.46712 0.06209
0.46607 0.06093
0.46502 0.059790
0.463960 0.05866
0.46288 0.05755
0.4618 0.05645
0.46071 0.05536
0.4596 0.05429
0.45849 0.05322
0.45737 0.05217
0.45624 0.05113
0.45510 0.0501
0.45396 0.04908
0.4528 0.04808
0.45163 0.04709
0.45045 0.04612
0.44926 0.04516
0.44805 0.04422
0.44684 0.04329
0.445610 0.04238
0.44438 0.04148
0.44313 0.0406
0.44187 0.03973
0.4406 0.03888
0.43931 0.03804
0.438020 0.03722
0.43671 0.03642
0.4354 0.03562
0.43407 0.03484
0.43274 0.034070
0.4314 0.03332
0.43004 0.03258
0.42867 0.03186
0.427270 0.03117
0.42586 0.0305
0.42443 0.02987
0.42297 0.02926
0.4215 0.02868
0.42 0.02812
0.41848 0.0276
0.41694 0.02711
0.41537 0.02665
0.41377 0.02624
0.41213 0.02587
0.41045 0.02556
0.40874 0.02529
0.40699 0.02507
0.40521 0.0249
0.40339 0.02478
0.40153 0.02471
0.39962 0.0247
0.39764 0.02479
0.395570 0.0249900
0.3934 0.02534
0.39112 0.02584
0.3888 0.0265
0.38654 0.02728
0.38442 0.02818
0.38254 0.02917
0.38097 0.03023
0.37891 0.03246
0.37847 0.03356
0.378450 0.0346
0.37886 0.03556
0.379630 0.03645
0.3806900 0.03726
0.38195 0.03801
0.38333 0.0387
0.38476 0.03935
0.38622 0.03995
0.38771 0.0405
0.38924 0.041020
0.39079 0.04149
0.39237 0.041930
0.39398 0.04234
0.3956 0.04273
0.39724 0.04309
0.3989 0.04343
0.40056 0.04376
0.40224 0.04408
0.40391 0.04439
0.405590 0.04471
0.40727 0.04502
0.40894 0.04534
0.41061 0.04566
0.41228 0.04599
0.41393 0.04633
0.41558 0.04668
0.41723 0.047040
0.41886 0.047410
0.42048 0.0478
0.4221 0.048190
0.4237 0.0486
0.4253 0.04903
0.42688 0.04946
0.42846 0.04991
0.43002 0.05038
0.43157 0.050860
0.43311 0.05136
0.43464 0.05187
0.43615 0.0524
0.43765 0.052940
0.439150 0.0535
0.44062 0.05408
0.44209 0.05468
0.44354 0.05529
0.44498 0.05592
0.4464 0.05657
0.44781 0.05724
0.4492 0.057930
0.45058 0.05864
0.45195 0.05936
0.45331 0.06009
0.45466 0.06084
0.456 0.06161
0.45732 0.06239
0.45863 0.06319
0.45993 0.06401
0.4612 0.06486
0.46246 0.06573
0.46371 0.06662
0.46493 0.06753
0.46614 0.06846
0.46733 0.06942
0.46851 0.0704
0.46967 0.0714
0.47081 0.07242
0.47193 0.07347
0.47304 0.07455
0.47412 0.07565
0.47519 0.07677
0.47623 0.077920
0.47726 0.0791
0.47826 0.08031
0.47925 0.08154
0.480210 0.0828
0.48115 0.0841
0.48206 0.08543
0.48295 0.08679
0.48381 0.08818
0.48466 0.0896
0.48548 0.09105
0.48628 0.09252
0.48706 0.09402
0.487830 0.09554
0.48858 0.09709
0.48931 0.09866
0.490020 0.10026
0.49071 0.10188
0.49138 0.10352
0.49203 0.1052
0.49264 0.10693
0.49322 0.10870
0.49376 0.11051
0.49425 0.11228
0.49467 0.113940
0.49503 0.11538
0.4953 0.11652
0.49548 0.11729
0.4956 0.11765
-Inserting Flap Ga2-
0.61721 0.240060
0.617210 0.239630
0.6172 0.23877
0.61718 0.23751
0.61714 0.23592
0.617070 0.23411
0.61696 0.23216
0.61679 0.23018
0.616550 0.22826
0.616260 0.22639
0.61591 0.22458
0.61552 0.222810
0.6151 0.22107
0.61464 0.21936
0.61417 0.21768
0.61367 0.21601
0.61315 0.21437
0.61261 0.21275
0.61205 0.21115
0.61147 0.20957
0.61088 0.208
0.61027 0.20645
0.60964 0.20492
0.609 0.2034
0.60834 0.2019
0.60766 0.20041
0.60697 0.19894
0.606260 0.19749
0.60553 0.19606
0.60478 0.19465
0.60402 0.19324
0.60325 0.19185
0.60247 0.1904700
0.60169 0.1891
0.60089 0.18773
0.60009 0.18638
0.59927 0.18503
0.59844 0.1837
0.5976 0.18238
0.59674 0.18108
0.59587 0.17979
0.59498 0.178510
0.59409 0.17725
0.59318 0.175990
0.59226 0.17475
0.59133 0.17352
0.59039 0.1723
0.58943 0.17109
0.58847 0.1699
0.5875 0.16871
0.58652 0.16753
0.58552 0.16636
0.58451 0.16521
0.583490 0.16407
0.58246 0.16294
0.58141 0.16183
0.58035 0.16073
0.57928 0.15964
0.57819 0.15856
0.57709 0.1575
0.575980 0.15646
0.574850 0.15542
0.57371 0.1544
0.57256 0.15339
0.57139 0.1524
0.57021 0.15142
0.56901 0.15045
0.56781 0.14949
0.5666 0.14855
0.56537 0.14761
0.56413 0.14669
0.56287 0.14579
0.56159000 0.14491
0.56028 0.14405
0.55895 0.143230
0.5576 0.14242
0.55622 0.141640
0.55481 0.14088
0.55338 0.14015
0.55192 0.139450
0.55043 0.13878
0.5489 0.13815
0.54733 0.137560
0.54571 0.13701
0.54406 0.13651
0.54235 0.13605
0.54061 0.13564
0.53882 0.13526
0.53699 0.13493
0.5351 0.13466
0.53313 0.134470
0.53106 0.13438
0.52885 0.13442
0.52652 0.13461
0.52414 0.13493
0.5217900 0.13539
0.51957 0.135980
0.51757 0.13670
0.51587 0.13754
0.51352 0.13946
0.51293 0.14048
0.51276 0.14151
0.51303 0.14252
0.51368 0.14351
0.51461 0.14446
0.51575 0.14538
0.51702 0.14626
0.518350 0.14709
0.51971 0.14789
0.52111 0.14865
0.52255 0.14937
0.52403 0.15006
0.52553 0.15071
0.52706 0.15134
0.52862 0.15195
0.53019 0.15253
0.531780 0.1531
0.53339 0.153660
0.535 0.15421
0.53661 0.15476
0.53823 0.1553
0.53985 0.15584
0.54146 0.15639
0.54307 0.15694
0.54467 0.1575
0.54627 0.15807
0.54785 0.15864
0.54943 0.15923
0.551 0.15983
0.55255 0.16043
0.5541 0.16105
0.555630 0.16168
0.55715 0.16232
0.55866 0.16297
0.56015 0.16364
0.56163 0.16432
0.5631 0.16501
0.56456 0.16572
0.566 0.16644
0.56743 0.16717
0.56884 0.16792
0.57024 0.16868
0.57162 0.16946
0.57299 0.17025
0.5743400 0.17106
0.57567 0.17189
0.57699 0.17273
0.57829 0.17359
0.57958 0.17447
0.58085 0.17536
0.5821 0.17626
0.58335 0.17718
0.58458 0.17811
0.5858 0.17905
0.5870 0.18001
0.58819 0.18099
0.58935 0.18198
0.59050 0.18299
0.59163 0.18403
0.59273 0.18508
0.59382 0.18616
0.59489 0.18725
0.59594 0.18836
0.59696 0.1895
0.59797 0.19065
0.59896 0.19182
0.59993 0.19302
0.60087 0.19424
0.60179 0.19548
0.60269 0.19674
0.60357 0.19802
0.60442 0.19933
0.60524 0.20067
0.60605 0.20203
0.60682 0.203410
0.60757 0.20482
0.60829 0.20627
0.60898 0.20773
0.60965 0.20923
0.61028 0.210760
0.610890 0.21231
0.611480 0.21388
0.61205 0.21547
0.61260 0.21709
0.61312 0.21873
0.61362 0.22038
0.61411 0.22206
0.61457 0.22376
0.61501 0.22548
0.61541 0.22724
0.61578 0.22903
0.61611 0.230870
0.61639 0.23273
0.61662 0.23456
0.61681 0.23625
0.61696 0.237730
0.61707 0.2389
0.617150 0.23969
0.61721 0.240060
*.*.Setup: Ga2.txt as Flap 1, Inverted: y, Scale = 1.0, AoA = 4.0, Reposition from (0,0) = (0, 0)*.*.
*.*.Setup: Ga2.txt as Flap 2, Inverted: y, Scale = 0.4, AoA = 37.0, Reposition from previous T.E. = (0.04, 0.08), Reposition from (0,0) = (1.041, 0.1007)*.*.
*.*.Setup: Ga2.txt as Flap 3, Inverted: y, Scale = 0.4, AoA = 45.0, Reposition from previous T.E. = (0.04, 0.07), Reposition from (0,0) = (1.4123, 0.3958)*.*.
*.*.Setup: Scale Ratio = 0.36115*.*.