0.36845 -0.005230
0.3677 -0.00604
0.3662 -0.00761
0.363970 -0.009930
0.36113 -0.01282
0.35785 -0.01608
0.35425 -0.01951
0.3505 -0.0229
0.34672 -0.02608
0.34292 -0.02904
0.339120 -0.03181
0.33532 -0.03443
0.33151 -0.03693
0.3277 -0.03933
0.32388 -0.04165
0.32007 -0.04388
0.31625 -0.04604
0.31242 -0.048120
0.30860 -0.05013
0.304770 -0.05208
0.30094 -0.05396
0.29711 -0.05578
0.29328 -0.05755
0.28944 -0.05926
0.2856 -0.06091
0.28176 -0.06251
0.27792 -0.06404
0.27407 -0.06551
0.27023 -0.06691
0.26638 -0.068250
0.26253 -0.06955
0.258680 -0.0708
0.25482 -0.07202
0.25097 -0.07321
0.24711 -0.07437
0.24326 -0.0755
0.2394 -0.07659
0.235540 -0.07763
0.23168 -0.07862
0.22782 -0.07956
0.22395 -0.08045
0.22009 -0.081290
0.21622 -0.08209
0.21235 -0.0828500
0.20848 -0.08356
0.20461 -0.08423
0.20073 -0.08487
0.19686 -0.08547
0.19298 -0.08603
0.1891 -0.08655
0.18523 -0.08704
0.18135 -0.08748
0.17746 -0.08788
0.17358 -0.08823
0.1697 -0.08853
0.16581 -0.08879
0.16192 -0.089
0.15803 -0.08916
0.15414 -0.08928
0.15025 -0.08934
0.14635 -0.08936
0.14245 -0.08933
0.13856 -0.08925
0.13466 -0.08912
0.13075 -0.088940
0.12685 -0.08871
0.12295 -0.08845
0.11904 -0.08814
0.11513 -0.08780
0.11122 -0.08742
0.107310 -0.08697
0.1034 -0.08646
0.09948 -0.08588
0.09556 -0.0852
0.091640 -0.08443
0.08771 -0.08357
0.08379 -0.08263
0.07985 -0.0816
0.07592 -0.08047
0.07198 -0.07925
0.06804 -0.07790
0.06409 -0.07642
0.06014 -0.07479
0.05618 -0.07301
0.05222 -0.07106
0.04825 -0.06895
0.04427 -0.0667
0.04029 -0.0643
0.03631 -0.06174
0.03232 -0.05896
0.02831 -0.05589
0.0243 -0.05244
0.02026 -0.04854
0.01624 -0.044150
0.01236 -0.0394
0.00879 -0.03446
0.005680 -0.0295
0.0032 -0.02468
0.00148 -0.02017
0.00044 -0.012510
0.00111 -0.00957
0.00259 -0.00736
0.00486 -0.00595
0.00777 -0.00524
0.01116 -0.00509
0.01489 -0.00536
0.01878 -0.00593
0.0227 -0.00667
0.026620 -0.00756
0.03056 -0.00858
0.03449 -0.00974
0.03843 -0.01101
0.04238 -0.0124
0.04632 -0.01389
0.05027 -0.01547
0.054230 -0.01712
0.05818 -0.018820
0.06214 -0.02056
0.06610 -0.02234
0.07006 -0.02413
0.07401 -0.025930
0.07797 -0.02773
0.081930 -0.02951
0.08589 -0.03128
0.08984 -0.03302
0.0938 -0.03473
0.09775 -0.03642
0.10171 -0.03807
0.10566 -0.03968
0.10961 -0.04125
0.11356 -0.04278
0.11751 -0.04427
0.12145 -0.04572
0.1254 -0.04712
0.12934 -0.04848
0.13328 -0.04979
0.13722 -0.05105
0.14116 -0.05226
0.1451 -0.05343
0.14903 -0.054540
0.152960 -0.0556
0.15689 -0.05661
0.16082 -0.05756
0.16475 -0.05846
0.1686800 -0.05930
0.1726 -0.060080
0.17652 -0.0608
0.18044 -0.06146
0.18435 -0.06206
0.18827 -0.0626
0.19218 -0.0631
0.19609 -0.06355
0.20 -0.06396
0.20391 -0.06432
0.20782 -0.06462
0.211720 -0.064870
0.21562 -0.06504
0.21952 -0.06515
0.22342 -0.06518
0.22731 -0.06513
0.23121 -0.06502
0.23509 -0.064830
0.23898 -0.06458
0.242870 -0.06426
0.24675 -0.06386
0.25063 -0.06339
0.254500 -0.06284
0.25838 -0.06222
0.26225 -0.061510
0.26612 -0.06072
0.26998 -0.05984
0.27384 -0.05888
0.2777 -0.05784
0.281560 -0.0567
0.28541 -0.05546
0.28926 -0.05413
0.29311 -0.0527
0.29695 -0.05116
0.30079 -0.04952
0.30462 -0.04779
0.30845 -0.045970
0.31228 -0.044060
0.31611 -0.04207
0.31993 -0.04001
0.32375 -0.03787
0.32757 -0.03566
0.33139 -0.033370
0.3352 -0.03101
0.33901 -0.02855
0.34282 -0.02599
0.34662 -0.023290
0.35041 -0.02044
0.35418 -0.01745
0.35779 -0.01446
0.36109 -0.01163
0.36394 -0.00914
0.36618 -0.00715
0.36769 -0.00581
0.36845 -0.005230
-Inserting Flap Ga2-
0.5051 0.09967
0.50504 0.099240
0.50491 0.09838
0.50471 0.09711
0.50444 0.0955100
0.50412 0.09368
0.50372 0.09174
0.50327 0.08977
0.50276 0.087860
0.5022 0.086020
0.50159 0.08424
0.50094 0.0825
0.50027 0.08081
0.49957 0.07915
0.49885 0.07752
0.49812 0.07591
0.497360 0.07433
0.49658 0.072770
0.49579 0.07123
0.49498 0.06971
0.49416 0.068220
0.49332 0.06674
0.49247 0.06528
0.49161 0.06384
0.49073 0.06242
0.48984 0.06102
0.48893 0.05963
0.48801 0.05827
0.48707 0.05693
0.48612 0.05560
0.48515 0.0543
0.48418 0.053
0.48319 0.05172
0.4822 0.05044
0.48121 0.04918
0.4802 0.04792
0.47919 0.04668
0.47816 0.04546
0.47712 0.044250
0.47607 0.04305
0.47501 0.04187
0.473940 0.04071
0.47285 0.03956
0.4717600 0.03843
0.47066 0.0373
0.46954 0.0362
0.46842 0.0351
0.46729 0.03401
0.46614 0.03294
0.46499 0.03188
0.46383 0.030830
0.46266 0.0298
0.46148 0.02878
0.46029 0.02777
0.45909 0.02678
0.45787 0.0258
0.45665 0.02484
0.45541 0.0239
0.45416 0.02296
0.4529 0.02205
0.45163 0.02115
0.45035 0.02027
0.44905 0.0194
0.44774 0.01855
0.44642 0.017710
0.44509 0.01689
0.44375 0.01608
0.4424 0.01528
0.44104 0.0145
0.43967 0.0137300
0.43829 0.01298
0.43689 0.01224
0.43547 0.01154
0.43403 0.01086
0.43257 0.010210
0.43109 0.00959
0.42958 0.009
0.42806 0.00844
0.42651 0.0079
0.42494 0.0074
0.42334 0.00694
0.42171 0.00652
0.420040 0.00614
0.41833 0.00582
0.41659 0.005550
0.4148 0.00533
0.41298 0.005160
0.41113 0.00503
0.40924 0.00495
0.40729 0.00495
0.40527 0.00504
0.40317 0.00525
0.40095 0.0056
0.39862 0.00611
0.39626 0.00678
0.39396 0.00758
0.3918 0.00849
0.38988 0.0095
0.38829 0.01058
0.38619 0.01285
0.38573 0.01397
0.38571 0.01504
0.38613 0.01602
0.38692 0.01692
0.388 0.01775
0.38928 0.01851
0.39069 0.01922
0.39214 0.01988
0.393630 0.020490
0.39516 0.02105
0.39671 0.02158
0.39829 0.02206
0.39991 0.02251
0.40154 0.02293
0.4032 0.02332
0.40487 0.02369
0.40656 0.02404
0.40825 0.02437
0.40996 0.0247
0.41166 0.02502
0.41338 0.02534
0.41508 0.02566
0.41679 0.02598
0.41849 0.02631
0.42019 0.0266500
0.42188 0.026990
0.42356 0.02735
0.42523 0.02771
0.4269 0.02809
0.42855 0.02849
0.4302 0.02889
0.43183 0.02931
0.43346 0.0297400
0.43507 0.03018
0.43668 0.03064
0.43827 0.03112
0.43985 0.03161
0.44142 0.03211
0.44297 0.03264
0.44452 0.03317
0.44605 0.03373
0.44757 0.0343
0.44908 0.03489
0.45057 0.0355
0.45205 0.03612
0.45351 0.03677
0.45496 0.0374300
0.4564 0.03811
0.45782 0.03882
0.45923 0.03953
0.46062 0.04027
0.4620100 0.04102
0.46338 0.04178
0.46474 0.04256
0.46609 0.04336
0.46743 0.04417
0.46875 0.04501
0.47005 0.04587
0.47133 0.04676
0.4726 0.04766
0.47385 0.04859
0.47508 0.04955
0.4763 0.050520
0.477490 0.05152
0.47868 0.05254
0.47984 0.053580
0.48098 0.05465
0.48211 0.05575
0.48321 0.05687
0.4843 0.05801
0.48537 0.05919
0.48641 0.06039
0.487440 0.06162
0.48844 0.06287
0.48942 0.06416
0.49037 0.06548
0.491300 0.066830
0.49221 0.06822
0.49309 0.06964
0.49395 0.071080
0.49479 0.07256
0.4956 0.07406
0.4964 0.07559
0.49718 0.07715
0.49794 0.07872
0.49869 0.08032
0.49941 0.081950
0.50012 0.08360
0.50081 0.0852800
0.50146 0.08699
0.50209 0.08875
0.50268 0.09055
0.5032300 0.09239
0.50372 0.0942
0.50416 0.09589
0.50452 0.09736
0.5048 0.09852
0.50498 0.09931
0.5051 0.09967
-Inserting Flap Ga2-
0.610630 0.22074
0.61064 0.2203
0.61062 0.2194300
0.6106 0.21814
0.61056 0.21652
0.61049 0.21467
0.61038 0.21269
0.6102 0.21067
0.60996 0.20871
0.60966 0.20681
0.60931 0.20496
0.608910 0.20316
0.60848 0.20139
0.60802 0.199650
0.6075300 0.19793
0.60702 0.19623
0.60649 0.19456
0.60594 0.19291
0.60537 0.19128
0.60479 0.18966
0.60418 0.18807
0.60356 0.18649
0.60292 0.18493
0.60226 0.18338
0.60159 0.18185
0.60090 0.18033
0.60019 0.17884
0.59947 0.17736
0.59873 0.1759
0.59797 0.174460
0.597190 0.17303
0.59641 0.17161
0.59561 0.1702
0.59481 0.1688
0.594 0.16741
0.59318 0.16603
0.59235 0.16466
0.5915 0.1633
0.59064 0.16196
0.58977 0.16063
0.58888 0.15932
0.58798 0.15801
0.58707 0.15673
0.58614 0.15545
0.5852 0.15418
0.58426 0.15293
0.5833 0.15169
0.58233 0.15046
0.58134 0.149230
0.58035 0.14802
0.57935 0.146820
0.57834 0.14564
0.57731 0.144460
0.57627 0.1433
0.57521 0.14215
0.57415 0.14102
0.57307 0.13989
0.57197 0.13878
0.57087 0.13769
0.56975 0.13661
0.56861 0.13554
0.56746 0.13448
0.5663 0.13344
0.56512 0.132420
0.56393 0.13141
0.562730 0.13041
0.56152 0.12942
0.56029 0.12844
0.559050 0.12748
0.5578 0.12652
0.55654 0.12559
0.55526 0.12467
0.55395 0.12377
0.55262 0.12290
0.551260 0.12206
0.54988 0.12124
0.54847 0.12044
0.547040 0.11967
0.545580 0.11893
0.54410 0.11821
0.54258 0.117530
0.54102 0.11688
0.53942 0.11628
0.53777 0.11572
0.53608 0.11521
0.53435 0.11475
0.53257 0.11432
0.53075 0.11394
0.52888 0.1136
0.52696 0.11332
0.52495 0.11313
0.52283 0.11304
0.52059 0.113090
0.51822 0.11327
0.51578 0.1136
0.51339 0.11407
0.51113 0.11468
0.50909 0.11541
0.50736 0.11626
0.50496 0.11822
0.50436 0.11926
0.50419 0.12031
0.50446 0.121340
0.50512 0.12234
0.50607 0.12331
0.50724 0.12425
0.50853 0.12514
0.50988 0.126
0.51127 0.12681
0.5127 0.12758
0.51417 0.12832
0.51567 0.129020
0.5172 0.12969
0.51876 0.130330
0.52035 0.13095
0.52195 0.13154
0.52358 0.13212
0.52521 0.13269
0.52685 0.13325
0.5285 0.13381
0.53015 0.13436
0.53180 0.13491
0.53344 0.13547
0.53508 0.13604
0.53671 0.13661
0.53834 0.13718
0.53995 0.13777
0.54156 0.13837
0.54315 0.13897
0.54474 0.13959
0.54631 0.14022
0.54787 0.14086
0.54942 0.14151
0.55096 0.14218
0.55248 0.14286
0.55399 0.14355
0.55549 0.14426
0.55697 0.14498
0.558440 0.14571
0.5599 0.146460
0.56134 0.14722
0.56276 0.148
0.56417 0.14879
0.56556 0.1496
0.56694 0.15042
0.5683 0.15127
0.56965 0.152120
0.57097 0.153
0.57228 0.15389
0.57358 0.1548
0.57486 0.155720
0.576120 0.156660
0.577380 0.15761
0.57862 0.15857
0.57985 0.15954
0.58105 0.16054
0.58224 0.16155
0.58341 0.162580
0.58456 0.16364
0.58569 0.16471
0.58679 0.16581
0.58788 0.166920
0.58895 0.16806
0.59 0.16921
0.59103 0.170390
0.59203 0.1715800
0.59302 0.1728
0.59398 0.17404
0.59492 0.17530
0.59583 0.17659
0.596730 0.1779
0.59759 0.17923
0.59844 0.18059
0.599250 0.18198
0.60005 0.18339
0.60081 0.18483
0.60154 0.1863
0.60225 0.1878
0.60292 0.18932
0.60357 0.19088
0.6042 0.19246
0.6048 0.19406
0.60537 0.195680
0.60593 0.19733
0.60646 0.199
0.606980 0.20069
0.60747 0.2024
0.60794 0.20413
0.60839 0.20588
0.60880 0.20767
0.60917 0.2095
0.60951 0.21137
0.60979 0.21327
0.61003 0.21513
0.61023 0.21686
0.61038 0.21837
0.61049 0.21956
0.61057 0.22036
0.610630 0.22074
*.*.Setup: Ga2.txt as Flap 1, Inverted: y, Scale = 1.0, AoA = 2.0, Reposition from (0,0) = (0, 0)*.*.
*.*.Setup: Ga2.txt as Flap 2, Inverted: y, Scale = 0.4, AoA = 37.0, Reposition from previous T.E. = (0.04, 0.06), Reposition from (0,0) = (1.0411, 0.0458)*.*.
*.*.Setup: Ga2.txt as Flap 3, Inverted: y, Scale = 0.4, AoA = 45.0, Reposition from previous T.E. = (-0.01, 0.06), Reposition from (0,0) = (1.3624, 0.3308)*.*.
*.*.Setup: Scale Ratio = 0.36805*.*.