0.34505 -0.01205
0.34278 -0.01376
0.33946 -0.01625
0.33565 -0.018620
0.33114 -0.02079
0.32573 -0.02292
0.31925 -0.02511
0.31166 -0.027380
0.30304 -0.02967
0.293630 -0.03194
0.28368 -0.03415
0.27343 -0.03625
0.263040 -0.03822
0.2526 -0.04003
0.24215 -0.04167
0.231710 -0.04313
0.221240 -0.04440
0.21069 -0.04551
0.20002 -0.04645
0.18916 -0.04726
0.17808 -0.04796
0.16679 -0.04858
0.15534 -0.04915
0.14383 -0.04969
0.1324 -0.05019
0.12124 -0.050630
0.11052 -0.0509600
0.10043 -0.051130
0.091090 -0.05107
0.08246 -0.0507
0.07443 -0.049990
0.06687 -0.04891
0.05972 -0.04746
0.05291 -0.04564
0.04643 -0.04346
0.04026 -0.04092
0.03442 -0.0380500
0.028960 -0.0349
0.02393 -0.03157
0.01942 -0.02818
0.01550 -0.02486
0.01219 -0.02174
0.00945 -0.01887
0.00722 -0.016240
0.00543 -0.01384
0.00398 -0.0116400
0.00283 -0.00961
0.00191 -0.00775
0.0012 -0.00602
0.00066 -0.00442
0.00029 -0.00292
6e-05 -0.00152
-0.000029 -0.00021
8e-05 0.00104
0.00044 0.00224
0.00118 0.003270
0.00231 0.00399
0.00368 0.00443
0.005240 0.0047
0.00702 0.00485
0.009060 0.00491
0.01143 0.0049
0.01426 0.004810
0.01769 0.00462
0.02197 0.00429
0.02739 0.00379
0.0342 0.00304
0.0423600 0.002020
0.05151 0.00069
0.06133 -0.00096
0.07173 -0.0029
0.08264 -0.00505
0.09389 -0.00731
0.10529 -0.00962
0.11668 -0.01192
0.12793 -0.01415
0.13902 -0.016290
0.14993 -0.01829
0.160690 -0.02015
0.17129 -0.02184
0.18177 -0.02334
0.19213 -0.02464
0.2023900 -0.02573
0.21258 -0.0266
0.22271 -0.02724
0.23279 -0.02765
0.24282 -0.02783
0.25283 -0.02777
0.26279 -0.02748
0.27269 -0.02695
0.28249 -0.02618
0.29211 -0.02518
0.30139 -0.02398
0.31014 -0.0226
0.31811 -0.02108
0.32512 -0.01946
0.331160 -0.01777
0.33628 -0.01602
0.3406 -0.01424
0.34505 -0.01205
-Inserting Flap s1223rtl-
0.45687 0.05456
0.45644 0.05366
0.4558 0.052360
0.45499 0.05102
0.45393 0.04962
0.45258 0.0481
0.4509 0.04638
0.44889 0.04447
0.44657 0.04239
0.4440 0.04018
0.44125 0.03791
0.43838 0.03563
0.43545 0.03337
0.43249 0.03114
0.42949 0.028970
0.42647 0.02686
0.4234 0.02479
0.42029 0.02277
0.41711 0.02078
0.41385 0.01881
0.41051 0.01683
0.40709 0.01484
0.40361 0.01284
0.4001 0.01085
0.39662 0.00887
0.39321 0.00696
0.38992 0.00516
0.3868 0.0035
0.38387 0.00204
0.38113 0.00078
0.37851 -0.00027
0.375980 -0.00114
0.37352 -0.00183
0.37111 -0.00234
0.36874 -0.00269
0.36641 -0.00288
0.36413 -0.00291
0.36193 -0.0028
0.35983 -0.00256
0.35789 -0.00221
0.35614 -0.0018
0.354610 -0.001360
0.3533 -0.0009
0.35219 -0.00043
0.35124 0.000099
0.35044 0.00049
0.34976 0.00094
0.34918 0.00137
0.34869 0.0018
0.348260 0.00221
0.34791 0.00262
0.34762 0.00302
0.34738 0.00342
0.34722 0.00382
0.34713 0.00426
0.34720 0.0047
0.34744 0.0051
0.3478 0.00545
0.34824 0.00579
0.348770 0.006110
0.3494 0.00646
0.350140 0.00683
0.35104 0.00725
0.35214 0.00774
0.35352 0.00832
0.35529 0.00902
0.35754 0.00987
0.36024 0.01085
0.36331 0.01189
0.36663 0.01293
0.37018 0.01398
0.37393 0.01504
0.37779 0.01613
0.38172 0.01722
0.38563 0.01831
0.3895 0.0194
0.39329 0.0205
0.39702 0.021610
0.40067 0.02274
0.40424 0.02389
0.40775 0.02509
0.41118 0.02633
0.41456 0.02762
0.417880 0.02897
0.42114 0.03038
0.42434 0.03185
0.4275 0.03339
0.43061 0.0350
0.43367 0.03667
0.43667 0.038410
0.439610 0.04021
0.44245 0.04205
0.44516 0.0439
0.44766 0.04572
0.44991 0.04746
0.45184 0.04908
0.45345 0.05057
0.45477 0.05193
0.45584 0.05317
0.45687 0.05456
-Inserting Flap s1223rtl-
0.53887 0.15899
0.53876 0.158
0.538610000 0.15656
0.53831 0.15502
0.53779 0.15335
0.53704 0.15145
0.53606 0.14927
0.53482 0.14679
0.53335 0.14403
0.53169 0.14108
0.52988 0.13801
0.52797 0.13489
0.52599 0.13176
0.52396 0.12865
0.52189 0.12559
0.51977 0.12257
0.5176 0.11958
0.51536 0.116620
0.51306 0.11366
0.51067 0.11069
0.5082 0.10768
0.50567 0.10465
0.50308 0.10158
0.50047 0.0985
0.49787 0.09546
0.49532 0.092500
0.49285 0.08967
0.49048 0.08705
0.48824 0.08467
0.48608 0.08255
0.48398 0.08067
0.4819 0.07899
0.47983 0.0775
0.47774 0.0762
0.47563 0.07506
0.47350 0.07408
0.471380 0.07328
0.46927 0.07263
0.46722 0.07214
0.46527 0.07179
0.46349 0.07158
0.4619 0.071480
0.46051 0.07146
0.459300 0.07152
0.45826 0.07163
0.45735 0.07179
0.45656 0.07198
0.45586 0.07219
0.45525 0.072420
0.45471000 0.07266
0.45424 0.07292
0.45383 0.0732
0.45347 0.07349
0.45318 0.07382
0.45295 0.07419
0.45287 0.07463
0.45295 0.07509
0.453160 0.075550
0.45347 0.07601
0.45386 0.0765
0.45433 0.07704
0.4549 0.07764
0.45559 0.07834
0.45646 0.07918
0.45757 0.0802
0.45899 0.08146
0.46081 0.08303
0.46302 0.08487
0.46554 0.0869
0.46831 0.08902
0.47128 0.091210
0.47444 0.0935
0.4777 0.095830
0.48102 0.0982
0.48432 0.10057
0.4875800 0.10291
0.49077 0.10524
0.49389 0.10756
0.49694 0.10987
0.4999 0.11218
0.50278 0.11450
0.505590 0.11684
0.50832 0.11921
0.51097 0.12161
0.51356 0.12405
0.51607 0.12653
0.51851 0.12906
0.520880 0.13163
0.52318 0.13425
0.52541 0.13692
0.52755 0.13961
0.52959 0.14231
0.5315 0.14497
0.53324 0.14754
0.53475 0.14994
0.53601 0.15213
0.53702 0.15407
0.53779 0.1558
0.53837 0.15733
0.53887 0.15899
*.*.Setup: s1223rtl.txt as Flap 1, Inverted: y, Scale = 1.0, AoA = -2.0, Reposition from (0,0) = (0, 0)*.*.
*.*.Setup: s1223rtl.txt as Flap 2, Inverted: y, Scale = 0.35, AoA = 25.0, Reposition from previous T.E. = (0.0067, 0.045), Reposition from (0,0) = (1.0061, 0.0101)*.*.
*.*.Setup: s1223rtl.txt as Flap 3, Inverted: y, Scale = 0.35, AoA = 45.0, Reposition from previous T.E. = (-0.01, 0.055), Reposition from (0,0) = (1.3133, 0.213)*.*.
*.*.Setup: Scale Ratio = 0.34526*.*.