0.34275 -0.01197
0.34049 -0.01367
0.33719 -0.01614
0.33341 -0.018490
0.32893 -0.02066
0.32356 -0.02277
0.31712 -0.02495
0.30957 -0.027190
0.30101 -0.02947
0.291660 -0.03173
0.28179 -0.03392
0.2716 -0.03601
0.261280 -0.03796
0.25091 -0.03976
0.24054 -0.04139
0.230170 -0.04284
0.219760 -0.044110
0.20929 -0.0452
0.19868 -0.04614
0.18789 -0.04694
0.17689 -0.04764
0.16568 -0.04825
0.1543 -0.04882
0.14286 -0.04936
0.13152 -0.04986
0.12043 -0.050290
0.10978 -0.0506200
0.09976 -0.050790
0.090480 -0.05072
0.08191 -0.05036
0.07393 -0.049650
0.06643 -0.04858
0.05932 -0.04715
0.05256 -0.04534
0.04611 -0.04317
0.03999 -0.04064
0.03419 -0.0377900
0.028760 -0.03467
0.02377 -0.03136
0.01929 -0.02799
0.01540 -0.0247
0.0121 -0.0216
0.00939 -0.01874
0.00717 -0.016130
0.00539 -0.01375
0.00395 -0.0115600
0.00281 -0.00955
0.0019 -0.0077
0.00119 -0.00598
0.00066 -0.00439
0.00029 -0.0029
6e-05 -0.00151
-0.000029 -0.00021
8e-05 0.00103
0.00043 0.00223
0.00117 0.003250
0.00229 0.00397
0.00365 0.00441
0.005210 0.00467
0.00698 0.00481
0.0090 0.00488
0.01136 0.00487
0.01416 0.004780
0.01757 0.00459
0.02182 0.00426
0.0272 0.00376
0.03397 0.00302
0.0420800 0.002010
0.05117 0.00069
0.06092 -0.00095
0.07125 -0.00288
0.08208 -0.00501
0.09326 -0.00726
0.10459 -0.00956
0.1159 -0.01184
0.12707 -0.01406
0.13809 -0.016180
0.14893 -0.01817
0.159620 -0.02002
0.17015 -0.02169
0.18055 -0.02318
0.19084 -0.02447
0.2010400 -0.02556
0.21116 -0.02642
0.22122 -0.02706
0.23123 -0.02747
0.2412 -0.02765
0.25114 -0.02759
0.26103 -0.02729
0.27087 -0.02677
0.2806 -0.026
0.29016 -0.02502
0.29938 -0.02382
0.30807 -0.02245
0.31598 -0.02094
0.32295 -0.01933
0.328940 -0.01765
0.33403 -0.01591
0.33833 -0.01415
0.34275 -0.01197
-Inserting Flap s1223rtl-
0.45069 0.06043
0.450310 0.05952
0.44975 0.05819
0.44902 0.05681
0.44805 0.05537
0.4468 0.05378
0.44524 0.05198
0.44336 0.04997
0.44118 0.04777
0.43875 0.04543
0.43615 0.04303
0.43345 0.04060
0.43067 0.03818
0.42786 0.0358
0.42501 0.03348
0.42214 0.03121
0.41922 0.02899
0.4162500 0.02680
0.41321 0.02464
0.41009 0.0225
0.40689 0.02034
0.40361 0.01817
0.40028 0.01599
0.39692 0.01381
0.39358 0.01165
0.3903 0.00956
0.38715 0.00758
0.38415 0.005750
0.38133 0.00413
0.37868 0.00273
0.376140 0.00153
0.37369 0.00053
0.37129 -0.00029
0.36893 -0.00094
0.36659 -0.00142
0.3643 -0.00175
0.36204 -0.00191
0.35985 -0.00193
0.35776 -0.00181
0.35581 -0.00158
0.35405 -0.00127
0.352510 -0.00092
0.35118 -0.00054
0.35005 -0.00014
0.34909 0.00026
0.34827 0.00067
0.34757 0.00108
0.34697 0.00147
0.34645 0.00187
0.3460100 0.00225
0.34563 0.002640
0.34532 0.00302
0.34507 0.0034
0.3448800 0.00379
0.34477 0.00421
0.34481 0.004650
0.345020 0.00507
0.34536 0.00544
0.34578 0.00579
0.346290 0.00615
0.34689 0.00653
0.3476 0.00694
0.348470 0.00741
0.34953 0.00796
0.35087 0.00861
0.35259 0.00941
0.35476 0.010380
0.35739 0.01151
0.36037 0.01272
0.3636 0.01394
0.36707 0.01519
0.37072 0.01646
0.37449 0.01776
0.37832 0.01906
0.38214 0.02037
0.38591 0.02168
0.38961 0.02299
0.39324 0.0243
0.39679 0.02563
0.40027 0.02699
0.40367 0.02838
0.40701 0.0298
0.41028 0.03128
0.41349 0.03281
0.41664 0.03439
0.41974 0.03604
0.42278 0.03775
0.42578 0.03952
0.428710 0.04136
0.43159 0.04326
0.4344 0.04521
0.43711 0.0472
0.43968 0.04919
0.44206 0.05114
0.44419 0.05299
0.44601 0.05471
0.44752 0.05628
0.44875 0.0577
0.44974 0.05899
0.45069 0.06043
-Inserting Flap s1223rtl-
0.53921 0.15645
0.53902 0.15548
0.53874 0.15407
0.53831 0.15257
0.53765 0.15096
0.53675 0.14915
0.535590 0.14707
0.534150 0.14472
0.53246 0.14213
0.53055 0.13935
0.5285000 0.13647
0.52634 0.13354
0.52411 0.13061
0.52183 0.12772
0.51952 0.12486
0.517160 0.12206
0.51475 0.11929
0.512280 0.11655
0.50974 0.11382
0.50712 0.11109
0.50442 0.10833
0.50165 0.10555
0.49883 0.10273
0.49598 0.09992
0.49314 0.097130
0.49036 0.09442
0.48767 0.09184
0.4851 0.08945
0.48267 0.08729
0.480360 0.08538
0.47812 0.08369
0.47592 0.08222
0.47373 0.08092
0.471550 0.07981
0.46936 0.07887
0.46718 0.07809
0.465 0.07747
0.46286 0.07701
0.46079 0.07671
0.45883 0.07653
0.45705 0.07648
0.45547 0.07651
0.45409 0.07662
0.4529 0.07678
0.45188 0.07698
0.450990 0.07722
0.45023 0.07747
0.44956 0.077740
0.44897 0.07802
0.44846 0.078310
0.44801 0.07861
0.44763 0.07892
0.4473 0.07924
0.44704 0.079580
0.44685 0.07998
0.4468 0.08042
0.44693 0.08086
0.447180 0.0813
0.44752 0.08173
0.44795 0.08218
0.44846 0.08267
0.44907 0.08322
0.44982 0.08385
0.45076 0.0846
0.45194 0.08552
0.45345 0.086640
0.45539 0.08804
0.45773 0.08967
0.46041 0.09146
0.46333 0.09331
0.46647 0.09523
0.46978 0.09722
0.47322 0.09925
0.4767 0.1013
0.48018 0.10336
0.483600 0.1054
0.48696 0.10743
0.49025 0.10945
0.49346 0.11147
0.4966 0.1135
0.499650 0.11555
0.50263 0.11762
0.505540 0.11973
0.50837 0.12188
0.51114 0.12407
0.51384 0.12630
0.51647 0.12859
0.51904 0.13094
0.52155 0.13333
0.52398 0.13577
0.52633 0.13825
0.52859 0.14074
0.53071 0.14321
0.53265 0.14561
0.53435 0.14785
0.53579 0.1499
0.53695 0.15174
0.53787 0.15339
0.538570 0.15485
0.53921 0.15645
*.*.Setup: s1223rtl.txt as Flap 1, Inverted: y, Scale = 1.0, AoA = -2.0, Reposition from (0,0) = (0, 0)*.*.
*.*.Setup: s1223rtl.txt as Flap 2, Inverted: y, Scale = 0.35, AoA = 28.333333333333332, Reposition from previous T.E. = (0.0067, 0.045), Reposition from (0,0) = (1.0061, 0.0101)*.*.
*.*.Setup: s1223rtl.txt as Flap 3, Inverted: y, Scale = 0.35, AoA = 40.0, Reposition from previous T.E. = (-0.01, 0.055), Reposition from (0,0) = (1.3041, 0.2312)*.*.
*.*.Setup: Scale Ratio = 0.34296*.*.