0.35509 -0.0299
0.35431 -0.030630
0.35275 -0.03204
0.350450 -0.03413
0.34752 -0.03673
0.344130 -0.03965
0.34043 -0.04272
0.33658 -0.04573
0.33271 -0.048540
0.32886 -0.05114
0.325 -0.05356
0.32116 -0.055840
0.31731 -0.057990
0.31348 -0.06005
0.30964 -0.06203
0.30581 -0.06392
0.30198 -0.06574
0.29815 -0.06749
0.29432 -0.06918
0.2905 -0.0708
0.28668 -0.07236
0.28286 -0.07386
0.27904 -0.0753
0.27522 -0.07669
0.27141 -0.07803
0.2676 -0.07931
0.26379 -0.08053
0.25998 -0.08168
0.25617 -0.08278
0.25237 -0.08381
0.24857 -0.0848
0.24477 -0.08575
0.24097 -0.08667
0.23717 -0.08756
0.23337 -0.08842
0.22958 -0.08925
0.22578 -0.09004
0.22199 -0.09078
0.2182 -0.09147
0.21441 -0.09212
0.21062 -0.09272
0.20683 -0.09327
0.20305 -0.09378
0.19926 -0.09425
0.19548 -0.09467
0.1917 -0.095060
0.187920 -0.09541
0.18414 -0.09573
0.18037 -0.09601
0.17659 -0.09625
0.17281 -0.09646
0.16904 -0.09662
0.16527 -0.09674
0.1615 -0.096820
0.15773 -0.09685
0.15397 -0.09684
0.1502 -0.09678
0.14644 -0.09667
0.14267 -0.09652
0.13891 -0.09633
0.13516 -0.09608
0.1314 -0.09579
0.12764 -0.09545
0.12389 -0.09506
0.12014 -0.09462
0.11639 -0.09414
0.11264 -0.09362
0.10889 -0.09306
0.10514 -0.0924700
0.1014 -0.09183
0.09765 -0.09114
0.09391 -0.09039
0.09018 -0.08955
0.08644 -0.08864
0.08271 -0.08763
0.07898 -0.08654
0.07525 -0.085360
0.07153 -0.0841
0.06781 -0.08275
0.06409 -0.0813
0.06038 -0.079740
0.05667 -0.07805
0.05297 -0.07621
0.04927 -0.07422
0.045580 -0.07207
0.04189 -0.06977
0.03821 -0.06733
0.03453 -0.06474
0.03086 -0.06201
0.0272 -0.05906
0.02354 -0.055820
0.0199 -0.05222
0.01627 -0.04819
0.01269 -0.04368
0.00927 -0.038840
0.00615 -0.03383
0.00349 -0.02884
0.00142 -0.02402
7e-05 -0.01956
-0.00042 -0.01210
0.00043 -0.00931
0.00201 -0.00728
0.00428 -0.00607
0.00714 -0.00557
0.01043 -0.00566
0.014 -0.00618
0.01771 -0.00699
0.02145 -0.007970
0.02517 -0.00909
0.0289 -0.01034
0.03262 -0.01172
0.03633 -0.01322
0.04004 -0.01483
0.04375 -0.01653
0.04746 -0.01832
0.05116 -0.020170
0.05486 -0.02208
0.05856 -0.02403
0.06226 -0.02601
0.06595 -0.028
0.06965 -0.03001
0.07335 -0.032010
0.07705 -0.034
0.08075 -0.03597
0.08444 -0.03792
0.08814 -0.03984
0.09185 -0.04173
0.09555 -0.04358
0.09925 -0.0454
0.10296 -0.04719
0.10666 -0.04893
0.11037 -0.05063
0.11408 -0.0523
0.11779 -0.05392
0.1215 -0.05549
0.12522 -0.05702
0.12893 -0.0585
0.13265 -0.059940
0.13637 -0.06133
0.14009 -0.06267
0.14381 -0.06396
0.14754 -0.06519
0.15126 -0.06638
0.15499 -0.06751
0.15872 -0.06858
0.16245 -0.0696
0.166180 -0.07056
0.16992 -0.07146
0.17366 -0.0723
0.1774 -0.073090
0.18114 -0.07384
0.18488 -0.07454
0.18863 -0.07519
0.19237 -0.0758
0.19612 -0.07636
0.19987 -0.07686
0.20362 -0.07729
0.20738 -0.07765
0.21113 -0.07795
0.21489 -0.078170
0.21866 -0.07832
0.22242 -0.0784
0.22619 -0.078420
0.22996 -0.0783700
0.233730 -0.07825
0.2375 -0.078060
0.24128 -0.07779
0.24506 -0.07745
0.24884 -0.07703
0.25262 -0.07652
0.25641 -0.07594
0.2602 -0.07528
0.264 -0.07453
0.26779 -0.07369
0.27159 -0.07276
0.2754 -0.07173
0.2792 -0.07061
0.28301 -0.06938
0.28682 -0.06806
0.2906400 -0.06665
0.29446 -0.06515
0.29828 -0.06357
0.30211 -0.06191
0.30594 -0.06018
0.30977 -0.05837
0.3136 -0.0565
0.317440 -0.05455
0.32127 -0.05253
0.32511 -0.05041
0.32896 -0.0482
0.33281 -0.04585
0.33666 -0.04336
0.3405 -0.04073
0.34418 -0.03808
0.34756 -0.03558
0.35047 -0.03336
0.35277 -0.0316
0.35432 -0.0304
0.35509 -0.0299
-Inserting Flap Ga2-
0.4261 0.036310
0.42609 0.0361
0.42604 0.03568
0.42598 0.03506
0.42589 0.03428
0.42578 0.03339
0.42564 0.03244
0.42547 0.03148
0.42527 0.03055
0.42505 0.02964
0.4248 0.02877
0.42453 0.02791
0.42425 0.02708
0.42395 0.02626
0.42365 0.02545
0.42333 0.02466
0.42301 0.02388
0.42267 0.02310
0.42233 0.02234
0.42198 0.02159
0.42162 0.02084
0.42125 0.02011
0.42088 0.01939
0.4205 0.01867
0.42011 0.01796
0.41971 0.01726
0.419310 0.01657
0.4189 0.01589
0.41848 0.01521
0.41805 0.01455
0.41762 0.0139
0.41718 0.01325
0.41674 0.0126
0.41629 0.01196
0.41585 0.01132
0.41539 0.01069
0.41493 0.01007
0.414470 0.00945
0.414 0.00884
0.41352 0.00824
0.41304 0.00764
0.41255 0.00705
0.41206 0.00647
0.41156 0.00589
0.41105 0.00532
0.41054 0.00476
0.41003 0.0042
0.40951 0.00365
0.40898 0.0031
0.408450 0.00256
0.40792 0.002030
0.40738 0.0015
0.40684 0.00097
0.40629 0.00046
0.405730 -5e-05
0.40517 -0.00055
0.4046 -0.00105
0.40403 -0.00154
0.40345 -0.00202
0.40286 -0.00249
0.40227 -0.00296
0.40168 -0.00342
0.40107 -0.00387
0.40046 -0.00431
0.39984 -0.00475
0.39922 -0.00518
0.3986 -0.005610
0.39796 -0.00602
0.39733 -0.00644
0.39669 -0.00684
0.39604 -0.007240
0.39538 -0.00763
0.39471 -0.00801
0.39404 -0.00837
0.39335 -0.00872
0.39265 -0.00906
0.39194 -0.009380
0.39121 -0.00969
0.39048 -0.00999
0.38973 -0.01027
0.38897 -0.01054
0.38819 -0.01078
0.3874 -0.011
0.38658 -0.0112
0.38575 -0.01138
0.38489 -0.01153
0.38402 -0.01166
0.383120 -0.01177
0.38221 -0.01185
0.38127 -0.0119
0.3803 -0.01191
0.37927 -0.01186
0.37819 -0.01175
0.3770600 -0.01156
0.37590 -0.0113
0.37477 -0.01097
0.3737 -0.01058
0.37275 -0.01015
0.37195 -0.00966
0.37088 -0.00862
0.37064 -0.00809
0.37060 -0.00758
0.37078 -0.00709
0.37113 -0.00664
0.37163 -0.00621
0.37223 -0.00581
0.37289 -0.00543
0.37358 -0.00508
0.37428 -0.00475
0.37501 -0.00444
0.37574 -0.00414
0.3765 -0.00387
0.37726 -0.00361
0.37804 -0.003370
0.378830 -0.00314
0.37963 -0.00292
0.38043 -0.00271
0.38125 -0.0025
0.38206 -0.00230
0.38288 -0.0021
0.38369 -0.0019
0.38451 -0.00171
0.38533 -0.00151
0.38614 -0.00131
0.38695 -0.00110
0.38776 -0.00089
0.38856 -0.00068
0.38936 -0.00046
0.39015 -0.000230
0.39094 -0.000001
0.39173 0.00024
0.39251 0.00048
0.39328 0.00073
0.39405 0.00098
0.394810 0.00125
0.39557 0.00152
0.39632 0.001790
0.39706 0.00208
0.3978 0.00237
0.398530 0.00267
0.39926 0.00297
0.39998 0.00329
0.40069 0.00361
0.4014 0.00394
0.4021 0.004280
0.40279 0.00463
0.40347 0.00499
0.40414 0.00535
0.40481 0.00573
0.405470 0.006110
0.40613 0.0065
0.40678 0.0069
0.40742 0.0073
0.40806 0.00771
0.40869 0.00813
0.409320 0.00856
0.409930 0.009
0.41054 0.00945
0.41114 0.0099
0.41173 0.010370
0.41231 0.01086
0.41288 0.01135
0.41344 0.011850
0.41399 0.01236
0.41454 0.01288
0.41507 0.01342
0.4156 0.01396
0.41611 0.01452
0.41662 0.015090
0.41711 0.01567
0.4176 0.016260
0.41807 0.01687
0.41854 0.01749
0.41899 0.01812
0.41943 0.01877
0.41986 0.01943
0.42027 0.0201
0.42068 0.02080
0.42107 0.0215
0.42144 0.02222
0.42181 0.02296
0.422170 0.0237
0.42251 0.02446
0.42285 0.02523
0.42318 0.02601
0.4235 0.02681
0.42381 0.027610
0.42411 0.02842
0.42439 0.02925
0.42467 0.03009
0.42493 0.03096
0.42517 0.03184
0.42538 0.03275
0.42558 0.03363
0.42574 0.03446
0.42588 0.03518
0.42599 0.035750
0.426060 0.036130
0.4261 0.036310
-Inserting Flap Ga2-
0.49315 0.10553
0.49315 0.10531
0.49314 0.10489
0.49313 0.10427
0.49311 0.10349
0.493080 0.10259
0.49302 0.10163
0.49294 0.10066
0.49282 0.09971
0.49268 0.098790
0.49251 0.0979
0.49231 0.09703
0.492110 0.09617
0.49188 0.09533
0.49165 0.0945
0.4914 0.0936800
0.49115 0.09287
0.4908800 0.09207
0.49061 0.09128
0.49032 0.0905
0.49003 0.08973
0.48973 0.08897
0.48942 0.08821
0.4891 0.08746
0.48877 0.08672
0.48844 0.0859900
0.4881 0.08527
0.48775 0.08455
0.48739 0.08385
0.48702 0.08315
0.48665 0.08246
0.48627 0.081770
0.48589 0.08109
0.4855 0.08041
0.48511 0.07974
0.48471 0.07907
0.48431 0.07841
0.4839 0.07775
0.48348 0.0771
0.48306 0.07646
0.48263 0.07583
0.4822 0.0752
0.48175 0.07457
0.48131 0.07396
0.48085 0.07335
0.48039 0.07274
0.47993 0.07214
0.47946 0.07154
0.47899 0.07095
0.47851 0.07037
0.47802 0.06979
0.47753 0.06921
0.47703 0.06864
0.47653 0.06808
0.47602 0.06753
0.47551 0.06698
0.47498 0.066440
0.47446 0.0659
0.47392 0.06537
0.47338 0.06485
0.47283 0.06433
0.47228 0.06382
0.47171 0.06332
0.47114 0.06282
0.47057 0.06233
0.46999 0.06185
0.4694 0.06137
0.46881 0.0609
0.46821 0.06043
0.4676 0.05997
0.46699 0.05952
0.46637 0.05907
0.46574 0.058640
0.4651 0.05822
0.46444 0.05781
0.46377 0.05741
0.46309 0.05703
0.4624 0.05666
0.46169 0.0563
0.46098 0.05595
0.46024 0.05562
0.45949 0.05531
0.45871 0.05502
0.45792 0.05475
0.4571 0.0545
0.45626 0.05428
0.4554 0.05407
0.45452 0.0538900
0.45362 0.053720
0.45269 0.05359
0.45172 0.0535
0.45069 0.05345
0.44961 0.05347
0.44846 0.05356
0.44729 0.05372
0.44613 0.05395
0.445040 0.05424
0.444050 0.0546
0.44321 0.05501
0.44205 0.05595
0.44176 0.056460
0.44168 0.05697
0.44181 0.05746
0.44213 0.05795
0.44259 0.05842
0.44315 0.05887
0.44378 0.0593
0.44443 0.05972
0.4451 0.06011
0.4458 0.06048
0.4465 0.06084
0.44723 0.06118
0.44797 0.0615
0.44873 0.06181
0.44949 0.06211
0.45027 0.0624
0.4510500 0.06268
0.45184 0.06295
0.45264 0.06322
0.45343 0.06349
0.45423 0.06376
0.45503 0.06403
0.45582 0.0643
0.45662 0.064570
0.45741 0.06485
0.45819 0.06513
0.45897 0.06541
0.45975 0.0657
0.46052 0.065990
0.46129 0.06629
0.46205 0.06659
0.4628 0.0669
0.46355 0.06722
0.46429 0.06754
0.46503 0.06787
0.46576 0.0682
0.46648 0.06854
0.4672 0.06889
0.46791 0.06925
0.46862 0.06961
0.4693100 0.06998
0.47 0.07035
0.470680 0.07074
0.47136 0.07113
0.47202 0.07153
0.47268 0.07193
0.47333 0.07235
0.47397 0.07277
0.4746 0.0732
0.47523 0.07364
0.47585 0.07409
0.47646 0.07454
0.47707 0.075
0.47767 0.07546
0.47826 0.07594
0.47885 0.07642
0.47942 0.07691
0.479990 0.07741
0.48054 0.07792
0.48109 0.07844
0.48162 0.07897
0.48215 0.07951
0.48266 0.08005
0.48317 0.080610
0.48367 0.08118
0.48415 0.08176
0.48463 0.08235
0.4851 0.082950
0.48555 0.08356
0.48599 0.08418
0.48642 0.08481
0.48684 0.08546
0.48725 0.08612
0.48765 0.08679
0.48803 0.08747
0.4884 0.08816
0.488750 0.08887
0.48909 0.0896
0.48942 0.09034
0.48973 0.09109
0.49004 0.09185
0.49033 0.09263
0.4906 0.09341
0.49087 0.09421
0.49113 0.09501
0.49138 0.09583
0.49162 0.09666
0.49185 0.09749
0.49206 0.09834
0.49226 0.09921
0.49244 0.10009
0.4926 0.101
0.49274 0.10192
0.49286 0.10282
0.49295 0.10365
0.49303 0.10438
0.49308 0.10496
0.49312 0.10535
0.49315 0.10553
*.*.Setup: Ga2.txt as Flap 1, Inverted: y, Scale = 1.0, AoA = -2.0, Reposition from (0,0) = (0, 0)*.*.
*.*.Setup: Ga2.txt as Flap 2, Inverted: y, Scale = 0.2, AoA = 40.0, Reposition from previous T.E. = (0.04, 0.065), Reposition from (0,0) = (1.0377, -0.019)*.*.
*.*.Setup: Ga2.txt as Flap 3, Inverted: y, Scale = 0.2, AoA = 45.0, Reposition from previous T.E. = (0.04, 0.06), Reposition from (0,0) = (1.2372, 0.162)*.*.
*.*.Setup: Scale Ratio = 0.35592*.*.