0.35301 -0.01233
0.35068 -0.01407
0.34729 -0.01662
0.34339 -0.019050
0.33878 -0.02127
0.33324 -0.02345
0.32661 -0.02569
0.31884 -0.028010
0.31002 -0.03035
0.300390 -0.03268
0.29022 -0.03494
0.27973 -0.03708
0.26910 -0.0391
0.25842 -0.04095
0.24774 -0.04263
0.237050 -0.04412
0.226340 -0.045430
0.21555 -0.04656
0.20463 -0.04752
0.19352 -0.04835
0.18219 -0.04906
0.17064 -0.0497
0.15892 -0.05028
0.14714 -0.05083
0.13546 -0.05135
0.12404 -0.05180
0.11307 -0.0521400
0.10274 -0.052310
0.093190 -0.05224
0.08436 -0.05187
0.07614 -0.051140
0.06842 -0.05004
0.0611 -0.04856
0.05413 -0.0467
0.0475 -0.04446
0.04118 -0.04186
0.03521 -0.0389300
0.029620 -0.03571
0.02448 -0.0323
0.01987 -0.02883
0.015860 -0.02544
0.01247 -0.02224
0.00967 -0.0193
0.00739 -0.016620
0.00555 -0.01416
0.00407 -0.011900
0.00289 -0.00983
0.00195 -0.00793
0.00123 -0.00616
0.00068 -0.00452
0.00029 -0.00299
6e-05 -0.00156
-0.000029 -0.00021
9e-05 0.00106
0.00045 0.00229
0.00121 0.003350
0.00236 0.00409
0.00376 0.00454
0.005370 0.00481
0.00718 0.00496
0.009270 0.00502
0.0117 0.00501
0.01459 0.004920
0.0181 0.00473
0.02248 0.00439
0.02802 0.00387
0.03499 0.00311
0.0433400 0.002070
0.0527 0.00071
0.06274 -0.00098
0.07338 -0.00297
0.08454 -0.00516
0.09605 -0.00748
0.10772 -0.00984
0.11936 -0.01219
0.13088 -0.01448
0.14222 -0.016660
0.15339 -0.01872
0.164390 -0.02062
0.17524 -0.02234
0.18596 -0.02388
0.19656 -0.02521
0.2070600 -0.02632
0.21748 -0.02721
0.22784 -0.02787
0.23815 -0.02829
0.24842 -0.02847
0.25866 -0.02841
0.26885 -0.02811
0.27898 -0.02757
0.289 -0.02678
0.29884 -0.02576
0.30834 -0.02453
0.31729 -0.02312
0.32544 -0.02156
0.33262 -0.01991
0.338790 -0.01818
0.34403 -0.01639
0.34845 -0.01457
0.35301 -0.01233
-Inserting Flap s1223rtl-
0.46418 0.06577
0.463790 0.06483
0.46321 0.06346
0.46246 0.06204
0.46146 0.06056
0.46018 0.05892
0.45857 0.05707
0.45663 0.055
0.45438 0.05273
0.45188 0.05033
0.44921 0.04785
0.44642 0.045340
0.44356 0.04286
0.44067 0.04041
0.43774 0.03801
0.43477 0.03567
0.43177 0.03339
0.4287100 0.031140
0.42558 0.02891
0.42237 0.0267
0.41907 0.02448
0.41569 0.02225
0.41226 0.02
0.4088 0.01775
0.40536 0.01553
0.40199 0.01338
0.39873 0.01134
0.39565 0.009460
0.39275 0.00779
0.39002 0.00634
0.38740 0.00511
0.38487 0.00408
0.3824 0.00323
0.37997 0.00256
0.37757 0.00207
0.3752 0.00173
0.37288 0.00157
0.37062 0.00155
0.36847 0.00167
0.36646 0.0019
0.36465 0.00222
0.363060 0.00258
0.36169 0.00298
0.36053 0.00339
0.35954 0.0038
0.3587 0.00422
0.35797 0.00464
0.35735 0.00505
0.35682 0.00545
0.3563700 0.00585
0.35598 0.006250
0.35566 0.00664
0.3554 0.00703
0.355200 0.00744
0.35509 0.00787
0.35514 0.008330
0.355350 0.00875
0.3557 0.00914
0.35613 0.0095
0.356660 0.00987
0.35727 0.01026
0.35801 0.01068
0.35890 0.01116
0.36 0.01173
0.36138 0.0124
0.36314 0.01322
0.36538 0.014220
0.36809 0.01538
0.37116 0.01663
0.37449 0.01789
0.37805 0.01917
0.38181 0.02048
0.3857 0.02182
0.38964 0.02317
0.39358 0.02452
0.39746 0.02586
0.40127 0.02721
0.40501 0.02856
0.40867 0.02993
0.41225 0.03133
0.41576 0.03276
0.41919 0.03423
0.42256 0.03575
0.42587 0.03732
0.42912 0.03895
0.43231 0.04065
0.43544 0.04241
0.43852 0.04424
0.441550 0.04613
0.44451 0.04808
0.4474 0.05009
0.45019 0.05214
0.45285 0.05419
0.4553 0.0562
0.45749 0.05811
0.45936 0.05988
0.46092 0.06149
0.46219 0.06296
0.4632 0.06429
0.46418 0.06577
-Inserting Flap s1223rtl-
0.53769 0.16114
0.53749 0.16014
0.53721 0.15868
0.53676 0.15714
0.53608 0.15548
0.53516 0.15361
0.533960 0.15148
0.532480 0.14906
0.53073 0.14638
0.52877 0.14352
0.52666000 0.14055
0.52443 0.13754
0.52214 0.13452
0.51979 0.13154
0.51741 0.1286
0.514980 0.12571
0.5125 0.12286
0.509950 0.12004
0.50734 0.11723
0.50464 0.11441
0.50186 0.11157
0.49901 0.1087
0.4961 0.10581
0.49316 0.10291
0.49024 0.100040
0.48738 0.09725
0.48461 0.09459
0.48196 0.09213
0.47946 0.0899
0.477080 0.08794
0.47477 0.0862
0.4725 0.08468
0.47025 0.08335
0.4680 0.0822
0.46575 0.08123
0.4635 0.08043
0.46126 0.07979
0.45906 0.07932
0.45692 0.079
0.45491 0.07882
0.45307 0.07877
0.45144 0.0788
0.45002 0.07891
0.4488 0.07908
0.44775 0.07929
0.446830 0.07953
0.44604 0.07979
0.44535 0.080070
0.44475 0.08035
0.44422 0.080650
0.44376 0.08096
0.44337 0.08128
0.44303 0.08161
0.44276 0.081970
0.44257 0.08237
0.44252 0.08282
0.44264 0.08328
0.44290 0.08373
0.44326 0.08418
0.44369 0.08464
0.44422 0.08515
0.44486 0.08571
0.44563 0.08636
0.44659 0.08714
0.4478 0.08808
0.44937 0.089240
0.45136 0.09067
0.45378 0.09236
0.45653 0.09419
0.45954 0.09611
0.46277 0.09808
0.46618 0.10013
0.46972 0.10222
0.47331 0.10434
0.47689 0.10645
0.4804200 0.10855
0.48388 0.11064
0.48727 0.11272
0.49057 0.11481
0.4938 0.1169
0.496950 0.11901
0.50001 0.12115
0.503010 0.12332
0.50593 0.12553
0.50878 0.12778
0.51156 0.130080
0.51427 0.13244
0.51692 0.13485
0.5195 0.13732
0.522 0.13983
0.52443 0.14239
0.52675 0.14496
0.52893 0.1475
0.53093 0.14996
0.53268 0.15228
0.53416 0.15439
0.53536 0.15628
0.53631 0.15798
0.537030 0.15949
0.53769 0.16114
*.*.Setup: s1223rtl.txt as Flap 1, Inverted: y, Scale = 1.0, AoA = -2.0, Reposition from (0,0) = (0, 0)*.*.
*.*.Setup: s1223rtl.txt as Flap 2, Inverted: y, Scale = 0.35, AoA = 28.333333333333332, Reposition from previous T.E. = (0.0067, 0.055), Reposition from (0,0) = (1.0061, 0.0201)*.*.
*.*.Setup: s1223rtl.txt as Flap 3, Inverted: y, Scale = 0.35, AoA = 40.0, Reposition from previous T.E. = (-0.06, 0.045), Reposition from (0,0) = (1.2541, 0.2312)*.*.
*.*.Setup: Scale Ratio = 0.35322*.*.