0.35977 -0.005110
0.35904 -0.0059
0.35757 -0.00743
0.355390 -0.009690
0.35262 -0.01252
0.34941 -0.0157
0.3459 -0.01905
0.34224 -0.02236
0.33854 -0.02546
0.33484 -0.02835
0.331130 -0.03106
0.32742 -0.03362
0.3237 -0.03606
0.31998 -0.03841
0.31625 -0.04067
0.31252 -0.04285
0.30879 -0.04495
0.30506 -0.046980
0.301330 -0.04895
0.297590 -0.05085
0.29385 -0.05269
0.29011 -0.05447
0.28636 -0.05619
0.28262 -0.05786
0.27887 -0.05948
0.27512 -0.06104
0.27137 -0.06253
0.26762 -0.06397
0.26386 -0.06533
0.2601 -0.066650
0.25634 -0.06791
0.252580 -0.06913
0.24882 -0.07032
0.24506 -0.07149
0.24129 -0.07262
0.23753 -0.07372
0.23376 -0.07479
0.229990 -0.0758
0.22622 -0.07677
0.22245 -0.07769
0.21868 -0.07855
0.2149 -0.079380
0.21112 -0.08016
0.20735 -0.0808900
0.20357 -0.08159
0.19979 -0.08225
0.196 -0.08287
0.19222 -0.08345
0.18843 -0.084
0.18465 -0.08451
0.18086 -0.08499
0.17707 -0.08542
0.17328 -0.0858
0.16949 -0.08615
0.1657 -0.08644
0.1619 -0.08669
0.15811 -0.0869
0.15431 -0.08706
0.15051 -0.08717
0.14671 -0.08724
0.1429 -0.08726
0.1391 -0.08723
0.13529 -0.08715
0.13148 -0.08702
0.12767 -0.086840
0.12386 -0.08662
0.12005 -0.08636
0.11623 -0.08606
0.11242 -0.085730
0.1086 -0.08536
0.104780 -0.08492
0.10096 -0.08443
0.09714 -0.08385
0.09331 -0.08319
0.089480 -0.08244
0.08565 -0.0816
0.08181 -0.08068
0.07797 -0.07967
0.07413 -0.07858
0.07028 -0.07738
0.06643 -0.076060
0.06258 -0.07462
0.05872 -0.07303
0.05486 -0.07129
0.05099 -0.06938
0.04711 -0.06733
0.04323 -0.06513
0.03934 -0.06278
0.03545 -0.06028
0.03155 -0.05757
0.02765 -0.05457
0.02372 -0.0512
0.01979 -0.04739
0.01586 -0.043110
0.01207 -0.03847
0.00858 -0.03365
0.005550 -0.0288
0.00312 -0.0241
0.00145 -0.01969
0.00043 -0.012220
0.00109 -0.00934
0.00253 -0.00719
0.00474 -0.00581
0.00758 -0.00511
0.0109 -0.00497
0.01454 -0.00524
0.01833 -0.00579
0.02216 -0.00651
0.0260 -0.00738
0.02984 -0.00838
0.03368 -0.00951
0.03753 -0.01075
0.04138 -0.01211
0.04523 -0.01357
0.04909 -0.01511
0.052950 -0.01671
0.05681 -0.018370
0.06068 -0.02008
0.064540 -0.02181
0.0684 -0.02356
0.07227 -0.025320
0.07614 -0.02708
0.080 -0.02882
0.08386 -0.03054
0.08773 -0.03224
0.09159 -0.03392
0.09545 -0.03556
0.09931 -0.03717
0.10317 -0.03874
0.10703 -0.04028
0.11088 -0.04177
0.11474 -0.04323
0.11859 -0.04464
0.12244 -0.04601
0.12629 -0.04733
0.13014 -0.04861
0.13399 -0.04985
0.13783 -0.05103
0.14168 -0.05217
0.14552 -0.053260
0.149360 -0.05429
0.1532 -0.05528
0.15703 -0.05621
0.16087 -0.05708
0.164700 -0.05790
0.16853 -0.058660
0.17236 -0.05937
0.17619 -0.06001
0.18001 -0.0606
0.18383 -0.06113
0.18765 -0.06161
0.19147 -0.06206
0.195290 -0.06245
0.19911 -0.0628
0.20292 -0.0631
0.206730 -0.063340
0.21054 -0.06351
0.21435 -0.06361
0.21815 -0.06364
0.22196 -0.0636
0.22576 -0.06349
0.22955 -0.063310
0.23335 -0.06306
0.237140 -0.06274
0.24093 -0.06236
0.24472 -0.0619
0.2485100 -0.06136
0.25229 -0.06075
0.25607 -0.060060
0.25985 -0.05929
0.26362 -0.05843
0.26739 -0.0575
0.27116 -0.05647
0.274920 -0.05536
0.27869 -0.05416
0.28244 -0.05286
0.2862 -0.05146
0.28995 -0.04995
0.2937 -0.04835
0.29744 -0.04666
0.30118 -0.044880
0.30492 -0.043020
0.30866 -0.04108
0.31239 -0.03907
0.31612 -0.03698
0.31985 -0.03482
0.32358 -0.032580
0.3273 -0.03028
0.33102 -0.02788
0.33474 -0.02538
0.33845 -0.022740
0.34216 -0.01996
0.34583 -0.01704
0.34936 -0.01412
0.35258 -0.01135
0.35536 -0.00892
0.35755 -0.00698
0.35903 -0.00567
0.35977 -0.005110
-Inserting Flap Ga2-
0.43505 0.05479
0.43501 0.05458
0.434930 0.05416
0.43481 0.05354
0.43465 0.052770
0.43446 0.051880
0.43424 0.05094
0.43399 0.049990
0.4337 0.04906
0.4334 0.048170
0.43307 0.04732
0.43273 0.04648
0.432370 0.04567
0.432 0.04487
0.43162 0.04408
0.43123 0.043310
0.43084 0.04255
0.43043 0.0418
0.43002 0.04107
0.4296 0.04034
0.42917 0.03963
0.42874 0.03892
0.4283 0.03822
0.42785 0.03753
0.4274 0.03686
0.42694 0.03619
0.42647 0.03553
0.426 0.03488
0.42552 0.03424
0.42503 0.03361
0.42454 0.03299
0.424040 0.03237
0.42354 0.03176
0.42304 0.03116
0.42253 0.03056
0.42202 0.02996
0.4215 0.02937
0.42098 0.02879
0.42045 0.02822
0.41992 0.02766
0.41938 0.0271
0.41884 0.02655
0.41829 0.026010
0.41773 0.02547
0.41718 0.024940
0.41661 0.02442
0.41605 0.02391
0.41548 0.0234
0.4149 0.02289
0.41432 0.02239
0.41374 0.0219
0.41315 0.02142
0.41256 0.02094
0.41196 0.02047
0.41135 0.02001
0.410740 0.0195500
0.410130 0.0191
0.40951 0.01866
0.40889 0.01823
0.40825 0.01780
0.40762 0.01739
0.40698 0.01698
0.40633 0.01657
0.405680 0.01618
0.40502 0.0158
0.40436 0.01542
0.40369 0.01505
0.40302 0.01468
0.40234 0.014320
0.40166 0.01397
0.40097 0.01362
0.40028 0.01329
0.399570 0.01297
0.39886 0.01267
0.39813 0.01237
0.3974 0.0121
0.39666 0.011830
0.3959 0.01159
0.39514 0.01135
0.39436 0.01113
0.39357 0.01093
0.39277 0.010760
0.391950 0.0106
0.39111 0.01047
0.39025 0.01037
0.38938 0.01029
0.38849 0.01024
0.38758 0.01021
0.38666 0.0102100
0.38571 0.01024
0.38473 0.0103100
0.3837 0.01045
0.38263 0.01066
0.3815 0.01095
0.3803600 0.01132
0.37925 0.01175
0.37821 0.01223
0.37729 0.01275
0.37653 0.01331
0.37555 0.01445
0.37534 0.01501
0.37535 0.01553
0.375570 0.016
0.37597 0.01642
0.37651 0.01681
0.37715 0.01716
0.37785 0.01748
0.37857 0.01778
0.37931 0.01805
0.38006 0.0183
0.38083 0.01853
0.38161 0.01874
0.38240 0.01893
0.383210 0.01911
0.38402 0.019270
0.38485 0.01942
0.38568 0.01956
0.38651 0.01970
0.387350 0.01983
0.38818 0.01995
0.38902 0.02008
0.38986 0.020210
0.39070 0.02034
0.39154 0.02047
0.39237 0.0206
0.3932 0.02074
0.39403 0.02089
0.39485 0.02104
0.39567 0.0212
0.39648 0.02136
0.39729 0.02153
0.3981 0.0217
0.3989 0.0218900
0.39969 0.02208
0.40048 0.02227
0.40127 0.02248
0.40205 0.02269
0.40282 0.022910
0.40359 0.02314
0.40435 0.02337
0.40511 0.02362
0.40586 0.02387
0.40661 0.02413
0.40735 0.0244
0.40808 0.02468
0.4088 0.02497
0.40952 0.02527
0.41023 0.02558
0.41094 0.02590
0.41164 0.02623
0.41233 0.02656
0.41302 0.0269
0.4137 0.02725
0.41438 0.02761
0.41505 0.02798
0.41572 0.02835
0.41638 0.02874
0.41703 0.02913
0.41767 0.02954
0.4183 0.02997
0.41893 0.0304
0.41954 0.03084
0.42015 0.0313
0.42076 0.03176
0.421350 0.03224
0.42193 0.03273
0.42251 0.03323
0.42308 0.03375
0.42364 0.03427
0.42419 0.03482
0.42473 0.03537
0.42526 0.03594
0.42578 0.03652
0.42629 0.03712
0.42679 0.03773
0.42728 0.03836
0.42775 0.039
0.42822 0.039660
0.42867 0.04034
0.42912 0.04103
0.42955 0.04173
0.42998 0.04245
0.43039 0.04319
0.4308 0.04393
0.4312 0.044690
0.43159 0.04546
0.431970 0.046240
0.43234 0.04703
0.4327 0.04784
0.43306 0.04866
0.43339 0.04951
0.43371 0.05038
0.43401 0.05127
0.43428 0.05214
0.43452 0.05296
0.43472 0.05367
0.43488 0.05423
0.43498 0.05461
0.43505 0.05479
-Inserting Flap Ga2-
0.50274 0.12468
0.50274 0.12446
0.502740 0.12404
0.50273 0.12341
0.50271 0.12262
0.50267 0.12171
0.50262 0.12074
0.50253 0.11976
0.50241 0.1188
0.50227 0.11788
0.50209 0.11697
0.5019 0.11609
0.50169 0.11523
0.50146 0.11438
0.50123 0.11354
0.50098 0.11271
0.50072 0.11189
0.50045 0.11109
0.50017 0.1102900
0.49989 0.1095
0.49959 0.108720
0.49929 0.10795
0.49897 0.10719
0.49865 0.10644
0.49832 0.10569
0.49799 0.10495
0.497640 0.10422
0.49729 0.1035
0.49693 0.10278
0.49656 0.10208
0.49618 0.101380
0.4958 0.10069
0.49541 0.1
0.49502 0.099320
0.49462 0.09864
0.49422 0.09797
0.49381 0.0973
0.4934 0.09663
0.49298 0.09598
0.49256 0.09533
0.49212 0.094690
0.49168 0.09405
0.49124 0.09342
0.490780 0.0928
0.49033 0.092180
0.48986 0.09157
0.48939 0.09096
0.48892 0.09036
0.48844 0.08977
0.48796 0.08917
0.48747 0.08859
0.48697 0.08801
0.48647 0.08744
0.48596 0.08687
0.48545 0.08631
0.48493 0.08575
0.4844 0.08521
0.48387 0.08466
0.48333 0.0841300
0.48278 0.08360
0.48223 0.08308
0.48167 0.08256
0.4811 0.08206
0.48052 0.08156
0.47994 0.08106
0.47935 0.080570
0.47876 0.08009
0.47816 0.07962
0.47756 0.07914
0.47695 0.07868
0.47633 0.078220
0.47570 0.07777
0.47507 0.07733
0.47442 0.07691
0.47375 0.0765
0.47308 0.0761
0.47239 0.07571
0.47169 0.07533
0.47098 0.074970
0.47026 0.07462
0.46951 0.07429
0.46875 0.07397
0.46797 0.07368
0.46717 0.07341
0.46634 0.07316
0.4655 0.07293
0.46463 0.07272
0.46374 0.07253
0.46283 0.07237
0.46189 0.07223
0.46091 0.07214
0.45987 0.07210
0.45878 0.07212
0.45762 0.07221
0.45643 0.07237
0.45527 0.0726
0.45416 0.07289
0.45317 0.07325
0.45232 0.07367
0.45115 0.07462
0.45085 0.07513
0.45077 0.07564
0.45091 0.07615
0.4512300 0.07664
0.45169 0.07711
0.45226 0.07757
0.45289 0.078
0.45355 0.07842
0.45423 0.07882
0.45493 0.07919
0.455640 0.07955
0.45638 0.0799
0.45713 0.080220
0.45789 0.08054
0.45866 0.08084
0.45945 0.081130
0.46024 0.08141
0.461030 0.08169
0.461840 0.08196
0.46264 0.08223
0.46345 0.0825
0.46425 0.08277
0.46505 0.08305
0.46585 0.08332
0.46665 0.0836
0.46744 0.08388
0.468230 0.084170
0.46902 0.084460
0.4698 0.08476
0.47057 0.08506
0.47134 0.08536
0.4721 0.08568
0.47286 0.086
0.47361 0.08632
0.47435 0.08665
0.47509 0.08699
0.47582 0.08734
0.47654 0.08769
0.47726 0.08804
0.47797 0.08841
0.47867 0.08878
0.47937 0.08916
0.48006 0.089550
0.48074 0.08994
0.48141 0.0903500
0.48207 0.09076
0.48273 0.09118
0.483380 0.0916
0.48402 0.09204
0.48465 0.09248
0.48527 0.09293
0.48589 0.09339
0.48651 0.09385
0.487110 0.09432
0.48771 0.09480
0.4883 0.095280
0.48888 0.09578
0.48945 0.09628
0.490010 0.0968
0.49056 0.09732
0.4911 0.09786
0.49163 0.0984
0.49215 0.09896
0.49267 0.09952
0.49317 0.10009
0.49366 0.10068
0.49414 0.1012700
0.49461 0.10188
0.49507 0.10249
0.49552 0.10312
0.49595 0.10376
0.49637 0.10441
0.49679 0.10508
0.49719 0.105750
0.49757 0.10644
0.49794 0.10714
0.4983 0.10786
0.49865 0.10859
0.49898 0.10934
0.49929 0.1101
0.4996 0.11087
0.49989 0.11165
0.50017 0.11244
0.500440 0.11325
0.5007 0.11406
0.50096 0.11489
0.5012 0.11572
0.50143 0.11657
0.50164 0.11742
0.50184 0.1183
0.50203 0.11919
0.50219 0.1201
0.5023300 0.12103
0.50245 0.12194
0.502540 0.12278
0.50262 0.12352
0.50267 0.1241
0.50271 0.12449
0.50274 0.12468
*.*.Setup: Ga2.txt as Flap 1, Inverted: y, Scale = 1.0, AoA = 2.0, Reposition from (0,0) = (0, 0)*.*.
*.*.Setup: Ga2.txt as Flap 2, Inverted: y, Scale = 0.2, AoA = 35.0, Reposition from previous T.E. = (0.04, 0.06), Reposition from (0,0) = (1.0411, 0.0458)*.*.
*.*.Setup: Ga2.txt as Flap 3, Inverted: y, Scale = 0.2, AoA = 45.0, Reposition from previous T.E. = (0.04, 0.06), Reposition from (0,0) = (1.2506, 0.2125)*.*.
*.*.Setup: Scale Ratio = 0.35937*.*.