0.34604 0.01208
0.34388 0.01022
0.34073 0.00749
0.33709 0.00486
0.33273 0.00236
0.32747 -0.00015
0.32114 -0.00279
0.3137 -0.005580
0.30524 -0.00848
0.29598 -0.01142
0.28618 -0.014320
0.27608 -0.01714
0.26581 -0.01983
0.2555 -0.02237
0.24517 -0.02474
0.23482 -0.02693
0.2244400 -0.02895
0.21396 -0.03079
0.20335 -0.03248
0.19254 -0.03404
0.18151 -0.03552
0.17026 -0.03693
0.15884 -0.0383
0.14736 -0.03965
0.13597 -0.04095
0.12483 -0.04217
0.11413 -0.04325
0.1040500 -0.04412
0.0947 -0.04471
0.08604 -0.04495
0.07796 -0.0448
0.07032 -0.04425
0.06306 -0.04331
0.0561300 -0.04196
0.04948 -0.04023
0.04313 -0.03812
0.0371 -0.03566
0.03141 -0.03289
0.02615 -0.02991
0.0214 -0.02683
0.01724 -0.02379
0.0137100 -0.0209
0.01077 -0.01821
0.00836 -0.01574
0.0064 -0.01346
0.0048 -0.01136
0.0035 -0.00942
0.00245 -0.00762
0.00162 -0.00594
0.00097 -0.00438
0.00049 -0.0029
0.00017 -0.00152
0.000013 -0.00021
0.000035 0.00104
0.00028 0.00227
0.00095 0.00336
0.00203 0.00416
0.003370 0.00469
0.00492 0.00507
0.006690 0.00534
0.00872 0.00555
0.0111 0.0057
0.01393 0.00581
0.01738 0.00586
0.021680 0.00583
0.02713 0.0057
0.034 0.00544
0.04224 0.00498
0.05148 0.00429
0.06142 0.00333
0.07196 0.00212
0.08302 0.00073
0.09444 -0.00074
0.10601 -0.00226
0.11756 -0.00376
0.12897 -0.005210
0.14021 -0.00657
0.15128 -0.00781
0.16216 -0.008920
0.172890 -0.00987
0.18347 -0.01063
0.19393 -0.01121
0.20427 -0.01158
0.21453 -0.01174
0.2247 -0.01167
0.23482 -0.01138
0.24487 -0.01086
0.25487 -0.0101
0.26482 -0.0091100
0.27469 -0.00788
0.28444 -0.006430
0.29399 -0.00476
0.30319 -0.00291
0.31185 -0.00091
0.31971 0.00117
0.32662 0.00328
0.33253 0.00539
0.33753 0.0075
0.34174 0.009580
0.34604 0.01208
-Inserting Flap s1223rtl-
0.43193 0.085180
0.43154 0.084260
0.43098 0.08292
0.43024 0.08152
0.42926 0.08006
0.428 0.07846
0.42643 0.076650
0.42453 0.07462
0.42232 0.07239
0.419880 0.07004
0.41725 0.06761
0.41452 0.06515
0.41172 0.06271
0.408880 0.06032
0.40601 0.05797
0.4031 0.05567
0.40016 0.05343
0.39716 0.05123
0.39409 0.04905
0.39094 0.04688
0.38771 0.0447
0.3844 0.04251
0.38103 0.04031
0.37764 0.03811
0.37427 0.035930
0.370960 0.03382
0.367780 0.03182
0.36475 0.02998
0.36191 0.02834
0.35923 0.02692
0.35667 0.02572
0.35419 0.0247
0.35177 0.02387
0.34938 0.02322
0.34703 0.02273
0.34471 0.022410
0.34243 0.02224
0.34022 0.02222
0.33811 0.02234
0.33614 0.022570
0.334360 0.02288
0.33281 0.02324
0.33147 0.02362
0.33033 0.02402
0.32936 0.024430
0.32853 0.02485
0.32782 0.02525
0.32721 0.02566
0.32669 0.02605
0.32624 0.02644
0.32587 0.02683
0.32555 0.02722
0.32529 0.0276
0.3251 0.02799
0.325 0.02842
0.325040 0.02887
0.32525 0.02928
0.32559 0.02966
0.32602 0.03002
0.32653 0.03038
0.32713 0.03076
0.32786 0.03118
0.32873 0.03165
0.3298 0.0322
0.33116 0.03286
0.33289 0.03367
0.33508 0.03465
0.33774 0.03579
0.34074 0.03701
0.34401 0.03825
0.3475 0.0395
0.35119 0.04079
0.355 0.04209
0.35886 0.04342
0.36272 0.04474
0.36652 0.04605
0.37026 0.04737
0.37393 0.0487
0.37751 0.05004
0.38102 0.05141
0.38446 0.05282
0.38783 0.05426
0.39114 0.05575
0.39438 0.05729
0.39756 0.05889
0.40068 0.06055
0.40376 0.06228
0.406780 0.06407
0.40974 0.06592
0.41265 0.067840
0.41548 0.069810
0.41822 0.07182
0.42082 0.073830
0.42322 0.0758
0.42537 0.07767
0.4272 0.0794
0.42873 0.08098
0.42997 0.08242
0.43097 0.08373
0.43193 0.085180
-Inserting Flap s1223rtl-
0.54505 0.17373
0.54477 0.172770
0.54437 0.171370
0.54380 0.169910
0.543 0.16834
0.54193 0.16660
0.54058 0.16462
0.53892 0.16238
0.53699 0.15992
0.53483 0.15729
0.532510 0.15457
0.53008 0.15182
0.52758 0.14907
0.525040 0.14636
0.52246 0.14369
0.51984 0.14108
0.51718 0.13851
0.5144500 0.13597
0.51166 0.13345
0.50879 0.13093
0.505830 0.1284
0.50279 0.12584
0.4997 0.12326
0.49659 0.12068
0.4935 0.11812
0.49046 0.11564
0.48752 0.11328
0.48473 0.1111
0.4821 0.10915
0.4796 0.10743
0.4772 0.10593
0.47486 0.104640
0.47255 0.10353
0.47025 0.10261
0.46797 0.10185
0.46571 0.10126
0.463460 0.10083
0.46127 0.10056
0.45916 0.10043
0.45717 0.10043
0.45537 0.10053
0.45379 0.1007
0.45241 0.10093
0.45123 0.1012
0.45022 0.10149
0.44935 0.1018
0.4486 0.10213
0.44795 0.10245
0.44739 0.10279
0.4469 0.10312
0.44648 0.10346
0.44612 0.10381
0.445820 0.10416
0.44558 0.10453
0.44543 0.10494
0.44542 0.10539
0.44558 0.105830
0.44587 0.10624
0.44626 0.10665
0.446720 0.10707
0.44728 0.10751
0.44795 0.10801
0.448760 0.10858
0.44976 0.10926
0.45103 0.11007
0.45266 0.11107
0.45472 0.1123
0.45723 0.113740
0.46007 0.1153
0.46317 0.11691
0.4665 0.11856
0.47001 0.12026
0.473640 0.122010
0.47733 0.12377
0.481 0.12553
0.48463 0.12728
0.48819 0.12902
0.49167 0.130770
0.49508 0.13252
0.49841 0.134280
0.50166 0.13608
0.50484 0.1379
0.50795 0.13976
0.51099 0.14167
0.51396 0.14363
0.51687 0.14564
0.519730 0.14771
0.52252 0.14984
0.52525 0.15203
0.52791 0.15427
0.5305 0.15656
0.53298 0.15887
0.53533 0.16117
0.53749 0.1634
0.5394 0.16551
0.54103 0.16745
0.54236 0.16919
0.54343 0.17077
0.54426 0.172180
0.54505 0.17373
*.*.Setup: s1223rtl.txt as Flap 1, Inverted: y, Scale = 1.0, AoA = 2.0, Reposition from (0,0) = (0, 0)*.*.
*.*.Setup: s1223rtl.txt as Flap 2, Inverted: y, Scale = 0.35, AoA = 28.333333333333332, Reposition from previous T.E. = (-0.06, 0.045), Reposition from (0,0) = (0.9394, 0.0799)*.*.
*.*.Setup: s1223rtl.txt as Flap 3, Inverted: y, Scale = 0.35, AoA = 35.0, Reposition from previous T.E. = (0.04, 0.055), Reposition from (0,0) = (1.2875, 0.301)*.*.
*.*.Setup: Scale Ratio = 0.34625*.*.