0.34604 0.01208
0.34388 0.01022
0.34073 0.00749
0.33709 0.00486
0.33273 0.00236
0.32747 -0.00015
0.32114 -0.00279
0.3137 -0.005580
0.30524 -0.00848
0.29598 -0.01142
0.28618 -0.014320
0.27608 -0.01714
0.26581 -0.01983
0.2555 -0.02237
0.24517 -0.02474
0.23482 -0.02693
0.2244400 -0.02895
0.21396 -0.03079
0.20335 -0.03248
0.19254 -0.03404
0.18151 -0.03552
0.17026 -0.03693
0.15884 -0.0383
0.14736 -0.03965
0.13597 -0.04095
0.12483 -0.04217
0.11413 -0.04325
0.1040500 -0.04412
0.0947 -0.04471
0.08604 -0.04495
0.07796 -0.0448
0.07032 -0.04425
0.06306 -0.04331
0.0561300 -0.04196
0.04948 -0.04023
0.04313 -0.03812
0.0371 -0.03566
0.03141 -0.03289
0.02615 -0.02991
0.0214 -0.02683
0.01724 -0.02379
0.0137100 -0.0209
0.01077 -0.01821
0.00836 -0.01574
0.0064 -0.01346
0.0048 -0.01136
0.0035 -0.00942
0.00245 -0.00762
0.00162 -0.00594
0.00097 -0.00438
0.00049 -0.0029
0.00017 -0.00152
0.000013 -0.00021
0.000035 0.00104
0.00028 0.00227
0.00095 0.00336
0.00203 0.00416
0.003370 0.00469
0.00492 0.00507
0.006690 0.00534
0.00872 0.00555
0.0111 0.0057
0.01393 0.00581
0.01738 0.00586
0.021680 0.00583
0.02713 0.0057
0.034 0.00544
0.04224 0.00498
0.05148 0.00429
0.06142 0.00333
0.07196 0.00212
0.08302 0.00073
0.09444 -0.00074
0.10601 -0.00226
0.11756 -0.00376
0.12897 -0.005210
0.14021 -0.00657
0.15128 -0.00781
0.16216 -0.008920
0.172890 -0.00987
0.18347 -0.01063
0.19393 -0.01121
0.20427 -0.01158
0.21453 -0.01174
0.2247 -0.01167
0.23482 -0.01138
0.24487 -0.01086
0.25487 -0.0101
0.26482 -0.0091100
0.27469 -0.00788
0.28444 -0.006430
0.29399 -0.00476
0.30319 -0.00291
0.31185 -0.00091
0.31971 0.00117
0.32662 0.00328
0.33253 0.00539
0.33753 0.0075
0.34174 0.009580
0.34604 0.01208
-Inserting Flap s1223rtl-
0.46655 0.088640
0.46617 0.087720
0.4656 0.08638
0.46487 0.08499
0.46389 0.08353
0.46263 0.08192
0.46105 0.080110
0.45915 0.07808
0.45695 0.07586
0.45450 0.0735
0.45188 0.07107
0.44915 0.06862
0.44634 0.06618
0.44350 0.06378
0.44063 0.06143
0.43773 0.05914
0.43478 0.05689
0.43178 0.05469
0.42871 0.05251
0.42557 0.05034
0.42233 0.04817
0.41902 0.04598
0.41566 0.04377
0.41226 0.04157
0.40889 0.039390
0.405590 0.03728
0.40240 0.03528
0.39937 0.03344
0.39653 0.0318
0.39385 0.03039
0.39129 0.02918
0.38881 0.02816
0.38639 0.02733
0.38401 0.02668
0.38165 0.02619
0.37933 0.025870
0.37706 0.0257
0.37484 0.02569
0.37273 0.02581
0.37076 0.026030
0.368990 0.02634
0.36743 0.0267
0.36609 0.02709
0.36495 0.02749
0.36398 0.02790
0.36315 0.02831
0.36245 0.02872
0.36184 0.02912
0.36132 0.02951
0.36087 0.02991
0.36049 0.03029
0.36017 0.03068
0.35992 0.03106
0.35973 0.03146
0.35962 0.03188
0.359660 0.03233
0.35988 0.03275
0.36021 0.03312
0.36064 0.03348
0.36115 0.03384
0.36176 0.03422
0.36248 0.03464
0.36335 0.03511
0.36443 0.03566
0.36578 0.03632
0.36751 0.03713
0.36971 0.03811
0.37236 0.03925
0.37537 0.04047
0.37863 0.04171
0.38213 0.04296
0.38581 0.04425
0.38962 0.04556
0.39349 0.04688
0.39734 0.0482
0.40115 0.04952
0.40489 0.05084
0.40855 0.05216
0.41214 0.05351
0.41565 0.05488
0.41909 0.05628
0.42246 0.05772
0.42576 0.05921
0.429 0.06075
0.43218 0.06235
0.43531 0.06401
0.43838 0.06574
0.44140 0.06753
0.44437 0.06939
0.44727 0.07130
0.45011 0.073270
0.45284 0.07528
0.45544 0.077290
0.45785 0.07926
0.45999 0.08113
0.46183 0.08287
0.46336 0.08445
0.4646 0.08588
0.46559 0.08719
0.46655 0.088640
-Inserting Flap s1223rtl-
0.54505 0.18066
0.54477 0.17970
0.54437 0.17830
0.54380 0.176830
0.543 0.17527
0.54193 0.173530
0.54058 0.17155
0.53892 0.16931
0.53699 0.16684
0.53483 0.16422
0.532510 0.1615
0.53008 0.15875
0.52758 0.156
0.525040 0.15329
0.52246 0.15062
0.51984 0.14801
0.51718 0.14543
0.5144500 0.1429
0.51166 0.14038
0.50879 0.13786
0.505830 0.13532
0.50279 0.13276
0.4997 0.13018
0.49659 0.1276
0.4935 0.12505
0.49046 0.12257
0.48752 0.12021
0.48473 0.11803
0.4821 0.11607
0.4796 0.11436
0.4772 0.11286
0.47486 0.111560
0.47255 0.11046
0.47025 0.10953
0.46797 0.10877
0.46571 0.10818
0.463460 0.10775
0.46127 0.10748
0.45916 0.10735
0.45717 0.10735
0.45537 0.10745
0.45379 0.10763
0.45241 0.10786
0.45123 0.10812
0.45022 0.10842
0.44935 0.10873
0.4486 0.10905
0.44795 0.10938
0.44739 0.10971
0.4469 0.11005
0.44648 0.11039
0.44612 0.11074
0.445820 0.11109
0.44558 0.11146
0.44543 0.11187
0.44542 0.11232
0.44558 0.112760
0.44587 0.11317
0.44626 0.11357
0.446720 0.11399
0.44728 0.11444
0.44795 0.11494
0.448760 0.11551
0.44976 0.11618
0.45103 0.11699
0.45266 0.11799
0.45472 0.11923
0.45723 0.120660
0.46007 0.12222
0.46317 0.12383
0.4665 0.12549
0.47001 0.12719
0.473640 0.128930
0.47733 0.13069
0.481 0.13245
0.48463 0.1342
0.48819 0.13595
0.49167 0.137690
0.49508 0.13944
0.49841 0.141210
0.50166 0.143
0.50484 0.14483
0.50795 0.14669
0.51099 0.1486
0.51396 0.15056
0.51687 0.15257
0.519730 0.15464
0.52252 0.15677
0.52525 0.15896
0.52791 0.1612
0.5305 0.16348
0.53298 0.16579
0.53533 0.16809
0.53749 0.17033
0.5394 0.17244
0.54103 0.17437
0.54236 0.17612
0.54343 0.17769
0.54426 0.17910
0.54505 0.18066
*.*.Setup: s1223rtl.txt as Flap 1, Inverted: y, Scale = 1.0, AoA = 2.0, Reposition from (0,0) = (0, 0)*.*.
*.*.Setup: s1223rtl.txt as Flap 2, Inverted: y, Scale = 0.35, AoA = 28.333333333333332, Reposition from previous T.E. = (0.04, 0.055), Reposition from (0,0) = (1.0394, 0.0899)*.*.
*.*.Setup: s1223rtl.txt as Flap 3, Inverted: y, Scale = 0.35, AoA = 35.0, Reposition from previous T.E. = (-0.06, 0.065), Reposition from (0,0) = (1.2875, 0.321)*.*.
*.*.Setup: Scale Ratio = 0.34625*.*.