0.34275 -0.01197
0.34049 -0.01367
0.33719 -0.01614
0.33341 -0.018490
0.32893 -0.02066
0.32356 -0.02277
0.31712 -0.02495
0.30957 -0.027190
0.30101 -0.02947
0.291660 -0.03173
0.28179 -0.03392
0.2716 -0.03601
0.261280 -0.03796
0.25091 -0.03976
0.24054 -0.04139
0.230170 -0.04284
0.219760 -0.044110
0.20929 -0.0452
0.19868 -0.04614
0.18789 -0.04694
0.17689 -0.04764
0.16568 -0.04825
0.1543 -0.04882
0.14286 -0.04936
0.13152 -0.04986
0.12043 -0.050290
0.10978 -0.0506200
0.09976 -0.050790
0.090480 -0.05072
0.08191 -0.05036
0.07393 -0.049650
0.06643 -0.04858
0.05932 -0.04715
0.05256 -0.04534
0.04611 -0.04317
0.03999 -0.04064
0.03419 -0.0377900
0.028760 -0.03467
0.02377 -0.03136
0.01929 -0.02799
0.01540 -0.0247
0.0121 -0.0216
0.00939 -0.01874
0.00717 -0.016130
0.00539 -0.01375
0.00395 -0.0115600
0.00281 -0.00955
0.0019 -0.0077
0.00119 -0.00598
0.00066 -0.00439
0.00029 -0.0029
6e-05 -0.00151
-0.000029 -0.00021
8e-05 0.00103
0.00043 0.00223
0.00117 0.003250
0.00229 0.00397
0.00365 0.00441
0.005210 0.00467
0.00698 0.00481
0.0090 0.00488
0.01136 0.00487
0.01416 0.004780
0.01757 0.00459
0.02182 0.00426
0.0272 0.00376
0.03397 0.00302
0.0420800 0.002010
0.05117 0.00069
0.06092 -0.00095
0.07125 -0.00288
0.08208 -0.00501
0.09326 -0.00726
0.10459 -0.00956
0.1159 -0.01184
0.12707 -0.01406
0.13809 -0.016180
0.14893 -0.01817
0.159620 -0.02002
0.17015 -0.02169
0.18055 -0.02318
0.19084 -0.02447
0.2010400 -0.02556
0.21116 -0.02642
0.22122 -0.02706
0.23123 -0.02747
0.2412 -0.02765
0.25114 -0.02759
0.26103 -0.02729
0.27087 -0.02677
0.2806 -0.026
0.29016 -0.02502
0.29938 -0.02382
0.30807 -0.02245
0.31598 -0.02094
0.32295 -0.01933
0.328940 -0.01765
0.33403 -0.01591
0.33833 -0.01415
0.34275 -0.01197
-Inserting Flap s1223rtl-
0.45069 0.06386
0.450310 0.06295
0.44975 0.06162
0.44902 0.06024
0.44805 0.0588
0.4468 0.05721
0.44524 0.05541
0.44336 0.0534
0.44118 0.0512
0.43875 0.04886
0.43615 0.04646
0.43345 0.044030
0.43067 0.04161
0.42786 0.03923
0.42501 0.03691
0.42214 0.03464
0.41922 0.03241
0.4162500 0.030230
0.41321 0.02807
0.41009 0.02593
0.40689 0.02377
0.40361 0.0216
0.40028 0.01942
0.39692 0.01724
0.39358 0.01508
0.3903 0.01299
0.38715 0.01101
0.38415 0.009180
0.38133 0.00756
0.37868 0.00616
0.376140 0.00496
0.37369 0.00396
0.37129 0.00314
0.36893 0.00249
0.36659 0.00201
0.3643 0.00168
0.36204 0.00152
0.35985 0.0015
0.35776 0.00162
0.35581 0.00185
0.35405 0.00215
0.352510 0.00251
0.35118 0.00289
0.35005 0.00329
0.34909 0.00369
0.34827 0.0041
0.34757 0.00451
0.34697 0.0049
0.34645 0.0053
0.3460100 0.00568
0.34563 0.006070
0.34532 0.00645
0.34507 0.00683
0.3448800 0.00722
0.34477 0.00764
0.34481 0.008080
0.345020 0.0085
0.34536 0.00887
0.34578 0.00922
0.346290 0.00958
0.34689 0.00996
0.3476 0.01037
0.348470 0.01084
0.34953 0.01139
0.35087 0.01204
0.35259 0.01284
0.35476 0.013810
0.35739 0.01494
0.36037 0.01615
0.3636 0.01737
0.36707 0.01862
0.37072 0.01989
0.37449 0.02119
0.37832 0.02249
0.38214 0.0238
0.38591 0.02511
0.38961 0.02642
0.39324 0.02773
0.39679 0.02906
0.40027 0.03042
0.40367 0.0318
0.40701 0.03323
0.41028 0.03471
0.41349 0.03624
0.41664 0.03782
0.41974 0.03947
0.42278 0.04118
0.42578 0.04295
0.428710 0.04479
0.43159 0.04669
0.4344 0.04864
0.43711 0.05062
0.43968 0.05262
0.44206 0.05457
0.44419 0.05642
0.44601 0.05814
0.44752 0.05971
0.44875 0.06113
0.44974 0.06242
0.45069 0.06386
-Inserting Flap s1223rtl-
0.53921 0.16331
0.53902 0.16234
0.53874 0.16093
0.53831 0.15943
0.53765 0.15782
0.53675 0.15601
0.535590 0.15393
0.534150 0.15158
0.53246 0.14899
0.53055 0.14621
0.5285000 0.14332
0.52634 0.1404
0.52411 0.13747
0.52183 0.13457
0.51952 0.13172
0.517160 0.12892
0.51475 0.12615
0.512280 0.12341
0.50974 0.12068
0.50712 0.11795
0.50442 0.11519
0.50165 0.1124
0.49883 0.10959
0.49598 0.10678
0.49314 0.103990
0.49036 0.10128
0.48767 0.0987
0.4851 0.09631
0.48267 0.09415
0.480360 0.09224
0.47812 0.09055
0.47592 0.08907
0.47373 0.08778
0.471550 0.08667
0.46936 0.08573
0.46718 0.08495
0.465 0.08433
0.46286 0.08387
0.46079 0.08356
0.45883 0.08339
0.45705 0.08334
0.45547 0.08337
0.45409 0.08348
0.4529 0.08364
0.45188 0.08384
0.450990 0.08407
0.45023 0.08433
0.44956 0.08460
0.44897 0.08488
0.44846 0.085170
0.44801 0.08547
0.44763 0.08578
0.4473 0.0861
0.44704 0.086440
0.44685 0.08684
0.4468 0.08728
0.44693 0.08772
0.447180 0.08816
0.44752 0.08859
0.44795 0.08904
0.44846 0.08953
0.44907 0.09008
0.44982 0.09071
0.45076 0.09146
0.45194 0.09237
0.45345 0.09350
0.45539 0.0949
0.45773 0.09653
0.46041 0.09832
0.46333 0.10017
0.46647 0.10209
0.46978 0.10407
0.47322 0.10611
0.4767 0.10816
0.48018 0.11022
0.483600 0.11226
0.48696 0.11429
0.49025 0.11631
0.49346 0.11833
0.4966 0.12036
0.499650 0.12241
0.50263 0.12448
0.505540 0.12659
0.50837 0.12874
0.51114 0.13093
0.51384 0.133160
0.51647 0.13545
0.51904 0.13779
0.52155 0.14019
0.52398 0.14263
0.52633 0.14511
0.52859 0.1476
0.53071 0.15007
0.53265 0.15246
0.53435 0.15471
0.53579 0.15676
0.53695 0.1586
0.53787 0.16024
0.538570 0.16171
0.53921 0.16331
*.*.Setup: s1223rtl.txt as Flap 1, Inverted: y, Scale = 1.0, AoA = -2.0, Reposition from (0,0) = (0, 0)*.*.
*.*.Setup: s1223rtl.txt as Flap 2, Inverted: y, Scale = 0.35, AoA = 28.333333333333332, Reposition from previous T.E. = (0.0067, 0.055), Reposition from (0,0) = (1.0061, 0.0201)*.*.
*.*.Setup: s1223rtl.txt as Flap 3, Inverted: y, Scale = 0.35, AoA = 40.0, Reposition from previous T.E. = (-0.01, 0.065), Reposition from (0,0) = (1.3041, 0.2512)*.*.
*.*.Setup: Scale Ratio = 0.34296*.*.