0.36653 -0.03086
0.36573 -0.031620
0.36412 -0.03308
0.361740 -0.03523
0.35871 -0.03791
0.355210 -0.04093
0.35139 -0.0441
0.34742 -0.04721
0.34343 -0.050110
0.33945 -0.05279
0.33547 -0.05529
0.3315 -0.057640
0.32754 -0.059860
0.32357 -0.06198
0.31961 -0.06402
0.31566 -0.06598
0.3117 -0.06786
0.30775 -0.06967
0.3038 -0.07141
0.29986 -0.07308
0.29591 -0.07469
0.29197 -0.07624
0.28803 -0.07773
0.28409 -0.07916
0.28015 -0.08054
0.27622 -0.08186
0.27228 -0.08312
0.26835 -0.08432
0.26443 -0.08544
0.2605 -0.08651
0.25658 -0.08753
0.25265 -0.08851
0.24873 -0.08946
0.24481 -0.09038
0.24089 -0.09127
0.23697 -0.09212
0.23305 -0.09294
0.22914 -0.0937
0.22523 -0.09442
0.22131 -0.09509
0.2174 -0.0957
0.2135 -0.09627
0.20959 -0.0968
0.20568 -0.09728
0.20178 -0.09772
0.19788 -0.098120
0.193970 -0.09849
0.19007 -0.09881
0.18618 -0.0991
0.18228 -0.09935
0.17838 -0.09957
0.17449 -0.09974
0.17059 -0.09986
0.1667 -0.099940
0.16281 -0.09997
0.15893 -0.09996
0.15504 -0.09989
0.15115 -0.09979
0.14727 -0.09963
0.14339 -0.09943
0.13951 -0.09918
0.13563 -0.09887
0.13175 -0.09852
0.12788 -0.09812
0.12401 -0.09767
0.12014 -0.09717
0.11627 -0.09663
0.1124 -0.09606
0.10853 -0.0954500
0.10466 -0.09479
0.1008 -0.09408
0.09694 -0.0933
0.09308 -0.09244
0.08923 -0.09149
0.08537 -0.09045
0.08152 -0.08933
0.07768 -0.088110
0.07383 -0.08681
0.06999 -0.08542
0.06616 -0.08392
0.06233 -0.082310
0.0585 -0.08056
0.05468 -0.07867
0.05086 -0.07661
0.047050 -0.07439
0.04324 -0.07202
0.03944 -0.0695
0.03565 -0.06683
0.03186 -0.064
0.02807 -0.06096
0.0243 -0.057620
0.02054 -0.05391
0.0168 -0.04974
0.0131 -0.04509
0.00957 -0.040090
0.00635 -0.03492
0.0036 -0.02977
0.00147 -0.0248
7e-05 -0.02019
-0.00044 -0.012490
0.00044 -0.00961
0.00207 -0.00751
0.00442 -0.00626
0.00737 -0.00575
0.01076 -0.00584
0.01445 -0.00638
0.01828 -0.00721
0.02214 -0.008220
0.02599 -0.00938
0.02983 -0.01067
0.03367 -0.0121
0.0375 -0.01364
0.04133 -0.0153
0.04516 -0.01706
0.04899 -0.01891
0.05281 -0.020820
0.05663 -0.02279
0.06044 -0.0248
0.06426 -0.02685
0.06808 -0.02891
0.0719 -0.03098
0.07571 -0.033040
0.07953 -0.03509
0.08335 -0.03713
0.08716 -0.03914
0.09098 -0.04112
0.0948 -0.04307
0.09863 -0.04499
0.10245 -0.04687
0.10627 -0.04871
0.1101 -0.05051
0.11393 -0.05227
0.11776 -0.05398
0.12159 -0.05565
0.12542 -0.05728
0.12925 -0.05886
0.13309 -0.06039
0.13692 -0.061870
0.14076 -0.0633
0.1446 -0.06469
0.14844 -0.06602
0.15229 -0.06729
0.15613 -0.06852
0.15998 -0.06968
0.16383 -0.07079
0.16768 -0.07184
0.171540 -0.07283
0.17539 -0.07376
0.17925 -0.07463
0.18311 -0.075450
0.18697 -0.07622
0.19084 -0.07694
0.1947 -0.07762
0.19857 -0.07825
0.20244 -0.07882
0.20631 -0.07934
0.21018 -0.07978
0.21406 -0.08016
0.21794 -0.08046
0.22182 -0.080680
0.2257 -0.08084
0.22959 -0.08093
0.23347 -0.080950
0.23736 -0.080900
0.241260 -0.08077
0.24515 -0.080570
0.24905 -0.0803
0.25295 -0.07994
0.25686 -0.07951
0.26076 -0.07899
0.26467 -0.07839
0.26858 -0.0777
0.2725 -0.07693
0.27642 -0.07606
0.28034 -0.0751
0.28427 -0.07404
0.2882 -0.07288
0.29213 -0.07162
0.29607 -0.07026
0.3000100 -0.0688
0.30395 -0.06725
0.30789 -0.06562
0.31184 -0.06391
0.31579 -0.06212
0.31975 -0.06025
0.3237 -0.05832
0.327660 -0.0563
0.33162 -0.05422
0.33559 -0.05204
0.33956 -0.04975
0.34353 -0.04733
0.34751 -0.04475
0.35147 -0.04204
0.35527 -0.03931
0.35875 -0.03672
0.36176 -0.03444
0.36414 -0.03261
0.36573 -0.03138
0.36653 -0.03086
-Inserting Flap Ga2-
0.44348 0.02853
0.44345 0.02831
0.443370 0.02789
0.44324 0.02726
0.44308 0.02646
0.44289 0.02556
0.44266 0.02459
0.4424 0.02362
0.44211 0.02268
0.4418 0.02177
0.44146 0.02089
0.44111 0.02004
0.440750 0.01921
0.44037 0.01839
0.43998 0.01759
0.43959 0.0168
0.43918 0.01602
0.43877 0.01526
0.43834 0.0145
0.43792 0.01376
0.43748 0.01303
0.43704 0.01231
0.43659 0.0116
0.43613 0.01089
0.43567 0.0102
0.4352 0.00951
0.434720 0.00884
0.43424 0.00818
0.43374 0.00752
0.43325 0.00688
0.43274 0.00624
0.432230 0.00562
0.43172 0.00499
0.43121 0.00437
0.43069 0.00376
0.43016 0.00315
0.42964 0.002550
0.4291 0.00196
0.42856 0.00137
0.42802 0.00079
0.42747 0.00022
0.42691 -0.000340
0.42635 -0.00089
0.42579 -0.00144
0.425220 -0.00198
0.42464 -0.00251
0.42406 -0.00304
0.42348 -0.00356
0.42289 -0.0040800
0.4223 -0.00459
0.4217 -0.00509
0.4211 -0.00559
0.42049 -0.00607
0.41988 -0.00656
0.41926 -0.00703
0.418640 -0.00749
0.418010 -0.00795
0.41738 -0.0084
0.41674 -0.00885
0.4161 -0.00928
0.41545 -0.00971
0.41479 -0.010130
0.41413 -0.01054
0.413460 -0.01094
0.41279 -0.01133
0.41211 -0.01172
0.41143 -0.01210
0.41074 -0.01247
0.41005 -0.01284
0.40935 -0.01320
0.40865 -0.01355
0.40794 -0.01389
0.407220 -0.01422
0.40649 -0.01453
0.40575 -0.01483
0.405 -0.01511
0.40424 -0.01538
0.40347 -0.01564
0.40269 -0.01588
0.40189 -0.0161
0.40109 -0.0163
0.40026 -0.01648
0.399430 -0.01664
0.39857 -0.01677
0.39769 -0.01688
0.3968 -0.01696
0.39589 -0.01701
0.39496 -0.01704
0.39402 -0.01705
0.39305 -0.01702
0.39204 -0.01694
0.39099 -0.01679
0.38989 -0.01658
0.38874 -0.01628
0.387580 -0.01591
0.38644 -0.01547
0.38538 -0.01498
0.38444 -0.014440
0.38367 -0.01387
0.38266 -0.0127
0.38245 -0.012140
0.38246 -0.01161
0.382680 -0.01113
0.38309 -0.01069
0.38365 -0.01029
0.3843 -0.00994
0.38501 -0.00961
0.38575 -0.00931
0.3865 -0.00903
0.38727 -0.00877
0.38806 -0.00854
0.38886 -0.00832
0.389670 -0.008130
0.3904900 -0.00795
0.39132 -0.00778
0.39217 -0.007630
0.39301 -0.00748
0.39386 -0.00734
0.394720 -0.00721
0.39558 -0.00708
0.39644 -0.00695
0.39729 -0.00682
0.398150 -0.00669
0.39901 -0.00656
0.39986 -0.00642
0.40071 -0.00627
0.40155 -0.00613
0.40239 -0.00597
0.40323 -0.005810
0.40406 -0.00565
0.40489 -0.00547
0.40571 -0.00529
0.40653 -0.00511
0.40734 -0.004910
0.40815 -0.00471
0.40895 -0.0045
0.40975 -0.00428
0.41054 -0.00406
0.41133 -0.00383
0.41211 -0.00358
0.41288 -0.00333
0.41365 -0.00308
0.41441 -0.00281
0.41517 -0.00253
0.41591 -0.00225
0.41666 -0.00195
0.41739 -0.00164
0.41812 -0.00133
0.41884 -0.001
0.41955 -0.000670
0.42026 -0.00033
0.42097 0.000064
0.42167 0.00038
0.42236 0.00075
0.42305 0.00112
0.42373 0.00150
0.4244 0.0019
0.42506 0.0023
0.42572 0.00272
0.42637 0.00315
0.42701 0.0036
0.42764 0.00405
0.42826 0.00451
0.42887 0.00499
0.429480 0.00548
0.43008 0.00598
0.43067 0.00649
0.43125 0.00702
0.43182 0.00756
0.43238 0.008110
0.43293 0.00868
0.43348 0.00926
0.43401 0.00985
0.43453 0.01046
0.43504 0.01109
0.43554 0.01173
0.43603 0.01239
0.43651 0.01306
0.43697 0.01376
0.43742 0.01446
0.43787 0.01519
0.4383 0.01592
0.43873 0.01667
0.43914 0.01743
0.43955 0.0182
0.43995 0.018990
0.440340 0.01979
0.44072 0.0206
0.44109 0.02142
0.44145 0.02227
0.44179 0.02313
0.44212 0.02402
0.44242 0.02493
0.4427 0.02583
0.44295 0.02666
0.44315 0.027380
0.44331 0.027960
0.44342 0.02835
0.44348 0.02853
-Inserting Flap Ga2-
0.48981 0.10454
0.48983 0.104320
0.48986 0.10389
0.4899 0.10325
0.48995 0.10244
0.49 0.10151
0.49003 0.100520
0.49003 0.09951
0.49 0.098530
0.489930 0.09757
0.4898300 0.09664
0.48971 0.095720
0.48957 0.09482
0.48942 0.093940
0.48926 0.09306
0.48908 0.0922
0.48889 0.09134
0.48868 0.0905
0.48847 0.089660
0.48825 0.08883
0.48802 0.08801
0.48778 0.0872
0.48753 0.0864
0.48727 0.0856
0.487 0.08481
0.48672 0.08402
0.48644 0.08325
0.48614 0.08248
0.48584 0.08173
0.48552 0.08098
0.4852 0.08023
0.48487 0.07949
0.48454 0.07876
0.4842 0.07803
0.48386 0.0773
0.48351 0.07658
0.48315 0.07586
0.48279 0.07515
0.48242 0.07444
0.482050 0.07374
0.48166 0.07305
0.48127 0.07237
0.48087 0.07168
0.48047 0.07101
0.48006 0.07034
0.47964 0.06968
0.47922 0.069020
0.47879 0.06836
0.47835 0.06771
0.47791 0.06707
0.47747 0.06643
0.477010 0.06579
0.47655 0.065160
0.47609 0.06454
0.47561 0.06392
0.47513 0.06331
0.47464 0.06271
0.47415 0.06211
0.47365 0.06151
0.47314 0.06093
0.47262 0.06035
0.47209 0.05977
0.47156 0.05921
0.47102 0.058650
0.47047 0.058090
0.46992 0.05754
0.46936 0.057
0.46879 0.05646
0.46822 0.05592
0.46764 0.0554
0.46705 0.05487
0.46645 0.05436
0.46584 0.05386
0.46522 0.05337
0.46458 0.05289
0.46393 0.05242
0.46326 0.05197
0.462580 0.05152
0.46189 0.05109
0.46118 0.050670
0.46046 0.05026
0.45971 0.049870
0.45894 0.0495
0.45815 0.04916
0.45733 0.04883
0.45649 0.04852
0.45562 0.04823
0.45473 0.04796
0.45382 0.047710
0.45287 0.04749
0.45188 0.04731
0.45084 0.04717
0.44972 0.0471
0.44853 0.04708
0.44731 0.04714
0.4461 0.04727
0.444950 0.04747
0.4439 0.04775
0.443 0.0481
0.44172 0.04897
0.44138 0.04946
0.44125 0.04997
0.44134 0.0505
0.44162 0.05103
0.44206 0.05155
0.44259 0.05206
0.4432 0.05257
0.443830 0.05305
0.44449 0.053510
0.445170 0.05396
0.44586 0.05439
0.44658 0.0548
0.44731 0.0552
0.44806 0.05559
0.44882 0.05596
0.44959 0.05633
0.45037 0.056690
0.45116 0.05704
0.45195 0.05739
0.45275 0.05774
0.45354 0.05809
0.45434 0.05844
0.45513 0.05879
0.45592 0.05914
0.45671 0.05949
0.45749 0.05985
0.45827 0.06021
0.45904 0.06058
0.45981 0.06095
0.46057 0.06132
0.46133 0.06171
0.46208 0.06209
0.46282 0.06248
0.46355 0.06288
0.464280 0.06329
0.465 0.0637
0.46571 0.06411
0.46642 0.06453
0.46712 0.06496
0.46781 0.0654
0.46849 0.065840
0.46917 0.06629
0.46983 0.06674
0.47049 0.06721
0.47114 0.06768
0.47178 0.06815
0.47241 0.06864
0.47303 0.06913
0.47364 0.06963
0.47425 0.07014
0.47484 0.07066
0.475430 0.07118
0.47602 0.0717
0.47659 0.07223
0.47716 0.07277
0.47772 0.073320
0.47826 0.07387
0.4788 0.07444
0.47933 0.07501
0.4798400 0.07560
0.48034 0.07619
0.48083 0.07679
0.481320 0.0774
0.48179 0.07802
0.48225 0.078650
0.4827 0.07929
0.48313 0.07994
0.48356 0.08059
0.48397 0.08126
0.48437 0.08194
0.48475 0.08263
0.48513 0.08333
0.48549 0.08405
0.48583 0.08477
0.486170 0.08551
0.48648 0.08626
0.48678 0.087020
0.48707 0.08779
0.48734 0.08858
0.48759 0.08938
0.48783 0.09019
0.48806 0.09102
0.48828 0.09185
0.48848 0.09269
0.48868 0.09355
0.48886 0.09441
0.48903 0.09528
0.48919 0.09616
0.48933 0.09705
0.48946 0.09796
0.48957 0.09889
0.48965 0.09983
0.48971 0.10079
0.48975 0.10172
0.48977 0.10259
0.48978 0.10335
0.48979 0.10395
0.48979 0.10435
0.48981 0.10454
*.*.Setup: Ga2.txt as Flap 1, Inverted: y, Scale = 1.0, AoA = -2.0, Reposition from (0,0) = (0, 0)*.*.
*.*.Setup: Ga2.txt as Flap 2, Inverted: y, Scale = 0.2, AoA = 35.0, Reposition from previous T.E. = (0.04, 0.055), Reposition from (0,0) = (1.0377, -0.029)*.*.
*.*.Setup: Ga2.txt as Flap 3, Inverted: y, Scale = 0.2, AoA = 50.0, Reposition from previous T.E. = (-0.01, 0.06), Reposition from (0,0) = (1.1971, 0.1377)*.*.
*.*.Setup: Scale Ratio = 0.36738*.*.