0.34108 -0.01191
0.33883 -0.0136
0.33555 -0.01606
0.33179 -0.01840
0.32733 -0.02055
0.32198 -0.02266
0.31558 -0.02483
0.30807 -0.027060
0.29955 -0.02933
0.290250 -0.03158
0.28042 -0.03376
0.27028 -0.03583
0.260010 -0.03778
0.24969 -0.03957
0.23937 -0.04119
0.229050 -0.04263
0.218690 -0.043890
0.20827 -0.04498
0.19771 -0.04592
0.18698 -0.04671
0.17603 -0.0474
0.16487 -0.04802
0.15355 -0.04858
0.14217 -0.04912
0.13088 -0.04961
0.11985 -0.050050
0.10925 -0.0503700
0.09927 -0.050540
0.090040 -0.05048
0.08151 -0.05012
0.07357 -0.049410
0.0661 -0.04835
0.05903 -0.04692
0.0523 -0.04512
0.04589 -0.04296
0.03979 -0.04044
0.03402 -0.0376100
0.028620 -0.0345
0.02366 -0.03121
0.0192 -0.02785
0.015320 -0.02458
0.01205 -0.02149
0.00934 -0.01865
0.00714 -0.016050
0.00536 -0.01368
0.00394 -0.011500
0.00279 -0.0095
0.00189 -0.00766
0.00118 -0.00595
0.00065 -0.00437
0.00028 -0.00289
6e-05 -0.0015
-0.000029 -0.00021
8e-05 0.00103
0.00043 0.00222
0.00117 0.003240
0.00228 0.00395
0.00364 0.00438
0.005180 0.00464
0.00694 0.00479
0.008960 0.00485
0.0113 0.00484
0.01409 0.004750
0.01749 0.00457
0.02172 0.00424
0.02707 0.00374
0.0338 0.00301
0.0418800 0.0020
0.05092 0.00068
0.06062 -0.00095
0.0709 -0.00287
0.08169 -0.00499
0.09281 -0.00722
0.10408 -0.00951
0.11533 -0.01178
0.12645 -0.01399
0.13742 -0.01610
0.14821 -0.01808
0.158840 -0.01992
0.16932 -0.02159
0.17967 -0.02307
0.18991 -0.02436
0.2000600 -0.02543
0.21014 -0.02629
0.22015 -0.02693
0.23011 -0.02734
0.24003 -0.02751
0.24992 -0.02745
0.25976 -0.02716
0.26955 -0.02664
0.27924 -0.02588
0.28875 -0.02489
0.29793 -0.0237
0.30657 -0.02234
0.31445 -0.02083
0.32138 -0.01924
0.327340 -0.01756
0.33241 -0.01583
0.33668 -0.01408
0.34108 -0.01191
-Inserting Flap s1223rtl-
0.44502 0.06957
0.44469 0.06864
0.444220 0.06729
0.44358 0.06588
0.44269 0.06438
0.44155 0.062730
0.4401 0.06086
0.43835 0.05875
0.4363 0.05644
0.43403 0.05398
0.43159 0.05144
0.429040 0.04886
0.42642 0.0463
0.42377 0.043780
0.42107 0.04131
0.41835 0.038880
0.41558 0.03651
0.41275 0.03417
0.40986 0.03185
0.40689 0.02953
0.40383 0.02721
0.4007 0.02486
0.39751 0.0225
0.3943 0.02014
0.39111 0.0178
0.3879800 0.01553
0.38495 0.01338
0.38208 0.011400
0.37938 0.00963
0.37682 0.00808
0.37437 0.00674
0.37199 0.0056
0.36966 0.00465
0.367350 0.00387
0.36506 0.00325
0.36279 0.0028
0.36056 0.00251
0.35839 0.00236
0.3563 0.00236
0.35435 0.00247
0.35259 0.00267
0.35103 0.00294
0.3497 0.00324
0.34855 0.00357
0.34757 0.00392
0.34673 0.00427
0.34601 0.00463
0.34539 0.005
0.34486 0.00536
0.3443900 0.00571
0.344 0.00607
0.34367 0.00643
0.34339 0.0068
0.34318 0.00718
0.34305 0.00759
0.34307 0.00803
0.34325 0.00845
0.34356 0.00884
0.34397 0.00922
0.34445 0.0096
0.34502 0.01001
0.34571 0.01046
0.34654 0.01098
0.34756 0.011580
0.34886 0.01231
0.35052 0.0132
0.3526200 0.01429
0.35517 0.01557
0.358060 0.01694
0.3612 0.01835
0.36457 0.01978
0.36812 0.02126
0.37179 0.02276
0.37552 0.02428
0.37924 0.02581
0.38291 0.02732
0.38651 0.02883
0.39004 0.03035
0.39349 0.0318800
0.396870 0.03342
0.40017 0.035
0.4034000 0.03661
0.40657 0.03827
0.409670 0.03997
0.41271 0.04173
0.41569000 0.04354
0.41861 0.04542
0.42148 0.04735
0.42429 0.04935
0.42704 0.05140
0.42972 0.0535
0.43230 0.05563
0.43474 0.05776
0.43699 0.05984
0.439 0.0618
0.44071 0.06361
0.44212 0.06526
0.44326 0.06674
0.44416 0.068080
0.44502 0.06957
-Inserting Flap s1223rtl-
0.53946 0.16027
0.539180 0.15932
0.53879 0.15794
0.53823 0.1565
0.53744 0.15495
0.53638 0.15324
0.53505 0.15129
0.53342 0.14908
0.53152 0.14665
0.52939 0.14406
0.5271 0.14138
0.524710 0.13867
0.52224 0.13596
0.51974 0.13329
0.51719 0.13066
0.51461 0.12808
0.51199 0.12555
0.5093 0.12305
0.50655 0.12056
0.50371 0.11808
0.5008 0.11558
0.49781 0.11306
0.49476 0.11052
0.4917 0.10797
0.48864 0.10545
0.48565 0.10301
0.48276 0.100680
0.48 0.09854
0.47741 0.096610
0.47495 0.09491
0.47258 0.093440
0.47027 0.09216
0.46799 0.09107
0.46573 0.09016
0.46349 0.08941
0.4612500 0.08883
0.45904 0.08841
0.45688 0.088140
0.4548 0.08801
0.45284 0.08801
0.45107 0.088110
0.4495 0.08828
0.448150 0.08851
0.44699 0.0887700
0.44599 0.08906
0.445130 0.08937
0.44439 0.08969
0.44375 0.09001
0.4432 0.09034
0.44271 0.09067
0.4423 0.091
0.44194 0.091350
0.44165 0.09169
0.44142 0.09206
0.44126 0.09246
0.44126 0.0929
0.44142 0.09334
0.44170 0.09374
0.44208 0.09414
0.44254 0.094550
0.44309 0.095
0.44375 0.09549
0.44455 0.09605
0.44554 0.09671
0.44679 0.09751
0.44839 0.0985
0.45043 0.09971
0.45289 0.10113
0.4557 0.10267
0.45875 0.10426
0.46203 0.10589
0.46549 0.10756
0.46907 0.10928
0.47271 0.111020
0.47633 0.11275
0.47990 0.11448
0.483410 0.1162
0.48685 0.11792
0.4902 0.11964
0.493490 0.12138
0.49669 0.12315
0.49983 0.12495
0.5028900 0.12678
0.505890 0.12867
0.50882 0.1306
0.51169 0.13258
0.5145 0.134620
0.517250 0.13672
0.51994 0.13888
0.52257 0.14108
0.52511 0.14334
0.52756 0.14561
0.52988 0.14788
0.53201 0.15008
0.53389 0.15216
0.53549 0.15407
0.53681 0.15579
0.53786 0.15734
0.53869 0.15873
0.53946 0.16027
*.*.Setup: s1223rtl.txt as Flap 1, Inverted: y, Scale = 1.0, AoA = -2.0, Reposition from (0,0) = (0, 0)*.*.
*.*.Setup: s1223rtl.txt as Flap 2, Inverted: y, Scale = 0.35, AoA = 31.666666666666668, Reposition from previous T.E. = (0.0067, 0.055), Reposition from (0,0) = (1.0061, 0.0201)*.*.
*.*.Setup: s1223rtl.txt as Flap 3, Inverted: y, Scale = 0.35, AoA = 35.0, Reposition from previous T.E. = (-0.01, 0.065), Reposition from (0,0) = (1.2939, 0.2688)*.*.
*.*.Setup: Scale Ratio = 0.34129*.*.