0.35109 -0.01226
0.34877 -0.014
0.3454 -0.01653
0.34152 -0.018940
0.33693 -0.02116
0.33143 -0.02333
0.32484 -0.02555
0.31711 -0.027850
0.30834 -0.03019
0.298760 -0.0325
0.28864 -0.03475
0.27821 -0.03688
0.267640 -0.03888
0.25701 -0.04073
0.24639 -0.0424
0.235770 -0.04388
0.225110 -0.045180
0.21438 -0.0463
0.20351 -0.04726
0.19246 -0.04808
0.18119 -0.04879
0.16971 -0.04943
0.15805 -0.05001
0.14634 -0.05056
0.13472 -0.05107
0.12336 -0.051510
0.11245 -0.0518500
0.10219 -0.052020
0.092680 -0.05196
0.0839 -0.05159
0.07573 -0.050860
0.06804 -0.04977
0.06076 -0.04829
0.05384 -0.04644
0.04724 -0.04422
0.04096 -0.04163
0.03502 -0.0387100
0.029460 -0.03551
0.02435 -0.03212
0.01976 -0.02867
0.015770 -0.0253
0.0124 -0.02212
0.00961 -0.0192
0.00735 -0.016530
0.00552 -0.01408
0.00405 -0.0118400
0.00288 -0.00978
0.00194 -0.00788
0.00122 -0.00613
0.00067 -0.0045
0.00029 -0.00297
6e-05 -0.00155
-0.000029 -0.00021
9e-05 0.00106
0.00045 0.00228
0.0012 0.003330
0.00235 0.00406
0.00374 0.00451
0.005340 0.00478
0.00714 0.00493
0.009220 0.005
0.01163 0.00499
0.01451 0.004890
0.018 0.0047
0.02235 0.00437
0.02787 0.00385
0.0348 0.0031
0.043100 0.002060
0.05241 0.0007
0.0624 -0.00098
0.07298 -0.00295
0.08408 -0.00513
0.09553 -0.00744
0.10713 -0.00979
0.11872 -0.01213
0.13016 -0.0144
0.14145 -0.016570
0.15256 -0.01861
0.16350 -0.0205
0.17429 -0.02222
0.18494 -0.02375
0.19549 -0.02507
0.2059300 -0.02618
0.2163 -0.02706
0.2266 -0.02772
0.23686 -0.02814
0.24707 -0.02832
0.25725 -0.02826
0.26738 -0.02796
0.27746 -0.02742
0.28743 -0.02664
0.29722 -0.02562
0.30667 -0.0244
0.31556 -0.02299
0.32367 -0.02145
0.33081 -0.0198
0.336950 -0.01808
0.34216 -0.0163
0.34656 -0.01449
0.35109 -0.01226
-Inserting Flap s1223rtl-
0.46486 0.06254
0.46442 0.06163
0.46377 0.06030
0.46294 0.05893
0.46186 0.05751
0.46049 0.05596
0.45879 0.05422
0.45675 0.05228
0.45438 0.05015
0.451760 0.04791
0.44896 0.0456
0.44605 0.04328
0.44307 0.04097
0.44005 0.03871
0.437 0.03650
0.43393 0.03435
0.43081 0.03225
0.42764 0.0302
0.42441 0.02817
0.42109 0.02616
0.41769 0.02415
0.41421 0.02213
0.41067 0.02009
0.4071 0.01806
0.40356 0.01605
0.40009 0.01411
0.39674 0.01227
0.39356 0.01059
0.39059 0.0091
0.38779 0.00782
0.38513 0.00675
0.382560 0.00587
0.38005 0.00517
0.3776 0.00465
0.37519 0.00429
0.37282 0.0041
0.3705 0.00407
0.36826 0.00418
0.36613 0.00443
0.36415 0.00477
0.36237 0.00519
0.360810 0.005650
0.35948 0.00612
0.35835 0.00659
0.35739 0.00706
0.35657 0.00753
0.35588 0.00798
0.35529 0.00842
0.35478 0.00886
0.354350 0.00928
0.35399 0.00969
0.3537 0.0101
0.35346 0.01051
0.35329 0.01092
0.35321 0.01136
0.353280 0.0118
0.35351 0.01221
0.35388 0.01258
0.35433 0.01291
0.354870 0.013250
0.35551 0.0136
0.356260 0.01398
0.35718 0.01441
0.3583 0.0149
0.35971 0.01549
0.36151 0.0162
0.36379 0.01707
0.36654 0.01806
0.36966 0.01912
0.37304 0.02019
0.37666 0.02125
0.38047 0.02233
0.3844 0.02343
0.38839 0.02455
0.39238 0.02566
0.39631 0.02677
0.40017 0.02788
0.40396 0.029010
0.40767 0.03016
0.41131 0.03134
0.41488 0.03256
0.41838 0.03382
0.42181 0.03513
0.425180 0.0365
0.4285 0.03794
0.43176 0.03944
0.43498 0.041
0.43814 0.042640
0.44126 0.04434
0.44431 0.046110
0.44730 0.04794
0.45019 0.04981
0.45294 0.05169
0.45549 0.05355
0.45777 0.05532
0.45974 0.05696
0.46138 0.05848
0.46272 0.05986
0.46381 0.06112
0.46486 0.06254
-Inserting Flap s1223rtl-
0.53798 0.15738
0.53778 0.15639
0.5375 0.15494
0.53705 0.1534
0.53638 0.151750
0.53545 0.1499
0.53426 0.147770
0.53279 0.14537
0.53106 0.142710
0.52911 0.13986
0.527 0.13691
0.52479 0.133910
0.5225 0.13091
0.52017 0.12794
0.5178 0.12502
0.51539 0.12215
0.51292 0.11931
0.51039 0.11651
0.50779 0.11371
0.505110 0.11091
0.50234 0.10809
0.4995 0.10524
0.49661 0.10235
0.49369 0.09947
0.49079 0.09661
0.48794 0.09384
0.48518 0.0912
0.48255 0.08875
0.48006 0.08654
0.47769 0.08458
0.4754 0.08285
0.47314 0.08134
0.47090 0.08002
0.46867 0.07887
0.46643 0.077910
0.46419 0.07711
0.46196 0.07648
0.45977 0.07601
0.45764 0.07569
0.45564 0.07552
0.45381 0.07546
0.45219 0.0755
0.45078 0.0756
0.44957 0.07577
0.44852 0.07598
0.44761 0.07622
0.44683 0.07648
0.446140 0.07675
0.44554 0.07704
0.44502 0.07733
0.44456 0.077640
0.44417 0.07796
0.44383 0.07829
0.44356 0.07864
0.44337 0.07904
0.44332 0.07949
0.44344 0.079950
0.4437 0.0804
0.44405 0.08084
0.44449 0.0813
0.445010 0.0818
0.44564 0.08237
0.44641 0.08302
0.44737 0.08378
0.44858 0.08472
0.45013 0.08587
0.45211 0.0873
0.45452 0.08898
0.45725 0.0908
0.46025 0.09271
0.46346 0.09467
0.46686 0.0967
0.47037 0.09878
0.47394 0.10089
0.4775 0.10299
0.48101 0.10509
0.48446 0.10716
0.48783 0.10923
0.49111 0.1113
0.49432 0.11338
0.49745 0.11548
0.5005 0.11761
0.50348 0.11977
0.50638 0.12196
0.50922 0.12421
0.51198 0.1265
0.51468 0.128840
0.517320 0.13124
0.51988 0.13369
0.52237 0.13619
0.52479 0.13873
0.52709 0.14129
0.52926 0.14382
0.53125 0.14627
0.533 0.14857
0.53447 0.15067
0.535660 0.15256
0.5366 0.15424
0.53732 0.15574
0.53798 0.15738
*.*.Setup: s1223rtl.txt as Flap 1, Inverted: y, Scale = 1.0, AoA = -2.0, Reposition from (0,0) = (0, 0)*.*.
*.*.Setup: s1223rtl.txt as Flap 2, Inverted: y, Scale = 0.35, AoA = 25.0, Reposition from previous T.E. = (0.0067, 0.065), Reposition from (0,0) = (1.0061, 0.0301)*.*.
*.*.Setup: s1223rtl.txt as Flap 3, Inverted: y, Scale = 0.35, AoA = 40.0, Reposition from previous T.E. = (-0.06, 0.045), Reposition from (0,0) = (1.2633, 0.223)*.*.
*.*.Setup: Scale Ratio = 0.3513*.*.