0.3542 -0.01237
0.35186 -0.01412
0.34846 -0.01668
0.34455 -0.019110
0.33992 -0.02135
0.33436 -0.02353
0.32771 -0.02578
0.31992 -0.02810
0.31107 -0.03046
0.301410 -0.03279
0.2912 -0.03505
0.28068 -0.03721
0.270010 -0.03923
0.25929 -0.04109
0.24857 -0.04277
0.237850 -0.04427
0.22710 -0.045580
0.21628 -0.04671
0.20532 -0.04768
0.19417 -0.04851
0.1828 -0.04923
0.17121 -0.04986
0.15945 -0.05045
0.14764 -0.05101
0.13591 -0.05152
0.12445 -0.051970
0.11345 -0.0523100
0.10309 -0.052490
0.09350 -0.05242
0.08465 -0.05204
0.0764 -0.051310
0.06865 -0.05021
0.0613 -0.04872
0.05431 -0.04685
0.04766 -0.04461
0.04132 -0.042
0.03533 -0.0390600
0.029720 -0.03583
0.02456 -0.03241
0.01994 -0.02892
0.015910 -0.02552
0.01251 -0.02232
0.0097 -0.01937
0.00741 -0.016670
0.00557 -0.0142
0.00409 -0.0119400
0.0029 -0.00987
0.00196 -0.00795
0.00123 -0.00618
0.00068 -0.00454
0.0003 -0.003
7e-05 -0.00156
-0.000029 -0.00021
9e-05 0.00107
0.00045 0.0023
0.00121 0.003360
0.00237 0.0041
0.00378 0.00455
0.005380 0.00482
0.00721 0.00497
0.00930 0.00504
0.01174 0.00503
0.01464 0.004940
0.01816 0.00474
0.02255 0.00441
0.02811 0.00389
0.0351 0.00312
0.0434900 0.002070
0.05288 0.00071
0.06295 -0.00098
0.07363 -0.00298
0.08483 -0.00518
0.09637 -0.0075
0.10808 -0.00988
0.11977 -0.01223
0.13132 -0.01453
0.1427 -0.016720
0.15391 -0.01878
0.164950 -0.02069
0.17583 -0.02242
0.18658 -0.02396
0.19722 -0.02529
0.2077600 -0.02641
0.21822 -0.0273
0.22861 -0.02796
0.23896 -0.02839
0.24926 -0.02857
0.25953 -0.02851
0.26975 -0.02821
0.27992 -0.02766
0.28998 -0.02687
0.29985 -0.02585
0.30938 -0.02462
0.31836 -0.0232
0.32654 -0.02164
0.33374 -0.01998
0.339930 -0.01824
0.34519 -0.01644
0.34963 -0.01462
0.3542 -0.01237
-Inserting Flap s1223rtl-
0.45717 0.056
0.45672 0.05508
0.45606 0.053750
0.45523 0.05237
0.45414 0.05094
0.45276 0.04937
0.45104 0.04761
0.448980 0.04565
0.44659 0.04351
0.44395 0.04125
0.44113 0.03892
0.43819 0.03657
0.43518 0.03425
0.43213 0.03197
0.42906 0.029740
0.42596 0.02757
0.42281 0.02545
0.41961 0.02338
0.41635 0.02133
0.41301 0.0193
0.40957 0.01727
0.406060 0.01523
0.40249 0.01318
0.3988900 0.01113
0.39532 0.00911
0.39182 0.00715
0.38844 0.00529
0.38523 0.00359
0.38223 0.00209
0.37941 0.0008
0.37673 -0.00028
0.37413 -0.00117
0.37161 -0.00187
0.36913 -0.0024
0.3667 -0.00276
0.36431 -0.00295
0.36197 -0.00299
0.35971 -0.00287
0.35756 -0.00262
0.35556 -0.00227
0.35376 -0.00185
0.35219 -0.001390
0.35085 -0.00092
0.34971 -0.00044
0.34874 0.000099
0.34792 0.0005
0.34722 0.00096
0.34662 0.00141
0.34611 0.00185
0.34568 0.00227
0.34531 0.00269
0.34501 0.0031
0.34478 0.00351
0.3446 0.00393
0.34452 0.00437
0.34459 0.00482
0.34483 0.00523
0.3452 0.0056
0.34566 0.00594
0.3462 0.006280
0.34685 0.00663
0.34761 0.00701
0.34853 0.00744
0.34966 0.00794
0.35108 0.00854
0.3529 0.00926
0.3552 0.01013
0.35798 0.01114
0.36112 0.0122
0.36453 0.01328
0.36818 0.01435
0.37202 0.01544
0.37599 0.01655
0.38002 0.01767
0.38404 0.0188
0.38801 0.01992
0.3919 0.02104
0.39573 0.022180
0.39947 0.02334
0.40314 0.02453
0.40674 0.02576
0.41027 0.02703
0.41373 0.02836
0.41714 0.02974
0.42048 0.03119
0.42378 0.0327
0.427020 0.03428
0.43021 0.035930
0.43335 0.03765
0.43643 0.039430
0.43945 0.04128
0.44236 0.04316
0.44514 0.04506
0.44771 0.04693
0.45002 0.04872
0.452 0.05038
0.45365 0.05191
0.45501 0.0533
0.4561 0.05457
0.45717 0.056
-Inserting Flap s1223rtl-
0.53751 0.15019
0.53723 0.14921
0.536820 0.14777
0.53624 0.14627
0.53541 0.14467
0.53432 0.14289
0.53294 0.14086
0.53125 0.13857
0.529270 0.13605
0.52706 0.13336
0.52468 0.13058
0.5222 0.12776
0.51964 0.12495
0.51704 0.12217
0.51439 0.11944
0.51171 0.11677
0.50899 0.11414
0.50620 0.11154
0.50334 0.10896
0.5004 0.10638
0.49737 0.10378
0.49426 0.10116
0.4911 0.09852
0.48792 0.09588
0.48475 0.09327
0.48164 0.09073
0.47863 0.08831
0.47578 0.08608
0.47308 0.08408
0.47053 0.08232
0.46807 0.08079
0.46567 0.07947
0.4633 0.07833
0.46095 0.07738
0.45862 0.07661
0.4563 0.076
0.454010 0.07557
0.451760 0.07529
0.4496 0.07516
0.44757 0.07515
0.44573 0.07526
0.4441 0.07544
0.44269 0.07567
0.44149 0.07594
0.44045 0.07624
0.43956 0.07656
0.43879 0.07689
0.43813 0.077230
0.43755 0.07757
0.43705 0.07792
0.43662 0.07826
0.43625 0.07862
0.43595 0.07898
0.4357 0.07936
0.43554 0.07978
0.43554 0.08023
0.4357 0.08068
0.436 0.08111
0.43639 0.081520
0.436870 0.08195
0.43744 0.08241
0.4381300 0.082920
0.43895 0.0835
0.43998 0.084190
0.44128 0.08502
0.44294 0.086050
0.44506 0.08731
0.44762 0.08878
0.45053 0.09038
0.45371 0.09202
0.457110 0.09372
0.46071 0.09546
0.4644200 0.09724
0.4682 0.09905
0.47196 0.10085
0.47567 0.10264
0.47931 0.10442
0.48288 0.10621
0.48637 0.108
0.48978 0.10981
0.4931 0.11164
0.49636 0.11351
0.49954 0.11542
0.50265 0.11737
0.5057 0.11938
0.50868 0.12144
0.511600 0.12356
0.51445 0.12574
0.51725 0.127970
0.51997 0.13027
0.52262 0.13261
0.52516 0.13497
0.52757 0.13733
0.52978 0.13961
0.53174 0.14177
0.5334 0.14375
0.53476 0.14554
0.53586 0.14715
0.53671 0.1486
0.53751 0.15019
*.*.Setup: s1223rtl.txt as Flap 1, Inverted: y, Scale = 1.0, AoA = -2.0, Reposition from (0,0) = (0, 0)*.*.
*.*.Setup: s1223rtl.txt as Flap 2, Inverted: y, Scale = 0.35, AoA = 25.0, Reposition from previous T.E. = (-0.0267, 0.045), Reposition from (0,0) = (0.9727, 0.0101)*.*.
*.*.Setup: s1223rtl.txt as Flap 3, Inverted: y, Scale = 0.35, AoA = 35.0, Reposition from previous T.E. = (-0.06, 0.065), Reposition from (0,0) = (1.2299, 0.223)*.*.
*.*.Setup: Scale Ratio = 0.35441*.*.