0.3542 -0.01237
0.35186 -0.01412
0.34846 -0.01668
0.34455 -0.019110
0.33992 -0.02135
0.33436 -0.02353
0.32771 -0.02578
0.31992 -0.02810
0.31107 -0.03046
0.301410 -0.03279
0.2912 -0.03505
0.28068 -0.03721
0.270010 -0.03923
0.25929 -0.04109
0.24857 -0.04277
0.237850 -0.04427
0.22710 -0.045580
0.21628 -0.04671
0.20532 -0.04768
0.19417 -0.04851
0.1828 -0.04923
0.17121 -0.04986
0.15945 -0.05045
0.14764 -0.05101
0.13591 -0.05152
0.12445 -0.051970
0.11345 -0.0523100
0.10309 -0.052490
0.09350 -0.05242
0.08465 -0.05204
0.0764 -0.051310
0.06865 -0.05021
0.0613 -0.04872
0.05431 -0.04685
0.04766 -0.04461
0.04132 -0.042
0.03533 -0.0390600
0.029720 -0.03583
0.02456 -0.03241
0.01994 -0.02892
0.015910 -0.02552
0.01251 -0.02232
0.0097 -0.01937
0.00741 -0.016670
0.00557 -0.0142
0.00409 -0.0119400
0.0029 -0.00987
0.00196 -0.00795
0.00123 -0.00618
0.00068 -0.00454
0.0003 -0.003
7e-05 -0.00156
-0.000029 -0.00021
9e-05 0.00107
0.00045 0.0023
0.00121 0.003360
0.00237 0.0041
0.00378 0.00455
0.005380 0.00482
0.00721 0.00497
0.00930 0.00504
0.01174 0.00503
0.01464 0.004940
0.01816 0.00474
0.02255 0.00441
0.02811 0.00389
0.0351 0.00312
0.0434900 0.002070
0.05288 0.00071
0.06295 -0.00098
0.07363 -0.00298
0.08483 -0.00518
0.09637 -0.0075
0.10808 -0.00988
0.11977 -0.01223
0.13132 -0.01453
0.1427 -0.016720
0.15391 -0.01878
0.164950 -0.02069
0.17583 -0.02242
0.18658 -0.02396
0.19722 -0.02529
0.2077600 -0.02641
0.21822 -0.0273
0.22861 -0.02796
0.23896 -0.02839
0.24926 -0.02857
0.25953 -0.02851
0.26975 -0.02821
0.27992 -0.02766
0.28998 -0.02687
0.29985 -0.02585
0.30938 -0.02462
0.31836 -0.0232
0.32654 -0.02164
0.33374 -0.01998
0.339930 -0.01824
0.34519 -0.01644
0.34963 -0.01462
0.3542 -0.01237
-Inserting Flap s1223rtl-
0.45717 0.05955
0.45672 0.05863
0.45606 0.057290
0.45523 0.05591
0.45414 0.05448
0.45276 0.05291
0.45104 0.05116
0.448980 0.04919
0.44659 0.04705
0.44395 0.04479
0.44113 0.04246
0.43819 0.04012
0.43518 0.03779
0.43213 0.03551
0.42906 0.033280
0.42596 0.03111
0.42281 0.029
0.41961 0.02692
0.41635 0.02488
0.41301 0.02285
0.40957 0.02082
0.406060 0.01878
0.40249 0.01673
0.3988900 0.01468
0.39532 0.01265
0.39182 0.01069
0.38844 0.00884
0.38523 0.00714
0.38223 0.00563
0.37941 0.00434
0.37673 0.00326
0.37413 0.00237
0.37161 0.00167
0.36913 0.00114
0.3667 0.00079
0.36431 0.00059
0.36197 0.00056
0.35971 0.00067
0.35756 0.00092
0.35556 0.00127
0.35376 0.00169
0.35219 0.002150
0.35085 0.00263
0.34971 0.0031
0.34874 0.00358
0.34792 0.00405
0.34722 0.00451
0.34662 0.00496
0.34611 0.00539
0.34568 0.00582
0.34531 0.00624
0.34501 0.00665
0.34478 0.00706
0.3446 0.00747
0.34452 0.00791
0.34459 0.00836
0.34483 0.00878
0.3452 0.00914
0.34566 0.00948
0.3462 0.009820
0.34685 0.01017
0.34761 0.01056
0.34853 0.01099
0.34966 0.01149
0.35108 0.01208
0.3529 0.0128
0.3552 0.01368
0.35798 0.01468
0.36112 0.01575
0.36453 0.01682
0.36818 0.0179
0.37202 0.01899
0.37599 0.0201
0.38002 0.02122
0.38404 0.02234
0.38801 0.02346
0.3919 0.02458
0.39573 0.025720
0.39947 0.02688
0.40314 0.02807
0.40674 0.0293
0.41027 0.03057
0.41373 0.0319
0.41714 0.03328
0.42048 0.03473
0.42378 0.03624
0.427020 0.03782
0.43021 0.039470
0.43335 0.04119
0.43643 0.042980
0.43945 0.04482
0.44236 0.04671
0.44514 0.04861
0.44771 0.05048
0.45002 0.05226
0.452 0.05392
0.45365 0.05545
0.45501 0.05685
0.4561 0.05812
0.45717 0.05955
-Inserting Flap s1223rtl-
0.53751 0.15373
0.53723 0.15275
0.536820 0.15132
0.53624 0.14982
0.53541 0.14822
0.53432 0.14644
0.53294 0.14441
0.53125 0.14211
0.529270 0.13959
0.52706 0.13691
0.52468 0.13412
0.5222 0.1313
0.51964 0.12849
0.51704 0.12571
0.51439 0.12299
0.51171 0.12031
0.50899 0.11768
0.50620 0.11508
0.50334 0.1125
0.5004 0.10992
0.49737 0.10733
0.49426 0.10471
0.4911 0.10207
0.48792 0.09942
0.48475 0.09681
0.48164 0.09427
0.47863 0.09186
0.47578 0.08963
0.47308 0.08763
0.47053 0.08587
0.46807 0.08433
0.46567 0.08301
0.4633 0.08188
0.46095 0.08093
0.45862 0.08015
0.4563 0.07955
0.454010 0.07911
0.451760 0.07883
0.4496 0.0787
0.44757 0.0787
0.44573 0.0788
0.4441 0.07898
0.44269 0.07921
0.44149 0.07949
0.44045 0.07979
0.43956 0.08011
0.43879 0.08044
0.43813 0.080770
0.43755 0.08111
0.43705 0.08146
0.43662 0.08181
0.43625 0.08216
0.43595 0.08252
0.4357 0.0829
0.43554 0.08332
0.43554 0.08378
0.4357 0.08423
0.436 0.08465
0.43639 0.085070
0.436870 0.08549
0.43744 0.08595
0.4381300 0.086460
0.43895 0.08705
0.43998 0.087730
0.44128 0.08857
0.44294 0.089590
0.44506 0.09085
0.44762 0.09232
0.45053 0.09392
0.45371 0.09557
0.457110 0.09726
0.46071 0.099
0.4644200 0.10079
0.4682 0.10259
0.47196 0.10439
0.47567 0.10618
0.47931 0.10797
0.48288 0.10975
0.48637 0.11155
0.48978 0.11335
0.4931 0.11519
0.49636 0.11706
0.49954 0.11896
0.50265 0.12092
0.5057 0.12292
0.50868 0.12498
0.511600 0.1271
0.51445 0.12928
0.51725 0.131520
0.51997 0.13381
0.52262 0.13615
0.52516 0.13852
0.52757 0.14087
0.52978 0.14316
0.53174 0.14532
0.5334 0.1473
0.53476 0.14909
0.53586 0.1507
0.53671 0.15214
0.53751 0.15373
*.*.Setup: s1223rtl.txt as Flap 1, Inverted: y, Scale = 1.0, AoA = -2.0, Reposition from (0,0) = (0, 0)*.*.
*.*.Setup: s1223rtl.txt as Flap 2, Inverted: y, Scale = 0.35, AoA = 25.0, Reposition from previous T.E. = (-0.0267, 0.055), Reposition from (0,0) = (0.9727, 0.0201)*.*.
*.*.Setup: s1223rtl.txt as Flap 3, Inverted: y, Scale = 0.35, AoA = 35.0, Reposition from previous T.E. = (-0.06, 0.065), Reposition from (0,0) = (1.2299, 0.233)*.*.
*.*.Setup: Scale Ratio = 0.35441*.*.