0.32871 0.01148
0.32666 0.0097
0.32367 0.00712
0.32021 0.00461
0.31607 0.00224
0.31107 -0.00014
0.30506 -0.00265
0.29799 -0.005310
0.28995 -0.00806
0.28116 -0.01084
0.27186 -0.01360
0.26225 -0.01628
0.2525 -0.01884
0.2427 -0.02125
0.23289 -0.0235
0.22307 -0.02559
0.213200 -0.0275
0.20325 -0.02925
0.19316 -0.03085
0.1829 -0.03234
0.17242 -0.03374
0.16173 -0.03508
0.15089 -0.03638
0.13998 -0.03766
0.12916 -0.0389
0.11858 -0.04006
0.10842 -0.04108
0.0988400 -0.04192
0.08995 -0.04248
0.08173 -0.0427
0.07405 -0.04256
0.0668 -0.04204
0.05991 -0.04114
0.0533200 -0.03986
0.04701 -0.03821
0.04097 -0.03621
0.03524 -0.03387
0.02984 -0.03125
0.02484 -0.02841
0.02033 -0.02549
0.01638 -0.0226
0.0130200 -0.01985
0.01023 -0.0173
0.00794 -0.01495
0.00608 -0.01279
0.00456 -0.01079
0.00332 -0.00895
0.00233 -0.00724
0.00154 -0.00564
0.00092 -0.00416
0.00047 -0.00276
0.00016 -0.00144
0.000013 -0.0002
0.000035 0.00099
0.00027 0.00216
0.00091 0.00319
0.00193 0.00395
0.00320 0.00446
0.00467 0.00481
0.006350 0.00507
0.00828 0.00527
0.01054 0.00542
0.01323 0.00552
0.01651 0.00556
0.020590 0.00554
0.02577 0.00542
0.0323 0.00516
0.04012 0.00473
0.04891 0.00408
0.05834 0.00316
0.06836 0.00201
0.07887 0.0007
0.08971 -0.00071
0.1007 -0.00215
0.11167 -0.00357
0.12251 -0.004950
0.13319 -0.00624
0.1437 -0.00742
0.15404 -0.008470
0.164230 -0.00937
0.17429 -0.0101
0.18422 -0.01065
0.19405 -0.011
0.20379 -0.01115
0.21345 -0.01109
0.22306 -0.01081
0.23261 -0.01031
0.24211 -0.00959
0.25156 -0.0086500
0.26093 -0.00749
0.27019 -0.00610
0.27927 -0.00452
0.28801 -0.00276
0.29623 -0.00086
0.3037 0.00111
0.31026 0.00311
0.31588 0.00512
0.32063 0.00712
0.32463 0.00910
0.32871 0.01148
-Inserting Flap s1223rtl-
0.43984 0.08671
0.439530 0.08582
0.43907 0.08452
0.43845 0.08315
0.43760 0.08172
0.43649 0.08012
0.4351 0.078320
0.43341 0.07629
0.43144 0.07406
0.42925 0.07169
0.4269 0.06924
0.42444 0.06676
0.42192 0.06429
0.41936 0.06186
0.41676 0.05948
0.41414 0.05714
0.41147 0.05485
0.40874 0.05259
0.40595 0.050360
0.40309 0.04813
0.40015 0.04589
0.39713 0.04363
0.39406 0.04135
0.39096 0.03908
0.38788 0.036820
0.38487 0.03464
0.38195 0.03257
0.37918 0.03065
0.37658 0.02894
0.37412 0.02745
0.37176 0.02617
0.36946 0.02507
0.36721 0.02415
0.36498 0.02339
0.362780 0.0228
0.3606 0.02237
0.35845 0.02208
0.35635 0.02195
0.35434 0.02194
0.35246 0.02205
0.35076 0.02225
0.349270 0.0225
0.34797 0.022790
0.34687 0.02311
0.34593 0.02344
0.34512 0.023790
0.34443 0.02413
0.34383 0.02448
0.34331 0.024830
0.34287 0.02518
0.34248 0.02552
0.34216 0.02587
0.3419 0.02622
0.3417 0.02658
0.3415700 0.02698
0.34159 0.02741
0.34177 0.02781
0.34207 0.02819
0.34245 0.02855
0.34292 0.02892
0.34347 0.02932
0.34413 0.029750
0.34493 0.030250
0.34592 0.03083
0.34717 0.03153
0.348770 0.03239
0.35079 0.03344
0.35325 0.03467
0.35603 0.035990
0.35906 0.03735
0.3623 0.03873
0.36573 0.04015
0.36927 0.0416
0.37286 0.04307
0.37645 0.04454
0.37998 0.046
0.383450 0.04746
0.38685 0.04892
0.39018 0.05039
0.39344 0.05188
0.39662 0.0534
0.39973 0.05495
0.40278 0.05655
0.40577 0.05819
0.4087 0.05988
0.41157 0.06163
0.41439 0.06344
0.41716 0.0653
0.41987 0.06723
0.42252 0.06921
0.42509 0.07123
0.42758 0.07328
0.42993 0.07533
0.43211 0.07733
0.43404 0.07923
0.43568 0.080970
0.437040 0.08256
0.43814 0.08399
0.439010 0.08528
0.43984 0.08671
-Inserting Flap s1223rtl-
0.5473 0.17083
0.54704 0.16992
0.54665 0.16859
0.546110 0.1672
0.54535 0.16571
0.54434 0.16406
0.54305 0.16218
0.54148 0.16005
0.539650 0.15771
0.5376 0.15522
0.53539 0.15263
0.53308 0.15002
0.53071 0.14741
0.52829 0.14483
0.52584 0.14230
0.52335 0.13982
0.52082 0.13737
0.518240 0.13496
0.51558 0.13257
0.51285 0.130180
0.510040 0.12777
0.50716 0.12534
0.50423 0.12289
0.50127 0.12043
0.49833 0.11801
0.49544 0.11565
0.49266 0.11341
0.49 0.11134
0.4875 0.10948
0.48513 0.10785
0.48285 0.10643
0.48062 0.1052
0.47843 0.10415
0.47625 0.10327
0.47408 0.10255
0.47193 0.10199
0.46980 0.10158
0.46771 0.10132
0.46571 0.1012
0.46383 0.1012
0.46212 0.10129
0.46061 0.10146
0.4593 0.101680
0.45818 0.10193
0.45722 0.10221
0.45639 0.10250
0.45568 0.10281
0.45506 0.10312
0.45453 0.10344
0.45406 0.10376
0.45366 0.104080
0.45332 0.10441
0.4530400 0.10475
0.45281 0.1051
0.45267 0.10549
0.45266 0.10591
0.45281 0.10633
0.45309 0.10672
0.45345 0.10711
0.45390 0.1075
0.45443 0.10793
0.455060 0.1084
0.455830 0.10895
0.45678 0.10958
0.45799 0.110360
0.45953 0.11131
0.4615 0.11248
0.46388 0.11384
0.46658 0.11532
0.46952 0.11685
0.472680 0.11842
0.47602 0.12004
0.479470 0.1217
0.48297 0.12337
0.48646 0.12504
0.4899 0.126710
0.49329 0.12836
0.4966 0.13002
0.49983 0.13168
0.50299 0.13336
0.50608 0.13506
0.5091 0.13679
0.51206 0.13857
0.51494 0.1403800
0.51777 0.14224
0.52054 0.144150
0.523240 0.14612
0.5259 0.14814
0.52849 0.15022
0.53102 0.15235
0.53348 0.15452
0.53584 0.156710
0.53807 0.158900
0.54012 0.16102
0.54194 0.16302
0.54348 0.16486
0.54475 0.16652
0.54576 0.16802
0.54655 0.16936
0.5473 0.17083
*.*.Setup: s1223rtl.txt as Flap 1, Inverted: y, Scale = 1.0, AoA = 2.0, Reposition from (0,0) = (0, 0)*.*.
*.*.Setup: s1223rtl.txt as Flap 2, Inverted: y, Scale = 0.35, AoA = 31.666666666666668, Reposition from previous T.E. = (0.04, 0.045), Reposition from (0,0) = (1.0394, 0.0799)*.*.
*.*.Setup: s1223rtl.txt as Flap 3, Inverted: y, Scale = 0.35, AoA = 35.0, Reposition from previous T.E. = (0.04, 0.055), Reposition from (0,0) = (1.3773, 0.3186)*.*.
*.*.Setup: Scale Ratio = 0.32891*.*.