0.34172 -0.01193
0.33946 -0.01362
0.33618 -0.01609
0.33241 -0.018440
0.32794 -0.02059
0.32259 -0.0227
0.31617 -0.02487
0.30865 -0.027110
0.30011 -0.02938
0.290790 -0.03163
0.28094 -0.03382
0.27079 -0.0359
0.260490 -0.03785
0.25016 -0.03964
0.23982 -0.04126
0.229470 -0.04271
0.21910 -0.043980
0.20866 -0.04507
0.19808 -0.046
0.18733 -0.0468
0.17636 -0.04749
0.16518 -0.04811
0.15384 -0.04867
0.14244 -0.04921
0.13112 -0.04971
0.12007 -0.050140
0.10945 -0.0504700
0.09946 -0.050640
0.090210 -0.05057
0.08167 -0.05021
0.07371 -0.04950
0.06623 -0.04844
0.05914 -0.04701
0.0524 -0.0452
0.04598 -0.04304
0.03987 -0.04052
0.03409 -0.0376800
0.028680 -0.03457
0.0237 -0.03127
0.01923 -0.0279
0.015350 -0.02462
0.01207 -0.02153
0.00936 -0.01869
0.00715 -0.016080
0.00537 -0.0137
0.00394 -0.0115200
0.0028 -0.00952
0.00189 -0.00767
0.00119 -0.00597
0.00066 -0.00438
0.00028 -0.00289
6e-05 -0.00151
-0.000029 -0.00021
8e-05 0.00103
0.00043 0.00222
0.00117 0.003240
0.00228 0.00396
0.00364 0.00439
0.005190 0.00465
0.00695 0.0048
0.008970 0.00486
0.01132 0.00485
0.01412 0.004760
0.01752 0.00457
0.02176 0.00425
0.02712 0.00375
0.03387 0.00301
0.0419500 0.0020
0.05101 0.00068
0.06073 -0.00095
0.07103 -0.00287
0.08184 -0.005
0.09298 -0.00724
0.10428 -0.00953
0.11555 -0.0118
0.12669 -0.01401
0.13767 -0.016130
0.14849 -0.01812
0.159140 -0.01996
0.16964 -0.02163
0.18001 -0.02311
0.19027 -0.0244
0.2004400 -0.02548
0.21053 -0.02634
0.22056 -0.02698
0.23054 -0.02739
0.24048 -0.02756
0.25039 -0.02751
0.26025 -0.02721
0.27006 -0.02669
0.27976 -0.02592
0.28929 -0.02494
0.29848 -0.02375
0.30715 -0.02238
0.31504 -0.02087
0.32198 -0.01927
0.327960 -0.0176
0.33303 -0.01586
0.33731 -0.01411
0.34172 -0.01193
-Inserting Flap s1223rtl-
0.44106 0.05745
0.44063 0.05656
0.44 0.055270
0.43919 0.05394
0.43814 0.05256
0.43681 0.05105
0.43515 0.04935
0.433160 0.04746
0.43086 0.0454
0.42831 0.04321
0.42559 0.04097
0.42275 0.03871
0.41985 0.03646
0.41691 0.03426
0.41395 0.032110
0.41095 0.03002
0.40792 0.02797
0.40483 0.02597
0.40168 0.024
0.39846 0.02204
0.39515 0.02009
0.391760 0.01812
0.38831 0.01614
0.3848400 0.01416
0.38139 0.01221
0.37801 0.01032
0.37475 0.00853
0.37166 0.00689
0.36877 0.00544
0.36605 0.00419
0.36345 0.00315
0.36095 0.00229
0.35851 0.00161
0.35613 0.0011
0.35378 0.00076
0.35147 0.00057
0.34922 0.00054
0.34704 0.00065
0.34496 0.00089
0.34303 0.00123
0.3413 0.00163
0.33979 0.002080
0.33849 0.00253
0.33739 0.00299
0.33645 0.00345
0.33566 0.00391
0.33499 0.00435
0.33441 0.00478
0.33392 0.0052
0.3335 0.00561
0.33315 0.00602
0.33286 0.00641
0.33263 0.00681
0.33246 0.00721
0.33238 0.00763
0.33245 0.00807
0.33269 0.00847
0.33304 0.00882
0.33348 0.00915
0.33401 0.009470
0.33463 0.00982
0.33536 0.01019
0.33625 0.0106
0.33734 0.01108
0.33871 0.01166
0.34046 0.01235
0.34268 0.01319
0.34537 0.01416
0.3484 0.01519
0.35169 0.01623
0.35521 0.01726
0.35892 0.01832
0.36275 0.01939
0.36663 0.02047
0.37051 0.02155
0.37434 0.02263
0.3781 0.02372
0.38179 0.024820
0.3854 0.02594
0.38894 0.02708
0.39241 0.02827
0.39582 0.0295
0.39916 0.03078
0.40244 0.03211
0.40567 0.03351
0.40885 0.03496
0.411980 0.03649
0.41506 0.038080
0.41809 0.03974
0.42106 0.041460
0.42397 0.04324
0.42678 0.04506
0.42946 0.0469
0.43194 0.0487
0.43416 0.05042
0.43608 0.05203
0.43767 0.0535
0.43898 0.05484
0.44003 0.05607
0.44106 0.05745
-Inserting Flap s1223rtl-
0.53936 0.1643
0.53926 0.16332
0.53911 0.16189
0.53881 0.16036
0.53829 0.1587
0.53755 0.15683
0.53658 0.15467
0.53535 0.15221
0.5339 0.14948
0.53225 0.14656
0.53046 0.14352
0.52857 0.14042
0.52661 0.13732
0.5246 0.13425
0.52255 0.13121
0.52045 0.12822
0.5183 0.12526
0.51608 0.122330
0.5138 0.1194
0.51144 0.11645
0.50899 0.11348
0.50648 0.11047
0.50392 0.10743
0.50134 0.10439
0.49876 0.10137
0.49624 0.0984400
0.49379 0.09565
0.49144 0.09305
0.48922 0.09069
0.487090 0.08859
0.48501 0.08673
0.48295 0.08507
0.48089 0.08359
0.47882 0.0823
0.47673 0.08117
0.47463 0.08021
0.47252 0.07941
0.47043 0.07876
0.4684 0.07828
0.46648 0.07794
0.46471 0.07773
0.46313 0.077620
0.46176 0.07761
0.46057 0.07767
0.45953 0.07778
0.45863 0.07793
0.45785 0.07812
0.45716 0.07833
0.45655 0.078550
0.45602 0.0788
0.45555 0.07906
0.45514 0.07933
0.45479 0.07962
0.45450 0.07994
0.45428 0.08032
0.45419 0.08075
0.45427 0.0812
0.45449 0.081660
0.45479 0.08212
0.45517 0.0826
0.45564 0.08313
0.4562 0.08373
0.45689 0.08443
0.45775 0.08525
0.45885 0.08626
0.460260 0.08751
0.46205 0.08906
0.46424 0.09089
0.46674 0.0929
0.46948 0.09499
0.472430 0.097170
0.47555 0.09943
0.47879 0.101750
0.482070 0.10409
0.48534 0.10644
0.48857 0.10876
0.49173 0.11107
0.49482 0.11336
0.49784 0.11565
0.50077 0.11794
0.5036300 0.120240
0.5064 0.12255
0.50911 0.1249
0.51174 0.12728
0.51429 0.12969
0.51678 0.13215
0.5192 0.13465
0.52155 0.1372
0.52383 0.1398
0.52603 0.14243
0.52816 0.1451
0.53018 0.14777
0.53207 0.15041
0.53378 0.15295
0.53528 0.15533
0.53653 0.15749
0.537530 0.15942
0.5383 0.16114
0.538870 0.16265
0.53936 0.1643
*.*.Setup: s1223rtl.txt as Flap 1, Inverted: y, Scale = 1.0, AoA = -2.0, Reposition from (0,0) = (0, 0)*.*.
*.*.Setup: s1223rtl.txt as Flap 2, Inverted: y, Scale = 0.35, AoA = 25.0, Reposition from previous T.E. = (-0.0267, 0.055), Reposition from (0,0) = (0.9727, 0.0201)*.*.
*.*.Setup: s1223rtl.txt as Flap 3, Inverted: y, Scale = 0.35, AoA = 45.0, Reposition from previous T.E. = (0.04, 0.065), Reposition from (0,0) = (1.3299, 0.233)*.*.
*.*.Setup: Scale Ratio = 0.34193*.*.