0.33499 -0.0117
0.33278 -0.01336
0.32956 -0.01578
0.32587 -0.018070
0.32149 -0.02019
0.31624 -0.02226
0.30995 -0.02438
0.30257 -0.026580
0.2942 -0.0288
0.285070 -0.03101
0.27541 -0.03315
0.26546 -0.03519
0.255370 -0.0371
0.24523 -0.03886
0.2351 -0.04045
0.224960 -0.04187
0.214790 -0.043110
0.20455 -0.04418
0.19418 -0.0451
0.18364 -0.04588
0.17289 -0.04656
0.16193 -0.04716
0.15081 -0.04772
0.13963 -0.04824
0.12854 -0.04873
0.11771 -0.049150
0.1073 -0.0494800
0.0975 -0.049640
0.088430 -0.04958
0.08006 -0.04922
0.07226 -0.048530
0.06492 -0.04749
0.05798 -0.04608
0.05137 -0.04431
0.04507 -0.04219
0.03908 -0.03972
0.03342 -0.0369400
0.028110 -0.03389
0.02323 -0.03065
0.01886 -0.02736
0.015050 -0.02414
0.01183 -0.02111
0.00917 -0.01832
0.00701 -0.015770
0.00527 -0.01343
0.00387 -0.011300
0.00274 -0.00933
0.00185 -0.00752
0.00116 -0.00585
0.00064 -0.00429
0.00028 -0.00284
6e-05 -0.00148
-0.000029 -0.0002
8e-05 0.00101
0.00042 0.00218
0.00115 0.003180
0.00224 0.00388
0.00357 0.00431
0.005090 0.00456
0.00682 0.00471
0.00880 0.00477
0.0111 0.00476
0.01384 0.004670
0.01718 0.00448
0.02133 0.00417
0.02659 0.00368
0.0332 0.00295
0.0411300 0.001960
0.05001 0.00067
0.05954 -0.00093
0.06964 -0.00281
0.08023 -0.0049
0.09115 -0.0071
0.10222 -0.00934
0.11327 -0.01157
0.1242 -0.01374
0.13496 -0.015810
0.14556 -0.01776
0.1560 -0.01956
0.1663 -0.0212
0.17647 -0.02266
0.18653 -0.02392
0.1964900 -0.02498
0.20639 -0.02582
0.21622 -0.02645
0.226 -0.02685
0.23575 -0.02702
0.24546 -0.02696
0.25513 -0.02668
0.26474 -0.02616
0.27426 -0.02541
0.28359 -0.02445
0.29261 -0.02328
0.3011 -0.02194
0.30883 -0.02046
0.31565 -0.01889
0.32150 -0.01725
0.32647 -0.01555
0.33067 -0.01383
0.33499 -0.0117
-Inserting Flap s1223rtl-
0.43708 0.07168
0.43676 0.07077
0.436290 0.06944
0.43566 0.06805
0.43479 0.06659
0.43367 0.064960
0.43225 0.06312
0.43052 0.06105
0.42852 0.05878
0.42628 0.05637
0.42389 0.05387
0.421380 0.05134
0.41881 0.04883
0.4162 0.046350
0.41356 0.04392
0.41088 0.041540
0.40816 0.03921
0.40539 0.03691
0.40254 0.03463
0.39962 0.03236
0.39662 0.03007
0.39355 0.02777
0.39042 0.02545
0.38726 0.02313
0.38413 0.02084
0.3810500 0.01861
0.37808 0.0165
0.37526 0.0145500
0.37261 0.01281
0.3701 0.01128
0.36769 0.00997
0.36535 0.00885
0.36306 0.00792
0.360790 0.00715
0.35854 0.00655
0.35632 0.0061
0.35413 0.00581
0.35199 0.00567
0.34994 0.00567
0.34803 0.00578
0.34629 0.00598
0.34477 0.00624
0.34345 0.00653
0.34233 0.00686
0.34137 0.0072
0.34055 0.00755
0.33984 0.0079
0.33923 0.00826
0.3387 0.00861
0.3382500 0.00896
0.33786 0.00932
0.33753 0.00967
0.33726 0.01003
0.33706 0.0104
0.33693 0.01081
0.33695 0.01124
0.33713 0.01165
0.33743 0.01204
0.33783 0.01241
0.3383 0.01278
0.33887 0.01318
0.33954 0.01363
0.34035 0.01414
0.34136 0.014730
0.34263 0.01544
0.34426 0.01632
0.3463300 0.01739
0.34883 0.01864
0.351670 0.01999
0.35475 0.02137
0.35806 0.02278
0.36155 0.02423
0.36516 0.02571
0.36882 0.0272
0.37247 0.0287
0.37607 0.03019
0.37961 0.03167
0.38308 0.03316
0.38647 0.0346600
0.389780 0.03618
0.39303 0.03773
0.3962000 0.03931
0.39931 0.04094
0.402360 0.04261
0.40534 0.04434
0.40827000 0.04612
0.41114 0.04796
0.41396 0.04986
0.41672 0.05182
0.41942 0.053840
0.42205 0.0559
0.424580 0.05799
0.42698 0.06008
0.42919 0.06212
0.43116 0.06405
0.43284 0.06583
0.43423 0.06744
0.43535 0.0689
0.43624 0.070220
0.43708 0.07168
-Inserting Flap s1223rtl-
0.54036 0.16888
0.54017 0.16793
0.5399 0.16655
0.53948 0.16508
0.53884 0.16351
0.53795 0.161740
0.53682 0.15971
0.53541 0.15742
0.53376 0.15488
0.5319 0.15216
0.529890 0.14934
0.52778 0.14648
0.5256 0.14362
0.523370 0.14079
0.52111 0.138
0.518810 0.13526
0.51645 0.13256
0.514040 0.12988
0.51156 0.12721
0.509 0.12454
0.50636 0.12185
0.50365 0.11912
0.50089 0.11638
0.4981 0.11362
0.49533 0.1109
0.49262 0.108250
0.48998 0.10573
0.48747 0.10339
0.4851 0.10128
0.482840 0.09941
0.48065 0.09777
0.4785 0.09632
0.47636 0.09506
0.474230 0.09397
0.47209 0.09305
0.46996 0.09229
0.46783 0.09169
0.46574 0.091240
0.46371 0.09094
0.4618 0.090770
0.46006 0.09071
0.45851 0.09075
0.45717 0.09085
0.45601 0.09101
0.45501 0.09121
0.454140 0.09143
0.45339 0.09168
0.45273 0.09195
0.45216 0.09222
0.45166 0.0925
0.45123 0.09279
0.45085 0.0931
0.45053 0.09341
0.45027 0.09375
0.45009 0.09413
0.45004 0.094560
0.45016 0.095
0.45041 0.09542
0.45074 0.09585
0.45116 0.09629
0.45166 0.09677
0.45226 0.09730
0.453 0.09792
0.45391 0.09866
0.45506 0.09955
0.45654 0.10065
0.45843 0.10201
0.46073 0.1036100
0.46334 0.10535
0.46619 0.10717
0.46926 0.10904
0.4725 0.11098
0.47586 0.11297
0.47926 0.11498
0.48266 0.11699
0.486010 0.11898
0.4893 0.12096
0.49251 0.12294
0.49565 0.12491
0.49871 0.12690
0.50169 0.1289
0.50461 0.13093
0.507450 0.13299
0.51022 0.13509
0.51292 0.13723
0.51556 0.13941
0.51813 0.14165
0.52065 0.14394
0.5231 0.14628
0.52547 0.14866
0.52777 0.15109
0.52998 0.153520
0.53205 0.15594
0.53394 0.15828
0.53561 0.160470
0.53701 0.16248
0.53815 0.16428
0.53905 0.16588
0.5397400 0.16731
0.54036 0.16888
*.*.Setup: s1223rtl.txt as Flap 1, Inverted: y, Scale = 1.0, AoA = -2.0, Reposition from (0,0) = (0, 0)*.*.
*.*.Setup: s1223rtl.txt as Flap 2, Inverted: y, Scale = 0.35, AoA = 31.666666666666668, Reposition from previous T.E. = (0.0067, 0.065), Reposition from (0,0) = (1.0061, 0.0301)*.*.
*.*.Setup: s1223rtl.txt as Flap 3, Inverted: y, Scale = 0.35, AoA = 40.0, Reposition from previous T.E. = (0.04, 0.065), Reposition from (0,0) = (1.3439, 0.2788)*.*.
*.*.Setup: Scale Ratio = 0.3352*.*.