0.32915 0.0346
0.327220 0.03267
0.3244 0.02986
0.3211 0.02711
0.31711 0.02444
0.312260 0.021690
0.3064 0.01875
0.29949 0.01559
0.291620 0.01226
0.282990 0.00885
0.27384 0.00543
0.26439 0.00207
0.254790 -0.001180
0.24512 -0.0043
0.23543 -0.00725
0.22571 -0.010020
0.21594 -0.01264
0.20607 -0.01509
0.1960600 -0.01741
0.18586 -0.01962
0.17544 -0.02176
0.16481 -0.02386
0.15401 -0.02593
0.14316 -0.027980
0.13238 -0.02998
0.12184 -0.03189
0.11171 -0.03363
0.10215 -0.03514
0.09328 -0.03632
0.08504 -0.03713
0.07732 -0.03752
0.07001 -0.03751
0.06302 -0.03709
0.05632 -0.03627
0.04987 -0.03506
0.04367 -0.03347
0.037750 -0.03153
0.03214 -0.02927
0.02693 -0.02678
0.02219 -0.02416
0.01803 -0.021530
0.01447 -0.01901
0.01149 -0.01665
0.00902 -0.01445
0.007 -0.01241
0.005330 -0.01051
0.00397 -0.008750
0.00285 -0.0071
0.00194 -0.00556
0.00122 -0.004110
0.00066 -0.00274
0.00026 -0.00144
0.000055 -0.0002
-6e-05 0.001
0.00012 0.00219
0.00069 0.00326
0.00166 0.0041
0.00290 0.0047
0.00435 0.005160
0.00602 0.00554
0.00795 0.00587
0.0102 0.00618
0.01289 0.00647
0.01618 0.00674
0.02028 0.007010
0.02549 0.00725
0.03206 0.00745
0.03994 0.007570
0.04881 0.00753
0.05834 0.00727
0.06847 0.00682
0.07912 0.00624
0.0901 0.00559
0.10123 0.00491
0.11235 0.00425
0.123320 0.00363
0.13413 0.00309
0.144770 0.00264
0.15522 0.00231
0.16552 0.00212
0.175660 0.00209
0.18567 0.00224
0.19556 0.00258
0.20535 0.00311
0.21504 0.00385
0.22466 0.00481
0.23422 0.00597
0.2437 0.00736
0.25312 0.00897
0.26245 0.0108
0.27165 0.012840
0.28065 0.01506
0.2893 0.01745
0.29742 0.01993
0.30478 0.02243
0.311220 0.0249
0.31672 0.02731
0.32135 0.02966
0.32522 0.031920
0.32915 0.0346
-Inserting Flap s1223rtl-
0.44435 0.10447
0.44398 0.10359
0.44344 0.1023
0.44274 0.100970
0.44181 0.09958
0.4406 0.09804
0.43909 0.09631
0.43728 0.09437
0.43517 0.09224
0.43283 0.08999
0.43032 0.08767
0.42771 0.08532
0.42503 0.08299
0.42232 0.0807
0.41957 0.07845
0.4168 0.07626
0.41398 0.07412
0.41111 0.07201
0.40818 0.06993
0.40517 0.067850
0.40208 0.065780
0.39892 0.06368
0.3957 0.06158
0.3924600 0.05947
0.38924 0.05739
0.38608 0.05537
0.38303 0.05346
0.38014 0.0517
0.37742 0.05014
0.37486 0.04878
0.37241 0.04762
0.37004 0.04666
0.36773 0.04586
0.36545 0.04524
0.3632 0.04477
0.360980 0.04446
0.3588 0.04430
0.35669 0.04429
0.35467 0.0444
0.352790 0.04462
0.35109 0.04492
0.3496 0.04526
0.34832 0.04563
0.34723 0.04601
0.34631 0.0464
0.34552 0.04679
0.34484 0.04718
0.34426 0.04757
0.34376 0.04795
0.34333 0.04832
0.342970 0.04869
0.34267 0.049060
0.342420 0.04943
0.34224 0.0498
0.34214 0.05021
0.34218 0.05064
0.34238 0.05104
0.3427 0.0514
0.34311 0.05174
0.3436 0.05208
0.34418 0.05245
0.34487 0.052850
0.3457 0.0533
0.34673 0.05382
0.34803 0.05445
0.34968 0.05523
0.35178 0.05616
0.35432 0.05725
0.35719 0.05842
0.360310 0.0596
0.36365 0.0608
0.36718 0.062030
0.37082 0.0632800
0.37451 0.06454
0.3782 0.06581
0.38183 0.06707
0.385410 0.068330
0.38891 0.0696
0.39234 0.07088
0.39569 0.07219
0.39898 0.07353
0.4022 0.07491
0.40536 0.07633
0.40846 0.07781
0.4115 0.07934
0.41449 0.080920
0.41742 0.08257
0.42031 0.08429
0.42314 0.08606
0.42592 0.08789
0.42863 0.08977
0.43125 0.09169
0.43373 0.09361
0.43603 0.0955
0.43808 0.09729
0.439840 0.09894
0.44130 0.10046
0.44248 0.10183
0.44343 0.103080
0.44435 0.10447
-Inserting Flap s1223rtl-
0.55248 0.18580
0.55221 0.18488
0.551830 0.18355
0.55129 0.18214
0.55052 0.18065
0.5495 0.17899
0.54820 0.17709
0.54662 0.17495
0.544780 0.1726
0.54272 0.17009
0.5405 0.16749
0.53817 0.16486
0.53579 0.162230
0.53335 0.15964
0.53089 0.15709
0.52838 0.15459
0.52584 0.15213
0.52323 0.14971
0.52056 0.1473
0.51782 0.14489
0.51499 0.14247
0.512090 0.14002
0.50914 0.13755
0.50616 0.13509
0.5032 0.132640
0.5003 0.13027
0.49749 0.12802
0.49482 0.12594
0.492310 0.12407
0.48992 0.1224200
0.48763 0.12099
0.48538 0.11976
0.48318 0.1187
0.48098 0.11781
0.4788 0.117090
0.47664 0.11652
0.4745 0.11611
0.47240 0.11585
0.47038 0.11573
0.46848 0.11573
0.46676 0.11583
0.46525 0.115990
0.46393 0.11621
0.4628 0.11647
0.46184 0.11675
0.46101 0.11705
0.46029 0.11735
0.45967 0.11767
0.45913 0.11799
0.45866 0.11831
0.45826 0.11863
0.45791 0.11896
0.45763 0.1193
0.4574 0.11965
0.45725 0.120050
0.45725 0.120470
0.4574 0.12089
0.45768 0.12129
0.45805 0.12168
0.45849 0.12208
0.45903 0.1225
0.459660 0.12298
0.46044 0.12353
0.4614 0.12417
0.462610 0.12495
0.46416 0.1259
0.46614 0.12708
0.46853 0.12845
0.47125 0.12994
0.47422 0.13148
0.477390 0.133060
0.48075 0.13469
0.48422 0.13636
0.48775 0.13804
0.49126 0.139720
0.49472 0.1414
0.49813 0.14306
0.50146 0.14473
0.50471 0.1464
0.5079 0.14809
0.51101 0.14981
0.51404 0.15155
0.51702 0.15333
0.51992 0.15516
0.52276 0.15703
0.52555 0.15895
0.52827 0.16093
0.53094 0.16297
0.53355 0.16506
0.536100 0.1672
0.53857 0.16938
0.54094 0.17159
0.54319 0.17379
0.54525 0.17593
0.54708 0.17794
0.54863 0.17979
0.54991 0.18146
0.55093 0.18297
0.55173 0.18431
0.55248 0.18580
*.*.Setup: s1223rtl.txt as Flap 1, Inverted: y, Scale = 1.0, AoA = 6.0, Reposition from (0,0) = (0, 0)*.*.
*.*.Setup: s1223rtl.txt as Flap 2, Inverted: y, Scale = 0.35, AoA = 28.333333333333332, Reposition from previous T.E. = (0.04, 0.045), Reposition from (0,0) = (1.0345, 0.1495)*.*.
*.*.Setup: s1223rtl.txt as Flap 3, Inverted: y, Scale = 0.35, AoA = 35.0, Reposition from previous T.E. = (0.04, 0.045), Reposition from (0,0) = (1.3826, 0.3606)*.*.
*.*.Setup: Scale Ratio = 0.33097*.*.