0.35813 0.01251
0.35589 0.01057
0.35264 0.00775
0.34887 0.00503
0.34436 0.00244
0.33891 -0.00015
0.33236 -0.00289
0.32466 -0.005780
0.3159 -0.00878
0.30632 -0.01181
0.29618 -0.014820
0.28572 -0.01773
0.2751 -0.02052
0.26443 -0.02315
0.25373 -0.02561
0.24303 -0.02788
0.2322800 -0.02996
0.22144 -0.03186
0.21045 -0.03361
0.19927 -0.03523
0.18785 -0.03676
0.1762 -0.03822
0.16439 -0.03964
0.15251 -0.04103
0.14072 -0.04238
0.12919 -0.04364
0.11812 -0.04476
0.1076800 -0.04567
0.09801 -0.04628
0.08905 -0.04652
0.08068 -0.04637
0.07278 -0.0458
0.06527 -0.04482
0.0580900 -0.04343
0.05121 -0.04163
0.04464 -0.03945
0.03839 -0.0369
0.03251 -0.03404
0.02706 -0.03095
0.02215 -0.02777
0.01785 -0.02462
0.0141900 -0.02163
0.01115 -0.01885
0.00865 -0.01629
0.00662 -0.01393
0.00496 -0.01176
0.00362 -0.00975
0.00254 -0.00788
0.00168 -0.00615
0.00101 -0.00453
0.00051 -0.00301
0.00018 -0.00157
0.000013 -0.00022
0.000035 0.00108
0.00029 0.00235
0.00099 0.00347
0.0021 0.0043
0.003490 0.00486
0.00509 0.00524
0.006920 0.00553
0.00902 0.00574
0.01148 0.0059
0.01441 0.00601
0.01798 0.00606
0.022440 0.00604
0.02808 0.0059
0.03519 0.00563
0.04372 0.00516
0.05328 0.00444
0.06356 0.00345
0.07447 0.00219
0.08592 0.00076
0.09774 -0.00077
0.10971 -0.00234
0.12166 -0.00389
0.13348 -0.005390
0.14511 -0.0068
0.15656 -0.00809
0.16783 -0.009230
0.178930 -0.01021
0.18988 -0.011
0.2007 -0.0116
0.21141 -0.01198
0.22203 -0.01215
0.23256 -0.01208
0.24302 -0.01178
0.25343 -0.01124
0.26378 -0.01045
0.27407 -0.0094200
0.28428 -0.00816
0.29438 -0.006650
0.30426 -0.00493
0.31379 -0.00301
0.32274 -0.00094
0.33088 0.00121
0.33803 0.00339
0.34415 0.00558
0.34933 0.00776
0.35368 0.009910
0.35813 0.01251
-Inserting Flap s1223rtl-
0.46224 0.08164
0.46178 0.08071
0.46112 0.07936
0.46028 0.07796
0.45918 0.07651
0.45778 0.07493
0.45604 0.07315
0.453960 0.07117
0.45155 0.069
0.44888 0.066720
0.44602 0.06436
0.44305 0.06199
0.44001 0.05964
0.43693 0.05733
0.43382 0.05508
0.43068 0.05289
0.4275 0.05075
0.42427 0.048650
0.42097 0.04658
0.41759 0.04453
0.41412 0.042480
0.410570 0.04042
0.40695 0.03834
0.4033200 0.036270
0.3997 0.0342200
0.39616 0.03224
0.39275 0.03036
0.38951 0.02864
0.38647 0.02712
0.38362 0.02582
0.3809 0.02473
0.37828 0.02383
0.37573 0.02312
0.37322 0.02258
0.37076 0.02222
0.36835 0.022030
0.36599 0.02199
0.3637 0.0221100
0.36152 0.02236
0.3595 0.02271
0.35769 0.02314
0.3561 0.0236
0.35474 0.02408
0.35359 0.02457
0.35261 0.02505
0.35178 0.02552
0.35107 0.02599
0.35047 0.026440
0.34995 0.026880
0.34951 0.02731
0.34915 0.02773
0.34884 0.02815
0.3486 0.02856
0.34843 0.02898
0.34834 0.02943
0.34841 0.0298900
0.34866 0.0303
0.34903 0.03067
0.34949 0.03102
0.35004 0.03136
0.35069 0.03171
0.35146 0.0321
0.35239 0.03254
0.35354 0.03304
0.35497 0.03364
0.35681 0.03437
0.35914 0.03526
0.36195 0.03627
0.36513 0.037350
0.36858 0.03843
0.37226 0.03952
0.37615 0.04063
0.38016 0.04175
0.38424 0.04288
0.3883 0.04402
0.39231 0.04515
0.39625 0.04629
0.40012 0.04744
0.4039 0.048610
0.40761 0.04981
0.41125 0.05105
0.41482 0.05234
0.41832 0.05368
0.42176 0.05508
0.42515 0.056540
0.42848 0.05807
0.431760 0.05967
0.43498 0.06134
0.43816 0.063080
0.44128 0.06488
0.44432 0.06675
0.44727 0.06865
0.45008 0.07058
0.45268 0.07247
0.45501 0.07427
0.45701 0.07595
0.45868 0.07749
0.46005 0.0789
0.46116 0.08019
0.46224 0.08164
-Inserting Flap s1223rtl-
0.54348 0.1697
0.54319 0.16871
0.542770 0.16726
0.54219 0.16574
0.54135 0.16412
0.54025 0.16232
0.53885 0.16027
0.53714 0.15795
0.535140 0.1554
0.53291 0.15269
0.5305 0.14987
0.52799 0.14702
0.5254 0.14418
0.52277 0.14137
0.5201 0.13861
0.51739 0.13591
0.51463 0.133250
0.511810 0.13062
0.50892 0.12801
0.50595 0.1254
0.50289 0.12278
0.49975 0.12013
0.49655 0.11746
0.49333 0.11479
0.49012 0.11215
0.48698 0.10958
0.48394 0.10714
0.48105 0.10488
0.47833 0.10286
0.47575 0.10108
0.47326 0.09953
0.47083 0.09819
0.46844 0.09705
0.46607 0.09609
0.46371 0.0953
0.46136 0.094690
0.459040 0.09425
0.456770 0.09397
0.45458 0.09383
0.45253 0.09383
0.45067 0.09394
0.44903 0.09412
0.44761 0.09435
0.44639 0.09463
0.44534 0.09493
0.44444 0.09526
0.44366 0.09559
0.44299 0.09593
0.4424 0.096280
0.4419 0.09662
0.44146 0.09698
0.44109 0.09733
0.44078 0.0977
0.44054 0.09808
0.44038 0.09851
0.44037 0.09897
0.44054 0.09942
0.44084 0.099850
0.44123 0.10027
0.441720 0.1007
0.44229 0.10117
0.4429900 0.10168
0.44382 0.10227
0.44486 0.10297
0.44617 0.10381
0.44786 0.10485
0.45 0.10612
0.45259 0.10761
0.45553 0.10922
0.45874 0.11089
0.462180 0.1126
0.46582 0.11436
0.4695700 0.11617
0.47339 0.11799
0.47719 0.11981
0.48095 0.12162
0.48463 0.12343
0.48824 0.12523
0.49176 0.12704
0.49521 0.12887
0.49857 0.13073
0.50186 0.132620
0.50508 0.13454
0.50823 0.13652
0.51131 0.138550
0.51432 0.14063
0.5172700 0.14277
0.52016 0.14498
0.52298 0.14724
0.52574 0.14956
0.52842 0.15192
0.53099 0.15432
0.53342 0.1567
0.53566 0.159010
0.53763 0.161190
0.53932 0.16319
0.5407 0.165
0.5418 0.16663
0.54267 0.16809
0.54348 0.1697
*.*.Setup: s1223rtl.txt as Flap 1, Inverted: y, Scale = 1.0, AoA = 2.0, Reposition from (0,0) = (0, 0)*.*.
*.*.Setup: s1223rtl.txt as Flap 2, Inverted: y, Scale = 0.35, AoA = 25.0, Reposition from previous T.E. = (-0.0267, 0.045), Reposition from (0,0) = (0.9727, 0.0799)*.*.
*.*.Setup: s1223rtl.txt as Flap 3, Inverted: y, Scale = 0.35, AoA = 35.0, Reposition from previous T.E. = (-0.06, 0.045), Reposition from (0,0) = (1.2299, 0.2728)*.*.
*.*.Setup: Scale Ratio = 0.35834*.*.