0.33617 0.01174
0.33407 0.00992
0.33102 0.00728
0.32748 0.00472
0.32325 0.0023
0.31813 -0.00014
0.31198 -0.00271
0.30475 -0.005430
0.29654 -0.00824
0.28754 -0.01109
0.27803 -0.013910
0.26821 -0.01665
0.25824 -0.01926
0.24821 -0.02174
0.23818 -0.02404
0.22813 -0.02617
0.2180400 -0.02812
0.20786 -0.02991
0.19755 -0.03155
0.18705 -0.03307
0.17633 -0.03451
0.1654 -0.03588
0.15431 -0.03721
0.14316 -0.03852
0.13209 -0.03978
0.12127 -0.04097
0.11088 -0.04202
0.1010800 -0.04287
0.092 -0.04344
0.08359 -0.04367
0.07573 -0.04352
0.06832 -0.04299
0.06127 -0.04207
0.0545300 -0.04077
0.04807 -0.03908
0.0419 -0.03703
0.03604 -0.03464
0.03052 -0.03196
0.0254 -0.02906
0.02079 -0.02606
0.01675 -0.02311
0.0133200 -0.0203
0.01047 -0.0177
0.00812 -0.01529
0.00621 -0.01308
0.00466 -0.01104
0.0034 -0.00915
0.00238 -0.0074
0.00157 -0.00577
0.00094 -0.00425
0.00048 -0.00282
0.00017 -0.00147
0.000013 -0.0002
0.000035 0.00102
0.00027 0.00221
0.00093 0.00326
0.00197 0.00404
0.003270 0.00456
0.00478 0.00492
0.00650 0.00519
0.00847 0.00539
0.01078 0.00554
0.01353 0.00564
0.01688 0.00569
0.021060 0.00567
0.02636 0.00554
0.03303 0.00528
0.04104 0.00484
0.05002 0.00417
0.05967 0.00324
0.06991 0.00206
0.08066 0.00071
0.09174 -0.00072
0.10299 -0.00219
0.11421 -0.00365
0.12529 -0.005060
0.13621 -0.00638
0.14696 -0.00759
0.15754 -0.008670
0.167960 -0.00958
0.17824 -0.01033
0.1884 -0.01089
0.19845 -0.01125
0.20841 -0.0114
0.2183 -0.01134
0.22812 -0.01106
0.23789 -0.01055
0.24761 -0.00981
0.25727 -0.0088500
0.26686 -0.00766
0.27633 -0.006240
0.28561 -0.00462
0.29455 -0.00282
0.30296 -0.00088
0.3106 0.00113
0.31731 0.00318
0.32305 0.00524
0.32791 0.00729
0.332 0.00930
0.33617 0.01174
-Inserting Flap s1223rtl-
0.45325 0.089480
0.45288 0.088580
0.45233 0.08728
0.45162 0.08593
0.45067 0.08451
0.44944 0.08295
0.44791 0.081190
0.44606 0.07922
0.44392 0.07706
0.441540 0.07477
0.439 0.07241
0.43634 0.07002
0.43362 0.06765
0.430860 0.06532
0.42807 0.06304
0.42525 0.06081
0.42239 0.05864
0.41947 0.05649
0.41649 0.05438
0.41343 0.05227
0.4103 0.05016
0.40708 0.04803
0.40381 0.04589
0.40051 0.04375
0.39724 0.041630
0.394030 0.03958
0.390930 0.03764
0.38799 0.03585
0.38523 0.03426
0.38263 0.03288
0.38014 0.03171
0.37773 0.03073
0.37538 0.02992
0.37306 0.02928
0.37077 0.02881
0.36852 0.028490
0.36631 0.02833
0.36416 0.02832
0.36211 0.02843
0.36019 0.028660
0.358470 0.02896
0.35696 0.0293
0.35566 0.02968
0.35455 0.03007
0.35361 0.030470
0.3528 0.03087
0.35211 0.03126
0.35152 0.03165
0.35102 0.03204
0.35058 0.03242
0.35021 0.03279
0.34991 0.03317
0.34966 0.03354
0.34947 0.03392
0.34937 0.03434
0.349410 0.03477
0.34962 0.03518
0.34994 0.03554
0.35036 0.03589
0.35086 0.03624
0.35145 0.03661
0.35215 0.03702
0.35299 0.03747
0.35404 0.03801
0.35535 0.03865
0.35703 0.03943
0.35917 0.04039
0.36175 0.04149
0.36467 0.04268
0.36784 0.04388
0.37124 0.0451
0.37482 0.04635
0.37852 0.04762
0.38227 0.04891
0.38602 0.05019
0.38971 0.05147
0.39334 0.05275
0.3969 0.05404
0.40039 0.05535
0.4038 0.05667
0.40714 0.05804
0.41041 0.05944
0.41362 0.06089
0.41677 0.06238
0.41986 0.06394
0.4229 0.06555
0.42588 0.06723
0.428820 0.06897
0.4317 0.07077
0.43452 0.072630
0.43727 0.074550
0.43993 0.0765
0.44246 0.078450
0.44479 0.08036
0.44688 0.08218
0.44866 0.08387
0.45015 0.0854
0.45135 0.0868
0.45232 0.08807
0.45325 0.089480
-Inserting Flap s1223rtl-
0.54633 0.17887
0.54606 0.177940
0.54567 0.176580
0.545120 0.175150
0.54434 0.17364
0.5433 0.171950
0.54199 0.17002
0.54038 0.16784
0.5385 0.16545
0.53641 0.1629
0.534150 0.16026
0.53179 0.15758
0.52936 0.15491
0.526890 0.15228
0.52439 0.14969
0.52184 0.14715
0.51925 0.14465
0.5166100 0.14219
0.51389 0.13974
0.5111 0.13729
0.508230 0.13483
0.50528 0.13234
0.50228 0.12984
0.49925 0.12733
0.49625 0.12485
0.4933 0.12244
0.49045 0.12015
0.48773 0.11803
0.48517 0.11613
0.48275 0.11446
0.48042 0.113
0.47814 0.111750
0.47589 0.11067
0.47367 0.10977
0.47145 0.10904
0.46925 0.10846
0.467070 0.10805
0.46494 0.10778
0.46289 0.10766
0.46096 0.10766
0.45921 0.10775
0.45767 0.10792
0.45634 0.10814
0.45519 0.1084
0.45421 0.10869
0.45336 0.10899
0.45263 0.10931
0.452 0.10963
0.45145 0.10995
0.45098 0.11028
0.45057 0.11061
0.45022 0.11094
0.449930 0.11128
0.4497 0.11164
0.44955 0.11204
0.44954 0.11248
0.4497 0.11290
0.44998 0.11331
0.45035 0.1137
0.450810 0.1141
0.45135 0.11454
0.452 0.11502
0.452790 0.11558
0.45376 0.11623
0.45499 0.11702
0.45657 0.11799
0.45858 0.11919
0.46101 0.120590
0.46378 0.1221
0.46679 0.12367
0.47002 0.12527
0.47343 0.12693
0.476960 0.128620
0.48054 0.13033
0.48411 0.13204
0.48763 0.13374
0.49109 0.13544
0.49448 0.137130
0.49779 0.13883
0.50102 0.140550
0.50418 0.14229
0.50727 0.14406
0.51029 0.14587
0.51324 0.14773
0.51613 0.14963
0.51896 0.15158
0.521730 0.15359
0.52444 0.15566
0.52709 0.15779
0.52968 0.15997
0.53219 0.16219
0.53461 0.16443
0.53689 0.16666
0.53899 0.16883
0.54084 0.17088
0.54242 0.17276
0.54372 0.17446
0.54475 0.17599
0.54557 0.177360
0.54633 0.17887
*.*.Setup: s1223rtl.txt as Flap 1, Inverted: y, Scale = 1.0, AoA = 2.0, Reposition from (0,0) = (0, 0)*.*.
*.*.Setup: s1223rtl.txt as Flap 2, Inverted: y, Scale = 0.35, AoA = 28.333333333333332, Reposition from previous T.E. = (0.04, 0.065), Reposition from (0,0) = (1.0394, 0.0999)*.*.
*.*.Setup: s1223rtl.txt as Flap 3, Inverted: y, Scale = 0.35, AoA = 35.0, Reposition from previous T.E. = (-0.01, 0.065), Reposition from (0,0) = (1.3375, 0.331)*.*.
*.*.Setup: Scale Ratio = 0.33638*.*.