0.36613 -0.03083
0.36533 -0.031580
0.36373 -0.03304
0.361350 -0.03519
0.35833 -0.03787
0.354830 -0.04089
0.35101 -0.04405
0.34705 -0.04716
0.34306 -0.050050
0.33908 -0.05273
0.33511 -0.05523
0.33115 -0.057570
0.32718 -0.059790
0.32323 -0.06192
0.31927 -0.06396
0.31532 -0.06591
0.31137 -0.06779
0.30742 -0.06959
0.30347 -0.07133
0.29953 -0.073
0.29559 -0.07461
0.29165 -0.07615
0.28772 -0.07764
0.28378 -0.07908
0.27985 -0.08046
0.27592 -0.08178
0.27199 -0.08303
0.26806 -0.08422
0.26414 -0.08535
0.26022 -0.08642
0.2563 -0.08744
0.25238 -0.08842
0.24846 -0.08936
0.24455 -0.09028
0.24063 -0.09117
0.23672 -0.09202
0.2328 -0.09284
0.22889 -0.0936
0.22498 -0.09432
0.22107 -0.09498
0.21717 -0.0956
0.21326 -0.09617
0.20936 -0.0967
0.20546 -0.09718
0.20156 -0.09762
0.19766 -0.098020
0.193770 -0.09838
0.18987 -0.09871
0.18597 -0.09899
0.18208 -0.09925
0.17819 -0.09946
0.1743 -0.09963
0.17041 -0.09975
0.16652 -0.099830
0.16264 -0.09986
0.15875 -0.09985
0.15487 -0.09979
0.15099 -0.09968
0.14711 -0.09952
0.14323 -0.09932
0.13936 -0.09907
0.13548 -0.09877
0.13161 -0.09842
0.12774 -0.09801
0.12387 -0.09756
0.12001 -0.09706
0.11614 -0.09653
0.11228 -0.09595
0.10841 -0.0953400
0.10455 -0.09469
0.10069 -0.09398
0.09683 -0.0932
0.09298 -0.09234
0.08913 -0.09139
0.08528 -0.09036
0.08144 -0.08923
0.07759 -0.088020
0.07375 -0.08672
0.06992 -0.08533
0.06609 -0.08383
0.06226 -0.082220
0.05843 -0.08047
0.05462 -0.07858
0.0508 -0.07653
0.0470 -0.07431
0.04319 -0.07194
0.0394 -0.06942
0.03561 -0.06676
0.03182 -0.06394
0.02804 -0.06089
0.02427 -0.057560
0.02052 -0.05385
0.01678 -0.04969
0.01308 -0.04504
0.00956 -0.040050
0.00634 -0.03489
0.0036 -0.02973
0.00147 -0.02477
7e-05 -0.02017
-0.00044 -0.012470
0.00044 -0.0096
0.00207 -0.0075
0.00442 -0.00625
0.00736 -0.00575
0.01075 -0.00583
0.01444 -0.00637
0.01826 -0.0072
0.02211 -0.008210
0.02596 -0.00937
0.0298 -0.01066
0.03363 -0.01208
0.03746 -0.01363
0.04129 -0.01529
0.04511 -0.01704
0.04893 -0.01888
0.05275 -0.02080
0.05657 -0.02277
0.06038 -0.02478
0.06419 -0.02682
0.06801 -0.02888
0.07182 -0.03094
0.07563 -0.033010
0.07944 -0.03506
0.08326 -0.03709
0.08707 -0.03909
0.09089 -0.04107
0.0947 -0.04302
0.09852 -0.04494
0.10234 -0.04682
0.10616 -0.04865
0.10998 -0.05045
0.1138 -0.05221
0.11763 -0.05392
0.12145 -0.05559
0.12528 -0.05722
0.12911 -0.05879
0.13294 -0.06032
0.13678 -0.06180
0.14061 -0.06324
0.14445 -0.06462
0.14828 -0.06595
0.15212 -0.06722
0.15597 -0.06844
0.15981 -0.06961
0.16366 -0.07072
0.1675 -0.07177
0.171350 -0.07275
0.17521 -0.07368
0.17906 -0.07455
0.18292 -0.075370
0.18677 -0.07613
0.19063 -0.07685
0.19449 -0.07753
0.19836 -0.07816
0.20222 -0.07874
0.20609 -0.07925
0.20996 -0.0797
0.21383 -0.08007
0.2177 -0.08037
0.22158 -0.08060
0.22546 -0.08075
0.22934 -0.08084
0.23322 -0.080860
0.23711 -0.0808100
0.2410 -0.08069
0.24489 -0.080490
0.24878 -0.08021
0.25268 -0.07986
0.25658 -0.07942
0.26048 -0.0789
0.26439 -0.0783
0.26829 -0.07762
0.27221 -0.07684
0.27612 -0.07598
0.28004 -0.07502
0.28396 -0.07396
0.28788 -0.07281
0.29181 -0.07154
0.29575 -0.07018
0.2996800 -0.06872
0.30362 -0.06718
0.30756 -0.06555
0.3115 -0.06384
0.31545 -0.06205
0.3194 -0.06019
0.32335 -0.05825
0.327310 -0.05624
0.33126 -0.05416
0.33523 -0.05198
0.33919 -0.0497
0.34316 -0.04728
0.34713 -0.0447
0.35109 -0.04199
0.35488 -0.03927
0.35837 -0.03668
0.36137 -0.0344
0.36374 -0.03258
0.36534 -0.03135
0.36613 -0.03083
-Inserting Flap Ga2-
0.43936 0.03560
0.43934 0.03539
0.43929 0.03495
0.43923 0.03432
0.43914 0.03351
0.43902 0.0326
0.43888 0.03162
0.4387 0.03062
0.4385 0.02966
0.43827 0.02873
0.43801 0.02783
0.43774 0.02695
0.43744 0.02609
0.43714 0.02524
0.43682 0.02441
0.4365 0.02359
0.43616 0.02278
0.43582 0.021990
0.43546 0.0212
0.4351 0.02042
0.43473 0.01966
0.43435 0.0189
0.43397 0.01815
0.43357 0.01741
0.43317 0.01668
0.43277 0.01596
0.432350 0.01525
0.43193 0.01454
0.43149 0.01385
0.43105 0.01317
0.43061 0.01249
0.43016 0.01182
0.4297 0.01116
0.42924 0.0105
0.42878 0.00984
0.42831 0.00919
0.42784 0.00855
0.427360 0.00791
0.42687 0.00728
0.42638 0.00666
0.42588 0.00604
0.42538 0.00544
0.42487 0.00484
0.42435 0.00424
0.42383 0.00365
0.42331 0.00307
0.42278 0.0025
0.42224 0.00193
0.4217 0.00136
0.421160 0.00081
0.42061 0.000250
0.42005 -0.00029
0.41949 -0.00083
0.41892 -0.00136
0.418350 -0.00189
0.41777 -0.00241
0.41719 -0.00292
0.41659 -0.00342
0.416 -0.00392
0.41539 -0.0044
0.41478 -0.00489
0.41417 -0.00536
0.41354 -0.00583
0.41292 -0.00628
0.41228 -0.00673
0.41164 -0.00718
0.41099 -0.007610
0.41034 -0.00805
0.40969 -0.00847
0.40902 -0.00889
0.40836 -0.00930
0.40768 -0.0097
0.40699 -0.01009
0.40629 -0.01047
0.40558 -0.01083
0.40486 -0.01118
0.40412 -0.011510
0.40338 -0.01183
0.40262 -0.01214
0.40185 -0.01243
0.40107 -0.0127
0.40027 -0.01295
0.39945 -0.01318
0.3986 -0.01339
0.39774 -0.01357
0.39686 -0.01372
0.39596 -0.01386
0.395040 -0.01397
0.3941 -0.01405
0.39313 -0.01411
0.39212 -0.01412
0.39107 -0.01407
0.38996 -0.01395
0.3887900 -0.01375
0.387590 -0.01348
0.38642 -0.01315
0.38533 -0.01275
0.38435 -0.0123
0.38352 -0.0118
0.38242 -0.01072
0.38216 -0.01018
0.382120 -0.00965
0.38231 -0.00915
0.38268 -0.00868
0.38319 -0.00824
0.38381 -0.00783
0.38449 -0.00744
0.3852 -0.00707
0.38592 -0.00673
0.38667 -0.00641
0.38743 -0.00611
0.3882 -0.00582
0.389 -0.00556
0.3898 -0.005310
0.390610 -0.00507
0.39144 -0.00484
0.39227 -0.00462
0.3931 -0.00441
0.39394 -0.004210
0.39478 -0.004
0.39563 -0.0038
0.39647 -0.0036
0.39731 -0.00339
0.39815 -0.00318
0.39899 -0.002970
0.39982 -0.00275
0.40065 -0.00253
0.40147 -0.00231
0.40229 -0.002070
0.4031 -0.00184
0.40391 -0.00159
0.40471 -0.00134
0.40551 -0.00108
0.4063 -0.00082
0.407090 -0.00055
0.40787 -0.00027
0.40864 0.000040
0.40941 0.00031
0.41017 0.00061
0.410930 0.00092
0.41168 0.00123
0.41242 0.00156
0.41315 0.00189
0.41388 0.00223
0.4146 0.002580
0.41531 0.00294
0.41602 0.00331
0.41671 0.00368
0.4174 0.00407
0.418090 0.004470
0.41876 0.00487
0.41943 0.00528
0.4201 0.00569
0.42075 0.00612
0.42141 0.00655
0.422050 0.00699
0.422680 0.00744
0.42331 0.0079
0.42392 0.00838
0.42453 0.008860
0.42513 0.00936
0.42572 0.00986
0.4263 0.010380
0.42687 0.01091
0.42743 0.01145
0.42798 0.012
0.42852 0.01256
0.42905 0.01314
0.42958 0.013720
0.43009 0.01432
0.43059 0.014930
0.43108 0.01556
0.43155 0.0162
0.43202 0.01685
0.43247 0.01752
0.43292 0.0182
0.43334 0.01889
0.43376 0.019610
0.43416 0.02034
0.43455 0.02108
0.43493 0.02184
0.43530 0.02261
0.43565 0.02339
0.436 0.02418
0.43634 0.02499
0.43667 0.0258
0.43699 0.026630
0.4373 0.02747
0.43759 0.02833
0.43788 0.0292
0.43814 0.03009
0.43839 0.031
0.43861 0.03193
0.43881 0.03285
0.43899 0.0337
0.43913 0.03444
0.43924 0.035030
0.439310 0.035420
0.43936 0.03560
-Inserting Flap Ga2-
0.49014 0.10514
0.49014 0.10492
0.49013 0.10449
0.49012 0.10384
0.4901 0.10304
0.490070 0.10211
0.49001 0.10112
0.48992 0.10012
0.4898 0.09914
0.48965 0.098190
0.48947 0.09727
0.48928 0.09637
0.489060 0.09549
0.48883 0.09462
0.48859 0.09377
0.48834 0.0929200
0.48807 0.09209
0.487800 0.09126
0.48751 0.09045
0.48722 0.08964
0.48692 0.08885
0.48661 0.08806
0.48629 0.08728
0.48596 0.08651
0.48563 0.08575
0.48528 0.0849900
0.48493 0.08425
0.48457 0.08351
0.4842 0.08278
0.48382 0.08206
0.48344 0.08135
0.48304 0.080650
0.48265 0.07994
0.48225 0.07925
0.48184 0.07855
0.48143 0.07786
0.48102 0.07718
0.4806 0.0765
0.48017 0.07583
0.47973 0.07517
0.47929 0.07452
0.47884 0.07387
0.47839 0.07322
0.47793 0.07259
0.47746 0.07196
0.47699 0.07133
0.47651 0.07071
0.47602 0.0701
0.47553 0.06949
0.47504 0.06889
0.47454 0.06829
0.47403 0.0677
0.47352 0.06711
0.473 0.06653
0.47248 0.06596
0.47195 0.06539
0.47141 0.064830
0.47086 0.06428
0.47031 0.06373
0.46975 0.06319
0.46919 0.06266
0.46861 0.06213
0.46803 0.06162
0.46745 0.06111
0.46685 0.0606
0.46625 0.0601
0.46565 0.05961
0.46504 0.05912
0.46442 0.05864
0.4638 0.05817
0.46317 0.0577
0.46253 0.05724
0.46188 0.056790
0.46121 0.05636
0.46054 0.05594
0.45985 0.05553
0.45914 0.05513
0.45843 0.05475
0.4577 0.05438
0.45696 0.05402
0.4562 0.05368
0.45543 0.05336
0.45463 0.05306
0.45381 0.05278
0.45297 0.05253
0.4521 0.05229
0.45122 0.05208
0.45031 0.0518900
0.44938 0.051720
0.44842 0.05159
0.44742 0.05149
0.44636 0.05145
0.44524 0.05147
0.44406 0.05156
0.44285 0.05172
0.44166 0.05196
0.440530 0.05226
0.439510 0.05262
0.43865 0.05305
0.43745 0.05402
0.43715 0.054550
0.43707 0.05507
0.4372 0.05558
0.43753 0.05608
0.43801 0.05657
0.43859 0.05703
0.43923 0.05748
0.4399 0.0579
0.4406 0.05831
0.44131 0.05869
0.44204 0.05906
0.44279 0.05941
0.44355 0.05974
0.44433 0.06006
0.44512 0.06037
0.44592 0.06067
0.4467300 0.06096
0.44755 0.06124
0.44836 0.06152
0.44919 0.0618
0.45001 0.06207
0.45083 0.06235
0.45165 0.06263
0.45247 0.062910
0.45328 0.06319
0.45409 0.06348
0.4549 0.06377
0.4557 0.06407
0.45649 0.064370
0.45728 0.06468
0.45807 0.06499
0.45885 0.06531
0.45962 0.06564
0.46038 0.06597
0.46114 0.06631
0.4619 0.06666
0.46264 0.06701
0.46338 0.06737
0.46412 0.06773
0.46484 0.0681
0.4655600 0.06848
0.46627 0.06887
0.466970 0.06927
0.46767 0.06967
0.46835 0.07008
0.46903 0.0705
0.4697 0.07093
0.47036 0.07137
0.47102 0.07181
0.47166 0.07226
0.4723 0.07272
0.47293 0.07319
0.47356 0.07366
0.47418 0.07414
0.47479 0.07463
0.47539 0.07512
0.47598 0.07563
0.476560 0.07614
0.47714 0.07667
0.4777 0.07721
0.47825 0.07775
0.47879 0.07831
0.47933 0.07887
0.47985 0.079450
0.48036 0.08003
0.48086 0.08063
0.48135 0.08124
0.48183 0.081860
0.4823 0.08249
0.48276 0.08313
0.4832 0.08378
0.48364 0.08445
0.48406 0.08512
0.48446 0.08581
0.48486 0.08652
0.48524 0.08724
0.48560 0.08797
0.48595 0.08871
0.48629 0.08948
0.48662 0.09025
0.48693 0.09104
0.48723 0.09184
0.48751 0.09265
0.48779 0.09347
0.48806 0.0943
0.48831 0.09514
0.48856 0.09599
0.48879 0.09686
0.48901 0.09773
0.48922 0.09862
0.48941 0.09954
0.48957 0.10047
0.48972 0.10142
0.48984 0.10234
0.48993 0.1032
0.49001 0.10396
0.49007 0.10455
0.4901 0.10495
0.49014 0.10514
*.*.Setup: Ga2.txt as Flap 1, Inverted: y, Scale = 1.0, AoA = -2.0, Reposition from (0,0) = (0, 0)*.*.
*.*.Setup: Ga2.txt as Flap 2, Inverted: y, Scale = 0.2, AoA = 40.0, Reposition from previous T.E. = (0.04, 0.06), Reposition from (0,0) = (1.0377, -0.024)*.*.
*.*.Setup: Ga2.txt as Flap 3, Inverted: y, Scale = 0.2, AoA = 45.0, Reposition from previous T.E. = (-0.01, 0.055), Reposition from (0,0) = (1.1872, 0.152)*.*.
*.*.Setup: Scale Ratio = 0.36699*.*.