0.35476 -0.01239
0.35242 -0.01414
0.34901 -0.01671
0.3451 -0.019140
0.34046 -0.02138
0.3349 -0.02357
0.32824 -0.02582
0.32043 -0.028150
0.31157 -0.0305
0.301890 -0.03284
0.29166 -0.03511
0.28112 -0.03727
0.270440 -0.03929
0.2597 -0.04115
0.24897 -0.04284
0.238230 -0.04434
0.227470 -0.045650
0.21662 -0.04679
0.20564 -0.04776
0.19448 -0.04859
0.18309 -0.04931
0.17148 -0.04994
0.15971 -0.05053
0.14787 -0.05109
0.13613 -0.0516
0.12465 -0.052050
0.11363 -0.0523900
0.10326 -0.052570
0.093650 -0.0525
0.08478 -0.05213
0.07652 -0.051390
0.06876 -0.05029
0.0614 -0.0488
0.0544 -0.04693
0.04773 -0.04468
0.04139 -0.04207
0.03539 -0.0391200
0.029770 -0.03589
0.0246 -0.03246
0.01997 -0.02897
0.015930 -0.02556
0.01253 -0.02235
0.00972 -0.0194
0.00743 -0.01670
0.00558 -0.01423
0.00409 -0.0119600
0.00291 -0.00988
0.00196 -0.00797
0.00123 -0.00619
0.00068 -0.00454
0.0003 -0.00301
7e-05 -0.00156
-0.000029 -0.00021
9e-05 0.00107
0.00045 0.0023
0.00122 0.003370
0.00237 0.00411
0.00378 0.00456
0.005390 0.00483
0.00722 0.00498
0.009310 0.00505
0.01176 0.00504
0.01466 0.004940
0.01819 0.00475
0.02259 0.00441
0.02816 0.00389
0.03516 0.00313
0.0435600 0.002080
0.05296 0.00071
0.06305 -0.00099
0.07374 -0.00298
0.08496 -0.00519
0.09653 -0.00751
0.10826 -0.00989
0.11996 -0.01225
0.13153 -0.01455
0.14293 -0.016740
0.15415 -0.01881
0.165210 -0.02072
0.17611 -0.02245
0.18688 -0.024
0.19753 -0.02533
0.2080900 -0.02645
0.21856 -0.02735
0.22898 -0.02801
0.23934 -0.02843
0.24966 -0.02862
0.25994 -0.02856
0.27018 -0.02825
0.28036 -0.0277
0.29044 -0.02691
0.30033 -0.02589
0.30988 -0.02465
0.31887 -0.02323
0.32706 -0.02167
0.33427 -0.02001
0.340470 -0.01827
0.34574 -0.01647
0.35019 -0.01464
0.35476 -0.01239
-Inserting Flap s1223rtl-
0.43921 0.07591
0.438870 0.07494
0.43837 0.07354
0.4377 0.07207
0.436790 0.07052
0.43559 0.06880
0.43409 0.06685
0.43226 0.06466
0.43014 0.06225
0.42777 0.05969
0.42524 0.05705
0.42258 0.05437
0.41986 0.05171
0.4171 0.049090
0.4143 0.04651
0.41146 0.043990
0.40858 0.04152
0.40564 0.03909
0.40263 0.03667
0.39954 0.03427
0.39636 0.03185
0.39311 0.02941
0.38979 0.02695
0.38645 0.02449
0.38313 0.02207
0.37987 0.01971
0.37673 0.01747
0.37374 0.0154100
0.37093 0.01356
0.36827 0.01195
0.36573 0.01056
0.36325 0.00938
0.36082 0.00838
0.35842 0.00757
0.356040 0.00693
0.35368 0.00646
0.35136 0.00616
0.3491 0.00601
0.34693 0.006
0.3449 0.00612
0.34306 0.00633
0.341450 0.0066
0.34006 0.00692
0.33887 0.00726
0.33785 0.00762
0.33698 0.00799
0.33623 0.00837
0.33558 0.00875
0.33502 0.00912
0.33454 0.00949
0.33413 0.00987
0.33379 0.01024
0.3335 0.01062
0.33328 0.01101
0.3331500 0.01144
0.33316 0.0119
0.33336 0.01234
0.33368 0.01275
0.3341 0.01314
0.3346 0.01354
0.3352 0.01396
0.33591 0.01443
0.33677 0.01497
0.33784 0.01560
0.33919 0.01635
0.340910 0.01728
0.3431 0.01842
0.34575 0.01974
0.34875 0.02117
0.35202 0.02263
0.35552 0.02413
0.35922 0.02566
0.36304 0.02723
0.36692 0.02881
0.37078 0.03039
0.3746 0.03197
0.378350 0.03354
0.38202 0.03512
0.38561 0.036700
0.38912 0.03831
0.39256 0.03995
0.39592 0.04163
0.39921 0.04335
0.40244 0.04513
0.4056 0.04695
0.4087 0.04884
0.41174 0.05079
0.41472 0.0528
0.41765 0.05488
0.42051 0.057010
0.42329 0.0592
0.42597 0.06141
0.42851 0.06363
0.43086 0.06579
0.43294 0.06783
0.43472 0.06971
0.436190 0.07142
0.43737 0.07297
0.438310 0.074360
0.43921 0.07591
-Inserting Flap s1223rtl-
0.53743 0.17025
0.53715 0.16926
0.53673 0.16783
0.536150 0.16632
0.53533 0.16472
0.53423 0.16294
0.53285 0.1609
0.53115 0.15861
0.529170 0.15608
0.52696 0.15339
0.52458 0.1506
0.52209 0.14778
0.51953 0.14496
0.51692 0.14218
0.51427 0.13945
0.51159 0.13677
0.50886 0.13413
0.506060 0.13153
0.5032 0.12895
0.50025 0.12637
0.497220 0.12377
0.49411 0.12114
0.49094 0.1185
0.48775 0.11585
0.48458 0.11323
0.48147 0.11069
0.47846 0.108270
0.47559 0.10604
0.47289 0.104030
0.47034 0.10227
0.46787 0.100740
0.46547 0.09941
0.4631 0.09828
0.46075 0.09732
0.45841 0.09655
0.45609 0.09594
0.453790 0.0955
0.45154 0.095220
0.44937 0.09509
0.44734 0.09509
0.4455 0.095190
0.44387 0.09537
0.44246 0.09561
0.44125 0.0958800
0.44021 0.09618
0.43932 0.0965
0.43855 0.09683
0.43789 0.09717
0.43731 0.09751
0.43681 0.09786
0.43637 0.09821
0.43601 0.098560
0.435700 0.09892
0.43546 0.0993
0.4353 0.09972
0.43529 0.10018
0.43546 0.10063
0.43575 0.10105
0.43615 0.10147
0.436630 0.10190
0.4372 0.10236
0.437880 0.10287
0.438710 0.10345
0.43974 0.10414
0.44104 0.10497
0.44271 0.106
0.44483 0.10726
0.4474 0.10874
0.45031 0.11034
0.45349 0.11199
0.45690 0.11368
0.4605 0.11543
0.464220 0.11721
0.468 0.119020
0.47177 0.12083
0.47549 0.12262
0.47914 0.12441
0.48271 0.1262
0.4862 0.12799
0.48962 0.1298
0.49295 0.13164
0.49621 0.13351
0.49939 0.13542
0.50251 0.13738
0.50556 0.13938
0.50855 0.14145
0.511470 0.143570
0.51433 0.14575
0.51713 0.148
0.51986 0.15029
0.52251 0.15264
0.52506 0.15501
0.52747 0.15736
0.52968 0.15965
0.53164 0.16182
0.53331 0.1638
0.53468 0.16559
0.53577 0.1672
0.53663 0.16865
0.53743 0.17025
*.*.Setup: s1223rtl.txt as Flap 1, Inverted: y, Scale = 1.0, AoA = -2.0, Reposition from (0,0) = (0, 0)*.*.
*.*.Setup: s1223rtl.txt as Flap 2, Inverted: y, Scale = 0.35, AoA = 31.666666666666668, Reposition from previous T.E. = (-0.06, 0.065), Reposition from (0,0) = (0.9394, 0.0301)*.*.
*.*.Setup: s1223rtl.txt as Flap 3, Inverted: y, Scale = 0.35, AoA = 35.0, Reposition from previous T.E. = (-0.01, 0.065), Reposition from (0,0) = (1.2273, 0.2788)*.*.
*.*.Setup: Scale Ratio = 0.35498*.*.