0.3461 -0.01209
0.34382 -0.0138
0.34049 -0.0163
0.33667 -0.018670
0.33215 -0.02086
0.32672 -0.02299
0.32022 -0.02519
0.3126 -0.027460
0.30396 -0.02976
0.294520 -0.03204
0.28454 -0.03425
0.27426 -0.03636
0.263830 -0.03833
0.25336 -0.04015
0.24289 -0.04179
0.232420 -0.04326
0.221910 -0.044540
0.21133 -0.04565
0.20062 -0.04659
0.18973 -0.0474
0.17862 -0.0481
0.1673 -0.04872
0.15581 -0.0493
0.14426 -0.04984
0.13281 -0.05034
0.12161 -0.050780
0.11086 -0.0511200
0.10073 -0.051290
0.091360 -0.05122
0.08271 -0.05085
0.07466 -0.050140
0.06708 -0.04906
0.0599 -0.04761
0.05307 -0.04578
0.04657 -0.04359
0.04038 -0.04104
0.03452 -0.0381600
0.029050 -0.03501
0.024 -0.03167
0.01948 -0.02826
0.015550 -0.02494
0.01222 -0.02181
0.00948 -0.01893
0.00724 -0.016290
0.00544 -0.01388
0.00399 -0.0116700
0.00283 -0.00964
0.00192 -0.00777
0.0012 -0.00604
0.00066 -0.00443
0.00029 -0.00293
6e-05 -0.00153
-0.000029 -0.00021
8e-05 0.00104
0.00044 0.00225
0.00119 0.003280
0.00231 0.00401
0.00369 0.00445
0.005260 0.00471
0.00704 0.00486
0.009090 0.00492
0.01147 0.00492
0.0143 0.004820
0.01775 0.00463
0.02204 0.00431
0.02747 0.0038
0.0343 0.00305
0.0424900 0.002030
0.05167 0.00069
0.06151 -0.00096
0.07194 -0.00291
0.08289 -0.00506
0.09417 -0.00733
0.10561 -0.00965
0.11703 -0.01195
0.12832 -0.01419
0.13944 -0.016340
0.15039 -0.01835
0.161180 -0.02021
0.17181 -0.02191
0.18232 -0.02341
0.19271 -0.02471
0.2030100 -0.02581
0.21323 -0.02668
0.22339 -0.02732
0.23349 -0.02774
0.24356 -0.02792
0.2536 -0.02786
0.26359 -0.02756
0.27352 -0.02703
0.28335 -0.02626
0.293 -0.02526
0.30231 -0.02405
0.31108 -0.02267
0.31907 -0.02114
0.32611 -0.01952
0.332160 -0.01782
0.3373 -0.01607
0.34164 -0.01429
0.3461 -0.01209
-Inserting Flap s1223rtl-
0.43201 0.06102
0.43162 0.0601
0.43106 0.05876
0.43033 0.05737
0.42935 0.05591
0.42808 0.0543
0.42651 0.05249
0.42461 0.05046
0.4224 0.04824
0.419960 0.04588
0.41733 0.04345
0.4146 0.040990
0.4118 0.03855
0.408960 0.03615
0.40608 0.03381
0.40318 0.03151
0.40023 0.02927
0.39723 0.027060
0.39416 0.02488
0.39102 0.02272
0.38778 0.02054
0.38447 0.01835
0.3811 0.01615
0.37771 0.01394
0.37434 0.01176
0.371040 0.00965
0.367850 0.00765
0.36482 0.005810
0.36198 0.00417
0.3593 0.00276
0.35674 0.00155
0.35426 0.00053
0.35183 -0.0003
0.34945 -0.00095
0.34709 -0.00144
0.34477 -0.00176
0.3425 -0.00193
0.34028 -0.00194
0.33817 -0.00183
0.3362 -0.0016
0.334430 -0.00129
0.33287 -0.00093
0.33153 -0.00054
0.33039 -0.00014
0.32942 0.00027
0.32859 0.00068
0.32788 0.00109
0.32727 0.00149
0.32675 0.00188
0.32631 0.00228
0.32593 0.002660
0.32561 0.00305
0.32536 0.00343
0.32516 0.00383
0.32506 0.00425
0.32510 0.00470
0.32531 0.00512
0.32565 0.00549
0.32608 0.00585
0.32659 0.00621
0.3272 0.00659
0.32792 0.00701
0.32879 0.00748
0.32986 0.00803
0.33122 0.00869
0.33295 0.0095
0.33514 0.010480
0.3378 0.01162
0.34081 0.01284
0.34407 0.01408
0.34757 0.01534
0.35126 0.01662
0.35507 0.01793
0.35893 0.01925
0.36279 0.02057
0.36659 0.02189
0.37033 0.02321
0.374 0.02454
0.37758 0.02588
0.3811 0.02725
0.38454 0.02865
0.38791 0.0301
0.39121 0.03159
0.39445 0.03313
0.39763 0.03473
0.40076 0.03639
0.40383 0.03812
0.406850 0.03991
0.40982 0.04176
0.41273 0.04368
0.41556 0.04565
0.4183 0.04766
0.4209 0.04967
0.4233 0.05164
0.42545 0.05351
0.42729 0.05525
0.42881 0.05683
0.43006 0.05827
0.43105 0.05957
0.43201 0.06102
-Inserting Flap s1223rtl-
0.53871 0.15798
0.538520 0.157
0.53824 0.15557
0.5378 0.15406
0.537140 0.15243
0.53623 0.15061
0.53505 0.14851
0.5336 0.14614
0.53189 0.14352
0.52997 0.14071
0.52789 0.1378
0.52571 0.13484
0.52346 0.13189
0.52117 0.12896
0.518830 0.12608
0.51645 0.12325
0.51401 0.12046
0.51152 0.11769
0.508960 0.11494
0.50631 0.11218
0.50359 0.10939
0.50079 0.10658
0.49793 0.10374
0.49506 0.10089
0.4922 0.098080
0.489390 0.09534
0.48667 0.09274
0.48407 0.09032
0.481620 0.08815
0.47929 0.08621
0.47702 0.08451
0.4748 0.08302
0.47259 0.08172
0.47039 0.08059
0.46818 0.07964
0.46598 0.07885
0.4637800 0.07823
0.46162 0.07777
0.45952 0.07746
0.45755 0.07728
0.45575 0.07723
0.45415 0.07726
0.45276 0.07737
0.45156 0.07753
0.45053 0.07774
0.44963 0.07797
0.44886 0.07823
0.44818 0.07850
0.447590 0.07878
0.44707 0.079070
0.44662 0.07938
0.44624 0.07969
0.44591 0.08001
0.44564 0.080360
0.44545 0.08076
0.4454 0.0812
0.445530 0.08165
0.44578 0.08209
0.44613 0.08253
0.44656 0.08298
0.44707 0.08348
0.4477 0.08404
0.448450 0.08467
0.44939 0.08543
0.4505900 0.08635
0.45212 0.087490
0.454070 0.0889
0.45644 0.09055
0.45914 0.09235
0.46209 0.09423
0.46526 0.09616
0.46861 0.09817
0.47207 0.10022
0.47559 0.10229
0.4791 0.10437
0.48256 0.10643
0.48596 0.10848
0.48928 0.11052
0.49252 0.11256
0.49568 0.11461
0.49877 0.11668
0.50177 0.11877
0.50471 0.1209
0.507570 0.12307
0.51036 0.12528
0.51309 0.127540
0.515750 0.12985
0.51835 0.13222
0.52088 0.13463
0.52334 0.1371
0.525710 0.1396
0.52799 0.14212
0.530130 0.14461
0.53208 0.14703
0.53381 0.1493
0.535260 0.15137
0.53643 0.15323
0.53736 0.15489
0.53807 0.15636
0.53871 0.15798
*.*.Setup: s1223rtl.txt as Flap 1, Inverted: y, Scale = 1.0, AoA = -2.0, Reposition from (0,0) = (0, 0)*.*.
*.*.Setup: s1223rtl.txt as Flap 2, Inverted: y, Scale = 0.35, AoA = 28.333333333333332, Reposition from previous T.E. = (-0.06, 0.045), Reposition from (0,0) = (0.9394, 0.0101)*.*.
*.*.Setup: s1223rtl.txt as Flap 3, Inverted: y, Scale = 0.35, AoA = 40.0, Reposition from previous T.E. = (0.04, 0.055), Reposition from (0,0) = (1.2875, 0.2312)*.*.
*.*.Setup: Scale Ratio = 0.34631*.*.