0.3590400000 -0.01764
0.35828 -0.01841
0.35677 -0.01989
0.35451 -0.02207
0.35165 -0.02479
0.34833 -0.02786
0.34471 -0.03108
0.34094 -0.03426
0.33714 -0.03723
0.333340 -0.03998
0.32955 -0.04256
0.32575 -0.04499
0.32195 -0.04729
0.31815 -0.0495
0.31435 -0.05163
0.31056 -0.05368
0.30676 -0.05565
0.30296 -0.05755
0.29916 -0.05938
0.29536 -0.06115
0.29157 -0.06286
0.28777 -0.0645
0.28397 -0.06609
0.28017 -0.06763
0.27637 -0.069110
0.27258 -0.07054
0.268780 -0.0719
0.26498 -0.0732
0.26118 -0.07443
0.25738 -0.07561
0.25358 -0.07674
0.24979 -0.07783
0.245990 -0.07889
0.24219 -0.07992
0.23839 -0.080930
0.23459 -0.08189
0.2308 -0.08282
0.227 -0.08371
0.22320 -0.08454
0.2194 -0.085320
0.2156 -0.08606
0.21181 -0.08675
0.20801 -0.0874
0.20421 -0.088
0.20041 -0.08857
0.19661 -0.08909
0.19282 -0.08958
0.18902 -0.09003
0.18522 -0.09044
0.18142 -0.09082
0.17762 -0.09116
0.17383 -0.09146
0.17003 -0.09172
0.16623 -0.09193
0.16243 -0.09209
0.15863 -0.09221
0.15483 -0.09228
0.15104 -0.09231
0.14724 -0.09229
0.14344 -0.09222
0.13964 -0.09211
0.135840 -0.09195
0.13205 -0.09173
0.12825 -0.09147
0.12445 -0.09116
0.12065 -0.09081
0.11685 -0.09042
0.113060 -0.08999
0.10926 -0.08952
0.10546 -0.08901
0.10166 -0.08845
0.09786 -0.087820
0.09407 -0.087110
0.090270 -0.08632
0.08647 -0.08544
0.08267 -0.08447
0.07887 -0.08341
0.07508 -0.08227
0.07128 -0.08104
0.06748 -0.07971
0.06368 -0.07827
0.05988 -0.07669
0.05608 -0.0749700
0.05229 -0.07309
0.04849 -0.0710500
0.04469 -0.068870
0.04089 -0.06653
0.03709 -0.06406
0.0333 -0.06143
0.0295 -0.05858
0.02570 -0.05545
0.0219 -0.051950
0.0181 -0.04801
0.01433 -0.04359
0.01071 -0.03883
0.00739 -0.03389
0.00453 -0.02895
0.00228 -0.02417
0.00076 -0.01971
0.000000 -0.01221
0.00076 -0.00937
0.00228 -0.00727
0.00453 -0.00597
0.00739 -0.00537
0.01071 -0.00534
0.01433 -0.00573
0.0181 -0.00642
0.0219 -0.00728
0.02570 -0.00827
0.0295 -0.00941
0.0333 -0.01067
0.03709 -0.01205
0.04089 -0.01354
0.04469 -0.01512
0.04849 -0.01679
0.05229 -0.01853
0.05608 -0.02033
0.05988 -0.02216
0.06368 -0.02403
0.06748 -0.02591
0.07128 -0.0278
0.07508 -0.02969
0.07887 -0.03156
0.08267 -0.03342
0.08647 -0.03525
0.090270 -0.03706
0.09407 -0.03883
0.09786 -0.04057
0.10166 -0.04228
0.10546 -0.04395
0.10926 -0.04558
0.113060 -0.04716
0.11685 -0.04871
0.12065 -0.050210
0.12445 -0.05167
0.12825 -0.05308
0.13205 -0.054440
0.135840 -0.0557600
0.13964 -0.05703
0.14344 -0.05825
0.14724 -0.05942
0.15104 -0.06053
0.15483 -0.0616
0.15863 -0.0626
0.16243 -0.06356
0.16623 -0.06445
0.17003 -0.06529
0.17383 -0.06606
0.17762 -0.06678
0.18142 -0.067450
0.18522 -0.068060
0.18902 -0.06864
0.19282 -0.06917
0.19661 -0.069650
0.20041 -0.07008
0.20421 -0.07045
0.20801 -0.07076
0.21181 -0.07099
0.2156 -0.07115
0.2194 -0.07124
0.22320 -0.07126
0.227 -0.07121
0.2308 -0.0711
0.23459 -0.07092
0.23839 -0.070660
0.24219 -0.07034
0.245990 -0.06993
0.24979 -0.06945
0.25358 -0.0689
0.25738 -0.06826
0.26118 -0.06754
0.26498 -0.06673
0.268780 -0.06584
0.27258 -0.06486
0.27637 -0.06379
0.28017 -0.06262
0.28397 -0.06136
0.28777 -0.05999
0.29157 -0.05852
0.29536 -0.05696
0.29916 -0.05532
0.30296 -0.05359
0.30676 -0.05178
0.31056 -0.04990
0.31435 -0.04794
0.31815 -0.04592
0.32195 -0.04382
0.32575 -0.04164
0.32955 -0.03938
0.333340 -0.03701
0.33714 -0.03451
0.34094 -0.031860
0.34471 -0.02907
0.34833 -0.02628
0.35165 -0.02363
0.35451 -0.0213
0.35677 -0.019440
0.35828 -0.01818
0.3590400000 -0.01764
-Inserting Flap Ga2-
0.43425 0.0404
0.43422 0.04019
0.43414 0.03977
0.43402 0.03916
0.43386 0.03838
0.43367 0.03750
0.43345 0.03656
0.43319 0.03560
0.43291 0.03468
0.4326 0.033790
0.43228 0.03294
0.431930 0.0321
0.43158 0.03129
0.43121 0.03049
0.43083 0.02971
0.43044 0.028940
0.43005 0.02818
0.42964 0.02743
0.42923 0.02669
0.428810 0.02597
0.42838 0.02525
0.42795 0.02455
0.42751 0.02385
0.42707 0.02316
0.42661 0.02249
0.42615 0.02182
0.42569 0.02116
0.42522 0.02051
0.42473 0.01987
0.42425 0.01924
0.42375 0.01862
0.42326 0.01801
0.42276 0.0174
0.42225 0.01679
0.42175 0.01619
0.421230 0.0156
0.42072 0.01501
0.4202 0.01443
0.41967 0.01386
0.41914 0.01329
0.4186 0.01274
0.41806 0.01219
0.41751 0.01165
0.41696 0.01111
0.4164 0.01058
0.41584 0.01006
0.41527 0.00955
0.4147 0.00904
0.41413 0.008530
0.4135500 0.00804
0.41296 0.00755
0.41238 0.00706
0.41178 0.00658
0.411190 0.00611
0.41058 0.00565
0.40997 0.0052
0.40936 0.00475
0.40874 0.00431
0.408120 0.00388
0.40749 0.003450
0.40685 0.00303
0.40621 0.00262
0.40556 0.00222
0.40491 0.00183
0.40425 0.00145
0.40359 0.00107
0.40292 0.00070
0.40225 0.00033
0.40158 -0.000079
0.400890 -0.000380
0.40021 -0.00072
0.39951 -0.00106
0.39881 -0.00138
0.3981 -0.00168
0.39737 -0.00197
0.396640 -0.00225
0.39590 -0.00251
0.39514 -0.00276
0.39438 -0.003
0.39361 -0.00321
0.39282 -0.00341
0.39201 -0.00359
0.39119 -0.00374
0.39036 -0.00387
0.3895 -0.00397
0.38863 -0.00405
0.38774 -0.0041
0.38683 -0.00413
0.38591 -0.004140
0.38496 -0.00411
0.38398 -0.00403
0.38295 -0.00389
0.3818800 -0.00368
0.38076 -0.00339
0.37962 -0.00303
0.37851 -0.0026
0.37747 -0.00212
0.37655 -0.001590
0.37579 -0.00104
0.37481 0.0001
0.374610 0.00066
0.37461 0.00118
0.37483 0.00165
0.37523 0.00207
0.37577 0.00246
0.37641 0.00281
0.37711 0.00313
0.37783 0.00342
0.37857 0.0037
0.37932 0.00395
0.38008 0.00418
0.38087 0.00439
0.38166 0.00458
0.38246 0.00475
0.38328 0.004920
0.38410 0.005070
0.38493 0.00521
0.38576 0.00534
0.3866 0.00547
0.38743 0.0056
0.38827 0.00573
0.38911 0.0058500
0.38995 0.00598
0.3907800 0.00611
0.39162 0.00625
0.39245 0.00639
0.39327 0.00653
0.39409 0.00668
0.39491 0.006840
0.39573 0.007
0.39653 0.00717
0.39734 0.00735
0.39814 0.00753
0.39893 0.00772
0.39972 0.00792
0.40051 0.00812
0.40128 0.00833
0.40206 0.00855
0.40283 0.00878
0.40359 0.00902
0.40434 0.00926
0.40509 0.00951
0.405840 0.00977
0.40658 0.01005
0.40731 0.01033
0.40803 0.01061
0.40875 0.01091
0.40946 0.01122
0.41017 0.011540
0.41087 0.011870
0.41156 0.0122
0.41225 0.01254
0.412930 0.01289
0.41361 0.01325
0.41428 0.01361
0.41494 0.013990
0.41560 0.01437
0.41625 0.01477
0.41689 0.01518
0.41752 0.0156
0.41815 0.01603
0.41876 0.01648
0.41937 0.01693
0.41998 0.0174
0.42057 0.01787
0.42115 0.01836
0.42173 0.01887
0.4223 0.01938
0.42285 0.01991
0.4234 0.020450
0.42394 0.021
0.42447 0.02157
0.42499 0.02215
0.4255 0.02275
0.426 0.02336
0.42649 0.02398
0.42697 0.02463
0.42743 0.02529
0.42789 0.02596
0.42833 0.02666
0.42876 0.02736
0.429190 0.02808
0.4296 0.02881
0.43001 0.02955
0.43041 0.03031
0.4308 0.03108
0.43118 0.03186
0.43155 0.03265
0.43191 0.03346
0.43226 0.03428
0.4326 0.03513
0.43292 0.036
0.43322 0.03689
0.43349 0.03776
0.43373 0.03857
0.43393 0.039280
0.43408000 0.039850
0.43419 0.04023
0.43425 0.0404
-Inserting Flap Ga2-
0.49748 0.11648
0.49749 0.116270
0.49753 0.11584
0.49757 0.11522
0.49762 0.11443
0.497660 0.11353
0.49769 0.112560
0.49769 0.11157
0.49766 0.110610
0.49759 0.10967
0.4975 0.10876
0.49738 0.10786
0.49725 0.10699
0.4971 0.106120
0.49694 0.10526
0.49676 0.10442
0.496580 0.10358
0.49638 0.10276
0.49617 0.101940
0.49595 0.10113
0.49573 0.10033
0.49549 0.09954
0.49525 0.09875
0.49499 0.09797
0.49473 0.0972
0.49446 0.09643
0.49418 0.09568
0.49389 0.09493
0.4936 0.09419
0.493290 0.09345
0.49297 0.09273
0.49265 0.092
0.49232 0.09129
0.49199 0.09057
0.49166 0.08986
0.491320 0.08915
0.49097 0.08845
0.49062 0.08776
0.49026 0.08707
0.48989 0.08639
0.48952 0.08571
0.48913 0.08504
0.48875 0.08437
0.48835 0.08371
0.48795 0.08306
0.48754 0.08241
0.487130 0.08176
0.48671 0.08113
0.48628 0.08049
0.48585 0.07986
0.48542 0.07923
0.48497 0.07861
0.48452 0.078
0.48407 0.07739
0.48361 0.07679
0.48314 0.07619
0.48266 0.0756
0.48217 0.07501
0.48168 0.07443
0.48118 0.07386
0.48068 0.07329
0.48017 0.07273
0.47964 0.07218
0.47912 0.07163
0.47858 0.07109
0.47804 0.07055
0.47749 0.07002
0.47694 0.06949
0.47638 0.06897
0.47581 0.06845
0.475230 0.06794
0.47465 0.06744
0.474050 0.06695
0.47344 0.06647
0.47282 0.066
0.47218 0.06555
0.47153 0.0651
0.47087 0.06467
0.470190 0.06424
0.4695 0.06383
0.46879 0.06343
0.46806 0.063060
0.46731 0.06269
0.46653 0.06235
0.46573 0.06203
0.46491 0.06173
0.4640700 0.06145
0.4632 0.06119
0.46231 0.060940
0.46138 0.06073
0.460410 0.06055
0.45939 0.06042
0.4583 0.06034
0.45714 0.06033
0.45594 0.06039
0.45476 0.06052
0.45363 0.06071
0.45261 0.06098
0.45173 0.06132
0.45049 0.06217
0.45015 0.06265
0.45002 0.06315
0.45011 0.06367
0.45039 0.06418
0.450810 0.06469
0.45134 0.0652
0.45193 0.06569
0.45254 0.06616
0.4531900 0.066610
0.45385 0.06705
0.45453 0.06747
0.455230 0.06787
0.45595 0.06826
0.45668 0.06864
0.45742 0.06901
0.45818 0.06937
0.45894 0.069720
0.45971 0.07007
0.46048 0.07041
0.46126 0.07075
0.46204 0.07109
0.46281 0.07143
0.46359 0.071770
0.46436 0.07211
0.46513 0.07246
0.4659 0.07281
0.46666 0.073160
0.46741 0.07352
0.46816 0.07388
0.46891 0.07425
0.46964 0.07462
0.47037 0.075
0.4711 0.07538
0.47182 0.07577
0.47253 0.07616
0.47323 0.07657
0.47393 0.07697
0.4746200 0.07738
0.4753 0.0778
0.47598 0.07823
0.47665 0.078660
0.47731 0.0791
0.47796 0.07954
0.4786 0.08
0.47923 0.080450
0.47986 0.08092
0.48048 0.0814
0.48108 0.08188
0.48168 0.08237
0.48227 0.08286
0.482850 0.08337
0.48343 0.08387
0.484 0.08439
0.48456 0.08491
0.485120 0.08544
0.48566 0.08597
0.4862 0.08651
0.48672 0.08706
0.48723 0.08763
0.48773 0.08820
0.48823 0.08877
0.48871 0.089360
0.48918 0.08996
0.48964 0.09056
0.49009 0.091180
0.49053 0.0918
0.49095 0.09244
0.49137 0.09308
0.49177 0.09373
0.492160 0.0944
0.49254 0.09507
0.4929 0.09576
0.49326 0.09645
0.49359 0.09716
0.49392 0.09788
0.49423 0.09861
0.49452 0.099360
0.4948 0.10012
0.49506 0.10089
0.495310 0.10167
0.49555 0.10246
0.495770 0.10327
0.49598 0.10408
0.49618 0.1049
0.49637 0.10574
0.49655 0.10658
0.496720 0.10743
0.49687 0.10829
0.49701 0.10917
0.49714 0.11005
0.49724 0.11096
0.49733 0.11188
0.49738 0.112820
0.49742 0.11373
0.49744 0.11458
0.497450 0.11532
0.49746 0.1159
0.497460 0.11629
0.49748 0.11648
*.*.Setup: Ga2.txt as Flap 1, Inverted: y, Scale = 1.0, AoA = 0.0, Reposition from (0,0) = (0, 0)*.*.
*.*.Setup: Ga2.txt as Flap 2, Inverted: y, Scale = 0.2, AoA = 35.0, Reposition from previous T.E. = (0.04, 0.055), Reposition from (0,0) = (1.04, 0.0059)*.*.
*.*.Setup: Ga2.txt as Flap 3, Inverted: y, Scale = 0.2, AoA = 50.0, Reposition from previous T.E. = (0.04, 0.065), Reposition from (0,0) = (1.2495, 0.1775)*.*.
*.*.Setup: Scale Ratio = 0.35904*.*.