0.32871 0.01148
0.32666 0.0097
0.32367 0.00712
0.32021 0.00461
0.31607 0.00224
0.31107 -0.00014
0.30506 -0.00265
0.29799 -0.005310
0.28995 -0.00806
0.28116 -0.01084
0.27186 -0.01360
0.26225 -0.01628
0.2525 -0.01884
0.2427 -0.02125
0.23289 -0.0235
0.22307 -0.02559
0.213200 -0.0275
0.20325 -0.02925
0.19316 -0.03085
0.1829 -0.03234
0.17242 -0.03374
0.16173 -0.03508
0.15089 -0.03638
0.13998 -0.03766
0.12916 -0.0389
0.11858 -0.04006
0.10842 -0.04108
0.0988400 -0.04192
0.08995 -0.04248
0.08173 -0.0427
0.07405 -0.04256
0.0668 -0.04204
0.05991 -0.04114
0.0533200 -0.03986
0.04701 -0.03821
0.04097 -0.03621
0.03524 -0.03387
0.02984 -0.03125
0.02484 -0.02841
0.02033 -0.02549
0.01638 -0.0226
0.0130200 -0.01985
0.01023 -0.0173
0.00794 -0.01495
0.00608 -0.01279
0.00456 -0.01079
0.00332 -0.00895
0.00233 -0.00724
0.00154 -0.00564
0.00092 -0.00416
0.00047 -0.00276
0.00016 -0.00144
0.000013 -0.0002
0.000035 0.00099
0.00027 0.00216
0.00091 0.00319
0.00193 0.00395
0.00320 0.00446
0.00467 0.00481
0.006350 0.00507
0.00828 0.00527
0.01054 0.00542
0.01323 0.00552
0.01651 0.00556
0.020590 0.00554
0.02577 0.00542
0.0323 0.00516
0.04012 0.00473
0.04891 0.00408
0.05834 0.00316
0.06836 0.00201
0.07887 0.0007
0.08971 -0.00071
0.1007 -0.00215
0.11167 -0.00357
0.12251 -0.004950
0.13319 -0.00624
0.1437 -0.00742
0.15404 -0.008470
0.164230 -0.00937
0.17429 -0.0101
0.18422 -0.01065
0.19405 -0.011
0.20379 -0.01115
0.21345 -0.01109
0.22306 -0.01081
0.23261 -0.01031
0.24211 -0.00959
0.25156 -0.0086500
0.26093 -0.00749
0.27019 -0.00610
0.27927 -0.00452
0.28801 -0.00276
0.29623 -0.00086
0.3037 0.00111
0.31026 0.00311
0.31588 0.00512
0.32063 0.00712
0.32463 0.00910
0.32871 0.01148
-Inserting Flap s1223rtl-
0.43984 0.09329
0.439530 0.0924
0.43907 0.09109
0.43845 0.08973
0.43760 0.08829
0.43649 0.0867
0.4351 0.08490
0.43341 0.08287
0.43144 0.08064
0.42925 0.07827
0.4269 0.07582
0.42444 0.07334
0.42192 0.07087
0.41936 0.06844
0.41676 0.06605
0.41414 0.06372
0.41147 0.06143
0.40874 0.05917
0.40595 0.056940
0.40309 0.05471
0.40015 0.05247
0.39713 0.05021
0.39406 0.04793
0.39096 0.04565
0.38788 0.04340
0.38487 0.04122
0.38195 0.03914
0.37918 0.03723
0.37658 0.03552
0.37412 0.03403
0.37176 0.03274
0.36946 0.03165
0.36721 0.03072
0.36498 0.02997
0.362780 0.02938
0.3606 0.02894
0.35845 0.02866
0.35635 0.02852
0.35434 0.02852
0.35246 0.02863
0.35076 0.02882
0.349270 0.02908
0.34797 0.029370
0.34687 0.02969
0.34593 0.03002
0.34512 0.030360
0.34443 0.03071
0.34383 0.03106
0.34331 0.031410
0.34287 0.03175
0.34248 0.0321
0.34216 0.03245
0.3419 0.0328
0.3417 0.03316
0.3415700 0.03356
0.34159 0.03398
0.34177 0.03439
0.34207 0.03477
0.34245 0.03513
0.34292 0.0355
0.34347 0.03589
0.34413 0.036330
0.34493 0.036830
0.34592 0.03741
0.34717 0.03811
0.348770 0.03897
0.35079 0.04002
0.35325 0.04125
0.35603 0.042570
0.35906 0.04393
0.3623 0.04531
0.36573 0.04673
0.36927 0.04818
0.37286 0.04965
0.37645 0.05112
0.37998 0.05258
0.383450 0.05403
0.38685 0.05549
0.39018 0.05697
0.39344 0.05846
0.39662 0.05998
0.39973 0.06153
0.40278 0.06313
0.40577 0.06477
0.4087 0.06646
0.41157 0.06821
0.41439 0.07002
0.41716 0.07188
0.41987 0.07381
0.42252 0.07578
0.42509 0.07781
0.42758 0.07986
0.42993 0.08191
0.43211 0.08391
0.43404 0.08581
0.43568 0.087550
0.437040 0.08914
0.43814 0.09057
0.439010 0.09186
0.43984 0.09329
-Inserting Flap s1223rtl-
0.5473 0.17412
0.54704 0.17321
0.54665 0.17188
0.546110 0.17049
0.54535 0.169
0.54434 0.16735
0.54305 0.16547
0.54148 0.16334
0.539650 0.161
0.5376 0.15851
0.53539 0.15592
0.53308 0.15331
0.53071 0.1507
0.52829 0.14812
0.52584 0.145590
0.52335 0.1431
0.52082 0.14066
0.518240 0.13825
0.51558 0.13586
0.51285 0.133460
0.510040 0.13106
0.50716 0.12863
0.50423 0.12618
0.50127 0.12372
0.49833 0.1213
0.49544 0.11894
0.49266 0.1167
0.49 0.11463
0.4875 0.11277
0.48513 0.11114
0.48285 0.10972
0.48062 0.10849
0.47843 0.10744
0.47625 0.10656
0.47408 0.10584
0.47193 0.10528
0.46980 0.10487
0.46771 0.10461
0.46571 0.10449
0.46383 0.10449
0.46212 0.10458
0.46061 0.10475
0.4593 0.104960
0.45818 0.10522
0.45722 0.1055
0.45639 0.105790
0.45568 0.1061
0.45506 0.10641
0.45453 0.10673
0.45406 0.10705
0.45366 0.107370
0.45332 0.1077
0.4530400 0.10804
0.45281 0.10839
0.45267 0.10878
0.45266 0.1092
0.45281 0.10962
0.45309 0.11001
0.45345 0.1104
0.45390 0.11079
0.45443 0.11122
0.455060 0.11169
0.455830 0.11223
0.45678 0.11287
0.45799 0.113640
0.45953 0.1146
0.4615 0.11577
0.46388 0.11713
0.46658 0.11861
0.46952 0.12014
0.472680 0.12171
0.47602 0.12333
0.479470 0.12499
0.48297 0.12666
0.48646 0.12833
0.4899 0.129990
0.49329 0.13165
0.4966 0.13331
0.49983 0.13497
0.50299 0.13665
0.50608 0.13835
0.5091 0.14008
0.51206 0.14185
0.51494 0.1436700
0.51777 0.14553
0.52054 0.147440
0.523240 0.14941
0.5259 0.15143
0.52849 0.15351
0.53102 0.15564
0.53348 0.15781
0.53584 0.160
0.53807 0.1621800
0.54012 0.16431
0.54194 0.16631
0.54348 0.16815
0.54475 0.16981
0.54576 0.1713
0.54655 0.17264
0.5473 0.17412
*.*.Setup: s1223rtl.txt as Flap 1, Inverted: y, Scale = 1.0, AoA = 2.0, Reposition from (0,0) = (0, 0)*.*.
*.*.Setup: s1223rtl.txt as Flap 2, Inverted: y, Scale = 0.35, AoA = 31.666666666666668, Reposition from previous T.E. = (0.04, 0.065), Reposition from (0,0) = (1.0394, 0.0999)*.*.
*.*.Setup: s1223rtl.txt as Flap 3, Inverted: y, Scale = 0.35, AoA = 35.0, Reposition from previous T.E. = (0.04, 0.045), Reposition from (0,0) = (1.3773, 0.3286)*.*.
*.*.Setup: Scale Ratio = 0.32891*.*.