0.35102 0.01226
0.34883 0.01036
0.34564 0.0076
0.34195 0.00493
0.33752 0.0024
0.33218 -0.00015
0.32577 -0.00283
0.31822 -0.005670
0.30963 -0.0086
0.30024 -0.01158
0.29031 -0.014520
0.28005 -0.01738
0.26964 -0.02012
0.25918 -0.0227
0.2487 -0.0251
0.23821 -0.02732
0.2276700 -0.02936
0.21704 -0.03123
0.20628 -0.03295
0.19531 -0.03454
0.18412 -0.03603
0.17271 -0.03746
0.16113 -0.03885
0.14948 -0.04022
0.13793 -0.04154
0.12663 -0.04278
0.11577 -0.04387
0.1055500 -0.04476
0.09606 -0.04536
0.08728 -0.0456
0.07908 -0.04545
0.07134 -0.04489
0.06397 -0.04393
0.0569300 -0.04257
0.0502 -0.04081
0.04376 -0.03866
0.03763 -0.03617
0.03186 -0.03337
0.02653 -0.03034
0.02171 -0.02722
0.01749 -0.02413
0.0139100 -0.0212
0.01093 -0.01848
0.00848 -0.01597
0.00649 -0.01366
0.00487 -0.01153
0.00355 -0.00955
0.00249 -0.00773
0.00164 -0.00603
0.00099 -0.00444
0.0005 -0.00295
0.00017 -0.00154
0.000013 -0.00021
0.000035 0.00106
0.00028 0.00231
0.00097 0.00341
0.00206 0.00422
0.003420 0.00476
0.00499 0.00514
0.006780 0.00542
0.00885 0.00563
0.01126 0.00578
0.01413 0.00589
0.01763 0.00594
0.021990 0.00592
0.02752 0.00579
0.03449 0.00551
0.04285 0.00506
0.05223 0.00436
0.0623 0.00338
0.07299 0.00215
0.08422 0.00074
0.0958 -0.00075
0.10754 -0.00229
0.11925 -0.00382
0.13083 -0.005280
0.14223 -0.00666
0.15345 -0.00793
0.1645 -0.009050
0.175380 -0.01001
0.18611 -0.01079
0.19672 -0.01137
0.20722 -0.01175
0.21762 -0.01191
0.22794 -0.01184
0.2382 -0.01154
0.2484 -0.01101
0.25854 -0.01024
0.26863 -0.0092400
0.27864 -0.00799
0.28853 -0.006520
0.29822 -0.00483
0.30756 -0.00295
0.31634 -0.00092
0.32432 0.00118
0.33132 0.00332
0.33732 0.00547
0.3424 0.00761
0.34666 0.009720
0.35102 0.01226
-Inserting Flap s1223rtl-
0.46478 0.08002
0.46433 0.07911
0.46368 0.07778
0.46285 0.07641
0.46178 0.07499
0.4604 0.07344
0.4587 0.0717
0.45666 0.06976
0.45429 0.06764
0.451680 0.065390
0.44888 0.06309
0.44597 0.06076
0.44299 0.05846
0.43997 0.0562
0.43692 0.05399
0.43384 0.05184
0.43073 0.04974
0.42756 0.047680
0.42432 0.04566
0.42101 0.04365
0.41761 0.041640
0.41413 0.03961
0.41059 0.03758
0.40702 0.035550
0.40348 0.0335400
0.40001 0.0316
0.39666 0.02976
0.39349 0.02808
0.39051 0.02659
0.38772 0.02531
0.38505 0.02424
0.382480 0.02336
0.37998 0.02266
0.37753 0.02214
0.37511 0.02178
0.37275 0.021590
0.37043 0.02156
0.36819 0.0216700
0.36606 0.02192
0.36408 0.02226
0.3623 0.02268
0.360740 0.02314
0.35941 0.02361
0.35828 0.02408
0.35732 0.02455
0.35651 0.02502
0.35581 0.02547
0.35522 0.025910
0.35472 0.026350
0.354290 0.02677
0.35393 0.02718
0.35363 0.02759
0.35339 0.028
0.35322 0.02841
0.35314 0.02885
0.353210 0.0292900
0.35345 0.0297
0.35381 0.03006
0.35427 0.0304
0.354810 0.03074
0.35544 0.03109
0.35620 0.03147
0.35711 0.03189
0.35823 0.03239
0.35964 0.03298
0.36144 0.03369
0.36372 0.03456
0.36647 0.03555
0.36959 0.036610
0.37297 0.03767
0.37658 0.03874
0.38039 0.03982
0.38433 0.04092
0.38832 0.04203
0.3923 0.04314
0.39623 0.04425
0.4001 0.04537
0.40388 0.0465
0.4076 0.047640
0.41123 0.04882
0.4148 0.05004
0.4183 0.0513
0.42173 0.05262
0.42510 0.05399
0.42842 0.055420
0.43168 0.05692
0.4349 0.05848
0.43806 0.06012
0.44117 0.061820
0.44423 0.06359
0.447210 0.06542
0.4501 0.06729
0.45285 0.06917
0.4554 0.07103
0.45769 0.0728
0.45965 0.07444
0.46129 0.07596
0.46263 0.07734
0.46372 0.0786
0.46478 0.08002
-Inserting Flap s1223rtl-
0.5444 0.17336
0.54412 0.17238
0.54371 0.17097
0.54314 0.16948
0.54232 0.16789
0.54124 0.16613
0.53986 0.16411
0.53819 0.16184
0.53623 0.15934
0.534040 0.15668
0.53169 0.15392
0.52922 0.15113
0.52669 0.14834
0.52411 0.14559
0.52149 0.14289
0.51883 0.14023
0.516130 0.137630
0.51336 0.13505
0.51053 0.1325
0.50762 0.12994
0.50462 0.12737
0.50154 0.12477
0.49840 0.12216
0.49525 0.11954
0.49211 0.11695
0.48903 0.11443
0.48605 0.11204
0.48322 0.10983
0.48055 0.10784
0.47801 0.1061
0.47558 0.10458
0.4732 0.10327
0.47085 0.10215
0.46853 0.10121
0.46621 0.10044
0.46392 0.099840
0.46164 0.0994
0.45941 0.09913
0.4572700 0.099
0.45526 0.099
0.45344 0.0991
0.45182 0.09928
0.45043 0.09951
0.44924 0.09978
0.4482100 0.10007
0.44733 0.10039
0.44656 0.10072
0.4459 0.10105
0.445330 0.101390
0.44484 0.10173
0.44441 0.10208
0.44405 0.10243
0.44374 0.10279
0.443500 0.10316
0.44335 0.10358
0.44334 0.10403
0.4435 0.10448
0.4438 0.10490
0.44419 0.10531
0.44466 0.10573
0.44523 0.10618
0.4459 0.10669
0.44673 0.10727
0.44774 0.10795
0.44903 0.10878
0.45068 0.10979
0.45277 0.11104
0.455310 0.1125
0.4582 0.11408
0.4613500 0.11572
0.46472 0.11739
0.46828 0.11912
0.47196 0.12089
0.4757 0.12267
0.47943 0.12446
0.48311 0.12623
0.48672 0.128
0.49026 0.12977
0.49371 0.13155
0.49709 0.13334
0.500390 0.13516
0.50361 0.137010
0.50677 0.1389
0.50985 0.14084
0.51287 0.142820
0.51582 0.14486
0.51871 0.14696
0.52155 0.14912
0.524310 0.15134
0.52702 0.15362
0.52964 0.15593
0.53216 0.15828
0.53454 0.16061
0.53673 0.162880
0.53867 0.165020
0.54032 0.16698
0.54167 0.16875
0.54276 0.17035
0.54361 0.17178
0.5444 0.17336
*.*.Setup: s1223rtl.txt as Flap 1, Inverted: y, Scale = 1.0, AoA = 2.0, Reposition from (0,0) = (0, 0)*.*.
*.*.Setup: s1223rtl.txt as Flap 2, Inverted: y, Scale = 0.35, AoA = 25.0, Reposition from previous T.E. = (0.0067, 0.045), Reposition from (0,0) = (1.0061, 0.0799)*.*.
*.*.Setup: s1223rtl.txt as Flap 3, Inverted: y, Scale = 0.35, AoA = 35.0, Reposition from previous T.E. = (-0.06, 0.065), Reposition from (0,0) = (1.2633, 0.2928)*.*.
*.*.Setup: Scale Ratio = 0.35123*.*.