0.34237 -0.01196
0.34011 -0.01365
0.33682 -0.01612
0.33304 -0.018470
0.32856 -0.02063
0.3232 -0.02275
0.31677 -0.02492
0.30923 -0.027160
0.30068 -0.02944
0.291340 -0.03169
0.28147 -0.03388
0.2713 -0.03597
0.260990 -0.03792
0.25063 -0.03972
0.24027 -0.04134
0.229910 -0.04279
0.219520 -0.044060
0.20905 -0.04515
0.19846 -0.04609
0.18768 -0.04689
0.17669 -0.04758
0.16549 -0.0482
0.15413 -0.04877
0.14271 -0.0493
0.13137 -0.0498
0.1203 -0.050240
0.10966 -0.0505600
0.09965 -0.050730
0.090380 -0.05067
0.08182 -0.0503
0.07385 -0.04960
0.06635 -0.04853
0.05925 -0.04709
0.0525 -0.04529
0.04606 -0.04312
0.03994 -0.0406
0.03415 -0.0377500
0.028730 -0.03463
0.02374 -0.03133
0.01927 -0.02796
0.015380 -0.02467
0.01209 -0.02157
0.00938 -0.01872
0.00717 -0.016110
0.00538 -0.01373
0.00395 -0.0115400
0.0028 -0.00954
0.0019 -0.00769
0.00119 -0.00598
0.00066 -0.00439
0.00029 -0.0029
6e-05 -0.00151
-0.000029 -0.00021
8e-05 0.00103
0.00043 0.00222
0.00117 0.003250
0.00229 0.00396
0.00365 0.0044
0.00520 0.00466
0.00697 0.00481
0.008990 0.00487
0.01135 0.00486
0.01415 0.004770
0.01755 0.00458
0.0218 0.00426
0.02717 0.00376
0.03393 0.00302
0.0420300 0.0020
0.05111 0.00068
0.06085 -0.00095
0.07117 -0.00288
0.08199 -0.00501
0.09316 -0.00725
0.10447 -0.00955
0.11577 -0.01183
0.12693 -0.01404
0.13793 -0.016160
0.14877 -0.01815
0.159440 -0.02
0.16996 -0.02167
0.18035 -0.02316
0.19063 -0.02445
0.2008200 -0.02553
0.21093 -0.02639
0.22097 -0.02703
0.23097 -0.02744
0.24093 -0.02762
0.25086 -0.02756
0.26074 -0.02726
0.27057 -0.02674
0.28029 -0.02597
0.28983 -0.02499
0.29905 -0.02379
0.30773 -0.02242
0.31563 -0.02091
0.32259 -0.01931
0.328580 -0.01763
0.33366 -0.01589
0.33795 -0.01413
0.34237 -0.01196
-Inserting Flap s1223rtl-
0.42735 0.06379
0.42697 0.06288
0.42641 0.06155
0.42568 0.06017
0.42471 0.05873
0.42346 0.05714
0.42191 0.05535
0.42003 0.05334
0.41785 0.05114
0.415420 0.04881
0.41283 0.0464
0.41012 0.043980
0.40735 0.04156
0.404540 0.03919
0.4017 0.03687
0.39883 0.0346
0.39591 0.03238
0.39294 0.03020
0.38991 0.02804
0.3868 0.0259
0.3836 0.02374
0.38032 0.02158
0.37699 0.0194
0.37363 0.01722
0.3703 0.01506
0.367030 0.01297
0.363880 0.01099
0.36088 0.009170
0.35807 0.00756
0.35542 0.00615
0.35289 0.00496
0.35043 0.00395
0.34804 0.00313
0.34568 0.00248
0.34335 0.002
0.34105 0.00168
0.3388 0.00152
0.33661 0.0015
0.33452 0.00162
0.33257 0.00185
0.330820 0.00215
0.32928 0.00251
0.32795 0.00289
0.32682 0.00328
0.32586 0.00369
0.32504 0.0041
0.32434 0.0045
0.32374 0.0049
0.32323 0.00529
0.32278 0.00568
0.32241 0.006060
0.3221 0.00644
0.32184 0.00682
0.32165 0.00721
0.32155 0.00763
0.321590 0.008070
0.3218 0.00849
0.32214 0.00886
0.32256 0.00921
0.32307 0.00957
0.32367 0.00995
0.32438 0.01036
0.32524 0.01083
0.3263 0.01137
0.32764 0.01203
0.32936 0.01282
0.33153 0.01380
0.33415 0.01492
0.33713 0.01613
0.34036 0.01735
0.34382 0.0186
0.34746 0.01987
0.35123 0.02116
0.35506 0.02247
0.35887 0.02378
0.36264 0.02508
0.36633 0.02639
0.36996 0.0277
0.37351 0.02903
0.37698 0.03038
0.38039 0.03177
0.38372 0.0332
0.38699 0.03467
0.39019 0.0362
0.39334 0.03778
0.39643 0.03942
0.39947 0.04113
0.402460 0.0429
0.4054 0.04474
0.40827 0.04663
0.41107 0.04858
0.41378 0.05057
0.41635 0.05256
0.41873 0.05451
0.42086 0.05636
0.42267 0.05807
0.42419 0.05964
0.42541 0.06106
0.4264 0.06235
0.42735 0.06379
-Inserting Flap s1223rtl-
0.53927 0.15483
0.53899 0.15388
0.53859 0.1525
0.538030 0.15104
0.53724 0.1495
0.53618 0.14778
0.53484 0.14582
0.53321 0.14360
0.5313 0.14116
0.52916 0.13857
0.526870 0.135880
0.52446 0.13315
0.52199 0.13043
0.519470 0.12775
0.51692 0.12511
0.51433 0.12252
0.51169 0.11998
0.50900 0.11747
0.50623 0.11498
0.50339 0.112480
0.500460 0.10998
0.49746 0.10744
0.49441 0.10489
0.49132 0.10234
0.48826 0.09981
0.48526 0.09736
0.48235 0.09502
0.47959 0.09287
0.47699 0.09093
0.47452 0.08923
0.47214 0.08775
0.46982 0.08647
0.46753 0.08538
0.46527 0.08446
0.46301 0.08371
0.46077 0.08312
0.458550 0.0827
0.45638 0.08243
0.45429 0.08230
0.45233 0.0823
0.45055 0.0824
0.44897 0.08257
0.44762 0.082800
0.44645 0.08306
0.44545 0.08335
0.44459 0.083660
0.44384 0.08398
0.4432 0.08431
0.44264 0.08464
0.44216 0.08497
0.44174 0.085310
0.44139 0.08565
0.441090 0.086
0.44086 0.08636
0.4407 0.08677
0.44069 0.08721
0.44086 0.08765
0.44114 0.08806
0.44152 0.08846
0.441990 0.08887
0.44254 0.08931
0.4432 0.08981
0.4440 0.09037
0.44499 0.09104
0.44625 0.091840
0.44786 0.09283
0.4499 0.09405
0.45238 0.09547
0.45519 0.09702
0.45826 0.09861
0.46155 0.10024
0.46502 0.101930
0.468620 0.10365
0.47226 0.1054
0.4759 0.10714
0.47949 0.10887
0.48301 0.11059
0.48646 0.11232
0.48983 0.11405
0.49312 0.1158
0.49634 0.11757
0.49949 0.11938
0.50256 0.12122
0.50557 0.12311
0.50851 0.12505
0.51139 0.12704
0.514210 0.12909
0.51698 0.13119
0.51968 0.13336
0.52231 0.13558
0.52487 0.13784
0.52733 0.14012
0.52965 0.1424
0.53179 0.14461
0.53368 0.1467
0.53529 0.14861
0.53661 0.15034
0.53766 0.1519
0.53849 0.15329
0.53927 0.15483
*.*.Setup: s1223rtl.txt as Flap 1, Inverted: y, Scale = 1.0, AoA = -2.0, Reposition from (0,0) = (0, 0)*.*.
*.*.Setup: s1223rtl.txt as Flap 2, Inverted: y, Scale = 0.35, AoA = 28.333333333333332, Reposition from previous T.E. = (-0.06, 0.055), Reposition from (0,0) = (0.9394, 0.0201)*.*.
*.*.Setup: s1223rtl.txt as Flap 3, Inverted: y, Scale = 0.35, AoA = 35.0, Reposition from previous T.E. = (0.04, 0.065), Reposition from (0,0) = (1.2875, 0.2512)*.*.
*.*.Setup: Scale Ratio = 0.34257*.*.