0.34013 0.03575
0.338130 0.03376
0.33522 0.03086
0.33181 0.02801
0.32769 0.02525
0.322680 0.022420
0.31662 0.01938
0.30948 0.01611
0.301340 0.01267
0.292430 0.00915
0.28298 0.00561
0.27321 0.00214
0.263280 -0.001220
0.25329 -0.00444
0.24328 -0.00749
0.23324 -0.010360
0.22314 -0.01306
0.21295 -0.01559
0.202600 -0.01799
0.19206 -0.02028
0.18129 -0.02249
0.1703 -0.02466
0.15915 -0.0268
0.14793 -0.028910
0.1368 -0.03098
0.12591 -0.03295
0.11544 -0.03475
0.10556 -0.03631
0.09639 -0.03753
0.08788 -0.03836
0.0799 -0.03877
0.07234 -0.03876
0.06512 -0.03833
0.05819 -0.03748
0.05153 -0.03623
0.04513 -0.03458
0.039010 -0.03258
0.03322 -0.03025
0.02783 -0.02767
0.02294 -0.02496
0.01863 -0.022250
0.01495 -0.01965
0.01187 -0.01721
0.00932 -0.01494
0.00723 -0.01283
0.005510 -0.01086
0.0041 -0.009040
0.00294 -0.00734
0.00201 -0.00574
0.00126 -0.004240
0.00069 -0.00283
0.00027 -0.00148
0.000055 -0.00021
-6e-05 0.00103
0.00012 0.00226
0.00071 0.00337
0.00171 0.00424
0.0030 0.00486
0.0045 0.005330
0.00622 0.00572
0.00821 0.00607
0.01054 0.00638
0.01332 0.00668
0.01672 0.00697
0.02096 0.007240
0.02634 0.00749
0.03313 0.0077
0.04128 0.007820
0.05043 0.00778
0.06029 0.00751
0.07076 0.00704
0.08175 0.00644
0.0931 0.00577
0.10461 0.00508
0.11609 0.00439
0.127440 0.00375
0.13861 0.00319
0.14960 0.00272
0.1604 0.00238
0.17104 0.00219
0.181510 0.00216
0.19186 0.00232
0.20208 0.00267
0.21219 0.00322
0.22221 0.00398
0.23216 0.00497
0.24203 0.00617
0.25183 0.00761
0.26156 0.00927
0.2712 0.01116
0.28071 0.013270
0.29001 0.01557
0.29895 0.01803
0.30734 0.02059
0.31494 0.02318
0.32160 0.02573
0.32729 0.02822
0.33207 0.03065
0.33607 0.032980
0.34013 0.03575
-Inserting Flap s1223rtl-
0.43949 0.10173
0.43906 0.10084
0.43843 0.09955
0.43762 0.09822
0.43657 0.09684
0.43524 0.095330
0.43358 0.09363
0.43159 0.09174
0.42929 0.08967
0.42674 0.08749
0.42401 0.085240
0.42118 0.08298
0.41828 0.08073
0.41534 0.07853
0.41237 0.07638
0.40937 0.07429
0.40634 0.07224
0.40326 0.07024
0.40011 0.06827
0.39688 0.06631
0.39357 0.06435
0.39018 0.06239
0.386730 0.06041
0.38326 0.05843
0.37981 0.05647
0.37643 0.05458
0.37317 0.05279
0.37008 0.05115
0.367180 0.0497
0.364460 0.04846
0.36187 0.04741
0.35936 0.04656
0.356930 0.04588
0.35454 0.04537
0.35219 0.04502
0.34988 0.04484
0.34763 0.0448
0.34545 0.04491
0.34337000 0.04515
0.34144 0.04549
0.33971 0.0459
0.33819 0.04634
0.3369 0.0468
0.3358 0.04726
0.33486 0.04772
0.33407 0.04817
0.33339 0.04861
0.33282 0.04905
0.33233 0.04947
0.33191 0.04988
0.331560 0.05028
0.33127 0.05068
0.33104 0.05107
0.33087 0.05147
0.33079 0.0519
0.33086 0.05234
0.3310900 0.05274
0.33145 0.05309
0.331890 0.05342
0.33241 0.05374
0.33303 0.05408
0.33377 0.05445
0.334660 0.05487
0.335750 0.05535
0.33712 0.05592
0.338870 0.05662
0.34109 0.05746
0.343780 0.058430
0.34681 0.05946
0.3501 0.0605
0.35362 0.061530
0.35733 0.06259
0.361160 0.06366
0.36505 0.06474
0.36893 0.065820
0.37275 0.0669
0.37652 0.06799
0.380200 0.06909
0.38382 0.07021
0.38736 0.07135
0.39083 0.0725400
0.39424 0.07377
0.39758 0.07505
0.40086 0.076380
0.404090 0.07778
0.40727 0.07924
0.4104 0.08076
0.41348 0.08235
0.416510 0.08401
0.41949 0.08574
0.42239 0.08752
0.42521 0.08934
0.427890 0.09117
0.43037 0.09297
0.432590 0.09470
0.4345 0.09630
0.4361 0.09777
0.43741 0.09912
0.43847 0.10035
0.43949 0.10173
-Inserting Flap s1223rtl-
0.55123 0.18577
0.55095 0.18483
0.55056 0.18344
0.54999 0.18199
0.54920 0.18045
0.54815 0.17873
0.546810 0.176770
0.54518 0.17456
0.54327 0.1721300
0.54114 0.16954
0.53885 0.16685
0.53645 0.16413
0.53398 0.16142
0.53147 0.15874
0.528920 0.1561
0.52633 0.15352
0.5237 0.15098
0.52101 0.148480
0.51825 0.14599
0.51541 0.1435
0.51249 0.14099
0.509490 0.13847
0.50644 0.13592
0.50336 0.13337
0.50031 0.13085
0.49731 0.12839
0.49441 0.12607
0.49165 0.123910
0.489050 0.12198
0.48658 0.12028
0.48421 0.11881
0.4819 0.11753
0.47961 0.11643
0.47735 0.11552
0.47510 0.11477
0.47286 0.11419
0.47064 0.113760
0.46847 0.11349
0.46639 0.11337
0.46443 0.11337
0.46265 0.11347
0.46108 0.11364
0.45973 0.11386
0.45856 0.11413
0.45756 0.11442
0.4567 0.11473
0.45596 0.11505
0.45532 0.11537
0.45476 0.1157
0.45428 0.11603
0.45386 0.11637
0.45351 0.11671
0.45322 0.117060
0.45298 0.11742
0.452830 0.11783
0.45282 0.11827
0.45298 0.1187
0.45327 0.11911
0.45365 0.11951
0.45411 0.11992
0.45466 0.12037
0.45532 0.12086
0.45612 0.12142
0.45711 0.12209
0.45836 0.12289
0.45997 0.12388
0.46201 0.12509
0.46448 0.12652
0.46729 0.128060
0.47035 0.12965
0.47364 0.13128
0.47711 0.13296
0.48069 0.13468
0.48434 0.13642
0.48797 0.13816
0.49155 0.13989
0.49506 0.14161
0.498510 0.14333
0.501870 0.14506
0.50516 0.14681
0.50837 0.148580
0.51151 0.15038
0.51458 0.15222
0.51758 0.15411
0.52052 0.15604
0.5234 0.15803
0.52622 0.16007
0.52897 0.16218
0.53167 0.16434
0.53430 0.16655
0.53685 0.16881
0.53931 0.17109
0.54163 0.17336
0.54376 0.17557
0.54565 0.17765
0.54726 0.179560
0.54857 0.181290
0.54963 0.182840
0.55045 0.18424
0.55123 0.18577
*.*.Setup: s1223rtl.txt as Flap 1, Inverted: y, Scale = 1.0, AoA = 6.0, Reposition from (0,0) = (0, 0)*.*.
*.*.Setup: s1223rtl.txt as Flap 2, Inverted: y, Scale = 0.35, AoA = 25.0, Reposition from previous T.E. = (-0.0267, 0.045), Reposition from (0,0) = (0.9679, 0.1495)*.*.
*.*.Setup: s1223rtl.txt as Flap 3, Inverted: y, Scale = 0.35, AoA = 35.0, Reposition from previous T.E. = (0.04, 0.045), Reposition from (0,0) = (1.3251, 0.3424)*.*.
*.*.Setup: Scale Ratio = 0.342*.*.