0.34797 0.01215
0.34579 0.01027
0.34263 0.00753
0.33897 0.00488
0.33459 0.00238
0.32929 -0.00015
0.32293 -0.00281
0.31545 -0.005620
0.30694 -0.00853
0.29763 -0.01148
0.28778 -0.01440
0.27762 -0.01723
0.2673 -0.01994
0.25692 -0.0225
0.24653 -0.02488
0.23613 -0.02708
0.2256900 -0.02911
0.21516 -0.03096
0.20448 -0.03266
0.19361 -0.03423
0.18252 -0.03572
0.17121 -0.03713
0.15972 -0.03852
0.14818 -0.03987
0.13673 -0.04118
0.12553 -0.0424
0.11477 -0.04349
0.1046300 -0.04437
0.09522 -0.04496
0.08652 -0.0452
0.07839 -0.04505
0.07072 -0.0445
0.06342 -0.04355
0.0564400 -0.0422
0.04976 -0.04045
0.04337 -0.03833
0.0373 -0.03585
0.03159 -0.03308
0.02629 -0.03008
0.02152 -0.02698
0.01734 -0.02392
0.0137900 -0.02101
0.01083 -0.01832
0.00841 -0.01583
0.00643 -0.01354
0.00482 -0.01142
0.00352 -0.00947
0.00247 -0.00766
0.00163 -0.00598
0.00098 -0.0044
0.0005 -0.00292
0.00017 -0.00153
0.000013 -0.00021
0.000035 0.00105
0.00028 0.00229
0.00096 0.00338
0.00204 0.00418
0.003390 0.00472
0.00495 0.0051
0.006720 0.00537
0.00877 0.00558
0.01116 0.00573
0.014 0.00584
0.01747 0.00589
0.02180 0.00586
0.02728 0.00573
0.03419 0.00547
0.04248 0.00501
0.05177 0.00432
0.06176 0.00335
0.07236 0.00213
0.08349 0.00074
0.09496 -0.00075
0.1066 -0.00227
0.11821 -0.00378
0.12969 -0.005240
0.14099 -0.0066
0.15212 -0.00786
0.16307 -0.008970
0.173860 -0.00992
0.1845 -0.01069
0.19501 -0.01127
0.20541 -0.01164
0.21573 -0.0118
0.22596 -0.01174
0.23613 -0.01144
0.24624 -0.01092
0.25629 -0.01016
0.26629 -0.0091600
0.27622 -0.00792
0.28602 -0.006460
0.29563 -0.00479
0.30489 -0.00292
0.31359 -0.00092
0.32149 0.00117
0.32844 0.0033
0.33439 0.00542
0.33942 0.00754
0.34364 0.009630
0.34797 0.01215
-Inserting Flap s1223rtl-
0.47234 0.08628
0.47189 0.08538
0.471250 0.08407
0.470430 0.08271
0.46936 0.0813
0.468 0.07977
0.46632 0.07804
0.46429 0.07611
0.46195 0.07401
0.45935 0.071790
0.45658 0.0695
0.45369 0.0672
0.450740 0.06491
0.44774 0.06267
0.44472 0.06048
0.44167 0.05835
0.43858 0.05627
0.43544 0.054230
0.43224 0.05222
0.42895 0.05023
0.42558 0.048240
0.42213 0.04623
0.41862 0.04422
0.41509 0.04220
0.41157 0.0402100
0.4081300 0.03829
0.40481 0.03647
0.40167 0.0348
0.39872 0.03332
0.39595 0.03205
0.39331 0.03099
0.39076 0.03012
0.38828 0.02943
0.38585 0.02891
0.38346 0.02856
0.38111 0.028370
0.37881 0.02833
0.37659 0.0284500
0.37448 0.02869
0.3725100 0.02903
0.37075 0.02945
0.36921 0.0299
0.36789 0.03036
0.36677 0.03083
0.365820 0.0313
0.36501 0.03176
0.36432 0.03221
0.36373 0.032650
0.36323 0.033080
0.36281 0.0335
0.36245 0.03391
0.36216 0.03431
0.36192 0.03472
0.36175 0.03512
0.36167 0.03556
0.36174 0.03600
0.36198 0.03641
0.36234 0.03677
0.36279 0.0371
0.36332 0.03743
0.36395 0.03778
0.3647 0.03816
0.36561 0.03858
0.36672 0.03907
0.36811 0.03965
0.3699 0.04036
0.37216 0.04122
0.37489 0.04221
0.3779800 0.043250
0.38133 0.04431
0.38491 0.04536
0.38869 0.04644
0.39259 0.04753
0.39655 0.04863
0.400490 0.04973
0.40439 0.05083
0.40822 0.05194
0.41198 0.05305
0.41566 0.054190
0.419260 0.05536
0.42279 0.05657
0.42626 0.05782
0.42966 0.05912
0.43301 0.06048
0.4363 0.06190
0.43953 0.06339
0.44272 0.06494
0.44585 0.06656
0.44894 0.068250
0.45197 0.07
0.45493 0.07182
0.45779 0.07367
0.46052 0.07554
0.46305 0.07737
0.46531 0.07913
0.46726 0.08076
0.46888 0.08226
0.47021 0.08363
0.47129 0.08488
0.47234 0.08628
-Inserting Flap s1223rtl-
0.5448 0.18028
0.5446 0.17930
0.544320 0.17786
0.54388 0.17634
0.54321 0.1747
0.5423 0.17287
0.54112 0.17076
0.53966 0.16838
0.53794 0.16574
0.53601 0.16292
0.533920 0.15999
0.53173 0.15702
0.52946 0.15405
0.527150 0.15111000
0.5248 0.14821
0.522410 0.14536
0.51996 0.14256
0.51746 0.13978
0.51488 0.13701
0.51222 0.13423
0.50948 0.13143
0.50667 0.1286
0.5038 0.12575
0.50091 0.12289
0.49803 0.12006
0.4952 0.11731
0.49247 0.11469
0.48986 0.112260
0.4874 0.11007
0.485050 0.10813
0.48277 0.10642
0.48054 0.10492
0.47832 0.10361
0.47610 0.10248
0.47389 0.10152
0.47167 0.10073
0.46946 0.100100
0.46728 0.09964
0.46518 0.09932
0.46319 0.09915
0.46138 0.0990900
0.45978 0.09913
0.45838 0.09923
0.45718 0.09940
0.45614 0.0996
0.455240 0.09984
0.45446 0.1001
0.45378 0.10037
0.45318 0.100650
0.45266 0.10095
0.45221 0.10125
0.45182 0.10157
0.45149 0.10189
0.45122 0.10224
0.45103 0.10264
0.45098 0.10309
0.45111 0.10354
0.45136 0.10398
0.45171 0.10442
0.45214 0.104880
0.45266 0.105380
0.45329 0.10594
0.45405 0.106580
0.455 0.10734
0.45619 0.10827
0.45774 0.10941
0.4597 0.11083
0.46208 0.11249
0.46479 0.1143
0.46776 0.11618
0.4709400 0.11813
0.47431 0.12014
0.4778 0.12221
0.48134 0.12430
0.48486 0.126380
0.488340 0.128450
0.49176 0.13051
0.495090 0.13256
0.49835 0.13462
0.50153 0.13668
0.50463 0.13876
0.50766 0.14086
0.510610 0.1430
0.51349 0.14518
0.5163 0.14740
0.51904 0.14968
0.52171 0.152
0.52432 0.15438
0.52686 0.15681
0.52934 0.15929
0.53172 0.1618
0.53401 0.16433
0.53616 0.166840
0.53813 0.16927
0.53986 0.17155
0.54132 0.17363
0.5425 0.1755
0.54343 0.177170
0.544150 0.178660
0.5448 0.18028
*.*.Setup: s1223rtl.txt as Flap 1, Inverted: y, Scale = 1.0, AoA = 2.0, Reposition from (0,0) = (0, 0)*.*.
*.*.Setup: s1223rtl.txt as Flap 2, Inverted: y, Scale = 0.35, AoA = 25.0, Reposition from previous T.E. = (0.04, 0.065), Reposition from (0,0) = (1.0394, 0.0999)*.*.
*.*.Setup: s1223rtl.txt as Flap 3, Inverted: y, Scale = 0.35, AoA = 40.0, Reposition from previous T.E. = (-0.06, 0.045), Reposition from (0,0) = (1.2966, 0.2928)*.*.
*.*.Setup: Scale Ratio = 0.34818*.*.