0.35906 -0.01254
0.35669 -0.01432
0.35324 -0.01691
0.34928 -0.019370
0.34459 -0.02164
0.33896 -0.02386
0.33221 -0.02613
0.32431 -0.028490
0.31534 -0.03087
0.305550 -0.03324
0.2952 -0.03553
0.28453 -0.03772
0.273710 -0.03977
0.26285 -0.04165
0.25199 -0.04336
0.241120 -0.04488
0.230220 -0.046210
0.21925 -0.04736
0.20814 -0.04834
0.19684 -0.04918
0.18531 -0.0499
0.17356 -0.05055
0.16164 -0.05114
0.14966 -0.05171
0.13778 -0.05223
0.12616 -0.052680
0.11501 -0.0530300
0.10451 -0.053210
0.094790 -0.05314
0.08581 -0.05276
0.07745 -0.052020
0.06959 -0.0509
0.06214 -0.04939
0.05506 -0.0475
0.04831 -0.04522
0.04189 -0.04258
0.03582 -0.0395900
0.030130 -0.03632
0.0249 -0.03285
0.02021 -0.02932
0.016130 -0.02587
0.01268 -0.02262
0.00983 -0.01963
0.00752 -0.01690
0.00565 -0.0144
0.00414 -0.0121100
0.00294 -0.01
0.00199 -0.00806
0.00125 -0.00627
0.00069 -0.0046
0.0003 -0.00304
7e-05 -0.00158
-0.000029 -0.00022
9e-05 0.00108
0.00046 0.00233
0.00123 0.003410
0.0024 0.00416
0.00383 0.00461
0.005460 0.00489
0.00731 0.00504
0.009430 0.00511
0.0119 0.0051
0.01484 0.0050
0.01841 0.00481
0.02286 0.00447
0.0285 0.00394
0.03559 0.00317
0.0440800 0.00210
0.0536 0.00072
0.06382 -0.001
0.07464 -0.00302
0.08599 -0.00525
0.0977 -0.00761
0.10957 -0.01001
0.12141 -0.0124
0.13312 -0.01473
0.14466 -0.016950
0.15602 -0.01904
0.167210 -0.02097
0.17825 -0.02273
0.18914 -0.02429
0.19993 -0.02564
0.2106100 -0.02677
0.22121 -0.02768
0.23175 -0.02835
0.24224 -0.02878
0.25268 -0.02896
0.26309 -0.0289
0.27346 -0.02859
0.28376 -0.02804
0.29396 -0.02724
0.30397 -0.02621
0.31363 -0.02495
0.32273 -0.02351
0.33102 -0.02193
0.33832 -0.02025
0.34460 -0.01849
0.34993 -0.01667
0.35443 -0.01482
0.35906 -0.01254
-Inserting Flap s1223rtl-
0.45147 0.06037
0.45101 0.05943
0.450350 0.058080
0.449510 0.05668
0.4484 0.05523
0.447 0.05364
0.44526 0.05186
0.44317 0.04987
0.44075 0.0477
0.43807 0.04541
0.43521 0.04305
0.43223 0.04067
0.429180 0.03831
0.42609 0.036
0.42298 0.033740
0.41983 0.03154
0.41664 0.02939
0.4134 0.02729
0.41009 0.02522
0.4067 0.02316
0.40322 0.0211
0.39966 0.01904
0.39604 0.01696
0.39239 0.01488
0.38877 0.01283
0.3852200 0.01084
0.3818 0.00896
0.37855 0.00724
0.37551 0.00571
0.37265 0.0044
0.36992 0.00331
0.36729 0.00241
0.36473 0.00169
0.36222 0.00116
0.35975 0.0008
0.35733 0.0006
0.35496 0.00057
0.35267 0.00068
0.35049 0.00093
0.3484700 0.00129
0.34664 0.00172
0.34505 0.002180
0.34369 0.00266
0.34253 0.00315
0.341550 0.00363
0.34072 0.0041
0.34001 0.00457
0.33941 0.00502
0.33889 0.00546
0.33845 0.0059
0.33808 0.00632
0.33778 0.00674
0.33753 0.00715
0.33736 0.00757
0.33728 0.00802
0.33735 0.00848
0.33759 0.0089
0.33796 0.00927
0.33843 0.00961
0.33898 0.009960
0.33963 0.01031
0.3404 0.0107
0.34134 0.01114
0.34248 0.01165
0.34392 0.01225
0.34577 0.01298
0.3481 0.01386
0.35092 0.01488
0.3541100 0.01596
0.35756 0.01705
0.36126 0.01814
0.36515 0.01925
0.36918 0.02037
0.37326 0.02151
0.377340 0.02265
0.38136 0.02378
0.38531 0.02492
0.38918 0.026080
0.39298 0.02725
0.39670 0.02846
0.40035 0.0297
0.40393 0.03099
0.40744 0.03234
0.41089 0.03374
0.41428 0.03521
0.41762 0.03674
0.42091 0.03834
0.42414 0.040010
0.42733 0.04176
0.43045 0.043570
0.4335 0.04544
0.43646 0.04735
0.43928 0.04927
0.44188 0.05117
0.44422 0.05298
0.44623 0.05467
0.44791 0.05621
0.44928 0.05763
0.45039 0.05892
0.45147 0.06037
-Inserting Flap s1223rtl-
0.53679 0.16545
0.53668 0.16442
0.53652 0.16292
0.53621 0.16131
0.53567 0.15957
0.53489 0.1576
0.53387 0.15533
0.532580 0.15275
0.53105 0.14988
0.529320 0.14681
0.527440 0.14361
0.525450 0.14036
0.52339 0.1371
0.52128 0.13387
0.51912 0.13068
0.51692 0.12754
0.51466 0.12443
0.51233 0.121350
0.50993 0.11827
0.50745 0.11518
0.50488 0.11206
0.50225 0.10889
0.49955 0.1057
0.49684 0.1025
0.49413 0.09933
0.49148 0.0962500
0.4889 0.09331
0.48644 0.09058
0.4841 0.08811
0.48186 0.0859
0.47968 0.08394
0.47752 0.0822
0.47535 0.08065
0.473180 0.07929
0.47098 0.0781
0.46877 0.07709
0.46656 0.07625
0.46437 0.07558
0.46223 0.07506
0.46021 0.07471
0.45835 0.07449
0.4567 0.074380
0.455250 0.07436
0.454 0.07442
0.45291 0.07454
0.45197 0.0747
0.45114 0.0749
0.45042 0.07512
0.44978 0.075360
0.44922 0.07561
0.44873 0.07588
0.44830 0.07617
0.44793 0.07648
0.44762 0.07681
0.44739 0.07721
0.44730 0.07766
0.44739 0.07814
0.44761 0.078610
0.44793 0.0791
0.448330 0.07961
0.44882 0.08017
0.44941 0.0808
0.450140 0.08153
0.45104 0.08239
0.45219 0.08345
0.45367 0.08477
0.45556 0.0864
0.45786 0.08832
0.4604900 0.09043
0.46337 0.09263
0.46647 0.094920
0.469750 0.09729
0.47314 0.099730
0.47659 0.10219
0.48003 0.10465
0.48342 0.10709
0.48675 0.10952
0.489990 0.11193
0.49316 0.11433
0.49624 0.11673
0.49924 0.119150
0.50216 0.12159
0.505 0.12405
0.50777 0.12655
0.51045 0.12909
0.51306 0.13167
0.51561 0.1343
0.51808 0.13698
0.52047 0.1397
0.52279 0.14248
0.52502 0.14528
0.527140 0.14808
0.52913 0.15086
0.53093 0.15353
0.53251 0.15603
0.53382 0.1583
0.53487 0.16033
0.53567 0.16213
0.53627 0.16372
0.53679 0.16545
*.*.Setup: s1223rtl.txt as Flap 1, Inverted: y, Scale = 1.0, AoA = -2.0, Reposition from (0,0) = (0, 0)*.*.
*.*.Setup: s1223rtl.txt as Flap 2, Inverted: y, Scale = 0.35, AoA = 25.0, Reposition from previous T.E. = (-0.06, 0.055), Reposition from (0,0) = (0.9394, 0.0201)*.*.
*.*.Setup: s1223rtl.txt as Flap 3, Inverted: y, Scale = 0.35, AoA = 45.0, Reposition from previous T.E. = (-0.01, 0.045), Reposition from (0,0) = (1.2466, 0.213)*.*.
*.*.Setup: Scale Ratio = 0.35928*.*.