0.33687 0.03541
0.33490 0.03344
0.33201 0.03056
0.32864 0.02774
0.32455 0.02501
0.319590 0.02220
0.31359 0.01919
0.30652 0.01596
0.298460 0.01255
0.289630 0.00906
0.28027 0.00556
0.2706 0.00212
0.260760 -0.001210
0.25087 -0.0044
0.24095 -0.00742
0.231 -0.010260
0.22101 -0.01293
0.21091 -0.01544
0.2006600 -0.01782
0.19022 -0.02009
0.17956 -0.02228
0.16867 -0.02442
0.15763 -0.02654
0.14652 -0.028640
0.13549 -0.03068
0.1247 -0.03263
0.11433 -0.03442
0.10455 -0.03596
0.09547 -0.03717
0.08704 -0.038
0.07914 -0.0384
0.07165 -0.03839
0.0645 -0.03796
0.05764 -0.03712
0.05104 -0.03588
0.0447 -0.03425
0.038640 -0.03227
0.0329 -0.02996
0.02756 -0.0274
0.02272 -0.02472
0.01845 -0.022040
0.01481 -0.01946
0.01176 -0.01704
0.00923 -0.01479
0.00716 -0.0127
0.005460 -0.01076
0.00406 -0.008950
0.00291 -0.00727
0.00199 -0.00569
0.00125 -0.00420
0.00068 -0.0028
0.00027 -0.00147
0.000055 -0.0002
-6e-05 0.00102
0.00012 0.00224
0.0007 0.00334
0.0017 0.00419
0.002970 0.00481
0.00445 0.005280
0.00616 0.00567
0.00813 0.00601
0.01044 0.00632
0.0132 0.00662
0.01656 0.0069
0.02076 0.007170
0.02609 0.00742
0.03281 0.00763
0.04088 0.007750
0.04995 0.0077
0.05971 0.00744
0.07008 0.00698
0.08097 0.00638
0.09221 0.00572
0.10361 0.00503
0.11498 0.00435
0.126220 0.00372
0.13728 0.00316
0.148160 0.0027
0.15887 0.00236
0.1694 0.00217
0.179780 0.00214
0.19002 0.0023
0.20014 0.00264
0.21016 0.00319
0.22009 0.00394
0.22994 0.00492
0.23971 0.00612
0.24942 0.00754
0.25906 0.00918
0.26861 0.01105
0.27802 0.013140
0.28723 0.01542
0.29609 0.01786
0.3044 0.02039
0.31193 0.02296
0.318520 0.02549
0.32415 0.02795
0.32889 0.03035
0.33285 0.032670
0.33687 0.03541
-Inserting Flap s1223rtl-
0.457870 0.10753
0.45744 0.10665
0.45681 0.10537
0.45602 0.10405
0.454980 0.10268
0.45365 0.101190
0.452010 0.09951
0.45004 0.09763
0.447760 0.09559
0.44524 0.09342
0.44254 0.09120
0.43973 0.08896
0.43686 0.08674
0.43394 0.08456
0.431010 0.08243
0.428040 0.08035
0.42503 0.07833
0.421980 0.07635
0.418860 0.07439
0.41566 0.07245
0.41238 0.07051
0.40903 0.06856
0.40561 0.0666
0.40217 0.06464
0.39876 0.06271
0.39541 0.06083
0.39218 0.05906
0.38912 0.05744
0.38625 0.056
0.38356 0.05477
0.38099 0.05373
0.37851 0.05288
0.37609 0.05221
0.373730 0.05171
0.3714 0.05137
0.36912 0.05118
0.36689 0.05115
0.36472 0.05126
0.36267 0.0515
0.36076 0.05183
0.35904 0.05223
0.35754 0.05267
0.356260 0.05312
0.355160 0.05358
0.35424 0.05404
0.35346 0.05449
0.35279 0.05492
0.35222 0.05535
0.35173 0.05577
0.35132 0.05618
0.35097 0.05657
0.35068 0.05697
0.35045 0.05736
0.350290 0.05776
0.35021 0.05818
0.35027 0.05861
0.35051 0.05901
0.35086 0.05935
0.3513 0.05968
0.35182 0.06
0.35243 0.06034
0.35316 0.06071
0.35404 0.06112
0.35512 0.0616
0.356480 0.06216
0.35821 0.06285
0.360410 0.06369
0.36307 0.064650
0.36608 0.06567
0.36934 0.06669
0.37282 0.067720
0.37649 0.06876
0.38029 0.06982
0.38414 0.0709
0.38798 0.071970
0.39177 0.07304
0.395490 0.07411
0.39915 0.0752
0.40273 0.07631
0.40624 0.07745
0.40967 0.0786200
0.41305 0.07984
0.416360 0.0811
0.41961 0.082430
0.42281 0.08381
0.42596 0.08525
0.42905 0.08676
0.43211 0.08834
0.43511 0.08998
0.43805 0.09169
0.44093 0.09345
0.44372 0.09526
0.44637 0.09707
0.448830 0.09886
0.45103 0.100570
0.452930 0.102150
0.45451 0.10361
0.45580 0.10495
0.456850 0.10616
0.457870 0.10753
-Inserting Flap s1223rtl-
0.5516 0.19077
0.55133 0.18983
0.55093 0.18846
0.55038 0.18703
0.54959 0.1855
0.54855 0.1838
0.54722 0.181860
0.54561 0.17967
0.54372 0.1772600
0.54161 0.17469
0.53934 0.17203
0.53696 0.16933
0.53451 0.16665
0.53203 0.16399
0.5295 0.16139
0.52694 0.15883
0.52433 0.15631
0.52167 0.153830
0.51893000 0.15137
0.5161200 0.1489
0.51323 0.14642
0.51026 0.14392
0.50724 0.14139
0.50419 0.13887
0.50117 0.13637
0.49819 0.13394
0.49532 0.13163
0.49259 0.12950
0.49002 0.12759
0.487570 0.12591
0.48522 0.12444
0.482930 0.12318
0.48067 0.1221
0.47843 0.12119
0.47619 0.12045
0.47398 0.11987
0.47179 0.119450
0.46964 0.11918
0.46757 0.11906
0.46563 0.11906
0.46387 0.11916
0.46232 0.11933
0.46097 0.11955
0.45982 0.11981
0.45883 0.1201
0.45798 0.1204
0.45725 0.12072
0.45661 0.12104
0.45606 0.12137
0.45558 0.1217
0.45517 0.12203
0.45482 0.12237
0.45452 0.122710
0.45429 0.12307
0.45414 0.12348
0.454130 0.12391
0.454290 0.12434
0.45458 0.12475
0.45495 0.12514
0.45541 0.12555
0.45595 0.12599
0.45661 0.12648
0.4574 0.12704
0.45838 0.12769
0.45962 0.12849
0.46121 0.12947
0.463230 0.13067
0.46568 0.13208
0.46847 0.133610
0.4715 0.13518
0.47475 0.1368
0.47819 0.13846
0.48174 0.14017
0.48535 0.14189
0.488940 0.14361
0.49249 0.14533
0.49597 0.14703
0.49938 0.14874
0.50271 0.15045
0.50597 0.15218
0.50915 0.153930
0.51226 0.15572
0.5153 0.15754
0.51828 0.15941
0.52119 0.16132
0.52404 0.16329
0.52683 0.16532
0.52956 0.1674
0.53223 0.16954
0.53483 0.17173
0.53736 0.17397
0.53979 0.17623
0.54209 0.17848
0.5442 0.18066
0.54607 0.18273
0.54766 0.184620
0.548970 0.186330
0.550010 0.187870
0.55083 0.18925
0.5516 0.19077
*.*.Setup: s1223rtl.txt as Flap 1, Inverted: y, Scale = 1.0, AoA = 6.0, Reposition from (0,0) = (0, 0)*.*.
*.*.Setup: s1223rtl.txt as Flap 2, Inverted: y, Scale = 0.35, AoA = 25.0, Reposition from previous T.E. = (0.04, 0.065), Reposition from (0,0) = (1.0345, 0.1695)*.*.
*.*.Setup: s1223rtl.txt as Flap 3, Inverted: y, Scale = 0.35, AoA = 35.0, Reposition from previous T.E. = (-0.01, 0.045), Reposition from (0,0) = (1.3417, 0.3624)*.*.
*.*.Setup: Scale Ratio = 0.33873*.*.