0.3582 -0.01251
0.35583 -0.01428
0.35239 -0.01687
0.34844 -0.019330
0.34376 -0.02159
0.33814 -0.0238
0.33141 -0.02607
0.32353 -0.028420
0.31458 -0.0308
0.304810 -0.03316
0.29449 -0.03545
0.28385 -0.03763
0.273050 -0.03967
0.26222 -0.04155
0.25138 -0.04325
0.240540 -0.04477
0.229670 -0.04610
0.21872 -0.04724
0.20763 -0.04822
0.19636 -0.04906
0.18486 -0.04978
0.17314 -0.05043
0.16125 -0.05102
0.1493 -0.05158
0.13745 -0.0521
0.12586 -0.052560
0.11473 -0.052900
0.10426 -0.053080
0.094560 -0.05301
0.0856 -0.05263
0.07726 -0.051890
0.06942 -0.05077
0.06199 -0.04927
0.05493 -0.04738
0.04819 -0.04511
0.04179 -0.04247
0.03573 -0.039500
0.030060 -0.03623
0.02484 -0.03277
0.02016 -0.02925
0.016090 -0.02581
0.01265 -0.02257
0.00981 -0.01959
0.0075 -0.016860
0.00563 -0.01436
0.00413 -0.0120800
0.00293 -0.00998
0.00198 -0.00804
0.00124 -0.00625
0.00069 -0.00459
0.0003 -0.00303
7e-05 -0.00158
-0.000029 -0.00022
9e-05 0.00108
0.00045 0.00233
0.00123 0.00340
0.00239 0.00415
0.00382 0.0046
0.005440 0.00488
0.00729 0.00503
0.00940 0.0051
0.01187 0.00509
0.0148 0.004990
0.01837 0.00479
0.02281 0.00446
0.02843 0.00393
0.0355 0.00316
0.0439800 0.00210
0.05347 0.00072
0.06366 -0.001
0.07446 -0.00301
0.08578 -0.00524
0.09746 -0.00759
0.1093 -0.00999
0.12112 -0.01237
0.1328 -0.01469
0.14431 -0.016910
0.15565 -0.01899
0.166810 -0.02092
0.17782 -0.02267
0.18869 -0.02423
0.19944 -0.02558
0.210100 -0.02671
0.22068 -0.02761
0.23119 -0.02828
0.24165 -0.02871
0.25207 -0.02889
0.26246 -0.02883
0.2728 -0.02853
0.28308 -0.02797
0.29325 -0.02717
0.30324 -0.02614
0.31288 -0.02489
0.32195 -0.02346
0.33023 -0.02188
0.33751 -0.0202
0.343770 -0.01844
0.34909 -0.01663
0.35358 -0.01479
0.3582 -0.01251
-Inserting Flap s1223rtl-
0.46233 0.05664
0.46188 0.05571
0.46121 0.054350
0.46037 0.05296
0.45927 0.05151
0.45787 0.04993
0.45613 0.04815
0.454050 0.04617
0.45164 0.044
0.44896 0.04171
0.44611 0.03936
0.44314 0.03699
0.4401 0.03464
0.43701 0.03233
0.4339 0.030070
0.43077 0.02788
0.42759 0.02574
0.42435 0.02364
0.42105 0.02157
0.41767 0.01952
0.4142 0.01747
0.410650 0.01541
0.40703 0.01333
0.403400 0.01126
0.39978 0.00921
0.39624 0.00723
0.39282 0.00535
0.38958 0.00363
0.38655 0.00211
0.3837 0.00081
0.38098 -0.00029
0.37836 -0.00118
0.3758 -0.00189
0.3733 -0.00243
0.37084 -0.00279
0.36842 -0.00299
0.36606 -0.00302
0.36377 -0.0029
0.36159 -0.00265
0.35957 -0.0023
0.35776 -0.00187
0.35617 -0.001410
0.35481 -0.00093
0.35366 -0.00045
0.35268 0.000099
0.35185 0.00051
0.35114 0.00097
0.35054 0.00143
0.35002 0.00187
0.34958 0.0023
0.34921 0.00272
0.34891 0.00314
0.34867 0.00355
0.3485 0.00397
0.34841 0.00442
0.34848 0.00487
0.34873 0.00529
0.3491 0.00566
0.34956 0.00601
0.35011 0.006350
0.35076 0.0067
0.35153 0.00709
0.35246 0.00753
0.3536 0.00803
0.35504 0.00863
0.35688 0.00936
0.35921 0.01025
0.36202 0.01126
0.3652 0.01234
0.36865 0.01343
0.37234 0.01451
0.37622 0.01562
0.38024 0.01674
0.38431 0.01787
0.38838 0.01901
0.39239 0.02014
0.39633 0.02128
0.40019 0.022430
0.40398 0.0236
0.40769 0.0248
0.41133 0.02605
0.4149 0.02734
0.4184 0.02868
0.42185 0.03008
0.42523 0.03154
0.42856 0.03307
0.431840 0.03466
0.43507 0.036330
0.43824 0.03807
0.44136 0.039880
0.44441 0.04174
0.44736 0.04365
0.45017 0.04557
0.45277 0.04746
0.4551 0.04927
0.4571 0.05095
0.45877 0.05249
0.46014 0.0539
0.46125 0.05519
0.46233 0.05664
-Inserting Flap s1223rtl-
0.53692 0.1534
0.53672 0.15238
0.53643 0.15091
0.535980 0.14934
0.5352900 0.147660
0.53435 0.14577
0.53313 0.14360
0.53163 0.14114
0.52986 0.138430
0.52787 0.13552
0.52572 0.13251
0.52347 0.129450
0.52114 0.12639
0.51876 0.12337
0.516340 0.12039
0.51387 0.11745
0.51136 0.11456
0.50878 0.1117
0.50613 0.10885
0.50339 0.10599
0.50057 0.10311
0.49767 0.1002
0.49472 0.09726
0.49174 0.09431
0.48878 0.0914
0.485870 0.08857
0.48306 0.08587
0.48037 0.08337
0.477840 0.08112
0.47542 0.07912
0.47308 0.07736
0.47077 0.07582
0.46849 0.07447
0.46621 0.0733
0.46393 0.072320
0.46164 0.0715
0.45937 0.07086
0.45713 0.07038
0.45496 0.07006
0.45292 0.06988
0.45106 0.06982
0.4494 0.06986
0.44796 0.06997
0.44672 0.07013
0.44565 0.07035
0.44473 0.07059
0.44393 0.07086
0.44323 0.07114
0.442610 0.07143
0.44208 0.07173
0.44161 0.072040
0.44121 0.07237
0.44087 0.07271
0.4406 0.07307
0.4404 0.07348
0.44035 0.07394
0.440480 0.07440
0.44074 0.07486
0.4411 0.07531
0.44154 0.07578
0.44208 0.07629
0.44272 0.07687
0.443510 0.07753
0.44448 0.07831
0.44571 0.07926
0.4473 0.08044
0.44932 0.0819
0.45177 0.08361
0.454570 0.08547
0.45762 0.08741
0.4609 0.08942
0.46436 0.09149
0.46795 0.09362
0.47159 0.09577
0.47523 0.09791
0.47881 0.10004
0.48232 0.10216
0.48576 0.10428
0.48911 0.10639
0.49239 0.10851
0.49558 0.11065
0.49869 0.11282
0.50173 0.11502
0.504690 0.11727
0.50758 0.11955
0.5104 0.12189
0.513160 0.124280
0.51584 0.12673
0.518460 0.12923
0.52101 0.13178
0.52347 0.13437
0.52582 0.13698
0.52804 0.13956
0.53006 0.14206
0.53184 0.14441
0.53334 0.14655
0.53456 0.14848
0.53552 0.15019
0.53625 0.15172
0.53692 0.1534
*.*.Setup: s1223rtl.txt as Flap 1, Inverted: y, Scale = 1.0, AoA = -2.0, Reposition from (0,0) = (0, 0)*.*.
*.*.Setup: s1223rtl.txt as Flap 2, Inverted: y, Scale = 0.35, AoA = 25.0, Reposition from previous T.E. = (-0.0267, 0.045), Reposition from (0,0) = (0.9727, 0.0101)*.*.
*.*.Setup: s1223rtl.txt as Flap 3, Inverted: y, Scale = 0.35, AoA = 40.0, Reposition from previous T.E. = (-0.06, 0.045), Reposition from (0,0) = (1.2299, 0.203)*.*.
*.*.Setup: Scale Ratio = 0.35841*.*.