0.34178 0.01193
0.33964 0.01009
0.33654 0.0074
0.33294 0.0048
0.32864 0.00233
0.32344 -0.00015
0.31719 -0.00276
0.30984 -0.005520
0.30148 -0.00838
0.29234 -0.01127
0.28266 -0.014140
0.27268 -0.01692
0.26254 -0.01959
0.25235 -0.0221
0.24215 -0.02444
0.23193 -0.0266
0.2216700 -0.02859
0.21133 -0.03041
0.20084 -0.03208
0.19017 -0.03363
0.17927 -0.03508
0.16816 -0.03647
0.15688 -0.03783
0.14555 -0.03916
0.13429 -0.04045
0.1233 -0.04165
0.11273 -0.04272
0.1027700 -0.04358
0.09353 -0.04416
0.08498 -0.0444
0.077 -0.04425
0.06946 -0.04371
0.06229 -0.04277
0.0554400 -0.04144
0.04888 -0.03973
0.0426 -0.03765
0.03664 -0.03522
0.03102 -0.03249
0.02583 -0.02954
0.02114 -0.0265
0.01703 -0.0235
0.0135400 -0.02064
0.01064 -0.01799
0.00826 -0.01555
0.00632 -0.0133
0.00474 -0.01122
0.00346 -0.0093
0.00242 -0.00752
0.0016 -0.00587
0.00096 -0.00432
0.00049 -0.00287
0.00017 -0.0015
0.000013 -0.00021
0.000035 0.00103
0.00028 0.00224
0.00094 0.00332
0.002 0.00411
0.003330 0.00464
0.00486 0.005
0.00660 0.00527
0.00861 0.00548
0.01096 0.00563
0.01376 0.00574
0.01716 0.00579
0.021410 0.00576
0.0268 0.00563
0.03358 0.00537
0.04172 0.00492
0.05085 0.00424
0.06066 0.00329
0.07107 0.00209
0.082 0.00072
0.09327 -0.00073
0.1047 -0.00223
0.11611 -0.00371
0.12738 -0.005140
0.13849 -0.00649
0.14941 -0.00772
0.16017 -0.008810
0.170760 -0.00974
0.18121 -0.0105
0.19154 -0.01107
0.20176 -0.01144
0.21189 -0.01159
0.22194 -0.01153
0.23193 -0.01124
0.24186 -0.01072
0.25174 -0.00997
0.26156 -0.0089900
0.27131 -0.00778
0.28094 -0.006350
0.29037 -0.0047
0.29946 -0.00287
0.30801 -0.0009
0.31578 0.00115
0.3226 0.00324
0.32844 0.00533
0.33338 0.00741
0.33753 0.009460
0.34178 0.01193
-Inserting Flap s1223rtl-
0.45733 0.09016
0.4570 0.08923
0.45652 0.08788
0.45588 0.08646
0.4550 0.08497
0.45385 0.08331
0.4524 0.081430
0.45064 0.07932
0.44859 0.077
0.44632 0.07454
0.44387 0.07199
0.44132 0.06941
0.43869 0.06685
0.43603 0.06432
0.43333 0.06184
0.4306 0.05941
0.42782 0.05703
0.42499 0.05469
0.42209 0.052360
0.41912 0.05004
0.41605 0.04771
0.41292 0.04536
0.40972 0.043
0.4065 0.04063
0.4033 0.038290
0.40017 0.03602
0.39714 0.03386
0.39426 0.03187
0.39155 0.0301
0.38899 0.02854
0.38654 0.02721
0.38415 0.02606
0.38181 0.02511
0.37949 0.02432
0.37720 0.02371
0.37493 0.02326
0.3727 0.02296
0.37052 0.02282
0.36843 0.02281
0.36647 0.02293
0.36471 0.02313
0.363150 0.02339
0.36181 0.02370
0.36066 0.02403
0.35968 0.02437
0.35884 0.024730
0.35812 0.02509
0.3575 0.02546
0.35696 0.025820
0.3565 0.02618
0.3561 0.02654
0.35577 0.0269
0.35549 0.02726
0.35528 0.02764
0.3551500 0.02806
0.35517 0.0285
0.35535 0.02892
0.35566 0.02931
0.35607 0.02969
0.35655 0.03007
0.35713 0.03048
0.35781 0.030940
0.35865 0.031450
0.35967 0.03206
0.36097 0.03279
0.362630 0.03368
0.36474 0.03477
0.36729 0.03605
0.37019 0.037420
0.37334 0.03883
0.37671 0.04027
0.38027 0.04175
0.38395 0.04326
0.38769 0.04478
0.39141 0.04631
0.39509 0.04783
0.39870 0.04934
0.40223 0.05086
0.40569 0.05239
0.40908 0.05394
0.41239 0.05552
0.41563 0.05714
0.4188 0.0588
0.4219 0.06051
0.42495 0.06227
0.42794 0.06408
0.43087 0.06596
0.43374 0.0679
0.43656 0.0699
0.43931 0.07196
0.44199 0.07406
0.44458 0.0762
0.44703 0.07833
0.44928 0.08041
0.45129 0.08238
0.453 0.084190
0.454420 0.08584
0.45556 0.08733
0.456470 0.08867
0.45733 0.09016
-Inserting Flap s1223rtl-
0.5456 0.18249
0.545410 0.18152
0.54514 0.180110
0.54470 0.17862
0.544050 0.17701
0.54315 0.17521
0.54199 0.17314
0.54055 0.17079
0.53887 0.1682
0.53697 0.16543
0.53492 0.162560
0.53276 0.15964
0.53054 0.15672
0.52827 0.15383
0.525960 0.15099
0.52361 0.14819
0.52121 0.145430
0.51875 0.1427
0.516220 0.139980
0.51361 0.13725
0.51091 0.13451
0.50815 0.13173
0.50533 0.12892
0.50249 0.12611
0.49966 0.12333
0.496890 0.12063
0.49421 0.11806
0.49164 0.11567
0.489220 0.11352
0.48692 0.11162
0.48468 0.109940
0.48249 0.10846
0.48031 0.10718
0.47813 0.10607
0.47595 0.10512
0.47377 0.10435
0.47160 0.10373
0.46947 0.10328
0.4674 0.102970
0.46545 0.1028
0.46367 0.10274
0.46209 0.10278
0.46072 0.10288
0.45954 0.10304
0.45852 0.10324
0.45764 0.10348
0.45687 0.10373
0.4562 0.10400
0.455620 0.10428
0.45511 0.10457
0.45466 0.10486
0.45428 0.10517
0.45396 0.10549
0.45369 0.10584
0.4535 0.10623
0.45346 0.10667
0.453580 0.10711
0.45383 0.10755
0.45417 0.10798
0.4546 0.10843
0.45511 0.10892
0.45572 0.10947
0.456470 0.1101
0.4574 0.11084
0.458570 0.11175
0.46009 0.112880
0.46202 0.114270
0.46436 0.1159
0.467020 0.11768
0.46993 0.11953
0.47306 0.121440
0.47637 0.12342
0.47979 0.125450
0.48327 0.1275
0.48673 0.12955
0.49015 0.13158
0.4935 0.1336
0.49678 0.13562
0.49998 0.13763
0.50311 0.13966
0.50615 0.1417
0.50912 0.14377
0.51202 0.14587
0.514850 0.14801
0.51761 0.1502
0.5203 0.15243
0.522930 0.15471
0.52549 0.15704
0.527990 0.15943
0.53041 0.16187
0.532760 0.16434
0.53501 0.16682
0.5371200 0.16929
0.53905 0.171670
0.54075 0.17391
0.542190 0.17596
0.54335 0.17779
0.54426 0.17943
0.54496 0.18089
0.5456 0.18249
*.*.Setup: s1223rtl.txt as Flap 1, Inverted: y, Scale = 1.0, AoA = 2.0, Reposition from (0,0) = (0, 0)*.*.
*.*.Setup: s1223rtl.txt as Flap 2, Inverted: y, Scale = 0.35, AoA = 31.666666666666668, Reposition from previous T.E. = (0.04, 0.045), Reposition from (0,0) = (1.0394, 0.0799)*.*.
*.*.Setup: s1223rtl.txt as Flap 3, Inverted: y, Scale = 0.35, AoA = 40.0, Reposition from previous T.E. = (-0.01, 0.045), Reposition from (0,0) = (1.3273, 0.3086)*.*.
*.*.Setup: Scale Ratio = 0.34198*.*.