0.33259 -0.01161
0.3304 -0.01326
0.3272 -0.01566
0.32353 -0.017940
0.31919 -0.02004
0.31397 -0.0221
0.30773 -0.02421
0.3004 -0.026390
0.2921 -0.0286
0.283020 -0.03079
0.27344 -0.03292
0.26356 -0.03494
0.253540 -0.03684
0.24347 -0.03858
0.23341 -0.04016
0.223350 -0.04157
0.213250 -0.04280
0.20308 -0.04386
0.19279 -0.04477
0.18233 -0.04555
0.17165 -0.04622
0.16077 -0.04682
0.14973 -0.04737
0.13863 -0.04789
0.12762 -0.04838
0.11686 -0.04880
0.10653 -0.0491200
0.0968 -0.049280
0.08780 -0.04922
0.07948 -0.04887
0.07174 -0.048180
0.06446 -0.04715
0.05756 -0.04575
0.051 -0.044
0.04475 -0.04189
0.0388 -0.03944
0.03318 -0.0366700
0.027910 -0.03364
0.02307 -0.03043
0.01872 -0.02716
0.014940 -0.02396
0.01175 -0.02096
0.00911 -0.01819
0.00696 -0.015650
0.00523 -0.01334
0.00384 -0.0112200
0.00272 -0.00927
0.00184 -0.00747
0.00115 -0.00581
0.00064 -0.00426
0.00028 -0.00282
6e-05 -0.00147
-0.000029 -0.0002
8e-05 0.001
0.00042 0.00216
0.00114 0.003150
0.00222 0.00385
0.00354 0.00427
0.005060 0.00453
0.00677 0.00467
0.008730 0.00473
0.01102 0.00472
0.01374 0.004640
0.01705 0.00445
0.02118 0.00414
0.0264 0.00365
0.03296 0.00293
0.0408300 0.001950
0.04965 0.00067
0.05911 -0.00092
0.06914 -0.00279
0.07965 -0.00486
0.0905 -0.00704
0.10149 -0.00927
0.11246 -0.01149
0.12331 -0.01364
0.134 -0.01570
0.14452 -0.01763
0.154890 -0.01942
0.16511 -0.02105
0.1752 -0.0225
0.18519 -0.02375
0.1950800 -0.0248
0.20491 -0.02564
0.21467 -0.02626
0.22438 -0.02666
0.23406 -0.02683
0.2437 -0.02677
0.2533 -0.02649
0.26284 -0.02597
0.27229 -0.02523
0.28156 -0.02427
0.29051 -0.02311
0.29894 -0.02178
0.30662 -0.02032
0.31338 -0.01876
0.31920 -0.01713
0.32413 -0.01544
0.3283 -0.01373
0.33259 -0.01161
-Inserting Flap s1223rtl-
0.44504 0.06784
0.444720 0.06693
0.44426 0.06561
0.44363 0.06424
0.442770 0.06278
0.44165 0.061170
0.44024 0.05934
0.43853 0.05729
0.43654 0.05503
0.43432 0.05263
0.43194 0.05016
0.42946 0.04765
0.42691 0.04515
0.42431 0.042690
0.42169 0.04028
0.41903 0.037920
0.41633 0.0356
0.41357 0.03332
0.41075 0.03105
0.40785 0.0288
0.40487 0.02653
0.40182 0.02424
0.39871 0.02194
0.39558 0.01964
0.39247 0.01736
0.38942 0.01515
0.38647 0.01305
0.38367 0.0111200
0.38103 0.00939
0.37854 0.00788
0.37615 0.00657
0.37383 0.00546
0.37155 0.00453
0.3693 0.00377
0.367070 0.00317
0.36486 0.00273
0.36269 0.00244
0.36056 0.0023
0.35853 0.0023
0.35663 0.00241
0.35491 0.00261
0.353390 0.00286
0.35209 0.00316
0.35097 0.00348
0.35002 0.00382
0.3492 0.00417
0.3485 0.00452
0.34789 0.00487
0.34737 0.00522
0.34692 0.00557
0.34653 0.00592
0.34621 0.00627
0.34594 0.00663
0.34573 0.007
0.3456100 0.0074
0.34562 0.00783
0.34581 0.00824
0.34611 0.00862
0.3465 0.00899
0.34697 0.00936
0.34753 0.00976
0.3482 0.0102
0.34901 0.01071
0.35001 0.01130
0.35127 0.012
0.352890 0.01287
0.35494 0.01394
0.35742 0.01518
0.36024 0.01652
0.3633 0.01789
0.36659 0.01929
0.37005 0.02073
0.37363 0.0222
0.37727 0.02368
0.38089 0.02516
0.38447 0.02664
0.387980 0.02812
0.39142 0.02959
0.39479 0.0310800
0.39808 0.03259
0.40131 0.03413
0.40446 0.0357
0.40754 0.03732
0.41057 0.03898
0.41353 0.04069
0.41644 0.04246
0.41929 0.04429
0.42209 0.04617
0.42483 0.04812
0.42751 0.050120
0.43012 0.05217
0.43263 0.05425
0.43501 0.05632
0.43721 0.05835
0.43916 0.06026
0.44083 0.06203
0.442210 0.06363
0.44332 0.06508
0.44420 0.066390
0.44504 0.06784
-Inserting Flap s1223rtl-
0.54072 0.16850
0.54061 0.16755
0.54047 0.166160
0.54017 0.164670
0.53967 0.16306
0.53895 0.16124
0.538 0.159130
0.53681 0.15674
0.5354 0.15408
0.53379 0.15124
0.53205 0.14828
0.53021 0.1452700
0.5283 0.14225
0.52635 0.13926
0.52435 0.1363
0.52231 0.13339
0.52021 0.13051
0.51806 0.12766
0.51583 0.1248
0.51353 0.12194
0.51116 0.11905
0.50871 0.11612
0.50622 0.11316
0.5037 0.11020
0.5012 0.10726
0.49874 0.10441
0.49636 0.10169
0.49408 0.09916
0.49191 0.09687
0.489840 0.09482
0.48781 0.093
0.48581 0.09139
0.4838 0.08996
0.48179 0.08869
0.47976 0.0876
0.47771 0.0866600
0.47566 0.08588
0.47363 0.085260
0.47165 0.08478
0.46977 0.08445
0.46805 0.08425
0.46652 0.08415
0.46518 0.08413
0.46402 0.08419
0.46302 0.0843
0.46214 0.084450
0.46138 0.08463
0.4607 0.08483
0.46012 0.08505
0.4596 0.08529
0.45914 0.08554
0.45874 0.08581
0.4584 0.08609
0.458120 0.0864
0.4579 0.08677
0.45782 0.08719
0.4579 0.08763
0.45811 0.08807
0.4584 0.08852
0.45877 0.08899
0.45923 0.08951
0.45978 0.09009
0.46045 0.09077
0.46128 0.09157
0.46235 0.09255
0.46372 0.09377
0.46547 0.0952800
0.4676 0.09706
0.47004 0.099010
0.4727 0.10105
0.475570 0.10317
0.47861 0.105370
0.48176 0.10762
0.48495 0.10991
0.48814 0.11219
0.49128 0.11445
0.49436 0.11669
0.49736 0.11893
0.5003 0.12115
0.50315 0.12338
0.50593 0.12562
0.50864 0.12788
0.51127 0.13016
0.51383 0.13247
0.51632 0.13482
0.51874 0.13721
0.52109 0.13965
0.52338 0.14213
0.5256 0.14466
0.52774 0.14722
0.52981 0.149820
0.53178 0.15242
0.53362 0.15499
0.53529 0.15746
0.53674 0.15978
0.53796 0.16188
0.5389300 0.16376
0.53968 0.165430
0.540230 0.1669
0.54072 0.16850
*.*.Setup: s1223rtl.txt as Flap 1, Inverted: y, Scale = 1.0, AoA = -2.0, Reposition from (0,0) = (0, 0)*.*.
*.*.Setup: s1223rtl.txt as Flap 2, Inverted: y, Scale = 0.35, AoA = 31.666666666666668, Reposition from previous T.E. = (0.04, 0.055), Reposition from (0,0) = (1.0394, 0.0201)*.*.
*.*.Setup: s1223rtl.txt as Flap 3, Inverted: y, Scale = 0.35, AoA = 45.0, Reposition from previous T.E. = (0.04, 0.055), Reposition from (0,0) = (1.3773, 0.2588)*.*.
*.*.Setup: Scale Ratio = 0.3328*.*.