0.35495 0.01239
0.35273 0.01048
0.34951 0.00768
0.34577 0.00498
0.3413 0.00242
0.3359 -0.00015
0.32941 -0.00286
0.32178 -0.005730
0.3131 -0.0087
0.3036 -0.01171
0.29356 -0.014690
0.28319 -0.01758
0.27266 -0.02034
0.26208 -0.02295
0.25148 -0.02538
0.24087 -0.02763
0.2302200 -0.02969
0.21947 -0.03158
0.20858 -0.03332
0.1975 -0.03492
0.18618 -0.03643
0.17464 -0.03788
0.16293 -0.03929
0.15115 -0.04067
0.13947 -0.042
0.12805 -0.04325
0.11707 -0.04436
0.1067300 -0.04526
0.09714 -0.04587
0.08826 -0.04611
0.07996 -0.04595
0.07213 -0.04539
0.06469 -0.04442
0.0575700 -0.04304
0.05076 -0.04126
0.04424 -0.0391
0.03805 -0.03657
0.03222 -0.03374
0.02682 -0.03068
0.02195 -0.02752
0.01769 -0.0244
0.0140600 -0.02144
0.01105 -0.01868
0.00858 -0.01615
0.00656 -0.01381
0.00492 -0.01165
0.00359 -0.00966
0.00252 -0.00781
0.00166 -0.0061
0.001 -0.00449
0.00051 -0.00298
0.00017 -0.00156
0.000013 -0.00021
0.000035 0.00107
0.00029 0.00233
0.00098 0.00344
0.00208 0.00426
0.003460 0.00481
0.00504 0.0052
0.006860 0.00548
0.00894 0.00569
0.01138 0.00585
0.01429 0.00596
0.01782 0.00601
0.022240 0.00598
0.02783 0.00585
0.03487 0.00558
0.04333 0.00511
0.05281 0.0044
0.063 0.00342
0.07381 0.00217
0.08516 0.00075
0.09687 -0.00076
0.10874 -0.00232
0.12058 -0.00386
0.13229 -0.005340
0.14382 -0.00674
0.15517 -0.00801
0.16634 -0.009150
0.177340 -0.01012
0.1882 -0.01091
0.19892 -0.0115
0.20954 -0.01188
0.22005 -0.01204
0.23049 -0.01197
0.24086 -0.01167
0.25118 -0.01114
0.26144 -0.01036
0.27164 -0.0093400
0.28176 -0.00808
0.29176 -0.006590
0.30156 -0.00488
0.311 -0.00298
0.31988 -0.00093
0.32794 0.0012
0.33503 0.00336
0.3411 0.00553
0.34623 0.00769
0.35054 0.009820
0.35495 0.01239
-Inserting Flap s1223rtl-
0.46998 0.08091
0.46952 0.07999
0.46887 0.07865
0.46803 0.07727
0.46694 0.07583
0.46556 0.07427
0.46383 0.0725
0.46177 0.07054
0.45938 0.06839
0.456730 0.066120
0.4539 0.06379
0.45096 0.06144
0.44794 0.05911
0.44489 0.05682
0.44181 0.05459
0.4387 0.05242
0.43555 0.0503
0.43234 0.048220
0.42907 0.04617
0.42572 0.04414
0.42228 0.04210
0.41876 0.04006
0.41518 0.038
0.41158 0.035950
0.40799 0.0339200
0.40448 0.03195
0.4011 0.03009
0.39789 0.02839
0.39488 0.02688
0.39206 0.02559
0.38936 0.02451
0.386760 0.02362
0.38423 0.02291
0.38175 0.02238
0.37931 0.02203
0.37692 0.021830
0.37458 0.0218
0.37231 0.0219100
0.37015 0.02216
0.36815 0.02251
0.36635 0.02294
0.364780 0.02339
0.36343 0.02387
0.36229 0.02435
0.36132 0.02483
0.36049 0.0253
0.35979 0.02576
0.35919 0.02620
0.35868 0.026640
0.358250 0.02707
0.35789 0.02749
0.35758 0.0279
0.35735 0.02831
0.35717 0.02872
0.35709 0.02917
0.357160 0.0296200
0.3574 0.03004
0.35777 0.0304
0.35823 0.03074
0.358780 0.03108
0.35942 0.03143
0.360180 0.03182
0.3611 0.03225
0.36224 0.03275
0.36366 0.03335
0.36548 0.03407
0.36779 0.03494
0.37057 0.03595
0.37373 0.037020
0.37715 0.03809
0.3808 0.03917
0.38465 0.04027
0.38863 0.04138
0.39267 0.0425
0.39669 0.04363
0.40067 0.04475
0.40457 0.04588
0.4084 0.04702
0.41216 0.048180
0.41583 0.04937
0.41944 0.0506
0.42298 0.05188
0.42645 0.05321
0.429860 0.05459
0.43321 0.056040
0.43651 0.05756
0.43976 0.05914
0.44296 0.06079
0.44611 0.062520
0.4492 0.06431
0.452220 0.06615
0.45514 0.06804
0.45792 0.06995
0.4605 0.07182
0.46281 0.07361
0.46479 0.07528
0.46645 0.07681
0.46781 0.0782
0.46891 0.07948
0.46998 0.08091
-Inserting Flap s1223rtl-
0.54389 0.1768
0.54369 0.175790
0.54341 0.17433
0.54296 0.17278
0.54228 0.17111
0.54134 0.16923
0.54014 0.16709
0.53865 0.16465
0.53689 0.16196
0.53492 0.15909
0.53279 0.1561
0.53056 0.15307
0.52825 0.15004
0.52589 0.14704000
0.52349 0.14408
0.52105 0.14118
0.51856 0.13831
0.516 0.13548
0.51337 0.13265
0.510660 0.12982
0.50787 0.12696
0.50499 0.12408
0.50207 0.12117
0.49912 0.11825
0.49618 0.11536
0.4933 0.11256
0.49051 0.10988
0.48785 0.107410
0.48534 0.10517
0.48294 0.1032
0.48062 0.10145
0.47834 0.09992
0.476080 0.09858
0.47382 0.09743
0.47156 0.09645
0.46929 0.09564
0.46704 0.0950100
0.46482 0.09453
0.46267 0.09421
0.46065 0.09403
0.4588 0.0939800
0.45716 0.09401
0.45574 0.09412
0.45451 0.094290
0.45345 0.0945
0.45253 0.09474
0.45174 0.095
0.451040 0.09528
0.45044 0.095570
0.44991 0.09587
0.44945 0.09618
0.44905 0.0965
0.44871 0.09684
0.44844 0.09719
0.44824 0.0976
0.44819 0.09806
0.44832 0.09852
0.44858 0.09897
0.44894 0.09941
0.44938 0.099880
0.449910 0.100390
0.45054 0.10096
0.45132 0.101620
0.45229 0.10239
0.45351 0.10334
0.45508 0.10451
0.45708 0.10595
0.45951 0.10764
0.46228 0.10949
0.46531 0.11141
0.46856 0.1134
0.47199 0.11545
0.47555 0.11756
0.47916 0.119690
0.48275 0.121810
0.4863 0.123930
0.48978 0.12603
0.49319 0.12812
0.49651 0.13021
0.49976 0.13232
0.50292 0.13444
0.50601 0.13659
0.50902 0.138770
0.51195 0.14099
0.51482 0.143260
0.51761 0.14558
0.52034 0.14795
0.5230 0.15037
0.5256 0.15285
0.52812 0.15538
0.53056 0.15795
0.53289 0.16053
0.53508 0.163090
0.53709 0.16556
0.53886 0.16789
0.54034 0.17001
0.541550 0.17192
0.5425 0.173620
0.54323 0.175140
0.54389 0.1768
*.*.Setup: s1223rtl.txt as Flap 1, Inverted: y, Scale = 1.0, AoA = 2.0, Reposition from (0,0) = (0, 0)*.*.
*.*.Setup: s1223rtl.txt as Flap 2, Inverted: y, Scale = 0.35, AoA = 25.0, Reposition from previous T.E. = (0.0067, 0.045), Reposition from (0,0) = (1.0061, 0.0799)*.*.
*.*.Setup: s1223rtl.txt as Flap 3, Inverted: y, Scale = 0.35, AoA = 40.0, Reposition from previous T.E. = (-0.06, 0.045), Reposition from (0,0) = (1.2633, 0.2728)*.*.
*.*.Setup: Scale Ratio = 0.35516*.*.