0.3394 0.01185
0.33728 0.01002
0.3342 0.00735
0.33062 0.00476
0.32635 0.00232
0.32118 -0.00014
0.31498 -0.00274
0.30768 -0.005480
0.29938 -0.00832
0.2903 -0.0112
0.28069 -0.014040
0.27078 -0.01681
0.26071 -0.01945
0.2506 -0.02194
0.24046 -0.02427
0.23032 -0.02642
0.2201300 -0.02839
0.20986 -0.0302
0.19944 -0.03186
0.18884 -0.03339
0.17802 -0.03484
0.16699 -0.03622
0.15579 -0.03757
0.14453 -0.03889
0.13336 -0.04016
0.12244 -0.04136
0.11194 -0.04242
0.1020500 -0.04328
0.09288 -0.04386
0.08439 -0.04409
0.07646 -0.04394
0.06897 -0.0434
0.06185 -0.04248
0.0550500 -0.04116
0.04853 -0.03945
0.04231 -0.03738
0.03638 -0.03497
0.03081 -0.03226
0.02565 -0.02934
0.02099 -0.02631
0.01691 -0.02333
0.0134500 -0.0205
0.01057 -0.01787
0.0082 -0.01544
0.00627 -0.01321
0.00471 -0.01114
0.00343 -0.00924
0.00241 -0.00747
0.00159 -0.00583
0.00095 -0.00429
0.00048 -0.00285
0.00017 -0.00149
0.000013 -0.0002
0.000035 0.00102
0.00028 0.00223
0.00094 0.00329
0.00199 0.00408
0.00330 0.0046
0.00482 0.00497
0.006560 0.00524
0.00855 0.00544
0.01088 0.00559
0.01366 0.0057
0.01704 0.00575
0.021260 0.00572
0.02661 0.00559
0.03335 0.00533
0.04143 0.00489
0.0505 0.00421
0.06024 0.00327
0.07058 0.00208
0.08143 0.00072
0.09262 -0.00073
0.10397 -0.00222
0.1153 -0.00369
0.12649 -0.005110
0.13752 -0.00644
0.14837 -0.00766
0.15905 -0.008750
0.169570 -0.00968
0.17995 -0.01043
0.19021 -0.01099
0.20036 -0.01136
0.21041 -0.01151
0.22039 -0.01145
0.23031 -0.01116
0.24017 -0.01065
0.24998 -0.00991
0.25974 -0.0089300
0.26942 -0.00773
0.27898 -0.00630
0.28835 -0.00467
0.29738 -0.00285
0.30586 -0.00089
0.31358 0.00114
0.32035 0.00321
0.32615 0.00529
0.33106 0.00736
0.33518 0.009390
0.3394 0.01185
-Inserting Flap s1223rtl-
0.43496 0.086940
0.43458 0.086040
0.43403 0.08472
0.43331 0.08336
0.43235 0.08192
0.43111 0.08035
0.42957 0.078570
0.4277 0.07658
0.42554 0.0744
0.42314 0.07209
0.42057 0.06971
0.41789 0.0673
0.415140 0.06491
0.41235 0.06255
0.40954 0.06025
0.40669 0.058
0.4038 0.0558
0.40086 0.05364
0.39785 0.0515
0.39476 0.04938
0.39159 0.04724
0.38834 0.04509
0.38504 0.04293
0.38171 0.04077
0.37841 0.038640
0.37517 0.03657
0.37204 0.0346
0.36907 0.0328
0.36628 0.03119
0.36366 0.0298
0.36115 0.02862
0.35871 0.02762
0.35634 0.02681
0.354 0.02617
0.35169 0.02569
0.34941 0.025370
0.34718 0.02521
0.345010 0.02519
0.34294 0.02531
0.34101 0.025530
0.33927 0.02584
0.33774 0.02619
0.33643 0.02657
0.33531 0.02696
0.33436 0.027360
0.33355 0.02777
0.33285 0.02817
0.33225 0.02856
0.33174 0.02895
0.33131 0.02933
0.33093 0.02971
0.33062 0.03009
0.33037 0.03047
0.33018 0.03085
0.330080 0.03127
0.33012 0.03171
0.33033 0.03212
0.33066 0.03249
0.33108 0.03284
0.33158 0.03319
0.33218 0.03356
0.332890 0.03397
0.33374 0.03444
0.33479 0.03498
0.33612 0.03563
0.33782 0.03642
0.33997 0.03738
0.34258 0.0385
0.34553 0.03969
0.34873 0.04091
0.35216 0.04214
0.35577 0.0434
0.35951 0.04468
0.3633 0.04598
0.367080 0.04727
0.37081 0.04857
0.37448 0.04986
0.37807 0.05116
0.38159 0.05248
0.38503 0.05382
0.38841 0.0552
0.39171 0.05661
0.39495 0.05807
0.39813 0.05959
0.40125 0.06116
0.40432 0.06279
0.40733 0.06448
0.41029 0.06623
0.4132 0.06805
0.41605 0.069930
0.418830 0.071870
0.42151 0.07383
0.42406 0.075810
0.42642 0.07774
0.42852 0.07957
0.43033 0.08128
0.43183 0.08283
0.43304 0.08424
0.43402 0.08552
0.43496 0.086940
-Inserting Flap s1223rtl-
0.54591 0.1738
0.54564 0.172850
0.54524 0.171480
0.54469 0.170040
0.5439 0.16851
0.542850 0.16680
0.54152 0.16486
0.53990 0.16266
0.53801 0.16025
0.53589 0.15767
0.53362 0.155
0.53123 0.1523
0.528780 0.14961
0.52629 0.14695
0.52376 0.14433
0.52119 0.14177
0.51857000 0.13925
0.5159 0.13676
0.51316 0.13429
0.51034 0.13182
0.50744 0.12933
0.50447 0.12682
0.501440 0.12429
0.49838 0.12176
0.49535 0.11925
0.49237 0.11682
0.48949 0.11451
0.48675 0.11237
0.48417 0.11045
0.48172 0.10876
0.47937 0.1073
0.47707 0.106030
0.474800 0.10494
0.47255 0.10403
0.47031 0.10329
0.46809 0.10271
0.46589 0.10229
0.46374 0.10202
0.46167 0.1019
0.45972 0.1019
0.457960 0.102
0.4564 0.10217
0.45505 0.10239
0.45390 0.10265
0.4529 0.10294
0.45205 0.10325
0.45131 0.10356
0.45068 0.10389
0.45012 0.10421
0.44964 0.10454
0.44923 0.10488
0.44888 0.10521
0.44859 0.10556
0.448350 0.10592
0.4482 0.10633
0.44819 0.10676
0.44835 0.10720
0.44864 0.1076
0.44901 0.108
0.44947 0.10841
0.45002 0.10885
0.45067 0.10934
0.45147 0.1099
0.45245 0.11056
0.4537 0.11135
0.45529 0.11233
0.45732 0.11354
0.459770 0.114950
0.46257 0.11648
0.465610 0.11806
0.46887 0.11968
0.47231 0.12135
0.47587 0.123060
0.47949 0.12479
0.48309 0.12652
0.48665 0.12823
0.49014 0.12994
0.49356 0.131650
0.4969 0.13337
0.50017 0.13510
0.50336 0.13686
0.506470 0.13865
0.50952 0.14048
0.5125 0.14235
0.51542 0.14427
0.51828 0.14625
0.52107 0.14828
0.52381 0.15036
0.526490 0.15251
0.5291 0.15471
0.53164 0.15695
0.53408 0.15922
0.53638 0.16147
0.5385 0.16366
0.54037 0.16573
0.54197 0.16763
0.54327 0.16934
0.54432 0.17089
0.54514 0.172270
0.54591 0.1738
*.*.Setup: s1223rtl.txt as Flap 1, Inverted: y, Scale = 1.0, AoA = 2.0, Reposition from (0,0) = (0, 0)*.*.
*.*.Setup: s1223rtl.txt as Flap 2, Inverted: y, Scale = 0.35, AoA = 28.333333333333332, Reposition from previous T.E. = (-0.0267, 0.055), Reposition from (0,0) = (0.9727, 0.0899)*.*.
*.*.Setup: s1223rtl.txt as Flap 3, Inverted: y, Scale = 0.35, AoA = 35.0, Reposition from previous T.E. = (0.04, 0.055), Reposition from (0,0) = (1.3208, 0.311)*.*.
*.*.Setup: Scale Ratio = 0.3396*.*.