0.35854 0.01252
0.35631 0.01059
0.35305 0.00776
0.34928 0.00503
0.34476 0.00245
0.33931 -0.00015
0.33275 -0.00289
0.32504 -0.005790
0.31627 -0.00879
0.30668 -0.01183
0.29653 -0.014830
0.28606 -0.01775
0.27542 -0.02055
0.26473 -0.02318
0.25403 -0.02564
0.24331 -0.02791
0.2325500 -0.02999
0.2217 -0.0319
0.2107 -0.03365
0.1995 -0.03528
0.18807 -0.0368
0.17641 -0.03826
0.16458 -0.03969
0.15269 -0.04108
0.14088 -0.04243
0.12934 -0.04369
0.11826 -0.04481
0.1078100 -0.04572
0.09812 -0.04633
0.08915 -0.04658
0.08077 -0.04642
0.07287 -0.04585
0.06534 -0.04487
0.0581600 -0.04348
0.05127 -0.04168
0.04469 -0.03949
0.03844 -0.03694
0.03255 -0.03408
0.02709 -0.03099
0.02217 -0.0278
0.01787 -0.02465
0.0142100 -0.02165
0.01116 -0.01887
0.00866 -0.01631
0.00663 -0.01395
0.00497 -0.01177
0.00363 -0.00976
0.00254 -0.00789
0.00168 -0.00616
0.00101 -0.00453
0.00051 -0.00301
0.00018 -0.00157
0.000013 -0.00022
0.000035 0.00108
0.00029 0.00235
0.00099 0.00348
0.0021 0.00431
0.003490 0.00486
0.0051 0.00525
0.006930 0.00553
0.00904 0.00575
0.0115 0.00591
0.01443 0.00602
0.018 0.00607
0.022460 0.00604
0.02811 0.00591
0.03523 0.00563
0.04377 0.00516
0.05335 0.00445
0.06364 0.00345
0.07456 0.00219
0.08602 0.00076
0.09785 -0.00077
0.10984 -0.00234
0.12181 -0.0039
0.13363 -0.00540
0.14528 -0.00681
0.15674 -0.0081
0.16803 -0.009240
0.179140 -0.01022
0.1901 -0.01102
0.20094 -0.01161
0.21166 -0.012
0.22228 -0.01216
0.23283 -0.01209
0.2433 -0.01179
0.25372 -0.01125
0.26409 -0.01046
0.27439 -0.0094400
0.28462 -0.00817
0.29472 -0.006660
0.30462 -0.00493
0.31415 -0.00301
0.32312 -0.00094
0.33127 0.00121
0.33842 0.0034
0.34455 0.00559
0.34974 0.00777
0.35409 0.009920
0.35854 0.01252
-Inserting Flap s1223rtl-
0.45082 0.08173
0.45037 0.0808
0.44970 0.07945
0.448860 0.07805
0.44776 0.0766
0.44636 0.07502
0.44462 0.07324
0.44253 0.07125
0.44012 0.06909
0.43744 0.066790
0.43458 0.06444
0.43161 0.06206
0.428560 0.05971
0.42548 0.0574
0.42237 0.05515
0.41922 0.05295
0.41604 0.05081
0.41281 0.048710
0.4095 0.04664
0.40612 0.04458
0.40264 0.042530
0.39909 0.04046
0.39547 0.03839
0.39183 0.036310
0.38821 0.0342600
0.3846700 0.03228
0.38125 0.0304
0.378 0.02868
0.37497 0.02716
0.37211 0.02585
0.36939 0.02476
0.36677 0.02386
0.36421 0.02314
0.3617 0.02261
0.35924 0.02225
0.35682 0.022050
0.35445 0.02202
0.35217 0.0221400
0.34999 0.02239
0.3479600 0.02274
0.34615 0.02317
0.34456 0.02363
0.3432 0.02411
0.34204 0.02459
0.341060 0.02508
0.34023 0.02555
0.33952 0.02602
0.33892 0.026470
0.3384 0.026910
0.33796 0.02734
0.33759 0.02777
0.33729 0.02818
0.33705 0.0286
0.33687 0.02902
0.33679 0.02946
0.33686 0.0299200
0.33711 0.03034
0.33748 0.03071
0.33794 0.03105
0.33849 0.0314
0.33914 0.03175
0.33992 0.03214
0.34084 0.03258
0.34199 0.03308
0.34343 0.03368
0.34527 0.03441
0.3476 0.0353
0.35041 0.03631
0.353600 0.037390
0.35705 0.03848
0.36074 0.03957
0.36463 0.04067
0.36865 0.0418
0.37273 0.04293
0.376790 0.04407
0.38081 0.0452
0.38476 0.04634
0.38863 0.04749
0.39242 0.048670
0.396130 0.04987
0.39977 0.05111
0.40334 0.0524
0.40685 0.05375
0.4103 0.05515
0.41368 0.056610
0.41702 0.05814
0.4203 0.05974
0.42353 0.06141
0.42671 0.063150
0.42983 0.06496
0.43288 0.06682
0.43583 0.06873
0.43864 0.07066
0.44125 0.07255
0.44358 0.07436
0.44559 0.07604
0.44726 0.07758
0.44863 0.079
0.44974 0.08029
0.45082 0.08173
-Inserting Flap s1223rtl-
0.54342 0.17859
0.54322 0.177570
0.542930 0.17609
0.54248 0.17453
0.54179 0.17284
0.54085 0.17095
0.53963 0.16878
0.53813 0.16632
0.53636 0.1636
0.53437 0.1607
0.532210 0.15768
0.52996 0.15462
0.52762 0.15156
0.525240 0.14853000
0.52282 0.14554
0.520350 0.14261
0.51783 0.13971
0.51525 0.13685
0.5126 0.134
0.50986 0.13114
0.50703 0.12825
0.50413 0.12534
0.50118 0.12239
0.4982 0.11945
0.49523 0.11653
0.49232 0.1137
0.48951 0.111
0.48682 0.10850
0.48428 0.10624
0.481860 0.10424
0.47951 0.10248
0.47721 0.10093
0.47492 0.09958
0.472640 0.09842
0.47036 0.09743
0.46807 0.09661
0.4658 0.0959700
0.46355 0.09549
0.46138 0.09517
0.45934 0.09499
0.45747 0.0949300
0.45582 0.09497
0.45438 0.09508
0.45314 0.095240
0.45207 0.09546
0.451140 0.0957
0.45034 0.09597
0.44964 0.09625
0.44902 0.096540
0.44849 0.09684
0.44802 0.09716
0.44762 0.09748
0.44728 0.09782
0.447 0.09818
0.44681 0.09859
0.44676 0.09905
0.44689 0.09952
0.44715 0.09997
0.44751 0.10042
0.44795 0.100890
0.44849 0.101410
0.44913 0.10198
0.44992 0.102650
0.45089 0.10343
0.45213 0.10438
0.45371 0.10556
0.45574 0.10702
0.45819 0.10873
0.46099 0.1106
0.46404 0.11254
0.4673200 0.11455
0.4708 0.11662
0.47439 0.11875
0.47803 0.12090
0.48167 0.123050
0.485250 0.125180
0.48877 0.1273
0.492210 0.12942
0.49557 0.13153
0.49884 0.13366
0.50204 0.1358
0.50516 0.13797
0.50820 0.140180
0.51116 0.14242
0.51405 0.144710
0.51688 0.14705
0.51964 0.14945
0.52232 0.1519
0.52494 0.1544
0.52749 0.15695
0.52995 0.15955
0.53231 0.16216
0.53453 0.164740
0.53655 0.16724
0.53834 0.16959
0.53984 0.17174
0.54106 0.17366
0.54202 0.175380
0.542750 0.176910
0.54342 0.17859
*.*.Setup: s1223rtl.txt as Flap 1, Inverted: y, Scale = 1.0, AoA = 2.0, Reposition from (0,0) = (0, 0)*.*.
*.*.Setup: s1223rtl.txt as Flap 2, Inverted: y, Scale = 0.35, AoA = 25.0, Reposition from previous T.E. = (-0.06, 0.045), Reposition from (0,0) = (0.9394, 0.0799)*.*.
*.*.Setup: s1223rtl.txt as Flap 3, Inverted: y, Scale = 0.35, AoA = 40.0, Reposition from previous T.E. = (-0.01, 0.045), Reposition from (0,0) = (1.2466, 0.2728)*.*.
*.*.Setup: Scale Ratio = 0.35876*.*.