0.35804 -0.03015
0.35726 -0.030890
0.35569 -0.03231
0.353360 -0.03441
0.35041 -0.03703
0.346990 -0.03998
0.34326 -0.04308
0.33938 -0.04611
0.33548 -0.048950
0.33159 -0.05157
0.32771 -0.05401
0.32383 -0.05630
0.31996 -0.058470
0.31608 -0.06055
0.31222 -0.06254
0.30835 -0.06446
0.30449 -0.06629
0.30063 -0.06806
0.29677 -0.06975
0.29291 -0.07139
0.28906 -0.07296
0.28521 -0.07447
0.28136 -0.07593
0.27751 -0.07733
0.27367 -0.07868
0.26982 -0.07997
0.26598 -0.0812
0.26214 -0.08236
0.2583 -0.08347
0.25447 -0.08451
0.25064 -0.08551
0.2468 -0.08646
0.24297 -0.08739
0.23914 -0.08828
0.23531 -0.08915
0.23149 -0.08999
0.22766 -0.09078
0.22384 -0.09153
0.22001 -0.09223
0.21619 -0.09289
0.21237 -0.09349
0.20855 -0.09405
0.20474 -0.09456
0.20092 -0.09503
0.19711 -0.09546
0.1933 -0.095850
0.189480 -0.09621
0.18567 -0.09653
0.18187 -0.09681
0.17806 -0.09705
0.17425 -0.09726
0.17045 -0.09743
0.16665 -0.09755
0.16284 -0.097630
0.15904 -0.09766
0.15525 -0.09764
0.15145 -0.09758
0.14766 -0.09748
0.14386 -0.09732
0.14007 -0.09713
0.13628 -0.09688
0.13249 -0.09659
0.12871 -0.09624
0.12492 -0.09585
0.12114 -0.09541
0.11736 -0.09492
0.11358 -0.0944
0.1098 -0.09383
0.10602 -0.0932400
0.10224 -0.0926
0.09847 -0.0919
0.0947 -0.09114
0.09093 -0.0903
0.08716 -0.08937
0.0834 -0.08836
0.07964 -0.08726
0.07588 -0.086070
0.07212 -0.0848
0.06837 -0.08344
0.06463 -0.08198
0.06088 -0.08040
0.05714 -0.0787
0.05341 -0.07684
0.04968 -0.07484
0.045960 -0.07267
0.04224 -0.07035
0.03853 -0.06789
0.03482 -0.06528
0.03112 -0.06252
0.02742 -0.05955
0.02374 -0.056290
0.02007 -0.05266
0.01641 -0.04859
0.0128 -0.04405
0.00934 -0.039160
0.0062 -0.03412
0.00352 -0.02908
0.00143 -0.02422
7e-05 -0.01972
-0.00043 -0.01220
0.00043 -0.00938
0.00202 -0.00734
0.00432 -0.00612
0.0072 -0.00562
0.01051 -0.00571
0.01412 -0.00623
0.01786 -0.00704
0.02162 -0.008030
0.02538 -0.00916
0.02914 -0.01043
0.03289 -0.01182
0.03663 -0.01333
0.04038 -0.01495
0.04412 -0.01667
0.04785 -0.01847
0.05158 -0.020340
0.05532 -0.02226
0.05905 -0.02423
0.06277 -0.02622
0.0665 -0.02824
0.07023 -0.03026
0.07396 -0.032280
0.07769 -0.03428
0.08142 -0.03627
0.08515 -0.03823
0.08888 -0.04017
0.09261 -0.04207
0.09634 -0.04395
0.10008 -0.04578
0.10381 -0.04758
0.10755 -0.04934
0.11129 -0.05106
0.11503 -0.05273
0.11877 -0.05436
0.12251 -0.05595
0.12626 -0.05749
0.13001 -0.05899
0.13375 -0.060440
0.1375 -0.06184
0.14126 -0.06319
0.14501 -0.06449
0.14876 -0.06574
0.15252 -0.06693
0.15628 -0.06807
0.16004 -0.06915
0.1638 -0.07018
0.167570 -0.07115
0.17133 -0.07205
0.1751 -0.07291
0.17887 -0.07370
0.18265 -0.07445
0.18642 -0.07516
0.1902 -0.07582
0.19397 -0.07644
0.19775 -0.077
0.20153 -0.0775
0.20532 -0.07794
0.2091 -0.0783
0.21289 -0.07859
0.21668 -0.078820
0.22048 -0.07897
0.22427 -0.07906
0.22807 -0.079080
0.23187 -0.0790300
0.235670 -0.0789
0.23948 -0.078710
0.24329 -0.07844
0.2471 -0.07809
0.25091 -0.07767
0.25473 -0.07716
0.25855 -0.07657
0.26237 -0.0759
0.26619 -0.07515
0.27002 -0.0743
0.27385 -0.07336
0.27769 -0.07233
0.28153 -0.0712
0.28537 -0.06996
0.28921 -0.06863
0.2930600 -0.0672
0.29691 -0.06569
0.30077 -0.0641
0.30462 -0.06243
0.30848 -0.06068
0.31234 -0.05886
0.31621 -0.05697
0.320080 -0.055
0.32395 -0.05296
0.32782 -0.05083
0.3317 -0.0486
0.33558 -0.04623
0.33946 -0.04372
0.34333 -0.04106
0.34704 -0.0384
0.35045 -0.03587
0.35339 -0.03364
0.35571 -0.03186
0.35727 -0.03066
0.35804 -0.03015
-Inserting Flap Ga2-
0.43322 0.02787
0.43318 0.02766
0.43310 0.02724
0.43298 0.02662
0.43283 0.02585
0.43264 0.02497
0.43241 0.02402
0.43216 0.02307
0.43188 0.02215
0.43157 0.02126
0.43124 0.02041
0.4309 0.01957
0.430540 0.01876
0.43018 0.01796
0.4298 0.01718
0.42941 0.01641
0.42901 0.01565
0.42861 0.0149
0.4282 0.01417
0.42778 0.01344
0.42735 0.01273
0.42692 0.01202
0.42648 0.01133
0.42603 0.01064
0.42558 0.00996
0.42512 0.00929
0.424660 0.00863
0.42418 0.00799
0.4237 0.00735
0.42322 0.00672
0.42273 0.0061
0.422230 0.00549
0.42173 0.00488
0.42122 0.00427
0.42072 0.00367
0.42021 0.00308
0.41969 0.002490
0.41917 0.00191
0.41864 0.00134
0.41811 0.00077
0.41757 0.00022
0.41703 -0.000330
0.41648 -0.00087
0.41593 -0.00141
0.415370 -0.00193
0.41481 -0.00246
0.41425 -0.00297
0.41368 -0.00348
0.4131 -0.0039800
0.41252 -0.00448
0.41194 -0.00497
0.41135 -0.00546
0.41076 -0.00593
0.41016 -0.0064
0.40956 -0.00687
0.408950 -0.00732
0.408340 -0.00777
0.40772 -0.00821
0.40709 -0.00864
0.40646 -0.00906
0.40583 -0.00948
0.40519 -0.009890
0.40454 -0.01029
0.403890 -0.01068
0.40323 -0.01107
0.40257 -0.01145
0.4019 -0.011820
0.40123 -0.01218
0.40056 -0.01254
0.39988 -0.012890
0.39919 -0.01324
0.3985 -0.01357
0.397790 -0.01389
0.39708 -0.0142
0.39636 -0.01449
0.39562 -0.01476
0.39488 -0.01503
0.39413 -0.01527
0.39336 -0.01551
0.39259 -0.01573
0.3918 -0.01593
0.391 -0.0161
0.390180 -0.01626
0.38934 -0.01638
0.38849 -0.01649
0.38762 -0.01656
0.38673 -0.01662
0.38582 -0.01665
0.3849 -0.01665
0.38395 -0.01662
0.38297 -0.01654
0.38194 -0.01641
0.38087 -0.0162
0.37975 -0.01591
0.378610 -0.01554
0.3775 -0.01511
0.37646 -0.01463
0.37554 -0.014110
0.37478 -0.01355
0.3738 -0.01241
0.3736 -0.011860
0.37361 -0.01134
0.373830 -0.01087
0.37423 -0.01044
0.37477 -0.01006
0.3754 -0.00971
0.3761 -0.00939
0.37682 -0.00909
0.37756 -0.00882
0.37831 -0.00857
0.37908 -0.00834
0.37986 -0.00813
0.380650 -0.007940
0.3814500 -0.00776
0.38227 -0.0076
0.38309 -0.007450
0.38392 -0.00731
0.38475 -0.00717
0.385580 -0.00704
0.38642 -0.00692
0.38726 -0.00679
0.3881 -0.00666
0.388940 -0.00654
0.38977 -0.0064
0.3906 -0.00627
0.39143 -0.00613
0.39226 -0.00598
0.39308 -0.00583
0.3939 -0.005680
0.39471 -0.00551
0.39552 -0.00535
0.39632 -0.00517
0.39712 -0.00499
0.39791 -0.00480
0.3987 -0.0046
0.39949 -0.0044
0.40027 -0.00418
0.40104 -0.00397
0.40181 -0.00374
0.40257 -0.0035
0.40332 -0.00326
0.40407 -0.003
0.40482 -0.00274
0.40556 -0.00247
0.40629 -0.00219
0.40701 -0.0019
0.40773 -0.00161
0.40844 -0.0013
0.40914 -0.00098
0.40984 -0.000650
0.41054 -0.00032
0.41122 0.000064
0.41191 0.00037
0.41258 0.00073
0.41325 0.00109
0.41392 0.001470
0.41458 0.00185
0.41522 0.00225
0.41586 0.00266
0.4165 0.00308
0.41712 0.00351
0.41774 0.00396
0.41835 0.00441
0.41895 0.00488
0.419540 0.00535
0.42012 0.00584
0.4207 0.00634
0.42127 0.00686
0.42183 0.00738
0.42237 0.007920
0.42291 0.00848
0.42344 0.00904
0.42396 0.00963
0.42447 0.01022
0.42497 0.01083
0.42546 0.01146
0.42594 0.0121
0.4264 0.01276
0.42686 0.01344
0.4273 0.01413
0.42773 0.01483
0.42816 0.01555
0.42857 0.01628
0.42898 0.01703
0.42937 0.01778
0.42976 0.018550
0.430150 0.01933
0.43052 0.02012
0.43088 0.02093
0.43123 0.02175
0.43157 0.0226
0.43188 0.02347
0.43218 0.02435
0.43245 0.02523
0.43269 0.02604
0.4329 0.026750
0.43305 0.027310
0.43316 0.02769
0.43322 0.02787
-Inserting Flap Ga2-
0.49163 0.104380
0.49167 0.10417
0.49174 0.10375
0.491840 0.10313
0.49195 0.10235
0.49208 0.10145
0.49219 0.10049
0.49228 0.099510
0.49233 0.09855
0.49234 0.09761
0.49233 0.09669
0.49229 0.09579
0.49223 0.09491
0.49216 0.09403
0.49207 0.09316
0.491970 0.09231
0.49186 0.09146
0.49174 0.09062
0.4916 0.089790
0.49145 0.08896
0.4913 0.08815
0.49113 0.08734
0.490960 0.08653
0.49077 0.08573
0.49058 0.08494
0.49038 0.08416
0.49017 0.08338
0.48994 0.08261
0.48971 0.081840
0.489470 0.081090
0.48922 0.08033
0.48896 0.07959
0.4887 0.07884
0.48843 0.0781
0.48816 0.07737
0.48788 0.07663
0.4876 0.07591
0.48731 0.075180
0.48701 0.07446
0.4867 0.07375
0.48639 0.07305
0.48607 0.07234
0.48574 0.07165
0.4854 0.070960
0.48506 0.07027
0.48471 0.06959
0.48435 0.06891
0.48399 0.068240
0.483620 0.06757
0.483250 0.06690
0.48287 0.06624
0.48248 0.065590
0.48209 0.06493
0.48169 0.06429
0.481280 0.063650
0.48086 0.06301
0.480440 0.06238
0.48001 0.06176
0.47957 0.06114
0.47912 0.06052
0.47867 0.05991
0.4782100 0.05931
0.477740 0.05871
0.47726 0.058120
0.47677 0.05753
0.47628 0.05695
0.47578 0.05638
0.47527 0.0558
0.47476 0.05523
0.47424 0.05467
0.47371 0.05411
0.47318 0.05356
0.47262 0.05302
0.472060 0.05249
0.47148 0.05197
0.47088 0.05146
0.47028 0.05096
0.46965 0.05047
0.46902 0.04999
0.46836 0.04952
0.46769 0.04906
0.467 0.04862
0.466280 0.0482
0.4655400 0.04779
0.46477 0.0474
0.46398 0.04703
0.46316 0.04668
0.46232 0.04634
0.46145 0.04602
0.46055 0.04572
0.4596 0.04546
0.45859 0.04524
0.45751 0.04507
0.45636 0.04496
0.45516 0.04491
0.45397 0.04493
0.45283 0.04503
0.45179 0.04521
0.45089 0.04547
0.44957 0.04621
0.44919 0.046660
0.44902 0.04715
0.44907 0.04767
0.4493 0.0482
0.44968 0.04875
0.45016 0.0493
0.4507 0.04984
0.45128 0.05036
0.451880 0.050870
0.4525 0.05136
0.45314 0.05184
0.4538 0.0523
0.45448 0.052750
0.45517 0.05319
0.45588 0.05362
0.4566 0.05404
0.45733 0.05446
0.45807 0.05487
0.45881 0.05528
0.45955 0.05569
0.4603 0.05609
0.46104 0.0565
0.46179 0.0569
0.46253 0.05731
0.46326 0.05773
0.46399 0.05814
0.46472 0.05856
0.46544 0.05898
0.46615 0.05941
0.46686 0.05984
0.46756 0.06027
0.46826 0.06071
0.46895 0.06116
0.46963 0.06161
0.47030 0.06206
0.47097 0.06252
0.47163 0.06299
0.47228 0.06346
0.47292 0.06394
0.47356 0.06442
0.47419 0.06491
0.4748 0.0654
0.47541 0.0659
0.47601 0.06641
0.47661 0.06692
0.47719 0.06744
0.47776 0.067960
0.47832 0.0685
0.47888 0.06904
0.47942 0.06958
0.47996 0.07013
0.48049 0.07069
0.48101 0.07125
0.48152 0.07182
0.48203 0.07239
0.48253 0.07297
0.48301 0.07356
0.48348 0.07415
0.48395 0.07476
0.4844 0.07537
0.48484 0.07599
0.48526 0.07661
0.48568 0.07725
0.48609 0.07789
0.48648 0.07854
0.48686 0.0792
0.48723 0.07987
0.48759 0.08055
0.48793 0.08123
0.48826 0.08193
0.48858 0.08263
0.48888 0.08335
0.48917 0.08407
0.48945 0.08481
0.48971 0.08555
0.48995 0.08631
0.49018 0.08707
0.49039 0.08785
0.49059 0.08864
0.49077 0.089440
0.49093 0.09025
0.49109 0.09107
0.491230 0.0919
0.49135 0.09274
0.49147 0.09359
0.49157 0.09444
0.491660000 0.0953
0.49174 0.09618
0.49181 0.09706
0.49186 0.09795
0.49188 0.09886
0.49188 0.09979
0.49186 0.10072
0.49182 0.10164
0.49176 0.10248
0.49171 0.10322
0.49166 0.1038
0.49163 0.10419
0.49163 0.104380
*.*.Setup: Ga2.txt as Flap 1, Inverted: y, Scale = 1.0, AoA = -2.0, Reposition from (0,0) = (0, 0)*.*.
*.*.Setup: Ga2.txt as Flap 2, Inverted: y, Scale = 0.2, AoA = 35.0, Reposition from previous T.E. = (0.04, 0.055), Reposition from (0,0) = (1.0377, -0.029)*.*.
*.*.Setup: Ga2.txt as Flap 3, Inverted: y, Scale = 0.2, AoA = 55.0, Reposition from previous T.E. = (0.04, 0.055), Reposition from (0,0) = (1.2471, 0.1327)*.*.
*.*.Setup: Scale Ratio = 0.35888*.*.