0.3414 0.01192
0.33927 0.01008
0.33617 0.00739
0.33257 0.00479
0.32827 0.00233
0.32308 -0.00015
0.31683 -0.00275
0.30949 -0.005510
0.30114 -0.00837
0.29201 -0.01126
0.28235 -0.014130
0.27238 -0.01691
0.26225 -0.01956
0.25207 -0.02207
0.24188 -0.02441
0.23168 -0.02657
0.2214300 -0.02856
0.21109 -0.03037
0.20062 -0.03204
0.18996 -0.03359
0.17907 -0.03504
0.16797 -0.03643
0.15671 -0.03779
0.14538 -0.03912
0.13415 -0.0404
0.12316 -0.0416
0.1126 -0.04267
0.1026500 -0.04353
0.09343 -0.04412
0.08489 -0.04435
0.07691 -0.0442
0.06938 -0.04366
0.06222 -0.04273
0.0553700 -0.0414
0.04882 -0.03969
0.04256 -0.0376
0.0366 -0.03518
0.03099 -0.03245
0.0258 -0.02951
0.02111 -0.02647
0.01701 -0.02347
0.0135300 -0.02062
0.01063 -0.01797
0.00825 -0.01553
0.00631 -0.01328
0.00473 -0.01121
0.00345 -0.00929
0.00242 -0.00752
0.0016 -0.00586
0.00096 -0.00432
0.00049 -0.00287
0.00017 -0.0015
0.000013 -0.00021
0.000035 0.00103
0.00028 0.00224
0.00094 0.00331
0.002 0.0041
0.003320 0.00463
0.00485 0.005
0.00660 0.00527
0.0086 0.00547
0.01095 0.00563
0.01374 0.00573
0.01714 0.00578
0.021390 0.00575
0.02677 0.00563
0.03354 0.00536
0.04167 0.00492
0.05079 0.00424
0.0606 0.00329
0.07099 0.00209
0.08191 0.00072
0.09317 -0.00073
0.10459 -0.00223
0.11598 -0.00371
0.12724 -0.005140
0.13833 -0.00648
0.14925 -0.00771
0.15999 -0.00880
0.170570 -0.00973
0.18101 -0.01049
0.19133 -0.01106
0.20154 -0.01142
0.21165 -0.01158
0.22169 -0.01152
0.23167 -0.01123
0.24159 -0.01071
0.25146 -0.00996
0.26127 -0.0089800
0.271 -0.00777
0.28062 -0.006340
0.29005 -0.0047
0.29913 -0.00287
0.30767 -0.0009
0.31543 0.00115
0.32224 0.00323
0.32808 0.00532
0.33301 0.0074
0.33716 0.009450
0.3414 0.01192
-Inserting Flap s1223rtl-
0.43405 0.09006
0.43372 0.08913
0.43324 0.08778
0.4326 0.08636
0.43172 0.08487
0.43057 0.08322
0.42912 0.081340
0.42736 0.07923
0.42532 0.07692
0.42305 0.07446
0.4206 0.07191
0.41805 0.06934
0.41543 0.06677
0.41277 0.06425
0.41008 0.06177
0.40735 0.05935
0.40458 0.05697
0.40175 0.05462
0.39885 0.05230
0.39588 0.04999
0.39282 0.04766
0.38968 0.04531
0.38649 0.04295
0.38328 0.04058
0.38008 0.038250
0.37695 0.03598
0.37392 0.03382
0.37105 0.03184
0.36834 0.03006
0.36579 0.02851
0.363330 0.02718
0.36095 0.02604
0.35861 0.02508
0.3563 0.0243
0.35401 0.02368
0.35174 0.02323
0.34951 0.02294
0.347330 0.02279
0.34524 0.02279
0.34329 0.0229
0.34153 0.0231
0.33997 0.02337
0.3386300 0.023670
0.33749 0.024
0.33651 0.02435
0.33567 0.02470
0.33495 0.02507
0.33433 0.02543
0.333790 0.025790
0.33333 0.02615
0.33293 0.02651
0.3326 0.02687
0.33232 0.02723
0.33211 0.02761
0.33198 0.02802
0.332 0.02846
0.33218 0.02889
0.3325 0.02928
0.3329 0.02966
0.33338 0.03004
0.33396 0.03045
0.33464 0.03090
0.33547 0.031420
0.3365 0.03202
0.33779 0.03275
0.33945 0.03364
0.34156 0.03474
0.34411 0.03601
0.347 0.037380
0.35015 0.03879
0.35352 0.04023
0.35707 0.0417
0.36075 0.04321
0.36448 0.04473
0.36820 0.04626
0.37187 0.04777
0.37548 0.04929
0.37901 0.0508
0.38247 0.05233
0.38585 0.05388
0.38915 0.05546
0.39239 0.05708
0.395560 0.05873
0.39866 0.06044
0.4017 0.0622
0.40469 0.06401
0.40761 0.06589
0.41049 0.06782
0.4133 0.06982
0.41605 0.07188
0.41873 0.07398
0.42131 0.07611
0.42376 0.07824
0.42601 0.08032
0.42802 0.08229
0.42973 0.08410
0.43114 0.08575
0.43228 0.08723
0.43319 0.08857
0.43405 0.09006
-Inserting Flap s1223rtl-
0.54565 0.17401
0.54538 0.17306
0.54498 0.17168
0.54442 0.17024
0.54363 0.16869
0.542570 0.16698
0.54124 0.16502
0.53961 0.16281
0.5377 0.16038
0.535570 0.15779
0.53328 0.15511
0.53089 0.15239
0.52842 0.14968
0.52591 0.14701
0.52337 0.144380
0.52078 0.1418
0.518150 0.13926
0.51547 0.13676
0.51271 0.13427
0.50987 0.131780
0.50696 0.12928
0.50396 0.12676
0.500920 0.12421
0.49784 0.12167
0.49479 0.11915
0.49179 0.1167
0.4889 0.11437
0.48614 0.11222
0.48355 0.11029
0.48108 0.1086
0.47871 0.10712
0.4764 0.10584
0.474120 0.10475
0.47186 0.10384
0.46961 0.10309
0.46737 0.10251
0.46516 0.10208
0.46299 0.10181
0.460910 0.10169
0.45896 0.10169
0.457180 0.10179
0.45561 0.10196
0.45426 0.102180
0.45309 0.10245
0.4521 0.10274
0.45124 0.103050
0.4505 0.10336
0.44986 0.10369
0.44930 0.10402
0.44882 0.10435
0.4484 0.104680
0.44805 0.10503
0.44775 0.10537
0.447520 0.10574
0.44737 0.10614
0.44736 0.10659
0.44752 0.10702
0.44781 0.10743
0.44818 0.10783
0.44864 0.10824
0.44919 0.10868
0.44985 0.10917
0.45065 0.10973
0.45164 0.1104
0.45289 0.11120
0.4545 0.11219
0.45654 0.1134
0.459010 0.11482
0.46181 0.11636
0.464870 0.11795
0.46815 0.11958
0.47162 0.12126
0.4752 0.12298
0.47884 0.12472
0.48246 0.12645
0.48604 0.128180
0.48955 0.1299
0.49299 0.13162
0.49635 0.13335
0.49964 0.13509
0.50285 0.13686
0.50598 0.13866
0.50905 0.1405
0.51205 0.1423800
0.51498 0.14431
0.51786 0.14630
0.52067 0.14834
0.52342 0.15044
0.526120 0.1526
0.52874 0.15481
0.53129 0.15707
0.53375 0.159340
0.53606 0.1616100
0.53819 0.16382
0.54008 0.1659
0.54168 0.16781
0.543 0.16953
0.54405 0.17108
0.54488 0.17248
0.54565 0.17401
*.*.Setup: s1223rtl.txt as Flap 1, Inverted: y, Scale = 1.0, AoA = 2.0, Reposition from (0,0) = (0, 0)*.*.
*.*.Setup: s1223rtl.txt as Flap 2, Inverted: y, Scale = 0.35, AoA = 31.666666666666668, Reposition from previous T.E. = (-0.0267, 0.045), Reposition from (0,0) = (0.9727, 0.0799)*.*.
*.*.Setup: s1223rtl.txt as Flap 3, Inverted: y, Scale = 0.35, AoA = 35.0, Reposition from previous T.E. = (0.04, 0.045), Reposition from (0,0) = (1.3106, 0.3086)*.*.
*.*.Setup: Scale Ratio = 0.3416*.*.