0.33768 -0.01179
0.33545 -0.01346
0.33221 -0.0159
0.32848 -0.018220
0.32407 -0.02035
0.31877 -0.02243
0.31243 -0.02458
0.305 -0.026790
0.29657 -0.02904
0.287350 -0.03126
0.27762 -0.03342
0.26759 -0.03547
0.257420 -0.0374
0.2472 -0.03917
0.23698 -0.04078
0.226760 -0.04221
0.216520 -0.043460
0.20619 -0.04454
0.19574 -0.04546
0.18512 -0.04625
0.17428 -0.04693
0.16323 -0.04754
0.15202 -0.0481
0.14075 -0.04863
0.12958 -0.04912
0.11865 -0.049550
0.10816 -0.0498700
0.09828 -0.050040
0.089140 -0.04998
0.0807 -0.04962
0.07284 -0.048920
0.06545 -0.04787
0.05844 -0.04645
0.05178 -0.04467
0.04543 -0.04253
0.0394 -0.04004
0.03369 -0.0372400
0.028340 -0.03416
0.02342 -0.0309
0.01901 -0.02757
0.015170 -0.02433
0.01193 -0.02128
0.00925 -0.01847
0.00707 -0.015890
0.00531 -0.01354
0.0039 -0.0113900
0.00277 -0.00941
0.00187 -0.00758
0.00117 -0.0059
0.00065 -0.00433
0.00028 -0.00286
6e-05 -0.00149
-0.000029 -0.0002
8e-05 0.00102
0.00043 0.00219
0.00116 0.00320
0.00226 0.00391
0.0036 0.00434
0.005130 0.0046
0.00687 0.00474
0.008870 0.00481
0.01119 0.0048
0.01395 0.004710
0.01731 0.00452
0.0215 0.0042
0.0268 0.0037
0.03347 0.00298
0.0414600 0.001980
0.05041 0.00068
0.06002 -0.00094
0.07019 -0.00284
0.08087 -0.00494
0.09188 -0.00715
0.10304 -0.00942
0.11418 -0.01166
0.12519 -0.01385
0.13605 -0.015940
0.14673 -0.0179
0.157260 -0.01972
0.16764 -0.02137
0.17788 -0.02284
0.18802 -0.02411
0.1980700 -0.02518
0.20804 -0.02603
0.21795 -0.02666
0.22782 -0.02706
0.23764 -0.02724
0.24743 -0.02718
0.25718 -0.02689
0.26687 -0.02637
0.27646 -0.02562
0.28587 -0.02465
0.29496 -0.02347
0.30352 -0.02211
0.31131 -0.02063
0.31818 -0.01904
0.324080 -0.01739
0.3291 -0.01568
0.33333 -0.01394
0.33768 -0.01179
-Inserting Flap s1223rtl-
0.43585 0.06015
0.43542 0.05927
0.4348 0.0580
0.43401 0.05668
0.43297 0.05532
0.43165 0.05383
0.43001 0.05215
0.428040 0.05028
0.42577 0.04824
0.42325 0.04608
0.42056 0.04386
0.41776 0.04163
0.41489 0.03941
0.41199 0.03723
0.40906 0.035110
0.4061 0.03304
0.4031 0.03102
0.40005 0.02905
0.39694 0.0271
0.39375 0.02516
0.39048 0.02323
0.387130 0.02128
0.38372 0.01933
0.3802900 0.01737
0.37689 0.01544
0.37355 0.01357
0.37033 0.0118
0.36727 0.01018
0.36441 0.00875
0.36172 0.00752
0.35916 0.00649
0.35669 0.00564
0.35428 0.00497
0.35192 0.00447
0.3496 0.00413
0.34732 0.00394
0.34509 0.00391
0.34294 0.00402
0.34089 0.00426
0.33898 0.00459
0.33727 0.00499
0.33577 0.005430
0.33449 0.00588
0.3334 0.00634
0.33248 0.00679
0.3317 0.00724
0.33103 0.00768
0.33046 0.0081
0.32997 0.00852
0.32956 0.00892
0.32921 0.00932
0.32893 0.00972
0.3287 0.01011
0.32854 0.0105
0.32846 0.01092
0.32852 0.01135
0.32876 0.01175
0.32911 0.0121
0.32954 0.01242
0.33006 0.012740
0.33067 0.01308
0.3314 0.01344
0.33228 0.01386
0.33335 0.01433
0.33471 0.0149
0.33644 0.01558
0.33864 0.01642
0.34129 0.01737
0.34429 0.01839
0.34754 0.01941
0.35101 0.02044
0.35468 0.02148
0.35846 0.02254
0.3623 0.02361
0.36613 0.02468
0.36992 0.02575
0.37363 0.02682
0.37728 0.02790
0.38085 0.02901
0.38435 0.03014
0.38778 0.03131
0.39114 0.03253
0.39444 0.03379
0.39769 0.03511
0.40088 0.03649
0.40402 0.03793
0.407110 0.03944
0.41015 0.041010
0.41315 0.04265
0.41609 0.044350
0.41896 0.04611
0.42174 0.04791
0.42438 0.04972
0.42684 0.0515
0.42903 0.0532
0.43092 0.05479
0.4325 0.05624
0.43379 0.05757
0.43484 0.05879
0.43585 0.06015
-Inserting Flap s1223rtl-
0.53996 0.15475
0.53977 0.15379
0.5395 0.1524
0.539070 0.15092
0.5384300 0.149340
0.53754 0.14755
0.53639 0.145510
0.53497 0.14319
0.53331 0.140640
0.53143 0.1379
0.52941 0.13506
0.52728 0.132180
0.52508 0.12929
0.52284 0.12644
0.520560 0.12363
0.51823 0.12086
0.51586 0.11814
0.51343 0.11544
0.51093 0.11275
0.50835 0.11006
0.50569 0.10734
0.50296 0.1046
0.50017 0.10183
0.49737 0.09905
0.49458 0.0963
0.491830 0.09363
0.48918 0.09109
0.48665 0.08874
0.484260 0.08661
0.48198 0.08473
0.47977 0.08307
0.4776 0.08161
0.47545 0.08034
0.4733 0.07924
0.47115 0.078310
0.46899 0.07755
0.46685 0.07694
0.46474 0.07649
0.4627 0.07618
0.46077 0.07601
0.45901 0.07596
0.45745 0.07599
0.4561 0.0761
0.45493 0.07626
0.45392 0.07645
0.45305 0.07668
0.45229 0.07693
0.45163 0.0772
0.451050 0.07747
0.45055 0.07776
0.45011 0.078060
0.44973 0.07836
0.44941 0.07868
0.44915 0.07902
0.44897 0.0794
0.44892 0.07984
0.449040 0.080280
0.44929 0.08071
0.44963 0.08113
0.45005 0.08158
0.45055 0.08206
0.45116 0.0826
0.45190 0.08323
0.45281 0.08396
0.45398 0.08486
0.45547 0.08597
0.45738 0.08735
0.45969 0.08896
0.462320 0.09072
0.4652 0.09255
0.46829 0.09444
0.47156 0.09639
0.47494 0.09839
0.47838 0.10042
0.4818 0.10244
0.48518 0.10445
0.48849 0.10645
0.49173 0.10844
0.49489 0.11043
0.49798 0.11243
0.50099 0.11445
0.50392 0.1165
0.50678 0.11857
0.509580 0.12069
0.5123 0.12284
0.51496 0.12505
0.517560 0.12730
0.52009 0.12961
0.522560 0.13197
0.52496 0.13437
0.52728 0.13682
0.5295 0.13927
0.53158 0.14171
0.53349 0.14406
0.53517 0.14628
0.53659 0.1483
0.53774 0.15011
0.53864 0.15173
0.53933 0.15317
0.53996 0.15475
*.*.Setup: s1223rtl.txt as Flap 1, Inverted: y, Scale = 1.0, AoA = -2.0, Reposition from (0,0) = (0, 0)*.*.
*.*.Setup: s1223rtl.txt as Flap 2, Inverted: y, Scale = 0.35, AoA = 25.0, Reposition from previous T.E. = (-0.0267, 0.065), Reposition from (0,0) = (0.9727, 0.0301)*.*.
*.*.Setup: s1223rtl.txt as Flap 3, Inverted: y, Scale = 0.35, AoA = 40.0, Reposition from previous T.E. = (0.04, 0.055), Reposition from (0,0) = (1.3299, 0.233)*.*.
*.*.Setup: Scale Ratio = 0.33789*.*.