0.33463 -0.01169
0.33242 -0.01334
0.3292 -0.01576
0.32551 -0.018050
0.32114 -0.02017
0.31589 -0.02223
0.30961 -0.02436
0.30224 -0.026550
0.29388 -0.02877
0.284750 -0.03098
0.27511 -0.03312
0.26517 -0.03515
0.255090 -0.03706
0.24496 -0.03882
0.23484 -0.04041
0.224710 -0.04182
0.214560 -0.043060
0.20433 -0.04413
0.19397 -0.04505
0.18344 -0.04583
0.1727 -0.04651
0.16175 -0.04711
0.15064 -0.04766
0.13948 -0.04819
0.1284 -0.04867
0.11758 -0.04910
0.10718 -0.0494200
0.0974 -0.049590
0.088340 -0.04952
0.07997 -0.04917
0.07218 -0.048480
0.06485 -0.04743
0.05792 -0.04603
0.05131 -0.04427
0.04502 -0.04214
0.03904 -0.03968
0.03338 -0.036900
0.028080 -0.03385
0.02321 -0.03062
0.01883 -0.02733
0.015030 -0.02411
0.01182 -0.02109
0.00916 -0.0183
0.007 -0.015750
0.00526 -0.01342
0.00386 -0.0112800
0.00274 -0.00932
0.00185 -0.00751
0.00116 -0.00584
0.00064 -0.00429
0.00028 -0.00283
6e-05 -0.00148
-0.000029 -0.0002
8e-05 0.00101
0.00042 0.00217
0.00115 0.003170
0.00224 0.00387
0.00357 0.0043
0.005090 0.00456
0.00681 0.0047
0.008790 0.00476
0.01109 0.00475
0.01383 0.004660
0.01716 0.00448
0.02131 0.00416
0.02656 0.00367
0.03316 0.00295
0.0410800 0.001960
0.04996 0.00067
0.05947 -0.00093
0.06956 -0.00281
0.08014 -0.00489
0.09105 -0.00709
0.10211 -0.00933
0.11315 -0.01156
0.12406 -0.01372
0.13482 -0.015790
0.14541 -0.01774
0.155830 -0.01954
0.16612 -0.02118
0.17627 -0.02263
0.18632 -0.02389
0.1962800 -0.02495
0.20616 -0.02579
0.21598 -0.02642
0.22575 -0.02682
0.23549 -0.02699
0.24519 -0.02694
0.25485 -0.02665
0.26445 -0.02613
0.27396 -0.02539
0.28328 -0.02442
0.29229 -0.02326
0.30077 -0.02191
0.3085 -0.02044
0.3153 -0.01887
0.321150 -0.01723
0.32612 -0.01553
0.33031 -0.01381
0.33463 -0.01169
-Inserting Flap s1223rtl-
0.44777 0.0716
0.447440 0.07069
0.44698 0.06936
0.44635 0.06798
0.445480 0.06651
0.44435 0.064890
0.44294 0.06306
0.44121 0.06099
0.43921 0.05872
0.43698 0.0563
0.43459 0.05381
0.43209 0.05129
0.42952 0.04878
0.42691 0.04630
0.42427 0.04387
0.42159 0.04150
0.41888 0.03916
0.4161 0.03687
0.41327 0.03459
0.41035 0.03232
0.40735 0.03004
0.40428 0.02774
0.40115 0.02542
0.398 0.0231
0.39487 0.02081
0.3918 0.01859
0.38883 0.01648
0.38601 0.0145300
0.38336 0.01279
0.38086 0.01127
0.37845 0.00996
0.37612 0.00884
0.37382 0.00791
0.37156 0.00714
0.369310 0.00654
0.36709 0.00609
0.3649 0.00581
0.36277 0.00567
0.36072 0.00566
0.35881 0.00577
0.35708 0.00597
0.355560 0.00623
0.35424 0.00653
0.35312 0.00685
0.35216 0.00719
0.35134 0.00754
0.35063 0.0079
0.35002 0.00825
0.34949 0.0086
0.34904 0.00895
0.34865 0.00931
0.34833 0.00966
0.34806 0.01002
0.34785 0.01039
0.3477200 0.01079
0.34774 0.01123
0.34792 0.01164
0.34823 0.01202
0.34862 0.01239
0.34909 0.01277
0.34966 0.01317
0.35033 0.01361
0.35114 0.01412
0.35215 0.014710
0.35342 0.01543
0.355050 0.0163
0.35711 0.01737
0.35961 0.01862
0.36244 0.01997
0.36553 0.02135
0.36883 0.02276
0.37232 0.0242
0.37592 0.02568
0.37958 0.02717
0.38322 0.02867
0.38682 0.03015
0.390360 0.03164
0.39382 0.03312
0.39721 0.0346200
0.40052 0.03614
0.40376 0.03769
0.40693 0.03927
0.41004 0.04089
0.41308 0.04257
0.41606 0.04429
0.41899 0.04607
0.42186 0.04791
0.42467 0.04981
0.42743 0.05176
0.43013 0.053780
0.43275 0.05584
0.43528 0.05793
0.43768 0.06002
0.43989 0.06205
0.44185 0.06398
0.44353 0.06576
0.444920 0.06737
0.44603 0.06883
0.446920 0.070140
0.44777 0.0716
-Inserting Flap s1223rtl-
0.54041 0.15724
0.54015 0.15631
0.53976 0.15495
0.539210 0.15353
0.53843 0.15202
0.5374 0.15034
0.53609 0.14842
0.53449 0.14626
0.532620 0.14388
0.53054 0.14134
0.52829 0.13871
0.52594 0.13605
0.52353 0.13339
0.52107 0.13076
0.51857 0.12819
0.51604 0.12566
0.51346 0.12317
0.510830 0.12072
0.50813 0.11828
0.50535 0.11585
0.502490 0.11339
0.49955 0.11092
0.49657 0.10842
0.49356 0.10593
0.49056 0.10346
0.48762 0.10106
0.48479 0.098780
0.48209 0.09667
0.47954 0.094780
0.47713 0.09312
0.4748 0.091670
0.47254 0.09042
0.4703 0.08935
0.46808 0.08845
0.46588 0.08772
0.46369 0.08715
0.461520 0.08673
0.4594 0.086470
0.45735 0.08635
0.45544 0.08635
0.4537 0.086440
0.45216 0.08661
0.45083 0.08683
0.44969 0.0870900
0.44871 0.08737
0.44787 0.08768
0.44715 0.08799
0.44652 0.08831
0.44597 0.08863
0.4455 0.08895
0.44509 0.08928
0.44474 0.089620
0.4444600 0.08996
0.44423 0.09032
0.44408 0.09071
0.44407 0.09115
0.44423 0.09157
0.44451 0.09197
0.44488 0.09236
0.445330 0.092770
0.44587 0.0932
0.446520 0.09368
0.44730 0.09423
0.44827 0.09488
0.4495 0.09567
0.45107 0.09664
0.45307 0.09783
0.45549 0.09922
0.45824 0.10073
0.46124 0.10228
0.464450 0.10388
0.46785 0.10553
0.471360 0.10721
0.47493 0.108920
0.47848 0.11062
0.48199 0.11231
0.48543 0.114
0.4888 0.11569
0.49209 0.11738
0.49531 0.11909
0.49846 0.12082
0.50153 0.12258
0.50454 0.12439
0.50748 0.12623
0.51035 0.12813
0.51317 0.13007
0.515930 0.132070
0.51863 0.13413
0.52127 0.13625
0.52384 0.13842
0.52634 0.14063
0.52875 0.14286
0.53102 0.14508
0.53311 0.14724
0.53495 0.14928
0.53653 0.15116
0.53782 0.15285
0.53885 0.15437
0.53966 0.15573
0.54041 0.15724
*.*.Setup: s1223rtl.txt as Flap 1, Inverted: y, Scale = 1.0, AoA = -2.0, Reposition from (0,0) = (0, 0)*.*.
*.*.Setup: s1223rtl.txt as Flap 2, Inverted: y, Scale = 0.35, AoA = 31.666666666666668, Reposition from previous T.E. = (0.04, 0.065), Reposition from (0,0) = (1.0394, 0.0301)*.*.
*.*.Setup: s1223rtl.txt as Flap 3, Inverted: y, Scale = 0.35, AoA = 35.0, Reposition from previous T.E. = (-0.01, 0.055), Reposition from (0,0) = (1.3273, 0.2688)*.*.
*.*.Setup: Scale Ratio = 0.33483*.*.