0.35142 0.01227
0.34923 0.01038
0.34604 0.00761
0.34234 0.00493
0.33791 0.0024
0.33256 -0.00015
0.32614 -0.00283
0.31858 -0.005670
0.30999 -0.00861
0.30059 -0.01159
0.29064 -0.014540
0.28037 -0.0174
0.26995 -0.02014
0.25948 -0.02272
0.24898 -0.02513
0.23848 -0.02735
0.2279300 -0.0294
0.21729 -0.03127
0.20651 -0.03298
0.19554 -0.03457
0.18433 -0.03607
0.17291 -0.0375
0.16131 -0.0389
0.14965 -0.04026
0.13808 -0.04159
0.12677 -0.04283
0.11591 -0.04392
0.1056700 -0.04481
0.09617 -0.04541
0.08738 -0.04565
0.07917 -0.0455
0.07142 -0.04494
0.06405 -0.04398
0.05700 -0.04261
0.05025 -0.04085
0.04381 -0.03871
0.03767 -0.03621
0.0319 -0.0334
0.02656 -0.03038
0.02173 -0.02725
0.01751 -0.02416
0.0139200 -0.02122
0.01094 -0.0185
0.00849 -0.01599
0.0065 -0.01367
0.00487 -0.01154
0.00355 -0.00957
0.00249 -0.00774
0.00164 -0.00603
0.00099 -0.00444
0.0005 -0.00295
0.00017 -0.00154
0.000013 -0.00021
0.000035 0.00106
0.00029 0.00231
0.00097 0.00341
0.00206 0.00422
0.003420 0.00477
0.00499 0.00515
0.006790 0.00542
0.00886 0.00563
0.01127 0.00579
0.01414 0.0059
0.01765 0.00595
0.022020 0.00592
0.02756 0.00579
0.03453 0.00552
0.0429 0.00506
0.05229 0.00436
0.06237 0.00338
0.07308 0.00215
0.08431 0.00074
0.09591 -0.00076
0.10766 -0.00229
0.11939 -0.00382
0.13098 -0.005290
0.14239 -0.00667
0.15363 -0.00793
0.16469 -0.009060
0.175580 -0.01002
0.18633 -0.0108
0.19695 -0.01138
0.20745 -0.01176
0.21787 -0.01192
0.2282 -0.01185
0.23847 -0.01156
0.24868 -0.01103
0.25884 -0.01026
0.26894 -0.0092500
0.27896 -0.008
0.28886 -0.006530
0.29856 -0.00483
0.30791 -0.00295
0.3167 -0.00092
0.32469 0.00119
0.3317 0.00333
0.33771 0.00548
0.34279 0.00762
0.34706 0.009730
0.35142 0.01227
-Inserting Flap s1223rtl-
0.45359 0.08362
0.45314 0.08271
0.45249 0.08139
0.45166 0.08002
0.45058 0.0786
0.44921 0.07704
0.44751 0.0753
0.445460 0.07335
0.44309 0.07123
0.44047 0.068980
0.43767 0.06667
0.43475 0.06435
0.43177 0.06204
0.42875 0.05978
0.4257 0.05757
0.42262 0.05541
0.4195 0.05331
0.41633 0.051250
0.41309 0.04923
0.40977 0.04721
0.40637 0.04520
0.402880 0.04317
0.39933 0.04114
0.3957700 0.039110
0.39222 0.037100
0.38875 0.03515
0.38539 0.03331
0.38222 0.03163
0.37924 0.03013
0.37644 0.02885
0.37377 0.02778
0.3712 0.0269
0.36869 0.0262
0.36624 0.02568
0.36382 0.02532
0.36145 0.025130
0.35913 0.0251
0.35689 0.0252100
0.35475 0.02546
0.35277 0.02581
0.35099 0.02622
0.34943 0.02668
0.3481 0.02715
0.34697 0.02762
0.34601 0.0281
0.34519 0.02856
0.3445 0.02902
0.34391 0.029460
0.3434 0.029890
0.34297 0.03032
0.34261 0.03073
0.34231 0.03114
0.34208 0.03154
0.3419 0.03196
0.34182 0.03239
0.34189 0.0328400
0.34213 0.03325
0.3425 0.03362
0.34295 0.03395
0.34349 0.03429
0.34413 0.03464
0.34488 0.03502
0.34579 0.03545
0.34692 0.03594
0.34833 0.03653
0.35013 0.03725
0.35241 0.03811
0.35517 0.03911
0.35829 0.040170
0.36168 0.04123
0.36529 0.0423
0.36911 0.04338
0.37305 0.04448
0.37704 0.0456
0.38103 0.04671
0.38497 0.04782
0.38883 0.04894
0.39263 0.05007
0.39634 0.051220
0.39998 0.0524
0.40355 0.05361
0.40705 0.05488
0.41049 0.05619
0.41387 0.05757
0.41719 0.0590
0.42046 0.0605
0.423670 0.06207
0.42684 0.06371
0.42996 0.065410
0.43301 0.06718
0.436 0.06901
0.4389 0.07088
0.44165 0.07277
0.44421 0.07462
0.44649 0.0764
0.44846 0.07805
0.4501 0.07956
0.45144 0.08094
0.45253 0.08221
0.45359 0.08362
-Inserting Flap s1223rtl-
0.54435 0.17856
0.54415 0.177560
0.54387 0.17611
0.543430 0.17458
0.5427500 0.17292
0.54182 0.17107
0.54063 0.16894
0.53916 0.16653
0.53742 0.16387
0.53547 0.16102
0.53336 0.15807
0.53115 0.15506
0.52886 0.15206
0.52653 0.14909000
0.524160 0.14617
0.52174 0.14329
0.51927 0.14046
0.51674 0.13765
0.51413 0.13485
0.51145 0.13205
0.50868 0.12922
0.50584 0.12636
0.50294 0.12348
0.50002 0.12059
0.49712 0.11773
0.494260 0.11495
0.4915 0.11231
0.48887 0.109860
0.486380 0.10765
0.48401 0.10569
0.48171 0.10396
0.47945 0.10244
0.47721 0.10112
0.47497 0.09998
0.47273 0.09901
0.47049 0.09821
0.46826 0.0975800
0.46607 0.09711
0.46394 0.09679
0.46194 0.09662
0.46011 0.0965600
0.45848 0.0966
0.45707 0.0967
0.45586 0.096870
0.45481 0.09708
0.4539 0.09732
0.45311 0.09758
0.45242 0.09785
0.451820 0.098140
0.4513 0.09844
0.45084 0.09874
0.45045 0.09906
0.45012 0.09939
0.44984 0.09974
0.44965 0.10015
0.4496 0.1006
0.449730 0.10106
0.44999 0.1015
0.45034 0.10194
0.45077 0.102410
0.4513 0.102910
0.45193 0.10347
0.45270 0.104120
0.45365 0.10489
0.45487 0.10583
0.45642 0.10698
0.4584 0.10841
0.46081 0.11009
0.463550 0.11192
0.46654 0.11382
0.46976 0.11579
0.47316 0.11782
0.47668 0.11991
0.48026 0.122010
0.48382 0.124120
0.48733 0.126210
0.49078 0.12829
0.49415 0.13036
0.49744 0.13244
0.50065 0.13452
0.50379 0.13662
0.50684 0.13875
0.50982 0.140910
0.512730 0.14311
0.51556 0.145350
0.51833 0.14765
0.521030 0.14999
0.52367 0.15239
0.526240 0.15485
0.52873 0.15735
0.53115 0.15989
0.53346 0.16245
0.53563 0.164980
0.53762 0.16744
0.53936 0.16974
0.54084 0.17184
0.54203 0.17373
0.54297 0.175410
0.54369 0.176920
0.54435 0.17856
*.*.Setup: s1223rtl.txt as Flap 1, Inverted: y, Scale = 1.0, AoA = 2.0, Reposition from (0,0) = (0, 0)*.*.
*.*.Setup: s1223rtl.txt as Flap 2, Inverted: y, Scale = 0.35, AoA = 25.0, Reposition from previous T.E. = (-0.0267, 0.055), Reposition from (0,0) = (0.9727, 0.0899)*.*.
*.*.Setup: s1223rtl.txt as Flap 3, Inverted: y, Scale = 0.35, AoA = 40.0, Reposition from previous T.E. = (-0.01, 0.045), Reposition from (0,0) = (1.2799, 0.2828)*.*.
*.*.Setup: Scale Ratio = 0.35164*.*.