0.3461 -0.01209
0.34382 -0.0138
0.34049 -0.0163
0.33667 -0.018670
0.33215 -0.02086
0.32672 -0.02299
0.32022 -0.02519
0.3126 -0.027460
0.30396 -0.02976
0.294520 -0.03204
0.28454 -0.03425
0.27426 -0.03636
0.263830 -0.03833
0.25336 -0.04015
0.24289 -0.04179
0.232420 -0.04326
0.221910 -0.044540
0.21133 -0.04565
0.20062 -0.04659
0.18973 -0.0474
0.17862 -0.0481
0.1673 -0.04872
0.15581 -0.0493
0.14426 -0.04984
0.13281 -0.05034
0.12161 -0.050780
0.11086 -0.0511200
0.10073 -0.051290
0.091360 -0.05122
0.08271 -0.05085
0.07466 -0.050140
0.06708 -0.04906
0.0599 -0.04761
0.05307 -0.04578
0.04657 -0.04359
0.04038 -0.04104
0.03452 -0.0381600
0.029050 -0.03501
0.024 -0.03167
0.01948 -0.02826
0.015550 -0.02494
0.01222 -0.02181
0.00948 -0.01893
0.00724 -0.016290
0.00544 -0.01388
0.00399 -0.0116700
0.00283 -0.00964
0.00192 -0.00777
0.0012 -0.00604
0.00066 -0.00443
0.00029 -0.00293
6e-05 -0.00153
-0.000029 -0.00021
8e-05 0.00104
0.00044 0.00225
0.00119 0.003280
0.00231 0.00401
0.00369 0.00445
0.005260 0.00471
0.00704 0.00486
0.009090 0.00492
0.01147 0.00492
0.0143 0.004820
0.01775 0.00463
0.02204 0.00431
0.02747 0.0038
0.0343 0.00305
0.0424900 0.002030
0.05167 0.00069
0.06151 -0.00096
0.07194 -0.00291
0.08289 -0.00506
0.09417 -0.00733
0.10561 -0.00965
0.11703 -0.01195
0.12832 -0.01419
0.13944 -0.016340
0.15039 -0.01835
0.161180 -0.02021
0.17181 -0.02191
0.18232 -0.02341
0.19271 -0.02471
0.2030100 -0.02581
0.21323 -0.02668
0.22339 -0.02732
0.23349 -0.02774
0.24356 -0.02792
0.2536 -0.02786
0.26359 -0.02756
0.27352 -0.02703
0.28335 -0.02626
0.293 -0.02526
0.30231 -0.02405
0.31108 -0.02267
0.31907 -0.02114
0.32611 -0.01952
0.332160 -0.01782
0.3373 -0.01607
0.34164 -0.01429
0.3461 -0.01209
-Inserting Flap s1223rtl-
0.46664 0.06795
0.46625 0.06703
0.46569 0.06569
0.46496 0.06429
0.46398 0.06283
0.46272 0.06123
0.46114 0.05942
0.45924 0.05738
0.45704 0.05516
0.454590 0.0528
0.45196 0.05037
0.44923 0.047920
0.44643 0.04548
0.443590 0.04308
0.44071 0.04073
0.43781 0.03844
0.43486 0.0362
0.43186 0.033990
0.42879 0.03181
0.42565 0.02964
0.42241 0.02747
0.4191 0.02528
0.41574 0.02307
0.41234 0.02087
0.40897 0.01869
0.405670 0.01658
0.402480 0.01458
0.39945 0.012740
0.39661 0.0111
0.39393 0.00968
0.39137 0.00847
0.38889 0.00746
0.38646 0.00663
0.38408 0.00597
0.38172 0.00549
0.37941 0.00516
0.37713 0.005
0.37492 0.00498
0.3728 0.0051
0.37083 0.00533
0.369060 0.00564
0.3675 0.006
0.36616 0.00638
0.36502 0.00678
0.36405 0.00719
0.36322 0.0076
0.36251 0.00801
0.36191 0.00842
0.36138 0.00881
0.36094 0.0092
0.36056 0.009590
0.36024 0.00997
0.35999 0.01036
0.35979 0.01075
0.35969 0.01118
0.359730 0.011630
0.35994 0.01204
0.36028 0.01242
0.36071 0.01278
0.36122 0.01314
0.36183 0.01352
0.36255 0.01394
0.36342 0.01441
0.3645 0.01496
0.36585 0.01562
0.36758 0.01643
0.36978 0.017410
0.37243 0.01855
0.37544 0.01977
0.37871 0.02101
0.3822 0.02226
0.38589 0.02355
0.3897 0.02486
0.39356 0.02618
0.39742 0.0275
0.40122 0.02882
0.40496 0.03014
0.40863 0.03146
0.41222 0.03281
0.41573 0.03418
0.41917 0.03558
0.42254 0.03702
0.42584 0.03851
0.42908 0.04006
0.43226 0.04166
0.43539 0.04332
0.43846 0.04504
0.441490 0.04683
0.44445 0.04869
0.44736 0.05061
0.45019 0.05258
0.45293 0.05458
0.45553 0.05659
0.45793 0.05856
0.46008 0.06044
0.46192 0.06217
0.46344 0.06375
0.46469 0.06519
0.46568 0.0665
0.46664 0.06795
-Inserting Flap s1223rtl-
0.53871 0.16145
0.538520 0.16047
0.53824 0.15904
0.5378 0.15752
0.537140 0.1559
0.53623 0.15407
0.53505 0.15198
0.5336 0.1496
0.53189 0.14698
0.52997 0.14418
0.52789 0.14126
0.52571 0.13831
0.52346 0.13535
0.52117 0.13243
0.518830 0.12955
0.51645 0.12671
0.51401 0.12392
0.51152 0.12115
0.508960 0.1184
0.50631 0.11564
0.50359 0.11286
0.50079 0.11004
0.49793 0.1072
0.49506 0.10436
0.4922 0.101540
0.489390 0.09881
0.48667 0.0962
0.48407 0.09379
0.481620 0.09161
0.47929 0.08968
0.47702 0.08798
0.4748 0.08648
0.47259 0.08518
0.47039 0.08406
0.46818 0.0831
0.46598 0.08232
0.4637800 0.08169
0.46162 0.08123
0.45952 0.08092
0.45755 0.08075
0.45575 0.08069
0.45415 0.08072
0.45276 0.08083
0.45156 0.08099
0.45053 0.0812
0.44963 0.08143
0.44886 0.08169
0.44818 0.081960
0.447590 0.08224
0.44707 0.082540
0.44662 0.08284
0.44624 0.08315
0.44591 0.08348
0.44564 0.083820
0.44545 0.08422
0.4454 0.08467
0.445530 0.08512
0.44578 0.08555
0.44613 0.08599
0.44656 0.08645
0.44707 0.08694
0.4477 0.0875
0.448450 0.08814
0.44939 0.0889
0.4505900 0.08981
0.45212 0.090960
0.454070 0.09236
0.45644 0.09401
0.45914 0.09581
0.46209 0.09769
0.46526 0.09963
0.46861 0.10163
0.47207 0.10368
0.47559 0.10576
0.4791 0.10783
0.48256 0.10989
0.48596 0.11194
0.48928 0.11398
0.49252 0.11602
0.49568 0.11807
0.49877 0.12014
0.50177 0.12224
0.50471 0.12437
0.507570 0.12653
0.51036 0.12874
0.51309 0.1310
0.515750 0.13331
0.51835 0.13568
0.52088 0.1381
0.52334 0.14056
0.525710 0.14306
0.52799 0.14558
0.530130 0.14808
0.53208 0.15049
0.53381 0.15276
0.535260 0.15483
0.53643 0.15669
0.53736 0.15835
0.53807 0.15983
0.53871 0.16145
*.*.Setup: s1223rtl.txt as Flap 1, Inverted: y, Scale = 1.0, AoA = -2.0, Reposition from (0,0) = (0, 0)*.*.
*.*.Setup: s1223rtl.txt as Flap 2, Inverted: y, Scale = 0.35, AoA = 28.333333333333332, Reposition from previous T.E. = (0.04, 0.065), Reposition from (0,0) = (1.0394, 0.0301)*.*.
*.*.Setup: s1223rtl.txt as Flap 3, Inverted: y, Scale = 0.35, AoA = 40.0, Reposition from previous T.E. = (-0.06, 0.045), Reposition from (0,0) = (1.2875, 0.2412)*.*.
*.*.Setup: Scale Ratio = 0.34631*.*.