0.32521 0.01136
0.32318 0.0096
0.32022 0.00704
0.3168 0.00456
0.3127 0.00222
0.30776 -0.00014
0.30181 -0.00262
0.29482 -0.005250
0.28686 -0.00797
0.27816 -0.01073
0.26896 -0.013460
0.25946 -0.0161
0.24981 -0.01864
0.24012 -0.02103
0.23041 -0.02325
0.22069 -0.02531
0.2109300 -0.0272
0.20108 -0.02893
0.19111 -0.03052
0.18095 -0.032
0.17058 -0.03338
0.16001 -0.03471
0.14928 -0.036
0.13849 -0.03726
0.12778 -0.03848
0.11732 -0.03963
0.10726 -0.04065
0.0977800 -0.04147
0.089 -0.04202
0.08086 -0.04225
0.07326 -0.0421
0.06609 -0.04159
0.05927 -0.0407
0.0527500 -0.03944
0.04651 -0.0378
0.04054 -0.03582
0.03486 -0.03351
0.02952 -0.03091
0.02457 -0.02811
0.02011 -0.02521
0.01621 -0.02236
0.0128900 -0.01964
0.01012 -0.01712
0.00786 -0.01479
0.00601 -0.01265
0.00451 -0.01068
0.00329 -0.00885
0.00231 -0.00716
0.00152 -0.00558
0.00091 -0.00411
0.00046 -0.00273
0.00016 -0.00143
0.000013 -0.0002
0.000035 0.00098
0.00026 0.00214
0.0009 0.00316
0.00191 0.00391
0.003170 0.00441
0.00462 0.00476
0.006280 0.00502
0.00819 0.00521
0.01043 0.00536
0.01309 0.00546
0.01633 0.00551
0.020370 0.00548
0.0255 0.00536
0.03195 0.00511
0.0397 0.00468
0.04839 0.00404
0.05772 0.00313
0.06763 0.00199
0.07803 0.00069
0.08875 -0.0007
0.09963 -0.00212
0.11048 -0.00353
0.12121 -0.004890
0.13177 -0.00617
0.14217 -0.00734
0.1524 -0.008380
0.162480 -0.00927
0.17243 -0.00999
0.18225 -0.01053
0.19198 -0.01088
0.20162 -0.01103
0.21118 -0.01097
0.22068 -0.0107
0.23013 -0.0102
0.23953 -0.00949
0.24888 -0.0085600
0.25815 -0.00741
0.26732 -0.006040
0.27629 -0.00447
0.28494 -0.00273
0.29308 -0.00086
0.30047 0.0011
0.30696 0.00308
0.31252 0.00507
0.31722 0.00705
0.32117 0.0090
0.32521 0.01136
-Inserting Flap s1223rtl-
0.44144 0.08064
0.44103 0.0798
0.440430 0.07857
0.439660 0.0773
0.43866 0.07599
0.43739 0.07455
0.43582 0.07294
0.43392 0.07113
0.43173 0.06917
0.42931 0.067090
0.42671 0.06495
0.42402 0.0628
0.421260 0.06067
0.41846 0.05857
0.41564 0.05653
0.41278 0.05453
0.4099 0.05259
0.40696 0.050690
0.40397 0.04881
0.4009 0.04695
0.39774 0.045080
0.39452 0.04321
0.39124 0.04133
0.38794 0.039440
0.38465 0.0375800
0.3814400 0.03578
0.37834 0.03408
0.3754 0.03252
0.37264 0.03114
0.37005 0.02996
0.36758 0.02896
0.3652 0.02815
0.36288 0.0275
0.36061 0.02702
0.35838 0.02669
0.35618 0.026510
0.35404 0.02648
0.35196 0.0265900
0.34998 0.02681
0.3481500 0.02713
0.3465 0.02752
0.34506 0.02794
0.34383 0.02838
0.34278 0.02882
0.341890 0.02925
0.34114 0.02968
0.34049 0.03011
0.33994 0.030520
0.33948 0.030920
0.33908 0.03131
0.33874 0.03169
0.33847 0.03207
0.33825 0.03245
0.33809 0.03283
0.33802 0.03323
0.33808 0.0336500
0.3383 0.03403
0.33864 0.03436
0.33906 0.03467
0.33956 0.03498
0.34015 0.03531
0.34085 0.03566
0.34169 0.03606
0.34273 0.03651
0.34404 0.03706
0.34571 0.03772
0.34782 0.03852
0.35037 0.03945
0.3532600 0.040430
0.35639 0.04141
0.35974 0.0424
0.36327 0.0434
0.36691 0.04442
0.37061 0.04545
0.37430 0.04648
0.37794 0.04751
0.38152 0.04854
0.38503 0.04958
0.38847 0.050650
0.391840 0.05174
0.39514 0.05287
0.39838 0.05404
0.40156 0.05526
0.40469 0.05653
0.40776 0.057850
0.41078 0.05924
0.41376 0.06069
0.41669 0.06221
0.41958 0.063790
0.42241 0.06543
0.42517 0.06712
0.42785 0.06885
0.4304 0.0706
0.43276 0.07231
0.43488 0.07395
0.4367 0.07548
0.43822 0.07688
0.43946 0.07816
0.44046 0.07933
0.44144 0.08064
-Inserting Flap s1223rtl-
0.54775 0.16386
0.5474900 0.16296
0.54711 0.16165
0.54658 0.16027
0.54583 0.1588
0.54482 0.15716
0.54355 0.1553
0.542 0.1532
0.54018 0.15088
0.53816 0.14841
0.53597 0.14586
0.533690 0.14327
0.53134 0.14069
0.52895 0.13814
0.52653 0.13563
0.52406 0.13318
0.52156 0.130760
0.519 0.12838
0.51637 0.12601
0.51367 0.12364
0.51089 0.12126
0.50804 0.11885
0.50514 0.11643
0.50221 0.114
0.4993 0.1116
0.49645 0.10927
0.49369 0.10705
0.49107 0.10501
0.48859 0.10317
0.48625 0.10155
0.48399 0.10014
0.48179 0.09893
0.47962 0.09789
0.47746 0.09702
0.47532 0.09631
0.473190 0.095750
0.47108 0.09535
0.46902 0.09509
0.46703 0.09497
0.46517 0.09497
0.46348 0.09506
0.46199 0.09523
0.460690 0.09544
0.45959 0.09569
0.45864 0.09597
0.457820 0.09626
0.45711 0.09657
0.4565 0.09688
0.45597 0.097190
0.45551 0.0975
0.45512 0.09782
0.45478 0.09815
0.4545 0.09848
0.45428 0.09883
0.45413 0.09921
0.45412 0.09963
0.45427 0.10005
0.454550 0.100440
0.45491 0.10082
0.45535 0.10121
0.45587 0.10163
0.4565 0.1021
0.45726 0.10264
0.4582 0.10327
0.4594 0.10403
0.46092 0.10497
0.46287 0.10613
0.46522 0.10748
0.46789 0.10895
0.47081 0.11046
0.47393 0.11201
0.47723 0.11361
0.48064 0.11525
0.48411 0.11691
0.48756 0.11856
0.49097 0.12021
0.494320 0.12184
0.49759 0.12348
0.50079 0.12513
0.5039200 0.12679
0.50698 0.12847
0.50997 0.130190
0.512890 0.13194
0.515740 0.13373
0.51854 0.135570
0.52128 0.13747
0.52396 0.13941
0.526580 0.14141
0.52915 0.14347
0.53165 0.14557
0.53408 0.14772
0.53641 0.14989
0.53862 0.15205
0.54065 0.154150
0.54245 0.156140
0.54398 0.15796
0.54523 0.1596
0.54623 0.16108
0.54702 0.1624
0.54775 0.16386
*.*.Setup: s1223rtl.txt as Flap 1, Inverted: y, Scale = 1.0, AoA = 2.0, Reposition from (0,0) = (0, 0)*.*.
*.*.Setup: s1223rtl.txt as Flap 2, Inverted: y, Scale = 0.35, AoA = 25.0, Reposition from previous T.E. = (0.04, 0.065), Reposition from (0,0) = (1.0394, 0.0999)*.*.
*.*.Setup: s1223rtl.txt as Flap 3, Inverted: y, Scale = 0.35, AoA = 35.0, Reposition from previous T.E. = (0.04, 0.055), Reposition from (0,0) = (1.3966, 0.3028)*.*.
*.*.Setup: Scale Ratio = 0.3254*.*.