0.34699 0.01212
0.34483 0.01024
0.34168 0.00751
0.33802 0.00487
0.33365 0.00237
0.32837 -0.00015
0.32203 -0.0028
0.31457 -0.00560
0.30608 -0.00851
0.2968 -0.01145
0.28698 -0.014360
0.27684 -0.01718
0.26655 -0.01989
0.2562 -0.02243
0.24585 -0.02481
0.23547 -0.02701
0.2250600 -0.02903
0.21455 -0.03087
0.20391 -0.03257
0.19307 -0.03414
0.18201 -0.03562
0.17073 -0.03703
0.15928 -0.03841
0.14777 -0.03976
0.13634 -0.04106
0.12518 -0.04229
0.11445 -0.04337
0.1043300 -0.04425
0.09496 -0.04484
0.08628 -0.04508
0.07817 -0.04492
0.07052 -0.04438
0.06324 -0.04343
0.0562800 -0.04208
0.04962 -0.04034
0.04325 -0.03822
0.0372 -0.03575
0.0315 -0.03298
0.02622 -0.02999
0.02146 -0.0269
0.01729 -0.02385
0.0137500 -0.02096
0.0108 -0.01827
0.00838 -0.01579
0.00641 -0.0135
0.00481 -0.01139
0.00351 -0.00944
0.00246 -0.00764
0.00162 -0.00596
0.00097 -0.00439
0.00049 -0.00291
0.00017 -0.00152
0.000013 -0.00021
0.000035 0.00105
0.00028 0.00228
0.00096 0.00337
0.00203 0.00417
0.003380 0.00471
0.00493 0.00508
0.00670 0.00535
0.00874 0.00556
0.01113 0.00572
0.01397 0.00583
0.01742 0.00587
0.021740 0.00585
0.02721 0.00572
0.03409 0.00545
0.04236 0.005
0.05163 0.00431
0.06159 0.00334
0.07216 0.00212
0.08325 0.00074
0.0947 -0.00075
0.1063 -0.00227
0.11788 -0.00377
0.12933 -0.005220
0.1406 -0.00659
0.15169 -0.00783
0.16261 -0.008940
0.173370 -0.00989
0.18398 -0.01066
0.19446 -0.01124
0.20484 -0.01161
0.21512 -0.01177
0.22533 -0.0117
0.23547 -0.01141
0.24555 -0.01089
0.25558 -0.01013
0.26555 -0.0091300
0.27545 -0.0079
0.28522 -0.006440
0.2948 -0.00477
0.30403 -0.00291
0.31271 -0.00091
0.3206 0.00117
0.32752 0.00329
0.33345 0.00541
0.33847 0.00752
0.34268 0.00960
0.34699 0.01212
-Inserting Flap s1223rtl-
0.44885 0.09744
0.44857 0.09648
0.44817 0.095080
0.4476 0.09361
0.44679 0.09204
0.44572 0.090290
0.44437 0.08831
0.44271 0.08606
0.44077 0.08359
0.43861 0.08096
0.43628 0.07823
0.43384 0.07547
0.43134 0.07272
0.42879 0.06999
0.4262 0.06732
0.423580 0.0647
0.4209 0.06212
0.41817 0.05958
0.41537 0.05705
0.41249 0.05452
0.40952 0.05198
0.40648 0.04942
0.40338 0.04683
0.40026 0.04424
0.397160 0.04168
0.39411 0.03919
0.39117 0.03683
0.38837 0.03464
0.38573 0.03268
0.38323 0.03096
0.380820 0.02946
0.37847 0.02816
0.37615 0.02705
0.37385 0.02612
0.37156 0.02536
0.36929 0.02477
0.36704 0.02434
0.36484 0.02406
0.36272 0.02394
0.36073 0.02393
0.35893 0.02404
0.35734 0.02421
0.35596 0.02444
0.35478 0.02471
0.35376 0.025
0.35289 0.02531
0.352140 0.02564
0.35149 0.02597
0.35092 0.0263
0.35043 0.02664
0.35001 0.02698
0.34965 0.02733
0.34935 0.02768
0.34911 0.02805
0.34896 0.02846
0.34895 0.02891
0.34911 0.029350
0.3494 0.02977
0.34979 0.03017
0.35025 0.03059
0.35081 0.03104
0.35148 0.03154
0.3523 0.03211
0.3533 0.03279
0.35457 0.0336
0.3562 0.03461
0.35828 0.03584
0.36079 0.037280
0.363640 0.03885
0.36675 0.04046
0.37008 0.04212
0.3736 0.04383
0.37725 0.045570
0.38094 0.04734
0.38463 0.04911
0.388260 0.05086
0.39183 0.05261
0.39533 0.054360
0.39874 0.05611
0.40208 0.057890
0.40534 0.05968
0.40853 0.06151
0.41165 0.06338
0.4147 0.06529
0.417680 0.06726
0.4206 0.06928
0.42346 0.07135
0.42626 0.07349
0.429 0.07568
0.43167 0.07793
0.43426 0.08022
0.436750 0.08254
0.43911 0.08484
0.44127 0.08708
0.44319 0.0892
0.44482 0.09114
0.44616 0.09289
0.44723 0.09447
0.44807 0.095880
0.44885 0.09744
-Inserting Flap s1223rtl-
0.54492 0.18277
0.54465 0.18181
0.54424 0.1804
0.54367 0.17893
0.54287 0.17736
0.5418 0.17562
0.54044 0.17363
0.53878 0.17139
0.53685 0.16892
0.53468 0.16628
0.532350 0.16356
0.52992 0.1608
0.52741 0.15804
0.524860 0.15532
0.52227 0.152650
0.51965 0.15003
0.51698 0.14745
0.51424 0.1449
0.51144 0.14238
0.50856 0.139850
0.50559 0.13731
0.50255 0.13474
0.49946 0.13216
0.49633 0.12957
0.49323 0.127
0.49018 0.12452
0.48724 0.12215
0.48444 0.11997
0.4818 0.11801
0.4793 0.11628
0.47689 0.11478
0.47454 0.11348
0.47222 0.11238
0.46992 0.11144
0.46763 0.11069
0.46536 0.11009
0.46311 0.10966
0.46091 0.10939
0.45879 0.10926
0.45681 0.10926
0.455 0.10936
0.453410 0.10954
0.45203 0.109770
0.45085 0.11003
0.44984 0.11033
0.44896 0.110640
0.44821 0.11096
0.44756 0.11129
0.44699 0.11163
0.4465 0.11197
0.44608 0.112310
0.445720 0.11265
0.44542 0.11301
0.44518 0.11338
0.44503 0.11379
0.44502 0.11424
0.44518 0.11468
0.44547 0.11509
0.445860 0.1155
0.44633 0.11592
0.4468900 0.11637
0.44756 0.11687
0.44837 0.11744
0.44937 0.11811
0.45065 0.118930
0.45228 0.11993
0.45435 0.12117
0.45686 0.12261
0.45971 0.12417
0.46282 0.12579
0.46616 0.12745
0.469680 0.12915
0.47332 0.1309
0.47701 0.13267
0.4807 0.13443
0.48434 0.136190
0.48791 0.13794
0.4914 0.13968
0.49482 0.14144
0.49816 0.14321
0.50142 0.14501
0.5046 0.14684
0.50772 0.14871
0.51077 0.150620
0.51375 0.15258
0.51667 0.15460
0.51953 0.15668
0.52233 0.15881
0.52507 0.16101
0.52774 0.16325
0.53033 0.16555
0.53282 0.16786
0.53518 0.170170
0.53734 0.17241
0.53926 0.17452
0.540890 0.17647
0.54223 0.17822
0.5433 0.1798
0.5441400 0.18121
0.54492 0.18277
*.*.Setup: s1223rtl.txt as Flap 1, Inverted: y, Scale = 1.0, AoA = 2.0, Reposition from (0,0) = (0, 0)*.*.
*.*.Setup: s1223rtl.txt as Flap 2, Inverted: y, Scale = 0.35, AoA = 35.0, Reposition from previous T.E. = (0.0067, 0.045), Reposition from (0,0) = (1.0061, 0.0799)*.*.
*.*.Setup: s1223rtl.txt as Flap 3, Inverted: y, Scale = 0.35, AoA = 35.0, Reposition from previous T.E. = (-0.01, 0.045), Reposition from (0,0) = (1.2828, 0.3257)*.*.
*.*.Setup: Scale Ratio = 0.3472*.*.