0.32877 -0.01148
0.3266 -0.01311
0.32344 -0.01548
0.31981 -0.017740
0.31551 -0.01981
0.31036 -0.02184
0.30419 -0.02393
0.29695 -0.026080
0.28874 -0.02827
0.279770 -0.03044
0.27029 -0.03254
0.26053 -0.03454
0.250620 -0.03641
0.24067 -0.03814
0.23073 -0.0397
0.220780 -0.04109
0.21080 -0.042310
0.20075 -0.04336
0.19058 -0.04426
0.18023 -0.04503
0.16968 -0.04569
0.15892 -0.04628
0.14801 -0.04683
0.13704 -0.04734
0.12615 -0.04782
0.11552 -0.048240
0.1053 -0.0485600
0.09569 -0.048720
0.086790 -0.04866
0.07857 -0.04831
0.07092 -0.047630
0.06372 -0.0466
0.0569 -0.04522
0.05042 -0.04349
0.04423 -0.0414
0.03836 -0.03898
0.0328 -0.0362500
0.027590 -0.03326
0.0228 -0.03008
0.0185 -0.02685
0.014770 -0.02369
0.01161 -0.02072
0.009 -0.01798
0.00688 -0.015470
0.00517 -0.01318
0.00379 -0.0110900
0.00269 -0.00916
0.00182 -0.00738
0.00114 -0.00574
0.00063 -0.00421
0.00027 -0.00279
6e-05 -0.00145
-0.000029 -0.0002
8e-05 0.00099
0.00042 0.00214
0.00113 0.003120
0.0022 0.00381
0.0035 0.00423
0.0050 0.00448
0.00669 0.00462
0.008630 0.00468
0.01089 0.00467
0.01358 0.004580
0.01686 0.0044
0.02093 0.00409
0.02609 0.00361
0.03258 0.0029
0.0403600 0.001920
0.04908 0.00066
0.05843 -0.00091
0.06834 -0.00276
0.07874 -0.00481
0.08946 -0.00696
0.10032 -0.00917
0.11117 -0.01136
0.12189 -0.01348
0.13245 -0.015520
0.14286 -0.01743
0.153110 -0.0192
0.16321 -0.02081
0.17319 -0.02224
0.18306 -0.02348
0.1928400 -0.02451
0.20255 -0.02534
0.2122 -0.02596
0.2218 -0.02635
0.23136 -0.02652
0.2409 -0.02646
0.25039 -0.02618
0.25982 -0.02567
0.26916 -0.02494
0.27832 -0.024
0.28717 -0.02285
0.2955 -0.02153
0.30309 -0.02008
0.30978 -0.01854
0.315530 -0.01693
0.32041 -0.01526
0.32453 -0.01357
0.32877 -0.01148
-Inserting Flap s1223rtl-
0.43992 0.06706
0.439610 0.06616
0.43915 0.06486
0.43853 0.0635
0.437680 0.06206
0.43657 0.060470
0.43518 0.05866
0.43349 0.05663
0.43152 0.0544
0.42933 0.05203
0.42697 0.04958
0.42452 0.0471
0.422 0.04463
0.41943 0.04220
0.41684 0.03981
0.41421 0.037480
0.41154 0.03519
0.40882 0.03293
0.40603 0.0307
0.40316 0.02846
0.40022 0.02622
0.3972 0.02396
0.39413 0.02169
0.39103 0.01941
0.38795 0.01716
0.38494 0.01497
0.38202 0.0129
0.37925 0.0109900
0.37665 0.00928
0.37419 0.00779
0.37183 0.0065
0.36953 0.0054
0.36728 0.00448
0.36505 0.00373
0.362850 0.00313
0.36066 0.0027
0.35851 0.00242
0.35642 0.00228
0.3544 0.00227
0.35253 0.00238
0.35082 0.00258
0.349330 0.00283
0.34804 0.00312
0.34693 0.00344
0.34599 0.00377
0.34518 0.00412
0.34449 0.00447
0.34389 0.00482
0.34337 0.00516
0.34293 0.00551
0.34255 0.00585
0.34223 0.0062
0.34196 0.00655
0.34176 0.00692
0.3416300 0.00732
0.34165 0.00774
0.34183 0.00815
0.34213 0.00852
0.34251 0.00889
0.34298 0.00926
0.34353 0.00965
0.34419 0.01009
0.34499 0.01058
0.34598 0.011170
0.34723 0.01187
0.348830 0.01273
0.35086 0.01378
0.35331 0.015
0.3561 0.01633
0.35912 0.01768
0.36237 0.01907
0.36579 0.02049
0.36934 0.02194
0.37293 0.02341
0.37651 0.02487
0.38005 0.02633
0.383520 0.02779
0.38692 0.02925
0.39025 0.0307300
0.39351 0.03222
0.39669 0.03374
0.39981 0.03529
0.40286 0.03689
0.40585 0.03853
0.40878 0.04022
0.41165 0.04197
0.41447 0.04378
0.41723 0.04564
0.41994 0.04757
0.42259 0.049550
0.42517 0.05157
0.42766 0.05362
0.43001 0.05568
0.43218 0.05768
0.43411 0.05957
0.43576 0.06132
0.437120 0.0629
0.43822 0.06433
0.439090 0.065630
0.43992 0.06706
-Inserting Flap s1223rtl-
0.54128 0.16245
0.54110 0.16152
0.54083 0.16016
0.540420 0.15873
0.539790 0.15718
0.53892 0.155440
0.5378 0.15346
0.53643 0.1512
0.5348 0.14871
0.53298 0.14604
0.531 0.14328
0.52893 0.14047
0.5268 0.13766
0.52461 0.13489
0.522390 0.13215
0.52013 0.12946
0.51782 0.1268
0.51545 0.12418
0.513020 0.12156
0.5105 0.11894
0.50792 0.11629
0.50526 0.11362
0.50255 0.11092
0.49981 0.10822
0.49709 0.10555
0.494430 0.102950
0.49184 0.10047
0.48938 0.09818
0.487050 0.09611
0.48483 0.09428
0.48268 0.09266
0.48057 0.09124
0.47847 0.09
0.47638 0.08894
0.47428 0.08803
0.47219 0.08728
0.47010 0.08669
0.46805 0.086250
0.46606 0.08596
0.46418 0.085790
0.46247 0.08574
0.46095 0.08577
0.45963 0.08587
0.4585 0.08603
0.45751 0.08622
0.45666 0.08645
0.45593 0.08669
0.45528 0.08695
0.454720 0.08722
0.45423 0.08749
0.45381 0.08778
0.45344 0.08808
0.45313 0.08839
0.45287 0.08872
0.45269 0.08909
0.45264 0.089520
0.452760 0.08994
0.453 0.09036
0.45333 0.09078
0.45374 0.09121
0.45423 0.09168
0.45482 0.092210
0.455540 0.09281
0.45644 0.09353
0.457570 0.09441
0.45902 0.09549
0.46088 0.09683
0.46313 0.0983900
0.465690 0.10011
0.46849 0.10189
0.4715 0.10373
0.47469 0.10563
0.47798 0.10758
0.48132 0.10955
0.48466 0.11152
0.48794 0.11348
0.49117 0.11542
0.49432 0.11736
0.4974 0.1193
0.50041 0.121250
0.50334 0.12322
0.50619 0.12521
0.50898 0.12723
0.51170 0.12929
0.51435 0.13139
0.51694 0.13353
0.519470 0.13573
0.52194 0.13797
0.524340 0.14027
0.52667 0.14261
0.528930 0.14499
0.53109 0.147380
0.5331300 0.14975
0.53498 0.15205
0.53662 0.15420
0.5380 0.15617
0.53911 0.15793
0.53999 0.15951
0.54067 0.16091
0.54128 0.16245
*.*.Setup: s1223rtl.txt as Flap 1, Inverted: y, Scale = 1.0, AoA = -2.0, Reposition from (0,0) = (0, 0)*.*.
*.*.Setup: s1223rtl.txt as Flap 2, Inverted: y, Scale = 0.35, AoA = 31.666666666666668, Reposition from previous T.E. = (0.04, 0.055), Reposition from (0,0) = (1.0394, 0.0201)*.*.
*.*.Setup: s1223rtl.txt as Flap 3, Inverted: y, Scale = 0.35, AoA = 40.0, Reposition from previous T.E. = (0.04, 0.065), Reposition from (0,0) = (1.3773, 0.2688)*.*.
*.*.Setup: Scale Ratio = 0.32897*.*.