0.33977 0.01186
0.33765 0.01003
0.33457 0.00736
0.33099 0.00477
0.32671 0.00232
0.32154 -0.00014
0.31533 -0.00274
0.30802 -0.005480
0.29971 -0.00833
0.29062 -0.01121
0.281 -0.014060
0.27108 -0.01682
0.261 -0.01947
0.25087 -0.02197
0.24073 -0.0243
0.23057 -0.02645
0.2203700 -0.02842
0.21009 -0.03023
0.19967 -0.03189
0.18905 -0.03343
0.17822 -0.03487
0.16717 -0.03626
0.15596 -0.03761
0.14469 -0.03893
0.13351 -0.04021
0.12257 -0.04141
0.11206 -0.04247
0.1021600 -0.04333
0.09298 -0.04391
0.08448 -0.04414
0.07654 -0.04399
0.06905 -0.04345
0.06192 -0.04252
0.0551100 -0.0412
0.04859 -0.0395
0.04235 -0.03743
0.03642 -0.03501
0.03084 -0.0323
0.02568 -0.02937
0.02101 -0.02634
0.01693 -0.02336
0.0134600 -0.02052
0.01058 -0.01789
0.00821 -0.01546
0.00628 -0.01322
0.00471 -0.01116
0.00344 -0.00925
0.00241 -0.00748
0.00159 -0.00583
0.00095 -0.0043
0.00048 -0.00285
0.00017 -0.00149
0.000013 -0.00021
0.000035 0.00103
0.00028 0.00223
0.00094 0.0033
0.00199 0.00408
0.003310 0.00461
0.00483 0.00498
0.006560 0.00524
0.00856 0.00545
0.0109 0.0056
0.01367 0.0057
0.01706 0.00575
0.021290 0.00573
0.02664 0.0056
0.03338 0.00534
0.04148 0.00489
0.05055 0.00422
0.06031 0.00327
0.07066 0.00208
0.08152 0.00072
0.09273 -0.00073
0.10409 -0.00222
0.11543 -0.00369
0.12663 -0.005110
0.13767 -0.00645
0.14854 -0.00767
0.15923 -0.008760
0.169760 -0.00969
0.18015 -0.01044
0.19042 -0.01101
0.20058 -0.01137
0.21065 -0.01152
0.22064 -0.01146
0.23057 -0.01117
0.24044 -0.01066
0.25026 -0.00992
0.26002 -0.0089400
0.26971 -0.00774
0.27929 -0.006310
0.28867 -0.00467
0.29771 -0.00285
0.3062 -0.00089
0.31392 0.00115
0.3207 0.00322
0.32651 0.00529
0.33142 0.00736
0.33555 0.00940
0.33977 0.01186
-Inserting Flap s1223rtl-
0.45811 0.083640
0.45773 0.082730
0.45718 0.08142
0.45645 0.08005
0.45549 0.07862
0.45425 0.07704
0.45271 0.075260
0.45084 0.07327
0.44868 0.07108
0.446270 0.06877
0.4437 0.06638
0.44102 0.06397
0.43827 0.06158
0.435480 0.05922
0.43266 0.05692
0.4298 0.05467
0.42691 0.05246
0.42396 0.0503
0.42095 0.04816
0.41786 0.04603
0.41469 0.0439
0.41144 0.04174
0.40813 0.03958
0.4048 0.03742
0.40149 0.035280
0.398250 0.03321
0.395120 0.03124
0.39214 0.02944
0.38935 0.02783
0.38672 0.02644
0.38421 0.02525
0.38178 0.02425
0.3794 0.02344
0.37705 0.0228
0.37474 0.02232
0.37247 0.0220
0.37023 0.02184
0.36806 0.02182
0.36598 0.02194
0.36405 0.022160
0.362310 0.02247
0.36078 0.02282
0.35947 0.0232
0.35835 0.02359
0.35739 0.023990
0.35658 0.0244
0.35588 0.0248
0.35529 0.02519
0.35478 0.02558
0.35434 0.02596
0.35397 0.02634
0.35365 0.02672
0.3534 0.0271
0.35322 0.02749
0.35311 0.02791
0.353150 0.02834
0.35336 0.02875
0.35369 0.02912
0.35411 0.02947
0.35462 0.02983
0.35521 0.0302
0.35592 0.03061
0.35677 0.03108
0.35783 0.03162
0.35916 0.03227
0.36086 0.03306
0.36301 0.03402
0.36562 0.03514
0.36857 0.03634
0.37178 0.03755
0.37521 0.03879
0.37883 0.04005
0.38257 0.04133
0.38637 0.04263
0.39015 0.04393
0.39389 0.04522
0.39756 0.04652
0.40116 0.04782
0.40468 0.04914
0.40813 0.05048
0.4115 0.05186
0.41481 0.05328
0.41805 0.05474
0.42124 0.05625
0.42436 0.05782
0.42743 0.05946
0.43045 0.06115
0.433410 0.06291
0.43632 0.06473
0.43918 0.066610
0.44196 0.068550
0.44465 0.07052
0.4472 0.072490
0.44956 0.07442
0.45166 0.07626
0.45347 0.07797
0.45497 0.07952
0.45619 0.08093
0.45717 0.08221
0.45811 0.083640
-Inserting Flap s1223rtl-
0.54586 0.18222
0.545670 0.18126
0.5454 0.17986
0.54497 0.17837
0.544320 0.17678
0.54342 0.17498
0.54227 0.17293
0.54084 0.1706
0.53916 0.16802
0.53728 0.16527
0.53524 0.16241
0.5331 0.15951
0.53089 0.156610
0.52863 0.15374
0.526340 0.15091
0.524 0.14813
0.52161 0.14538
0.51917 0.14267
0.516650 0.13997
0.51405 0.13725
0.51138 0.13452
0.50863 0.131760
0.50583 0.12897
0.503 0.12618
0.50019 0.12342
0.497440 0.12073
0.49477 0.11817
0.49222 0.1158
0.489810 0.11366
0.48752 0.111770
0.4853 0.1101
0.48312 0.10863
0.48095 0.10735
0.47879 0.10625
0.47662 0.10531
0.47445 0.10454
0.472300 0.10393
0.47017 0.10347
0.46812 0.10317
0.46618 0.103
0.46441 0.10294
0.46284 0.10298
0.46148 0.10308
0.4603 0.10324
0.45929 0.10344
0.45841 0.10367
0.45765 0.10393
0.45698 0.10419
0.45640 0.10447
0.4559 0.10476
0.45546 0.10505
0.45508 0.10536
0.45475 0.10568
0.45449 0.10602
0.4543 0.10641
0.45426 0.10685
0.454380 0.10729
0.45463 0.10772
0.45497 0.10815
0.45539 0.1086
0.4559 0.10908
0.45651 0.10963
0.457250 0.11026
0.45817 0.1110
0.4593500 0.1119
0.46085 0.11302
0.462770 0.1144
0.46509 0.11602
0.46774 0.11779
0.47064 0.11963
0.47375 0.12153
0.47704 0.1235
0.48044 0.12552
0.48389 0.12755
0.48734 0.12959
0.49074 0.13161
0.49407 0.13362
0.49733 0.135630
0.50051 0.13763
0.50362 0.13965
0.50664 0.14168
0.5096 0.143730
0.51248 0.14582
0.515290 0.14795
0.51803 0.15012
0.52071 0.15234
0.523320 0.15461
0.52587 0.15693
0.52835 0.1593
0.53076 0.161720
0.53310 0.16418
0.53533 0.16665
0.537430 0.1691
0.53935 0.17147
0.54104 0.1737
0.542470 0.17573
0.54362 0.17755
0.54453 0.17918
0.54523 0.18064
0.54586 0.18222
*.*.Setup: s1223rtl.txt as Flap 1, Inverted: y, Scale = 1.0, AoA = 2.0, Reposition from (0,0) = (0, 0)*.*.
*.*.Setup: s1223rtl.txt as Flap 2, Inverted: y, Scale = 0.35, AoA = 28.333333333333332, Reposition from previous T.E. = (0.04, 0.045), Reposition from (0,0) = (1.0394, 0.0799)*.*.
*.*.Setup: s1223rtl.txt as Flap 3, Inverted: y, Scale = 0.35, AoA = 40.0, Reposition from previous T.E. = (-0.01, 0.065), Reposition from (0,0) = (1.3375, 0.311)*.*.
*.*.Setup: Scale Ratio = 0.33998*.*.