0.32858 0.01147
0.32653 0.0097
0.32354 0.00711
0.32008 0.00461
0.31594 0.00224
0.31094 -0.00014
0.30494 -0.00265
0.29787 -0.00530
0.28983 -0.00805
0.28104 -0.01084
0.27174 -0.013590
0.26215 -0.01627
0.2524 -0.01883
0.24261 -0.02124
0.2328 -0.0235
0.22297 -0.02558
0.2131100 -0.02748
0.20317 -0.02923
0.19309 -0.03084
0.18282 -0.03233
0.17235 -0.03373
0.16167 -0.03507
0.15082 -0.03637
0.13992 -0.03765
0.12911 -0.03888
0.11853 -0.04004
0.10837 -0.04107
0.098800 -0.0419
0.08992 -0.04246
0.0817 -0.04268
0.07402 -0.04254
0.06677 -0.04202
0.05988 -0.04112
0.0532900 -0.03984
0.04699 -0.0382
0.04096 -0.03619
0.03522 -0.03386
0.02983 -0.03123
0.02483 -0.0284
0.02032 -0.02548
0.01637 -0.02259
0.0130200 -0.01984
0.01023 -0.0173
0.00794 -0.01495
0.00607 -0.01278
0.00456 -0.01079
0.00332 -0.00894
0.00233 -0.00723
0.00154 -0.00564
0.00092 -0.00415
0.00047 -0.00276
0.00016 -0.00144
0.000013 -0.0002
0.000035 0.00099
0.00027 0.00216
0.00091 0.00319
0.00193 0.00395
0.00320 0.00446
0.00467 0.00481
0.006350 0.00507
0.00828 0.00527
0.01054 0.00541
0.01322 0.00552
0.0165 0.00556
0.020580 0.00554
0.02576 0.00542
0.03228 0.00516
0.04011 0.00473
0.04889 0.00408
0.05832 0.00316
0.06833 0.00201
0.07883 0.0007
0.08967 -0.00071
0.10066 -0.00214
0.11162 -0.00357
0.12246 -0.004940
0.13314 -0.00624
0.14364 -0.00742
0.15398 -0.008470
0.164170 -0.00937
0.17421 -0.0101
0.18414 -0.01064
0.19397 -0.01099
0.2037 -0.01114
0.21337 -0.01108
0.22297 -0.01081
0.23251 -0.01031
0.24201 -0.00959
0.25145 -0.0086500
0.26083 -0.00748
0.27008 -0.00610
0.27915 -0.00452
0.2879 -0.00276
0.29611 -0.00086
0.30358 0.00111
0.31014 0.00311
0.31575 0.00512
0.3205 0.00712
0.32449 0.009090
0.32858 0.01147
-Inserting Flap s1223rtl-
0.44602 0.07819
0.4456 0.07734
0.444990 0.07609
0.444220 0.07482
0.44321 0.07349
0.44192 0.07204
0.44033 0.0704
0.43842 0.06858
0.43621 0.0666
0.43375 0.06450
0.43113 0.06234
0.42841 0.06016
0.425620 0.05801
0.42279 0.05589
0.41994 0.05382
0.41706 0.05181
0.41414 0.04985
0.41118 0.047920
0.40815 0.04603
0.40505 0.04414
0.40186 0.042260
0.39861 0.04037
0.39529 0.03847
0.39195 0.036560
0.38864 0.0346900
0.3853900 0.03287
0.38226 0.03115
0.37929 0.02957
0.3765 0.02817
0.37388 0.02698
0.37139 0.02597
0.36899 0.02515
0.36664 0.0245
0.36435 0.02401
0.36209 0.02368
0.35987 0.02350
0.3577 0.02347
0.35561 0.0235700
0.35361 0.0238
0.3517600 0.02413
0.35009 0.02452
0.34863 0.02494
0.34739 0.02538
0.34633 0.02583
0.345430 0.02627
0.34467 0.0267
0.34402 0.02713
0.34347 0.027540
0.34299 0.027950
0.34259 0.02834
0.34225 0.02873
0.34197 0.02911
0.34175 0.02949
0.34159 0.02988
0.34152 0.03029
0.34158 0.0307100
0.34181 0.03109
0.34215 0.03143
0.34257 0.03175
0.34308 0.03206
0.34367 0.03239
0.34438 0.03274
0.34523 0.03314
0.34628 0.03361
0.3476 0.03416
0.34929 0.03482
0.35142 0.03563
0.354 0.03657
0.3569200 0.037560
0.36008 0.03855
0.36346 0.03955
0.36703 0.04056
0.37071 0.04159
0.37445 0.04263
0.378180 0.04367
0.38186 0.04471
0.38547 0.04575
0.38902 0.04681
0.39249 0.047890
0.39590 0.04899
0.39923 0.05013
0.40251 0.05131
0.40572 0.05254
0.40888 0.05382
0.41198 0.055170
0.41504 0.05657
0.41805 0.05803
0.42101 0.05956
0.42392 0.061160
0.42678 0.06282
0.42958 0.06453
0.43228 0.06628
0.43486 0.06804
0.43724 0.06977
0.43938 0.07143
0.44122 0.07297
0.44275 0.07439
0.44401 0.07568
0.44503 0.07686
0.44602 0.07819
-Inserting Flap s1223rtl-
0.54732 0.16695
0.54713 0.166020
0.546870 0.16466
0.54645 0.16323
0.54582 0.16168
0.54496 0.15995
0.54384 0.15796
0.54246 0.15571
0.54084 0.15322
0.53902 0.15055
0.537040 0.14779
0.53497 0.14498
0.53284 0.14218
0.530660 0.1394000
0.52844 0.13667
0.526180 0.13398
0.52387 0.13132
0.5215 0.1287
0.51907 0.12608
0.51656 0.12346
0.51397 0.12082
0.51131 0.11815
0.5086 0.11545
0.50587 0.11275
0.50315 0.11008
0.50049 0.10748
0.49791 0.10501
0.49544 0.102720
0.49312 0.10065
0.49090 0.09882
0.48875 0.0972
0.48664 0.09578
0.48454 0.09455
0.482450 0.09348
0.48036 0.09257
0.47826 0.09183
0.47618 0.0912400
0.47412 0.0908
0.47213 0.0905
0.47026 0.09034
0.46855 0.0902800
0.46703 0.09032
0.46572 0.09042
0.46458 0.090570
0.4636 0.09077
0.462750 0.09099
0.46201 0.09123
0.46137 0.09149
0.46081 0.091760
0.46032 0.09204
0.45989 0.09232
0.45952 0.09262
0.45921 0.09293
0.45896 0.09326
0.45878 0.09364
0.45873 0.09406
0.45885 0.09449
0.45909 0.0949
0.45942 0.09532
0.45983 0.095750
0.46032 0.096220
0.46091 0.09675
0.46163 0.097350
0.46252 0.09807
0.46365 0.09895
0.46511 0.10003
0.46696 0.10136
0.46921 0.10293
0.47177 0.10464
0.47457 0.10642
0.4775800 0.10826
0.48076 0.11016
0.48405 0.11211
0.48739 0.114080
0.49072 0.116050
0.494010 0.118010
0.49723 0.11995
0.500380 0.12189
0.50346 0.12383
0.50646 0.12577
0.50939 0.12774
0.51225 0.12973
0.515030 0.131750
0.51775 0.1338
0.5204 0.13590
0.52299 0.13805
0.52552 0.14024
0.52798 0.14249
0.53038 0.14478
0.53272 0.14712
0.53497 0.1495
0.53713 0.15189
0.53916 0.154260
0.54102 0.15655
0.54266 0.1587
0.54403 0.16067
0.54515 0.16243
0.54603 0.164010
0.54670 0.165410
0.54732 0.16695
*.*.Setup: s1223rtl.txt as Flap 1, Inverted: y, Scale = 1.0, AoA = 2.0, Reposition from (0,0) = (0, 0)*.*.
*.*.Setup: s1223rtl.txt as Flap 2, Inverted: y, Scale = 0.35, AoA = 25.0, Reposition from previous T.E. = (0.04, 0.055), Reposition from (0,0) = (1.0394, 0.0899)*.*.
*.*.Setup: s1223rtl.txt as Flap 3, Inverted: y, Scale = 0.35, AoA = 40.0, Reposition from previous T.E. = (0.04, 0.045), Reposition from (0,0) = (1.3966, 0.2828)*.*.
*.*.Setup: Scale Ratio = 0.32878*.*.