0.35454 0.01238
0.35233 0.01047
0.34911 0.00768
0.34537 0.00498
0.34091 0.00242
0.33551 -0.00015
0.32903 -0.00286
0.3214 -0.005720
0.31274 -0.00869
0.30325 -0.0117
0.29322 -0.014670
0.28286 -0.01756
0.27235 -0.02032
0.26178 -0.02292
0.25119 -0.02535
0.24059 -0.0276
0.2299500 -0.02966
0.21922 -0.03154
0.20834 -0.03328
0.19727 -0.03488
0.18597 -0.03639
0.17444 -0.03784
0.16274 -0.03924
0.15098 -0.04062
0.13931 -0.04196
0.1279 -0.0432
0.11693 -0.04431
0.106600 -0.04521
0.09702 -0.04581
0.08816 -0.04606
0.07987 -0.0459
0.07205 -0.04534
0.06461 -0.04437
0.0575100 -0.04299
0.0507 -0.04121
0.04419 -0.03905
0.03801 -0.03653
0.03218 -0.0337
0.02679 -0.03064
0.02193 -0.02749
0.01767 -0.02437
0.0140500 -0.02141
0.01104 -0.01866
0.00857 -0.01613
0.00655 -0.01379
0.00492 -0.01164
0.00359 -0.00965
0.00251 -0.0078
0.00166 -0.00609
0.001 -0.00448
0.0005 -0.00298
0.00017 -0.00155
0.000013 -0.00021
0.000035 0.00107
0.00029 0.00233
0.00098 0.00344
0.00208 0.00426
0.003450 0.00481
0.00504 0.00519
0.006850 0.00547
0.00893 0.00568
0.01137 0.00584
0.01427 0.00595
0.0178 0.006
0.022210 0.00598
0.0278 0.00584
0.03483 0.00557
0.04328 0.00511
0.05275 0.0044
0.06293 0.00341
0.07373 0.00217
0.08506 0.00075
0.09676 -0.00076
0.10861 -0.00231
0.12044 -0.00385
0.13214 -0.005340
0.14366 -0.00673
0.15499 -0.008
0.16615 -0.009140
0.177140 -0.01011
0.18798 -0.01089
0.19869 -0.01148
0.20929 -0.01186
0.2198 -0.01202
0.23023 -0.01196
0.24059 -0.01166
0.25089 -0.01112
0.26113 -0.01035
0.27132 -0.0093300
0.28144 -0.00807
0.29143 -0.006580
0.30121 -0.00488
0.31064 -0.00298
0.31951 -0.00093
0.32757 0.0012
0.33464 0.00336
0.3407 0.00552
0.34583 0.00768
0.35013 0.009810
0.35454 0.01238
-Inserting Flap s1223rtl-
0.44578 0.08437
0.44533 0.08345
0.444680 0.08211
0.443840 0.08073
0.44275 0.07929
0.44137 0.07773
0.43965 0.07597
0.43758 0.074
0.4352 0.07186
0.43255 0.06960
0.42973 0.06727
0.42678 0.06492
0.423770 0.06259
0.42072 0.06031
0.41765 0.05808
0.41454 0.0559
0.41139 0.05378
0.40819 0.051710
0.40493 0.04966
0.40158 0.04763
0.39814 0.04560
0.39463 0.04356
0.39105 0.0415
0.38745 0.039450
0.38387 0.0374300
0.3803700 0.03546
0.37699 0.03361
0.37378 0.03191
0.37078 0.0304
0.36795 0.02911
0.36526 0.02803
0.36267 0.02714
0.36014 0.02643
0.35766 0.02591
0.35522 0.02555
0.35283 0.025350
0.35049 0.02532
0.34823 0.0254400
0.34607 0.02568
0.3440800 0.02603
0.34228 0.02646
0.34071 0.02691
0.33936 0.02739
0.33822 0.02787
0.337250 0.02834
0.33643 0.02881
0.33573 0.02927
0.33513 0.029720
0.33462 0.030160
0.33419 0.03058
0.33382 0.031
0.33352 0.03142
0.33328 0.03182
0.33311 0.03224
0.33303 0.03268
0.3331 0.0331300
0.33334 0.03355
0.33371 0.03391
0.33417 0.03425
0.33471 0.03459
0.33535 0.03494
0.33612 0.03533
0.33704 0.03576
0.33817 0.03626
0.33959 0.03685
0.34141 0.03758
0.34371 0.03845
0.3465 0.03946
0.3496400 0.040520
0.35306 0.0416
0.35671 0.04267
0.36055 0.04377
0.36453 0.04488
0.36856 0.046
0.372580 0.04712
0.37655 0.04824
0.38045 0.04937
0.38428 0.05051
0.38803 0.051670
0.39170 0.05286
0.3953 0.05409
0.39884 0.05536
0.4023 0.05669
0.40571 0.05808
0.40906 0.059520
0.41236 0.06104
0.4156 0.06262
0.4188 0.06427
0.42194 0.065990
0.42503 0.06778
0.42804 0.06962
0.43096 0.07151
0.43374 0.07342
0.43632 0.07529
0.43862 0.07707
0.44061 0.07874
0.44226 0.08027
0.44362 0.08166
0.44471 0.08294
0.44578 0.08437
-Inserting Flap s1223rtl-
0.54394 0.17509
0.5436600 0.17411
0.54325 0.17268
0.54267 0.17117
0.54184 0.16957
0.54075 0.16779
0.53936 0.16576
0.53767 0.16347
0.53569 0.16094
0.53348 0.15825
0.5311 0.15547
0.528610 0.15264
0.52605 0.14983
0.52345 0.14705
0.5208 0.14432
0.51812 0.14164
0.51539 0.139010
0.5126 0.13641
0.50973 0.13382
0.50679 0.13124
0.50376 0.12865
0.50065 0.12602
0.49749 0.12338
0.4943 0.12073
0.49112 0.11812
0.48801 0.11558
0.48501 0.11316
0.48214 0.11093
0.47945 0.10892
0.47689 0.10716
0.47443 0.10563
0.47203 0.1043
0.46966 0.10317
0.46731 0.10222
0.46497 0.10144
0.462650 0.100840
0.46036 0.1004
0.45811 0.10012
0.45594 0.09999
0.45391 0.09999
0.45207 0.10009
0.45044 0.10027
0.449030 0.1005
0.44782 0.10078
0.44679 0.10108
0.44590 0.1014
0.44513 0.10173
0.44446 0.10207
0.44388 0.102410
0.44338 0.10275
0.44295 0.1031
0.44258 0.10345
0.44228 0.10382
0.44203 0.10419
0.44188 0.10462
0.44187 0.10507
0.44203 0.10552
0.442330 0.105950
0.44272 0.10636
0.4432 0.10679
0.44377 0.10725
0.44446 0.10776
0.44529 0.10834
0.44632 0.10903
0.44762 0.10987
0.44928 0.11089
0.4514 0.11215
0.45397 0.11363
0.45688 0.11522
0.46006 0.11687
0.46346 0.11857
0.46706 0.12031
0.47078 0.1221
0.47456 0.1239
0.47832 0.12571
0.48204 0.1275
0.485690 0.12929
0.48926 0.13107
0.49275 0.13287
0.4961600 0.13468
0.49949 0.13651
0.50275 0.138380
0.505930 0.14029
0.509050 0.14225
0.51209 0.144250
0.51508 0.14632
0.518 0.14844
0.520860 0.15062
0.52366 0.15286
0.52639 0.15516
0.52903 0.1575
0.53158 0.15986
0.53399 0.16222
0.5362 0.164510
0.53816 0.166670
0.53982 0.16865
0.54119 0.17045
0.54228 0.17206
0.54314 0.1735
0.54394 0.17509
*.*.Setup: s1223rtl.txt as Flap 1, Inverted: y, Scale = 1.0, AoA = 2.0, Reposition from (0,0) = (0, 0)*.*.
*.*.Setup: s1223rtl.txt as Flap 2, Inverted: y, Scale = 0.35, AoA = 25.0, Reposition from previous T.E. = (-0.06, 0.055), Reposition from (0,0) = (0.9394, 0.0899)*.*.
*.*.Setup: s1223rtl.txt as Flap 3, Inverted: y, Scale = 0.35, AoA = 35.0, Reposition from previous T.E. = (-0.01, 0.055), Reposition from (0,0) = (1.2466, 0.2928)*.*.
*.*.Setup: Scale Ratio = 0.35475*.*.