0.34194 0.03594
0.339930 0.03394
0.33701 0.03102
0.33358 0.02816
0.32943 0.02539
0.324390 0.022540
0.31831 0.01948
0.31113 0.0162
0.302950 0.01274
0.293980 0.00919
0.28448 0.00564
0.27466 0.00215
0.264690 -0.001230
0.25464 -0.00446
0.24457 -0.00753
0.23448 -0.010410
0.22433 -0.01313
0.21408 -0.01568
0.2036800 -0.01809
0.19308 -0.02039
0.18226 -0.02261
0.17121 -0.02479
0.16 -0.02694
0.14872 -0.029070
0.13752 -0.03115
0.12658 -0.03312
0.11605 -0.03494
0.10612 -0.0365
0.0969 -0.03773
0.08835 -0.03857
0.08033 -0.03898
0.07273 -0.03897
0.06547 -0.03853
0.0585 -0.03768
0.0518 -0.03642
0.04537 -0.03477
0.039220 -0.03275
0.03339 -0.03041
0.02797 -0.02782
0.02306 -0.02509
0.01873 -0.022370
0.01503 -0.01975
0.01193 -0.0173
0.00937 -0.01502
0.00727 -0.01289
0.005540 -0.01092
0.00412 -0.009090
0.00296 -0.00738
0.00202 -0.00577
0.00127 -0.004270
0.00069 -0.00284
0.00027 -0.00149
0.000055 -0.00021
-6e-05 0.00104
0.00012 0.00227
0.00071 0.00339
0.00172 0.00426
0.003010 0.00488
0.00452 0.005360
0.00625 0.00575
0.00825 0.0061
0.0106 0.00642
0.01339 0.00672
0.01681 0.00701
0.02107 0.007280
0.02648 0.00753
0.0333 0.00774
0.0415 0.007860
0.0507 0.00782
0.06061 0.00755
0.07113 0.00708
0.08219 0.00648
0.0936 0.0058
0.10517 0.00511
0.11671 0.00442
0.128120 0.00377
0.13935 0.00321
0.150390 0.00274
0.16125 0.0024
0.17195 0.0022
0.182480 0.00218
0.19288 0.00233
0.20315 0.00268
0.21332 0.00323
0.2234 0.004
0.23339 0.00499
0.24332 0.00621
0.25317 0.00765
0.26295 0.00932
0.27265 0.01122
0.2822 0.013340
0.29155 0.01565
0.30054 0.01812
0.30897 0.0207
0.31662 0.0233
0.323310 0.02587
0.32903 0.02838
0.33384 0.03081
0.33786 0.033160
0.34194 0.03594
-Inserting Flap s1223rtl-
0.43869 0.10852
0.43831 0.10761
0.43775 0.10628
0.43702 0.104890
0.43605 0.10344
0.43479 0.10185
0.43323 0.10005
0.43134 0.09803
0.42916 0.09583
0.42672 0.09349
0.42412 0.09107
0.42141 0.08864
0.41863 0.08622
0.4158 0.08383
0.41295 0.0815
0.410070 0.07922
0.40714 0.077
0.40416 0.07481
0.40112 0.07264
0.397990 0.070490
0.39478 0.068330
0.3915 0.06616
0.38815 0.06397
0.38478 0.06178
0.38144 0.05962
0.37816 0.05752
0.37499 0.05554
0.37198 0.05371
0.36916 0.05208
0.36650 0.05067
0.36396 0.04948
0.3615 0.04847
0.35909 0.04764
0.35672 0.04699
0.35439 0.04651
0.35208 0.04619
0.349820 0.046020
0.34763 0.04601
0.34553 0.04613
0.34357 0.04635
0.34181 0.04666
0.34026 0.04702
0.33894 0.0474
0.3378 0.0478
0.33684 0.0482
0.33602 0.04861
0.33531 0.04902
0.33471 0.04942
0.33419 0.04981
0.33375 0.0502
0.33337 0.05058
0.333060 0.050960
0.3328 0.05135
0.33261 0.05174
0.33251 0.05216
0.33255 0.0526
0.33276 0.05302
0.3331 0.05339
0.33352 0.05375
0.33403 0.05411
0.33463 0.05448
0.33535 0.05490
0.33621 0.05537
0.33728 0.05591
0.338620 0.05657
0.34034 0.05737
0.34252 0.05835
0.34516 0.05948
0.34815 0.06069
0.35139 0.06192
0.35486 0.06316
0.358520 0.064440
0.3623 0.0657400
0.36614 0.06705
0.36997 0.06836
0.37375 0.06967
0.37746 0.070980
0.3811 0.0723
0.38466 0.07363
0.38815 0.07499
0.39156 0.07639
0.3949 0.07782
0.39818 0.0793
0.40140 0.08083
0.40456 0.08242
0.40767 0.084070
0.41072 0.08578
0.41372 0.08756
0.41666 0.0894
0.41955 0.09131
0.42236 0.09326
0.42508 0.09525
0.42766 0.09725
0.430050 0.09921
0.43218 0.10107
0.434 0.10279
0.43552 0.10436
0.436750 0.10579
0.43774 0.107080
0.43869 0.10852
-Inserting Flap s1223rtl-
0.55102 0.193020
0.55075 0.19207
0.55035 0.19068
0.54978 0.18922
0.54898 0.18767
0.54792 0.18594
0.54658 0.18397
0.54494 0.18175
0.54302 0.1793
0.540880 0.17669
0.53857 0.17399
0.53616 0.17126
0.53368 0.168530
0.53115 0.16584
0.52859 0.16319
0.52599 0.1606
0.52334 0.15804
0.52064 0.15552
0.51787 0.15302
0.51501 0.15052
0.51207 0.148
0.50906 0.14546
0.50599 0.1429
0.50290 0.14033
0.49983 0.13780
0.49681 0.13533
0.4939 0.13299
0.49113 0.13083
0.48851 0.12889
0.48603 0.1271800
0.48365 0.12569
0.48132 0.12441
0.47903 0.12331
0.47675 0.12239
0.47448 0.121640
0.47223 0.12105
0.47001 0.12062
0.46783 0.12035
0.465730 0.12023
0.46376 0.12023
0.46198 0.12033
0.4604 0.12050
0.45903 0.12073
0.45786 0.12099
0.456860 0.12128
0.45599 0.12159
0.45525 0.12191
0.454600 0.12224
0.454040 0.12257
0.45356 0.1229
0.45314 0.12324
0.45278 0.12359
0.45249 0.12394
0.45225 0.1243
0.4521 0.124710
0.45209 0.125160
0.45225 0.12559
0.45254 0.126
0.45292 0.1264
0.45338 0.12682
0.45394 0.12726
0.4546 0.12776
0.45541 0.12833
0.4564 0.12899
0.45766 0.1298
0.45928 0.13079
0.46133 0.13202
0.46381 0.13344
0.46664 0.13499
0.46972 0.13659
0.47302 0.138230
0.47651 0.13993
0.48011 0.14165
0.483770 0.1434
0.48742 0.145150
0.49102 0.14689
0.49456 0.14862
0.49802 0.15035
0.5014 0.15209
0.50471 0.15385
0.507940 0.15563
0.51109 0.15744
0.51418 0.15929
0.5172 0.16118
0.52015 0.16313
0.52304 0.16513
0.52588 0.16718
0.52865 0.1693
0.53136 0.17147
0.534 0.17369
0.53657 0.17596
0.53904 0.17826
0.54137 0.18054
0.54352 0.18276
0.54541 0.18485
0.54703 0.18678
0.54835 0.18851
0.54941 0.19007
0.55024 0.19147
0.55102 0.193020
*.*.Setup: s1223rtl.txt as Flap 1, Inverted: y, Scale = 1.0, AoA = 6.0, Reposition from (0,0) = (0, 0)*.*.
*.*.Setup: s1223rtl.txt as Flap 2, Inverted: y, Scale = 0.35, AoA = 28.333333333333332, Reposition from previous T.E. = (-0.0267, 0.045), Reposition from (0,0) = (0.9679, 0.1495)*.*.
*.*.Setup: s1223rtl.txt as Flap 3, Inverted: y, Scale = 0.35, AoA = 35.0, Reposition from previous T.E. = (0.04, 0.045), Reposition from (0,0) = (1.3159, 0.3606)*.*.
*.*.Setup: Scale Ratio = 0.34382*.*.