0.34472 0.01204
0.34257 0.01018
0.33944 0.00746
0.33581 0.00484
0.33147 0.00235
0.32623 -0.00015
0.31992 -0.00278
0.31251 -0.005560
0.30408 -0.00845
0.29486 -0.01137
0.2851 -0.014260
0.27503 -0.01707
0.26481 -0.01976
0.25453 -0.02229
0.24424 -0.02465
0.23393 -0.02683
0.2235900 -0.02884
0.21315 -0.03067
0.20257 -0.03236
0.19181 -0.03392
0.18082 -0.03538
0.16961 -0.03679
0.15824 -0.03816
0.1468 -0.0395
0.13545 -0.04079
0.12436 -0.04201
0.1137 -0.04309
0.1036500 -0.04396
0.09434 -0.04454
0.08572 -0.04478
0.07766 -0.04463
0.07006 -0.04409
0.06283 -0.04314
0.0559100 -0.0418
0.0493 -0.04007
0.04297 -0.03797
0.03696 -0.03552
0.03129 -0.03277
0.02605 -0.0298
0.02132 -0.02673
0.01718 -0.0237
0.0136600 -0.02082
0.01073 -0.01815
0.00833 -0.01568
0.00637 -0.01341
0.00478 -0.01132
0.00349 -0.00938
0.00244 -0.00759
0.00161 -0.00592
0.00097 -0.00436
0.00049 -0.00289
0.00017 -0.00151
0.000013 -0.00021
0.000035 0.00104
0.00028 0.00226
0.00095 0.00334
0.00202 0.00414
0.003360 0.00468
0.0049 0.00505
0.006660 0.00532
0.00869 0.00552
0.01105 0.00568
0.01387 0.00579
0.01731 0.00584
0.02160 0.00581
0.02703 0.00568
0.03387 0.00542
0.04208 0.00497
0.05129 0.00428
0.06119 0.00332
0.07169 0.00211
0.08271 0.00073
0.09408 -0.00074
0.10561 -0.00225
0.11711 -0.00375
0.12848 -0.005190
0.13968 -0.00654
0.1507 -0.00778
0.16155 -0.008890
0.172240 -0.00983
0.18278 -0.01059
0.19319 -0.01117
0.2035 -0.01154
0.21372 -0.01169
0.22385 -0.01163
0.23393 -0.01134
0.24394 -0.01082
0.25391 -0.01006
0.26381 -0.0090700
0.27364 -0.00785
0.28336 -0.00640
0.29287 -0.00474
0.30204 -0.00289
0.31066 -0.00091
0.3185 0.00116
0.32538 0.00326
0.33127 0.00537
0.33625 0.00747
0.34044 0.009540
0.34472 0.01204
-Inserting Flap s1223rtl-
0.44977 0.09784
0.44944 0.0969
0.448960 0.09553
0.44831 0.0941
0.44742 0.0926
0.44626 0.09093
0.4448 0.089030
0.44303 0.0869
0.44096 0.08457
0.43866 0.08208
0.4362 0.07951
0.433620 0.07691
0.43098 0.07432
0.42829 0.07177
0.42557 0.06927
0.42281 0.06682
0.42001 0.06442
0.41716 0.06206
0.41423 0.059710
0.41123 0.05737
0.40814 0.05502
0.40498 0.05265
0.40176 0.05027
0.39851 0.04788
0.39528 0.045520
0.3921200 0.04323
0.38906 0.04105
0.38616 0.03905
0.38343 0.03725
0.38085 0.03569
0.37837 0.03434
0.37597 0.03319
0.3736 0.03222
0.371270 0.03143
0.36896 0.03081
0.36667 0.03035
0.36441 0.03006
0.36222 0.02991
0.36011 0.02991
0.35814 0.03002
0.35635 0.03023
0.35478 0.03049
0.35343 0.03080
0.35227 0.03113
0.35128 0.03148
0.35044 0.031840
0.34971 0.03221
0.34908 0.03257
0.34854 0.032940
0.3480700 0.0333
0.34767 0.03366
0.34734 0.03403
0.34706 0.0344
0.34685 0.03478
0.34672 0.0352
0.34673 0.03564
0.34692 0.03607
0.34723 0.03646
0.34764 0.03684
0.34813 0.03723
0.34871 0.03764
0.3494 0.03810
0.35024 0.038620
0.35128 0.03923
0.35258 0.03997
0.35426 0.04087
0.3563800 0.04197
0.35896 0.04326
0.361880 0.044640
0.36506 0.04607
0.36846 0.04752
0.37205 0.04901
0.37576 0.05053
0.37953 0.05207
0.38329 0.05361
0.38699 0.05514
0.39064 0.05667
0.3942 0.0582
0.39769 0.05974
0.401110 0.06131
0.40444 0.0629
0.40771000 0.06453
0.41091 0.0662
0.414040 0.06793
0.41712 0.0697
0.42013000 0.07153
0.42308 0.07343
0.42598 0.07538
0.42883 0.0774
0.4316 0.07948
0.43431 0.0816
0.436910 0.08375
0.43938 0.0859
0.44166 0.088
0.44368 0.08999
0.44541 0.091820
0.44684 0.09348
0.44799 0.09498
0.44891 0.09634
0.44977 0.09784
-Inserting Flap s1223rtl-
0.54522 0.18261
0.544940 0.18165
0.54454 0.18026
0.54398 0.17879
0.54317 0.17724
0.54211 0.1755
0.54076 0.17353
0.53912 0.1713
0.53719 0.16884
0.53504 0.16623
0.53273 0.16352
0.530310 0.16078
0.52782 0.15804
0.52529 0.15534
0.52272 0.152680
0.52011 0.15008
0.51745 0.14752
0.51474 0.14499
0.51196 0.14248
0.50909 0.139970
0.50615 0.13744
0.50312 0.13489
0.50005 0.13232
0.49695 0.12975
0.49386 0.12721
0.49084 0.12473
0.48791 0.12239
0.48513 0.12021
0.48251 0.11827
0.48002 0.11655
0.47763 0.11506
0.47529 0.11377
0.47299 0.11267
0.47071 0.11175
0.46843 0.11099
0.4661800 0.1104
0.46394 0.10998
0.46176 0.10971
0.45965 0.10958
0.45768 0.10958
0.45589 0.10968
0.4543 0.10985
0.452940 0.110080
0.45176 0.11034
0.45075 0.11064
0.449890 0.110950
0.44914 0.11127
0.44849 0.1116
0.44793 0.11193
0.44744 0.11226
0.44702 0.11260
0.44666 0.11295
0.44637 0.1133
0.44613 0.11367
0.44598 0.11408
0.44597 0.11452
0.44613 0.11496
0.446420 0.11537
0.4468 0.11578
0.44727 0.11619
0.44782 0.11664
0.44849 0.11713
0.44929 0.1177
0.45029 0.11837
0.45156 0.119180
0.45318 0.12018
0.45524 0.12141
0.45773 0.12284
0.46057 0.12439
0.46365 0.126
0.46697 0.12764
0.47046 0.12934
0.47408 0.13108
0.47775 0.13283
0.48142 0.13458
0.485030 0.136330
0.488570 0.13806
0.49205 0.1398
0.49544 0.14155
0.498760 0.14331
0.502 0.14509
0.50516 0.14691
0.5082600 0.14877
0.511290 0.1506700
0.51425 0.15262
0.51715 0.154620
0.51999 0.15669
0.522770 0.15881
0.52549 0.16099
0.52815 0.16322
0.53072 0.16549
0.5332 0.16780
0.53554 0.1700900
0.53769 0.17231
0.53959 0.17441
0.54121 0.17634
0.54254 0.17808
0.5436 0.17965
0.54444 0.18106
0.54522 0.18261
*.*.Setup: s1223rtl.txt as Flap 1, Inverted: y, Scale = 1.0, AoA = 2.0, Reposition from (0,0) = (0, 0)*.*.
*.*.Setup: s1223rtl.txt as Flap 2, Inverted: y, Scale = 0.35, AoA = 31.666666666666668, Reposition from previous T.E. = (0.0067, 0.065), Reposition from (0,0) = (1.0061, 0.0999)*.*.
*.*.Setup: s1223rtl.txt as Flap 3, Inverted: y, Scale = 0.35, AoA = 35.0, Reposition from previous T.E. = (-0.01, 0.045), Reposition from (0,0) = (1.2939, 0.3286)*.*.
*.*.Setup: Scale Ratio = 0.34493*.*.