0.33714 -0.01177
0.33491 -0.01344
0.33167 -0.01588
0.32795 -0.018190
0.32355 -0.02032
0.31826 -0.0224
0.31193 -0.02454
0.30451 -0.026750
0.29609 -0.02899
0.286890 -0.03121
0.27717 -0.03336
0.26716 -0.03542
0.2570 -0.03734
0.2468 -0.03911
0.2366 -0.04071
0.22640 -0.04214
0.216170 -0.043390
0.20586 -0.04446
0.19543 -0.04539
0.18482 -0.04617
0.17399 -0.04686
0.16296 -0.04746
0.15177 -0.04802
0.14053 -0.04855
0.12937 -0.04904
0.11846 -0.049470
0.10798 -0.0497900
0.09813 -0.049960
0.0890 -0.04989
0.08057 -0.04954
0.07272 -0.048840
0.06534 -0.04779
0.05835 -0.04638
0.0517 -0.0446
0.04536 -0.04246
0.03933 -0.03998
0.03363 -0.0371800
0.028290 -0.0341
0.02338 -0.03085
0.01898 -0.02753
0.015140 -0.02429
0.01191 -0.02124
0.00923 -0.01844
0.00706 -0.015870
0.0053 -0.01352
0.00389 -0.0113700
0.00276 -0.00939
0.00187 -0.00757
0.00117 -0.00589
0.00065 -0.00432
0.00028 -0.00286
6e-05 -0.00149
-0.000029 -0.0002
8e-05 0.00101
0.00043 0.00219
0.00116 0.00320
0.00225 0.0039
0.00359 0.00433
0.005120 0.00459
0.00686 0.00474
0.008850 0.0048
0.01117 0.00479
0.0047 0.00470
0.01729 0.00451
0.02147 0.00419
0.02676 0.0037
0.03341 0.00297
0.0413900 0.001970
0.05033 0.00067
0.05992 -0.00094
0.07008 -0.00283
0.08074 -0.00493
0.09173 -0.00714
0.10288 -0.0094
0.114 -0.01164
0.12499 -0.01383
0.13583 -0.015910
0.14649 -0.01787
0.1570 -0.01969
0.16736 -0.02134
0.1776 -0.0228
0.18772 -0.02407
0.1977500 -0.02514
0.20771 -0.02599
0.2176 -0.02662
0.22745 -0.02702
0.23725 -0.02719
0.24703 -0.02714
0.25676 -0.02685
0.26643 -0.02633
0.27601 -0.02558
0.28541 -0.02461
0.29448 -0.02343
0.30303 -0.02208
0.31081 -0.02059
0.31767 -0.01901
0.323560 -0.01736
0.32856 -0.01565
0.33279 -0.01392
0.33714 -0.01177
-Inserting Flap s1223rtl-
0.4361 0.07113
0.43583 0.070190
0.43544 0.06883
0.43489 0.067400
0.4341 0.06588
0.43306 0.06418
0.43175 0.06225
0.43014 0.060070
0.42825 0.05767
0.42615 0.05511
0.42389 0.052460
0.42152 0.04978
0.41909 0.0471
0.41661 0.04446
0.4141 0.04186
0.411540 0.03932
0.40895 0.03681
0.40629 0.03434
0.40357 0.03188
0.40077 0.029430
0.39789 0.02696
0.39493 0.02447
0.39192 0.02195
0.38889 0.01944
0.385880 0.01695
0.38292 0.01453
0.38006 0.01223
0.37734 0.01011
0.37477 0.00821
0.37234 0.00653
0.370 0.00507
0.36772 0.0038100
0.36546 0.00273
0.36323 0.00183
0.36101 0.00109
0.3588 0.00052
0.35662 0.0001
0.35448 -0.00017
0.35242 -0.000290
0.35049 -0.00029
0.34874 -0.00019
0.34719 -0.000068
0.34585 0.00020
0.3447 0.00046
0.34372 0.00074
0.34287 0.001050
0.342140 0.00136
0.3415 0.00168
0.34095 0.00201
0.34048 0.00234
0.34007 0.00267
0.33972 0.00301
0.33943 0.00335
0.33919 0.00371
0.33904 0.00411
0.33903 0.00454
0.33919 0.00497
0.33948 0.00538
0.33985 0.00577
0.34031 0.00618
0.34085 0.00661
0.3415 0.0071
0.34229 0.00766
0.34327 0.00831
0.3445 0.00910
0.34609 0.01008
0.3481 0.01128
0.35054 0.01268
0.353310 0.0142
0.35633 0.01577
0.35957 0.01738
0.36299 0.019040
0.36653 0.02073
0.37012 0.02245
0.3737 0.02416
0.377240 0.02587
0.3807 0.02757
0.3841 0.02927
0.38742 0.03097
0.39066 0.0327
0.39383 0.03444
0.39693 0.03622
0.39996 0.03803
0.40292 0.03989
0.405820 0.0418
0.40865 0.04376
0.41143 0.04578
0.41415 0.04785
0.41681 0.04999
0.41941 0.05217
0.42192 0.0544
0.424350 0.05665
0.42663 0.05889
0.42874 0.06106
0.4306 0.06312
0.43218 0.065
0.43348 0.06671
0.43452 0.06824
0.43534 0.06961
0.4361 0.07113
-Inserting Flap s1223rtl-
0.54004 0.1622
0.539860 0.16125
0.53958 0.15986
0.53916 0.15838
0.53851 0.1568
0.53762 0.155020
0.53648 0.15298
0.53506 0.15067
0.5334 0.14811
0.53153 0.14538
0.5295 0.14254
0.52738 0.13967
0.52519 0.13679
0.52295 0.13394
0.52067 0.13113
0.51835 0.12837
0.515980 0.12565
0.51355 0.12296
0.51106 0.12027
0.50848 0.11758
0.50583 0.11487
0.5031 0.11213
0.50032 0.10936
0.49752 0.10659
0.49473 0.10385
0.49199 0.101190
0.48934 0.09865
0.4868200 0.0963
0.48443 0.09418
0.48215 0.09229
0.47995 0.09064
0.47778 0.08918
0.47563 0.08791
0.47349 0.08682
0.47134 0.08589
0.469190 0.08512
0.46705 0.08452
0.46494 0.08407
0.4629 0.08376
0.46098 0.0835900
0.45922 0.08354
0.45767 0.08357
0.45632 0.08368
0.45515 0.08383
0.45414 0.08403
0.45327 0.08426
0.452510 0.08451
0.45186 0.08478
0.45128 0.08505
0.45078 0.08534
0.450340 0.08563
0.44996 0.08594
0.44964 0.08625
0.449380 0.08659
0.449190 0.08698
0.44915 0.087410
0.44927 0.08785
0.44952 0.08828
0.44985 0.0887
0.45027 0.08915
0.45078 0.08963
0.45138 0.0901700
0.45212 0.09079
0.45304 0.09153
0.4542 0.09243
0.45569 0.09354
0.457590 0.09491
0.4599 0.096520
0.46253 0.09827
0.4654 0.1001
0.46849 0.10199
0.47175 0.10394
0.47513 0.10594
0.47856 0.10796
0.48197 0.10998
0.48534 0.11199
0.48865 0.11398
0.49189 0.11597
0.49504 0.11796
0.49813 0.119960
0.50113 0.12197
0.504060 0.12401
0.50692 0.12608
0.50971 0.12819
0.51243 0.13035
0.51508 0.13255
0.51767 0.1348
0.5202 0.1371
0.52267 0.13946
0.52506 0.14186
0.527380 0.1443
0.5295900 0.146750
0.53168 0.14918
0.533580 0.15153
0.53526 0.153740
0.53667 0.15576
0.53782 0.15757
0.53872 0.15919
0.53941 0.16063
0.54004 0.1622
*.*.Setup: s1223rtl.txt as Flap 1, Inverted: y, Scale = 1.0, AoA = -2.0, Reposition from (0,0) = (0, 0)*.*.
*.*.Setup: s1223rtl.txt as Flap 2, Inverted: y, Scale = 0.35, AoA = 35.0, Reposition from previous T.E. = (0.0067, 0.045), Reposition from (0,0) = (1.0061, 0.0101)*.*.
*.*.Setup: s1223rtl.txt as Flap 3, Inverted: y, Scale = 0.35, AoA = 40.0, Reposition from previous T.E. = (0.04, 0.045), Reposition from (0,0) = (1.3328, 0.2559)*.*.
*.*.Setup: Scale Ratio = 0.33734*.*.