0.35546 -0.02993
0.35468 -0.030660
0.35312 -0.03208
0.350810 -0.03416
0.34788 -0.03677
0.344490 -0.0397
0.34078 -0.04276
0.33693 -0.04578
0.33306 -0.048590
0.3292 -0.0512
0.32535 -0.05362
0.32149 -0.055890
0.31765 -0.058050
0.3138 -0.06011
0.30996 -0.06209
0.30613 -0.06399
0.30229 -0.06581
0.29846 -0.06757
0.29463 -0.06925
0.2908 -0.07087
0.28698 -0.07243
0.28315 -0.07393
0.27933 -0.07538
0.27551 -0.07677
0.27169 -0.07811
0.26788 -0.07939
0.26406 -0.08061
0.26025 -0.08177
0.25644 -0.08286
0.25263 -0.0839
0.24883 -0.08489
0.24502 -0.08584
0.24122 -0.08676
0.23742 -0.08765
0.23362 -0.08851
0.22982 -0.08934
0.22602 -0.09013
0.22222 -0.09087
0.21843 -0.09157
0.21463 -0.09222
0.21084 -0.09281
0.20705 -0.09337
0.20326 -0.09388
0.19947 -0.09435
0.19569 -0.09477
0.1919 -0.095160
0.188120 -0.09551
0.18434 -0.09583
0.18055 -0.09611
0.17677 -0.09635
0.173 -0.09656
0.16922 -0.09672
0.16544 -0.09685
0.16167 -0.096920
0.1579 -0.09695
0.15413 -0.09694
0.15036 -0.09688
0.14659 -0.09677
0.14282 -0.09662
0.13906 -0.09643
0.1353 -0.09618
0.13154 -0.09589
0.12778 -0.09555
0.12402 -0.09516
0.12026 -0.09472
0.11651 -0.09424
0.11276 -0.09371
0.109 -0.09316
0.10525 -0.0925600
0.1015 -0.09193
0.09776 -0.09124
0.09401 -0.09048
0.09027 -0.08965
0.08653 -0.08873
0.0828 -0.08772
0.07906 -0.08663
0.07533 -0.085450
0.0716 -0.08419
0.06788 -0.08284
0.06416 -0.08139
0.06044 -0.079820
0.05673 -0.07813
0.05302 -0.07629
0.04932 -0.0743
0.045630 -0.07215
0.04194 -0.06985
0.03825 -0.0674
0.03457 -0.06481
0.03089 -0.06207
0.02723 -0.05912
0.02357 -0.055880
0.01992 -0.05228
0.01629 -0.04824
0.0127 -0.04373
0.00928 -0.038880
0.00616 -0.03387
0.00349 -0.02887
0.00142 -0.02405
7e-05 -0.01958
-0.00042 -0.012110
0.00043 -0.00932
0.00201 -0.00728
0.00429 -0.00607
0.00715 -0.00558
0.01044 -0.00566
0.01401 -0.00618
0.01773 -0.00699
0.02147 -0.007970
0.0252 -0.0091
0.02893 -0.01035
0.03265 -0.01173
0.03637 -0.01323
0.04009 -0.01484
0.0438 -0.01655
0.04751 -0.01833
0.05121 -0.020190
0.05492 -0.0221
0.05862 -0.02405
0.06232 -0.02603
0.06602 -0.02803
0.06972 -0.03004
0.07343 -0.032040
0.07713 -0.03403
0.08083 -0.03601
0.08453 -0.03795
0.08824 -0.03988
0.09194 -0.04177
0.09565 -0.04363
0.09936 -0.04545
0.10307 -0.04724
0.10678 -0.04898
0.11049 -0.05069
0.1142 -0.05235
0.11791 -0.05397
0.12163 -0.05555
0.12535 -0.05708
0.12907 -0.05856
0.13279 -0.060
0.13651 -0.06139
0.14024 -0.06273
0.14396 -0.06402
0.14769 -0.06526
0.15142 -0.06645
0.15515 -0.06758
0.15889 -0.06866
0.16262 -0.06967
0.166360 -0.07063
0.1701 -0.07153
0.17384 -0.07238
0.17758 -0.073170
0.18133 -0.07392
0.18508 -0.07462
0.18882 -0.07527
0.19257 -0.07588
0.19633 -0.07644
0.20008 -0.07694
0.20384 -0.07737
0.20759 -0.07774
0.21136 -0.07803
0.21512 -0.078250
0.21889 -0.0784
0.22265 -0.07849
0.22642 -0.078510
0.2302 -0.0784600
0.233970 -0.07833
0.23775 -0.078140
0.24153 -0.07787
0.24531 -0.07753
0.2491 -0.07711
0.25289 -0.07661
0.25668 -0.07602
0.26047 -0.07536
0.26427 -0.0746
0.26807 -0.07377
0.27188 -0.07283
0.27568 -0.07181
0.27949 -0.07068
0.28331 -0.06946
0.28713 -0.06813
0.2909500 -0.06672
0.29477 -0.06522
0.2986 -0.06364
0.30243 -0.06198
0.30626 -0.06024
0.31009 -0.05843
0.31393 -0.05656
0.317770 -0.0546
0.32161 -0.05258
0.32546 -0.05047
0.3293 -0.04825
0.33316 -0.0459
0.33702 -0.0434
0.34085 -0.04077
0.34454 -0.03812
0.34792 -0.03561
0.35084 -0.0334
0.35314 -0.03163
0.35469 -0.03044
0.35546 -0.02993
-Inserting Flap Ga2-
0.43009 0.02945
0.43006 0.02924
0.429980 0.02883
0.42986 0.02821
0.42971 0.02745
0.42952 0.02657
0.42929 0.02563
0.42904 0.02469
0.42876 0.02377
0.42846 0.02289
0.42813 0.02204
0.42779 0.02121
0.427440 0.02041
0.42707 0.01961
0.4267 0.01884
0.42631 0.01807
0.42592 0.01732
0.42552 0.01658
0.42511 0.01585
0.42469 0.01513
0.42427 0.01442
0.42384 0.01372
0.4234 0.01303
0.42296 0.01234
0.42251 0.01167
0.42206 0.01101
0.421590 0.01035
0.42113 0.00971
0.42065 0.00908
0.42016 0.00845
0.41968 0.00784
0.419180 0.00723
0.41869 0.00662
0.41819 0.00602
0.41768 0.00543
0.41717 0.00484
0.41666 0.004250
0.41615 0.00368
0.41562 0.00311
0.4151 0.00255
0.41456 0.002
0.41402 0.001450
0.41348 0.00092
0.41293 0.00039
0.412380 -0.00014
0.41182 -0.00066
0.41126 -0.00117
0.41069 -0.00167
0.41012 -0.0021700
0.40955 -0.00267
0.40897 -0.00315
0.40838 -0.00364
0.4078 -0.00411
0.4072 -0.00458
0.4066 -0.00504
0.4060 -0.00549
0.405390 -0.00593
0.40478 -0.00637
0.40416 -0.0068
0.40353 -0.00722
0.4029 -0.00763
0.40227 -0.008040
0.40162 -0.00844
0.400980 -0.00883
0.40032 -0.00921
0.39967 -0.00958
0.399 -0.009950
0.39834 -0.01031
0.39767 -0.01067
0.39699 -0.011020
0.39631 -0.01136
0.39562 -0.01169
0.394920 -0.01201
0.39421 -0.01231
0.3935 -0.0126
0.39277 -0.01288
0.39203 -0.01314
0.39128 -0.01338
0.39053 -0.01362
0.38976 -0.01383
0.38898 -0.01403
0.38818 -0.0142
0.387370 -0.01436
0.38653 -0.01448
0.38569 -0.01459
0.38482 -0.01466
0.38394 -0.01472
0.38304 -0.01475
0.38212 -0.01475
0.38118 -0.01472
0.3802 -0.01464
0.37919 -0.01451
0.37812 -0.0143
0.37701 -0.01401
0.375880 -0.01365
0.37477 -0.01322
0.37375 -0.01274
0.37284 -0.012220
0.37208 -0.01167
0.3711 -0.01054
0.3709 -0.009990
0.37091 -0.00948
0.371130 -0.00901
0.37153 -0.00859
0.37206 -0.0082
0.3727 -0.00785
0.37339 -0.00754
0.3741 -0.00724
0.37483 -0.00697
0.37558 -0.00673
0.37634 -0.0065
0.37712 -0.00629
0.37790 -0.00610
0.378700 -0.00593
0.37951 -0.00576
0.38032 -0.005620
0.38115 -0.00547
0.38197 -0.00534
0.38280 -0.00521
0.38363 -0.00508
0.38447 -0.00496
0.3853 -0.00483
0.386130 -0.00471
0.38696 -0.00458
0.38778 -0.00444
0.38861 -0.0043
0.38943 -0.00416
0.39024 -0.00401
0.39105 -0.003860
0.39186 -0.00369
0.39266 -0.00353
0.39346 -0.00335
0.39426 -0.00317
0.39504 -0.002980
0.39583 -0.00279
0.39661 -0.00258
0.39738 -0.00237
0.39815 -0.00216
0.39891 -0.00193
0.39966 -0.00169
0.40041 -0.00145
0.40116 -0.0012
0.4019 -0.00094
0.40263 -0.00067
0.40336 -0.0004
0.40408 -0.00011
0.40479 0.00019
0.40549 0.00049
0.40619 0.00081
0.40689 0.001130
0.40757 0.00147
0.40826 0.0018
0.40893 0.00215
0.40961 0.0025
0.41027 0.00287
0.41093 0.003240
0.41158 0.00362
0.41223 0.00402
0.41286 0.00442
0.41349 0.00484
0.41411 0.00527
0.41472 0.00571
0.41533 0.00616
0.41593 0.00662
0.416510 0.0071
0.41709 0.00758
0.41767 0.00808
0.41823 0.00859
0.41878 0.00911
0.41933 0.009650
0.41986 0.0102
0.42039 0.01076
0.4209 0.01134
0.42141 0.01193
0.42191 0.01254
0.42239 0.01316
0.42286 0.0138
0.42333 0.01445
0.42378 0.01512
0.42422 0.01581
0.42465 0.01651
0.42507 0.01722
0.42548 0.01795
0.42588 0.01869
0.42628 0.01944
0.42666 0.02020
0.427040 0.02097
0.42741 0.02176
0.42777 0.02256
0.42812 0.02338
0.42845 0.02421
0.42877 0.02508
0.42906 0.02596
0.42933 0.02683
0.42957 0.02763
0.42977 0.028340
0.42993 0.02890
0.43003 0.02928
0.43009 0.02945
-Inserting Flap Ga2-
0.49283 0.10316
0.49285 0.102950
0.49288 0.10253
0.49293 0.10191
0.49298 0.10113
0.49302 0.10023
0.49305 0.099270
0.49305 0.09829
0.49301 0.097330
0.492950 0.09641
0.4928600 0.0955
0.49274 0.094610
0.49261 0.09374
0.49246 0.092880
0.4923 0.09203
0.49212 0.09119
0.49194 0.09037
0.49174 0.08955
0.49154 0.088730
0.49132 0.08793
0.4911 0.08714
0.49086 0.08635
0.49062 0.08557
0.49037 0.08479
0.49011 0.08403
0.48984 0.08327
0.48956 0.08252
0.48928 0.08177
0.48898 0.08104
0.48868 0.08031
0.48836 0.07959
0.48804 0.07887
0.48772 0.07816
0.48739 0.07745
0.48706 0.07675
0.48672 0.07605
0.48638 0.07535
0.48603 0.07466
0.48567 0.07398
0.485310 0.0733
0.48493 0.07263
0.48455 0.07196
0.48417 0.0713
0.48378 0.07065
0.48338 0.07
0.48297 0.06935
0.48256 0.068710
0.48215 0.06808
0.48172 0.06745
0.4813 0.06682
0.48086 0.0662
0.480430 0.06559
0.47998 0.064980
0.47953 0.06437
0.47907 0.06377
0.4786 0.06318
0.47813 0.06259
0.47765 0.06201
0.47716 0.06144
0.47666 0.06087
0.47616 0.06031
0.47565 0.05975
0.47514 0.0592
0.47461 0.058660
0.47408 0.058120
0.47354 0.05759
0.473 0.05706
0.47245 0.05654
0.47189 0.05602
0.47133 0.05551
0.47076 0.055
0.47018 0.0545
0.46959 0.05402
0.46898 0.05354
0.46837 0.05307
0.46773 0.05262
0.46709 0.05218
0.466430 0.05175
0.46576 0.05133
0.46507 0.050920
0.46437 0.05052
0.46364 0.050150
0.4629 0.04979
0.46213 0.04945
0.46133 0.04913
0.46052 0.04884
0.45968 0.04856
0.45882 0.04829
0.45793 0.048050
0.45701 0.04784
0.45605 0.04766
0.45504 0.04753
0.45395 0.04745
0.4528 0.04744
0.45162 0.0475
0.45044 0.04763
0.449320 0.04782
0.44831 0.04809
0.44744 0.04843
0.4462 0.04927
0.44587 0.04975
0.44574 0.05025
0.44583 0.05075
0.4461 0.05127
0.44652 0.05177
0.44705 0.05227
0.44763 0.05276
0.448250 0.05323
0.44888 0.053680
0.449540 0.05411
0.45021 0.05453
0.45091 0.05493
0.45162 0.05532
0.45235 0.05569
0.45308 0.05606
0.45383 0.05641
0.45459 0.056760
0.45535 0.0571
0.45612 0.05744
0.45689 0.05778
0.45766 0.05812
0.45844 0.05845
0.45921 0.05879
0.45997 0.05913
0.46074 0.05948
0.46149 0.05982
0.46225 0.06017
0.463 0.06053
0.46374 0.06089
0.46448 0.06125
0.46521 0.06162
0.46594 0.062
0.46666 0.06238
0.46737 0.06277
0.468080 0.06316
0.46878 0.06355
0.46947 0.06396
0.47015 0.06437
0.47083 0.06478
0.4715 0.0652
0.47216 0.065630
0.47282 0.06607
0.47346 0.06651
0.4741 0.06696
0.47473 0.06741
0.47535 0.06788
0.47596 0.06835
0.47656 0.06883
0.47716 0.06931
0.47774 0.0698
0.47832 0.0703
0.478890 0.07081
0.47946 0.07132
0.48002 0.07183
0.48057 0.07236
0.48111 0.072890
0.48164 0.07343
0.48216 0.07397
0.48267 0.07453
0.4831700 0.07510
0.48365 0.07567
0.48413 0.07625
0.48460 0.07685
0.48505 0.07745
0.4855 0.078060
0.48594 0.07868
0.48636 0.0793
0.48677 0.07994
0.48717 0.08059
0.48756 0.08125
0.48793 0.08192
0.48829 0.0826
0.48864 0.08329
0.48898 0.08399
0.48930 0.08471
0.48961 0.08543
0.4899 0.086170
0.49018 0.08692
0.49044 0.08769
0.49069 0.08847
0.49092 0.08925
0.49114 0.09005
0.49135 0.09086
0.49155 0.09168
0.49174 0.0925
0.49191 0.09334
0.49208 0.09418
0.49223 0.09504
0.49237 0.09591
0.4925 0.09679
0.4926 0.09768
0.49268 0.0986
0.49274 0.09953
0.49278 0.10043
0.4928 0.10128
0.49281 0.10201
0.49281 0.10259
0.49282 0.10298
0.49283 0.10316
*.*.Setup: Ga2.txt as Flap 1, Inverted: y, Scale = 1.0, AoA = -2.0, Reposition from (0,0) = (0, 0)*.*.
*.*.Setup: Ga2.txt as Flap 2, Inverted: y, Scale = 0.2, AoA = 35.0, Reposition from previous T.E. = (0.04, 0.06), Reposition from (0,0) = (1.0377, -0.024)*.*.
*.*.Setup: Ga2.txt as Flap 3, Inverted: y, Scale = 0.2, AoA = 50.0, Reposition from previous T.E. = (0.04, 0.06), Reposition from (0,0) = (1.2471, 0.1427)*.*.
*.*.Setup: Scale Ratio = 0.35629*.*.