0.33714 -0.01177
0.33491 -0.01344
0.33167 -0.01588
0.32795 -0.018190
0.32355 -0.02032
0.31826 -0.0224
0.31193 -0.02454
0.30451 -0.026750
0.29609 -0.02899
0.286890 -0.03121
0.27717 -0.03336
0.26716 -0.03542
0.2570 -0.03734
0.2468 -0.03911
0.2366 -0.04071
0.22640 -0.04214
0.216170 -0.043390
0.20586 -0.04446
0.19543 -0.04539
0.18482 -0.04617
0.17399 -0.04686
0.16296 -0.04746
0.15177 -0.04802
0.14053 -0.04855
0.12937 -0.04904
0.11846 -0.049470
0.10798 -0.0497900
0.09813 -0.049960
0.0890 -0.04989
0.08057 -0.04954
0.07272 -0.048840
0.06534 -0.04779
0.05835 -0.04638
0.0517 -0.0446
0.04536 -0.04246
0.03933 -0.03998
0.03363 -0.0371800
0.028290 -0.0341
0.02338 -0.03085
0.01898 -0.02753
0.015140 -0.02429
0.01191 -0.02124
0.00923 -0.01844
0.00706 -0.015870
0.0053 -0.01352
0.00389 -0.0113700
0.00276 -0.00939
0.00187 -0.00757
0.00117 -0.00589
0.00065 -0.00432
0.00028 -0.00286
6e-05 -0.00149
-0.000029 -0.0002
8e-05 0.00101
0.00043 0.00219
0.00116 0.00320
0.00225 0.0039
0.00359 0.00433
0.005120 0.00459
0.00686 0.00474
0.008850 0.0048
0.01117 0.00479
0.0047 0.00470
0.01729 0.00451
0.02147 0.00419
0.02676 0.0037
0.03341 0.00297
0.0413900 0.001970
0.05033 0.00067
0.05992 -0.00094
0.07008 -0.00283
0.08074 -0.00493
0.09173 -0.00714
0.10288 -0.0094
0.114 -0.01164
0.12499 -0.01383
0.13583 -0.015910
0.14649 -0.01787
0.1570 -0.01969
0.16736 -0.02134
0.1776 -0.0228
0.18772 -0.02407
0.1977500 -0.02514
0.20771 -0.02599
0.2176 -0.02662
0.22745 -0.02702
0.23725 -0.02719
0.24703 -0.02714
0.25676 -0.02685
0.26643 -0.02633
0.27601 -0.02558
0.28541 -0.02461
0.29448 -0.02343
0.30303 -0.02208
0.31081 -0.02059
0.31767 -0.01901
0.323560 -0.01736
0.32856 -0.01565
0.33279 -0.01392
0.33714 -0.01177
-Inserting Flap s1223rtl-
0.4361 0.0745
0.43583 0.073570
0.43544 0.07221
0.43489 0.0707700
0.4341 0.06925
0.43306 0.06756
0.43175 0.06562
0.43014 0.063440
0.42825 0.06104
0.42615 0.05849
0.42389 0.055840
0.42152 0.05315
0.41909 0.05048
0.41661 0.04783
0.4141 0.04524
0.411540 0.04269
0.40895 0.04019
0.40629 0.03771
0.40357 0.03526
0.40077 0.03280
0.39789 0.03033
0.39493 0.02784
0.39192 0.02533
0.38889 0.02281
0.385880 0.02032
0.38292 0.01791
0.38006 0.01561
0.37734 0.01349
0.37477 0.01158
0.37234 0.00991
0.370 0.00845
0.36772 0.0071900
0.36546 0.00611
0.36323 0.0052
0.36101 0.00447
0.3588 0.00389
0.35662 0.00347
0.35448 0.00321
0.35242 0.003080
0.35049 0.00308
0.34874 0.00318
0.34719 0.00335
0.34585 0.003570
0.3447 0.00383
0.34372 0.00412
0.34287 0.004420
0.342140 0.00474
0.3415 0.00506
0.34095 0.00538
0.34048 0.00571
0.34007 0.00604
0.33972 0.00638
0.33943 0.00672
0.33919 0.00708
0.33904 0.00748
0.33903 0.00792
0.33919 0.00835
0.33948 0.00875
0.33985 0.00914
0.34031 0.00955
0.34085 0.00999
0.3415 0.01047
0.34229 0.01103
0.34327 0.01168
0.3445 0.012470
0.34609 0.01345
0.3481 0.01465
0.35054 0.01605
0.353310 0.01757
0.35633 0.01914
0.35957 0.02075
0.36299 0.022410
0.36653 0.02411
0.37012 0.02582
0.3737 0.02754
0.377240 0.02924
0.3807 0.03094
0.3841 0.03264
0.38742 0.03435
0.39066 0.03607
0.39383 0.03781
0.39693 0.03959
0.39996 0.04141
0.40292 0.04327
0.405820 0.04518
0.40865 0.04714
0.41143 0.04915
0.41415 0.05123
0.41681 0.05336
0.41941 0.05554
0.42192 0.05777
0.424350 0.06002
0.42663 0.06226
0.42874 0.06444
0.4306 0.06649
0.43218 0.06838
0.43348 0.07008
0.43452 0.07161
0.43534 0.07299
0.4361 0.0745
-Inserting Flap s1223rtl-
0.54004 0.17232
0.539860 0.17137
0.53958 0.16998
0.53916 0.1685
0.53851 0.16692
0.53762 0.165140
0.53648 0.1631
0.53506 0.16079
0.5334 0.15823
0.53153 0.1555
0.5295 0.15266
0.52738 0.14979
0.52519 0.14691
0.52295 0.14406
0.52067 0.14125
0.51835 0.13849
0.515980 0.13577
0.51355 0.13308
0.51106 0.13039
0.50848 0.1277
0.50583 0.12499
0.5031 0.12225
0.50032 0.11948
0.49752 0.11671
0.49473 0.11397
0.49199 0.111310
0.48934 0.10877
0.4868200 0.10642
0.48443 0.1043
0.48215 0.10241
0.47995 0.10076
0.47778 0.0993
0.47563 0.09803
0.47349 0.09694
0.47134 0.09601
0.469190 0.09524
0.46705 0.09464
0.46494 0.09419
0.4629 0.09388
0.46098 0.0937100
0.45922 0.09366
0.45767 0.09369
0.45632 0.0938
0.45515 0.09396
0.45414 0.09415
0.45327 0.09438
0.452510 0.09463
0.45186 0.0949
0.45128 0.09517
0.45078 0.09546
0.450340 0.09575
0.44996 0.09606
0.44964 0.09637
0.449380 0.09671
0.449190 0.0971
0.44915 0.097530
0.44927 0.09797
0.44952 0.0984
0.44985 0.09882
0.45027 0.09927
0.45078 0.09975
0.45138 0.1002900
0.45212 0.10091
0.45304 0.10165
0.4542 0.10255
0.45569 0.10366
0.457590 0.10503
0.4599 0.106640
0.46253 0.10839
0.4654 0.11022
0.46849 0.11211
0.47175 0.11406
0.47513 0.11606
0.47856 0.11808
0.48197 0.1201
0.48534 0.12211
0.48865 0.1241
0.49189 0.12609
0.49504 0.12808
0.49813 0.130080
0.50113 0.13209
0.504060 0.13413
0.50692 0.1362
0.50971 0.13831
0.51243 0.14047
0.51508 0.14267
0.51767 0.14492
0.5202 0.14722
0.52267 0.14958
0.52506 0.15198
0.527380 0.15442
0.5295900 0.156870
0.53168 0.1593
0.533580 0.16165
0.53526 0.163860
0.53667 0.16588
0.53782 0.16769
0.53872 0.16931
0.53941 0.17075
0.54004 0.17232
*.*.Setup: s1223rtl.txt as Flap 1, Inverted: y, Scale = 1.0, AoA = -2.0, Reposition from (0,0) = (0, 0)*.*.
*.*.Setup: s1223rtl.txt as Flap 2, Inverted: y, Scale = 0.35, AoA = 35.0, Reposition from previous T.E. = (0.0067, 0.055), Reposition from (0,0) = (1.0061, 0.0201)*.*.
*.*.Setup: s1223rtl.txt as Flap 3, Inverted: y, Scale = 0.35, AoA = 40.0, Reposition from previous T.E. = (0.04, 0.065), Reposition from (0,0) = (1.3328, 0.2859)*.*.
*.*.Setup: Scale Ratio = 0.33734*.*.