0.34764 -0.01214
0.34534 -0.01386
0.342 -0.01637
0.33817 -0.018760
0.33362 -0.02095
0.32817 -0.0231
0.32165 -0.0253
0.31399 -0.027580
0.30531 -0.02989
0.295820 -0.03218
0.28581 -0.0344
0.27548 -0.03652
0.265010 -0.0385
0.25449 -0.04033
0.24397 -0.04198
0.233450 -0.04345
0.22290 -0.044740
0.21227 -0.04585
0.20151 -0.0468
0.19057 -0.04761
0.17941 -0.04831
0.16804 -0.04894
0.1565 -0.04952
0.1449 -0.05006
0.13339 -0.05057
0.12215 -0.051010
0.11135 -0.0513400
0.10118 -0.051510
0.091770 -0.05145
0.08308 -0.05108
0.07499 -0.050360
0.06738 -0.04928
0.06017 -0.04782
0.05331 -0.04599
0.04677 -0.04378
0.04056 -0.04122
0.03468 -0.0383300
0.029170 -0.03517
0.02411 -0.03181
0.01957 -0.02839
0.015610 -0.02505
0.01228 -0.0219
0.00952 -0.01901
0.00728 -0.016360
0.00547 -0.01394
0.00401 -0.0117200
0.00285 -0.00968
0.00192 -0.00781
0.00121 -0.00607
0.00067 -0.00445
0.00029 -0.00294
6e-05 -0.00153
-0.000029 -0.00021
9e-05 0.00105
0.00044 0.00226
0.00119 0.00330
0.00232 0.00402
0.00371 0.00447
0.005280 0.00473
0.00707 0.00488
0.009130 0.00495
0.01152 0.00494
0.01436 0.004850
0.01782 0.00465
0.02213 0.00433
0.02759 0.00381
0.03445 0.00307
0.0426800 0.002030
0.0519 0.0007
0.06179 -0.00097
0.07226 -0.00292
0.08326 -0.00508
0.09459 -0.00736
0.10608 -0.00969
0.11755 -0.01201
0.12889 -0.01426
0.14006 -0.016410
0.15106 -0.01843
0.161890 -0.0203
0.17258 -0.022
0.18313 -0.02351
0.19357 -0.02482
0.2039100 -0.02592
0.21418 -0.0268
0.22438 -0.02744
0.23453 -0.02786
0.24464 -0.02804
0.25472 -0.02798
0.26476 -0.02768
0.27473 -0.02715
0.28461 -0.02637
0.2943 -0.02537
0.30365 -0.02416
0.31246 -0.02277
0.32049 -0.02124
0.32756 -0.01961
0.333640 -0.0179
0.3388 -0.01614
0.34315 -0.01435
0.34764 -0.01214
-Inserting Flap s1223rtl-
0.4487 0.05497
0.44826 0.05406
0.44762 0.052750
0.4468 0.0514
0.44573 0.04999
0.44437 0.04846
0.44269 0.04673
0.440660 0.0448
0.43832 0.0427
0.43573 0.04048
0.43296 0.0382
0.43007 0.0359
0.42712 0.03362
0.42413 0.03137
0.42111 0.029190
0.41807 0.02706
0.41498 0.02498
0.41184 0.02294
0.40864 0.02094
0.40536 0.01895
0.40199 0.01695
0.398540 0.01495
0.39503 0.01294
0.391500 0.01093
0.388 0.00894
0.38456 0.00702
0.38124 0.0052
0.3781 0.00353
0.37516 0.00205
0.37239 0.00079
0.36975 -0.00028
0.3672 -0.00115
0.36472 -0.00184
0.36229 -0.00236
0.3599 -0.00271
0.35756 -0.0029
0.35527 -0.00293
0.35305 -0.00282
0.35093 -0.00257
0.34897 -0.00223
0.34721 -0.00182
0.34567 -0.001370
0.34435 -0.0009
0.34323 -0.00043
0.34228 0.000099
0.34147 0.00049
0.34079 0.00095
0.3402 0.00138
0.3397 0.00181
0.33928 0.00223
0.33892 0.00264
0.33862 0.00305
0.33839 0.00345
0.33822 0.00385
0.33814 0.00429
0.33821 0.00473
0.33845 0.00514
0.33881 0.0055
0.33926 0.00583
0.33979 0.006160
0.34042 0.00651
0.34117 0.00688
0.34207 0.00731
0.34318 0.0078
0.34458 0.00838
0.34636 0.00909
0.34862 0.00994
0.35135 0.01093
0.35444 0.01198
0.35778 0.01303
0.36136 0.01409
0.36513 0.01516
0.36903 0.01625
0.37298 0.01735
0.37693 0.01845
0.38082 0.01955
0.38465 0.02065
0.3884 0.021770
0.39207 0.02291
0.39568 0.02407
0.39921 0.02528
0.40267 0.02653
0.40607 0.02783
0.40941 0.02919
0.41269 0.03061
0.41593 0.03209
0.419110 0.03364
0.42224 0.035260
0.42533 0.03695
0.42835 0.03870
0.43131 0.04051
0.43417 0.04236
0.43689 0.04423
0.43942 0.04606
0.44168 0.04782
0.44363 0.04945
0.44525 0.05094
0.44658 0.05231
0.44765 0.05356
0.4487 0.05497
-Inserting Flap s1223rtl-
0.53849 0.15583
0.53829 0.15485
0.53801 0.15341
0.537570 0.15189
0.5369100 0.150260
0.53599 0.14843
0.53481 0.146320
0.53335 0.14394
0.53163 0.14130
0.5297 0.13849
0.52762 0.13556
0.52543 0.132590
0.52317 0.12962
0.52086 0.12669
0.518510 0.12379
0.51612 0.12095
0.51368 0.11814
0.51117 0.11536
0.5086 0.1126
0.50594 0.10982
0.5032 0.10703
0.50039 0.1042
0.49753 0.10135
0.49464 0.09849
0.49176 0.09566
0.488940 0.09292
0.48621 0.0903
0.4836 0.08787
0.481140 0.08569
0.47879 0.08375
0.47652 0.08204
0.47429 0.08054
0.47207 0.07923
0.46986 0.0781
0.46764 0.077140
0.46543 0.07635
0.46322 0.07573
0.46105 0.07526
0.45894 0.07495
0.45696 0.07478
0.45515 0.07472
0.45355 0.07475
0.45215 0.07486
0.45095 0.07502
0.44991 0.07523
0.44901 0.07547
0.44823 0.07572
0.44755 0.076
0.446960 0.07628
0.44644 0.07657
0.44599 0.076880
0.4456 0.07719
0.44527 0.07752
0.445 0.07787
0.44481 0.07827
0.44476 0.07871
0.444890 0.079170
0.44514 0.07961
0.44549 0.08004
0.44592 0.0805
0.44644 0.081
0.44706 0.08156
0.447820 0.0822
0.44877 0.08296
0.44997 0.08389
0.45151 0.08503
0.45347 0.08644
0.45585 0.0881
0.458560 0.08991
0.46152 0.09179
0.4647 0.09374
0.46807 0.09575
0.47155 0.09781
0.47509 0.0999
0.47861 0.10198
0.48209 0.10405
0.48549 0.10611
0.48883 0.10816
0.49209 0.11021
0.49526 0.11227
0.49836 0.11435
0.50138 0.11645
0.50433 0.11859
0.507210 0.12077
0.51001 0.12299
0.51275 0.12526
0.515420 0.127580
0.51803 0.12995
0.520570 0.13238
0.52304 0.13486
0.52543 0.13737
0.52771 0.1399
0.52986 0.14241
0.53183 0.14483
0.53356 0.14711
0.53501 0.14919
0.53619 0.15106
0.53712 0.15272
0.53784 0.15421
0.53849 0.15583
*.*.Setup: s1223rtl.txt as Flap 1, Inverted: y, Scale = 1.0, AoA = -2.0, Reposition from (0,0) = (0, 0)*.*.
*.*.Setup: s1223rtl.txt as Flap 2, Inverted: y, Scale = 0.35, AoA = 25.0, Reposition from previous T.E. = (-0.0267, 0.045), Reposition from (0,0) = (0.9727, 0.0101)*.*.
*.*.Setup: s1223rtl.txt as Flap 3, Inverted: y, Scale = 0.35, AoA = 40.0, Reposition from previous T.E. = (-0.01, 0.065), Reposition from (0,0) = (1.2799, 0.223)*.*.
*.*.Setup: Scale Ratio = 0.34785*.*.