0.33149 -0.01158
0.32931 -0.01322
0.32612 -0.01561
0.32246 -0.017880
0.31813 -0.01998
0.31293 -0.02202
0.30671 -0.02413
0.29941 -0.02630
0.29113 -0.0285
0.282090 -0.03069
0.27253 -0.03281
0.26269 -0.03482
0.25270 -0.03671
0.24267 -0.03845
0.23264 -0.04003
0.222610 -0.04143
0.212550 -0.042660
0.20241 -0.04372
0.19216 -0.04463
0.18172 -0.0454
0.17108 -0.04607
0.16024 -0.04667
0.14923 -0.04722
0.13817 -0.04774
0.1272 -0.04822
0.11648 -0.048640
0.10618 -0.0489600
0.09648 -0.049120
0.087510 -0.04906
0.07922 -0.04871
0.0715 -0.048020
0.06425 -0.04699
0.05737 -0.0456
0.05083 -0.04385
0.0446 -0.04175
0.03867 -0.03931
0.03307 -0.0365500
0.027820 -0.03353
0.02299 -0.03033
0.01866 -0.02707
0.014890 -0.02389
0.01171 -0.02089
0.00908 -0.01813
0.00694 -0.01560
0.00521 -0.01329
0.00383 -0.0111800
0.00272 -0.00923
0.00184 -0.00744
0.00115 -0.00579
0.00064 -0.00425
0.00028 -0.00281
6e-05 -0.00146
-0.000029 -0.0002
8e-05 0.001
0.00042 0.00215
0.00114 0.003140
0.00222 0.00384
0.00353 0.00426
0.005040 0.00451
0.00675 0.00466
0.00870 0.00472
0.01099 0.00471
0.0137 0.004620
0.017 0.00444
0.02111 0.00412
0.02631 0.00364
0.03285 0.00292
0.040700 0.001940
0.04949 0.00066
0.05892 -0.00092
0.06891 -0.00279
0.07939 -0.00485
0.0902 -0.00702
0.10116 -0.00924
0.11209 -0.01145
0.1229 -0.01359
0.13355 -0.015650
0.14404 -0.01758
0.154370 -0.01936
0.16456 -0.02098
0.17462 -0.02242
0.18458 -0.02367
0.1944400 -0.02472
0.20423 -0.02555
0.21396 -0.02617
0.22364 -0.02657
0.23328 -0.02674
0.24289 -0.02668
0.25246 -0.0264
0.26197 -0.02589
0.27139 -0.02515
0.28063 -0.02419
0.28955 -0.02304
0.29795 -0.02171
0.30561 -0.02025
0.31235 -0.01869
0.318140 -0.01707
0.32306 -0.01539
0.32722 -0.01368
0.33149 -0.01158
-Inserting Flap s1223rtl-
0.43251 0.07093
0.43219 0.07003
0.431730 0.06871
0.43111 0.06734
0.43025 0.06589
0.42913 0.064290
0.42773 0.06247
0.42602 0.06042
0.42404 0.05817
0.42183 0.05578
0.41946 0.05331
0.416980 0.05081
0.41444 0.04832
0.41185 0.045870
0.40924 0.04346
0.40659 0.041110
0.4039 0.0388
0.40115 0.03652
0.39834 0.03427
0.39545 0.03202
0.39248 0.02976
0.38944 0.02748
0.38634 0.02518
0.38322 0.02289
0.38011 0.02062
0.3770700 0.01842
0.37413 0.01632
0.37134 0.014400
0.36871 0.01267
0.36623 0.01117
0.36385 0.00987
0.36154 0.00876
0.35926 0.00783
0.357020 0.00707
0.3548 0.00648
0.3526 0.00604
0.35043 0.00575
0.34831 0.00561
0.34629 0.00561
0.34439 0.00572
0.34268 0.00592
0.34117 0.00617
0.33987 0.00647
0.33875 0.00679
0.3378 0.00712
0.33699 0.00747
0.33629 0.00782
0.33568 0.00817
0.33516 0.00852
0.3347100 0.00887
0.33433 0.00922
0.33401 0.00957
0.33374 0.00992
0.33353 0.01029
0.33341 0.01069
0.33343 0.01112
0.33361 0.01153
0.33391 0.01191
0.3343 0.01228
0.33477 0.01265
0.33532 0.01305
0.33599 0.01349
0.3368 0.01399
0.33779 0.014570
0.33905 0.01528
0.34066 0.01615
0.3427100 0.01721
0.34518 0.01845
0.347990 0.01978
0.35105 0.02115
0.35432 0.02254
0.35777 0.02398
0.36134 0.02544
0.36496 0.02692
0.36858 0.0284
0.37214 0.02987
0.37564 0.03134
0.37907 0.03281
0.38243 0.034300
0.385710 0.0358
0.38892 0.03733
0.39206000 0.0389
0.39514 0.04051
0.398150 0.04217
0.40111 0.04387
0.404000 0.04564
0.40685 0.04746
0.40964 0.04934
0.41237 0.05128
0.41504 0.053270
0.41764 0.05532
0.420140 0.05739
0.42252 0.05945
0.42471 0.06147
0.42666 0.06338
0.42832 0.06514
0.42969 0.06674
0.4308 0.06818
0.43168 0.069490
0.43251 0.07093
-Inserting Flap s1223rtl-
0.54088 0.15908
0.540610 0.15816
0.54023 0.15682
0.53968 0.15541
0.53891 0.15392
0.53789 0.15225
0.53659 0.15035
0.53501 0.14821
0.53316 0.14585
0.53109 0.14333
0.52887 0.14073
0.526540 0.13809
0.52415 0.13546
0.52171 0.13286
0.51924 0.1303
0.51673 0.1278
0.51418 0.12534
0.51157 0.12291
0.50889 0.12049
0.50614 0.11808
0.50331 0.11565
0.5004 0.1132
0.49744 0.11073
0.49446 0.10825
0.49149 0.10581
0.48858 0.10343
0.48577 0.101170
0.4831 0.09908
0.48058 0.097210
0.47818 0.09556
0.47588 0.094130
0.47364 0.09289
0.47142 0.09183
0.46923 0.09094
0.46704 0.09022
0.4648700 0.08965
0.46272 0.08924
0.46062 0.088980
0.4586 0.08886
0.4567 0.08885
0.45497 0.088950
0.45345 0.08912
0.452140 0.08934
0.45101 0.0895900
0.45004 0.08987
0.44920 0.09017
0.44849 0.09048
0.44786 0.0908
0.44732 0.09112
0.44685 0.09144
0.44645 0.09176
0.44611 0.09210
0.44582 0.09243
0.44559 0.09279
0.44544 0.09318
0.44544 0.09361
0.44559 0.09403
0.445870 0.09443
0.44624 0.09481
0.44669 0.095210
0.44722 0.09564
0.44786 0.09612
0.44864 0.09667
0.4496 0.09731
0.45081 0.09809
0.45237 0.09905
0.45435 0.10023
0.45675 0.10161
0.45947 0.1031
0.46244 0.10464
0.46563 0.10623
0.46899 0.10786
0.47247 0.10953
0.476 0.111210
0.47952 0.1129
0.4830 0.11458
0.486410 0.11625
0.48975 0.11792
0.49301 0.1196
0.49620 0.12129
0.49931 0.123
0.50236 0.12475
0.5053400 0.12654
0.508250 0.12837
0.5111 0.13024
0.51389 0.13217
0.51662 0.134150
0.51930 0.13619
0.52191 0.13829
0.52446 0.14044
0.52694 0.14263
0.52932 0.14484
0.53157 0.14704
0.53364 0.14918
0.53547 0.1512
0.53703 0.15306
0.5383 0.15473
0.53933 0.15624
0.54013 0.15759
0.54088 0.15908
*.*.Setup: s1223rtl.txt as Flap 1, Inverted: y, Scale = 1.0, AoA = -2.0, Reposition from (0,0) = (0, 0)*.*.
*.*.Setup: s1223rtl.txt as Flap 2, Inverted: y, Scale = 0.35, AoA = 31.666666666666668, Reposition from previous T.E. = (0.0067, 0.065), Reposition from (0,0) = (1.0061, 0.0301)*.*.
*.*.Setup: s1223rtl.txt as Flap 3, Inverted: y, Scale = 0.35, AoA = 35.0, Reposition from previous T.E. = (0.04, 0.065), Reposition from (0,0) = (1.3439, 0.2788)*.*.
*.*.Setup: Scale Ratio = 0.3317*.*.