0.33259 -0.01161
0.3304 -0.01326
0.3272 -0.01566
0.32353 -0.017940
0.31919 -0.02004
0.31397 -0.0221
0.30773 -0.02421
0.3004 -0.026390
0.2921 -0.0286
0.283020 -0.03079
0.27344 -0.03292
0.26356 -0.03494
0.253540 -0.03684
0.24347 -0.03858
0.23341 -0.04016
0.223350 -0.04157
0.213250 -0.04280
0.20308 -0.04386
0.19279 -0.04477
0.18233 -0.04555
0.17165 -0.04622
0.16077 -0.04682
0.14973 -0.04737
0.13863 -0.04789
0.12762 -0.04838
0.11686 -0.04880
0.10653 -0.0491200
0.0968 -0.049280
0.08780 -0.04922
0.07948 -0.04887
0.07174 -0.048180
0.06446 -0.04715
0.05756 -0.04575
0.051 -0.044
0.04475 -0.04189
0.0388 -0.03944
0.03318 -0.0366700
0.027910 -0.03364
0.02307 -0.03043
0.01872 -0.02716
0.014940 -0.02396
0.01175 -0.02096
0.00911 -0.01819
0.00696 -0.015650
0.00523 -0.01334
0.00384 -0.0112200
0.00272 -0.00927
0.00184 -0.00747
0.00115 -0.00581
0.00064 -0.00426
0.00028 -0.00282
6e-05 -0.00147
-0.000029 -0.0002
8e-05 0.001
0.00042 0.00216
0.00114 0.003150
0.00222 0.00385
0.00354 0.00427
0.005060 0.00453
0.00677 0.00467
0.008730 0.00473
0.01102 0.00472
0.01374 0.004640
0.01705 0.00445
0.02118 0.00414
0.0264 0.00365
0.03296 0.00293
0.0408300 0.001950
0.04965 0.00067
0.05911 -0.00092
0.06914 -0.00279
0.07965 -0.00486
0.0905 -0.00704
0.10149 -0.00927
0.11246 -0.01149
0.12331 -0.01364
0.134 -0.01570
0.14452 -0.01763
0.154890 -0.01942
0.16511 -0.02105
0.1752 -0.0225
0.18519 -0.02375
0.1950800 -0.0248
0.20491 -0.02564
0.21467 -0.02626
0.22438 -0.02666
0.23406 -0.02683
0.2437 -0.02677
0.2533 -0.02649
0.26284 -0.02597
0.27229 -0.02523
0.28156 -0.02427
0.29051 -0.02311
0.29894 -0.02178
0.30662 -0.02032
0.31338 -0.01876
0.31920 -0.01713
0.32413 -0.01544
0.3283 -0.01373
0.33259 -0.01161
-Inserting Flap s1223rtl-
0.44504 0.06451
0.444720 0.0636
0.44426 0.06229
0.44363 0.06091
0.442770 0.05945
0.44165 0.057840
0.44024 0.05602
0.43853 0.05396
0.43654 0.05171
0.43432 0.04931
0.43194 0.04683
0.42946 0.04432
0.42691 0.04182
0.42431 0.039360
0.42169 0.03695
0.41903 0.034590
0.41633 0.03227
0.41357 0.02999
0.41075 0.02773
0.40785 0.02547
0.40487 0.0232
0.40182 0.02092
0.39871 0.01861
0.39558 0.01631
0.39247 0.01403
0.38942 0.01182
0.38647 0.00972
0.38367 0.0077900
0.38103 0.00606
0.37854 0.00455
0.37615 0.00325
0.37383 0.00213
0.37155 0.0012
0.3693 0.00044
0.367070 -0.00016
0.36486 -0.0006
0.36269 -0.00088
0.36056 -0.00102
0.35853 -0.00103
0.35663 -0.00092
0.35491 -0.00072
0.353390 -0.00046
0.35209 -0.00017
0.35097 0.00015
0.35002 0.00049
0.3492 0.00084
0.3485 0.00119
0.34789 0.00154
0.34737 0.00189
0.34692 0.00224
0.34653 0.00259
0.34621 0.00295
0.34594 0.0033
0.34573 0.00367
0.3456100 0.00407
0.34562 0.0045
0.34581 0.00491
0.34611 0.00529
0.3465 0.00566
0.34697 0.00604
0.34753 0.00643
0.3482 0.00688
0.34901 0.00738
0.35001 0.007970
0.35127 0.00868
0.352890 0.00955
0.35494 0.01061
0.35742 0.01185
0.36024 0.01319
0.3633 0.01456
0.36659 0.01596
0.37005 0.0174
0.37363 0.01887
0.37727 0.02035
0.38089 0.02184
0.38447 0.02331
0.387980 0.02479
0.39142 0.02627
0.39479 0.0277600
0.39808 0.02926
0.40131 0.0308
0.40446 0.03238
0.40754 0.03399
0.41057 0.03565
0.41353 0.03736
0.41644 0.03913
0.41929 0.04096
0.42209 0.04285
0.42483 0.04479
0.42751 0.046790
0.43012 0.04884
0.43263 0.05092
0.43501 0.053
0.43721 0.05502
0.43916 0.05694
0.44083 0.0587
0.442210 0.06031
0.44332 0.06175
0.44420 0.063060
0.44504 0.06451
-Inserting Flap s1223rtl-
0.54072 0.165180
0.54061 0.16422
0.54047 0.162830
0.54017 0.161350
0.53967 0.15973
0.53895 0.15791
0.538 0.155810
0.53681 0.15341
0.5354 0.15076
0.53379 0.14791
0.53205 0.14495
0.53021 0.1419400
0.5283 0.13892
0.52635 0.13593
0.52435 0.13297
0.52231 0.13006
0.52021 0.12718
0.51806 0.12433
0.51583 0.12148
0.51353 0.11861
0.51116 0.11572
0.50871 0.11279
0.50622 0.10983
0.5037 0.106870
0.5012 0.10393
0.49874 0.10108
0.49636 0.09836
0.49408 0.09583
0.49191 0.09354
0.489840 0.09149
0.48781 0.08968
0.48581 0.08806
0.4838 0.08663
0.48179 0.08537
0.47976 0.08427
0.47771 0.0833300
0.47566 0.08255
0.47363 0.081930
0.47165 0.08145
0.46977 0.08112
0.46805 0.08092
0.46652 0.08082
0.46518 0.0808
0.46402 0.08086
0.46302 0.08097
0.46214 0.081120
0.46138 0.0813
0.4607 0.0815
0.46012 0.08172
0.4596 0.08196
0.45914 0.08221
0.45874 0.08248
0.4584 0.08276
0.458120 0.08307
0.4579 0.08344
0.45782 0.08386
0.4579 0.0843
0.45811 0.08474
0.4584 0.08519
0.45877 0.08566
0.45923 0.08618
0.45978 0.08676
0.46045 0.08744
0.46128 0.08824
0.46235 0.08922
0.46372 0.09044
0.46547 0.0919500
0.4676 0.09373
0.47004 0.095680
0.4727 0.09772
0.475570 0.09984
0.47861 0.102040
0.48176 0.1043
0.48495 0.10658
0.48814 0.10886
0.49128 0.11112
0.49436 0.11337
0.49736 0.1156
0.5003 0.11782
0.50315 0.12005
0.50593 0.12229
0.50864 0.12455
0.51127 0.12683
0.51383 0.12915
0.51632 0.1315
0.51874 0.13389
0.52109 0.13632
0.52338 0.1388
0.5256 0.14133
0.52774 0.1439
0.52981 0.146490
0.53178 0.14909
0.53362 0.15166
0.53529 0.15414
0.53674 0.15645
0.53796 0.15855
0.5389300 0.16043
0.53968 0.16210
0.540230 0.16357
0.54072 0.165180
*.*.Setup: s1223rtl.txt as Flap 1, Inverted: y, Scale = 1.0, AoA = -2.0, Reposition from (0,0) = (0, 0)*.*.
*.*.Setup: s1223rtl.txt as Flap 2, Inverted: y, Scale = 0.35, AoA = 31.666666666666668, Reposition from previous T.E. = (0.04, 0.045), Reposition from (0,0) = (1.0394, 0.0101)*.*.
*.*.Setup: s1223rtl.txt as Flap 3, Inverted: y, Scale = 0.35, AoA = 45.0, Reposition from previous T.E. = (0.04, 0.055), Reposition from (0,0) = (1.3773, 0.2488)*.*.
*.*.Setup: Scale Ratio = 0.3328*.*.