0.34125 0.01192
0.33912 0.01007
0.33602 0.00739
0.33243 0.00479
0.32813 0.00233
0.32294 -0.00015
0.3167 -0.00275
0.30936 -0.005510
0.30102 -0.00837
0.29189 -0.01126
0.28223 -0.014120
0.27226 -0.0169
0.26214 -0.01956
0.25197 -0.02206
0.24178 -0.0244
0.23158 -0.02656
0.2213300 -0.02855
0.211 -0.03036
0.20054 -0.03203
0.18988 -0.03357
0.179 -0.03503
0.1679 -0.03642
0.15664 -0.03777
0.14532 -0.0391
0.13409 -0.04038
0.12311 -0.04159
0.11255 -0.04265
0.1026100 -0.04352
0.09339 -0.0441
0.08485 -0.04433
0.07688 -0.04418
0.06935 -0.04364
0.06219 -0.04271
0.0553500 -0.04138
0.0488 -0.03967
0.04254 -0.03759
0.03658 -0.03516
0.03098 -0.03244
0.02579 -0.0295
0.0211 -0.02646
0.01701 -0.02346
0.0135200 -0.02061
0.01062 -0.01796
0.00825 -0.01552
0.00631 -0.01328
0.00473 -0.0112
0.00345 -0.00929
0.00242 -0.00751
0.0016 -0.00586
0.00096 -0.00432
0.00049 -0.00286
0.00017 -0.0015
0.000013 -0.00021
0.000035 0.00103
0.00028 0.00224
0.00094 0.00331
0.002 0.0041
0.003320 0.00463
0.00485 0.005
0.006590 0.00527
0.0086 0.00547
0.01094 0.00562
0.01373 0.00573
0.01714 0.00578
0.021380 0.00575
0.02676 0.00562
0.03353 0.00536
0.04166 0.00492
0.05077 0.00423
0.06057 0.00328
0.07096 0.00209
0.08188 0.00072
0.09313 -0.00073
0.10454 -0.00223
0.11593 -0.00371
0.12719 -0.005140
0.13827 -0.00648
0.14918 -0.0077
0.15992 -0.00880
0.17050 -0.00973
0.18094 -0.01049
0.19125 -0.01105
0.20145 -0.01142
0.21156 -0.01157
0.2216 -0.01151
0.23157 -0.01122
0.24148 -0.01071
0.25135 -0.00996
0.26116 -0.0089800
0.27089 -0.00777
0.28051 -0.006340
0.28992 -0.00469
0.299 -0.00287
0.30754 -0.0009
0.31529 0.00115
0.3221 0.00323
0.32794 0.00532
0.33287 0.0074
0.33701 0.009440
0.34125 0.01192
-Inserting Flap s1223rtl-
0.44046 0.0812
0.44003 0.08032
0.4394 0.07903
0.43859 0.0777
0.43755 0.07632
0.43621 0.07481
0.43456 0.07312
0.432570 0.07123
0.43027 0.06917
0.42773 0.066990
0.42501 0.06474
0.42217 0.06249
0.41928 0.06025
0.41634 0.05805
0.41338 0.0559
0.41039 0.05381
0.40736 0.05177
0.40428 0.049770
0.40113 0.0478
0.39791 0.04585
0.39461 0.043890
0.391220 0.04193
0.38778 0.03995
0.3843100 0.037970
0.38087 0.0360200
0.3775 0.03413
0.37424 0.03235
0.37116 0.03071
0.36826 0.02926
0.36555 0.02802
0.36296 0.02698
0.36046 0.02612
0.35802 0.02544
0.35564 0.02493
0.35329 0.02459
0.35099 0.02440
0.34874 0.02437
0.34656 0.0244800
0.34449 0.02472
0.34256 0.02506
0.34083 0.02546
0.33932 0.02591
0.33803 0.02636
0.33693 0.02682
0.33599 0.02728
0.3352 0.02773
0.33453 0.02818
0.33395 0.028610
0.33346 0.029030
0.33305 0.02944
0.33269 0.02984
0.33241 0.03024
0.33218 0.03063
0.33201 0.03103
0.33193 0.03146
0.332 0.0318900
0.33223 0.03229
0.33258 0.03264
0.33303 0.03297
0.33355 0.0333
0.33417 0.03364
0.3349 0.03401
0.33579 0.03442
0.33688 0.0349
0.33825 0.03547
0.34 0.03617
0.34222 0.03701
0.3449 0.03798
0.34793 0.039010
0.35121 0.04004
0.35472 0.04107
0.35843 0.04213
0.36225 0.0432
0.36613 0.04428
0.37 0.04536
0.37383 0.04644
0.37758 0.04752
0.38126 0.04862
0.38487 0.049730
0.38841 0.05088
0.39187 0.05206
0.39527 0.05329
0.39861 0.05457
0.40189 0.0559
0.40512 0.057290
0.40829 0.05875
0.411410 0.06027
0.41449 0.06186
0.41751 0.063520
0.42048 0.06524
0.42339 0.06702
0.4262 0.06883
0.42887 0.07066
0.43135 0.07247
0.43357 0.07419
0.43548 0.07579
0.43707 0.07726
0.43838 0.0786
0.43943 0.07983
0.44046 0.0812
-Inserting Flap s1223rtl-
0.54567 0.17339
0.54548 0.172420
0.5452 0.17102
0.544770 0.16952
0.5441200 0.16792
0.54322 0.16612
0.54206 0.16405
0.54063 0.16171
0.53894 0.15913
0.53705 0.15636
0.535 0.15349
0.53285 0.15058
0.53063 0.14766
0.52837 0.14478000
0.526060 0.14194
0.52371 0.13915
0.52132 0.13639
0.51886 0.13366
0.51633 0.13095
0.51372 0.12823
0.51104 0.12548
0.50827 0.12271
0.50546 0.11991
0.50263 0.1171
0.4998 0.11433
0.497030 0.11163
0.49435 0.10906
0.4918 0.106680
0.489380 0.10453
0.48707 0.10263
0.48484 0.10095
0.48265 0.09948
0.48047 0.09819
0.4783 0.09708
0.47613 0.09614
0.47395 0.09537
0.47179 0.0947600
0.46965 0.0943
0.46759 0.09399
0.46564 0.09382
0.46386 0.0937700
0.46229 0.0938
0.46092 0.09391
0.45974 0.094070
0.45872 0.09427
0.45784 0.0945
0.45707 0.09475
0.45641 0.09502
0.455820 0.09530
0.45531 0.09559
0.45487 0.09589
0.45449 0.09619
0.45416 0.09651
0.4539 0.09686
0.45371 0.09725
0.45367 0.09769
0.453790 0.09813
0.45404 0.09856
0.45438 0.09899
0.4548 0.099440
0.45531 0.099930
0.45593 0.10048
0.456670 0.101110
0.4576 0.10186
0.45878 0.10276
0.46029 0.10389
0.46221 0.10527
0.46455 0.1069
0.467210 0.10868
0.47012 0.11053
0.47324 0.11244
0.47654 0.11441
0.47996 0.11644
0.48343 0.118480
0.48689 0.120530
0.4903 0.122560
0.49365 0.12458
0.49693 0.12659
0.50012 0.1286
0.50324 0.13063
0.50628 0.13267
0.50925 0.13473
0.51214 0.136830
0.514960 0.13897
0.51772 0.141150
0.52041 0.14337
0.523030 0.14565
0.52559 0.14798
0.528080 0.15037
0.53051 0.1528
0.53285 0.15527
0.53509 0.15775
0.5372 0.160210
0.53913 0.16259
0.54083 0.16483
0.54226 0.16687
0.54342 0.1687
0.54433 0.170340
0.54503 0.17180
0.54567 0.17339
*.*.Setup: s1223rtl.txt as Flap 1, Inverted: y, Scale = 1.0, AoA = 2.0, Reposition from (0,0) = (0, 0)*.*.
*.*.Setup: s1223rtl.txt as Flap 2, Inverted: y, Scale = 0.35, AoA = 25.0, Reposition from previous T.E. = (-0.0267, 0.055), Reposition from (0,0) = (0.9727, 0.0899)*.*.
*.*.Setup: s1223rtl.txt as Flap 3, Inverted: y, Scale = 0.35, AoA = 40.0, Reposition from previous T.E. = (0.04, 0.045), Reposition from (0,0) = (1.3299, 0.2828)*.*.
*.*.Setup: Scale Ratio = 0.34146*.*.