0.33946 -0.01185
0.33722 -0.01353
0.33396 -0.01599
0.33021 -0.018310
0.32577 -0.02046
0.32045 -0.02255
0.31408 -0.02471
0.3066 -0.026930
0.29813 -0.02919
0.288870 -0.03142
0.27908 -0.03359
0.269 -0.03566
0.258770 -0.0376
0.2485 -0.03938
0.23823 -0.04099
0.227960 -0.04243
0.217650 -0.043680
0.20728 -0.04477
0.19677 -0.0457
0.18609 -0.04649
0.17519 -0.04718
0.16409 -0.04779
0.15282 -0.04835
0.14149 -0.04888
0.13026 -0.04938
0.11928 -0.049810
0.10873 -0.0501300
0.0988 -0.05030
0.089610 -0.05024
0.08112 -0.04988
0.07322 -0.049180
0.06579 -0.04812
0.05875 -0.04669
0.05205 -0.0449
0.04567 -0.04275
0.0396 -0.04025
0.03386 -0.0374300
0.028490 -0.03434
0.02354 -0.03106
0.01911 -0.02772
0.015250 -0.02446
0.01199 -0.02139
0.0093 -0.01856
0.00711 -0.015980
0.00534 -0.01361
0.00392 -0.0114500
0.00278 -0.00946
0.00188 -0.00762
0.00118 -0.00593
0.00065 -0.00435
0.00028 -0.00288
6e-05 -0.0015
-0.000029 -0.0002
8e-05 0.00102
0.00043 0.00221
0.00116 0.003220
0.00227 0.00393
0.00362 0.00436
0.005160 0.00462
0.00691 0.00477
0.008910 0.00483
0.01125 0.00482
0.01403 0.004730
0.01741 0.00454
0.02161 0.00422
0.02694 0.00372
0.03364 0.00299
0.0416800 0.001990
0.05068 0.00068
0.06033 -0.00094
0.07056 -0.00285
0.0813 -0.00496
0.09236 -0.00719
0.10359 -0.00946
0.11478 -0.01172
0.12585 -0.01392
0.13676 -0.016020
0.1475 -0.018
0.158080 -0.01983
0.16852 -0.02149
0.17882 -0.02296
0.18901 -0.02424
0.1991100 -0.02531
0.20914 -0.02617
0.2191 -0.0268
0.22901 -0.02721
0.23889 -0.02738
0.24873 -0.02732
0.25853 -0.02703
0.26827 -0.02651
0.27791 -0.02575
0.28737 -0.02478
0.29651 -0.02359
0.30511 -0.02223
0.31295 -0.02074
0.31985 -0.01914
0.325790 -0.01748
0.33083 -0.01576
0.33508 -0.01401
0.33946 -0.01185
-Inserting Flap s1223rtl-
0.43504 0.06325
0.43466 0.06235
0.43411 0.06103
0.43339 0.05966
0.43243 0.05823
0.43119 0.05666
0.42965 0.05488
0.42778 0.05289
0.42562 0.05071
0.42322 0.04839
0.42065 0.04601
0.41797 0.04360
0.415220 0.04121
0.41243 0.03886
0.40961 0.03655
0.40676 0.0343
0.40387 0.0321
0.40093 0.029940
0.39792 0.0278
0.39483 0.02568
0.39166 0.02354
0.38842 0.02139
0.38511 0.01923
0.38179 0.01707
0.37848 0.01494
0.37524 0.01286
0.37211 0.0109
0.36914 0.00910
0.36635 0.00749
0.36372 0.0061
0.36121 0.00491
0.35878 0.00392
0.3564 0.00311
0.35406 0.00246
0.35176 0.00199
0.34948 0.00167
0.34725 0.00151
0.345080 0.00149
0.343 0.00161
0.34107 0.00183
0.33933 0.00213
0.3378 0.00248
0.33649 0.00286
0.33537 0.00326
0.33442 0.00366
0.33361 0.00406
0.33291 0.00446
0.33232 0.00486
0.3318 0.00525
0.33137 0.00563
0.331 0.006010
0.33068 0.00639
0.33043 0.00676
0.33025 0.00715
0.330140 0.00757
0.33018 0.008010
0.33039 0.00842
0.33072 0.00879
0.33114 0.00914
0.33165 0.00949
0.33224 0.00986
0.332950 0.01027
0.3338 0.01074
0.33486 0.01128
0.33618 0.01192
0.33788 0.01272
0.34004 0.013680
0.34264 0.01479
0.34559 0.01599
0.34879 0.01721
0.35222 0.01844
0.35584 0.0197
0.35957 0.02098
0.36337 0.02228
0.367150 0.02357
0.37088 0.02487
0.37455 0.02616
0.37814 0.02746
0.38166 0.02878
0.38511 0.03012
0.38848 0.0315
0.39178 0.03292
0.39502 0.03438
0.3982 0.03589
0.40132 0.03746
0.40439 0.03909
0.40741 0.04078
0.41037 0.04254
0.41328 0.04436
0.41613 0.04624
0.418910 0.04817
0.42159 0.05014
0.42414 0.05211
0.4265 0.05404
0.4286 0.05588
0.43041 0.05758
0.43191 0.05913
0.43312 0.06054
0.4341 0.06182
0.43504 0.06325
-Inserting Flap s1223rtl-
0.53970 0.15495
0.53951 0.15399
0.53924 0.15259
0.53881 0.1511
0.53815 0.14951
0.53726 0.14772
0.53611 0.14566
0.53468 0.14333
0.53301 0.14076
0.53112 0.13801
0.52909 0.13516
0.52695 0.13226
0.52474 0.12936
0.52249 0.12649
0.52019 0.12366
0.51786 0.12089
0.51547 0.11815
0.51303 0.11543
0.51051 0.11273
0.50792 0.11002
0.50525 0.10729
0.5025 0.10453
0.4997 0.10175
0.49688 0.09896
0.49407 0.09620
0.49132 0.09351
0.48865 0.09096
0.48611 0.08859
0.4837 0.08645
0.48141 0.08456
0.47919 0.08289
0.47701 0.08143
0.474850 0.08015
0.47268 0.07905
0.47052 0.07811
0.46836 0.07734
0.4662 0.07673
0.46408 0.07627
0.46203 0.07597
0.46009 0.0758
0.45832 0.07574
0.45676 0.07578
0.45539 0.07588
0.45422 0.07604
0.45321 0.07624
0.45233 0.07647
0.45157 0.07673
0.45090 0.076990
0.45032 0.07727
0.44982 0.077560
0.44938 0.07785
0.449 0.07816
0.44867 0.07848
0.44841 0.078820
0.44822 0.07921
0.44818 0.07964
0.4483 0.08009
0.44855 0.08052
0.44889 0.08095
0.44931 0.08139
0.44982 0.08188
0.45043 0.08242
0.45117 0.08305
0.452090 0.08379
0.45326 0.08469
0.45477 0.085810
0.45668 0.08719
0.459 0.08881
0.46165 0.09058
0.46454 0.09242
0.46765 0.09432
0.470940 0.09628
0.474340 0.0983
0.47779 0.10033
0.48123 0.10237
0.48462 0.10439
0.48795 0.1064
0.49121 0.1084
0.49439 0.1104
0.49749 0.11241
0.50052 0.11444
0.50347 0.1165
0.50635 0.11858
0.50915 0.12071
0.51189 0.12288
0.51457 0.125090
0.51718 0.12736
0.51972 0.12968
0.5222 0.13205
0.52461 0.13447
0.52695 0.13692
0.52918 0.13939
0.53128 0.14184
0.5332 0.14421
0.53488 0.14643
0.53631 0.14846
0.53746 0.15029
0.53837 0.15191
0.53907 0.15336
0.53970 0.15495
*.*.Setup: s1223rtl.txt as Flap 1, Inverted: y, Scale = 1.0, AoA = -2.0, Reposition from (0,0) = (0, 0)*.*.
*.*.Setup: s1223rtl.txt as Flap 2, Inverted: y, Scale = 0.35, AoA = 28.333333333333332, Reposition from previous T.E. = (-0.0267, 0.055), Reposition from (0,0) = (0.9727, 0.0201)*.*.
*.*.Setup: s1223rtl.txt as Flap 3, Inverted: y, Scale = 0.35, AoA = 40.0, Reposition from previous T.E. = (0.04, 0.045), Reposition from (0,0) = (1.3208, 0.2312)*.*.
*.*.Setup: Scale Ratio = 0.33967*.*.