0.36276 -0.03055
0.36197 -0.031290
0.36038 -0.03274
0.358020 -0.03487
0.35503 -0.03752
0.351560 -0.04051
0.34778 -0.04364
0.34385 -0.04672
0.33991 -0.049590
0.33596 -0.05225
0.33203 -0.05472
0.3281 -0.057040
0.32417 -0.059240
0.32025 -0.06135
0.31633 -0.06337
0.31242 -0.0653
0.3085 -0.06717
0.30459 -0.06895
0.30068 -0.07067
0.29678 -0.07233
0.29287 -0.07392
0.28897 -0.07545
0.28507 -0.07693
0.28117 -0.07835
0.27727 -0.07972
0.27338 -0.08102
0.26949 -0.08227
0.2656 -0.08345
0.26171 -0.08457
0.25782 -0.08562
0.25394 -0.08663
0.25006 -0.0876
0.24618 -0.08854
0.2423 -0.08945
0.23842 -0.09033
0.23454 -0.09118
0.23066 -0.09198
0.22679 -0.09274
0.22291 -0.09345
0.21904 -0.09411
0.21517 -0.09472
0.2113 -0.09529
0.20744 -0.09581
0.20357 -0.09628
0.19971 -0.09672
0.19584 -0.097120
0.191980 -0.09748
0.18812 -0.0978
0.18426 -0.09808
0.18041 -0.09833
0.17655 -0.09854
0.1727 -0.09871
0.16884 -0.09883
0.16499 -0.098910
0.16114 -0.09894
0.15729 -0.09893
0.15345 -0.09887
0.1496 -0.09876
0.14576 -0.09861
0.14192 -0.09841
0.13808 -0.09816
0.13424 -0.09786
0.1304 -0.09751
0.12657 -0.09711
0.12273 -0.09666
0.1189 -0.09617
0.11507 -0.09564
0.11124 -0.09507
0.10742 -0.0944700
0.10359 -0.09382
0.09977 -0.09311
0.09594 -0.09234
0.09212 -0.09149
0.08831 -0.09055
0.0845 -0.08953
0.08069 -0.08841
0.07688 -0.087210
0.07308 -0.08592
0.06928 -0.08454
0.06548 -0.08306
0.06169 -0.081460
0.0579 -0.07973
0.05411 -0.07786
0.05034 -0.07582
0.046560 -0.07363
0.0428 -0.07128
0.03904 -0.06878
0.03528 -0.06614
0.03153 -0.06335
0.02778 -0.06033
0.02405 -0.057030
0.02033 -0.05335
0.01663 -0.04923
0.01296 -0.04463
0.00947 -0.039680
0.00628 -0.03457
0.00356 -0.02946
0.00145 -0.02454
7e-05 -0.01998
-0.00043 -0.012360
0.00044 -0.00951
0.00205 -0.00743
0.00438 -0.0062
0.00729 -0.0057
0.01065 -0.00578
0.0143 -0.00631
0.0181 -0.00714
0.02191 -0.008140
0.02572 -0.00928
0.02952 -0.01056
0.03332 -0.01197
0.03712 -0.0135
0.04091 -0.01515
0.0447 -0.01689
0.04848 -0.01871
0.05226 -0.020610
0.05604 -0.02256
0.05982 -0.02455
0.0636 -0.02657
0.06738 -0.02861
0.07116 -0.03066
0.07493 -0.03270
0.07871 -0.03473
0.08249 -0.03675
0.08627 -0.03873
0.09005 -0.0407
0.09383 -0.04263
0.09761 -0.04452
0.1014 -0.04638
0.10518 -0.04821
0.10897 -0.04999
0.11276 -0.05173
0.11655 -0.05343
0.12034 -0.05508
0.12413 -0.05669
0.12792 -0.05825
0.13172 -0.05977
0.13552 -0.061240
0.13932 -0.06265
0.14312 -0.06402
0.14692 -0.06534
0.15072 -0.0666
0.15453 -0.06781
0.15834 -0.06897
0.16215 -0.07007
0.16596 -0.07111
0.169780 -0.07209
0.17359 -0.073
0.17741 -0.07387
0.18123 -0.074670
0.18505 -0.07543
0.18888 -0.07615
0.1927 -0.07682
0.19653 -0.07744
0.20036 -0.07801
0.20419 -0.07852
0.20802 -0.07896
0.21186 -0.07933
0.2157 -0.07963
0.21954 -0.079860
0.22338 -0.08001
0.22723 -0.0801
0.23108 -0.080120
0.23493 -0.0800700
0.238780 -0.07994
0.24263 -0.079750
0.24649 -0.07947
0.25035 -0.07912
0.25422 -0.07869
0.25808 -0.07818
0.26195 -0.07758
0.26583 -0.0769
0.2697 -0.07614
0.27358 -0.07528
0.27746 -0.07433
0.28135 -0.07328
0.28524 -0.07214
0.28913 -0.07088
0.29302 -0.06953
0.2969200 -0.06809
0.30083 -0.06656
0.30473 -0.06494
0.30864 -0.06325
0.31255 -0.06148
0.31646 -0.05964
0.32038 -0.05772
0.32430 -0.05573
0.32822 -0.05366
0.33214 -0.0515
0.33607 -0.04924
0.34 -0.04684
0.34394 -0.04429
0.34786 -0.04161
0.35162 -0.0389
0.35507 -0.03635
0.35805 -0.03409
0.3604 -0.03228
0.36198 -0.03106
0.36276 -0.03055
-Inserting Flap Ga2-
0.426810 0.02824
0.42677 0.02802
0.42669 0.0276
0.42657 0.02698
0.42641 0.02619
0.42622 0.0253
0.42599 0.02434
0.42573 0.02338
0.42545 0.02244
0.42514 0.02154
0.42481 0.02068
0.42446 0.01983
0.4241 0.01901
0.42373 0.0182
0.42334 0.01741
0.42295 0.01662
0.42255 0.01586
0.42214 0.0151
0.42172 0.01435
0.4213 0.01362
0.42087 0.0129
0.42043 0.01218
0.41998 0.01148
0.41953 0.01078
0.41907 0.01009
0.41861 0.00942
0.41814 0.00875
0.41766 0.00809
0.4171700 0.00744
0.41668 0.00681
0.41618 0.00618
0.41567 0.00556
0.41517 0.00494
0.41466 0.00433
0.41414 0.00372
0.41362 0.00312
0.4131 0.002520
0.41258 0.00194
0.41204 0.00136
0.4115 0.00078
0.41096 0.00022
0.41041 -0.000330
0.40985 -0.00088
0.40929 -0.00142
0.40873 -0.00196
0.40816 -0.00249
0.40759 -0.00301
0.40701 -0.00353
0.40643 -0.0040400
0.40584 -0.00454
0.40525 -0.00504
0.404650 -0.00553
0.40405 -0.00601
0.40345 -0.00649
0.40284 -0.00696
0.40222 -0.00742
0.4016 -0.00787
0.40097 -0.00832
0.40034 -0.00875
0.3997 -0.00918
0.39906 -0.00961
0.39841 -0.010020
0.39775 -0.01043
0.39709 -0.01083
0.39643 -0.01121
0.39576 -0.0116
0.395080 -0.011970
0.39440 -0.01234
0.39372 -0.01271
0.39303 -0.013060
0.392330 -0.01341
0.39163 -0.01375
0.39092 -0.01407
0.390190 -0.01438
0.38946 -0.01468
0.38872 -0.01496
0.38796 -0.01522
0.3872 -0.01548
0.38643 -0.01571
0.38564 -0.01593
0.38485 -0.01614
0.38403 -0.01631
0.3832 -0.01647
0.38235 -0.0166
0.381490 -0.0167
0.3806 -0.01678
0.3797 -0.01684
0.37878 -0.01687
0.37785 -0.01687
0.376890 -0.01684
0.37589 -0.01676
0.37486 -0.01662
0.37377 -0.01641
0.372630 -0.01612
0.37148 -0.01575
0.37035 -0.01531
0.36930 -0.01482
0.36837 -0.014290
0.36761 -0.01373
0.36661 -0.01257
0.3664 -0.012010
0.36641 -0.01149
0.36663 -0.01101
0.36704 -0.01058
0.36759 -0.01019
0.36823 -0.00983
0.36894 -0.00951
0.36967 -0.00921
0.37041 -0.00893
0.37118 -0.00868
0.37195 -0.00845
0.37274 -0.00824
0.37355 -0.008040
0.37436 -0.00787
0.37518 -0.0077
0.37602 -0.007550
0.37686 -0.0074
0.3777 -0.00727
0.37855 -0.00714
0.37939 -0.00701
0.38024 -0.00688
0.38109 -0.00675
0.38194 -0.00662
0.38279 -0.00649
0.38363 -0.00635
0.38447 -0.00621
0.38531 -0.00606
0.38614 -0.00591
0.38697 -0.005750
0.38779 -0.00559
0.38861 -0.00542
0.38943 -0.00524
0.39024 -0.00505
0.39104 -0.004860
0.39184 -0.00466
0.392630 -0.00445
0.39342 -0.00424
0.3942 -0.00402
0.39498 -0.00379
0.39575 -0.00355
0.39652 -0.0033
0.3972800 -0.00304
0.39803 -0.00278
0.39878 -0.00251
0.39952 -0.00222
0.40026 -0.00193
0.40098 -0.00163
0.4017 -0.00131
0.40242 -0.00099
0.40312 -0.000660
0.40383 -0.00032
0.404520 0.000064
0.40522 0.00038
0.40590 0.00074
0.40658 0.00111
0.40725 0.001490
0.40792 0.00188
0.40858 0.00228
0.40923 0.0027
0.40987 0.00312
0.4105 0.00356
0.41112 0.00401
0.41174 0.00447
0.41235 0.00494
0.41295 0.00542
0.41354 0.00592
0.414130 0.00643
0.41470 0.00695
0.41527 0.00748
0.41582 0.008030
0.41637 0.00859
0.4169 0.00916
0.41743 0.00975
0.41795 0.01036
0.41845 0.01098
0.41895 0.01161
0.419430 0.01226
0.4199 0.01293
0.420360 0.01362
0.42081 0.01431
0.42125 0.01503
0.42168 0.01576
0.4221 0.0165
0.42251 0.01725
0.42291 0.01802
0.42331 0.018790
0.4237 0.01958
0.42407 0.02039
0.42444 0.0212
0.424790 0.02204
0.42513 0.02289
0.42546 0.02377
0.42576 0.02468
0.42603 0.02556
0.426280 0.02638
0.426480 0.02710
0.42664 0.027670
0.42675 0.02806
0.426810 0.02824
-Inserting Flap Ga2-
0.49084 0.10165
0.490850 0.101430
0.49089 0.101
0.49093 0.10037
0.4909800 0.09957
0.49103 0.09865
0.4910500 0.097670
0.49106 0.09667
0.491020 0.09570
0.49096 0.09475
0.49086 0.09383
0.49074 0.092920
0.49061 0.09203
0.490450 0.091150
0.49029 0.09029
0.49011 0.08943
0.48993 0.08859
0.48973 0.08775
0.48952 0.086920
0.48929 0.0861
0.48906 0.08529
0.488830 0.08449
0.48858 0.08369
0.48832 0.0829
0.48806 0.08212
0.48778 0.08134
0.4875 0.08058
0.48721 0.07982
0.48691 0.07907
0.48659 0.07833
0.48627 0.07759
0.48595 0.07686
0.48562 0.07613
0.48528 0.07541
0.48495 0.07469
0.4846 0.07397
0.48425 0.07326
0.48389 0.07256
0.48353 0.07186
0.48316 0.07117
0.48278 0.07048
0.48239 0.0698
0.48199 0.06913
0.481590 0.06846
0.481190 0.0678
0.48077 0.06714
0.48035 0.066490
0.47993 0.06584
0.4795 0.0652
0.47906 0.06456
0.47862 0.06393
0.47817 0.0633
0.47772 0.062680
0.47726 0.06206
0.47679 0.06145
0.47631 0.06084
0.47583 0.06024
0.47534 0.05965
0.474840 0.05907
0.47434 0.05848
0.47382 0.05791
0.4733 0.05734
0.47278 0.05678
0.47224 0.056220
0.47170 0.055680
0.47115 0.05513
0.4706 0.05459
0.47003 0.05406
0.469470 0.05353
0.46889 0.05301
0.46831 0.05249
0.46772 0.05199
0.46712 0.05149
0.4665 0.051
0.46587 0.05053
0.46522 0.05007
0.46456 0.04961
0.46389 0.04917
0.46321 0.04874
0.46251 0.048330
0.46179 0.04793
0.46105 0.047540
0.46029 0.04718
0.45950 0.04683
0.45869 0.04651
0.45786 0.0462
0.457 0.04592
0.45612 0.04565
0.45522 0.04540
0.454280 0.04519
0.4533 0.045
0.452270 0.04487
0.45116 0.04479
0.44998 0.04478
0.44877 0.04484
0.447570 0.04497
0.44643 0.04517
0.44540 0.04544
0.44451 0.04579
0.44325 0.04665
0.44291 0.04713
0.44278 0.04764
0.44287 0.04816
0.44315 0.04868
0.44358 0.0492
0.44411 0.04971
0.44471 0.05021
0.44533 0.05069
0.44598 0.051150
0.44665 0.05159
0.44734 0.05201
0.44805 0.05242
0.44878 0.05282
0.44952 0.0532
0.45027 0.05357
0.451040 0.05393
0.45181 0.054290
0.45259 0.05464
0.45337 0.05499
0.45416 0.05533
0.45495 0.05567
0.455730 0.05602
0.456520 0.05636
0.4573 0.05671
0.45808 0.05706
0.45886 0.05742
0.45962 0.05777
0.46039 0.05814
0.46115 0.0585
0.4619 0.05888
0.46265 0.05925
0.46339 0.05964
0.46412 0.06002
0.46485 0.06042
0.46557 0.06082
0.46629 0.06122
0.46699 0.06164
0.46769 0.06205
0.46838 0.06248
0.46907 0.06291
0.46974 0.063340
0.470410 0.06379
0.47107 0.06424
0.47172 0.0647
0.472360 0.06516
0.47299 0.06564
0.47362 0.06612
0.47423 0.0666
0.47484 0.0671
0.47544 0.0676
0.47603 0.06811
0.47661 0.06863
0.47719 0.06915
0.47776 0.06967
0.47832 0.07021
0.47887 0.070750
0.479410 0.0713
0.479940 0.07186
0.48046 0.07242
0.48097 0.0730
0.48147 0.07359
0.48196 0.07418
0.48243 0.07479
0.4829 0.0754
0.483350 0.076020
0.4838 0.07666
0.48423 0.0773
0.48465 0.07795
0.48506 0.07861
0.48545 0.07928
0.48584 0.07997
0.48621 0.08066
0.48656 0.08137
0.4869 0.08208
0.48723 0.08281
0.48755 0.08355
0.48784 0.084310
0.48813 0.08507
0.48839 0.08585
0.48865 0.08665
0.488880 0.08745
0.48911 0.08826
0.48932 0.08909
0.48953 0.08992
0.48972 0.09077
0.4899 0.09162
0.49007 0.09248
0.49022 0.09336
0.490370 0.09424
0.49049 0.09514
0.49060 0.09605
0.49068 0.09699
0.49074 0.09793
0.49078 0.09886
0.4908 0.09972
0.49081 0.10047
0.49082 0.10106
0.49082 0.10146
0.49084 0.10165
*.*.Setup: Ga2.txt as Flap 1, Inverted: y, Scale = 1.0, AoA = -2.0, Reposition from (0,0) = (0, 0)*.*.
*.*.Setup: Ga2.txt as Flap 2, Inverted: y, Scale = 0.2, AoA = 35.0, Reposition from previous T.E. = (0.0067, 0.055), Reposition from (0,0) = (1.0043, -0.029)*.*.
*.*.Setup: Ga2.txt as Flap 3, Inverted: y, Scale = 0.2, AoA = 50.0, Reposition from previous T.E. = (0.04, 0.055), Reposition from (0,0) = (1.2138, 0.1327)*.*.
*.*.Setup: Scale Ratio = 0.36361*.*.