0.34087 0.0119
0.33875 0.01006
0.33565 0.00738
0.33206 0.00478
0.32777 0.00233
0.32258 -0.00014
0.31635 -0.00275
0.30902 -0.00550
0.30068 -0.00836
0.29156 -0.01124
0.28192 -0.01410
0.27196 -0.01688
0.26185 -0.01953
0.25169 -0.02204
0.24151 -0.02437
0.23132 -0.02653
0.2210900 -0.02851
0.21077 -0.03033
0.20031 -0.03199
0.18967 -0.03354
0.1788 -0.03499
0.16772 -0.03638
0.15647 -0.03773
0.14516 -0.03906
0.13394 -0.04034
0.12297 -0.04154
0.11243 -0.0426
0.1024900 -0.04347
0.09328 -0.04405
0.08476 -0.04428
0.07679 -0.04413
0.06927 -0.04359
0.06212 -0.04266
0.0552900 -0.04134
0.04875 -0.03963
0.04249 -0.03755
0.03654 -0.03512
0.03094 -0.0324
0.02576 -0.02946
0.02108 -0.02643
0.01699 -0.02343
0.0135100 -0.02059
0.01061 -0.01794
0.00824 -0.01551
0.0063 -0.01326
0.00473 -0.01119
0.00345 -0.00928
0.00242 -0.0075
0.0016 -0.00585
0.00096 -0.00431
0.00049 -0.00286
0.00017 -0.00149
0.000013 -0.00021
0.000035 0.00103
0.00028 0.00224
0.00094 0.00331
0.002 0.00409
0.003320 0.00462
0.00484 0.00499
0.006590 0.00526
0.00859 0.00546
0.01093 0.00562
0.01372 0.00572
0.01712 0.00577
0.021360 0.00574
0.02673 0.00562
0.03349 0.00535
0.04161 0.00491
0.05072 0.00423
0.0605 0.00328
0.07088 0.00209
0.08178 0.00072
0.09303 -0.00073
0.10443 -0.00223
0.1158 -0.0037
0.12705 -0.005130
0.13812 -0.00647
0.14902 -0.0077
0.15974 -0.008790
0.170310 -0.00972
0.18074 -0.01047
0.19104 -0.01104
0.20123 -0.01141
0.21133 -0.01156
0.22135 -0.0115
0.23131 -0.01121
0.24122 -0.01069
0.25107 -0.00995
0.26087 -0.0089700
0.27059 -0.00776
0.28019 -0.006330
0.2896 -0.00469
0.29867 -0.00286
0.3072 -0.0009
0.31494 0.00115
0.32174 0.00323
0.32757 0.00531
0.3325 0.00739
0.33664 0.009430
0.34087 0.0119
-Inserting Flap s1223rtl-
0.45134 0.08453
0.45091 0.08364
0.45028 0.08235
0.44948 0.08103
0.44843 0.07965
0.4471 0.07814
0.44544 0.07645
0.44346 0.07456
0.44116 0.0725
0.438620 0.070320
0.4359 0.06808
0.43307 0.06583
0.43018 0.06359
0.42725 0.06139
0.42429 0.05925
0.4213 0.05716
0.41828 0.05512
0.4152 0.053130
0.41206 0.05116
0.40884 0.04921
0.40554 0.047250
0.40216 0.04529
0.39872 0.04332
0.39526 0.041340
0.39182 0.0393900
0.38845 0.03751
0.3852 0.03572
0.38211 0.03409
0.37923 0.03264
0.37651 0.0314
0.37392 0.03036
0.371430 0.0295
0.369 0.02883
0.36661 0.02832
0.36427 0.02797
0.36197 0.027790
0.35972 0.02776
0.35755 0.0278700
0.35548 0.0281
0.35355 0.02844
0.35182 0.02885
0.350310 0.02929
0.34902 0.02974
0.34792 0.0302
0.34699 0.03066
0.3462 0.03111
0.34553 0.03156
0.34495 0.031990
0.34446 0.032410
0.344050 0.03282
0.34369 0.03322
0.34341 0.03362
0.34318 0.03401
0.34301 0.03441
0.34293 0.03483
0.3430 0.0352700
0.34323 0.03567
0.34358 0.03602
0.34403 0.03634
0.344550 0.03667
0.34517 0.03701
0.34590 0.03738
0.34678 0.03779
0.34787 0.03827
0.34924 0.03885
0.35099 0.03954
0.35321 0.04038
0.35588 0.04135
0.35891 0.042370
0.36219 0.0434
0.3657 0.04444
0.3694 0.04549
0.37322 0.04656
0.3771 0.04764
0.38096 0.04872
0.38478 0.0498
0.38853 0.05088
0.39221 0.05197
0.39581 0.053090
0.39935 0.05423
0.40281 0.05542
0.4062 0.05664
0.40954 0.05792
0.412810 0.05925
0.41603 0.060640
0.4192 0.0621
0.42232 0.06362
0.4254 0.0652
0.42842 0.066860
0.43139 0.06858
0.434290 0.07035
0.43709 0.07217
0.43976 0.074
0.44224 0.0758
0.44446 0.07751
0.44636 0.07911
0.44796 0.08058
0.44926 0.08193
0.45031 0.08315
0.45134 0.08453
-Inserting Flap s1223rtl-
0.54572 0.17517
0.54545 0.17422
0.54505 0.17284
0.54449 0.1714
0.5437 0.16986
0.54265 0.16814
0.54131 0.16619
0.53969 0.16399
0.53778 0.16156
0.535660 0.15897
0.53337 0.1563
0.53098 0.15358
0.52852 0.15088
0.52601 0.1482
0.52347 0.14558
0.52089 0.143
0.518260 0.140470
0.51558 0.13797
0.51283 0.13549
0.51 0.13301
0.50708 0.13051
0.5041 0.12799
0.501050 0.12545
0.49799 0.1229
0.49494 0.12039
0.49194 0.11794
0.48905 0.11562
0.4863 0.11347
0.48371 0.11155
0.48125 0.10985
0.47888 0.10838
0.47657 0.1071
0.4743 0.10602
0.47204 0.1051
0.46979 0.10436
0.46756 0.103770
0.46535 0.10335
0.46319 0.10308
0.4611100 0.10296
0.45916 0.10296
0.45738 0.10306
0.45582 0.10323
0.45447 0.10345
0.4533 0.10371
0.4523100 0.104
0.45145 0.10431
0.45071 0.10463
0.45007 0.10495
0.449510 0.105280
0.44903 0.10561
0.44862 0.10595
0.44826 0.10629
0.44797 0.10664
0.4477400 0.107
0.44758 0.10741
0.44758 0.10785
0.44774 0.10828
0.44802 0.108690
0.4484 0.10908
0.44886 0.10949
0.44941 0.10994
0.45007 0.11043
0.45087 0.11099
0.45185 0.11165
0.4531 0.11245
0.4547 0.11344
0.45674 0.11465
0.459210 0.11607
0.46201 0.11761
0.4650600 0.11919
0.46834 0.12082
0.4718 0.1225
0.47538 0.12421
0.47901 0.12595
0.48263 0.12768
0.4862 0.12941
0.48971 0.13113
0.49314 0.13284
0.4965 0.13457
0.49978 0.13631
0.502980 0.13807
0.50611 0.139870
0.50917 0.14171
0.51217 0.14359
0.5151 0.145520
0.51797 0.1475
0.52077 0.14954
0.52352 0.15164
0.526210 0.15379
0.52884 0.156
0.53138 0.15825
0.53383 0.16052
0.53615 0.16279
0.53827 0.164990
0.54016 0.167070
0.54176 0.16898
0.54307 0.1707
0.54412 0.17225
0.54495 0.17364
0.54572 0.17517
*.*.Setup: s1223rtl.txt as Flap 1, Inverted: y, Scale = 1.0, AoA = 2.0, Reposition from (0,0) = (0, 0)*.*.
*.*.Setup: s1223rtl.txt as Flap 2, Inverted: y, Scale = 0.35, AoA = 25.0, Reposition from previous T.E. = (0.0067, 0.065), Reposition from (0,0) = (1.0061, 0.0999)*.*.
*.*.Setup: s1223rtl.txt as Flap 3, Inverted: y, Scale = 0.35, AoA = 35.0, Reposition from previous T.E. = (-0.01, 0.065), Reposition from (0,0) = (1.3133, 0.3128)*.*.
*.*.Setup: Scale Ratio = 0.34108*.*.