0.36012 0.01258
0.35788 0.01063
0.35461 0.0078
0.35082 0.00505
0.34628 0.00246
0.3408 -0.00015
0.33422 -0.00291
0.32647 -0.005810
0.31766 -0.00883
0.30803 -0.01188
0.29784 -0.01490
0.28732 -0.01783
0.27664 -0.02064
0.2659 -0.02328
0.25515 -0.02575
0.24438 -0.02803
0.2335800 -0.03012
0.22267 -0.03204
0.21163 -0.0338
0.20038 -0.03543
0.1889 -0.03696
0.17719 -0.03843
0.16531 -0.03986
0.15336 -0.04126
0.1415 -0.04262
0.12991 -0.04389
0.11878 -0.04501
0.1082800 -0.04592
0.09855 -0.04654
0.08954 -0.04678
0.08113 -0.04662
0.07319 -0.04605
0.06563 -0.04507
0.0584100 -0.04367
0.0515 -0.04186
0.04489 -0.03967
0.03861 -0.03711
0.03269 -0.03423
0.02721 -0.03113
0.02227 -0.02792
0.01795 -0.02476
0.0142700 -0.02175
0.01121 -0.01896
0.0087 -0.01638
0.00666 -0.01401
0.00499 -0.01182
0.00364 -0.0098
0.00255 -0.00793
0.00169 -0.00618
0.00101 -0.00455
0.00051 -0.00302
0.00018 -0.00158
0.000013 -0.00022
0.000035 0.00109
0.00029 0.00237
0.00099 0.00349
0.00211 0.00433
0.003510 0.00489
0.00512 0.00527
0.006960 0.00556
0.00907 0.00577
0.01155 0.00593
0.01449 0.00605
0.01808 0.0061
0.022560 0.00607
0.02824 0.00594
0.03538 0.00566
0.04396 0.00519
0.05358 0.00447
0.06392 0.00347
0.07489 0.0022
0.0864 0.00076
0.09828 -0.00077
0.11033 -0.00235
0.12234 -0.00391
0.13422 -0.005420
0.14592 -0.00684
0.15743 -0.00813
0.16877 -0.009280
0.179930 -0.01027
0.19094 -0.01107
0.20182 -0.01166
0.21259 -0.01205
0.22326 -0.01221
0.23385 -0.01215
0.24438 -0.01184
0.25484 -0.0113
0.26525 -0.01051
0.2756 -0.0094800
0.28587 -0.0082
0.29602 -0.006690
0.30596 -0.00495
0.31554 -0.00302
0.32454 -0.00095
0.33273 0.00121
0.33992 0.00341
0.34607 0.00561
0.35128 0.00781
0.35565 0.009970
0.36012 0.01258
-Inserting Flap s1223rtl-
0.46153 0.092250
0.46112 0.091290
0.46054 0.0899
0.45977 0.08845
0.45875 0.08693
0.45744 0.08526
0.4558 0.083370
0.45383 0.08126
0.45153 0.07895
0.44898 0.07649
0.44625 0.07396
0.44341 0.07141
0.44050 0.06887
0.43754 0.06637
0.43455 0.06393
0.43153 0.06154
0.42846 0.05921
0.42534 0.05692
0.42215 0.05465
0.41887 0.05239
0.41551 0.05013
0.41206 0.04785
0.40856 0.04556
0.40503 0.04326
0.40152 0.0410
0.39808 0.0388
0.39476 0.03672
0.39161 0.0348
0.38865 0.0331
0.38587 0.03162
0.3832 0.03037
0.38062 0.02931
0.3781 0.02845
0.37562 0.02777
0.37317 0.02726
0.37076 0.026920
0.36839 0.02675
0.366080 0.02673
0.36388 0.02686
0.36184 0.027090
0.35999 0.02742
0.35837 0.02779
0.35698 0.02819
0.35579 0.02861
0.35478 0.029030
0.35392 0.02946
0.35318 0.02989
0.35255 0.0303
0.352 0.03072
0.35154 0.03112
0.35115 0.03153
0.35082 0.03193
0.35055 0.03233
0.35035 0.03274
0.350240 0.03318
0.35028 0.03364
0.35051 0.03408
0.35086 0.03447
0.3513 0.03484
0.35184 0.03522
0.35247 0.03561
0.353220 0.03605
0.35412 0.03654
0.35524 0.03711
0.35665 0.0378
0.35845 0.03864
0.36074 0.03966
0.3635 0.04085
0.36663 0.04212
0.37003 0.04341
0.37366 0.04471
0.3775 0.04605
0.38146 0.04741
0.38549 0.04879
0.38950 0.05016
0.39346 0.05153
0.39735 0.05291
0.40116 0.05429
0.4049 0.05569
0.40855 0.05711
0.41213 0.05857
0.41563 0.06007
0.41907 0.06162
0.42245 0.06323
0.42576 0.06489
0.42901 0.06662
0.43221 0.06842
0.43535 0.07028
0.43844 0.07221
0.44146 0.074210
0.444410 0.076260
0.44726 0.07834
0.44996 0.080440
0.45247 0.08249
0.4547 0.08443
0.45661 0.08624
0.4582 0.08789
0.45949 0.08938
0.46053 0.09074
0.46153 0.092250
-Inserting Flap s1223rtl-
0.54322 0.18081
0.54293 0.179810
0.54251 0.178350
0.54192 0.176820
0.54108 0.1752
0.539970 0.173390
0.53856 0.17132
0.536840 0.16899
0.53483 0.16643
0.53259 0.1637
0.53017 0.16087
0.52764 0.158
0.525040 0.15514
0.5224 0.15232
0.51971 0.14955
0.51699 0.14682
0.51421000 0.14415
0.51138 0.14151
0.50847 0.13889
0.50548 0.13626
0.5024 0.13363
0.49924 0.13096
0.496030 0.12828
0.49279 0.12559
0.48957 0.12293
0.48641 0.12035
0.48335 0.1179
0.48044 0.11563
0.47771 0.11359
0.47511 0.1118
0.47261 0.11025
0.47017 0.10890
0.4677600 0.10775
0.46538 0.10678
0.463 0.106
0.46064 0.10538
0.45831 0.10493
0.45603 0.10465
0.45383 0.10452
0.45177 0.10452
0.449890 0.10462
0.44824 0.1048
0.44681 0.10504
0.445580 0.10532
0.44453 0.10562
0.44363 0.10595
0.44284 0.10628
0.44217 0.10663
0.44158 0.10697
0.44107 0.10732
0.44063 0.10768
0.44026 0.10804
0.43995 0.1084
0.43970 0.10879
0.43954 0.10922
0.43953 0.10968
0.4397 0.110140
0.44 0.11057
0.4404 0.11099
0.44089 0.11142
0.44147 0.11189
0.44217 0.11241
0.44301 0.113
0.44405 0.1137
0.44537 0.11455
0.44706 0.11559
0.44921 0.11687
0.451820 0.118370
0.45478 0.11999
0.458010 0.12167
0.46147 0.12339
0.46512 0.12516
0.4689 0.126970
0.47274 0.12881
0.47656 0.13064
0.48034 0.13246
0.48404 0.13428
0.48767 0.136090
0.49121 0.13791
0.49468 0.139750
0.49806 0.14162
0.501370 0.14352
0.50461 0.14545
0.50777 0.14744
0.51087 0.14948
0.5139 0.15157
0.51686 0.15373
0.51977 0.15595
0.522610 0.15822
0.52538 0.16055
0.52807 0.16293
0.53066 0.16534
0.5331 0.16773
0.53535 0.17005
0.53734 0.17225
0.53903 0.17426
0.54042 0.17608
0.54153 0.17772
0.5424 0.179190
0.54322 0.18081
*.*.Setup: s1223rtl.txt as Flap 1, Inverted: y, Scale = 1.0, AoA = 2.0, Reposition from (0,0) = (0, 0)*.*.
*.*.Setup: s1223rtl.txt as Flap 2, Inverted: y, Scale = 0.35, AoA = 28.333333333333332, Reposition from previous T.E. = (-0.0267, 0.055), Reposition from (0,0) = (0.9727, 0.0899)*.*.
*.*.Setup: s1223rtl.txt as Flap 3, Inverted: y, Scale = 0.35, AoA = 35.0, Reposition from previous T.E. = (-0.06, 0.045), Reposition from (0,0) = (1.2208, 0.301)*.*.
*.*.Setup: Scale Ratio = 0.36034*.*.