0.34912 -0.01219
0.34682 -0.01392
0.34346 -0.01644
0.33961 -0.018840
0.33505 -0.02104
0.32957 -0.02319
0.32302 -0.02541
0.31533 -0.02770
0.30661 -0.03002
0.297090 -0.03232
0.28703 -0.03455
0.27666 -0.03668
0.266140 -0.03867
0.25558 -0.0405
0.24501 -0.04216
0.234450 -0.04363
0.223850 -0.044930
0.21318 -0.04604
0.20237 -0.047
0.19139 -0.04782
0.18018 -0.04852
0.16876 -0.04915
0.15717 -0.04973
0.14552 -0.05027
0.13396 -0.05078
0.12267 -0.051230
0.11182 -0.0515600
0.10161 -0.051730
0.092160 -0.05167
0.08343 -0.0513
0.07531 -0.050580
0.06766 -0.04949
0.06042 -0.04802
0.05354 -0.04618
0.04697 -0.04397
0.04073 -0.0414
0.03483 -0.038500
0.02930 -0.03532
0.02421 -0.03194
0.01965 -0.02851
0.015680 -0.02516
0.01233 -0.022
0.00956 -0.01909
0.00731 -0.016430
0.00549 -0.014
0.00403 -0.0117700
0.00286 -0.00973
0.00193 -0.00784
0.00121 -0.00609
0.00067 -0.00447
0.00029 -0.00296
6e-05 -0.00154
-0.000029 -0.00021
9e-05 0.00105
0.00044 0.00227
0.0012 0.003310
0.00233 0.00404
0.00372 0.00449
0.005310 0.00475
0.0071 0.0049
0.009170 0.00497
0.01157 0.00496
0.01443 0.004870
0.0179 0.00467
0.02223 0.00434
0.02771 0.00383
0.0346 0.00308
0.0428600 0.002040
0.05212 0.0007
0.06205 -0.00097
0.07257 -0.00293
0.08361 -0.0051
0.09499 -0.00739
0.10654 -0.00973
0.11805 -0.01206
0.12944 -0.01432
0.14066 -0.016480
0.1517 -0.01851
0.162580 -0.02039
0.17331 -0.0221
0.18391 -0.02361
0.19439 -0.02493
0.2047800 -0.02603
0.21509 -0.02691
0.22534 -0.02756
0.23553 -0.02798
0.24569 -0.02816
0.25581 -0.0281
0.26589 -0.0278
0.27591 -0.02726
0.28582 -0.02649
0.29555 -0.02548
0.30495 -0.02426
0.3138 -0.02286
0.32186 -0.02133
0.32896 -0.01969
0.335060 -0.01798
0.34024 -0.01621
0.34462 -0.01441
0.34912 -0.01219
-Inserting Flap s1223rtl-
0.45907 0.06854
0.458680 0.06761
0.45811 0.06626
0.45737 0.06485
0.45638 0.06338
0.45511 0.06176
0.45352 0.05994
0.4516 0.05789
0.44938 0.05564
0.44691 0.05327
0.44427 0.05081
0.44151 0.048340
0.43868 0.04588
0.43582 0.04346
0.43292 0.04109
0.42999 0.03877
0.42702 0.03651
0.4239900 0.034290
0.42089 0.03209
0.41772 0.0299
0.41446 0.02771
0.41112 0.0255
0.40772 0.02327
0.4043 0.02105
0.4009 0.01885
0.39756 0.01672
0.39435 0.0147
0.39129 0.012850
0.38843 0.0112
0.38572 0.00977
0.383140 0.00855
0.38064 0.00753
0.37819 0.00669
0.37579 0.00603
0.37341 0.00554
0.37107 0.00521
0.36878 0.00504
0.36654 0.00503
0.36441 0.00515
0.36243 0.00538
0.36064 0.00569
0.359060 0.00605
0.35771 0.00644
0.35656 0.00684
0.35558 0.00726
0.35475 0.00767
0.35403 0.00808
0.35342 0.00849
0.35289 0.00889
0.3524400 0.00928
0.35206 0.009670
0.35174 0.01006
0.35149 0.01045
0.3512900 0.01085
0.35118 0.01128
0.35123 0.011730
0.351440 0.01215
0.35178 0.01253
0.35221 0.01289
0.352730 0.01325
0.35334 0.01364
0.35407 0.01406
0.354950 0.01454
0.35603 0.01509
0.3574 0.01576
0.35915 0.01657
0.36136 0.017560
0.36404 0.01871
0.36707 0.01994
0.37037 0.02119
0.37389 0.02246
0.37761 0.02375
0.38145 0.02507
0.38536 0.02641
0.38924 0.02774
0.39308 0.02907
0.39685 0.0304
0.40055 0.03174
0.40417 0.03309
0.40771 0.03448
0.41118 0.03589
0.41458 0.03735
0.41791 0.03885
0.42118 0.04041
0.42439 0.04202
0.42755 0.0437
0.43065 0.04544
0.4337 0.04724
0.436690 0.04911
0.43962 0.05105
0.44248 0.05304
0.44524 0.05506
0.44786 0.05709
0.45029 0.05908
0.45245 0.06096
0.45431 0.06271
0.45585 0.06431
0.4571 0.06576
0.4581 0.06708
0.45907 0.06854
-Inserting Flap s1223rtl-
0.53827 0.15789
0.537990 0.15692
0.53758 0.15551
0.53701 0.15403
0.5362 0.15245
0.53512 0.15069
0.53375 0.14869
0.53209 0.146430
0.53014 0.14395
0.52796 0.1413
0.52562 0.138560
0.52317 0.13578
0.52065 0.13301
0.51808 0.13027
0.51548 0.12758
0.51284 0.12494
0.51015 0.12235
0.5074 0.11979
0.50458 0.11725
0.50168 0.11470
0.4987 0.11215
0.49564 0.10956
0.49252 0.10696
0.48938 0.10436
0.48625 0.10178
0.48319 0.09928
0.48023 0.0969
0.47741 0.0947
0.47476 0.09273
0.47224 0.09099
0.46981 0.08948
0.46745 0.08818
0.46512 0.08706
0.4628 0.08612
0.4605 0.08536
0.458220 0.08476
0.45595 0.08433
0.45374 0.08406
0.45161 0.083930
0.44961 0.08393
0.44779 0.08403
0.44619 0.0842
0.44481 0.0844300
0.44362 0.0847
0.44259 0.085
0.441720 0.085310
0.440960 0.08564
0.4403 0.08597
0.43973 0.08631
0.43924 0.08665
0.43882 0.086990
0.43845 0.08734
0.43815 0.0877
0.43791 0.08807
0.43776 0.08848
0.43775 0.08893
0.43791 0.08938
0.4382100 0.08979
0.43859 0.0902
0.43906 0.09062
0.43963 0.09108
0.4403 0.09158
0.44112 0.09216
0.44213 0.09283
0.44341 0.093650
0.44505 0.09466
0.44713 0.09591
0.44966 0.09736
0.45253 0.09893
0.45566 0.10056
0.45901 0.10222
0.46256 0.103940
0.46622 0.1057
0.46994 0.10748
0.47365 0.10925
0.477310 0.11102
0.48090 0.11278
0.48441 0.11454
0.48785 0.1163
0.491210 0.11809
0.49449 0.11989
0.4977 0.12173
0.50083 0.12361
0.50390 0.12554
0.50690 0.12752
0.50984 0.12955
0.51272 0.13164
0.515540 0.13378
0.51829 0.13599
0.52098 0.13825
0.52358 0.14056
0.526090 0.14289
0.52846 0.14521
0.53064 0.14746
0.53257 0.14959
0.53421 0.15154
0.53556 0.15331
0.53663 0.15489
0.53748 0.15632
0.53827 0.15789
*.*.Setup: s1223rtl.txt as Flap 1, Inverted: y, Scale = 1.0, AoA = -2.0, Reposition from (0,0) = (0, 0)*.*.
*.*.Setup: s1223rtl.txt as Flap 2, Inverted: y, Scale = 0.35, AoA = 28.333333333333332, Reposition from previous T.E. = (0.0067, 0.065), Reposition from (0,0) = (1.0061, 0.0301)*.*.
*.*.Setup: s1223rtl.txt as Flap 3, Inverted: y, Scale = 0.35, AoA = 35.0, Reposition from previous T.E. = (-0.06, 0.055), Reposition from (0,0) = (1.2541, 0.2512)*.*.
*.*.Setup: Scale Ratio = 0.34934*.*.