0.34024 -0.01188
0.33799 -0.01357
0.33472 -0.01602
0.33097 -0.018360
0.32652 -0.0205
0.32118 -0.0226
0.3148 -0.02476
0.3073 -0.026990
0.29881 -0.02926
0.289530 -0.0315
0.27972 -0.03367
0.26961 -0.03574
0.259360 -0.03768
0.24907 -0.03947
0.23877 -0.04109
0.228480 -0.04252
0.218150 -0.043780
0.20775 -0.04487
0.19722 -0.0458
0.18652 -0.0466
0.17559 -0.04729
0.16446 -0.0479
0.15317 -0.04846
0.14182 -0.049
0.13055 -0.04949
0.11955 -0.049920
0.10898 -0.0502500
0.09903 -0.050420
0.089820 -0.05035
0.08131 -0.04999
0.07339 -0.049290
0.06594 -0.04823
0.05889 -0.0468
0.05217 -0.04501
0.04578 -0.04285
0.03969 -0.04034
0.03394 -0.0375200
0.028550 -0.03442
0.0236 -0.03113
0.01915 -0.02778
0.015280 -0.02451
0.01202 -0.02144
0.00932 -0.0186
0.00712 -0.016010
0.00535 -0.01364
0.00393 -0.0114700
0.00279 -0.00948
0.00188 -0.00764
0.00118 -0.00594
0.00065 -0.00436
0.00028 -0.00288
6e-05 -0.0015
-0.000029 -0.0002
8e-05 0.00102
0.00043 0.00221
0.00117 0.003230
0.00227 0.00394
0.00363 0.00437
0.005170 0.00463
0.00692 0.00478
0.008930 0.00484
0.01127 0.00483
0.01406 0.004740
0.01745 0.00455
0.02166 0.00423
0.027 0.00373
0.03372 0.003
0.0417700 0.001990
0.05079 0.00068
0.06047 -0.00095
0.07072 -0.00286
0.08148 -0.00497
0.09258 -0.00721
0.10382 -0.00949
0.11505 -0.01175
0.12614 -0.01395
0.13707 -0.016060
0.14784 -0.01804
0.158450 -0.01987
0.1689 -0.02153
0.17923 -0.02301
0.18944 -0.02429
0.1995700 -0.02537
0.20962 -0.02623
0.2196 -0.02686
0.22954 -0.02727
0.23943 -0.02744
0.2493 -0.02739
0.25912 -0.02709
0.26888 -0.02657
0.27855 -0.02581
0.28803 -0.02483
0.29719 -0.02365
0.30581 -0.02228
0.31367 -0.02078
0.32058 -0.01919
0.326530 -0.01752
0.33158 -0.01579
0.33585 -0.01405
0.34024 -0.01188
-Inserting Flap s1223rtl-
0.45873 0.0668
0.45835 0.06589
0.4578 0.06457
0.45708 0.0632
0.45611 0.06177
0.45487 0.06019
0.45333 0.05841
0.45146 0.05641
0.44929 0.05423
0.446880 0.05191
0.4443 0.04952
0.44162 0.047110
0.43886 0.04471
0.436070 0.04235
0.43324 0.04004
0.43039 0.03779
0.42749 0.03558
0.42454 0.033410
0.42153 0.03127
0.41843 0.02914
0.41526 0.027
0.412 0.02485
0.40869 0.02268
0.40535 0.02051
0.40204 0.01837
0.398790 0.0163
0.395660 0.01433
0.39268 0.012520
0.38989 0.01091
0.38725 0.00952
0.38474 0.00833
0.3823 0.00733
0.37991 0.00652
0.37757 0.00587
0.37526 0.00539
0.37297 0.00508
0.37074 0.00491
0.36856 0.0049
0.36648 0.00501
0.36455 0.00524
0.36280 0.00554
0.36127 0.0059
0.35996 0.00627
0.35883 0.00667
0.35788 0.00707
0.35707 0.00748
0.35637 0.00788
0.35577 0.00827
0.35526 0.00866
0.35482 0.00905
0.35445 0.009430
0.35414 0.00981
0.35389 0.01018
0.3537 0.01057
0.35359 0.01099
0.353630 0.011430
0.35384 0.01184
0.35418 0.01221
0.3546 0.01256
0.3551 0.01292
0.3557 0.01329
0.3564 0.0137
0.35726 0.01417
0.35832 0.01471
0.35965 0.01536
0.36135 0.01615
0.36351 0.017110
0.36612 0.01823
0.36908 0.01943
0.37229 0.02065
0.37572 0.02189
0.37935 0.02315
0.38309 0.02443
0.38689 0.02573
0.39068 0.02703
0.39442 0.02833
0.3981 0.02963
0.4017 0.03093
0.40523 0.03225
0.40868 0.0336
0.41206 0.03498
0.41538 0.03639
0.41862 0.03786
0.42181 0.03938
0.42494 0.04095
0.42801 0.04258
0.43103 0.04428
0.4340 0.04604
0.43692 0.04786
0.43978 0.04975
0.44256 0.05169
0.44525 0.05366
0.44781 0.05564
0.45017 0.05757
0.45228 0.05941
0.45409 0.06112
0.45559 0.06267
0.45681 0.06409
0.45779 0.06537
0.45873 0.0668
-Inserting Flap s1223rtl-
0.53958 0.17318
0.53948 0.17221
0.53933 0.17078
0.53903 0.16926
0.53852 0.167610
0.53778 0.16575
0.53681 0.1636
0.53559 0.16115
0.53414 0.15843
0.5325 0.15552
0.53072 0.152490
0.52883 0.14941
0.52688 0.14632
0.524880 0.14326
0.52284 0.14024
0.520750 0.13726
0.51861 0.13432
0.5164 0.1314
0.51413 0.12848
0.51178 0.12555
0.50935 0.12259
0.50685 0.11959
0.5043 0.11657
0.50172 0.11353
0.499160 0.11053
0.49664 0.10761
0.4942 0.10483
0.49187 0.10224
0.48966 0.0999
0.48753 0.09781
0.48546 0.09595
0.48341 0.09429
0.48136 0.09283
0.4793 0.09154
0.47722 0.09042
0.47513 0.08946
0.47303 0.08866
0.47095 0.08802
0.46893 0.08754
0.46701 0.0872
0.46525 0.08699
0.46368 0.08689
0.46232 0.08687
0.46113 0.08693
0.4601 0.08704
0.45920 0.08719
0.45842 0.08738
0.45773 0.087590
0.45713 0.08781
0.4566 0.08805
0.45613 0.08831
0.45573 0.08859
0.45538 0.08888
0.455090 0.08919
0.45487 0.08957
0.45478 0.09
0.45486 0.09045
0.45507 0.0909
0.45538 0.09136
0.45576 0.09184
0.45622 0.09237
0.45678 0.09297
0.45747 0.09366
0.45833 0.09448
0.45942 0.09548
0.46082 0.09673
0.46261 0.09827
0.46479 0.1001
0.46728 0.10209
0.47 0.10418
0.47294 0.10635
0.47605 0.1086
0.47927 0.1109
0.48254 0.11324
0.4858 0.11557
0.48901 0.11789
0.49216 0.12018
0.49524 0.12246
0.49824 0.12474
0.50116 0.12702
0.504 0.12931
0.50677 0.13162
0.50946 0.13396
0.512080 0.13632
0.51462 0.13873
0.5171 0.14117
0.51951 0.14367
0.52185 0.1462
0.52412 0.14879
0.52631 0.15141
0.52842 0.15407
0.53044 0.15673
0.53232 0.15936
0.53403 0.16189
0.53552 0.164260
0.53676 0.1664100
0.537760 0.16833
0.53852 0.17003
0.53909 0.17154
0.53958 0.17318
*.*.Setup: s1223rtl.txt as Flap 1, Inverted: y, Scale = 1.0, AoA = -2.0, Reposition from (0,0) = (0, 0)*.*.
*.*.Setup: s1223rtl.txt as Flap 2, Inverted: y, Scale = 0.35, AoA = 28.333333333333332, Reposition from previous T.E. = (0.04, 0.065), Reposition from (0,0) = (1.0394, 0.0301)*.*.
*.*.Setup: s1223rtl.txt as Flap 3, Inverted: y, Scale = 0.35, AoA = 45.0, Reposition from previous T.E. = (-0.01, 0.065), Reposition from (0,0) = (1.3375, 0.2612)*.*.
*.*.Setup: Scale Ratio = 0.34044*.*.