0.33654 0.01175
0.33444 0.00994
0.33138 0.00729
0.32784 0.00472
0.3236 0.0023
0.31848 -0.00014
0.31233 -0.00271
0.30509 -0.005430
0.29686 -0.00825
0.28786 -0.0111
0.27833 -0.013920
0.2685 -0.01666
0.25852 -0.01929
0.24849 -0.02176
0.23844 -0.02406
0.22838 -0.0262
0.2182800 -0.02815
0.20809 -0.02994
0.19777 -0.03159
0.18725 -0.03311
0.17653 -0.03454
0.16558 -0.03592
0.15448 -0.03725
0.14332 -0.03856
0.13224 -0.03983
0.12141 -0.04101
0.111 -0.04206
0.1011900 -0.04291
0.0921 -0.04349
0.08368 -0.04372
0.07582 -0.04357
0.06839 -0.04304
0.06133 -0.04212
0.0545900 -0.04081
0.04813 -0.03912
0.04195 -0.03707
0.03608 -0.03468
0.03055 -0.03199
0.02543 -0.02909
0.02081 -0.02609
0.01677 -0.02314
0.0133400 -0.02032
0.01048 -0.01772
0.00813 -0.01531
0.00622 -0.01309
0.00467 -0.01105
0.0034 -0.00916
0.00239 -0.00741
0.00158 -0.00578
0.00095 -0.00426
0.00048 -0.00282
0.00017 -0.00148
0.000013 -0.0002
0.000035 0.00102
0.00027 0.00221
0.00093 0.00327
0.00197 0.00404
0.003280 0.00457
0.00478 0.00493
0.00650 0.00519
0.00848 0.00539
0.01079 0.00555
0.01354 0.00565
0.0169 0.0057
0.021080 0.00567
0.02639 0.00555
0.03307 0.00529
0.04108 0.00485
0.05007 0.00418
0.05973 0.00324
0.06998 0.00206
0.08074 0.00071
0.09184 -0.00072
0.1031 -0.0022
0.11433 -0.00366
0.12543 -0.005060
0.13636 -0.00639
0.14712 -0.0076
0.15771 -0.008670
0.168150 -0.00959
0.17844 -0.01034
0.18861 -0.0109
0.19867 -0.01126
0.20864 -0.01141
0.21854 -0.01135
0.22837 -0.01107
0.23815 -0.01056
0.24788 -0.00982
0.25755 -0.0088600
0.26715 -0.00766
0.27663 -0.006250
0.28592 -0.00463
0.29487 -0.00283
0.30329 -0.00089
0.31094 0.00114
0.31765 0.00319
0.32341 0.00524
0.32827 0.00729
0.33236 0.009310
0.33654 0.01175
-Inserting Flap s1223rtl-
0.44253 0.086210
0.442150 0.085310
0.4416 0.08401
0.44089 0.08265
0.43994 0.08124
0.43871 0.07967
0.43718 0.077910
0.43533 0.07594
0.43318 0.07378
0.4308 0.07148
0.42825 0.06912
0.4256 0.06673
0.42287 0.06436
0.42011 0.06203
0.41731 0.05974
0.41449 0.05751
0.41162 0.05533
0.4087100 0.05319
0.40572 0.05107
0.40266 0.04896
0.39952 0.04684
0.3963 0.04472
0.39303 0.04257
0.38973 0.04043
0.38645 0.038310
0.38323 0.03626
0.38013 0.03431
0.37719 0.03252
0.37443 0.03093
0.37182 0.02955
0.369330 0.02838
0.36692 0.02739
0.36456 0.02658
0.36224 0.02595
0.35995 0.02547
0.3577 0.025160
0.35549 0.025
0.35333 0.02498
0.35128 0.0251
0.34936 0.025320
0.34764 0.02562
0.346120 0.02597
0.34482 0.02634
0.34371 0.02673
0.34277 0.027130
0.34196 0.02753
0.34127 0.02793
0.34068 0.02832
0.34018 0.0287
0.3397400 0.02909
0.33937 0.02946
0.33907 0.02984
0.33882 0.03021
0.3386300 0.03059
0.33853 0.03101
0.33857 0.03144
0.338780 0.03185
0.3391 0.03221
0.33952 0.03256
0.340020 0.03291
0.34061 0.03328
0.34131 0.03369
0.342160 0.03415
0.3432 0.03468
0.34452 0.03533
0.3462 0.03611
0.34834 0.03707
0.35092 0.03817
0.35384 0.03936
0.35702 0.04056
0.36042 0.04178
0.364 0.04303
0.36771 0.04431
0.37147 0.04559
0.37522 0.04688
0.37892 0.04816
0.38255 0.04944
0.38611 0.05073
0.3896 0.05204
0.39302 0.05337
0.39636 0.05473
0.39964 0.05614
0.40285 0.05759
0.406 0.05909
0.4091 0.06064
0.41214 0.06226
0.41513 0.06394
0.41806 0.06568
0.420950 0.06748
0.42377 0.069350
0.42653 0.071260
0.42919 0.07321
0.43172 0.075170
0.43406 0.07708
0.43614 0.0789
0.43793 0.08059
0.43942 0.08213
0.44062 0.08353
0.44159 0.0848
0.44253 0.086210
-Inserting Flap s1223rtl-
0.54628 0.18386
0.54609 0.1829
0.54582 0.18151
0.5454 0.18004
0.54475 0.17846
0.54386 0.17669
0.542720 0.17465
0.541310 0.17234
0.53965 0.16979
0.53778 0.16706
0.53576000 0.16423
0.53364 0.16136
0.53145 0.158490
0.52922 0.15564
0.52694 0.15284
0.524630 0.15009
0.52226 0.14737
0.519840 0.14468
0.51735 0.142
0.51478 0.13932
0.51213 0.13661
0.5094 0.133870
0.50663 0.13111
0.50383 0.12835
0.50105 0.12561
0.49832 0.12295
0.49567 0.12042
0.49315 0.11807
0.49077 0.11595
0.48850 0.114070
0.48629 0.11242
0.48413 0.11097
0.48199 0.1097
0.479840 0.10861
0.4777 0.10768
0.47555 0.10691
0.47342 0.10631
0.47131 0.10586
0.46928 0.10556
0.46736 0.10539
0.46561 0.10533
0.46405 0.10537
0.4627 0.10547
0.46154 0.10563
0.46053 0.10583
0.459660 0.10606
0.45891 0.10631
0.45825 0.10657
0.45768 0.10684
0.45717 0.10713
0.45674 0.10742
0.45636 0.10773
0.45604 0.10804
0.45578 0.10838
0.45559 0.10877
0.45555 0.1092
0.45567 0.10964
0.455920 0.11006
0.45625 0.11049
0.45667 0.11093
0.45717 0.11141
0.45778 0.11195
0.45851 0.11258
0.45943 0.113310
0.46059 0.11421
0.46208 0.11531
0.46398 0.11668
0.46628 0.11829
0.46891 0.12004
0.47177 0.12186
0.47485 0.12375
0.47811 0.12569
0.48148 0.12769
0.4849 0.12971
0.48832 0.13173
0.4916800 0.13373
0.49498 0.13572
0.49821 0.137710
0.50136 0.13969
0.50444 0.14168
0.507440 0.1437
0.51036 0.145730
0.513220 0.1478
0.516 0.14991
0.51872 0.15206
0.52137 0.15426
0.52395 0.1565
0.52648 0.1588
0.52894 0.16115
0.53133 0.163550
0.53364 0.16598
0.53585 0.16843
0.53793 0.17086
0.53983 0.17321
0.54151 0.17541
0.54292 0.17743
0.54406 0.17923
0.54496 0.18085
0.545650 0.18228
0.54628 0.18386
*.*.Setup: s1223rtl.txt as Flap 1, Inverted: y, Scale = 1.0, AoA = 2.0, Reposition from (0,0) = (0, 0)*.*.
*.*.Setup: s1223rtl.txt as Flap 2, Inverted: y, Scale = 0.35, AoA = 28.333333333333332, Reposition from previous T.E. = (0.0067, 0.055), Reposition from (0,0) = (1.0061, 0.0899)*.*.
*.*.Setup: s1223rtl.txt as Flap 3, Inverted: y, Scale = 0.35, AoA = 40.0, Reposition from previous T.E. = (0.04, 0.065), Reposition from (0,0) = (1.3541, 0.321)*.*.
*.*.Setup: Scale Ratio = 0.33674*.*.