0.35545 -0.01241
0.35311 -0.01417
0.34969 -0.01674
0.34577 -0.019180
0.34112 -0.02142
0.33555 -0.02362
0.32888 -0.02587
0.32105 -0.02820
0.31217 -0.03056
0.302480 -0.03291
0.29223 -0.03518
0.28167 -0.03734
0.270960 -0.03937
0.26021 -0.04123
0.24945 -0.04292
0.23870 -0.04443
0.227910 -0.045740
0.21704 -0.04688
0.20604 -0.04785
0.19486 -0.04868
0.18345 -0.0494
0.17182 -0.05004
0.16002 -0.05063
0.14816 -0.05119
0.13639 -0.0517
0.1249 -0.052160
0.11385 -0.052500
0.10346 -0.052670
0.093830 -0.0526
0.08495 -0.05223
0.07667 -0.051490
0.06889 -0.05039
0.06152 -0.04889
0.05451 -0.04702
0.04782 -0.04477
0.04147 -0.04215
0.03546 -0.0391900
0.029830 -0.03596
0.02465 -0.03252
0.02001 -0.02903
0.015970 -0.02561
0.01255 -0.0224
0.00973 -0.01944
0.00744 -0.016730
0.00559 -0.01425
0.0041 -0.0119900
0.00291 -0.0099
0.00197 -0.00798
0.00123 -0.00621
0.00068 -0.00455
0.0003 -0.00301
7e-05 -0.00157
-0.000029 -0.00021
9e-05 0.00107
0.00045 0.00231
0.00122 0.003370
0.00238 0.00411
0.00379 0.00457
0.00540 0.00484
0.00723 0.00499
0.009330 0.00506
0.01178 0.00505
0.01469 0.004950
0.01823 0.00476
0.02263 0.00442
0.02821 0.0039
0.03523 0.00313
0.0436400 0.002080
0.05306 0.00071
0.06318 -0.00099
0.07389 -0.00299
0.08513 -0.0052
0.09672 -0.00753
0.10847 -0.00991
0.12019 -0.01228
0.13178 -0.01458
0.14321 -0.016780
0.15445 -0.01885
0.165530 -0.02076
0.17646 -0.0225
0.18724 -0.02404
0.19792 -0.02538
0.2084900 -0.0265
0.21899 -0.0274
0.22942 -0.02806
0.2398 -0.02849
0.25014 -0.02867
0.26045 -0.02861
0.27071 -0.02831
0.28091 -0.02776
0.29101 -0.02697
0.30091 -0.02594
0.31048 -0.0247
0.31949 -0.02328
0.3277 -0.02171
0.33492 -0.02005
0.341140 -0.0183
0.34641 -0.0165
0.35087 -0.01467
0.35545 -0.01241
-Inserting Flap s1223rtl-
0.47065 0.0562
0.47019 0.05528
0.46954 0.053940
0.4687 0.05255
0.46761 0.05112
0.46622 0.04955
0.4645 0.04778
0.46243 0.04581
0.46003 0.04366
0.457380 0.04139
0.45455 0.03906
0.4516 0.0367
0.44858 0.03437
0.44552 0.03208
0.44244 0.029840
0.43932 0.02767
0.43617 0.02554
0.43296 0.02346
0.42968 0.02141
0.42633 0.01937
0.42288 0.01734
0.41936 0.01529
0.41577 0.01323
0.41216 0.01117
0.40857 0.00914
0.40506 0.00717
0.40167 0.00531
0.39846 0.00361
0.39544 0.0021
0.39261 0.0008
0.38992 -0.00028
0.387310 -0.00117
0.38478 -0.00188
0.38229 -0.00241
0.37985 -0.00277
0.37745 -0.00296
0.37511 -0.003
0.37284 -0.00288
0.37068 -0.00263
0.36868 -0.00228
0.36687 -0.00186
0.36530 -0.00140
0.36395 -0.00092
0.3628 -0.00044
0.36183 0.000099
0.36101 0.00051
0.36031 0.00097
0.35971 0.00142
0.35919 0.00185
0.358760 0.00228
0.3584 0.0027
0.35809 0.00311
0.35785 0.00352
0.35768 0.00394
0.3576 0.00438
0.357670 0.00484
0.35791 0.00525
0.35828 0.00562
0.35874 0.00596
0.359290 0.00630
0.35993 0.00665
0.36070 0.00704
0.36162 0.00747
0.36275 0.00797
0.36418 0.00857
0.366 0.00929
0.36831 0.01017
0.3711 0.01118
0.37426 0.01225
0.37768 0.01332
0.38134 0.0144
0.3852 0.0155
0.38918 0.01661
0.39322 0.01774
0.39726 0.01886
0.40124 0.01999
0.40515 0.02112
0.40899 0.022260
0.41274 0.02342
0.41643 0.02461
0.42004 0.02585
0.42358 0.02713
0.42705 0.02846
0.430470 0.02984
0.43383 0.0313
0.43713 0.03281
0.44039 0.0344
0.44359 0.036050
0.44674 0.03778
0.44984 0.039570
0.452860 0.04142
0.45579 0.04332
0.45857 0.04522
0.46116 0.0471
0.46347 0.04889
0.46546 0.05056
0.46712 0.05209
0.46848 0.05349
0.46957 0.05477
0.47065 0.0562
-Inserting Flap s1223rtl-
0.53733 0.16023
0.53722 0.15921
0.537060000 0.15772
0.53675 0.15614
0.53621 0.15441
0.53545 0.15246
0.53443 0.15021
0.53316 0.14766
0.53164 0.14482
0.52993 0.14178
0.52807 0.13861
0.5261 0.13539
0.52406 0.13217
0.52197 0.12897
0.51984 0.12581
0.51765 0.1227
0.51542 0.11963
0.51311 0.116570
0.51074 0.11353
0.50828 0.11046
0.50574 0.10737
0.50313 0.10424
0.50046 0.10108
0.49777 0.09791
0.4951 0.09478
0.49247 0.0917300
0.48992 0.08882
0.48748 0.08612
0.48517 0.08367
0.48295 0.08148
0.48079 0.07954
0.47865 0.07781
0.47651 0.07628
0.47435 0.07494
0.47218 0.07376
0.469990 0.07276
0.46780 0.07193
0.46563 0.07126
0.46351 0.07075
0.46151 0.0704
0.45967 0.07018
0.45803 0.070070
0.4566 0.07006
0.4553600 0.07012
0.45429 0.07023
0.45335 0.0704
0.45253 0.07059
0.45182 0.07081
0.45119 0.071040
0.45063000 0.07129
0.45015 0.07156
0.44972 0.07185
0.44936 0.07215
0.44905 0.07248
0.44882 0.07287
0.44873 0.07332
0.44882 0.0738
0.449040 0.074270
0.44936 0.07475
0.44975 0.07525
0.45024 0.0758
0.45082 0.07643
0.45154 0.07715
0.45244 0.07801
0.45358 0.07906
0.45504 0.08036
0.45691 0.08197
0.45919 0.08387
0.46179 0.08596
0.46464 0.08814
0.46771 0.090410
0.47096 0.09276
0.47432 0.095170
0.47773 0.09761
0.48114 0.10004
0.4844900 0.10246
0.48778 0.10486
0.491 0.10724
0.49413 0.10962
0.49718 0.112
0.50015 0.11440
0.503040 0.11681
0.50586 0.11925
0.50859 0.12172
0.51125 0.12423
0.51384 0.12679
0.51635 0.12939
0.51880 0.13205
0.52117 0.13474
0.52346 0.13749
0.52567 0.14026
0.52777 0.14304
0.52974 0.14579
0.53153 0.14843
0.53308 0.15091
0.53438 0.15315
0.53542 0.15516
0.53622 0.15694
0.53681 0.15852
0.53733 0.16023
*.*.Setup: s1223rtl.txt as Flap 1, Inverted: y, Scale = 1.0, AoA = -2.0, Reposition from (0,0) = (0, 0)*.*.
*.*.Setup: s1223rtl.txt as Flap 2, Inverted: y, Scale = 0.35, AoA = 25.0, Reposition from previous T.E. = (0.0067, 0.045), Reposition from (0,0) = (1.0061, 0.0101)*.*.
*.*.Setup: s1223rtl.txt as Flap 3, Inverted: y, Scale = 0.35, AoA = 45.0, Reposition from previous T.E. = (-0.06, 0.045), Reposition from (0,0) = (1.2633, 0.203)*.*.
*.*.Setup: Scale Ratio = 0.35567*.*.