0.33215 0.0116
0.33008 0.00981
0.32706 0.00719
0.32356 0.00466
0.31938 0.00227
0.31433 -0.00014
0.30825 -0.00268
0.30111 -0.005360
0.29299 -0.00814
0.2841 -0.01096
0.2747 -0.013740
0.265 -0.01645
0.25515 -0.01903
0.24525 -0.02148
0.23533 -0.02375
0.2254 -0.02585
0.2154300 -0.02778
0.20538 -0.02955
0.19519 -0.03118
0.18481 -0.03268
0.17422 -0.03409
0.16342 -0.03545
0.15247 -0.03677
0.14145 -0.03806
0.13051 -0.03931
0.11982 -0.04048
0.10955 -0.04151
0.0998700 -0.04235
0.0909 -0.04292
0.08259 -0.04315
0.07483 -0.043
0.0675 -0.04248
0.06053 -0.04157
0.0538700 -0.04028
0.0475 -0.03861
0.0414 -0.03659
0.03561 -0.03423
0.03015 -0.03157
0.0251 -0.02871
0.02054 -0.02575
0.01655 -0.02283
0.0131600 -0.02006
0.01034 -0.01748
0.00803 -0.01511
0.00614 -0.01292
0.0046 -0.01091
0.00336 -0.00904
0.00236 -0.00731
0.00155 -0.0057
0.00093 -0.0042
0.00047 -0.00279
0.00016 -0.00146
0.000013 -0.0002
0.000035 0.001
0.00027 0.00218
0.00092 0.00322
0.00195 0.00399
0.003230 0.00451
0.00472 0.00486
0.006420 0.00513
0.00837 0.00532
0.01065 0.00547
0.01337 0.00558
0.01668 0.00562
0.020810 0.0056
0.02604 0.00547
0.03263 0.00522
0.04054 0.00478
0.04942 0.00412
0.05895 0.0032
0.06907 0.00203
0.07969 0.0007
0.09065 -0.00071
0.10176 -0.00217
0.11284 -0.00361
0.12379 -0.0050
0.13459 -0.0063
0.14521 -0.0075
0.15566 -0.008560
0.165950 -0.00947
0.17611 -0.01021
0.18615 -0.01076
0.19608 -0.01111
0.20592 -0.01127
0.21569 -0.0112
0.22539 -0.01092
0.23504 -0.01042
0.24465 -0.00969
0.25419 -0.0087400
0.26366 -0.00756
0.27302 -0.006170
0.28219 -0.00457
0.29103 -0.00279
0.29933 -0.00087
0.30688 0.00112
0.31351 0.00315
0.31919 0.00518
0.32399 0.0072
0.32802 0.009190
0.33215 0.0116
-Inserting Flap s1223rtl-
0.44445 0.09095
0.444130 0.09004
0.44367 0.08872
0.44304 0.08735
0.442180 0.0859
0.44106 0.08429
0.43966 0.082460
0.43795 0.08041
0.43596 0.07816
0.43374 0.07576
0.43137 0.07329
0.42889 0.07078
0.42634 0.06829
0.42375 0.06583
0.42113 0.06342
0.41847 0.06106
0.41578 0.05875
0.41302 0.05647
0.41021 0.054210
0.40731 0.05196
0.40434 0.04969
0.40129 0.04741
0.39818 0.04511
0.39505 0.04281
0.39195 0.040530
0.3889 0.03833
0.38595 0.03623
0.38315 0.0343
0.38052 0.03257
0.37804 0.03106
0.37565 0.02976
0.37333 0.02865
0.37105 0.02772
0.36881 0.02696
0.366580 0.02636
0.36437 0.02592
0.3622 0.02564
0.36008 0.0255
0.35805 0.0255
0.35615 0.0256
0.35443 0.0258
0.352920 0.02606
0.35162 0.026350
0.3505 0.02667
0.34955 0.02701
0.34873 0.027360
0.34803 0.02771
0.34743 0.02806
0.34691 0.028410
0.34646 0.02876
0.34607 0.02911
0.34575 0.02946
0.34548 0.02982
0.34527 0.03019
0.3451500 0.03059
0.34516 0.03102
0.34535 0.03143
0.34565 0.03181
0.34604 0.03218
0.34651 0.03255
0.34707 0.03295
0.34774 0.033390
0.34854 0.033890
0.34954 0.03448
0.3508 0.03519
0.352420 0.03605
0.35447 0.03712
0.35695 0.03836
0.35976 0.039690
0.36282 0.04106
0.3661 0.04246
0.36956 0.0439
0.37314 0.04536
0.37677 0.04685
0.38039 0.04833
0.38396 0.0498
0.387470 0.05128
0.3909 0.05275
0.39427 0.05424
0.39756 0.05575
0.40077 0.05728
0.40392 0.05885
0.407 0.06047
0.41002 0.06212
0.41298 0.06384
0.41588 0.0656
0.41873 0.06743
0.42153 0.06931
0.42426 0.07125
0.42694 0.07325
0.42955 0.0753
0.43206 0.07737
0.43444 0.07945
0.43663 0.08147
0.43858 0.08338
0.44025 0.085150
0.441620 0.08675
0.44273 0.08819
0.443610 0.0895
0.44445 0.09095
-Inserting Flap s1223rtl-
0.54685 0.18067
0.546670 0.17973
0.5464 0.178360
0.545980 0.17691
0.545340 0.17535
0.54447 0.17359
0.54334 0.17159
0.54195 0.16931
0.54031 0.16679
0.53846 0.1641
0.53647 0.16130
0.53438 0.15847
0.53222 0.15563
0.53001 0.15282
0.527770 0.15006
0.52548 0.14734
0.52315 0.144660
0.52075 0.14201
0.518290 0.139360
0.51576 0.13671
0.51314 0.13404
0.51045 0.13134
0.50772 0.12861
0.50496 0.12588
0.50221 0.12318
0.499510 0.12056
0.4969 0.11806
0.49442 0.11574
0.492060 0.11365
0.48982 0.1118
0.48765 0.110160
0.48551 0.10873
0.4834 0.10748
0.48128 0.1064
0.47916 0.10549
0.47705 0.10473
0.474940 0.10413
0.47286 0.10369
0.47085 0.103390
0.46896 0.10323
0.46723 0.10317
0.4657 0.1032
0.46436 0.10331
0.46321 0.10346
0.46222 0.10366
0.46136 0.10389
0.46062 0.10413
0.45997 0.1043900
0.45940 0.10466
0.45891 0.10494
0.45847 0.10523
0.4581 0.10553
0.45779 0.10585
0.45753 0.10618
0.45735 0.10656
0.4573 0.10699
0.457420 0.10742
0.45766 0.10784
0.458 0.10826
0.45841 0.1087
0.4589 0.10917
0.4595 0.10971
0.460230 0.11032
0.46113 0.11105
0.462280 0.11193
0.46375 0.113020
0.46562 0.114370
0.46789 0.11596
0.470490 0.11769
0.47331 0.11949
0.47636 0.121350
0.47957 0.12327
0.4829 0.125240
0.48628 0.12723
0.48964 0.12922
0.49296 0.1312
0.49622 0.13316
0.49941 0.13512
0.50252 0.13708
0.50555 0.13905
0.50851 0.14103
0.5114 0.14305
0.51422 0.14509
0.516960 0.14717
0.51965 0.14929
0.52226 0.15146
0.524810 0.15367
0.52731 0.15594
0.529730 0.15826
0.53209 0.16063
0.534370 0.16303
0.53656 0.16545
0.5386100 0.16784
0.54049 0.170160
0.54214 0.17234
0.543530 0.17432
0.54466 0.17611
0.54555 0.1777
0.54623 0.17912
0.54685 0.18067
*.*.Setup: s1223rtl.txt as Flap 1, Inverted: y, Scale = 1.0, AoA = 2.0, Reposition from (0,0) = (0, 0)*.*.
*.*.Setup: s1223rtl.txt as Flap 2, Inverted: y, Scale = 0.35, AoA = 31.666666666666668, Reposition from previous T.E. = (0.04, 0.055), Reposition from (0,0) = (1.0394, 0.0899)*.*.
*.*.Setup: s1223rtl.txt as Flap 3, Inverted: y, Scale = 0.35, AoA = 40.0, Reposition from previous T.E. = (0.04, 0.045), Reposition from (0,0) = (1.3773, 0.3186)*.*.
*.*.Setup: Scale Ratio = 0.33235*.*.