0.34604 0.01208
0.34388 0.01022
0.34073 0.00749
0.33709 0.00486
0.33273 0.00236
0.32747 -0.00015
0.32114 -0.00279
0.3137 -0.005580
0.30524 -0.00848
0.29598 -0.01142
0.28618 -0.014320
0.27608 -0.01714
0.26581 -0.01983
0.2555 -0.02237
0.24517 -0.02474
0.23482 -0.02693
0.2244400 -0.02895
0.21396 -0.03079
0.20335 -0.03248
0.19254 -0.03404
0.18151 -0.03552
0.17026 -0.03693
0.15884 -0.0383
0.14736 -0.03965
0.13597 -0.04095
0.12483 -0.04217
0.11413 -0.04325
0.1040500 -0.04412
0.0947 -0.04471
0.08604 -0.04495
0.07796 -0.0448
0.07032 -0.04425
0.06306 -0.04331
0.0561300 -0.04196
0.04948 -0.04023
0.04313 -0.03812
0.0371 -0.03566
0.03141 -0.03289
0.02615 -0.02991
0.0214 -0.02683
0.01724 -0.02379
0.0137100 -0.0209
0.01077 -0.01821
0.00836 -0.01574
0.0064 -0.01346
0.0048 -0.01136
0.0035 -0.00942
0.00245 -0.00762
0.00162 -0.00594
0.00097 -0.00438
0.00049 -0.0029
0.00017 -0.00152
0.000013 -0.00021
0.000035 0.00104
0.00028 0.00227
0.00095 0.00336
0.00203 0.00416
0.003370 0.00469
0.00492 0.00507
0.006690 0.00534
0.00872 0.00555
0.0111 0.0057
0.01393 0.00581
0.01738 0.00586
0.021680 0.00583
0.02713 0.0057
0.034 0.00544
0.04224 0.00498
0.05148 0.00429
0.06142 0.00333
0.07196 0.00212
0.08302 0.00073
0.09444 -0.00074
0.10601 -0.00226
0.11756 -0.00376
0.12897 -0.005210
0.14021 -0.00657
0.15128 -0.00781
0.16216 -0.008920
0.172890 -0.00987
0.18347 -0.01063
0.19393 -0.01121
0.20427 -0.01158
0.21453 -0.01174
0.2247 -0.01167
0.23482 -0.01138
0.24487 -0.01086
0.25487 -0.0101
0.26482 -0.0091100
0.27469 -0.00788
0.28444 -0.006430
0.29399 -0.00476
0.30319 -0.00291
0.31185 -0.00091
0.31971 0.00117
0.32662 0.00328
0.33253 0.00539
0.33753 0.0075
0.34174 0.009580
0.34604 0.01208
-Inserting Flap s1223rtl-
0.43193 0.09210
0.43154 0.091180
0.43098 0.08984
0.43024 0.08845
0.42926 0.08699
0.428 0.08539
0.42643 0.083570
0.42453 0.08154
0.42232 0.07932
0.419880 0.07696
0.41725 0.07453
0.41452 0.07208
0.41172 0.06964
0.408880 0.06724
0.40601 0.06489
0.4031 0.0626
0.40016 0.06036
0.39716 0.05815
0.39409 0.05597
0.39094 0.0538
0.38771 0.05163
0.3844 0.04944
0.38103 0.04724
0.37764 0.04503
0.37427 0.042850
0.370960 0.04074
0.367780 0.03874
0.36475 0.0369
0.36191 0.03527
0.35923 0.03385
0.35667 0.03264
0.35419 0.03163
0.35177 0.0308
0.34938 0.03014
0.34703 0.02965
0.34471 0.029330
0.34243 0.02916
0.34022 0.02915
0.33811 0.02927
0.33614 0.02950
0.334360 0.02981
0.33281 0.03016
0.33147 0.03055
0.33033 0.03095
0.32936 0.031360
0.32853 0.03177
0.32782 0.03218
0.32721 0.03258
0.32669 0.03298
0.32624 0.03337
0.32587 0.03376
0.32555 0.03414
0.32529 0.03452
0.3251 0.03492
0.325 0.03535
0.325040 0.03579
0.32525 0.03621
0.32559 0.03659
0.32602 0.03694
0.32653 0.0373
0.32713 0.03768
0.32786 0.0381
0.32873 0.03857
0.3298 0.03913
0.33116 0.03979
0.33289 0.04059
0.33508 0.04157
0.33774 0.04271
0.34074 0.04393
0.34401 0.04517
0.3475 0.04643
0.35119 0.04771
0.355 0.04902
0.35886 0.05034
0.36272 0.05166
0.36652 0.05298
0.37026 0.0543
0.37393 0.05563
0.37751 0.05697
0.38102 0.05834
0.38446 0.05974
0.38783 0.06118
0.39114 0.06267
0.39438 0.06422
0.39756 0.06582
0.40068 0.06748
0.40376 0.0692
0.406780 0.07099
0.40974 0.07285
0.41265 0.074760
0.41548 0.076740
0.41822 0.07874
0.42082 0.080750
0.42322 0.08272
0.42537 0.08459
0.4272 0.08633
0.42873 0.08791
0.42997 0.08935
0.43097 0.09065
0.43193 0.09210
-Inserting Flap s1223rtl-
0.54505 0.18412
0.54477 0.183160
0.54437 0.181760
0.54380 0.180290
0.543 0.17873
0.54193 0.176990
0.54058 0.17501
0.53892 0.17277
0.53699 0.17031
0.53483 0.16768
0.532510 0.16496
0.53008 0.16221
0.52758 0.15946
0.525040 0.15675
0.52246 0.15408
0.51984 0.15147
0.51718 0.1489
0.5144500 0.14636
0.51166 0.14384
0.50879 0.14132
0.505830 0.13878
0.50279 0.13623
0.4997 0.13365
0.49659 0.13106
0.4935 0.12851
0.49046 0.12603
0.48752 0.12367
0.48473 0.12149
0.4821 0.11954
0.4796 0.11782
0.4772 0.11632
0.47486 0.115030
0.47255 0.11392
0.47025 0.11299
0.46797 0.11224
0.46571 0.11164
0.463460 0.11122
0.46127 0.11094
0.45916 0.11082
0.45717 0.11082
0.45537 0.11092
0.45379 0.11109
0.45241 0.11132
0.45123 0.11158
0.45022 0.11188
0.44935 0.11219
0.4486 0.11251
0.44795 0.11284
0.44739 0.11318
0.4469 0.11351
0.44648 0.11385
0.44612 0.1142
0.445820 0.11455
0.44558 0.11492
0.44543 0.11533
0.44542 0.11578
0.44558 0.116220
0.44587 0.11663
0.44626 0.11704
0.446720 0.11745
0.44728 0.1179
0.44795 0.1184
0.448760 0.11897
0.44976 0.11964
0.45103 0.12046
0.45266 0.12146
0.45472 0.12269
0.45723 0.124130
0.46007 0.12569
0.46317 0.1273
0.4665 0.12895
0.47001 0.13065
0.473640 0.132390
0.47733 0.13416
0.481 0.13592
0.48463 0.13767
0.48819 0.13941
0.49167 0.141150
0.49508 0.1429
0.49841 0.144670
0.50166 0.14646
0.50484 0.14829
0.50795 0.15015
0.51099 0.15206
0.51396 0.15402
0.51687 0.15603
0.519730 0.1581
0.52252 0.16023
0.52525 0.16242
0.52791 0.16466
0.5305 0.16695
0.53298 0.16925
0.53533 0.17155
0.53749 0.17379
0.5394 0.1759
0.54103 0.17783
0.54236 0.17958
0.54343 0.18115
0.54426 0.182570
0.54505 0.18412
*.*.Setup: s1223rtl.txt as Flap 1, Inverted: y, Scale = 1.0, AoA = 2.0, Reposition from (0,0) = (0, 0)*.*.
*.*.Setup: s1223rtl.txt as Flap 2, Inverted: y, Scale = 0.35, AoA = 28.333333333333332, Reposition from previous T.E. = (-0.06, 0.065), Reposition from (0,0) = (0.9394, 0.0999)*.*.
*.*.Setup: s1223rtl.txt as Flap 3, Inverted: y, Scale = 0.35, AoA = 35.0, Reposition from previous T.E. = (0.04, 0.065), Reposition from (0,0) = (1.2875, 0.331)*.*.
*.*.Setup: Scale Ratio = 0.34625*.*.