0.35301 -0.01233
0.35068 -0.01407
0.34729 -0.01662
0.34339 -0.019050
0.33878 -0.02127
0.33324 -0.02345
0.32661 -0.02569
0.31884 -0.028010
0.31002 -0.03035
0.300390 -0.03268
0.29022 -0.03494
0.27973 -0.03708
0.26910 -0.0391
0.25842 -0.04095
0.24774 -0.04263
0.237050 -0.04412
0.226340 -0.045430
0.21555 -0.04656
0.20463 -0.04752
0.19352 -0.04835
0.18219 -0.04906
0.17064 -0.0497
0.15892 -0.05028
0.14714 -0.05083
0.13546 -0.05135
0.12404 -0.05180
0.11307 -0.0521400
0.10274 -0.052310
0.093190 -0.05224
0.08436 -0.05187
0.07614 -0.051140
0.06842 -0.05004
0.0611 -0.04856
0.05413 -0.0467
0.0475 -0.04446
0.04118 -0.04186
0.03521 -0.0389300
0.029620 -0.03571
0.02448 -0.0323
0.01987 -0.02883
0.015860 -0.02544
0.01247 -0.02224
0.00967 -0.0193
0.00739 -0.016620
0.00555 -0.01416
0.00407 -0.011900
0.00289 -0.00983
0.00195 -0.00793
0.00123 -0.00616
0.00068 -0.00452
0.00029 -0.00299
6e-05 -0.00156
-0.000029 -0.00021
9e-05 0.00106
0.00045 0.00229
0.00121 0.003350
0.00236 0.00409
0.00376 0.00454
0.005370 0.00481
0.00718 0.00496
0.009270 0.00502
0.0117 0.00501
0.01459 0.004920
0.0181 0.00473
0.02248 0.00439
0.02802 0.00387
0.03499 0.00311
0.0433400 0.002070
0.0527 0.00071
0.06274 -0.00098
0.07338 -0.00297
0.08454 -0.00516
0.09605 -0.00748
0.10772 -0.00984
0.11936 -0.01219
0.13088 -0.01448
0.14222 -0.016660
0.15339 -0.01872
0.164390 -0.02062
0.17524 -0.02234
0.18596 -0.02388
0.19656 -0.02521
0.2070600 -0.02632
0.21748 -0.02721
0.22784 -0.02787
0.23815 -0.02829
0.24842 -0.02847
0.25866 -0.02841
0.26885 -0.02811
0.27898 -0.02757
0.289 -0.02678
0.29884 -0.02576
0.30834 -0.02453
0.31729 -0.02312
0.32544 -0.02156
0.33262 -0.01991
0.338790 -0.01818
0.34403 -0.01639
0.34845 -0.01457
0.35301 -0.01233
-Inserting Flap s1223rtl-
0.46418 0.06224
0.463790 0.0613
0.46321 0.05993
0.46246 0.05851
0.46146 0.05702
0.46018 0.05539
0.45857 0.05354
0.45663 0.05147
0.45438 0.0492
0.45188 0.04679
0.44921 0.04431
0.44642 0.041810
0.44356 0.03932
0.44067 0.03688
0.43774 0.03448
0.43477 0.03214
0.43177 0.02985
0.4287100 0.02760
0.42558 0.02538
0.42237 0.02317
0.41907 0.02095
0.41569 0.01872
0.41226 0.01647
0.4088 0.01422
0.40536 0.012
0.40199 0.00985
0.39873 0.0078
0.39565 0.005930
0.39275 0.00426
0.39002 0.00281
0.38740 0.00158
0.38487 0.00055
0.3824 -0.0003
0.37997 -0.00097
0.37757 -0.00147
0.3752 -0.0018
0.37288 -0.00197
0.37062 -0.00198
0.36847 -0.00186
0.36646 -0.00163
0.36465 -0.00131
0.363060 -0.00095
0.36169 -0.00055
0.36053 -0.00015
0.35954 0.00027
0.3587 0.00069
0.35797 0.00111
0.35735 0.00152
0.35682 0.00192
0.3563700 0.00232
0.35598 0.002720
0.35566 0.00311
0.3554 0.0035
0.355200 0.0039
0.35509 0.00434
0.35514 0.004790
0.355350 0.00522
0.3557 0.0056
0.35613 0.00597
0.356660 0.00634
0.35727 0.00672
0.35801 0.00715
0.35890 0.00763
0.36 0.00819
0.36138 0.00887
0.36314 0.00969
0.36538 0.010690
0.36809 0.01185
0.37116 0.0131
0.37449 0.01436
0.37805 0.01564
0.38181 0.01695
0.3857 0.01829
0.38964 0.01964
0.39358 0.02098
0.39746 0.02233
0.40127 0.02367
0.40501 0.02503
0.40867 0.0264
0.41225 0.02779
0.41576 0.02922
0.41919 0.0307
0.42256 0.03222
0.42587 0.03379
0.42912 0.03542
0.43231 0.03712
0.43544 0.03888
0.43852 0.0407
0.441550 0.0426
0.44451 0.04455
0.4474 0.04656
0.45019 0.04861
0.45285 0.05066
0.4553 0.05267
0.45749 0.05458
0.45936 0.05635
0.46092 0.05796
0.46219 0.05943
0.4632 0.06076
0.46418 0.06224
-Inserting Flap s1223rtl-
0.53769 0.16467
0.53749 0.16367
0.53721 0.16221
0.53676 0.16067
0.53608 0.15901
0.53516 0.15714
0.533960 0.15501
0.532480 0.15259
0.53073 0.14991
0.52877 0.14705
0.52666000 0.14408
0.52443 0.14107
0.52214 0.13805
0.51979 0.13507
0.51741 0.13213
0.514980 0.12924
0.5125 0.12639
0.509950 0.12357
0.50734 0.12076
0.50464 0.11795
0.50186 0.11511
0.49901 0.11224
0.4961 0.10934
0.49316 0.10644
0.49024 0.103570
0.48738 0.10078
0.48461 0.09812
0.48196 0.09566
0.47946 0.09344
0.477080 0.09147
0.47477 0.08973
0.4725 0.08821
0.47025 0.08688
0.4680 0.08573
0.46575 0.08476
0.4635 0.08396
0.46126 0.08332
0.45906 0.08285
0.45692 0.08253
0.45491 0.08236
0.45307 0.0823
0.45144 0.08234
0.45002 0.08244
0.4488 0.08261
0.44775 0.08282
0.446830 0.08306
0.44604 0.08332
0.44535 0.08360
0.44475 0.08389
0.44422 0.084180
0.44376 0.08449
0.44337 0.08481
0.44303 0.08514
0.44276 0.08550
0.44257 0.0859
0.44252 0.08636
0.44264 0.08682
0.44290 0.08726
0.44326 0.08771
0.44369 0.08817
0.44422 0.08868
0.44486 0.08924
0.44563 0.0899
0.44659 0.09067
0.4478 0.09161
0.44937 0.092770
0.45136 0.0942
0.45378 0.09589
0.45653 0.09773
0.45954 0.09964
0.46277 0.10161
0.46618 0.10366
0.46972 0.10575
0.47331 0.10787
0.47689 0.10998
0.4804200 0.11209
0.48388 0.11418
0.48727 0.11626
0.49057 0.11834
0.4938 0.12043
0.496950 0.12254
0.50001 0.12468
0.503010 0.12685
0.50593 0.12906
0.50878 0.13131
0.51156 0.133620
0.51427 0.13597
0.51692 0.13839
0.5195 0.14085
0.522 0.14337
0.52443 0.14592
0.52675 0.14849
0.52893 0.15103
0.53093 0.1535
0.53268 0.15581
0.53416 0.15792
0.53536 0.15982
0.53631 0.16151
0.537030 0.16302
0.53769 0.16467
*.*.Setup: s1223rtl.txt as Flap 1, Inverted: y, Scale = 1.0, AoA = -2.0, Reposition from (0,0) = (0, 0)*.*.
*.*.Setup: s1223rtl.txt as Flap 2, Inverted: y, Scale = 0.35, AoA = 28.333333333333332, Reposition from previous T.E. = (0.0067, 0.045), Reposition from (0,0) = (1.0061, 0.0101)*.*.
*.*.Setup: s1223rtl.txt as Flap 3, Inverted: y, Scale = 0.35, AoA = 40.0, Reposition from previous T.E. = (-0.06, 0.065), Reposition from (0,0) = (1.2541, 0.2412)*.*.
*.*.Setup: Scale Ratio = 0.35322*.*.