0.36081 -0.0126
0.35843 -0.01439
0.35496 -0.01699
0.35098 -0.019470
0.34626 -0.02174
0.34061 -0.02397
0.33383 -0.02626
0.32589 -0.028630
0.31688 -0.03102
0.307030 -0.0334
0.29663 -0.03571
0.28592 -0.0379
0.275050 -0.03996
0.26413 -0.04185
0.25321 -0.04357
0.242290 -0.0451
0.231340 -0.046430
0.22031 -0.04759
0.20915 -0.04857
0.19779 -0.04942
0.18621 -0.05015
0.17441 -0.05079
0.16243 -0.05139
0.15039 -0.05196
0.13845 -0.05248
0.12678 -0.052940
0.11557 -0.0532900
0.10502 -0.053460
0.095250 -0.0534
0.08623 -0.05301
0.07783 -0.052270
0.06993 -0.05114
0.06245 -0.04963
0.05533 -0.04773
0.04854 -0.04544
0.04209 -0.04278
0.03599 -0.0397900
0.030280 -0.0365
0.02502 -0.03301
0.02031 -0.02946
0.016210 -0.026
0.01274 -0.02273
0.00988 -0.01973
0.00755 -0.016980
0.00567 -0.01447
0.00416 -0.0121700
0.00296 -0.01005
0.002 -0.0081
0.00125 -0.0063
0.00069 -0.00462
0.0003 -0.00306
7e-05 -0.00159
-0.000029 -0.00022
9e-05 0.00109
0.00046 0.00234
0.00124 0.003420
0.00241 0.00418
0.00385 0.00464
0.005480 0.00491
0.00734 0.00507
0.009470 0.00513
0.01196 0.00512
0.01491 0.005030
0.0185 0.00483
0.02297 0.00449
0.02864 0.00396
0.03576 0.00318
0.044300 0.002110
0.05386 0.00072
0.06413 -0.001
0.075 -0.00303
0.08641 -0.00528
0.09817 -0.00764
0.1101 -0.01006
0.122 -0.01246
0.13377 -0.0148
0.14536 -0.017030
0.15678 -0.01913
0.168030 -0.02107
0.17912 -0.02284
0.19007 -0.0244
0.2009 -0.02576
0.2116300 -0.0269
0.22229 -0.02781
0.23288 -0.02848
0.24342 -0.02892
0.25391 -0.0291
0.26437 -0.02904
0.27479 -0.02873
0.28514 -0.02818
0.29539 -0.02737
0.30545 -0.02633
0.31516 -0.02507
0.3243 -0.02363
0.33263 -0.02204
0.33997 -0.02035
0.346280 -0.01858
0.35163 -0.01675
0.35616 -0.01489
0.36081 -0.0126
-Inserting Flap s1223rtl-
0.45469 0.07973
0.4544 0.078730
0.45398 0.07727
0.45339 0.0757400
0.45255 0.07411
0.451440 0.0723
0.45003 0.07023
0.44830 0.06790
0.44629 0.06533
0.44404 0.06259
0.44162 0.059760
0.43908 0.05689
0.436480 0.05402
0.43383 0.05119
0.43114 0.04841
0.42841 0.04569
0.42563 0.04301
0.42279 0.04036
0.41987 0.03773
0.41688 0.035110
0.41379 0.03246
0.41063 0.02979
0.40741 0.0271
0.40416 0.02441
0.40094 0.02175
0.39777 0.01916
0.394710 0.0167
0.3918 0.01443
0.38905 0.01239
0.38645 0.0106
0.38395 0.00904
0.3815 0.0076900
0.37909 0.00654
0.3767 0.00557
0.37432 0.00478
0.37196 0.00416
0.36962 0.00372
0.36733 0.00343
0.36513 0.00330
0.36306 0.0033
0.361190 0.0034
0.35953 0.00359
0.3581 0.003820
0.356870 0.0041
0.35581 0.00441
0.35491 0.004730
0.35412 0.00507
0.35345 0.00541
0.35286 0.00576
0.35235 0.00611
0.351910 0.00647
0.35153 0.00683
0.35122 0.00719
0.35098 0.00758
0.35082 0.00801
0.35081 0.00847
0.35098 0.00893
0.35128 0.00936
0.35168 0.00979
0.35217 0.01022
0.35275 0.01069
0.35344 0.01121
0.35429 0.0118
0.355330 0.0125
0.35666 0.013350
0.35835 0.0144
0.36051 0.01568
0.36312 0.01718
0.36609 0.0188
0.36932 0.02048
0.37278 0.02221
0.37645 0.023980
0.38023 0.0258
0.38408 0.02764
0.38791 0.02947
0.39169 0.0313
0.3954 0.03312
0.39903 0.03493
0.40259 0.03676
0.40606 0.0386
0.40945 0.04047
0.4127600 0.04237
0.416 0.04431
0.41917 0.04631
0.42228 0.04835
0.42531 0.05045
0.42829 0.0526
0.4312 0.05482
0.43404 0.05711
0.43682 0.05944
0.43951 0.06183
0.44211 0.06423
0.44456 0.06663
0.44681 0.06896
0.4488 0.07116
0.4505 0.07318
0.45189 0.075
0.453 0.07664
0.45387 0.07811
0.45469 0.07973
-Inserting Flap s1223rtl-
0.53654 0.17207
0.53625 0.17107
0.53583 0.16961
0.53523 0.16808
0.5344 0.16645
0.53328 0.16463
0.53187 0.16257
0.53015 0.16023
0.52814 0.15766
0.52589 0.15493
0.52346 0.15209
0.52093 0.14922
0.51833 0.14636
0.51567 0.14353
0.51298 0.14075
0.510250 0.13802
0.50747 0.13534
0.50463 0.13269
0.50172 0.13007
0.49872 0.12744
0.49564 0.1248
0.49248 0.12213
0.48926 0.11944
0.48601 0.11675
0.482780 0.11408
0.47962 0.1115
0.47656 0.109040
0.47364 0.10677
0.4709 0.10473
0.4683 0.10293
0.465790 0.101370
0.46335 0.10002
0.46094 0.09887
0.45855 0.0979
0.45617 0.09711
0.4538 0.0965
0.45147 0.09605
0.44918 0.095770
0.44698 0.09563
0.44491 0.09563
0.44303 0.095740
0.44138 0.09592
0.43995 0.09616
0.43872 0.096430
0.43766 0.09674
0.43675 0.09707
0.435970 0.0974
0.43529 0.09775
0.4347 0.09809
0.434190 0.09844
0.43376 0.0988
0.43338 0.09916
0.43307 0.09953
0.43282 0.09991
0.43266 0.10034
0.43265 0.10081
0.43282 0.10127
0.43313 0.1017
0.43353 0.10212
0.43401 0.102550
0.43459 0.10302
0.43529 0.10354
0.43614 0.10414
0.43718 0.10484
0.4385 0.10568
0.44020 0.10673
0.44235 0.10801
0.44496 0.10951
0.447930 0.11114
0.45116 0.11282
0.45463 0.11454
0.45829 0.11632
0.46208 0.11813
0.46592 0.1199700
0.46975 0.12181
0.47354 0.12363
0.47725 0.12545
0.48088 0.12727
0.48443 0.12909
0.4879 0.13094
0.4913 0.1328
0.49461 0.13471
0.49785 0.13665
0.50102 0.13864
0.504120 0.14068
0.50716 0.14278
0.51013 0.144940
0.51304 0.14716
0.51589 0.14944
0.51867 0.15178
0.52136 0.15416
0.523950 0.156570
0.5264 0.15896
0.52865 0.1613
0.53065 0.16349
0.53234 0.16551
0.53373 0.16734
0.53484 0.16897
0.53572 0.17045
0.53654 0.17207
*.*.Setup: s1223rtl.txt as Flap 1, Inverted: y, Scale = 1.0, AoA = -2.0, Reposition from (0,0) = (0, 0)*.*.
*.*.Setup: s1223rtl.txt as Flap 2, Inverted: y, Scale = 0.35, AoA = 35.0, Reposition from previous T.E. = (-0.0267, 0.055), Reposition from (0,0) = (0.9727, 0.0201)*.*.
*.*.Setup: s1223rtl.txt as Flap 3, Inverted: y, Scale = 0.35, AoA = 35.0, Reposition from previous T.E. = (-0.06, 0.055), Reposition from (0,0) = (1.1994, 0.2759)*.*.
*.*.Setup: Scale Ratio = 0.36103*.*.