0.3587 0.01253
0.35647 0.01059
0.35321 0.00777
0.34943 0.00503
0.34491 0.00245
0.33946 -0.00015
0.3329 -0.00289
0.32518 -0.005790
0.31641 -0.00879
0.30681 -0.01183
0.29666 -0.014840
0.28618 -0.01776
0.27555 -0.02056
0.26485 -0.02319
0.25414 -0.02565
0.24342 -0.02792
0.2326500 -0.03
0.22179 -0.03191
0.21079 -0.03367
0.19959 -0.03529
0.18815 -0.03682
0.17649 -0.03828
0.16465 -0.0397
0.15275 -0.0411
0.14095 -0.04245
0.1294 -0.04371
0.11831 -0.04483
0.1078600 -0.04574
0.09816 -0.04635
0.08919 -0.0466
0.08081 -0.04644
0.0729 -0.04587
0.06537 -0.04489
0.0581800 -0.0435
0.0513 -0.0417
0.04471 -0.03951
0.03845 -0.03696
0.03256 -0.0341
0.02711 -0.031
0.02218 -0.02781
0.01788 -0.02466
0.0142100 -0.02166
0.01117 -0.01888
0.00867 -0.01632
0.00663 -0.01396
0.00497 -0.01178
0.00363 -0.00976
0.00254 -0.0079
0.00168 -0.00616
0.00101 -0.00454
0.00051 -0.00301
0.00018 -0.00157
0.000013 -0.00022
0.000035 0.00108
0.00029 0.00236
0.00099 0.00348
0.0021 0.00431
0.003490 0.00487
0.0051 0.00525
0.006930 0.00553
0.00904 0.00575
0.0115 0.00591
0.01444 0.00602
0.01801 0.00607
0.022470 0.00605
0.02813 0.00591
0.03524 0.00563
0.04379 0.00517
0.05337 0.00445
0.06367 0.00345
0.07459 0.00219
0.08606 0.00076
0.09789 -0.00077
0.10989 -0.00234
0.12186 -0.0039
0.13369 -0.00540
0.14534 -0.00681
0.15681 -0.0081
0.1681 -0.009250
0.179220 -0.01023
0.19019 -0.01102
0.20103 -0.01162
0.21175 -0.012
0.22238 -0.01217
0.23293 -0.0121
0.24341 -0.0118
0.25383 -0.01125
0.2642 -0.01047
0.27451 -0.0094400
0.28474 -0.00817
0.29485 -0.006660
0.30475 -0.00493
0.31429 -0.00301
0.32326 -0.00094
0.33142 0.00121
0.33857 0.0034
0.34471 0.00559
0.34989 0.00777
0.35425 0.009930
0.3587 0.01253
-Inserting Flap s1223rtl-
0.44409 0.09463
0.443740 0.09365
0.44324 0.09223
0.44257 0.09074
0.441640 0.08917
0.44043 0.08744
0.43891 0.085470
0.43707 0.08325
0.43492 0.08082
0.43253 0.07823
0.42996 0.07556
0.42728 0.07285
0.42453 0.07016
0.42173 0.06751
0.4189 0.0649
0.41603 0.06236
0.41312 0.05986
0.41015 0.05739
0.40711 0.054950
0.40398 0.05252
0.40077 0.05007
0.39747 0.04761
0.39412 0.04513
0.39074 0.04264
0.38739 0.040180
0.38409 0.0378
0.38092 0.03554
0.37789 0.03345
0.37505 0.03159
0.37237 0.02996
0.36979 0.02855
0.36728 0.02735
0.36483 0.02635
0.3624 0.02553
0.359990 0.02488
0.35761 0.02441
0.35527 0.0241
0.35298 0.02395
0.35078 0.02394
0.34873 0.02406
0.34688 0.02428
0.345240 0.02455
0.34384 0.024870
0.34263 0.02522
0.3416 0.02558
0.34072 0.025960
0.33996 0.02634
0.33931 0.02672
0.33875 0.02710
0.33826 0.02747
0.33784 0.02785
0.33749 0.02823
0.33721 0.02861
0.33698 0.02901
0.3368500 0.02944
0.33687 0.02991
0.33706 0.03035
0.33739 0.03076
0.33781 0.03116
0.33832 0.03156
0.33892 0.03199
0.33964 0.032470
0.34052 0.033010
0.34159 0.03365
0.34296 0.03441
0.34470 0.03535
0.34691 0.0365
0.34959 0.03783
0.35263 0.039280
0.35593 0.04076
0.35947 0.04227
0.36321 0.04382
0.36707 0.0454
0.37099 0.047
0.3749 0.0486
0.37876 0.0502
0.382550 0.05179
0.38626 0.05338
0.38989 0.05499
0.39344 0.05661
0.39692 0.05827
0.40032 0.05997
0.40365 0.06171
0.40691 0.0635
0.4101 0.06535
0.41324 0.06726
0.41631 0.06923
0.41933 0.07126
0.42229 0.07336
0.42518 0.07552
0.42799 0.07773
0.4307 0.07997
0.43327 0.08221
0.43564 0.08439
0.43775 0.08646
0.43955 0.088360
0.441030 0.09009
0.44223 0.09166
0.443180 0.09306
0.44409 0.09463
-Inserting Flap s1223rtl-
0.5434 0.18283
0.54312 0.18184
0.5427 0.18039
0.542110 0.17887
0.54128 0.17725
0.54017 0.17544
0.53877 0.17339
0.53705 0.17107
0.535050 0.16851
0.53282 0.16579
0.53041 0.16297
0.52789 0.16012
0.5253 0.15727
0.52266 0.15446
0.51999 0.151690
0.51727 0.14898
0.51451 0.14632
0.511690 0.14369
0.50879 0.14108
0.50581 0.138470
0.502750 0.13584
0.4996 0.13318
0.4964 0.13051
0.49317 0.12783
0.48996 0.12519
0.48682 0.12261
0.48377 0.12017
0.48088 0.11791
0.47815 0.11588
0.47556 0.1141
0.47307 0.11255
0.47064 0.11121
0.46825 0.11006
0.46587 0.1091
0.4635 0.10832
0.46116 0.1077
0.458830 0.10726
0.45656 0.10698
0.45437 0.10684
0.45231 0.10684
0.45045 0.10695
0.4488 0.10713
0.44738 0.107360
0.44615 0.10764
0.44511 0.10795
0.4442 0.108270
0.44342 0.1086
0.44275 0.10895
0.44217 0.10929
0.44166 0.10964
0.44122 0.109990
0.44085 0.11035
0.4405400 0.11072
0.4403 0.1111
0.44014 0.11153
0.44013 0.11199
0.44029 0.11244
0.4406 0.11287
0.44099 0.11329
0.441480 0.11372
0.44206 0.11419
0.442750 0.11471
0.443590 0.1153
0.44463 0.11599
0.44594 0.116840
0.44763 0.11788
0.44977 0.11915
0.45237 0.12064
0.45532 0.12226
0.45853 0.12393
0.461980 0.12564
0.46562 0.12741
0.469380 0.12921
0.4732 0.13104
0.47701 0.13286
0.48077 0.134680
0.48446 0.13649
0.48807 0.13829
0.4916 0.14011
0.49506 0.14194
0.49843 0.1438
0.50172 0.14569
0.50494 0.14762
0.5081 0.149600
0.51118 0.15163
0.5142 0.153720
0.517150 0.15586
0.52005 0.15807
0.52288 0.16034
0.52564 0.16266
0.52832 0.16503
0.53089 0.167420
0.53333 0.1698100
0.53557 0.17212
0.53755 0.17431
0.53923 0.17632
0.54062 0.17813
0.54172 0.17976
0.54259 0.18122
0.5434 0.18283
*.*.Setup: s1223rtl.txt as Flap 1, Inverted: y, Scale = 1.0, AoA = 2.0, Reposition from (0,0) = (0, 0)*.*.
*.*.Setup: s1223rtl.txt as Flap 2, Inverted: y, Scale = 0.35, AoA = 31.666666666666668, Reposition from previous T.E. = (-0.06, 0.045), Reposition from (0,0) = (0.9394, 0.0799)*.*.
*.*.Setup: s1223rtl.txt as Flap 3, Inverted: y, Scale = 0.35, AoA = 35.0, Reposition from previous T.E. = (-0.01, 0.045), Reposition from (0,0) = (1.2273, 0.3086)*.*.
*.*.Setup: Scale Ratio = 0.35892*.*.