0.33426 0.01167
0.33217 0.00987
0.32914 0.00724
0.32562 0.00469
0.32141 0.00228
0.31632 -0.00014
0.31021 -0.0027
0.30302 -0.005390
0.29485 -0.00819
0.2859 -0.01103
0.27644 -0.013830
0.26668 -0.01655
0.25677 -0.01916
0.2468 -0.02161
0.23682 -0.0239
0.22683 -0.02602
0.216800 -0.02796
0.20668 -0.02974
0.19642 -0.03137
0.18598 -0.03289
0.17533 -0.03431
0.16446 -0.03567
0.15343 -0.037
0.14234 -0.0383
0.13134 -0.03956
0.12058 -0.04073
0.11025 -0.04178
0.1005100 -0.04262
0.09147 -0.04319
0.08311 -0.04342
0.0753 -0.04328
0.06793 -0.04275
0.06092 -0.04183
0.0542200 -0.04053
0.0478 -0.03886
0.04167 -0.03682
0.03583 -0.03444
0.03034 -0.03177
0.02526 -0.02889
0.02067 -0.02592
0.01666 -0.02298
0.0132400 -0.02019
0.01041 -0.01759
0.00808 -0.01521
0.00618 -0.01301
0.00463 -0.01097
0.00338 -0.0091
0.00237 -0.00736
0.00156 -0.00574
0.00094 -0.00423
0.00048 -0.00281
0.00016 -0.00147
0.000013 -0.0002
0.000035 0.00101
0.00027 0.0022
0.00092 0.00324
0.00196 0.00402
0.003250 0.00453
0.00475 0.00489
0.006460 0.00516
0.00842 0.00536
0.01072 0.00551
0.01345 0.00561
0.01678 0.00566
0.020940 0.00563
0.02621 0.00551
0.03284 0.00525
0.0408 0.00481
0.04973 0.00415
0.05933 0.00322
0.06951 0.00205
0.0802 0.00071
0.09122 -0.00072
0.1024 -0.00218
0.11355 -0.00363
0.12458 -0.005030
0.13544 -0.00634
0.14613 -0.00755
0.15664 -0.008620
0.167010 -0.00953
0.17723 -0.01027
0.18733 -0.01083
0.19732 -0.01119
0.20723 -0.01134
0.21706 -0.01127
0.22682 -0.01099
0.23653 -0.01049
0.2462 -0.00976
0.2558 -0.008800
0.26534 -0.00761
0.27476 -0.006210
0.28398 -0.0046
0.29287 -0.00281
0.30123 -0.00088
0.30883 0.00113
0.3155 0.00317
0.32121 0.00521
0.32605 0.00724
0.3301 0.009250
0.33426 0.01167
-Inserting Flap s1223rtl-
0.44353 0.09387
0.44326 0.09294
0.44287 0.091590
0.44232 0.09017
0.44154 0.08866
0.44051 0.086980
0.43921 0.08506
0.43761 0.0829
0.43574 0.08052
0.43366 0.07799
0.431420 0.07536
0.42907 0.0727
0.42666 0.07005
0.42420 0.06743
0.42171 0.06485
0.41918 0.06233
0.4166 0.05984
0.41397 0.05739
0.41127 0.05496
0.4085 0.05252
0.405640 0.05007
0.40271 0.0476
0.39973 0.04511
0.39672 0.04262
0.39373 0.04015
0.3908 0.03775
0.38796 0.03548
0.38526 0.03337
0.38272 0.03148
0.38031 0.02982
0.37799 0.02837
0.37572 0.02712
0.37349 0.02606
0.37128 0.02516
0.36907 0.02443
0.36688 0.02386
0.36472 0.02344
0.3626 0.02318
0.36056 0.02306
0.35864 0.02306
0.3569 0.02315
0.355370 0.02332
0.35404 0.02354
0.3529 0.0238
0.35193 0.02408
0.35109 0.02439
0.35036 0.0247
0.34973 0.02501
0.34919 0.02534
0.34872 0.02566
0.34831 0.02599
0.347960 0.02632
0.347680 0.02666
0.34745 0.02702
0.3473 0.02742
0.34729 0.02785
0.34744 0.028280
0.34773 0.02867
0.34810 0.02907
0.34855 0.02947
0.349090 0.0299
0.34973 0.03038
0.35051000 0.03093
0.35148 0.03158
0.35271 0.03237
0.35428 0.03334
0.35627 0.03453
0.35869 0.035910
0.36144 0.03742
0.36444 0.03898
0.36765 0.04057
0.371040 0.04222
0.37455 0.04390
0.37811 0.0456
0.38166 0.0473
0.38516 0.04899
0.3886 0.05068
0.39197 0.052360
0.39526 0.05405
0.39847 0.055760
0.40162 0.05749
0.40469 0.05925
0.40769 0.06105
0.41062 0.0629
0.4135 0.06479
0.41631 0.06673
0.41907 0.06873
0.42176 0.07079
0.4244 0.0729
0.42697 0.07507
0.42947 0.07728
0.43187 0.07951
0.43414 0.08173
0.43622 0.08389
0.43807 0.08592
0.43964 0.08779
0.44093 0.08948
0.44196 0.091
0.442770 0.092360
0.44353 0.09387
-Inserting Flap s1223rtl-
0.546580 0.18751
0.54639 0.18656
0.54612 0.185180
0.5457 0.18372
0.54506 0.18215
0.54418 0.18038
0.54304 0.17836
0.54164 0.17607
0.539990 0.17354
0.53813 0.17083
0.53613 0.168020
0.53402 0.16516
0.53185 0.16231
0.52963 0.15948
0.52737 0.1567
0.52507 0.15396
0.52272 0.151270
0.52032 0.1486
0.51784 0.145940
0.51529 0.14327
0.51265 0.14058
0.50995 0.13786
0.50719 0.13512
0.50442 0.13237
0.50165 0.12965
0.49894 0.12701
0.49631 0.1245
0.49381 0.12216
0.49144 0.12006
0.48918 0.1182
0.487 0.116550
0.484850 0.11511
0.48272 0.11385
0.48059 0.11277
0.47846 0.11185
0.47633 0.11109
0.47421 0.11048
0.47212 0.11004
0.4701 0.1097400
0.46819 0.10957
0.46645 0.10951
0.46491 0.10955
0.46357 0.10965
0.46241 0.10981
0.46141 0.11001
0.46055 0.11023
0.4598 0.11048
0.45914 0.110740
0.45857 0.11102
0.45807 0.1113
0.45764 0.11159
0.45727 0.11189
0.45695 0.11221
0.45669 0.11254
0.45651 0.11293
0.45646 0.11336
0.45658 0.11379
0.45682 0.11421
0.45716 0.11464
0.45757 0.11508
0.45807 0.11555
0.45867 0.11609
0.45941 0.11671
0.460310 0.11744
0.46147 0.11833
0.46295 0.119430
0.46483 0.120790
0.46712 0.12238
0.46973 0.12412
0.47257 0.12593
0.47563 0.12780
0.478870 0.12974
0.482220 0.131720
0.48562 0.13373
0.48901 0.13573
0.49235 0.13772
0.49563 0.1397
0.49883 0.14167
0.50196 0.14364
0.50502 0.14562
0.508 0.14762
0.5109 0.14964
0.51374 0.1517
0.5165 0.15379
0.5192 0.15592
0.521830 0.15811
0.5244 0.16034
0.52691 0.16262
0.52935 0.16496
0.53173 0.16734
0.53402 0.16975
0.53622 0.17219
0.53829 0.1746
0.54018 0.17693000
0.54184 0.17912
0.54324 0.18112
0.54437 0.18291
0.54527 0.18452
0.54596 0.18594
0.546580 0.18751
*.*.Setup: s1223rtl.txt as Flap 1, Inverted: y, Scale = 1.0, AoA = 2.0, Reposition from (0,0) = (0, 0)*.*.
*.*.Setup: s1223rtl.txt as Flap 2, Inverted: y, Scale = 0.35, AoA = 35.0, Reposition from previous T.E. = (0.04, 0.045), Reposition from (0,0) = (1.0394, 0.0799)*.*.
*.*.Setup: s1223rtl.txt as Flap 3, Inverted: y, Scale = 0.35, AoA = 40.0, Reposition from previous T.E. = (0.04, 0.055), Reposition from (0,0) = (1.3661, 0.3357)*.*.
*.*.Setup: Scale Ratio = 0.33446*.*.