0.36388 -0.03064
0.36308 -0.031390
0.36149 -0.03284
0.359120 -0.03497
0.35612 -0.03764
0.352650 -0.04064
0.34886 -0.04378
0.34491 -0.04687
0.34095 -0.049750
0.337 -0.05241
0.33305 -0.05489
0.32911 -0.057220
0.32517 -0.059430
0.32124 -0.06154
0.31731 -0.06356
0.31338 -0.06551
0.30945 -0.06737
0.30553 -0.06917
0.30161 -0.07089
0.29769 -0.07255
0.29377 -0.07415
0.28986 -0.07569
0.28595 -0.07717
0.28204 -0.07859
0.27813 -0.07996
0.27422 -0.08127
0.27032 -0.08252
0.26642 -0.08371
0.26252 -0.08483
0.25862 -0.08589
0.25472 -0.0869
0.25083 -0.08787
0.24694 -0.08881
0.24304 -0.08972
0.23915 -0.09061
0.23526 -0.09146
0.23137 -0.09227
0.22749 -0.09303
0.2236 -0.09374
0.21972 -0.0944
0.21583 -0.09501
0.21195 -0.09558
0.20807 -0.0961
0.2042 -0.09658
0.20032 -0.09702
0.19645 -0.097420
0.192570 -0.09778
0.1887 -0.0981
0.18483 -0.09839
0.18096 -0.09864
0.17709 -0.09885
0.17323 -0.09902
0.16936 -0.09914
0.1655 -0.099220
0.16164 -0.09925
0.15778 -0.09923
0.15392 -0.09917
0.15006 -0.09907
0.14621 -0.09891
0.14235 -0.09871
0.1385 -0.09846
0.13465 -0.09816
0.1308 -0.09781
0.12696 -0.09741
0.12311 -0.09696
0.11927 -0.09647
0.11543 -0.09593
0.11159 -0.09536
0.10775 -0.0947600
0.10391 -0.09411
0.10007 -0.0934
0.09624 -0.09262
0.09241 -0.09177
0.08858 -0.09083
0.08476 -0.0898
0.08093 -0.08868
0.07712 -0.087480
0.0733 -0.08618
0.06949 -0.0848
0.06568 -0.08332
0.06188 -0.081710
0.05808 -0.07998
0.05428 -0.0781
0.05049 -0.07606
0.046710 -0.07386
0.04293 -0.0715
0.03916 -0.069
0.03539 -0.06635
0.03163 -0.06354
0.02787 -0.06052
0.02413 -0.05720
0.02039 -0.05352
0.01668 -0.04938
0.013 -0.04477
0.0095 -0.03980
0.0063 -0.03467
0.00358 -0.02955
0.00146 -0.02462
7e-05 -0.02004
-0.00043 -0.01240
0.00044 -0.00954
0.00206 -0.00746
0.00439 -0.00622
0.00732 -0.00571
0.01068 -0.0058
0.01435 -0.00633
0.01815 -0.00716
0.02198 -0.008160
0.0258 -0.00931
0.02961 -0.0106
0.03343 -0.01201
0.03723 -0.01355
0.04104 -0.01519
0.04483 -0.01694
0.04863 -0.01877
0.05243 -0.020670
0.05622 -0.02263
0.06001 -0.02462
0.0638 -0.02665
0.06759 -0.0287
0.07138 -0.03075
0.07517 -0.03280
0.07895 -0.03484
0.08274 -0.03686
0.08654 -0.03885
0.09033 -0.04082
0.09412 -0.04276
0.09791 -0.04466
0.10171 -0.04653
0.10551 -0.04836
0.1093 -0.05014
0.1131 -0.05189
0.11691 -0.05359
0.12071 -0.05525
0.12451 -0.05686
0.12832 -0.05843
0.13213 -0.05995
0.13593 -0.061420
0.13975 -0.06285
0.14356 -0.06422
0.14737 -0.06554
0.15119 -0.06681
0.15501 -0.06802
0.15883 -0.06918
0.16265 -0.07028
0.16647 -0.07132
0.17030 -0.07231
0.17413 -0.07323
0.17796 -0.07409
0.18179 -0.07490
0.18562 -0.07567
0.18946 -0.07638
0.1933 -0.07706
0.19714 -0.07768
0.20098 -0.07825
0.20482 -0.07876
0.20866 -0.07921
0.21251 -0.07958
0.21636 -0.07988
0.22022 -0.08010
0.22407 -0.08026
0.22793 -0.08035
0.23179 -0.080360
0.23565 -0.0803100
0.239510 -0.08019
0.24338 -0.079990
0.24725 -0.07972
0.25113 -0.07937
0.255 -0.07893
0.25888 -0.07842
0.26276 -0.07782
0.26665 -0.07714
0.27053 -0.07637
0.27442 -0.07551
0.27832 -0.07456
0.28221 -0.07351
0.28612 -0.07236
0.29002 -0.0711
0.29393 -0.06975
0.2978400 -0.0683
0.30175 -0.06676
0.30567 -0.06514
0.30959 -0.06344
0.31351 -0.06167
0.31744 -0.05982
0.32137 -0.05789
0.32530 -0.0559
0.32923 -0.05383
0.33317 -0.05166
0.3371 -0.04939
0.34105 -0.04698
0.345 -0.04443
0.34893 -0.04173
0.3527 -0.03902
0.35616 -0.03646
0.35915 -0.03419
0.36151 -0.03238
0.36309 -0.03116
0.36388 -0.03064
-Inserting Flap Ga2-
0.44028 0.03197
0.44024 0.03176
0.440160 0.03133
0.44004 0.03071
0.43988 0.02992
0.43969 0.02902
0.43946 0.02806
0.43921 0.0271
0.43892 0.02616
0.43861 0.02526
0.43828 0.02439
0.43793 0.02354
0.437560 0.02271
0.43719 0.0219
0.43681 0.02111
0.43641 0.02032
0.43601 0.01955
0.4356 0.01879
0.43518 0.01805
0.43475 0.01731
0.43432 0.01658
0.43388 0.01587
0.43343 0.01516
0.43298 0.01446
0.43252 0.01377
0.43206 0.01309
0.431580 0.01242
0.4311 0.01176
0.43061 0.01112
0.43012 0.01048
0.42962 0.00985
0.429110 0.00922
0.4286 0.0086
0.42809 0.00799
0.42758 0.00738
0.42706 0.00678
0.42653 0.006180
0.426 0.00559
0.42547 0.00501
0.42493 0.00443
0.42438 0.00387
0.42383 0.003310
0.42327 0.00276
0.42271 0.00222
0.422150 0.00168
0.42158 0.00115
0.421 0.00063
0.42042 0.00011
0.41984 -0.000400
0.41925 -0.00091
0.41866 -0.00141
0.41806 -0.0019
0.41746 -0.00238
0.41685 -0.00286
0.41624 -0.00333
0.415620 -0.00379
0.414990 -0.00425
0.41437 -0.00469
0.41373 -0.00513
0.41309 -0.00557
0.41245 -0.00599
0.41179 -0.00640
0.41114 -0.00681
0.410480 -0.00721
0.40981 -0.0076
0.40913 -0.00799
0.40846 -0.008360
0.40777 -0.00873
0.40709 -0.0091
0.4064 -0.009460
0.4057 -0.00981
0.40499 -0.01014
0.404280 -0.01047
0.40355 -0.01078
0.40282 -0.01108
0.40207 -0.01136
0.40132 -0.01162
0.40055 -0.01188
0.39978 -0.01211
0.39899 -0.01234
0.39819 -0.01254
0.39738 -0.01272
0.396540 -0.01287
0.39569 -0.013
0.39482 -0.01311
0.39394 -0.01319
0.39303 -0.01324
0.39211 -0.01327
0.39117 -0.01328
0.39021 -0.01325
0.38921 -0.01317
0.38817 -0.01303
0.38708 -0.01281
0.38594 -0.01252
0.384780 -0.01215
0.38365 -0.01171
0.3826 -0.01122
0.38167 -0.010690
0.3809 -0.01013
0.3799 -0.00897
0.37969 -0.00840
0.3797 -0.00788
0.379920 -0.0074
0.38033 -0.00696
0.38088 -0.00657
0.38153 -0.00622
0.38223 -0.00589
0.38297 -0.00559
0.38371 -0.00532
0.38448 -0.00506
0.38526 -0.00483
0.38605 -0.00462
0.386860 -0.004420
0.3876700 -0.00424
0.3885 -0.00408
0.38933 -0.003920
0.39018 -0.00378
0.39102 -0.00364
0.391870 -0.00351
0.39272 -0.00338
0.39357 -0.00325
0.39443 -0.00313
0.395280 -0.00299
0.39613 -0.00286
0.39697 -0.00272
0.39781 -0.00258
0.39865 -0.00243
0.39949 -0.00228
0.40032 -0.002120
0.40114 -0.00196
0.40197 -0.00179
0.40278 -0.00161
0.4036 -0.00142
0.4044 -0.001230
0.4052 -0.00103
0.406 -0.00082
0.40679 -0.00061
0.40758 -0.00038
0.40836 -0.00015
0.40913 9e-05
0.4099 0.00034
0.41066 0.00059
0.41142 0.00086
0.41217 0.00113
0.41291 0.00142
0.41365 0.00171
0.41438 0.00202
0.4151 0.00233
0.41582 0.00265
0.41652 0.002980
0.41723 0.00332
0.41793 0.00367
0.41862 0.00402
0.41931 0.00439
0.41999 0.00476
0.42067 0.005140
0.42134 0.00553
0.42199 0.00593
0.42265 0.00635
0.42329 0.00678
0.42392 0.00722
0.42455 0.00767
0.42517 0.00813
0.42578 0.0086
0.426380 0.00909
0.42698 0.00958
0.42756 0.01009
0.42814 0.01062
0.4287 0.01115
0.42926 0.01170
0.42981 0.01226
0.43035 0.01284
0.43088 0.01343
0.43139 0.01404
0.4319 0.01466
0.4324 0.01529
0.43288 0.01595
0.43335 0.01662
0.43382 0.0173
0.43427 0.01801
0.43471 0.01872
0.43514 0.01945
0.43556 0.0202
0.43597 0.02095
0.43638 0.02172
0.43677 0.02250
0.437160 0.02329
0.43754 0.0241
0.43791 0.02492
0.43826 0.02575
0.4386 0.02661
0.43893 0.0275
0.43923 0.0284
0.43951 0.02929
0.43975 0.03011
0.43995 0.030830
0.44011 0.031410
0.44022 0.03179
0.44028 0.03197
-Inserting Flap Ga2-
0.49075 0.1029
0.49075 0.10268
0.4907500 0.10225
0.49073 0.1016100
0.49072 0.1008100
0.49068 0.09989
0.49062 0.09891
0.49054 0.09791
0.49042 0.09694
0.49027 0.096
0.490090 0.09508
0.48989 0.09419
0.48968 0.09331
0.48945 0.09245
0.48921 0.0916
0.48896 0.09076
0.48870 0.08993
0.48843 0.08911
0.48814 0.0883
0.48785 0.0875
0.48755 0.08671
0.48724 0.08593
0.48693 0.08516
0.4866 0.08439
0.48627 0.08363
0.48593 0.08288
0.485580 0.08214
0.48522 0.08141
0.48485 0.08068
0.48447 0.07997
0.48409 0.07926
0.4837 0.07856
0.48331 0.07786
0.48291 0.07717
0.48251 0.076480
0.4821 0.07579
0.48169 0.075110
0.48127 0.07444
0.48084 0.07377
0.48041 0.07312
0.47997 0.07247
0.47953 0.07182
0.47907 0.07118
0.478610 0.07055
0.47815 0.06992
0.47768 0.0693
0.4772 0.068690
0.47672 0.06808
0.47624 0.06747
0.47575 0.06687
0.47525 0.06628
0.47475 0.06569
0.47424 0.06511
0.47372 0.06453
0.4732 0.06396
0.47267 0.06340
0.47214 0.06284
0.47159 0.06229
0.47105 0.06175
0.47049 0.06121
0.46993 0.06068
0.46936 0.06016
0.46878 0.05965
0.4682 0.05914
0.46761 0.05864
0.46701 0.05814
0.46641 0.057650
0.4658 0.05717
0.46519 0.056690
0.46457 0.05622
0.46395 0.05575
0.463310 0.0553
0.46266 0.05485
0.462 0.05442
0.46133 0.054
0.46065 0.0536
0.45995 0.0532
0.45924 0.05282
0.45852 0.05245
0.45778 0.0521
0.45703 0.05176
0.45626 0.05144
0.45546 0.05114
0.45465 0.05087
0.453810 0.05061
0.45295 0.05038
0.45207 0.05017
0.45117 0.04998
0.45024 0.04981
0.44929 0.0496800
0.44829 0.04958
0.44724 0.04954
0.44613 0.04956
0.44496 0.049650
0.44375 0.049810
0.44257 0.05005
0.44145 0.05035
0.44043 0.05071
0.43958 0.051130
0.43839 0.0521
0.43809 0.05262
0.43801 0.05314
0.43814 0.05365
0.438470 0.05415
0.43894 0.05463
0.43952 0.05509
0.44016 0.05553
0.44083 0.05596
0.44152 0.056360
0.44222 0.056740
0.442950 0.05711
0.44369 0.05745
0.44445 0.05778
0.44523 0.0581
0.44601 0.058410
0.44681 0.0587
0.44761 0.058990
0.448420 0.05927
0.449240 0.05955
0.45005 0.05983
0.45087 0.06010
0.45169 0.06037
0.4525 0.060650
0.45331 0.06093
0.45412 0.061210
0.45493 0.0615
0.455730 0.06179
0.45652 0.06208
0.45731 0.06239
0.4581 0.06269
0.458880 0.0630
0.45965 0.063320
0.46042 0.06364
0.46118 0.06397
0.46194 0.06431
0.46268 0.06465
0.46343 0.065
0.46416 0.0653600
0.46489 0.06572
0.46561 0.06609
0.46632 0.06647
0.46703 0.06686
0.46773 0.06725
0.46842 0.067650
0.4691 0.06806
0.46977 0.06848
0.47044 0.0689
0.4711 0.06934
0.471750 0.06978
0.47239 0.07023
0.47302 0.07069
0.47365 0.07115
0.47427 0.07162
0.474890 0.07209
0.47549 0.07258
0.47609 0.07307
0.47668 0.07357
0.47726 0.07408
0.477830 0.07461
0.47839 0.07514
0.47894 0.07568
0.47948 0.07623
0.48001 0.0768
0.48052 0.07737
0.48103 0.07795
0.48153 0.07854
0.482020 0.07915
0.4825 0.07976
0.48296 0.08039
0.48342 0.081020
0.48386 0.081670
0.48429 0.08234
0.48471 0.08301
0.48511 0.0837
0.4855 0.08439
0.48588 0.08511
0.48624 0.08584
0.48659 0.08658
0.48693 0.08733
0.48725 0.0881
0.48756 0.08889
0.48786 0.089680
0.48814 0.09048
0.48842 0.0913
0.48868 0.092130
0.48894 0.09296
0.48918 0.09381
0.48941 0.094670
0.48964 0.09554
0.48984 0.09643
0.490030 0.09733
0.49019 0.09826
0.490330 0.0992
0.49045 0.10012
0.490550 0.10098
0.49062 0.10172
0.49068 0.10232
0.49072 0.10271
0.49075 0.1029
*.*.Setup: Ga2.txt as Flap 1, Inverted: y, Scale = 1.0, AoA = -2.0, Reposition from (0,0) = (0, 0)*.*.
*.*.Setup: Ga2.txt as Flap 2, Inverted: y, Scale = 0.2, AoA = 35.0, Reposition from previous T.E. = (0.04, 0.065), Reposition from (0,0) = (1.0377, -0.019)*.*.
*.*.Setup: Ga2.txt as Flap 3, Inverted: y, Scale = 0.2, AoA = 45.0, Reposition from previous T.E. = (-0.01, 0.06), Reposition from (0,0) = (1.1971, 0.1477)*.*.
*.*.Setup: Scale Ratio = 0.36473*.*.