0.3444 -0.01203
0.34213 -0.01373
0.33882 -0.01622
0.33502 -0.018580
0.33052 -0.02075
0.32512 -0.02288
0.31865 -0.02507
0.31107 -0.027320
0.30247 -0.02961
0.293070 -0.03188
0.28315 -0.03408
0.27291 -0.03618
0.262540 -0.03814
0.25212 -0.03995
0.2417 -0.04159
0.231280 -0.04304
0.220820 -0.044320
0.2103 -0.04542
0.19964 -0.04636
0.1888 -0.04717
0.17774 -0.04787
0.16648 -0.04849
0.15504 -0.04906
0.14355 -0.0496
0.13215 -0.0501
0.12101 -0.050530
0.11031 -0.0508600
0.10024 -0.051030
0.090920 -0.05097
0.08231 -0.0506
0.07429 -0.049890
0.06675 -0.04882
0.05961 -0.04737
0.05281 -0.04556
0.04634 -0.04337
0.04018 -0.04084
0.03436 -0.0379800
0.02890 -0.03484
0.02389 -0.03151
0.01938 -0.02812
0.015470 -0.02482
0.01216 -0.0217
0.00943 -0.01883
0.00721 -0.016210
0.00542 -0.01381
0.00397 -0.0116100
0.00282 -0.00959
0.00191 -0.00773
0.0012 -0.00601
0.00066 -0.00441
0.00029 -0.00292
6e-05 -0.00152
-0.000029 -0.00021
8e-05 0.00104
0.00044 0.00224
0.00118 0.003270
0.0023 0.00399
0.00367 0.00443
0.005230 0.00469
0.00701 0.00484
0.009040 0.0049
0.01141 0.00489
0.01423 0.00480
0.01766 0.00461
0.02193 0.00429
0.02734 0.00378
0.03413 0.00304
0.0422800 0.002020
0.05141 0.00069
0.06121 -0.00096
0.07159 -0.00289
0.08248 -0.00504
0.09371 -0.00729
0.10509 -0.0096
0.11645 -0.0119
0.12769 -0.01412
0.13875 -0.016260
0.14965 -0.01826
0.160390 -0.02011
0.17097 -0.0218
0.18142 -0.02329
0.19176 -0.02459
0.2020100 -0.02568
0.21218 -0.02655
0.22229 -0.02719
0.23235 -0.0276
0.24237 -0.02778
0.25235 -0.02772
0.26229 -0.02743
0.27218 -0.02689
0.28196 -0.02613
0.29156 -0.02514
0.30083 -0.02393
0.30956 -0.02255
0.31751 -0.02104
0.32451 -0.01942
0.330530 -0.01773
0.33564 -0.01599
0.33996 -0.01422
0.3444 -0.01203
-Inserting Flap s1223rtl-
0.46084 0.07025
0.460510 0.06931
0.46003 0.06794
0.45938 0.06652
0.458490 0.06501
0.45733 0.063340
0.45587 0.06145
0.4541 0.05932
0.45204 0.05699
0.44974 0.0545
0.44728 0.05194
0.4447 0.04934
0.44206 0.04676
0.43938 0.044210
0.43666 0.04171
0.43391 0.039260
0.43111 0.03686
0.42826 0.0345
0.42534 0.03216
0.42233 0.02982
0.41925 0.02747
0.41609 0.0251
0.41287 0.02272
0.40963 0.02033
0.4064 0.01798
0.40324 0.01569
0.40019 0.01351
0.39729 0.0115100
0.39456 0.00972
0.39198 0.00816
0.38951 0.00681
0.3871 0.00566
0.38474 0.00469
0.38241 0.0039
0.38010 0.00328
0.37781 0.00283
0.37556 0.00253
0.37336 0.00239
0.37126 0.00238
0.36929 0.0025
0.36751 0.0027
0.365940 0.00297
0.36459 0.00327
0.36343 0.0036
0.36244 0.00395
0.3616 0.00431
0.36087 0.00468
0.36024 0.00504
0.3597 0.00541
0.35923 0.00577
0.35884 0.00613
0.3585 0.0065
0.35822 0.00686
0.35801 0.00725
0.3578800 0.00766
0.3579 0.00811
0.35808 0.00853
0.3584 0.00893
0.3588 0.00931
0.35929 0.0097
0.35987 0.01011
0.36056 0.01057
0.3614 0.01109
0.36244 0.01170
0.36374 0.01243
0.365420 0.01333
0.36754 0.01443
0.37011 0.01572
0.37303 0.0171
0.3762 0.01852
0.3796 0.01997
0.38319 0.02146
0.3869 0.02298
0.39066 0.02452
0.39442 0.02606
0.39812 0.02759
0.401760 0.02911
0.40532 0.03064
0.40881 0.0321900
0.41222 0.03375
0.41555 0.03534
0.41882 0.03697
0.42201 0.03864
0.42514 0.04036
0.42821 0.04214
0.43122 0.04397
0.43418 0.04586
0.43707 0.04781
0.43991 0.04983
0.44269 0.05190
0.44539 0.05402
0.44799 0.05617
0.45046 0.05832
0.45273 0.06042
0.45476 0.0624
0.45648 0.06423
0.457910 0.06589
0.45906 0.06739
0.459970 0.068750
0.46084 0.07025
-Inserting Flap s1223rtl-
0.53897 0.15838
0.53869 0.15743
0.53829 0.15603
0.537720 0.15457
0.53692 0.15302
0.53586 0.15129
0.53452 0.14931
0.53287 0.14708
0.530950 0.14463
0.5288 0.14202
0.52649 0.13931
0.52407 0.13657
0.52159 0.13384
0.51905 0.13114
0.51649 0.12849
0.51388 0.12588
0.51123 0.12332
0.508510 0.1208
0.50573 0.11829
0.50287 0.11578
0.499930 0.11326
0.49691 0.11071
0.49384 0.10815
0.49074 0.10557
0.48766 0.10303
0.48464 0.10056
0.48171 0.098220
0.47893 0.09605
0.47631 0.09410
0.47383 0.09239
0.47144 0.09090
0.46911 0.08961
0.46681 0.08851
0.46452 0.08759
0.46225 0.08684
0.46 0.08625
0.457770 0.08582
0.45558 0.085550
0.45348 0.08542
0.45151 0.08542
0.44972 0.085520
0.44814 0.0857
0.44677 0.08592
0.44559 0.0861900
0.44459 0.08648
0.44372 0.08679
0.44297 0.08711
0.44233 0.08744
0.44177 0.08777
0.44128 0.08811
0.44086 0.08844
0.4405 0.088790
0.4402100 0.08914
0.43997 0.08951
0.43982 0.08992
0.43981 0.09036
0.43997 0.0908
0.44026 0.09121
0.44064 0.09161
0.441110 0.092030
0.44166 0.09247
0.442330 0.09297
0.443130 0.09354
0.44413 0.09421
0.44539 0.09502
0.44701 0.09601
0.44907 0.09724
0.45156 0.09867
0.45439 0.10022
0.45748 0.10183
0.460790 0.10347
0.46428 0.10517
0.46790 0.1069
0.47156 0.108650
0.47522 0.1104
0.47883 0.11215
0.48237 0.11388
0.48584 0.11562
0.48923 0.11736
0.49255 0.11912
0.49578 0.1209
0.49895 0.12272
0.50204 0.12457
0.50507 0.12647
0.50803 0.12842
0.51093 0.13043
0.513760 0.132490
0.51654 0.1346
0.51926 0.13678
0.52191 0.13901
0.52448 0.14129
0.52696 0.14359
0.52929 0.14587
0.53144 0.1481
0.53335 0.1502
0.53496 0.15212
0.53629 0.15386
0.53735 0.15543
0.53819 0.15683
0.53897 0.15838
*.*.Setup: s1223rtl.txt as Flap 1, Inverted: y, Scale = 1.0, AoA = -2.0, Reposition from (0,0) = (0, 0)*.*.
*.*.Setup: s1223rtl.txt as Flap 2, Inverted: y, Scale = 0.35, AoA = 31.666666666666668, Reposition from previous T.E. = (0.04, 0.055), Reposition from (0,0) = (1.0394, 0.0201)*.*.
*.*.Setup: s1223rtl.txt as Flap 3, Inverted: y, Scale = 0.35, AoA = 35.0, Reposition from previous T.E. = (-0.06, 0.055), Reposition from (0,0) = (1.2773, 0.2588)*.*.
*.*.Setup: Scale Ratio = 0.34461*.*.