0.3664800000 -0.01801
0.3657 -0.01879
0.36415 -0.0203
0.36185 -0.02253
0.35893 -0.02531
0.35555 -0.02844
0.35185 -0.03173
0.348 -0.03497
0.34412 -0.038
0.340250 -0.04081
0.33637 -0.04344
0.33249 -0.04592
0.32862 -0.04827
0.32474 -0.05053
0.32086 -0.0527
0.31699 -0.05479
0.31311 -0.0568
0.30923 -0.05874
0.30536 -0.06061
0.30148 -0.06242
0.2976 -0.06416
0.29373 -0.06584
0.28985 -0.06746
0.28597 -0.06903
0.2821 -0.070540
0.27822 -0.072
0.274340 -0.07339
0.27047 -0.07471
0.26659 -0.07598
0.26271 -0.07718
0.25884 -0.07833
0.25496 -0.07944
0.251080 -0.08052
0.24721 -0.08158
0.24333 -0.08260
0.23945 -0.08359
0.23558 -0.08454
0.2317 -0.08544
0.227820 -0.08629
0.22394 -0.087090
0.22007 -0.08784
0.21619 -0.08855
0.21231 -0.08921
0.20844 -0.08982
0.20456 -0.0904
0.20068 -0.09093
0.19681 -0.09143
0.19293 -0.09189
0.18905 -0.09232
0.18518 -0.0927
0.1813 -0.09305
0.17742 -0.09335
0.17355 -0.09361
0.16967 -0.09383
0.16579 -0.094
0.16192 -0.09412
0.15804 -0.09419
0.15416 -0.09422
0.15029 -0.0942
0.14641 -0.09413
0.14253 -0.09401
0.138660 -0.09385
0.13478 -0.09363
0.1309 -0.09337
0.12703 -0.09305
0.12315 -0.09269
0.11927 -0.09229
0.11540 -0.09185
0.11152 -0.09137
0.10764 -0.09086
0.10377 -0.09028
0.09989 -0.089640
0.09601 -0.088920
0.092140 -0.0881
0.08826 -0.0872
0.08438 -0.08622
0.08051 -0.08514
0.07663 -0.08397
0.07275 -0.08272
0.06888 -0.08136
0.065 -0.07989
0.06112 -0.07828
0.05725 -0.0765200
0.05337 -0.0746
0.04949 -0.0725300
0.04562 -0.070290
0.04174 -0.06791
0.03786 -0.06538
0.03399 -0.0627
0.03011 -0.0598
0.026230 -0.0566
0.02236 -0.053030
0.01848 -0.049
0.01463 -0.0445
0.01093 -0.03964
0.00755 -0.0346
0.00463 -0.02955
0.00233 -0.02467
0.00078 -0.02012
0.000000 -0.01246
0.00078 -0.00956
0.00233 -0.00742
0.00463 -0.00609
0.00755 -0.00548
0.01093 -0.00545
0.01463 -0.00585
0.01848 -0.00655
0.02236 -0.00743
0.026230 -0.00845
0.03011 -0.0096
0.03399 -0.01089
0.03786 -0.0123
0.04174 -0.01382
0.04562 -0.01544
0.04949 -0.01714
0.05337 -0.01892
0.05725 -0.02075
0.06112 -0.02262
0.065 -0.02453
0.06888 -0.02645
0.07275 -0.02838
0.07663 -0.03031
0.08051 -0.03222
0.08438 -0.03411
0.08826 -0.03598
0.092140 -0.03783
0.09601 -0.03964
0.09989 -0.04142
0.10377 -0.04316
0.10764 -0.04486
0.11152 -0.04652
0.11540 -0.04814
0.11927 -0.04972
0.12315 -0.051250
0.12703 -0.05274
0.1309 -0.05418
0.13478 -0.055570
0.138660 -0.0569100
0.14253 -0.05821
0.14641 -0.05945
0.15029 -0.06065
0.15416 -0.06179
0.15804 -0.06287
0.16192 -0.0639
0.16579 -0.06487
0.16967 -0.06579
0.17355 -0.06664
0.17742 -0.06743
0.1813 -0.06816
0.18518 -0.068840
0.18905 -0.069470
0.19293 -0.07006
0.19681 -0.0706
0.20068 -0.071090
0.20456 -0.07153
0.20844 -0.07191
0.21231 -0.07222
0.21619 -0.07246
0.22007 -0.07262
0.22394 -0.07271
0.227820 -0.07274
0.2317 -0.07269
0.23558 -0.07257
0.23945 -0.07239
0.24333 -0.072130
0.24721 -0.07179
0.251080 -0.07138
0.25496 -0.07089
0.25884 -0.07032
0.26271 -0.06967
0.26659 -0.06893
0.27047 -0.06811
0.274340 -0.0672
0.27822 -0.06621
0.2821 -0.06511
0.28597 -0.06392
0.28985 -0.06263
0.29373 -0.06123
0.2976 -0.05973
0.30148 -0.05814
0.30536 -0.05646
0.30923 -0.0547
0.31311 -0.05285
0.31699 -0.050930
0.32086 -0.04894
0.32474 -0.04687
0.32862 -0.04472
0.33249 -0.04251
0.33637 -0.0402
0.340250 -0.03777
0.34412 -0.03522
0.348 -0.032520
0.35185 -0.02967
0.35555 -0.02682
0.35893 -0.02412
0.36185 -0.02174
0.36415 -0.019840
0.3657 -0.01856
0.3664800000 -0.01801
-Inserting Flap Ga2-
0.43103 0.04124
0.43099 0.04102
0.43091 0.0406
0.430790 0.03997
0.43063 0.03918
0.43043 0.038280
0.43021 0.03731
0.42995 0.036340
0.42966 0.0354
0.42935 0.034490
0.42901 0.03362
0.42866 0.03277
0.4283 0.03194
0.42792 0.03112
0.42753 0.03032
0.42714 0.029530
0.42673 0.02876
0.42632 0.028
0.4259 0.02725
0.42547 0.02651
0.42504 0.02578
0.4246 0.02506
0.42415 0.02435
0.42369 0.02364
0.42323 0.02295
0.42276 0.02227
0.422290 0.0216
0.4218 0.02093
0.42131 0.02028
0.42082 0.01964
0.42031 0.01901
0.41981 0.01838
0.41929 0.01776
0.41878 0.01714
0.4182600 0.01653
0.41774 0.01592
0.417210 0.01532
0.41668 0.01473
0.41614 0.01415
0.41560 0.01357
0.41505 0.013
0.41450 0.01244
0.41394 0.01189
0.41337 0.01134
0.412810 0.0108
0.41223 0.01027
0.41165 0.00975
0.41107 0.00923
0.41048 0.008710
0.40989 0.0082
0.4093 0.0077
0.4087 0.00721
0.40809 0.00672
0.40748 0.00624
0.40687 0.00577
0.406250 0.0053
0.40562 0.00485
0.40499 0.0044
0.40435 0.00396
0.40371 0.003520
0.40306 0.0031
0.4024 0.00268
0.40174 0.00227
0.40108 0.00187
0.40041 0.00148
0.39973 0.00109
0.39905 0.000710
0.39836 0.00034
0.39767 -0.000079
0.39698 -0.000390
0.39628 -0.00074
0.395570 -0.00108
0.39485 -0.0014
0.39412 -0.00172
0.39339 -0.00201
0.39264 -0.0023
0.39188 -0.00256
0.39111 -0.00282
0.39033 -0.00306
0.38954 -0.00328
0.388740 -0.00348
0.38792 -0.00366
0.387080 -0.00382
0.38622 -0.00395
0.38535 -0.00406
0.38446 -0.00414
0.38355 -0.00419
0.38263 -0.00422
0.38168 -0.004230
0.38071 -0.00419
0.379710 -0.00412
0.37867 -0.00397
0.37757 -0.00376
0.37642 -0.00346
0.37526 -0.00309
0.374130 -0.00265
0.37307 -0.00216
0.37213 -0.001630
0.37136 -0.00106
0.37035 0.00011
0.37015 0.00067
0.37015 0.0012
0.37038 0.00168
0.37079 0.00212
0.37134 0.00251
0.37199 0.00287
0.3727 0.00319
0.37344 0.0035
0.37419 0.00377
0.37496 0.00403
0.37574 0.00426
0.37654 0.00448
0.37735 0.00467
0.37817 0.00485
0.379 0.005020
0.37984 0.005170
0.38068 0.00532
0.38153 0.00545
0.38238 0.00559
0.38324 0.00572
0.3841 0.00584
0.38495 0.0059700
0.38581 0.00611
0.38666 0.00624
0.38751 0.00638
0.38836 0.00652
0.3892 0.00667
0.39004 0.00682
0.39087 0.006980
0.3917 0.00715
0.39253 0.00732
0.39335 0.0075
0.39417 0.00769
0.39498 0.00788
0.395780 0.00808
0.39658 0.00829
0.39738 0.00851
0.39817 0.00873
0.39895 0.00896
0.39973 0.0092
0.4005 0.00945
0.40127 0.00971
0.40203 0.00998
0.40278 0.01025
0.403530 0.01054
0.40427 0.01083
0.405 0.01114
0.40572 0.01145
0.40644 0.011780
0.40716 0.012110
0.40786 0.01245
0.40857 0.0128
0.40926 0.01316
0.40996 0.01352
0.41064 0.0139
0.41132 0.014280
0.41199 0.01467
0.41265 0.01508
0.41331 0.0155
0.413950 0.01592
0.414590 0.01637
0.41522 0.01682
0.41584 0.01728
0.41646 0.01776
0.41706 0.01824
0.417660 0.01874
0.41825 0.01926
0.41882 0.01978
0.41939 0.02032
0.41995 0.020870
0.420510 0.02144
0.42105 0.02202
0.42158 0.02261
0.4221 0.02322
0.42261 0.02384
0.42311 0.02448
0.42359 0.02514
0.424070 0.02581
0.42453 0.0265
0.42498 0.02721
0.42543 0.02793
0.42586 0.02866
0.42628 0.02941
0.4267 0.03017
0.4271 0.03094
0.4275 0.03172
0.42789 0.03252
0.42827 0.03333
0.42864 0.03415
0.429 0.03499
0.42934 0.03585
0.42967 0.03674
0.42997 0.03765
0.43025 0.03854
0.43049 0.03937
0.4307 0.04010
0.43086 0.040670
0.43096 0.04106
0.43103 0.04124
-Inserting Flap Ga2-
0.495560 0.11523
0.49558 0.115010
0.49561 0.11458
0.49566 0.11394
0.49571 0.11313
0.49575 0.11221
0.49578 0.111220
0.49578 0.11022
0.49575 0.109230
0.49568 0.10828
0.49559 0.10734
0.49547 0.10643
0.495330 0.10554
0.49518 0.104650
0.49501 0.10378
0.49483 0.10292
0.49464 0.10206
0.49444 0.10122
0.49423 0.100390
0.49401 0.09956
0.49378 0.09874
0.49353 0.09793
0.49329 0.09713
0.493030 0.09633
0.49276 0.09555
0.492490 0.09476
0.4922 0.09399
0.4919 0.09323
0.4916 0.09247
0.49129 0.09172
0.49096 0.09098
0.49064 0.09024
0.4903 0.08951
0.48997 0.08878
0.48962 0.08806
0.48928 0.08733
0.48892 0.08662
0.488560 0.08591
0.4882 0.08521
0.4878200 0.08451
0.48744 0.08382
0.487050 0.08313
0.48665 0.08245
0.48625 0.08178
0.48584 0.08111
0.48542 0.08045
0.485 0.07979
0.48457 0.07914
0.48414 0.07849
0.4837 0.07785
0.48325 0.07721
0.4828 0.07658
0.48234 0.07595
0.48188 0.07533
0.4814 0.07471
0.48092 0.0741
0.480440 0.0735
0.47994 0.0729
0.47944 0.07231
0.47893 0.07172
0.47841 0.07115
0.47789 0.07057
0.47736 0.07001
0.47682 0.06945
0.47627 0.06889
0.47572 0.06835
0.47516 0.0678
0.47459 0.06727
0.47402 0.06673
0.47345 0.06621
0.47286 0.06569
0.47226 0.06518
0.47165 0.06467
0.47103 0.06418
0.47039 0.06371
0.46974 0.06324
0.46908 0.06278
0.4684 0.06234
0.46771 0.06191
0.46701 0.06149
0.46628 0.06108
0.4655400 0.06070
0.46477 0.06033
0.46398 0.05998
0.46316 0.05965
0.46232 0.05935
0.46146 0.05906
0.460570 0.05879
0.45966 0.058540
0.45872 0.05832
0.45773 0.05814
0.45669 0.058
0.45557 0.05793
0.45439 0.05792
0.45317 0.05797
0.45196 0.0581
0.450810 0.0583
0.44977 0.05858
0.44887 0.05893
0.4476 0.05979
0.44725 0.06028
0.447120 0.0608
0.44721 0.06132
0.4475 0.06185
0.44793 0.06237
0.44846 0.06288
0.44907 0.06338
0.4497 0.06387
0.45035 0.064330
0.451030 0.06477
0.45172 0.0652
0.45244 0.06561
0.45317 0.06601
0.45392 0.0664
0.45468 0.06677
0.45545 0.06714
0.456230 0.06750
0.45701 0.06785
0.4578 0.0682
0.45859 0.06855
0.45939 0.06889
0.46018 0.06924
0.46097 0.069590
0.46176 0.06994
0.46255 0.07029
0.46333 0.07065
0.4641 0.071010
0.46487 0.07137
0.46564 0.07174
0.4664 0.07212
0.46715 0.0725
0.4679 0.07289
0.46864 0.07328
0.46937 0.07367
0.47010 0.07408
0.47082 0.07449
0.47153 0.0749
0.47223 0.07532
0.47293 0.07575
0.47362 0.07618
0.4743 0.076620
0.47497 0.07707
0.47564 0.07753
0.47629 0.07799
0.47694 0.078460
0.47758 0.07893
0.47821 0.07942
0.47883 0.07991
0.47944 0.08041
0.48004 0.08092
0.48064 0.08143
0.48122 0.08195
0.4818 0.08247
0.48238 0.083
0.48294 0.08354
0.4835 0.08408
0.48405 0.08464
0.48458 0.0852
0.4851 0.08578
0.48562 0.086360
0.486120 0.08695
0.4866100 0.087550
0.48709 0.08816
0.48756 0.08878
0.48802 0.08940
0.48847 0.09004
0.4889 0.09069
0.48933 0.09134
0.489740 0.09201
0.49013 0.09269
0.49052 0.09338
0.49089 0.09408
0.49125 0.09479
0.4916 0.09551
0.49193 0.09624
0.49224 0.09699
0.49254 0.097750
0.49283 0.09852
0.4931 0.09931
0.49335 0.10011
0.49359 0.10092
0.49382 0.10174
0.49404 0.10257
0.49424 0.10341
0.49443 0.10426
0.49462 0.10512
0.49479 0.10599
0.494940 0.10687
0.49509 0.10776
0.49522 0.10867
0.49532 0.10959
0.49541 0.11053
0.49547 0.111490
0.4955 0.11242
0.49553 0.11329
0.49554 0.11404
0.49554 0.11464
0.49554 0.11504
0.495560 0.11523
*.*.Setup: Ga2.txt as Flap 1, Inverted: y, Scale = 1.0, AoA = 0.0, Reposition from (0,0) = (0, 0)*.*.
*.*.Setup: Ga2.txt as Flap 2, Inverted: y, Scale = 0.2, AoA = 35.0, Reposition from previous T.E. = (0.0067, 0.055), Reposition from (0,0) = (1.0067, 0.0059)*.*.
*.*.Setup: Ga2.txt as Flap 3, Inverted: y, Scale = 0.2, AoA = 50.0, Reposition from previous T.E. = (0.04, 0.055), Reposition from (0,0) = (1.2161, 0.1675)*.*.
*.*.Setup: Scale Ratio = 0.36648*.*.