0.33687 0.03541
0.33490 0.03344
0.33201 0.03056
0.32864 0.02774
0.32455 0.02501
0.319590 0.02220
0.31359 0.01919
0.30652 0.01596
0.298460 0.01255
0.289630 0.00906
0.28027 0.00556
0.2706 0.00212
0.260760 -0.001210
0.25087 -0.0044
0.24095 -0.00742
0.231 -0.010260
0.22101 -0.01293
0.21091 -0.01544
0.2006600 -0.01782
0.19022 -0.02009
0.17956 -0.02228
0.16867 -0.02442
0.15763 -0.02654
0.14652 -0.028640
0.13549 -0.03068
0.1247 -0.03263
0.11433 -0.03442
0.10455 -0.03596
0.09547 -0.03717
0.08704 -0.038
0.07914 -0.0384
0.07165 -0.03839
0.0645 -0.03796
0.05764 -0.03712
0.05104 -0.03588
0.0447 -0.03425
0.038640 -0.03227
0.0329 -0.02996
0.02756 -0.0274
0.02272 -0.02472
0.01845 -0.022040
0.01481 -0.01946
0.01176 -0.01704
0.00923 -0.01479
0.00716 -0.0127
0.005460 -0.01076
0.00406 -0.008950
0.00291 -0.00727
0.00199 -0.00569
0.00125 -0.00420
0.00068 -0.0028
0.00027 -0.00147
0.000055 -0.0002
-6e-05 0.00102
0.00012 0.00224
0.0007 0.00334
0.0017 0.00419
0.002970 0.00481
0.00445 0.005280
0.00616 0.00567
0.00813 0.00601
0.01044 0.00632
0.0132 0.00662
0.01656 0.0069
0.02076 0.007170
0.02609 0.00742
0.03281 0.00763
0.04088 0.007750
0.04995 0.0077
0.05971 0.00744
0.07008 0.00698
0.08097 0.00638
0.09221 0.00572
0.10361 0.00503
0.11498 0.00435
0.126220 0.00372
0.13728 0.00316
0.148160 0.0027
0.15887 0.00236
0.1694 0.00217
0.179780 0.00214
0.19002 0.0023
0.20014 0.00264
0.21016 0.00319
0.22009 0.00394
0.22994 0.00492
0.23971 0.00612
0.24942 0.00754
0.25906 0.00918
0.26861 0.01105
0.27802 0.013140
0.28723 0.01542
0.29609 0.01786
0.3044 0.02039
0.31193 0.02296
0.318520 0.02549
0.32415 0.02795
0.32889 0.03035
0.33285 0.032670
0.33687 0.03541
-Inserting Flap s1223rtl-
0.457870 0.10075
0.45744 0.09988
0.45681 0.0986
0.45602 0.09728
0.454980 0.09591
0.45365 0.094410
0.452010 0.09273
0.45004 0.09086
0.447760 0.08881
0.44524 0.08665
0.44254 0.084420
0.43973 0.08218
0.43686 0.07996
0.43394 0.07778
0.431010 0.07565
0.428040 0.07358
0.42503 0.07155
0.421980 0.06957
0.418860 0.06762
0.41566 0.06568
0.41238 0.06374
0.40903 0.06179
0.40561 0.05983
0.40217 0.05787
0.39876 0.05593
0.39541 0.05406
0.39218 0.05229
0.38912 0.05066
0.38625 0.04923
0.38356 0.04799
0.38099 0.04696
0.37851 0.04611
0.37609 0.04544
0.373730 0.04493
0.3714 0.04459
0.36912 0.04441
0.36689 0.04437
0.36472 0.04449
0.36267 0.04472
0.36076 0.04506
0.35904 0.04546
0.35754 0.0459
0.356260 0.04635
0.355160 0.04681
0.35424 0.04726
0.35346 0.04771
0.35279 0.04815
0.35222 0.04858
0.35173 0.04899
0.35132 0.0494
0.35097 0.0498
0.35068 0.05019
0.35045 0.05058
0.350290 0.05098
0.35021 0.0514
0.35027 0.05184
0.35051 0.05223
0.35086 0.05258
0.3513 0.0529
0.35182 0.05323
0.35243 0.05356
0.35316 0.05393
0.35404 0.05434
0.35512 0.05482
0.356480 0.05539
0.35821 0.05608
0.360410 0.05691
0.36307 0.057870
0.36608 0.05889
0.36934 0.05992
0.37282 0.060940
0.37649 0.06199
0.38029 0.06305
0.38414 0.06412
0.38798 0.065190
0.39177 0.06626
0.395490 0.06734
0.39915 0.06843
0.40273 0.06953
0.40624 0.07067
0.40967 0.0718400
0.41305 0.07306
0.416360 0.07433
0.41961 0.075650
0.42281 0.07703
0.42596 0.07848
0.42905 0.07999
0.43211 0.08157
0.43511 0.08321
0.43805 0.08492
0.44093 0.08668
0.44372 0.08848
0.44637 0.0903
0.448830 0.09208
0.45103 0.093790
0.452930 0.095380
0.45451 0.09684
0.45580 0.09817
0.456850 0.09939
0.457870 0.10075
-Inserting Flap s1223rtl-
0.5516 0.184
0.55133 0.18306
0.55093 0.18169
0.55038 0.18025
0.54959 0.17872
0.54855 0.17702
0.54722 0.175080
0.54561 0.17289
0.54372 0.1704800
0.54161 0.16791
0.53934 0.16525
0.53696 0.16256
0.53451 0.15987
0.53203 0.15722
0.5295 0.15461
0.52694 0.15205
0.52433 0.14954
0.52167 0.147060
0.51893000 0.14459
0.5161200 0.14213
0.51323 0.13965
0.51026 0.13714
0.50724 0.13462
0.50419 0.13209
0.50117 0.12959
0.49819 0.12717
0.49532 0.12486
0.49259 0.122730
0.49002 0.12082
0.487570 0.11913
0.48522 0.11767
0.482930 0.1164
0.48067 0.11532
0.47843 0.11441
0.47619 0.11367
0.47398 0.11309
0.47179 0.112680
0.46964 0.11241
0.46757 0.11228
0.46563 0.11228
0.46387 0.11238
0.46232 0.11255
0.46097 0.11277
0.45982 0.11303
0.45883 0.11332
0.45798 0.11363
0.45725 0.11394
0.45661 0.11427
0.45606 0.11459
0.45558 0.11492
0.45517 0.11525
0.45482 0.11559
0.45452 0.115940
0.45429 0.1163
0.45414 0.1167
0.454130 0.11714
0.454290 0.11757
0.45458 0.11797
0.45495 0.11837
0.45541 0.11878
0.45595 0.11921
0.45661 0.1197
0.4574 0.12026
0.45838 0.12092
0.45962 0.12171
0.46121 0.12269
0.463230 0.1239
0.46568 0.1253
0.46847 0.126830
0.4715 0.12841
0.47475 0.13002
0.47819 0.13169
0.48174 0.13339
0.48535 0.13512
0.488940 0.13684
0.49249 0.13855
0.49597 0.14026
0.49938 0.14196
0.50271 0.14368
0.50597 0.1454
0.50915 0.147160
0.51226 0.14894
0.5153 0.15077
0.51828 0.15263
0.52119 0.15455
0.52404 0.15652
0.52683 0.15854
0.52956 0.16063
0.53223 0.16277
0.53483 0.16496
0.53736 0.16719
0.53979 0.16945
0.54209 0.1717
0.5442 0.17389
0.54607 0.17595
0.54766 0.177850
0.548970 0.179560
0.550010 0.18110
0.55083 0.18248
0.5516 0.184
*.*.Setup: s1223rtl.txt as Flap 1, Inverted: y, Scale = 1.0, AoA = 6.0, Reposition from (0,0) = (0, 0)*.*.
*.*.Setup: s1223rtl.txt as Flap 2, Inverted: y, Scale = 0.35, AoA = 25.0, Reposition from previous T.E. = (0.04, 0.045), Reposition from (0,0) = (1.0345, 0.1495)*.*.
*.*.Setup: s1223rtl.txt as Flap 3, Inverted: y, Scale = 0.35, AoA = 35.0, Reposition from previous T.E. = (-0.01, 0.045), Reposition from (0,0) = (1.3417, 0.3424)*.*.
*.*.Setup: Scale Ratio = 0.33873*.*.