0.3575 -0.0301
0.35671 -0.030840
0.35514 -0.03226
0.352820 -0.03436
0.34987 -0.03698
0.346460 -0.03992
0.34273 -0.04301
0.33886 -0.04604
0.33497 -0.048870
0.33108 -0.05149
0.32721 -0.05393
0.32333 -0.056210
0.31946 -0.058380
0.3156 -0.06046
0.31174 -0.06245
0.30788 -0.06436
0.30402 -0.06619
0.30017 -0.06795
0.29631 -0.06965
0.29247 -0.07128
0.28862 -0.07285
0.28477 -0.07436
0.28093 -0.07581
0.27709 -0.07721
0.27325 -0.07856
0.26941 -0.07985
0.26557 -0.08107
0.26174 -0.08224
0.25791 -0.08334
0.25408 -0.08438
0.25025 -0.08538
0.24643 -0.08633
0.2426 -0.08725
0.23878 -0.08815
0.23495 -0.08902
0.23113 -0.08985
0.22731 -0.09065
0.22349 -0.09139
0.21967 -0.09209
0.21586 -0.09274
0.21205 -0.09335
0.20823 -0.0939
0.20442 -0.09441
0.20061 -0.09488
0.19681 -0.09531
0.193 -0.095710
0.189190 -0.09606
0.18539 -0.09638
0.18159 -0.09666
0.17779 -0.0969
0.17399 -0.09711
0.17019 -0.09728
0.16639 -0.0974
0.16259 -0.097480
0.1588 -0.09751
0.15501 -0.09749
0.15122 -0.09743
0.14743 -0.09733
0.14364 -0.09718
0.13986 -0.09698
0.13607 -0.09673
0.13229 -0.09644
0.12851 -0.09609
0.12473 -0.0957
0.12095 -0.09526
0.11718 -0.09477
0.1134 -0.09425
0.10963 -0.09369
0.10586 -0.0930900
0.10209 -0.09245
0.09832 -0.09176
0.09455 -0.091
0.09079 -0.09016
0.08703 -0.08924
0.08327 -0.08823
0.07951 -0.08713
0.07576 -0.085940
0.07201 -0.08467
0.06827 -0.08331
0.06453 -0.08185
0.06079 -0.080280
0.05706 -0.07858
0.05333 -0.07673
0.04961 -0.07472
0.045890 -0.07256
0.04218 -0.07025
0.03847 -0.06779
0.03477 -0.06518
0.03107 -0.06243
0.02738 -0.05946
0.0237 -0.05620
0.02004 -0.05258
0.01638 -0.04852
0.01278 -0.04398
0.00933 -0.03910
0.00619 -0.03406
0.00351 -0.02903
0.00143 -0.02419
7e-05 -0.01969
-0.00043 -0.012180
0.00043 -0.00937
0.00202 -0.00733
0.00431 -0.00611
0.00719 -0.00561
0.0105 -0.0057
0.01409 -0.00622
0.01783 -0.00703
0.02159 -0.008020
0.02535 -0.00915
0.02909 -0.01041
0.03284 -0.0118
0.03658 -0.01331
0.04031 -0.01493
0.04405 -0.01664
0.04778 -0.01844
0.05151 -0.020310
0.05523 -0.02223
0.05896 -0.02419
0.06268 -0.02618
0.0664 -0.02819
0.07012 -0.03021
0.07385 -0.032230
0.07757 -0.03423
0.08129 -0.03621
0.08502 -0.03817
0.08874 -0.04011
0.09247 -0.04201
0.0962 -0.04388
0.09992 -0.04571
0.10365 -0.04751
0.10739 -0.04926
0.11112 -0.05098
0.11485 -0.05265
0.11859 -0.05428
0.12233 -0.05587
0.12607 -0.05741
0.12981 -0.0589
0.13355 -0.060350
0.13729 -0.06174
0.14104 -0.06309
0.14479 -0.06439
0.14854 -0.06564
0.15229 -0.06683
0.15604 -0.06797
0.15979 -0.06905
0.16355 -0.07007
0.167310 -0.07104
0.17107 -0.07194
0.17483 -0.07279
0.1786 -0.073590
0.18237 -0.07434
0.18613 -0.07504
0.1899 -0.0757
0.19368 -0.07632
0.19745 -0.07688
0.20122 -0.07738
0.205 -0.07782
0.20878 -0.07818
0.21256 -0.07847
0.21635 -0.07870
0.22014 -0.07885
0.22393 -0.07894
0.22772 -0.078950
0.23151 -0.078900
0.235310 -0.07878
0.23911 -0.078590
0.24291 -0.07832
0.24672 -0.07797
0.25052 -0.07755
0.25434 -0.07704
0.25815 -0.07646
0.26196 -0.07579
0.26578 -0.07503
0.26961 -0.07419
0.27343 -0.07325
0.27726 -0.07222
0.28109 -0.07109
0.28493 -0.06986
0.28877 -0.06852
0.2926100 -0.0671
0.29646 -0.06559
0.3003 -0.064
0.30416 -0.06233
0.30801 -0.06059
0.31187 -0.05877
0.31572 -0.05688
0.319590 -0.05492
0.32345 -0.05288
0.32732 -0.05076
0.33119 -0.04852
0.33506 -0.04616
0.33894 -0.04365
0.3428 -0.041
0.34651 -0.03834
0.34991 -0.03582
0.35285 -0.03359
0.35516 -0.03181
0.35672 -0.03061
0.3575 -0.0301
-Inserting Flap Ga2-
0.42499 0.03779
0.42499 0.03758
0.42499 0.03715
0.42498 0.03653
0.42496 0.03574
0.42492 0.03484
0.42487 0.03387
0.424780 0.03289
0.42467 0.03194
0.42452 0.03101
0.42435 0.030110
0.42415 0.02923
0.42394 0.02837
0.42372 0.02752
0.42348 0.02669
0.42324 0.02586
0.42298 0.02505
0.42271 0.02424
0.4224300 0.02345
0.4221500 0.02266
0.42185 0.02189
0.42155 0.02112
0.42124 0.02036
0.42092 0.0196
0.42059 0.01886
0.42025 0.01812
0.41991 0.01739
0.41956 0.016670
0.4192 0.01596
0.41883 0.01526
0.41845 0.01456
0.41807 0.01387
0.417680 0.01319
0.417290 0.01251
0.4169 0.01183
0.4165 0.01116
0.41609 0.01049
0.41568 0.00983
0.41526 0.00918
0.41484 0.00853
0.41441 0.00789
0.41397 0.00726
0.41352 0.00663
0.41307 0.00601
0.41261 0.00539
0.412150 0.00478
0.41169 0.00418
0.41121 0.00358
0.41074 0.00298
0.41025 0.00239
0.40976 0.00181
0.40927 0.00123
0.40877 0.00066
0.40826 9e-05
0.40775 -0.00047
0.40723 -0.00102
0.406710 -0.00157
0.40617 -0.00211
0.40564 -0.00264
0.40509 -0.00317
0.40454 -0.00369
0.40398 -0.0042
0.40341 -0.00470
0.402840 -0.0052
0.40226 -0.0057
0.40167 -0.00618
0.40108 -0.00666
0.40049 -0.00714
0.39988 -0.00761
0.39928 -0.008070
0.39866 -0.00853
0.39804 -0.00898
0.3974 -0.00941
0.396750 -0.00984
0.39609 -0.01025
0.39542 -0.01065
0.39473 -0.01104
0.39404 -0.01141
0.39333 -0.01177
0.3926 -0.01212
0.39186 -0.01245
0.3911 -0.01277
0.39033 -0.01306
0.389520 -0.01333
0.3887 -0.01358
0.38786 -0.01381
0.38699 -0.01401
0.38611 -0.0142
0.3852 -0.01437
0.384260 -0.0145
0.38328 -0.01459
0.38225 -0.01464
0.38116 -0.01462
0.38 -0.01452
0.378820 -0.01436
0.37766 -0.01413
0.37655 -0.01384
0.37556 -0.01348
0.374720 -0.01307
0.37355 -0.01212
0.37326 -0.01161
0.37318 -0.0111
0.37331 -0.0106
0.37363 -0.01011
0.37409 -0.00964
0.37466 -0.00918
0.37529 -0.00875
0.37595 -0.00833
0.37662 -0.00794
0.37732000 -0.00756
0.37803 -0.0072
0.37876 -0.00686
0.37951 -0.00653
0.38027 -0.00622
0.381040 -0.00592
0.38182 -0.00563
0.38261 -0.00535
0.38341 -0.00507
0.38421 -0.00480
0.38501 -0.00453
0.38581 -0.00426
0.38662 -0.00399
0.38742 -0.00372
0.38821 -0.00344
0.389010 -0.00317
0.3898 -0.002880
0.39059 -0.0026
0.39137 -0.00231
0.39214 -0.00201
0.39292 -0.001710
0.39368 -0.00141
0.39444 -0.00109
0.3952 -0.00078
0.39594 -0.00045
0.39669 -0.000120
0.39742 0.0002100
0.398150 0.00056
0.39887 0.00091
0.39959 0.00127
0.40029 0.00163
0.401 0.002
0.401690 0.00238
0.40238 0.00276
0.40305 0.00316
0.40372 0.00356
0.40439 0.003970
0.40504 0.00439
0.40569 0.00482
0.40632 0.005250
0.40695 0.00569
0.407580 0.00614
0.40819 0.0066
0.4088 0.00706
0.40941 0.00752000
0.41001 0.008
0.410590 0.00848
0.41117 0.00898
0.41174 0.00948
0.4123 0.009990
0.41285 0.010520
0.41339 0.01105
0.41392 0.01159
0.41444 0.01214
0.41495 0.01271
0.41545 0.01328
0.41594 0.01386
0.41642 0.01445
0.41689 0.01506
0.41734 0.01567
0.417790 0.0163
0.41822 0.01694
0.41865 0.01759
0.41906 0.01825
0.41945 0.01892
0.41984 0.01961
0.42021 0.020310
0.42057 0.02102
0.42091 0.021750
0.42124 0.0225
0.42156 0.02325
0.42186 0.02402
0.42215 0.0248
0.42243 0.02559
0.4227 0.02639
0.42296 0.02721
0.42321 0.028030
0.42345 0.02886
0.42368 0.0297
0.42390 0.03056
0.4241 0.03143
0.42428 0.03232
0.42445 0.03323
0.42458 0.03415
0.4247 0.03506
0.4248 0.0359
0.42487 0.03664
0.42493 0.037220
0.42496 0.03761
0.42499 0.03779
-Inserting Flap Ga2-
0.49249 0.10748
0.49249 0.10726
0.49249 0.10684
0.49248 0.10621
0.49246 0.10542
0.49242 0.10452
0.49237 0.10356
0.492280 0.102580
0.49217 0.10162
0.49202 0.10069
0.49185 0.0998
0.49165 0.09892
0.49144 0.09806
0.491220 0.09721
0.49098 0.09637
0.49073 0.09555
0.49048 0.094730
0.49021 0.09393
0.489930 0.09313
0.48965 0.09235
0.48935 0.09157
0.48905 0.0908
0.488730 0.09004
0.488420 0.08929
0.48809 0.0885400
0.48775 0.08781
0.48741 0.087080
0.48706 0.08636
0.48670 0.08565
0.48633 0.08494
0.48595 0.08425
0.485570 0.08356
0.48518 0.08287
0.48479 0.08219
0.48440 0.08152
0.484 0.08084
0.48359 0.08018
0.48318 0.07951
0.482760 0.078860
0.48234 0.07821
0.4819 0.07757
0.48147 0.07694
0.48102 0.076310
0.48057 0.07569
0.480110 0.07508
0.479650 0.07447
0.47918 0.07386
0.47871 0.07326
0.47823 0.07267
0.47775 0.07208
0.47726 0.07149
0.47677 0.07091
0.47627 0.07034
0.47576 0.069780
0.47525 0.069220
0.47473 0.06867
0.4742 0.06812
0.47367 0.06758
0.47313 0.06705
0.472590 0.06652
0.47204 0.066
0.47148 0.06549
0.470910 0.06498
0.470340 0.06448
0.46976 0.06399
0.46917 0.0635
0.46858 0.06302
0.46798 0.062550
0.46738 0.06208
0.46677 0.06161
0.46616 0.06116
0.46553 0.060710
0.4649 0.06027
0.4642500 0.05985
0.46359 0.05944
0.46292 0.05904
0.46223 0.05865
0.46153 0.058270
0.46083 0.05791
0.4601 0.05756
0.45936 0.05723
0.45860 0.05692
0.45782 0.05663
0.457020 0.056350
0.4562 0.05611
0.45535 0.055880
0.454490 0.05567
0.4536 0.05548
0.4527 0.05532
0.451760 0.05519
0.450780 0.05509
0.44975 0.05505
0.44866 0.05507
0.4475 0.05516
0.44632 0.05532
0.44515 0.05555
0.44405 0.05584
0.44306 0.0562
0.44222 0.05661
0.44105 0.05757
0.44076 0.05808
0.44067 0.05859
0.44081 0.05909
0.44113 0.05958
0.44159 0.060050
0.442160 0.06050
0.44279 0.06094
0.44345 0.06135
0.44412 0.06175
0.44482 0.06213
0.44553 0.06248
0.44626 0.06283
0.44701 0.06315
0.44777 0.06346
0.448540 0.06376
0.44932 0.06405
0.45011 0.06434
0.45091 0.06461
0.45171 0.06489
0.45251 0.06516
0.45331 0.06543
0.45411 0.06570
0.45491 0.06597
0.45571 0.06624
0.45651 0.06652
0.4573 0.0668
0.45808 0.06709
0.45887 0.06738
0.45964 0.06767
0.46041 0.06797
0.46118 0.06828
0.46194 0.06859
0.46269 0.06891
0.46344 0.069230
0.46418 0.06956
0.46492 0.0699
0.46565 0.070240
0.46637 0.07059
0.46709 0.07095
0.46779 0.07131
0.46849 0.07169
0.469190 0.07206
0.46987 0.07245
0.47055 0.07284
0.47122 0.07325
0.47188 0.07366
0.47254 0.07407
0.47318 0.07450
0.47382 0.07493
0.47445 0.07538
0.475080 0.07583
0.47569 0.07628
0.4763 0.07674
0.47691 0.07721
0.4775 0.07768
0.47809 0.07817
0.47867 0.07866
0.47924 0.07917
0.4798 0.07968
0.48035 0.0802
0.480890 0.080730
0.48142 0.08128
0.48194 0.08183
0.48245 0.08239
0.48295 0.08296
0.48344 0.08355
0.48392 0.08414
0.484380 0.08474
0.48484 0.08536
0.485290 0.08598
0.48572 0.08662
0.48614 0.087270
0.48655 0.08793
0.48695 0.08861
0.48734 0.08929
0.48771 0.08999
0.48807 0.09071
0.48841 0.09144
0.488740 0.09218
0.48905 0.09294
0.48936 0.093710
0.48965 0.09449
0.48993 0.09528
0.4902 0.09608
0.490460 0.09689
0.49071 0.09771
0.49095 0.09855
0.49118 0.09939
0.49140 0.10024
0.4916 0.10111
0.49178 0.102
0.49194 0.10291
0.49208 0.10384
0.4922 0.10475
0.49229 0.10559
0.49237 0.10632
0.49242 0.1069
0.49246 0.10729
0.49249 0.10748
*.*.Setup: Ga2.txt as Flap 1, Inverted: y, Scale = 1.0, AoA = -2.0, Reposition from (0,0) = (0, 0)*.*.
*.*.Setup: Ga2.txt as Flap 2, Inverted: y, Scale = 0.2, AoA = 45.0, Reposition from previous T.E. = (0.04, 0.055), Reposition from (0,0) = (1.0377, -0.029)*.*.
*.*.Setup: Ga2.txt as Flap 3, Inverted: y, Scale = 0.2, AoA = 45.0, Reposition from previous T.E. = (0.04, 0.06), Reposition from (0,0) = (1.226, 0.1655)*.*.
*.*.Setup: Scale Ratio = 0.35833*.*.