0.37549 -0.03162
0.37467 -0.032390
0.37302 -0.03389
0.370580 -0.03609
0.36748 -0.03884
0.363890 -0.04193
0.35998 -0.04517
0.35592 -0.04836
0.35183 -0.051330
0.34775 -0.05408
0.34368 -0.05664
0.33961 -0.059040
0.33554 -0.061320
0.33148 -0.0635
0.32743 -0.06559
0.32337 -0.0676
0.31932 -0.06952
0.31527 -0.07137
0.31123 -0.07315
0.30719 -0.07487
0.30314 -0.07651
0.29911 -0.0781
0.29507 -0.07963
0.29103 -0.0811
0.287 -0.08251
0.28297 -0.08387
0.27894 -0.08515
0.27491 -0.08638
0.27089 -0.08753
0.26687 -0.08863
0.26285 -0.08967
0.25883 -0.09068
0.25481 -0.09164
0.25079 -0.09259
0.24678 -0.0935
0.24276 -0.09437
0.23875 -0.09521
0.23474 -0.09599
0.23073 -0.09673
0.22672 -0.09741
0.22272 -0.09804
0.21871 -0.09863
0.21471 -0.09917
0.21071 -0.09966
0.20671 -0.10011
0.20271 -0.100520
0.198720 -0.10089
0.19472 -0.10123
0.19073 -0.10152
0.18673 -0.10178
0.18274 -0.102
0.17875 -0.10217
0.17476 -0.1023
0.17078 -0.102380
0.16679 -0.10241
0.16281 -0.1024
0.15883 -0.10234
0.15485 -0.10223
0.15087 -0.10207
0.14689 -0.10186
0.14292 -0.1016
0.13895 -0.10129
0.13498 -0.10093
0.13101 -0.10052
0.12704 -0.10005
0.12307 -0.09954
0.11911 -0.09899
0.11515 -0.09841
0.11118 -0.0977800
0.10722 -0.09711
0.10326 -0.09638
0.09931 -0.09558
0.09536 -0.0947
0.09141 -0.09373
0.08746 -0.09267
0.08352 -0.09151
0.07958 -0.090270
0.07564 -0.08893
0.07171 -0.08751
0.06777 -0.08597
0.06385 -0.084320
0.05993 -0.08253
0.05601 -0.08059
0.0521 -0.07848
0.04820 -0.07621
0.0443 -0.07378
0.0404 -0.0712
0.03652 -0.06846
0.03263 -0.06557
0.02876 -0.06245
0.02489 -0.059030
0.02104 -0.05522
0.01721 -0.05096
0.01342 -0.04619
0.0098 -0.041070
0.00651 -0.03578
0.00369 -0.03049
0.0015 -0.0254
7e-05 -0.02068
-0.00045 -0.012790
0.00045 -0.00984
0.00212 -0.00769
0.00453 -0.00641
0.00755 -0.00589
0.01103 -0.00598
0.0148 -0.00653
0.01873 -0.00739
0.02268 -0.008420
0.02662 -0.00961
0.03056 -0.01093
0.03449 -0.01239
0.03842 -0.01398
0.04234 -0.01568
0.04626 -0.01748
0.05018 -0.01937
0.0541 -0.021330
0.05801 -0.02335
0.06192 -0.02541
0.06583 -0.0275
0.06974 -0.02961
0.07365 -0.03173
0.07756 -0.033850
0.08147 -0.03595
0.08538 -0.03803
0.0893 -0.04009
0.09321 -0.04212
0.09712 -0.04412
0.10104 -0.04609
0.10495 -0.04801
0.10887 -0.0499
0.11279 -0.05174
0.11671 -0.05354
0.12063 -0.0553
0.12456 -0.05701
0.12848 -0.05868
0.13241 -0.06029
0.13634 -0.06186
0.14027 -0.063380
0.1442 -0.06485
0.14814 -0.06627
0.15207 -0.06763
0.15601 -0.06894
0.15995 -0.07019
0.16389 -0.07139
0.16784 -0.07252
0.17178 -0.0736
0.175730 -0.07461
0.17968 -0.07557
0.18363 -0.07646
0.18759 -0.077290
0.19155 -0.07808
0.1955 -0.07882
0.19946 -0.07951
0.20342 -0.08016
0.20739 -0.08075
0.21135 -0.08128
0.21532 -0.08173
0.21929 -0.08212
0.22326 -0.08242
0.22724 -0.082660
0.23122 -0.08282
0.2352 -0.08291
0.23918 -0.082930
0.24317 -0.0828800
0.247150 -0.08275
0.25115 -0.082540
0.25514 -0.08226
0.25914 -0.0819
0.26313 -0.08145
0.26714 -0.08092
0.27114 -0.08031
0.27515 -0.0796
0.27916 -0.07881
0.28318 -0.07792
0.28719 -0.07694
0.29122 -0.07585
0.29524 -0.07467
0.29927 -0.07337
0.3033 -0.07197
0.3073400 -0.07048
0.31138 -0.06889
0.31542 -0.06722
0.31946 -0.06547
0.32351 -0.06364
0.32756 -0.06173
0.33162 -0.05974
0.335670 -0.05768
0.33973 -0.05554
0.34379 -0.05331
0.34786 -0.05096
0.35193 -0.04848
0.356 -0.04585
0.36006 -0.04307
0.36395 -0.04027
0.36752 -0.03762
0.37061 -0.03528
0.37304 -0.03341
0.37467 -0.03215
0.37549 -0.03162
-Inserting Flap Ga2-
0.41669 0.02923
0.41665 0.029
0.416570 0.02857
0.41644 0.02792
0.41628 0.02711
0.41608 0.02618
0.41584 0.0252
0.41558 0.0242
0.41528 0.02323
0.41496 0.0223
0.41462 0.0214
0.41426 0.02053
0.413880 0.01967
0.4135 0.01884
0.4131 0.01802
0.41269 0.01721
0.41228 0.01641
0.41186 0.01563
0.41142 0.01486
0.41098 0.0141
0.41054 0.01335
0.41008 0.01261
0.40962 0.01188
0.40915 0.01116
0.40868 0.01045
0.4082 0.00975
0.407710 0.00905
0.40722 0.00837
0.40671 0.00771
0.4062 0.00705
0.40568 0.0064
0.405160 0.00575
0.40464 0.00511
0.40411 0.00448
0.40358 0.00385
0.40304 0.00323
0.4025 0.002610
0.40196 0.002
0.4014 0.0014
0.40085 0.00081
0.40028 0.00023
0.39971 -0.000350
0.39914 -0.00091
0.39856 -0.00147
0.397970 -0.00203
0.39739 -0.00258
0.39679 -0.00312
0.39619 -0.00365
0.39559 -0.0041800
0.39498 -0.0047
0.39437 -0.00521
0.39376 -0.00572
0.39314 -0.00622
0.39251 -0.00672
0.39188 -0.0072
0.391240 -0.00768
0.390590 -0.00815
0.38994 -0.00861
0.38929 -0.00906
0.38863 -0.00951
0.38796 -0.00994
0.38729 -0.010370
0.38661 -0.01079
0.385930 -0.0112
0.38524 -0.01161
0.38455 -0.012
0.38385 -0.012390
0.38314 -0.01278
0.38244 -0.01315
0.38172 -0.013520
0.381 -0.01388
0.38027 -0.01423
0.379540 -0.01457
0.37879 -0.01489
0.37803 -0.01519
0.37726 -0.01548
0.37648 -0.01576
0.37569 -0.01602
0.37489 -0.01626
0.37408 -0.01649
0.37325 -0.0167
0.37241 -0.01689
0.371550 -0.01705
0.37068 -0.01718
0.36978 -0.01729
0.36886 -0.01737
0.36793 -0.01743
0.36698 -0.01746
0.36601 -0.01746
0.36502 -0.01743
0.36399 -0.01735
0.36292 -0.01721
0.36179 -0.01699
0.36061 -0.01668
0.359420 -0.0163
0.35825 -0.01585
0.35717 -0.01534
0.35621 -0.014790
0.35541 -0.01421
0.35438 -0.01302
0.35416 -0.012440
0.35417 -0.01189
0.35440 -0.0114
0.35482 -0.01095
0.35539 -0.01055
0.35606 -0.01018
0.35679 -0.00984
0.35754 -0.00953
0.35832 -0.00925
0.3591 -0.00899
0.35991 -0.00875
0.36073 -0.00853
0.361560 -0.008330
0.362400 -0.00814
0.36325 -0.00797
0.36412 -0.007810
0.36498 -0.00766
0.36586 -0.00752
0.366730 -0.00739
0.36761 -0.00725
0.36849 -0.00712
0.36937 -0.00699
0.370250 -0.00685
0.37112 -0.00672
0.372 -0.00657
0.37287 -0.00643
0.37373 -0.00628
0.37459 -0.00612
0.37545 -0.005950
0.3763 -0.00578
0.37715 -0.00561
0.37799 -0.00542
0.37883 -0.00523
0.37966 -0.005030
0.38049 -0.00483
0.38131 -0.00461
0.38213 -0.00439
0.38294 -0.00416
0.38375 -0.00392
0.38455 -0.00367
0.38534 -0.00342
0.38612 -0.00315
0.3869 -0.00288
0.38768 -0.00259
0.38844 -0.0023
0.3892 -0.002
0.38996 -0.00168
0.3907 -0.00136
0.39144 -0.00103
0.39217 -0.000680
0.3929 -0.00033
0.39362 0.000064
0.39434 0.00039
0.39505 0.00076
0.39575 0.00115
0.39645 0.001540
0.39714 0.00194
0.39782 0.00236
0.39849 0.00279
0.39915 0.00323
0.39981 0.00368
0.40045 0.00415
0.40109 0.00462
0.40172 0.00511
0.402340 0.00561
0.40296 0.00613
0.40356 0.00665
0.40416 0.00719
0.40474 0.00774
0.40532 0.008310
0.40588 0.00889
0.40644 0.00949
0.40698 0.0101
0.40752 0.01072
0.40804 0.01136
0.40855 0.01202
0.40905 0.01269
0.40954 0.01338
0.41002 0.01409
0.41048 0.01482
0.41093 0.01556
0.41138 0.01631
0.41181 0.01708
0.41224 0.01786
0.41266 0.01865
0.41307 0.019450
0.413470 0.02027
0.41386 0.0211
0.41424 0.02195
0.4146 0.02281
0.41496 0.0237
0.41529 0.02461
0.4156 0.02554
0.41589 0.02646
0.41614 0.02731
0.41635 0.028050
0.41651 0.028650
0.41662 0.02904
0.41669 0.02923
-Inserting Flap Ga2-
0.48758 0.1043
0.48759 0.10408
0.4875800 0.10363
0.48757 0.1029700
0.48755 0.1021500
0.48751 0.1012
0.48745 0.10018
0.48736 0.09915
0.48724 0.09815
0.48709 0.09718
0.486910 0.09623
0.4867 0.09531
0.48648 0.09441
0.48625 0.09352
0.486 0.09264
0.48574 0.09177
0.485470 0.09092
0.48519 0.09007
0.48489 0.08924
0.48459 0.08841
0.48428 0.0876
0.48396 0.08679
0.48364 0.08599
0.4833 0.0852
0.48296 0.08442
0.48261 0.08364
0.482250 0.08288
0.48188 0.08212
0.4815 0.08137
0.48111 0.08064
0.48071 0.07991
0.48031 0.07918
0.4799 0.07846
0.47949 0.07775
0.47908 0.077030
0.47866 0.07633
0.47823 0.075630
0.4778 0.07493
0.47736 0.07425
0.47692 0.07357
0.47646 0.07289
0.476 0.07223
0.47553 0.07157
0.475060 0.07092
0.47458 0.07027
0.4741 0.06963
0.47361 0.0690
0.47311 0.06837
0.47261 0.06774
0.4721 0.06712
0.47159 0.06651
0.47107 0.0659
0.47054 0.0653
0.47001 0.06471
0.46947 0.06412
0.46893 0.063540
0.46838 0.06296
0.46782 0.0624
0.46725 0.06184
0.46668 0.06128
0.4661 0.06074
0.46551 0.0602
0.46492 0.05967
0.46432 0.05914
0.46371 0.05863
0.46309 0.05811
0.46247 0.057610
0.46184 0.05711
0.46121 0.056620
0.46057 0.05613
0.45993 0.05565
0.459270 0.05518
0.4586 0.05472
0.45792 0.05428
0.45723 0.05384
0.45652 0.05342
0.4558 0.05302
0.45507 0.05262
0.45432 0.05224
0.45356 0.05188
0.45279 0.05153
0.45199 0.0512
0.45117 0.05089
0.45033 0.05061
0.449460 0.05035
0.44858 0.05011
0.44767 0.04989
0.44674 0.04969
0.44579 0.04952
0.4448 0.0493800
0.44377 0.04928
0.44269 0.04924
0.44154 0.04926
0.44033 0.049350
0.43909 0.049520
0.43786 0.04976
0.43671 0.05007
0.43566 0.05045
0.43478 0.050880
0.43355 0.05188
0.43324 0.05241
0.43316 0.05295
0.4333 0.05348
0.433640 0.05399
0.43412 0.05449
0.43472 0.05497
0.43538 0.05542
0.43607 0.05586
0.43678 0.056270
0.43751 0.056670
0.438260 0.05705
0.43903 0.0574
0.43981 0.05775
0.44061 0.05807
0.44142 0.058390
0.44224 0.05869
0.44307 0.058990
0.443910 0.05928
0.444750 0.05957
0.44559 0.05985
0.44643 0.060140
0.44727 0.06042
0.44811 0.06070
0.44895 0.06099
0.44979 0.061280
0.45062 0.06158
0.451440 0.06188
0.45227 0.06218
0.45308 0.06249
0.45389 0.06281
0.45470 0.063130
0.45549 0.063460
0.45629 0.06379
0.45707 0.06413
0.45785 0.06448
0.45862 0.06483
0.45939 0.06519
0.46015 0.0655600
0.4609 0.06594
0.46164 0.06632
0.46238 0.06671
0.46311 0.06711
0.46383 0.06751
0.46454 0.067930
0.46524 0.06835
0.46594 0.06878
0.46663 0.06922
0.46731 0.06967
0.467970 0.07012
0.46864 0.07059
0.46929 0.07106
0.46994 0.07154
0.47058 0.07202
0.471220 0.07251
0.47184 0.07301
0.47246 0.07352
0.47307 0.07404
0.47367 0.07457
0.474250 0.0751
0.47483 0.07565
0.47539 0.07621
0.47595 0.07678
0.4765 0.07736
0.47703 0.07795
0.47756 0.07856
0.47807 0.07917
0.478580 0.07979
0.47907 0.08042
0.47955 0.08107
0.48002 0.081730
0.48047 0.08240
0.48092 0.08308
0.48135 0.08377
0.48177 0.08448
0.48217 0.0852
0.48256 0.08594
0.48294 0.08669
0.4833 0.08746
0.48364 0.08824
0.48397 0.08903
0.48429 0.08984
0.4846 0.090660
0.48489 0.09149
0.48518 0.09233
0.48545 0.093180
0.48571 0.09405
0.48597 0.09492
0.48621 0.095810
0.48643 0.09671
0.48665 0.09762
0.486840 0.09855
0.48701 0.09951
0.487150 0.10048
0.48728 0.10143
0.487380 0.10232
0.48745 0.10309
0.48751 0.1037
0.48755 0.10411
0.48758 0.1043
*.*.Setup: Ga2.txt as Flap 1, Inverted: y, Scale = 1.0, AoA = -2.0, Reposition from (0,0) = (0, 0)*.*.
*.*.Setup: Ga2.txt as Flap 2, Inverted: y, Scale = 0.2, AoA = 35.0, Reposition from previous T.E. = (-0.06, 0.055), Reposition from (0,0) = (0.9377, -0.029)*.*.
*.*.Setup: Ga2.txt as Flap 3, Inverted: y, Scale = 0.2, AoA = 45.0, Reposition from previous T.E. = (0.04, 0.065), Reposition from (0,0) = (1.1471, 0.1427)*.*.
*.*.Setup: Scale Ratio = 0.37636*.*.