0.35461 -0.01238
0.35227 -0.01414
0.34886 -0.0167
0.34494 -0.019130
0.34031 -0.02137
0.33475 -0.02356
0.32809 -0.02581
0.32028 -0.028130
0.31143 -0.03049
0.301760 -0.03283
0.29154 -0.03509
0.281 -0.03725
0.270320 -0.03927
0.25959 -0.04114
0.24886 -0.04282
0.238130 -0.04432
0.227370 -0.045630
0.21653 -0.04677
0.20555 -0.04774
0.19439 -0.04857
0.18301 -0.04928
0.17141 -0.04992
0.15964 -0.05051
0.14781 -0.05106
0.13607 -0.05158
0.1246 -0.052030
0.11358 -0.0523700
0.10321 -0.052550
0.093610 -0.05248
0.08474 -0.0521
0.07649 -0.051370
0.06873 -0.05027
0.06137 -0.04878
0.05438 -0.04691
0.04771 -0.04466
0.04137 -0.04205
0.03537 -0.039100
0.029760 -0.03587
0.02459 -0.03245
0.01996 -0.02896
0.015930 -0.02555
0.01252 -0.02234
0.00971 -0.01939
0.00742 -0.016690
0.00558 -0.01422
0.00409 -0.0119600
0.0029 -0.00988
0.00196 -0.00796
0.00123 -0.00619
0.00068 -0.00454
0.0003 -0.003
7e-05 -0.00156
-0.000029 -0.00021
9e-05 0.00107
0.00045 0.0023
0.00122 0.003360
0.00237 0.0041
0.00378 0.00456
0.005390 0.00483
0.00722 0.00498
0.009310 0.00505
0.01175 0.00504
0.01465 0.004940
0.01818 0.00475
0.02258 0.00441
0.02815 0.00389
0.03514 0.00313
0.0435400 0.002080
0.05294 0.00071
0.06302 -0.00099
0.07371 -0.00298
0.08492 -0.00519
0.09649 -0.00751
0.10821 -0.00989
0.11991 -0.01225
0.13147 -0.01454
0.14286 -0.016740
0.15409 -0.0188
0.165140 -0.02071
0.17604 -0.02244
0.1868 -0.02398
0.19745 -0.02532
0.20800 -0.02644
0.21847 -0.02733
0.22887 -0.028
0.23923 -0.02842
0.24955 -0.0286
0.25983 -0.02854
0.27006 -0.02824
0.28024 -0.02769
0.29031 -0.0269
0.3002 -0.02588
0.30974 -0.02464
0.31873 -0.02322
0.32692 -0.02166
0.33413 -0.02
0.340320 -0.01826
0.34559 -0.01646
0.35003 -0.01464
0.35461 -0.01238
-Inserting Flap s1223rtl-
0.44587 0.05607
0.44542 0.05515
0.444760 0.053810
0.443930 0.05243
0.44284 0.05099
0.44145 0.04943
0.43973 0.04767
0.43767 0.0457
0.43528 0.04356
0.43264 0.04129
0.42981 0.03896
0.42687 0.03662
0.423860 0.03429
0.42081 0.032
0.41773 0.029770
0.41462 0.0276
0.41147 0.02548
0.40827 0.0234
0.405 0.02136
0.40166 0.01933
0.39822 0.01729
0.3947 0.01525
0.39113 0.0132
0.38752 0.01115
0.38395 0.00912
0.3804400 0.00716
0.37706 0.0053
0.37385 0.0036
0.37085 0.00209
0.36802 0.0008
0.36533 -0.00028
0.36274 -0.00117
0.36021 -0.00188
0.35773 -0.0024
0.35529 -0.00276
0.3529 -0.00296
0.35056 -0.00299
0.3483 -0.00287
0.34614 -0.00263
0.3441400 -0.00227
0.34234 -0.00185
0.34077 -0.001390
0.33943 -0.00092
0.33828 -0.00044
0.337320 0.000099
0.33649 0.0005
0.33579 0.00096
0.33519 0.00141
0.33468 0.00185
0.33425 0.00228
0.33389 0.00269
0.33359 0.00311
0.33335 0.00352
0.33317 0.00393
0.33309 0.00437
0.33316 0.00483
0.3334 0.00524
0.33377 0.00561
0.33423 0.00595
0.33478 0.006280
0.33542 0.00664
0.33618 0.00702
0.3371 0.00745
0.33823 0.00795
0.33966 0.00855
0.34148 0.00927
0.34378 0.01014
0.34656 0.01115
0.3497100 0.01222
0.35313 0.01329
0.35678 0.01437
0.36062 0.01546
0.3646 0.01657
0.36863 0.01769
0.372660 0.01882
0.37663 0.01994
0.38053 0.02107
0.38436 0.02220
0.38811 0.02337
0.391780 0.02456
0.39538 0.02579
0.39891 0.02706
0.40238 0.02839
0.40579 0.02977
0.40914 0.03122
0.41244 0.03273
0.41568 0.03432
0.41888 0.035970
0.42202 0.03769
0.42511 0.039480
0.42813 0.04132
0.43105 0.04321
0.43383 0.04512
0.4364 0.04699
0.43871 0.04877
0.44069 0.05044
0.44235 0.05197
0.4437 0.05336
0.4448 0.05464
0.44587 0.05607
-Inserting Flap s1223rtl-
0.53745 0.15186
0.53726 0.15086
0.536970 0.14939
0.53652 0.14784
0.53584 0.146180
0.53491 0.1443
0.5337 0.142160
0.53222 0.13973
0.53046 0.137040
0.5285 0.13417
0.526370 0.13118
0.52413 0.128150
0.52183 0.12513
0.519470 0.12213
0.51708 0.11918
0.514640 0.11628
0.51215 0.11341
0.50959 0.11058
0.50697 0.10776
0.50426 0.10493
0.50146 0.10208
0.4986 0.09919
0.49567 0.09628
0.49273 0.09337
0.48979 0.09049
0.48691 0.08768
0.48413 0.08501
0.48147 0.08254
0.47896 0.08031
0.476570 0.07833
0.47425 0.07659
0.47197 0.07506
0.46971 0.07372
0.467450 0.07257
0.46519 0.071590
0.46293 0.07079
0.46068 0.07015
0.45846 0.06967
0.45632 0.06936
0.45429 0.06918
0.45245 0.06912
0.45081 0.06916
0.44939 0.06927
0.44816 0.06943
0.4471 0.06964
0.446190 0.06988
0.44539 0.07015
0.4447 0.07042
0.44409 0.07071
0.44356 0.07101
0.4431 0.071320
0.4427 0.07164
0.44237 0.07198
0.44209 0.07233
0.4419 0.07274
0.44185 0.07319
0.44198 0.073660
0.44224 0.07411
0.44259 0.07455
0.44303 0.07502
0.44356 0.07553
0.4442 0.0761
0.44497 0.07675
0.44594 0.07753
0.44716 0.07847
0.44873 0.07964
0.45073 0.08108
0.45316 0.08277
0.45592 0.08462
0.45894 0.08654
0.4621900 0.08852
0.46562 0.09058
0.46918 0.09268
0.47278 0.09481
0.47638 0.09693
0.479920 0.09904
0.4834 0.10114
0.48680 0.10323
0.49012 0.10532
0.49336 0.10742
0.49652 0.10954
0.49961 0.11169
0.502610 0.11387
0.50555 0.11609
0.50841 0.11835
0.5112 0.12067
0.51393 0.123040
0.51659 0.12546
0.51918 0.12794
0.5217 0.13046
0.52413 0.13303
0.52646 0.13561
0.52866 0.13816
0.53066 0.14064
0.53242 0.14296
0.53391 0.14508
0.53512 0.14699
0.53606 0.14869
0.536790 0.1502
0.53745 0.15186
*.*.Setup: s1223rtl.txt as Flap 1, Inverted: y, Scale = 1.0, AoA = -2.0, Reposition from (0,0) = (0, 0)*.*.
*.*.Setup: s1223rtl.txt as Flap 2, Inverted: y, Scale = 0.35, AoA = 25.0, Reposition from previous T.E. = (-0.06, 0.045), Reposition from (0,0) = (0.9394, 0.0101)*.*.
*.*.Setup: s1223rtl.txt as Flap 3, Inverted: y, Scale = 0.35, AoA = 40.0, Reposition from previous T.E. = (-0.01, 0.045), Reposition from (0,0) = (1.2466, 0.203)*.*.
*.*.Setup: Scale Ratio = 0.35482*.*.