0.33876 0.01183
0.33665 0.01
0.33357 0.00733
0.33 0.00475
0.32574 0.00231
0.32058 -0.00014
0.31439 -0.00273
0.3071 -0.005470
0.29882 -0.0083
0.28976 -0.01118
0.28017 -0.014020
0.27027 -0.01677
0.26023 -0.01941
0.25013 -0.0219
0.24001 -0.02422
0.22989 -0.02637
0.2197200 -0.02834
0.20946 -0.03014
0.19907 -0.0318
0.18849 -0.03333
0.17769 -0.03477
0.16668 -0.03615
0.1555 -0.0375
0.14426 -0.03881
0.13311 -0.04009
0.12221 -0.04128
0.11173 -0.04234
0.1018600 -0.0432
0.09271 -0.04377
0.08423 -0.04401
0.07632 -0.04386
0.06884 -0.04332
0.06174 -0.0424
0.0549500 -0.04108
0.04844 -0.03938
0.04223 -0.03731
0.03632 -0.03491
0.03075 -0.0322
0.0256 -0.02928
0.02095 -0.02627
0.01688 -0.02329
0.0134200 -0.02046
0.01055 -0.01783
0.00819 -0.01541
0.00626 -0.01318
0.0047 -0.01112
0.00343 -0.00922
0.0024 -0.00746
0.00159 -0.00582
0.00095 -0.00428
0.00048 -0.00284
0.00017 -0.00149
0.000013 -0.0002
0.000035 0.00102
0.00027 0.00222
0.00093 0.00329
0.00198 0.00407
0.00330 0.0046
0.00481 0.00496
0.006550 0.00523
0.00854 0.00543
0.01086 0.00558
0.01363 0.00569
0.01701 0.00573
0.021220 0.00571
0.02656 0.00558
0.03328 0.00532
0.04135 0.00488
0.0504 0.0042
0.06013 0.00326
0.07045 0.00207
0.08128 0.00072
0.09245 -0.00073
0.10378 -0.00221
0.11509 -0.00368
0.12626 -0.00510
0.13726 -0.00643
0.1481 -0.00765
0.15875 -0.008730
0.169260 -0.00966
0.17962 -0.01041
0.18985 -0.01097
0.19998 -0.01134
0.21002 -0.01149
0.21998 -0.01143
0.22988 -0.01114
0.23972 -0.01063
0.24951 -0.00989
0.25925 -0.0089100
0.26891 -0.00771
0.27846 -0.006290
0.28781 -0.00466
0.29682 -0.00284
0.30529 -0.00089
0.31299 0.00114
0.31975 0.00321
0.32554 0.00528
0.33044 0.00734
0.33455 0.009380
0.33876 0.01183
-Inserting Flap s1223rtl-
0.44854 0.084
0.44811 0.08312
0.44749 0.08184
0.44669 0.08052
0.44565 0.07915
0.44433 0.07766
0.44268 0.07598
0.44071 0.0741
0.43843 0.07205
0.43590 0.069890
0.4332 0.06766
0.43039 0.06542
0.42752 0.0632
0.4246 0.06101
0.42166 0.05888
0.41869 0.05681
0.41568 0.05478
0.41263 0.05280
0.40951 0.05084
0.40631 0.0489
0.40302 0.046960
0.39966 0.04501
0.39625 0.04305
0.39281 0.041090
0.38939 0.0391500
0.38604 0.03728
0.38281 0.0355
0.37975 0.03388
0.37688 0.03244
0.37418 0.0312
0.37161 0.03017
0.369130 0.02932
0.36671 0.02865
0.36434 0.02814
0.36201 0.0278
0.35973 0.027620
0.35749 0.02758
0.35533 0.0276900
0.35327 0.02793
0.35136 0.02827
0.34965 0.02867
0.348140 0.02911
0.34686 0.02956
0.34577 0.03002
0.34484 0.03047
0.34406 0.03092
0.34339 0.03136
0.34281 0.031790
0.34233 0.032210
0.341910 0.03261
0.34157 0.03301
0.34128 0.03341
0.34105 0.0338
0.34089 0.03419
0.34081 0.03462
0.340870 0.0350500
0.3411 0.03545
0.34146 0.03579
0.34189 0.03612
0.342420 0.03644
0.34303 0.03678
0.343760 0.03715
0.34464 0.03756
0.34572 0.03804
0.34708 0.0386
0.34882 0.03929
0.35102 0.04013
0.35368 0.04109
0.35668 0.042110
0.35995 0.04314
0.36343 0.04416
0.36711 0.04521
0.37091 0.04627
0.37476 0.04734
0.3786 0.04842
0.3824 0.04949
0.38612 0.05056
0.38978 0.05165
0.39336 0.052760
0.39687 0.0539
0.40031 0.05507
0.40369 0.05629
0.407 0.05756
0.410260 0.05888
0.41346 0.060270
0.41661 0.06171
0.41971 0.06322
0.42276 0.0648
0.42576 0.066440
0.42871 0.06815
0.431590 0.06992
0.43438 0.07172
0.43704 0.07354
0.4395 0.07533
0.4417 0.07703
0.4436 0.07862
0.44518 0.08008
0.44648 0.08142
0.44752 0.08264
0.44854 0.084
-Inserting Flap s1223rtl-
0.54599 0.18654
0.54589 0.18556
0.545740000 0.18415
0.54544 0.18263
0.54493 0.18099
0.5442 0.17913
0.54323 0.17699
0.54202 0.17455
0.54058 0.17185
0.53894 0.16895
0.53716 0.16593
0.53529 0.16286
0.53335 0.15979
0.53136 0.15674
0.52932 0.153740
0.52724 0.15077
0.52511 0.14784
0.52291 0.14493
0.52065 0.142020
0.51831 0.13911
0.51589 0.13616
0.5134 0.13318
0.51086 0.13016
0.5083 0.12714
0.50574 0.12416
0.50324 0.12125
0.50081 0.11848
0.49849 0.1159
0.49628 0.11357
0.49417 0.11149
0.49211 0.10964
0.49007 0.10799
0.48803 0.10653
0.48597 0.10525
0.4839 0.10413
0.481820 0.10317
0.479730 0.102380
0.47766 0.10174
0.47565 0.10126
0.47374 0.10092
0.47198 0.10071
0.47042 0.10061
0.46906 0.1006
0.4678800 0.10065
0.46685 0.10077
0.46596 0.10092
0.46518 0.1011
0.4645 0.10131
0.4639 0.10153
0.46337000 0.10178
0.46291 0.10203
0.4625 0.1023
0.46215 0.10259
0.46186 0.10291
0.46164 0.103280
0.46156 0.10371
0.46164 0.10416
0.461850 0.10461
0.46215 0.10506
0.46253 0.10555
0.46299 0.10607
0.46355 0.10667
0.46424 0.10736
0.46509 0.10817
0.46617 0.10917
0.46757 0.11041
0.46935 0.11195
0.47152 0.113760
0.474 0.11575
0.47672 0.117830
0.47964 0.11999
0.48274 0.12223
0.48594 0.12453
0.4892 0.12685
0.49244 0.12917
0.4956400 0.13148
0.49877 0.13376
0.50184 0.13604
0.50482 0.1383
0.50773 0.14057
0.51056 0.14285
0.513320 0.14515
0.516 0.14748
0.51861 0.14984
0.52114 0.15223
0.52361 0.15467
0.526 0.15715
0.528330 0.15967
0.53059 0.16225
0.53278 0.16486
0.53488 0.1675
0.53689 0.170150
0.53876 0.17277
0.54046 0.17529
0.54195 0.17765
0.54319 0.17979
0.54417 0.1817
0.54493 0.1834
0.5455 0.1849
0.54599 0.18654
*.*.Setup: s1223rtl.txt as Flap 1, Inverted: y, Scale = 1.0, AoA = 2.0, Reposition from (0,0) = (0, 0)*.*.
*.*.Setup: s1223rtl.txt as Flap 2, Inverted: y, Scale = 0.35, AoA = 25.0, Reposition from previous T.E. = (0.0067, 0.065), Reposition from (0,0) = (1.0061, 0.0999)*.*.
*.*.Setup: s1223rtl.txt as Flap 3, Inverted: y, Scale = 0.35, AoA = 45.0, Reposition from previous T.E. = (0.04, 0.055), Reposition from (0,0) = (1.3633, 0.3028)*.*.
*.*.Setup: Scale Ratio = 0.33897*.*.