0.3324 0.01161
0.33032 0.00981
0.3273 0.0072
0.3238 0.00467
0.31962 0.00227
0.31456 -0.00014
0.30848 -0.00268
0.30133 -0.005360
0.29321 -0.00815
0.28431 -0.01097
0.2749 -0.013750
0.2652 -0.01646
0.25534 -0.01905
0.24543 -0.02149
0.2355 -0.02377
0.22557 -0.02587
0.2155900 -0.0278
0.20553 -0.02957
0.19533 -0.0312
0.18495 -0.0327
0.17435 -0.03412
0.16354 -0.03547
0.15258 -0.03679
0.14155 -0.03808
0.13061 -0.03934
0.11991 -0.04051
0.10963 -0.04155
0.0999500 -0.04239
0.09096 -0.04295
0.08265 -0.04318
0.07488 -0.04303
0.06755 -0.04251
0.06058 -0.0416
0.0539100 -0.04031
0.04753 -0.03864
0.04143 -0.03661
0.03563 -0.03425
0.03017 -0.0316
0.02512 -0.02873
0.02056 -0.02577
0.01656 -0.02285
0.0131700 -0.02007
0.01035 -0.0175
0.00803 -0.01512
0.00614 -0.01293
0.00461 -0.01091
0.00336 -0.00905
0.00236 -0.00732
0.00156 -0.00571
0.00093 -0.0042
0.00047 -0.00279
0.00016 -0.00146
0.000013 -0.0002
0.000035 0.001
0.00027 0.00218
0.00092 0.00322
0.00195 0.00399
0.003240 0.00451
0.00472 0.00487
0.006420 0.00513
0.00838 0.00533
0.01066 0.00548
0.01338 0.00558
0.01669 0.00563
0.020820 0.0056
0.02606 0.00548
0.03266 0.00522
0.04057 0.00479
0.04946 0.00412
0.059 0.0032
0.06912 0.00203
0.07975 0.0007
0.09071 -0.00071
0.10183 -0.00217
0.11292 -0.00361
0.12389 -0.0050
0.13468 -0.00631
0.14531 -0.0075
0.15577 -0.008570
0.166080 -0.00948
0.17624 -0.01021
0.18628 -0.01077
0.19622 -0.01112
0.20607 -0.01127
0.21585 -0.01121
0.22556 -0.01093
0.23522 -0.01043
0.24483 -0.0097
0.25438 -0.0087500
0.26386 -0.00757
0.27323 -0.006170
0.2824 -0.00457
0.29124 -0.00279
0.29956 -0.00087
0.30711 0.00112
0.31374 0.00315
0.31943 0.00518
0.32423 0.0072
0.32827 0.00920
0.3324 0.01161
-Inserting Flap s1223rtl-
0.4512 0.07577
0.45078 0.07491
0.450170 0.07365
0.449380 0.07236
0.44836 0.07102
0.44706 0.06955
0.44545 0.0679
0.44352 0.06606
0.44128 0.06405
0.4388 0.061920
0.43615 0.05974
0.43339 0.05754
0.430570 0.05536
0.42771 0.05321
0.42482 0.05112
0.42191 0.04909
0.41896 0.0471
0.41596 0.045150
0.4129 0.04324
0.40976 0.04133
0.40654 0.039430
0.40324 0.03751
0.39989 0.03559
0.39651 0.033660
0.39316 0.0317600
0.3898700 0.02992
0.3867 0.02818
0.3837 0.02659
0.38088 0.02518
0.37823 0.02397
0.37571 0.02295
0.37328 0.02212
0.37091 0.02146
0.36858 0.02096
0.3663 0.02063
0.36406 0.020440
0.36186 0.02041
0.35974 0.0205200
0.35772 0.02075
0.3558500 0.02108
0.35416 0.02148
0.35269 0.02191
0.35143 0.02235
0.35036 0.0228
0.349450 0.02325
0.34868 0.02369
0.34802 0.02412
0.34746 0.024540
0.34698 0.024950
0.34658 0.02535
0.34623 0.02574
0.34595 0.02613
0.34573 0.02651
0.34557 0.0269
0.34549 0.02731
0.34555 0.0277400
0.34578 0.02813
0.34613 0.02847
0.34656 0.02879
0.34707 0.02911
0.34767 0.02944
0.34838 0.0298
0.34925 0.0302
0.35031 0.03067
0.35164 0.03123
0.35335 0.0319
0.35551 0.03272
0.35812 0.03367
0.3610700 0.034670
0.36427 0.03567
0.36769 0.03668
0.3713 0.03771
0.37502 0.03875
0.3788 0.0398
0.382570 0.04085
0.3863 0.04191
0.38995 0.04296
0.39354 0.04403
0.39706 0.045120
0.40050 0.04623
0.40388 0.04739
0.40719 0.04858
0.41044 0.04983
0.41363 0.05112
0.41677 0.052480
0.41986 0.0539
0.42291 0.05538
0.4259 0.05693
0.42885 0.058540
0.43174 0.06022
0.43457 0.06195
0.43731 0.06372
0.43991 0.0655
0.44233 0.06726
0.44449 0.06893
0.44635 0.07049
0.4479 0.07193
0.44917 0.07324
0.4502 0.07443
0.4512 0.07577
-Inserting Flap s1223rtl-
0.54682 0.1797
0.54672 0.17875
0.54657 0.17736
0.54628 0.17588
0.54578 0.17426
0.54506 0.17244
0.54411 0.17034
0.542920 0.16794
0.5415 0.16529
0.53990 0.16245
0.538160 0.15949
0.536320 0.15648
0.53441 0.15346
0.53246 0.15047
0.53046 0.147520
0.52842 0.14461
0.52633 0.14173
0.52418 0.13888
0.52195 0.136030
0.51965 0.13317
0.51728 0.13027
0.51484 0.12735
0.51234 0.12439
0.50983 0.12143
0.50733 0.1185
0.50487 0.11564
0.50249 0.11292
0.50021 0.1104
0.49804 0.10811
0.49597 0.10607
0.49395 0.10425
0.49194 0.10263
0.48994 0.1012
0.487930 0.09994
0.4859 0.09885
0.48385 0.09791
0.4818 0.097130
0.47977 0.0965
0.47779 0.09603
0.47592 0.0957
0.4742 0.09549
0.47267 0.0954
0.471330 0.09538
0.47017 0.09544
0.46917 0.09555
0.46829 0.0957
0.46753 0.09588
0.46686 0.09608
0.46627 0.0963
0.46575 0.09654
0.46529 0.09679
0.46490 0.09706
0.46456 0.09734
0.46427 0.09765
0.46405 0.098010
0.463970 0.09843
0.46405 0.09888
0.46426 0.09932
0.46455 0.09976
0.464930 0.10024
0.46538 0.10075
0.46593 0.10134
0.46660 0.10201
0.46744 0.10281
0.4685 0.10379
0.46987 0.10501
0.47162 0.10652
0.47375 0.10830
0.4761800 0.11025
0.47884 0.112290
0.48171 0.11441
0.484750 0.11661
0.4879 0.11886
0.49109 0.12114
0.49427 0.12342
0.49741 0.12568
0.50049 0.12792
0.503490 0.13016
0.50643 0.13238
0.50928 0.13461
0.51206 0.13684
0.51476 0.1391
0.51739 0.14138
0.51995 0.14369
0.52243 0.14604
0.52485 0.14843
0.52721 0.15087
0.52949 0.15335
0.53171 0.15587
0.53385 0.15844
0.53592 0.16103
0.537880 0.163630
0.53972 0.1662
0.54139 0.16867
0.54285 0.17098
0.54407 0.17309
0.54503 0.17496
0.54578 0.17663
0.54634 0.1781
0.54682 0.1797
*.*.Setup: s1223rtl.txt as Flap 1, Inverted: y, Scale = 1.0, AoA = 2.0, Reposition from (0,0) = (0, 0)*.*.
*.*.Setup: s1223rtl.txt as Flap 2, Inverted: y, Scale = 0.35, AoA = 25.0, Reposition from previous T.E. = (0.04, 0.045), Reposition from (0,0) = (1.0394, 0.0799)*.*.
*.*.Setup: s1223rtl.txt as Flap 3, Inverted: y, Scale = 0.35, AoA = 45.0, Reposition from previous T.E. = (0.04, 0.065), Reposition from (0,0) = (1.3966, 0.2928)*.*.
*.*.Setup: Scale Ratio = 0.3326*.*.