0.34764 -0.01214
0.34534 -0.01386
0.342 -0.01637
0.33817 -0.018760
0.33362 -0.02095
0.32817 -0.0231
0.32165 -0.0253
0.31399 -0.027580
0.30531 -0.02989
0.295820 -0.03218
0.28581 -0.0344
0.27548 -0.03652
0.265010 -0.0385
0.25449 -0.04033
0.24397 -0.04198
0.233450 -0.04345
0.22290 -0.044740
0.21227 -0.04585
0.20151 -0.0468
0.19057 -0.04761
0.17941 -0.04831
0.16804 -0.04894
0.1565 -0.04952
0.1449 -0.05006
0.13339 -0.05057
0.12215 -0.051010
0.11135 -0.0513400
0.10118 -0.051510
0.091770 -0.05145
0.08308 -0.05108
0.07499 -0.050360
0.06738 -0.04928
0.06017 -0.04782
0.05331 -0.04599
0.04677 -0.04378
0.04056 -0.04122
0.03468 -0.0383300
0.029170 -0.03517
0.02411 -0.03181
0.01957 -0.02839
0.015610 -0.02505
0.01228 -0.0219
0.00952 -0.01901
0.00728 -0.016360
0.00547 -0.01394
0.00401 -0.0117200
0.00285 -0.00968
0.00192 -0.00781
0.00121 -0.00607
0.00067 -0.00445
0.00029 -0.00294
6e-05 -0.00153
-0.000029 -0.00021
9e-05 0.00105
0.00044 0.00226
0.00119 0.00330
0.00232 0.00402
0.00371 0.00447
0.005280 0.00473
0.00707 0.00488
0.009130 0.00495
0.01152 0.00494
0.01436 0.004850
0.01782 0.00465
0.02213 0.00433
0.02759 0.00381
0.03445 0.00307
0.0426800 0.002030
0.0519 0.0007
0.06179 -0.00097
0.07226 -0.00292
0.08326 -0.00508
0.09459 -0.00736
0.10608 -0.00969
0.11755 -0.01201
0.12889 -0.01426
0.14006 -0.016410
0.15106 -0.01843
0.161890 -0.0203
0.17258 -0.022
0.18313 -0.02351
0.19357 -0.02482
0.2039100 -0.02592
0.21418 -0.0268
0.22438 -0.02744
0.23453 -0.02786
0.24464 -0.02804
0.25472 -0.02798
0.26476 -0.02768
0.27473 -0.02715
0.28461 -0.02637
0.2943 -0.02537
0.30365 -0.02416
0.31246 -0.02277
0.32049 -0.02124
0.32756 -0.01961
0.333640 -0.0179
0.3388 -0.01614
0.34315 -0.01435
0.34764 -0.01214
-Inserting Flap s1223rtl-
0.4487 0.05844
0.44826 0.05754
0.44762 0.056230
0.4468 0.05488
0.44573 0.05347
0.44437 0.05193
0.44269 0.05021
0.440660 0.04828
0.43832 0.04618
0.43573 0.04396
0.43296 0.04168
0.43007 0.03938
0.42712 0.03709
0.42413 0.03485
0.42111 0.032670
0.41807 0.03054
0.41498 0.02846
0.41184 0.02642
0.40864 0.02442
0.40536 0.02243
0.40199 0.02043
0.398540 0.01843
0.39503 0.01642
0.391500 0.0144
0.388 0.01242
0.38456 0.01049
0.38124 0.00867
0.3781 0.007
0.37516 0.00553
0.37239 0.00426
0.36975 0.0032
0.3672 0.00233
0.36472 0.00164
0.36229 0.00112
0.3599 0.00077
0.35756 0.00058
0.35527 0.00055
0.35305 0.00066
0.35093 0.0009
0.34897 0.00125
0.34721 0.00166
0.34567 0.002110
0.34435 0.00258
0.34323 0.00305
0.34228 0.00351
0.34147 0.00397
0.34079 0.00442
0.3402 0.00486
0.3397 0.00529
0.33928 0.00571
0.33892 0.00612
0.33862 0.00652
0.33839 0.00692
0.33822 0.00733
0.33814 0.00777
0.33821 0.00821
0.33845 0.00862
0.33881 0.00897
0.33926 0.00931
0.33979 0.009640
0.34042 0.00999
0.34117 0.01036
0.34207 0.01079
0.34318 0.01128
0.34458 0.01186
0.34636 0.01257
0.34862 0.01342
0.35135 0.01441
0.35444 0.01546
0.35778 0.01651
0.36136 0.01756
0.36513 0.01864
0.36903 0.01973
0.37298 0.02083
0.37693 0.02193
0.38082 0.02303
0.38465 0.02413
0.3884 0.025250
0.39207 0.02638
0.39568 0.02755
0.39921 0.02876
0.40267 0.03001
0.40607 0.03131
0.40941 0.03267
0.41269 0.03409
0.41593 0.03557
0.419110 0.03712
0.42224 0.038740
0.42533 0.04043
0.42835 0.042180
0.43131 0.04399
0.43417 0.04584
0.43689 0.04771
0.43942 0.04954
0.44168 0.05129
0.44363 0.05293
0.44525 0.05442
0.44658 0.05579
0.44765 0.05704
0.4487 0.05844
-Inserting Flap s1223rtl-
0.53849 0.15931
0.53829 0.15833
0.53801 0.15689
0.537570 0.15537
0.5369100 0.153740
0.53599 0.1519
0.53481 0.14980
0.53335 0.14742
0.53163 0.144780
0.5297 0.14197
0.52762 0.13904
0.52543 0.136070
0.52317 0.1331
0.52086 0.13017
0.518510 0.12727
0.51612 0.12443
0.51368 0.12162
0.51117 0.11884
0.5086 0.11608
0.50594 0.1133
0.5032 0.11051
0.50039 0.10768
0.49753 0.10483
0.49464 0.10197
0.49176 0.09914
0.488940 0.09639
0.48621 0.09378
0.4836 0.09135
0.481140 0.08916
0.47879 0.08723
0.47652 0.08552
0.47429 0.08402
0.47207 0.08271
0.46986 0.08158
0.46764 0.080620
0.46543 0.07983
0.46322 0.07921
0.46105 0.07874
0.45894 0.07843
0.45696 0.07825
0.45515 0.0782
0.45355 0.07823
0.45215 0.07834
0.45095 0.0785
0.44991 0.07871
0.44901 0.07895
0.44823 0.0792
0.44755 0.07948
0.446960 0.07976
0.44644 0.08005
0.44599 0.080360
0.4456 0.08067
0.44527 0.081
0.445 0.08135
0.44481 0.08175
0.44476 0.08219
0.444890 0.082650
0.44514 0.08308
0.44549 0.08352
0.44592 0.08398
0.44644 0.08448
0.44706 0.08504
0.447820 0.08568
0.44877 0.08644
0.44997 0.08736
0.45151 0.08851
0.45347 0.08992
0.45585 0.09158
0.458560 0.09339
0.46152 0.09527
0.4647 0.09722
0.46807 0.09923
0.47155 0.10129
0.47509 0.10338
0.47861 0.10546
0.48209 0.10753
0.48549 0.10959
0.48883 0.11164
0.49209 0.11369
0.49526 0.11575
0.49836 0.11783
0.50138 0.11993
0.50433 0.12207
0.507210 0.12424
0.51001 0.12646
0.51275 0.12873
0.515420 0.131060
0.51803 0.13343
0.520570 0.13586
0.52304 0.13834
0.52543 0.14085
0.52771 0.14338
0.52986 0.14588
0.53183 0.14831
0.53356 0.15059
0.53501 0.15267
0.53619 0.15454
0.53712 0.1562
0.53784 0.15769
0.53849 0.15931
*.*.Setup: s1223rtl.txt as Flap 1, Inverted: y, Scale = 1.0, AoA = -2.0, Reposition from (0,0) = (0, 0)*.*.
*.*.Setup: s1223rtl.txt as Flap 2, Inverted: y, Scale = 0.35, AoA = 25.0, Reposition from previous T.E. = (-0.0267, 0.055), Reposition from (0,0) = (0.9727, 0.0201)*.*.
*.*.Setup: s1223rtl.txt as Flap 3, Inverted: y, Scale = 0.35, AoA = 40.0, Reposition from previous T.E. = (-0.01, 0.065), Reposition from (0,0) = (1.2799, 0.233)*.*.
*.*.Setup: Scale Ratio = 0.34785*.*.