0.36388 -0.03064
0.36308 -0.031390
0.36149 -0.03284
0.359120 -0.03497
0.35612 -0.03764
0.352650 -0.04064
0.34886 -0.04378
0.34491 -0.04687
0.34095 -0.049750
0.337 -0.05241
0.33305 -0.05489
0.32911 -0.057220
0.32517 -0.059430
0.32124 -0.06154
0.31731 -0.06356
0.31338 -0.06551
0.30945 -0.06737
0.30553 -0.06917
0.30161 -0.07089
0.29769 -0.07255
0.29377 -0.07415
0.28986 -0.07569
0.28595 -0.07717
0.28204 -0.07859
0.27813 -0.07996
0.27422 -0.08127
0.27032 -0.08252
0.26642 -0.08371
0.26252 -0.08483
0.25862 -0.08589
0.25472 -0.0869
0.25083 -0.08787
0.24694 -0.08881
0.24304 -0.08972
0.23915 -0.09061
0.23526 -0.09146
0.23137 -0.09227
0.22749 -0.09303
0.2236 -0.09374
0.21972 -0.0944
0.21583 -0.09501
0.21195 -0.09558
0.20807 -0.0961
0.2042 -0.09658
0.20032 -0.09702
0.19645 -0.097420
0.192570 -0.09778
0.1887 -0.0981
0.18483 -0.09839
0.18096 -0.09864
0.17709 -0.09885
0.17323 -0.09902
0.16936 -0.09914
0.1655 -0.099220
0.16164 -0.09925
0.15778 -0.09923
0.15392 -0.09917
0.15006 -0.09907
0.14621 -0.09891
0.14235 -0.09871
0.1385 -0.09846
0.13465 -0.09816
0.1308 -0.09781
0.12696 -0.09741
0.12311 -0.09696
0.11927 -0.09647
0.11543 -0.09593
0.11159 -0.09536
0.10775 -0.0947600
0.10391 -0.09411
0.10007 -0.0934
0.09624 -0.09262
0.09241 -0.09177
0.08858 -0.09083
0.08476 -0.0898
0.08093 -0.08868
0.07712 -0.087480
0.0733 -0.08618
0.06949 -0.0848
0.06568 -0.08332
0.06188 -0.081710
0.05808 -0.07998
0.05428 -0.0781
0.05049 -0.07606
0.046710 -0.07386
0.04293 -0.0715
0.03916 -0.069
0.03539 -0.06635
0.03163 -0.06354
0.02787 -0.06052
0.02413 -0.05720
0.02039 -0.05352
0.01668 -0.04938
0.013 -0.04477
0.0095 -0.03980
0.0063 -0.03467
0.00358 -0.02955
0.00146 -0.02462
7e-05 -0.02004
-0.00043 -0.01240
0.00044 -0.00954
0.00206 -0.00746
0.00439 -0.00622
0.00732 -0.00571
0.01068 -0.0058
0.01435 -0.00633
0.01815 -0.00716
0.02198 -0.008160
0.0258 -0.00931
0.02961 -0.0106
0.03343 -0.01201
0.03723 -0.01355
0.04104 -0.01519
0.04483 -0.01694
0.04863 -0.01877
0.05243 -0.020670
0.05622 -0.02263
0.06001 -0.02462
0.0638 -0.02665
0.06759 -0.0287
0.07138 -0.03075
0.07517 -0.03280
0.07895 -0.03484
0.08274 -0.03686
0.08654 -0.03885
0.09033 -0.04082
0.09412 -0.04276
0.09791 -0.04466
0.10171 -0.04653
0.10551 -0.04836
0.1093 -0.05014
0.1131 -0.05189
0.11691 -0.05359
0.12071 -0.05525
0.12451 -0.05686
0.12832 -0.05843
0.13213 -0.05995
0.13593 -0.061420
0.13975 -0.06285
0.14356 -0.06422
0.14737 -0.06554
0.15119 -0.06681
0.15501 -0.06802
0.15883 -0.06918
0.16265 -0.07028
0.16647 -0.07132
0.17030 -0.07231
0.17413 -0.07323
0.17796 -0.07409
0.18179 -0.07490
0.18562 -0.07567
0.18946 -0.07638
0.1933 -0.07706
0.19714 -0.07768
0.20098 -0.07825
0.20482 -0.07876
0.20866 -0.07921
0.21251 -0.07958
0.21636 -0.07988
0.22022 -0.08010
0.22407 -0.08026
0.22793 -0.08035
0.23179 -0.080360
0.23565 -0.0803100
0.239510 -0.08019
0.24338 -0.079990
0.24725 -0.07972
0.25113 -0.07937
0.255 -0.07893
0.25888 -0.07842
0.26276 -0.07782
0.26665 -0.07714
0.27053 -0.07637
0.27442 -0.07551
0.27832 -0.07456
0.28221 -0.07351
0.28612 -0.07236
0.29002 -0.0711
0.29393 -0.06975
0.2978400 -0.0683
0.30175 -0.06676
0.30567 -0.06514
0.30959 -0.06344
0.31351 -0.06167
0.31744 -0.05982
0.32137 -0.05789
0.32530 -0.0559
0.32923 -0.05383
0.33317 -0.05166
0.3371 -0.04939
0.34105 -0.04698
0.345 -0.04443
0.34893 -0.04173
0.3527 -0.03902
0.35616 -0.03646
0.35915 -0.03419
0.36151 -0.03238
0.36309 -0.03116
0.36388 -0.03064
-Inserting Flap Ga2-
0.44028 0.02832
0.44024 0.02811
0.440160 0.02768
0.44004 0.02706
0.43988 0.02627
0.43969 0.02537
0.43946 0.02442
0.43921 0.02345
0.43892 0.02251
0.43861 0.02161
0.43828 0.02074
0.43793 0.01989
0.437560 0.01907
0.43719 0.01826
0.43681 0.01746
0.43641 0.01668
0.43601 0.01591
0.4356 0.01515
0.43518 0.0144
0.43475 0.01366
0.43432 0.01294
0.43388 0.01222
0.43343 0.01151
0.43298 0.01081
0.43252 0.01012
0.43206 0.00944
0.431580 0.00878
0.4311 0.00812
0.43061 0.00747
0.43012 0.00683
0.42962 0.0062
0.429110 0.00557
0.4286 0.00496
0.42809 0.00434
0.42758 0.00373
0.42706 0.00313
0.42653 0.002530
0.426 0.00194
0.42547 0.00136
0.42493 0.00079
0.42438 0.00022
0.42383 -0.000340
0.42327 -0.00089
0.42271 -0.00143
0.422150 -0.00197
0.42158 -0.0025
0.421 -0.00302
0.42042 -0.00354
0.41984 -0.0040500
0.41925 -0.00455
0.41866 -0.00505
0.41806 -0.00555
0.41746 -0.00603
0.41685 -0.00651
0.41624 -0.00698
0.415620 -0.00744
0.414990 -0.00789
0.41437 -0.00834
0.41373 -0.00878
0.41309 -0.00921
0.41245 -0.00964
0.41179 -0.010050
0.41114 -0.01046
0.410480 -0.01086
0.40981 -0.01125
0.40913 -0.01163
0.40846 -0.012010
0.40777 -0.01238
0.40709 -0.01275
0.4064 -0.01310
0.4057 -0.01345
0.40499 -0.01379
0.404280 -0.01412
0.40355 -0.01443
0.40282 -0.01472
0.40207 -0.015
0.40132 -0.01527
0.40055 -0.01552
0.39978 -0.01576
0.39899 -0.01598
0.39819 -0.01618
0.39738 -0.01637
0.396540 -0.01652
0.39569 -0.01665
0.39482 -0.01675
0.39394 -0.01683
0.39303 -0.01689
0.39211 -0.01692
0.39117 -0.01692
0.39021 -0.01689
0.38921 -0.01681
0.38817 -0.01667
0.38708 -0.01646
0.38594 -0.01617
0.384780 -0.0158
0.38365 -0.01536
0.3826 -0.01487
0.38167 -0.014340
0.3809 -0.01377
0.3799 -0.01261
0.37969 -0.012050
0.3797 -0.01152
0.379920 -0.01104
0.38033 -0.01061
0.38088 -0.01022
0.38153 -0.00986
0.38223 -0.00954
0.38297 -0.00924
0.38371 -0.00896
0.38448 -0.00871
0.38526 -0.00848
0.38605 -0.00826
0.386860 -0.008070
0.3876700 -0.00789
0.3885 -0.00772
0.38933 -0.007570
0.39018 -0.00743
0.39102 -0.00729
0.391870 -0.00716
0.39272 -0.00703
0.39357 -0.0069
0.39443 -0.00677
0.395280 -0.00664
0.39613 -0.00651
0.39697 -0.00637
0.39781 -0.00623
0.39865 -0.00608
0.39949 -0.00593
0.40032 -0.005770
0.40114 -0.0056
0.40197 -0.00543
0.40278 -0.00525
0.4036 -0.00507
0.4044 -0.004880
0.4052 -0.00468
0.406 -0.00447
0.40679 -0.00425
0.40758 -0.00403
0.40836 -0.0038
0.40913 -0.00356
0.4099 -0.00331
0.41066 -0.00305
0.41142 -0.00279
0.41217 -0.00251
0.41291 -0.00223
0.41365 -0.00194
0.41438 -0.00163
0.4151 -0.00132
0.41582 -0.001
0.41652 -0.000660
0.41723 -0.00032
0.41793 0.000064
0.41862 0.00038
0.41931 0.00074
0.41999 0.00111
0.42067 0.001490
0.42134 0.00188
0.42199 0.00229
0.42265 0.0027
0.42329 0.00313
0.42392 0.00357
0.42455 0.00402
0.42517 0.00448
0.42578 0.00495
0.426380 0.00544
0.42698 0.00594
0.42756 0.00645
0.42814 0.00697
0.4287 0.0075
0.42926 0.008050
0.42981 0.00862
0.43035 0.00919
0.43088 0.00978
0.43139 0.01039
0.4319 0.01101
0.4324 0.01165
0.43288 0.0123
0.43335 0.01297
0.43382 0.01366
0.43427 0.01436
0.43471 0.01508
0.43514 0.01581
0.43556 0.01655
0.43597 0.0173
0.43638 0.01807
0.43677 0.018850
0.437160 0.01964
0.43754 0.02045
0.43791 0.02127
0.43826 0.02211
0.4386 0.02296
0.43893 0.02385
0.43923 0.02475
0.43951 0.02564
0.43975 0.02647
0.43995 0.027190
0.44011 0.027760
0.44022 0.02815
0.44028 0.02832
-Inserting Flap Ga2-
0.49075 0.09743
0.49075 0.09721
0.4907500 0.09678
0.49073 0.0961400
0.49072 0.0953400
0.49068 0.09442
0.49062 0.09344
0.49054 0.09244
0.49042 0.09147
0.49027 0.09053
0.490090 0.08961
0.48989 0.08872
0.48968 0.08784
0.48945 0.08698
0.48921 0.08613
0.48896 0.08529
0.48870 0.08446
0.48843 0.08364
0.48814 0.08283
0.48785 0.08203
0.48755 0.08124
0.48724 0.08046
0.48693 0.07968
0.4866 0.07892
0.48627 0.07816
0.48593 0.07741
0.485580 0.07667
0.48522 0.07594
0.48485 0.07521
0.48447 0.0745
0.48409 0.07379
0.4837 0.07309
0.48331 0.07239
0.48291 0.0717
0.48251 0.071010
0.4821 0.07032
0.48169 0.069640
0.48127 0.06897
0.48084 0.0683
0.48041 0.06765
0.47997 0.06699
0.47953 0.06635
0.47907 0.06571
0.478610 0.06508
0.47815 0.06445
0.47768 0.06383
0.4772 0.063220
0.47672 0.0626
0.47624 0.062
0.47575 0.0614
0.47525 0.0608
0.47475 0.06022
0.47424 0.05963
0.47372 0.05906
0.4732 0.05849
0.47267 0.057930
0.47214 0.05737
0.47159 0.05682
0.47105 0.05628
0.47049 0.05574
0.46993 0.05521
0.46936 0.05469
0.46878 0.05418
0.4682 0.05367
0.46761 0.05317
0.46701 0.05267
0.46641 0.052180
0.4658 0.0517
0.46519 0.051220
0.46457 0.05075
0.46395 0.05028
0.463310 0.04983
0.46266 0.04938
0.462 0.04895
0.46133 0.04853
0.46065 0.04813
0.45995 0.04773
0.45924 0.04735
0.45852 0.04698
0.45778 0.04663
0.45703 0.04629
0.45626 0.04597
0.45546 0.04567
0.45465 0.0454
0.453810 0.04514
0.45295 0.04491
0.45207 0.0447
0.45117 0.04451
0.45024 0.04434
0.44929 0.0442100
0.44829 0.04411
0.44724 0.04407
0.44613 0.04409
0.44496 0.044180
0.44375 0.044340
0.44257 0.04458
0.44145 0.04488
0.44043 0.04524
0.43958 0.045660
0.43839 0.04663
0.43809 0.04715
0.43801 0.04767
0.43814 0.04818
0.438470 0.04867
0.43894 0.04916
0.43952 0.04962
0.44016 0.05006
0.44083 0.05048
0.44152 0.050890
0.44222 0.051270
0.442950 0.05163
0.44369 0.05198
0.44445 0.05231
0.44523 0.05263
0.44601 0.052940
0.44681 0.05323
0.44761 0.053520
0.448420 0.0538
0.449240 0.05408
0.45005 0.05436
0.45087 0.054630
0.45169 0.0549
0.4525 0.055180
0.45331 0.05546
0.45412 0.055740
0.45493 0.05603
0.455730 0.05632
0.45652 0.05661
0.45731 0.05691
0.4581 0.05722
0.458880 0.057530
0.45965 0.057850
0.46042 0.05817
0.46118 0.0585
0.46194 0.05884
0.46268 0.05918
0.46343 0.05953
0.46416 0.0598900
0.46489 0.06025
0.46561 0.06062
0.46632 0.061
0.46703 0.06139
0.46773 0.06178
0.46842 0.062180
0.4691 0.06259
0.46977 0.06301
0.47044 0.06343
0.4711 0.06387
0.471750 0.06431
0.47239 0.06476
0.47302 0.06521
0.47365 0.06568
0.47427 0.06615
0.474890 0.06662
0.47549 0.06711
0.47609 0.0676
0.47668 0.0681
0.47726 0.06861
0.477830 0.06914
0.47839 0.06967
0.47894 0.07021
0.47948 0.07076
0.48001 0.07133
0.48052 0.0719
0.48103 0.07248
0.48153 0.07307
0.482020 0.07368
0.4825 0.07429
0.48296 0.07492
0.48342 0.075550
0.48386 0.07620
0.48429 0.07686
0.48471 0.07754
0.48511 0.07822
0.4855 0.07892
0.48588 0.07964
0.48624 0.08036
0.48659 0.08111
0.48693 0.08186
0.48725 0.08263
0.48756 0.08341
0.48786 0.084210
0.48814 0.08501
0.48842 0.08583
0.48868 0.086660
0.48894 0.08749
0.48918 0.08834
0.48941 0.08920
0.48964 0.09007
0.48984 0.09096
0.490030 0.09186
0.49019 0.09279
0.490330 0.09373
0.49045 0.09465
0.490550 0.09551
0.49062 0.09625
0.49068 0.09685
0.49072 0.09724
0.49075 0.09743
*.*.Setup: Ga2.txt as Flap 1, Inverted: y, Scale = 1.0, AoA = -2.0, Reposition from (0,0) = (0, 0)*.*.
*.*.Setup: Ga2.txt as Flap 2, Inverted: y, Scale = 0.2, AoA = 35.0, Reposition from previous T.E. = (0.04, 0.055), Reposition from (0,0) = (1.0377, -0.029)*.*.
*.*.Setup: Ga2.txt as Flap 3, Inverted: y, Scale = 0.2, AoA = 45.0, Reposition from previous T.E. = (-0.01, 0.055), Reposition from (0,0) = (1.1971, 0.1327)*.*.
*.*.Setup: Scale Ratio = 0.36473*.*.