0.3313 0.01157
0.32923 0.00978
0.32622 0.00717
0.32273 0.00465
0.31856 0.00226
0.31352 -0.00014
0.30746 -0.00267
0.30034 -0.005350
0.29224 -0.00812
0.28337 -0.01093
0.274 -0.013710
0.26432 -0.01641
0.25449 -0.01899
0.24462 -0.02142
0.23473 -0.02369
0.22482 -0.02579
0.2148800 -0.02771
0.20485 -0.02948
0.19469 -0.0311
0.18434 -0.03259
0.17378 -0.034
0.163 -0.03536
0.15207 -0.03667
0.14108 -0.03796
0.13018 -0.03921
0.11952 -0.04037
0.10927 -0.04141
0.0996200 -0.04225
0.09066 -0.04281
0.08238 -0.04304
0.07464 -0.04289
0.06733 -0.04237
0.06038 -0.04146
0.0537400 -0.04017
0.04738 -0.03851
0.0413 -0.03649
0.03552 -0.03414
0.03007 -0.03149
0.02504 -0.02864
0.02049 -0.02569
0.01651 -0.02277
0.0131300 -0.02001
0.01031 -0.01744
0.00801 -0.01507
0.00612 -0.01289
0.00459 -0.01088
0.00335 -0.00902
0.00235 -0.00729
0.00155 -0.00569
0.00093 -0.00419
0.00047 -0.00278
0.00016 -0.00145
0.000013 -0.0002
0.000035 0.001
0.00027 0.00218
0.00091 0.00321
0.00194 0.00398
0.003230 0.00449
0.00471 0.00485
0.00640 0.00511
0.00835 0.00531
0.01062 0.00546
0.01333 0.00556
0.01664 0.00561
0.020760 0.00558
0.02598 0.00546
0.03255 0.0052
0.04044 0.00477
0.04929 0.00411
0.0588 0.00319
0.06889 0.00203
0.07949 0.0007
0.09041 -0.00071
0.10149 -0.00216
0.11255 -0.0036
0.12348 -0.004990
0.13424 -0.00629
0.14483 -0.00748
0.15526 -0.008540
0.165530 -0.00945
0.17566 -0.01018
0.18567 -0.01073
0.19557 -0.01109
0.20539 -0.01124
0.21513 -0.01118
0.22481 -0.0109
0.23444 -0.01039
0.24402 -0.00967
0.25354 -0.0087200
0.26299 -0.00754
0.27232 -0.006150
0.28147 -0.00456
0.29028 -0.00278
0.29857 -0.00087
0.30609 0.00112
0.31271 0.00314
0.31837 0.00516
0.32316 0.00718
0.32718 0.009170
0.3313 0.01157
-Inserting Flap s1223rtl-
0.43866 0.07552
0.43824 0.07466
0.43763 0.07341
0.43685 0.07212
0.43583 0.07078
0.43454 0.06932
0.43293 0.06767
0.431 0.06584
0.42877 0.06384
0.42630 0.061720
0.42366 0.05954
0.42091 0.05735
0.4181 0.05517
0.41525 0.05304
0.41237 0.05095
0.40947 0.04892
0.40653 0.04694
0.40354 0.0450
0.40048 0.04309
0.39735 0.04119
0.39414 0.03930
0.39086 0.03739
0.38752 0.03547
0.38415 0.033550
0.38081 0.0316600
0.37753 0.02982
0.37437 0.02809
0.37138 0.0265
0.36857 0.02509
0.36593 0.02389
0.36342 0.02287
0.360990 0.02204
0.35863 0.02139
0.35631 0.02089
0.35404 0.02056
0.3518 0.020380
0.34962 0.02035
0.3475 0.0204500
0.34549 0.02068
0.34362 0.02101
0.34194 0.02141
0.340470 0.02184
0.33922 0.02228
0.33815 0.02273
0.33724 0.02317
0.33647 0.02361
0.33582 0.02404
0.33526 0.024460
0.33479 0.024870
0.334380 0.02526
0.33404 0.02566
0.33376 0.02604
0.33354 0.02642
0.33337 0.02681
0.3333 0.02722
0.333360 0.0276500
0.33359 0.02803
0.33393 0.02838
0.33436 0.02869
0.334870 0.02901
0.33547 0.02934
0.336180 0.0297
0.33704 0.0301
0.3381 0.03057
0.33943 0.03112
0.34113 0.0318
0.34328 0.03261
0.34588 0.03355
0.34883 0.034550
0.35202 0.03556
0.35543 0.03656
0.35902 0.03758
0.36273 0.03862
0.3665 0.03967
0.37026 0.04072
0.37397 0.04177
0.37762 0.04282
0.38119 0.04388
0.3847 0.044970
0.38813 0.04608
0.39149 0.04723
0.39479 0.04842
0.39803 0.04966
0.401220 0.05096
0.40435 0.052310
0.40743 0.05372
0.41046 0.0552
0.41345 0.05674
0.41638 0.058350
0.41927 0.06002
0.422080 0.06175
0.42481 0.06351
0.42741 0.06529
0.42982 0.06704
0.43197 0.06871
0.43382 0.07026
0.43537 0.07169
0.43664 0.07299
0.43766 0.07418
0.43866 0.07552
-Inserting Flap s1223rtl-
0.54696 0.16362
0.5467 0.1627
0.54631 0.16136
0.54577 0.15995
0.545 0.15846
0.54398 0.15679
0.54268 0.15489
0.5411 0.15275
0.53925 0.15039
0.537180 0.14788
0.53496 0.14527
0.53264 0.14264
0.53024 0.14001
0.52781 0.13741
0.52534 0.13486
0.52283 0.13236
0.520280 0.129890
0.51767 0.12747
0.515 0.12505
0.51224 0.12264
0.50941 0.12021
0.50651 0.11776
0.503550 0.11529
0.50057 0.11282
0.49761 0.11037
0.4947 0.108
0.49189 0.10574
0.48921 0.10366
0.48669 0.10178
0.48431 0.10014
0.48201 0.09871
0.47976 0.09747
0.47755 0.09641
0.47535 0.09552
0.47317 0.09479
0.471 0.094230
0.46885 0.09382
0.46675 0.09356
0.4647300 0.09344
0.46283 0.09343
0.46111 0.09353
0.45959 0.0937
0.45827 0.09392
0.45714 0.09417
0.4561800 0.09445
0.45534 0.09475
0.45462 0.09506
0.454 0.09538
0.453460 0.095690
0.45299 0.09602
0.45259 0.09634
0.45225 0.09667
0.45196 0.09701
0.4517300 0.09736
0.45159 0.09776
0.45158 0.09819
0.45173 0.09861
0.45201 0.0990
0.45238 0.09939
0.45283 0.09979
0.45336 0.10022
0.454 0.1007
0.45478 0.10124
0.45574 0.10189
0.45695 0.10266
0.45851 0.10362
0.46048 0.1048
0.462880 0.10618
0.46561 0.10767
0.4685700 0.10921
0.47176 0.1108
0.47512 0.11243
0.4786 0.11409
0.48213 0.11578
0.48564 0.11747
0.48912 0.11914
0.49252 0.12081
0.49586 0.12248
0.49912 0.12416
0.50231 0.12585
0.505420 0.12756
0.50847 0.129310
0.51144 0.1311
0.51435 0.13292
0.5172 0.13480
0.51999 0.13672
0.52272 0.13871
0.52539 0.14075
0.528010 0.14284
0.53056 0.14499
0.53303 0.14717
0.53541 0.14938
0.53766 0.15159
0.53973 0.153730
0.54156 0.155740
0.54311 0.1576
0.54439 0.15927
0.54541 0.16078
0.54621 0.16213
0.54696 0.16362
*.*.Setup: s1223rtl.txt as Flap 1, Inverted: y, Scale = 1.0, AoA = 2.0, Reposition from (0,0) = (0, 0)*.*.
*.*.Setup: s1223rtl.txt as Flap 2, Inverted: y, Scale = 0.35, AoA = 25.0, Reposition from previous T.E. = (0.0067, 0.045), Reposition from (0,0) = (1.0061, 0.0799)*.*.
*.*.Setup: s1223rtl.txt as Flap 3, Inverted: y, Scale = 0.35, AoA = 35.0, Reposition from previous T.E. = (0.04, 0.065), Reposition from (0,0) = (1.3633, 0.2928)*.*.
*.*.Setup: Scale Ratio = 0.3315*.*.