0.34691 -0.01211
0.34462 -0.01383
0.34129 -0.01634
0.33746 -0.018720
0.33292 -0.02091
0.32748 -0.02305
0.32097 -0.02525
0.31333 -0.027520
0.30467 -0.02983
0.29520 -0.03211
0.28521 -0.03433
0.2749 -0.03644
0.264450 -0.03842
0.25395 -0.04024
0.24346 -0.04189
0.232960 -0.04336
0.222430 -0.044640
0.21183 -0.04575
0.20109 -0.0467
0.19017 -0.04751
0.17904 -0.04821
0.16769 -0.04884
0.15617 -0.04941
0.1446 -0.04996
0.13311 -0.05046
0.12189 -0.05090
0.11111 -0.0512300
0.10097 -0.05140
0.091580 -0.05134
0.0829 -0.05097
0.07483 -0.050260
0.06723 -0.04917
0.06004 -0.04772
0.0532 -0.04589
0.04667 -0.04369
0.04047 -0.04114
0.03461 -0.0382500
0.029110 -0.03509
0.02406 -0.03174
0.01953 -0.02833
0.015580 -0.025
0.01225 -0.02186
0.0095 -0.01897
0.00726 -0.016330
0.00545 -0.01391
0.004 -0.011700
0.00284 -0.00966
0.00192 -0.00779
0.0012 -0.00606
0.00067 -0.00444
0.00029 -0.00294
6e-05 -0.00153
-0.000029 -0.00021
9e-05 0.00104
0.00044 0.00225
0.00119 0.003290
0.00232 0.00402
0.0037 0.00446
0.005270 0.00472
0.00706 0.00487
0.009110 0.00494
0.0115 0.00493
0.01433 0.004840
0.01779 0.00464
0.02209 0.00432
0.02753 0.00381
0.03438 0.00306
0.0425900 0.002030
0.05179 0.00069
0.06166 -0.00096
0.07211 -0.00291
0.08308 -0.00507
0.09439 -0.00735
0.10586 -0.00967
0.1173 -0.01198
0.12861 -0.01423
0.13976 -0.016370
0.15074 -0.01839
0.161550 -0.02026
0.17221 -0.02196
0.18274 -0.02346
0.19316 -0.02477
0.2034800 -0.02587
0.21373 -0.02674
0.22391 -0.02739
0.23404 -0.0278
0.24413 -0.02798
0.25419 -0.02792
0.2642 -0.02763
0.27416 -0.02709
0.28401 -0.02632
0.29368 -0.02532
0.30302 -0.02411
0.31181 -0.02272
0.31982 -0.02119
0.32687 -0.01956
0.332940 -0.01786
0.33809 -0.0161
0.34243 -0.01432
0.34691 -0.01211
-Inserting Flap s1223rtl-
0.45616 0.06811
0.455770 0.06719
0.45521 0.06584
0.45447 0.06444
0.45349 0.06298
0.45222 0.06137
0.45065 0.05956
0.44874 0.05752
0.44653 0.05529
0.44408 0.05293
0.44145 0.05049
0.43871 0.048030
0.4359 0.04559
0.43305 0.04318
0.43017 0.04083
0.42726 0.03853
0.42431 0.03628
0.421300 0.034070
0.41822 0.03189
0.41507 0.02971
0.41183 0.02753
0.40851 0.02534
0.40513 0.02313
0.40173 0.02092
0.39835 0.01873
0.39504 0.01662
0.39184 0.01461
0.38881 0.012770
0.38596 0.01113
0.38328 0.0097
0.380710 0.00849
0.37822 0.00748
0.37579 0.00665
0.3734 0.00599
0.37104 0.0055
0.36872 0.00518
0.36644 0.00501
0.36422 0.00499
0.3621 0.00511
0.36013 0.00534
0.35835 0.00565
0.356790 0.00601
0.35544 0.0064
0.3543 0.0068
0.35333 0.00721
0.3525 0.00762
0.35179 0.00803
0.35118 0.00843
0.35066 0.00883
0.3502100 0.00922
0.34983 0.009610
0.34951 0.01
0.34926 0.01038
0.3490600 0.01078
0.34896 0.01121
0.349 0.011650
0.349210 0.01207
0.34955 0.01245
0.34998 0.01281
0.350490 0.01317
0.3511 0.01355
0.35182 0.01397
0.35270 0.01444
0.35377 0.015
0.35513 0.01566
0.35687 0.01647
0.35907 0.017450
0.36173 0.01859
0.36474 0.01981
0.36802 0.02106
0.37152 0.02231
0.37522 0.0236
0.37903 0.02491
0.38291 0.02624
0.38677 0.02756
0.39059 0.02888
0.39434 0.03021
0.39801 0.03154
0.40161 0.03288
0.40513 0.03426
0.40857 0.03566
0.41195 0.03711
0.41526 0.0386
0.41851 0.04015
0.4217 0.04175
0.42484 0.04342
0.42792 0.04515
0.43094 0.04694
0.433920 0.0488
0.43683 0.05072
0.43967 0.0527
0.44241 0.05471
0.44502 0.05673
0.44743 0.0587
0.44958 0.06058
0.45142 0.06232
0.45295 0.0639
0.4542 0.06534
0.4552 0.06665
0.45616 0.06811
-Inserting Flap s1223rtl-
0.5386 0.17658
0.53849 0.17558
0.53833 0.17413
0.53803 0.17258
0.53751 0.17090
0.536760 0.169
0.53577 0.1668
0.53452 0.16431
0.53305 0.16154
0.531370 0.15857
0.529550 0.155480
0.527630 0.15234
0.52565 0.14919
0.52361 0.14607
0.52152 0.14299
0.51939 0.13995
0.51721 0.13695
0.51496 0.13397
0.51264 0.131
0.51024 0.12801
0.50777 0.12499
0.50522 0.12194
0.502610 0.11885
0.49999 0.11576
0.49738 0.1127
0.49481 0.10972
0.49233 0.10688
0.48995 0.10425
0.48769 0.10186
0.48552 0.09973
0.48341 0.09783
0.48132 0.09614
0.47923 0.09465
0.47713 0.09333
0.47501 0.09219
0.47288 0.09121
0.47074 0.0904
0.46862 0.08975
0.46656 0.08925
0.4646 0.08891
0.46281 0.08869
0.46121 0.08859
0.459810 0.08857
0.4586 0.08863
0.45755 0.08875
0.45664 0.0889
0.45584 0.08909
0.45514 0.08930
0.45453 0.08953
0.45398 0.08978
0.45351 0.09004
0.4530900 0.09032
0.45274 0.09062
0.45244 0.09094
0.45222 0.09132
0.45213 0.09176
0.45221 0.09222
0.45243 0.09268
0.45274 0.09315
0.453130 0.09364
0.4536 0.09418
0.4541700 0.09479
0.45487 0.09549
0.45575 0.09633
0.45686 0.09736
0.45829 0.09863
0.46011 0.1002
0.46233 0.10206
0.46487 0.10409
0.46765 0.10622
0.47065 0.10843
0.47382 0.11073
0.4771 0.11308
0.48043 0.11546
0.48375 0.11784
0.48703 0.1202
0.49024 0.12254
0.49338 0.12487
0.49644 0.12719
0.49942 0.12951
0.50231 0.13185
0.50514 0.1342
0.50788 0.13658
0.51055 0.139
0.51314 0.14145
0.51567 0.14394
0.518120 0.14648
0.52051 0.14907
0.522820 0.15171
0.52506 0.15438
0.52722 0.15709
0.52927 0.1598
0.53119 0.16248
0.53293 0.16506
0.534450 0.167480
0.53572 0.1696700
0.53673 0.17163
0.53751 0.17337
0.53809 0.17491
0.5386 0.17658
*.*.Setup: s1223rtl.txt as Flap 1, Inverted: y, Scale = 1.0, AoA = -2.0, Reposition from (0,0) = (0, 0)*.*.
*.*.Setup: s1223rtl.txt as Flap 2, Inverted: y, Scale = 0.35, AoA = 28.333333333333332, Reposition from previous T.E. = (0.0067, 0.065), Reposition from (0,0) = (1.0061, 0.0301)*.*.
*.*.Setup: s1223rtl.txt as Flap 3, Inverted: y, Scale = 0.35, AoA = 45.0, Reposition from previous T.E. = (-0.01, 0.065), Reposition from (0,0) = (1.3041, 0.2612)*.*.
*.*.Setup: Scale Ratio = 0.34712*.*.