0.3433 -0.01199
0.34104 -0.01369
0.33774 -0.01617
0.33395 -0.018520
0.32946 -0.02069
0.32408 -0.02281
0.31763 -0.02499
0.31008 -0.027240
0.3015 -0.02952
0.292140 -0.03178
0.28224 -0.03398
0.27204 -0.03606
0.26170 -0.03802
0.25131 -0.03982
0.24093 -0.04146
0.230540 -0.04291
0.220120 -0.044180
0.20962 -0.04528
0.199 -0.04622
0.1882 -0.04702
0.17718 -0.04771
0.16594 -0.04833
0.15455 -0.0489
0.1431 -0.04944
0.13173 -0.04994
0.12063 -0.050370
0.10996 -0.050700
0.09992 -0.050870
0.090630 -0.05081
0.08204 -0.05044
0.07405 -0.049730
0.06654 -0.04866
0.05942 -0.04722
0.05264 -0.04541
0.04619 -0.04324
0.04005 -0.04071
0.03425 -0.0378500
0.028810 -0.03473
0.02381 -0.03141
0.01932 -0.02803
0.015420 -0.02474
0.01212 -0.02163
0.0094 -0.01877
0.00719 -0.016160
0.0054 -0.01377
0.00396 -0.0115800
0.00281 -0.00956
0.0019 -0.00771
0.00119 -0.00599
0.00066 -0.0044
0.00029 -0.00291
6e-05 -0.00151
-0.000029 -0.00021
8e-05 0.00103
0.00044 0.00223
0.00118 0.003260
0.00229 0.00397
0.00366 0.00441
0.005220 0.00467
0.00699 0.00482
0.009010 0.00489
0.01138 0.00488
0.01419 0.004790
0.0176 0.0046
0.02186 0.00427
0.02725 0.00377
0.03402 0.00303
0.0421500 0.002010
0.05125 0.00069
0.06102 -0.00095
0.07136 -0.00288
0.08222 -0.00502
0.09341 -0.00727
0.10476 -0.00957
0.11608 -0.01186
0.12728 -0.01408
0.13831 -0.01620
0.14917 -0.0182
0.159870 -0.02005
0.17043 -0.02173
0.18084 -0.02322
0.19115 -0.02451
0.2013700 -0.0256
0.21151 -0.02646
0.22158 -0.0271
0.23161 -0.02751
0.24159 -0.02769
0.25155 -0.02763
0.26146 -0.02734
0.27131 -0.02681
0.28106 -0.02604
0.29063 -0.02506
0.29987 -0.02386
0.30857 -0.02248
0.31649 -0.02097
0.32348 -0.01936
0.329480 -0.01768
0.33457 -0.01594
0.33888 -0.01417
0.3433 -0.01199
-Inserting Flap s1223rtl-
0.44408 0.07243
0.4438 0.071480
0.4434 0.07009
0.44284 0.0686300
0.44204 0.06708
0.44098 0.06536
0.43964 0.06339
0.438 0.061170
0.43609 0.05873
0.43395 0.05612
0.43164 0.053420
0.42923 0.05069
0.42675 0.04797
0.42423 0.04527
0.42167 0.04263
0.419070 0.04004
0.41643 0.03749
0.41372 0.03497
0.41095 0.03247
0.4081 0.029970
0.40517 0.02745
0.40216 0.02491
0.39909 0.02235
0.396 0.01979
0.392930 0.01726
0.38992 0.0148
0.38701 0.01246
0.38424 0.0103
0.38163 0.00836
0.37915 0.00665
0.376770 0.00517
0.37444 0.0038800
0.37215 0.00278
0.36987 0.00186
0.36761 0.00111
0.36536 0.00053
0.36314 0.0001
0.36096 -0.00017
0.35886 -0.00030
0.3569 -0.0003
0.35511 -0.0002
0.35354 -0.000068
0.35217 0.00020
0.351 0.00047
0.35 0.00076
0.34914 0.001070
0.348390 0.00139
0.34775 0.00172
0.34719 0.00205
0.3467 0.00238
0.34629 0.00272
0.34593 0.00306
0.34563 0.00341
0.3454 0.00378
0.34524 0.00418
0.34524 0.00463
0.3454 0.00506
0.34569 0.00547
0.34607 0.00588
0.34653 0.00629
0.34708 0.00673
0.34775 0.00723
0.34855 0.0078
0.34954 0.00846
0.3508 0.009270
0.35242 0.01026
0.35447 0.01148
0.35695 0.01291
0.359770 0.01446
0.36285 0.01606
0.36615 0.01769
0.36963 0.019380
0.37323 0.02111
0.37689 0.02286
0.38054 0.02461
0.384140 0.02634
0.38767 0.02807
0.39112 0.0298
0.3945 0.03154
0.39781 0.03329
0.40103 0.03507
0.40419 0.03688
0.40727 0.03873
0.41029 0.04062
0.413240 0.04257
0.41613 0.04456
0.41896 0.04662
0.42173 0.04873
0.42443 0.0509
0.42708 0.05312
0.42964 0.05539
0.432110 0.05768
0.43444 0.05996
0.43658 0.06218
0.43848 0.06427
0.44009 0.06619
0.44141 0.06793
0.44247 0.06949
0.4433 0.07089
0.44408 0.07243
-Inserting Flap s1223rtl-
0.53913 0.16028
0.53885 0.15933
0.53845 0.15794
0.53789 0.15649
0.53709 0.15494
0.53603 0.15321
0.53469 0.15124
0.53305 0.14902
0.53114 0.14658
0.529 0.14397
0.526690 0.14128
0.52428 0.13854
0.5218 0.13582
0.519280 0.13313
0.51672 0.13048
0.51412 0.12789
0.51148 0.12534
0.50877 0.12282
0.506 0.12032
0.50315 0.11782
0.50022 0.11531
0.49721 0.11277
0.49414 0.11021
0.49106 0.10765
0.48798 0.10511
0.48497 0.10265
0.48206 0.100310
0.47929 0.09815
0.47668 0.09621
0.4742 0.0945
0.47182 0.093020
0.46949 0.09174
0.4672 0.09064
0.46492 0.08972
0.46266 0.08897
0.46041 0.08838
0.45819 0.08796
0.45601 0.087680
0.45391 0.08756
0.45195 0.08756
0.45016 0.087660
0.448590 0.08783
0.44723 0.08806
0.44606 0.088320
0.44505 0.08861
0.44419 0.08892
0.44344 0.08924
0.4428 0.08957
0.44224 0.0899
0.44175 0.09023
0.44134 0.09057
0.440980 0.09091
0.44068 0.09126
0.44045 0.09163
0.4403 0.09204
0.44029 0.09248
0.44045 0.09292
0.44074 0.09333
0.441120 0.09373
0.44158 0.094140
0.4421300 0.09459
0.4428 0.09508
0.4436 0.09565
0.4446 0.09632
0.44585 0.09712
0.44747 0.09812
0.44952 0.09934
0.452 0.10076
0.45482 0.10231
0.4579 0.10391
0.4612 0.10555
0.464680 0.10724
0.46829 0.10897
0.47194 0.1107100
0.47559 0.11246
0.47919 0.1142
0.48272 0.11593
0.48617 0.11766
0.48955 0.11939
0.49286 0.12115
0.49608 0.12292
0.49924 0.12473
0.50232 0.12658
0.50534 0.12848
0.50829 0.13042
0.51118 0.13242
0.51401 0.134470
0.51678 0.13658
0.51948 0.13875
0.52213 0.14098
0.52469 0.14324
0.52716 0.145540
0.52949 0.14782
0.53163 0.15003
0.53353 0.15213
0.535140 0.15405
0.53646 0.15578
0.53752 0.15734
0.5383500 0.15874
0.53913 0.16028
*.*.Setup: s1223rtl.txt as Flap 1, Inverted: y, Scale = 1.0, AoA = -2.0, Reposition from (0,0) = (0, 0)*.*.
*.*.Setup: s1223rtl.txt as Flap 2, Inverted: y, Scale = 0.35, AoA = 35.0, Reposition from previous T.E. = (0.0067, 0.045), Reposition from (0,0) = (1.0061, 0.0101)*.*.
*.*.Setup: s1223rtl.txt as Flap 3, Inverted: y, Scale = 0.35, AoA = 35.0, Reposition from previous T.E. = (-0.01, 0.055), Reposition from (0,0) = (1.2828, 0.2659)*.*.
*.*.Setup: Scale Ratio = 0.34351*.*.