0.35761 -0.03011
0.35682 -0.030850
0.35526 -0.03227
0.352930 -0.03437
0.34998 -0.03699
0.346570 -0.03994
0.34284 -0.04302
0.33897 -0.04606
0.33507 -0.048890
0.33119 -0.05151
0.32731 -0.05394
0.32344 -0.056230
0.31957 -0.05840
0.3157 -0.06048
0.31184 -0.06247
0.30798 -0.06438
0.30412 -0.06621
0.30026 -0.06797
0.29641 -0.06967
0.29256 -0.0713
0.28871 -0.07287
0.28486 -0.07438
0.28102 -0.07584
0.27717 -0.07724
0.27333 -0.07858
0.26949 -0.07987
0.26566 -0.0811
0.26182 -0.08226
0.25799 -0.08336
0.25416 -0.08441
0.25033 -0.0854
0.2465 -0.08636
0.24268 -0.08728
0.23885 -0.08818
0.23503 -0.08905
0.2312 -0.08988
0.22738 -0.09067
0.22356 -0.09142
0.21974 -0.09212
0.21593 -0.09277
0.21211 -0.09337
0.2083 -0.09393
0.20449 -0.09444
0.20068 -0.09492
0.19687 -0.09535
0.19306 -0.095740
0.189250 -0.09609
0.18545 -0.09641
0.18164 -0.09669
0.17784 -0.09694
0.17404 -0.09714
0.17024 -0.09731
0.16644 -0.09743
0.16265 -0.097510
0.15885 -0.09754
0.15506 -0.09752
0.15127 -0.09746
0.14748 -0.09736
0.14369 -0.09721
0.1399 -0.09701
0.13611 -0.09676
0.13233 -0.09647
0.12855 -0.09612
0.12477 -0.09573
0.12099 -0.09529
0.11721 -0.0948
0.11344 -0.09428
0.10966 -0.09372
0.10589 -0.0931200
0.10212 -0.09248
0.09835 -0.09179
0.09458 -0.09103
0.09082 -0.09019
0.08705 -0.08927
0.0833 -0.08825
0.07954 -0.08715
0.07579 -0.085970
0.07204 -0.0847
0.06829 -0.08334
0.06455 -0.08188
0.06081 -0.080310
0.05707 -0.0786
0.05334 -0.07675
0.04962 -0.07474
0.04590 -0.07258
0.04219 -0.07027
0.03848 -0.06781
0.03478 -0.0652
0.03108 -0.06245
0.02739 -0.05948
0.02371 -0.056220
0.02004 -0.05259
0.01639 -0.04853
0.01278 -0.04399
0.00933 -0.039120
0.0062 -0.03407
0.00351 -0.02904
0.00143 -0.0242
7e-05 -0.0197
-0.00043 -0.012180
0.00043 -0.00937
0.00202 -0.00733
0.00431 -0.00611
0.00719 -0.00561
0.0105 -0.0057
0.0141 -0.00622
0.01784 -0.00704
0.0216 -0.008020
0.02535 -0.00915
0.0291 -0.01041
0.03285 -0.0118
0.03659 -0.01331
0.04033 -0.01493
0.04406 -0.01665
0.04779 -0.01845
0.05152 -0.020310
0.05525 -0.02224
0.05897 -0.0242
0.0627 -0.02619
0.06642 -0.0282
0.07015 -0.03022
0.07387 -0.032240
0.07759 -0.03424
0.08132 -0.03622
0.08504 -0.03818
0.08877 -0.04012
0.0925 -0.04202
0.09623 -0.04389
0.09996 -0.04573
0.10369 -0.04752
0.10742 -0.04928
0.11115 -0.05099
0.11489 -0.05267
0.11863 -0.0543
0.12237 -0.05588
0.12611 -0.05742
0.12985 -0.05892
0.13359 -0.060370
0.13734 -0.06176
0.14108 -0.06311
0.14483 -0.06441
0.14858 -0.06566
0.15233 -0.06685
0.15609 -0.06799
0.15985 -0.06907
0.1636 -0.0701
0.167360 -0.07106
0.17113 -0.07197
0.17489 -0.07282
0.17866 -0.073610
0.18242 -0.07436
0.18619 -0.07507
0.18997 -0.07573
0.19374 -0.07634
0.19751 -0.0769
0.20129 -0.07741
0.20507 -0.07784
0.20885 -0.07821
0.21263 -0.0785
0.21642 -0.078720
0.22021 -0.07887
0.224 -0.07896
0.22779 -0.078980
0.23159 -0.0789300
0.235390 -0.07881
0.23919 -0.078610
0.24299 -0.07834
0.2468 -0.078
0.2506 -0.07757
0.25442 -0.07707
0.25823 -0.07648
0.26205 -0.07581
0.26587 -0.07505
0.26969 -0.07421
0.27352 -0.07327
0.27735 -0.07224
0.28118 -0.07111
0.28502 -0.06988
0.28886 -0.06855
0.292700 -0.06712
0.29655 -0.06561
0.3004 -0.06402
0.30425 -0.06235
0.30811 -0.06061
0.31196 -0.05879
0.31582 -0.0569
0.319690 -0.05493
0.32355 -0.0529
0.32742 -0.05077
0.33129 -0.04854
0.33517 -0.04617
0.33905 -0.04366
0.34291 -0.04101
0.34662 -0.03835
0.35002 -0.03583
0.35296 -0.0336
0.35527 -0.03182
0.35683 -0.03062
0.35761 -0.03011
-Inserting Flap Ga2-
0.42913 0.032980
0.42911 0.03277
0.42907 0.03235
0.429 0.03173
0.42891 0.03094
0.4288 0.03005
0.42866 0.02909
0.42849 0.02812
0.42829 0.02718
0.42806 0.02627
0.42781 0.02539
0.42754 0.02453
0.42726 0.02369
0.42696 0.02286
0.42665 0.02205
0.42634 0.02125
0.42601 0.02046
0.42567 0.019680
0.42533 0.01891
0.42497 0.01816
0.42461 0.01741
0.42424 0.01667
0.42386 0.01594
0.42348 0.01522
0.42309 0.0145
0.42269 0.0138
0.422280 0.0131
0.42187 0.01241
0.42145 0.01174
0.42102 0.01107
0.42058 0.01041
0.42014 0.00976
0.4197 0.00911
0.41925 0.00846
0.4188 0.00782
0.41834 0.00718
0.41788 0.00656
0.417410 0.00593
0.41694 0.00532
0.41646 0.00471
0.41597 0.00411
0.41548 0.00352
0.41498 0.00293
0.41448 0.00235
0.41397 0.00178
0.41345 0.00121
0.41293 0.00065
0.41241 9e-05
0.41188 -0.00046
0.411350 -0.00101
0.41081 -0.001540
0.41027 -0.00208
0.40972 -0.0026
0.40917 -0.00312
0.408610 -0.00364
0.40804 -0.00414
0.40747 -0.00464
0.4069 -0.00513
0.40631 -0.00562
0.40572 -0.00609
0.40513 -0.00656
0.40453 -0.00703
0.40392 -0.00748
0.4033 -0.00793
0.40268 -0.00837
0.40206 -0.0088
0.40142 -0.009230
0.40079 -0.00965
0.40015 -0.01007
0.3995 -0.01048
0.39885 -0.010880
0.39819 -0.01127
0.39751 -0.01165
0.39683 -0.01202
0.39614 -0.01237
0.39543 -0.01271
0.39472 -0.013030
0.39399 -0.01335
0.39325 -0.01365
0.3925 -0.01393
0.39173 -0.0142
0.39095 -0.01444
0.39015 -0.01467
0.38932 -0.01487
0.38848 -0.01504
0.38762 -0.0152
0.38674 -0.01533
0.385840 -0.01543
0.38492 -0.01552
0.38398 -0.01557
0.38299 -0.01558
0.38196 -0.01553
0.38088 -0.01542
0.3797300 -0.01523
0.378570 -0.01496
0.37743 -0.01463
0.37636 -0.01424
0.3754 -0.0138
0.37459 -0.01332
0.37351 -0.01227
0.37327 -0.01173
0.373230 -0.01122
0.37341 -0.01073
0.37377 -0.01027
0.37427 -0.00984
0.37487 -0.00944
0.37554 -0.00906
0.37623 -0.0087
0.37694 -0.00836
0.37767 -0.00805
0.37841 -0.00776
0.37917 -0.00748
0.37994 -0.00722
0.38072 -0.006980
0.381520 -0.00674
0.38232 -0.00652
0.38313 -0.00631
0.38395 -0.0061
0.38477 -0.00590
0.38559 -0.0057
0.38642 -0.0055
0.38724 -0.0053
0.38806 -0.0051
0.38888 -0.0049
0.3897 -0.004690
0.39051 -0.00448
0.39132 -0.00427
0.39212 -0.00404
0.39292 -0.003820
0.39372 -0.00358
0.39451 -0.00335
0.39529 -0.0031
0.39607 -0.00285
0.39684 -0.00259
0.397610 -0.00233
0.39837 -0.00206
0.39913 -0.001780
0.39988 -0.00149
0.40062 -0.0012
0.401360 -0.0009
0.40209 -0.00059
0.40282 -0.00027
0.40353 5e-05
0.40424 0.00039
0.40495 0.000730
0.40564 0.00108
0.40633 0.00144
0.40701 0.00181
0.40769 0.00218
0.408350 0.002570
0.40901 0.00296
0.40967 0.00336
0.41032 0.00377
0.41096 0.00418
0.41159 0.0046
0.412220 0.00504
0.412840 0.00548
0.41345 0.00593
0.41406 0.00639
0.41465 0.006860
0.41523 0.00735
0.41581 0.00784
0.41637 0.008350
0.41693 0.00886
0.41748 0.00939
0.41802 0.00993
0.41855 0.01048
0.41907 0.01104
0.41958 0.011610
0.42007 0.0122
0.42056 0.012790
0.42104 0.0134
0.42151 0.01403
0.42196 0.01466
0.42241 0.01532
0.42284 0.01598
0.42326 0.01666
0.42366 0.017360
0.42405 0.01807
0.42443 0.0188
0.4248 0.01954
0.425160 0.02029
0.42551 0.02105
0.42585 0.02183
0.42618 0.02261
0.4265 0.02341
0.42681 0.024220
0.42712 0.02504
0.42741 0.02587
0.42768 0.02672
0.42794 0.02759
0.42818 0.02849
0.4284 0.0294
0.4286 0.03029
0.42877 0.03112
0.4289 0.03184
0.42901 0.032420
0.429080 0.03280
0.42913 0.032980
-Inserting Flap Ga2-
0.49224 0.10893
0.49226 0.10872
0.49230 0.1083
0.49234 0.10767
0.49239 0.10689
0.49243 0.10598
0.49246 0.10502
0.49246 0.10403
0.49243 0.10307
0.49236 0.10214
0.49227 0.10123
0.49215 0.10033
0.49202 0.09946
0.49187 0.09859
0.491710 0.09774
0.49153 0.09689
0.49135 0.09606
0.49115 0.09523
0.49094 0.09442
0.49073 0.09361
0.4905 0.092810
0.49026 0.09202
0.49002 0.09123
0.48977 0.09046
0.489510 0.08968
0.48924 0.08892
0.48896 0.08816
0.48867 0.08742
0.48837 0.08668
0.48806 0.08595
0.48775 0.085220
0.48743 0.0845
0.4871 0.083780
0.48677 0.083070
0.48644 0.082360
0.4861 0.08165
0.48575 0.08095
0.4854 0.08026
0.48504 0.07957
0.48467 0.07889
0.4843 0.07821
0.48392 0.07755
0.48353 0.07688
0.48313 0.076220
0.48273 0.07557
0.48233 0.07492
0.48191 0.07428
0.48149 0.07364
0.48107 0.073
0.48064 0.07238
0.48021 0.07175
0.47976 0.07113
0.47932 0.07052
0.47886 0.06991
0.4784 0.06931
0.47793 0.06871
0.47745 0.06812
0.476970 0.06754
0.47648 0.06696
0.47598 0.06639
0.47548 0.06582
0.47496 0.06526
0.47444 0.06471
0.47392 0.06416
0.47338 0.06362
0.47284 0.063080
0.47229 0.062550
0.471740 0.06203
0.47118 0.0615
0.47062 0.060990
0.47004 0.06048
0.46946 0.05998
0.46886 0.05949
0.46825 0.05901
0.46763 0.05854
0.467 0.05809
0.46635 0.05764
0.46568 0.05721
0.46501 0.05678
0.46432 0.05637
0.4636100 0.05598
0.46288 0.0556
0.46213 0.055240
0.46136 0.0549
0.46056 0.054580
0.45973 0.05428
0.45889 0.054
0.45802 0.05374
0.45713 0.05349
0.45621 0.05328
0.45525 0.0531
0.45422 0.05297
0.45313 0.05289
0.45197 0.05288
0.45078 0.05294
0.4496 0.05306
0.44848 0.05326
0.44746 0.05353
0.44658 0.05387
0.44533 0.05472
0.445 0.05520
0.44487 0.0557
0.444960 0.05621
0.445240 0.05672
0.44566 0.05724
0.446180 0.05774
0.44677 0.05823
0.44739 0.0587
0.44803 0.05915
0.44869 0.05959
0.44937 0.06001
0.45007 0.06041
0.450780 0.0608
0.45151 0.06118
0.452260 0.06154
0.45301 0.0619
0.45377 0.06225
0.45454 0.0626
0.45531 0.06294
0.456090 0.06328
0.45687 0.063620
0.45764 0.06396
0.45842 0.0643
0.45919 0.06464
0.45995 0.06498
0.46072 0.065330
0.46148 0.06569
0.46223 0.06604
0.46298 0.06641
0.46372 0.06677
0.464460 0.06714
0.46519 0.06752
0.46591 0.0679
0.46663 0.06829
0.46734 0.06869
0.468040 0.06909
0.46874 0.06949
0.46943 0.0699
0.47011 0.07032
0.47078 0.07075
0.47145 0.07118
0.47211 0.07162
0.47276 0.07206
0.4734 0.07251
0.47403 0.07297
0.47466 0.07344
0.47527 0.07391
0.475880 0.074390
0.47648 0.07488
0.47707 0.07538
0.47765 0.07588
0.47822 0.07638
0.47879 0.0769
0.47935 0.07742
0.47991 0.07794
0.48045 0.07848
0.48098 0.07902
0.48151 0.07957
0.482020 0.08013
0.48252 0.0807
0.48301 0.08128
0.48349 0.08186
0.48396 0.08246
0.48442 0.08306
0.48487 0.08368
0.48531 0.0843
0.48573 0.08493
0.48615 0.08557
0.48655 0.086230
0.48694 0.08689
0.48732 0.08756
0.48768 0.08825
0.48803 0.08894
0.48837 0.08965
0.48869 0.09037
0.489 0.09110
0.48930 0.09184
0.48957 0.0926
0.489840 0.09337
0.49009 0.094150
0.49032 0.09494
0.49054 0.095740
0.49076 0.09656
0.49096 0.09738
0.49114 0.09821
0.49132 0.09905
0.49149 0.0999
0.49164 0.100760
0.49178 0.10163
0.49191 0.10252
0.49201 0.10342
0.4921 0.10434
0.49215 0.10528
0.49219 0.10619
0.49221 0.10704
0.49222 0.10777
0.49223 0.10836
0.49223 0.10875
0.49224 0.10893
*.*.Setup: Ga2.txt as Flap 1, Inverted: y, Scale = 1.0, AoA = -2.0, Reposition from (0,0) = (0, 0)*.*.
*.*.Setup: Ga2.txt as Flap 2, Inverted: y, Scale = 0.2, AoA = 40.0, Reposition from previous T.E. = (0.04, 0.055), Reposition from (0,0) = (1.0377, -0.029)*.*.
*.*.Setup: Ga2.txt as Flap 3, Inverted: y, Scale = 0.2, AoA = 50.0, Reposition from previous T.E. = (0.04, 0.065), Reposition from (0,0) = (1.2372, 0.157)*.*.
*.*.Setup: Scale Ratio = 0.35844*.*.