0.33479 0.01169
0.33271 0.00988
0.32966 0.00725
0.32614 0.0047
0.32192 0.00229
0.31683 -0.00014
0.31071 -0.0027
0.30351 -0.00540
0.29532 -0.00821
0.28636 -0.01104
0.27689 -0.013850
0.26711 -0.01658
0.25718 -0.01919
0.2472 -0.02165
0.2372 -0.02394
0.22719 -0.02606
0.2171500 -0.028
0.20701 -0.02979
0.19674 -0.03142
0.18628 -0.03294
0.17561 -0.03436
0.16472 -0.03573
0.15368 -0.03706
0.14257 -0.03836
0.13155 -0.03962
0.12078 -0.0408
0.11042 -0.04184
0.1006700 -0.04269
0.09162 -0.04326
0.08325 -0.04349
0.07542 -0.04335
0.06804 -0.04282
0.06102 -0.0419
0.054300 -0.0406
0.04788 -0.03892
0.04173 -0.03688
0.03589 -0.0345
0.03039 -0.03182
0.0253 -0.02894
0.02071 -0.02596
0.01668 -0.02302
0.0132700 -0.02022
0.01042 -0.01762
0.00809 -0.01523
0.00619 -0.01303
0.00464 -0.01099
0.00339 -0.00911
0.00237 -0.00737
0.00157 -0.00575
0.00094 -0.00423
0.00048 -0.00281
0.00016 -0.00147
0.000013 -0.0002
0.000035 0.00101
0.00027 0.0022
0.00092 0.00325
0.00196 0.00402
0.003260 0.00454
0.00476 0.0049
0.006470 0.00517
0.00844 0.00537
0.01074 0.00552
0.01347 0.00562
0.01681 0.00567
0.020970 0.00564
0.02625 0.00552
0.03289 0.00526
0.04087 0.00482
0.04981 0.00415
0.05942 0.00322
0.06962 0.00205
0.08033 0.00071
0.09137 -0.00072
0.10256 -0.00219
0.11374 -0.00364
0.12478 -0.005040
0.13566 -0.00635
0.14636 -0.00756
0.1569 -0.008630
0.167270 -0.00954
0.17751 -0.01029
0.18763 -0.01084
0.19764 -0.0112
0.20756 -0.01136
0.2174 -0.01129
0.22719 -0.01101
0.23691 -0.0105
0.24659 -0.00977
0.25621 -0.0088100
0.26576 -0.00762
0.2752 -0.006220
0.28444 -0.0046
0.29334 -0.00281
0.30172 -0.00088
0.30932 0.00113
0.31601 0.00317
0.32173 0.00522
0.32657 0.00726
0.33064 0.009270
0.33479 0.01169
-Inserting Flap s1223rtl-
0.44329 0.07967
0.44287 0.0788
0.44225 0.07753
0.44146 0.07623
0.44043 0.07488
0.43912 0.0734
0.4375 0.07174
0.43555 0.06988
0.43329 0.06786
0.43080 0.065720
0.42813 0.06352
0.42535 0.0613
0.42251 0.05911
0.41963 0.05695
0.41672 0.05484
0.41379 0.05279
0.41082 0.05079
0.40779 0.048830
0.40471 0.0469
0.40155 0.04498
0.3983 0.043060
0.39498 0.04113
0.39161 0.03919
0.38821 0.037260
0.38483 0.0353400
0.38152 0.03349
0.37832 0.03174
0.3753 0.03013
0.37246 0.02871
0.36979 0.02749
0.36725 0.02647
0.36480 0.02563
0.36241 0.02496
0.36007 0.02446
0.35777 0.02412
0.35552 0.023940
0.35331 0.02391
0.35117 0.0240200
0.34914 0.02425
0.34725 0.02458
0.34555 0.02498
0.344070 0.02542
0.3428 0.02586
0.34172 0.02632
0.3408 0.02677
0.34003 0.02721
0.33936 0.02764
0.3388 0.028070
0.33832 0.028480
0.337910 0.02888
0.33756 0.02928
0.33728 0.02967
0.33706 0.03005
0.33689 0.03044
0.33681 0.03086
0.336880 0.0312900
0.33711 0.03168
0.33746 0.03203
0.33789 0.03235
0.33840 0.03267
0.33901 0.033
0.339730 0.03336
0.3406 0.03377
0.34167 0.03424
0.34301 0.0348
0.34473 0.03548
0.34691 0.03631
0.34953 0.03726
0.35251 0.038270
0.35573 0.03928
0.35918 0.0403
0.36281 0.04133
0.36656 0.04238
0.37037 0.04344
0.37417 0.0445
0.37792 0.04556
0.3816 0.04662
0.38521 0.0477
0.38876 0.048790
0.39222 0.04992
0.39562 0.05108
0.39896 0.05228
0.40223 0.05353
0.405450 0.05484
0.40861 0.056210
0.41173 0.05764
0.41479 0.05913
0.41781 0.06069
0.42078 0.062320
0.42369 0.064
0.426540 0.06575
0.4293 0.06753
0.43192 0.06933
0.43435 0.07109
0.43653 0.07278
0.4384 0.07435
0.43997 0.0758
0.44125 0.07711
0.44228 0.07832
0.44329 0.07967
-Inserting Flap s1223rtl-
0.54651 0.17011
0.54632 0.169160
0.54605 0.16778
0.54563 0.16632
0.54499 0.16474
0.5441 0.16297
0.54297 0.16095
0.54156 0.15865
0.53991 0.15612
0.53805 0.1534
0.53604 0.15059
0.53393 0.14773
0.53176 0.14487
0.52953 0.14204000
0.52727 0.13925
0.52497 0.13651
0.52261 0.13381
0.5202 0.13113
0.51772 0.12847
0.515170 0.1258
0.51253 0.12311
0.50982 0.12038
0.50706 0.11764
0.50428 0.11488
0.50151 0.11216
0.49879 0.10952
0.49616 0.107
0.49365 0.104660
0.49128 0.10255
0.48902 0.10069
0.48683 0.09904
0.48468 0.0976
0.482550 0.09633
0.48042 0.09525
0.47828 0.09432
0.47615 0.09356
0.47402 0.0929600
0.47193 0.09251
0.4699 0.09221
0.46799 0.09204
0.46625 0.0919900
0.46471 0.09202
0.46336 0.09213
0.4622 0.092290
0.4612 0.09248
0.46034 0.09271
0.45959 0.09296
0.458930 0.09322
0.45836 0.093490
0.45786 0.09378
0.45743 0.09407
0.45705 0.09437
0.45674 0.09469
0.45648 0.09502
0.45629 0.09541
0.45625 0.09584
0.45637 0.09627
0.45661 0.0967
0.45695 0.09712
0.45736 0.097560
0.457860 0.098040
0.45846 0.09858
0.4592 0.09920
0.46011 0.09993
0.46126 0.10082
0.46274 0.10192
0.46463 0.10328
0.46692 0.10488
0.46953 0.10662
0.47239 0.10844
0.47545 0.11031
0.47869 0.11225
0.48205 0.11423
0.48545 0.116240
0.48884 0.118250
0.49219 0.120240
0.49547 0.12222
0.49869 0.1242
0.50182 0.12617
0.50488 0.12815
0.50787 0.13016
0.51078 0.13218
0.51361 0.134240
0.51638 0.13634
0.51909 0.138470
0.52172 0.14066
0.5243 0.1429
0.526810 0.14518
0.52925 0.14752
0.53163 0.14991
0.53393 0.15233
0.53613 0.15476
0.5382 0.157180
0.5401 0.15951
0.54176 0.16171
0.54316 0.16371
0.54430 0.16551
0.5452 0.167110
0.54588 0.168540
0.54651 0.17011
*.*.Setup: s1223rtl.txt as Flap 1, Inverted: y, Scale = 1.0, AoA = 2.0, Reposition from (0,0) = (0, 0)*.*.
*.*.Setup: s1223rtl.txt as Flap 2, Inverted: y, Scale = 0.35, AoA = 25.0, Reposition from previous T.E. = (0.0067, 0.055), Reposition from (0,0) = (1.0061, 0.0899)*.*.
*.*.Setup: s1223rtl.txt as Flap 3, Inverted: y, Scale = 0.35, AoA = 40.0, Reposition from previous T.E. = (0.04, 0.045), Reposition from (0,0) = (1.3633, 0.2828)*.*.
*.*.Setup: Scale Ratio = 0.335*.*.