0.33699 -0.01177
0.33477 -0.01344
0.33153 -0.01587
0.32781 -0.018180
0.32341 -0.02031
0.31812 -0.02239
0.3118 -0.02453
0.30438 -0.026740
0.29596 -0.02898
0.286770 -0.0312
0.27706 -0.03335
0.26704 -0.0354
0.256890 -0.03732
0.2467 -0.03909
0.2365 -0.04069
0.22630 -0.04212
0.216070 -0.043370
0.20577 -0.04444
0.19534 -0.04537
0.18474 -0.04615
0.17392 -0.04684
0.16289 -0.04744
0.15171 -0.048
0.14047 -0.04853
0.12931 -0.04902
0.11841 -0.049450
0.10794 -0.0497700
0.09808 -0.049940
0.088960 -0.04987
0.08054 -0.04952
0.07269 -0.048820
0.06531 -0.04777
0.05833 -0.04636
0.05168 -0.04458
0.04534 -0.04244
0.03932 -0.03996
0.03362 -0.0371600
0.028280 -0.03409
0.02337 -0.03083
0.01897 -0.02752
0.015140 -0.02428
0.0119 -0.02123
0.00923 -0.01843
0.00705 -0.015860
0.0053 -0.01351
0.00389 -0.0113600
0.00276 -0.00939
0.00187 -0.00757
0.00117 -0.00588
0.00065 -0.00432
0.00028 -0.00285
6e-05 -0.00149
-0.000029 -0.0002
8e-05 0.00101
0.00043 0.00219
0.00116 0.00320
0.00225 0.0039
0.00359 0.00433
0.005120 0.00459
0.00686 0.00473
0.008850 0.0048
0.01117 0.00479
0.01392 0.00470
0.01728 0.00451
0.02146 0.00419
0.02675 0.0037
0.0334 0.00297
0.0413700 0.001970
0.05031 0.00067
0.05989 -0.00094
0.07005 -0.00283
0.08071 -0.00493
0.09169 -0.00714
0.10283 -0.0094
0.11395 -0.01164
0.12494 -0.01382
0.13577 -0.015910
0.14643 -0.01787
0.156940 -0.01968
0.16729 -0.02133
0.17752 -0.02279
0.18764 -0.02406
0.1976700 -0.02513
0.20762 -0.02598
0.21751 -0.0266
0.22735 -0.02701
0.23715 -0.02718
0.24692 -0.02713
0.25665 -0.02684
0.26632 -0.02632
0.27589 -0.02557
0.28529 -0.0246
0.29436 -0.02342
0.3029 -0.02207
0.31068 -0.02059
0.31753 -0.019
0.323420 -0.01735
0.32842 -0.01564
0.33265 -0.01391
0.33699 -0.01177
-Inserting Flap s1223rtl-
0.44312 0.06616
0.442750 0.06527
0.4422 0.06396
0.44148 0.0626
0.44053 0.06118
0.4393 0.05962
0.43777 0.05785
0.43592 0.05588
0.43377 0.05371
0.43139 0.05142
0.42883 0.04905
0.42617 0.046660
0.42344 0.04428
0.42068 0.04195
0.41788 0.03966
0.41505 0.03743
0.41218 0.03524
0.4092600 0.03310
0.40627 0.03097
0.40321 0.02886
0.40006 0.02674
0.39684 0.02461
0.39356 0.02247
0.39025 0.02032
0.38697 0.0182
0.38375 0.01614
0.38065 0.01419
0.3777 0.01240
0.37493 0.01081
0.37232 0.00943
0.369830 0.00825
0.36742 0.00726
0.36506 0.00646
0.36273 0.00582
0.36044 0.00534
0.35818 0.00503
0.35597 0.00487
0.35381 0.00485
0.35175 0.00497
0.34984 0.00519
0.34811 0.00549
0.346590 0.00584
0.34529 0.00621
0.34418 0.00661
0.34323 0.007
0.34243 0.0074
0.34174 0.0078
0.34114 0.00819
0.34064 0.00858
0.340200 0.00896
0.33983 0.009340
0.33952 0.00971
0.33928 0.01009
0.3390900 0.01047
0.33898 0.01089
0.33903 0.011320
0.339230 0.01173
0.33956 0.01209
0.33998 0.01244
0.340480 0.01279
0.34107 0.01316
0.34177 0.01357
0.342620 0.01403
0.34366 0.01457
0.34498 0.01521
0.34667 0.01599
0.34881 0.016950
0.35139 0.01806
0.35432 0.01925
0.3575 0.02045
0.3609 0.02168
0.36449 0.02293
0.3682 0.0242
0.37197 0.02549
0.37572 0.02678
0.37943 0.02806
0.38307 0.02934
0.38664 0.03064
0.39013 0.03194
0.39355 0.03328
0.3969 0.03464
0.40018 0.03605
0.4034 0.0375
0.40655 0.039
0.40965 0.04056
0.4127 0.04218
0.41569 0.04386
0.41863 0.0456
0.421520 0.04741
0.42435 0.04928
0.4271 0.05119
0.42977 0.05315
0.4323 0.05511
0.43464 0.05702
0.43673 0.05885
0.43852 0.06054
0.44001 0.06208
0.44122 0.06348
0.44219 0.06475
0.44312 0.06616
-Inserting Flap s1223rtl-
0.54006 0.17153
0.53996 0.17057
0.53981 0.16916
0.53951 0.16765
0.53901 0.166020
0.538280 0.16417
0.53732 0.16204
0.53611 0.15961
0.53467 0.15692
0.533050 0.15404
0.531280 0.151040
0.529420 0.14799
0.52749 0.14493
0.5255 0.1419
0.52348 0.1389
0.52141 0.13595
0.51929 0.13304
0.51711 0.13014
0.51485 0.12725
0.51252 0.12435
0.51012 0.12142
0.50764 0.11845
0.505110 0.11546
0.50256 0.11245
0.50003 0.10948
0.49753 0.10659
0.49512 0.10383
0.49281 0.10127
0.49061 0.09895
0.48851 0.09688
0.48646 0.09503
0.48443 0.0934
0.4824 0.09194
0.48036 0.09067
0.4783 0.08956
0.47622 0.08861
0.47415 0.08782
0.47209 0.08718
0.47008 0.0867
0.46818 0.08637
0.46644 0.08616
0.46489 0.08606
0.463530 0.08604
0.46236 0.0861
0.46134 0.08621
0.46045 0.08636
0.45967 0.08655
0.45899 0.086750
0.4584 0.08698
0.45787 0.08722
0.45741 0.08747
0.4570100 0.08774
0.45666 0.08803
0.45637 0.08834
0.45615 0.08871
0.45607 0.08914
0.45615 0.08959
0.45636 0.09003
0.45666 0.09049
0.457040 0.09097
0.4575 0.09149
0.4580500 0.09208
0.45873 0.09277
0.45958 0.09358
0.46066 0.09457
0.46205 0.09581
0.46382 0.09734
0.46598 0.09914
0.46845 0.10112
0.47115 0.10319
0.47406 0.10534
0.47714 0.10756
0.48033 0.10985
0.48356 0.11216
0.48679 0.11447
0.48997 0.11676
0.49309 0.11904
0.49614 0.1213
0.49911 0.12355
0.502 0.12581
0.50482 0.12808
0.50756 0.13037
0.51023 0.13268
0.51282 0.13502
0.51534 0.13741
0.51779 0.13983
0.520180 0.1423
0.5225 0.14481
0.524740 0.14737
0.52692 0.14997
0.52901 0.1526
0.531 0.15523
0.53287 0.15784
0.53456 0.16035
0.536040 0.162690
0.53727 0.1648200
0.53825 0.16673
0.53901 0.16841
0.53958 0.16991
0.54006 0.17153
*.*.Setup: s1223rtl.txt as Flap 1, Inverted: y, Scale = 1.0, AoA = -2.0, Reposition from (0,0) = (0, 0)*.*.
*.*.Setup: s1223rtl.txt as Flap 2, Inverted: y, Scale = 0.35, AoA = 28.333333333333332, Reposition from previous T.E. = (0.0067, 0.065), Reposition from (0,0) = (1.0061, 0.0301)*.*.
*.*.Setup: s1223rtl.txt as Flap 3, Inverted: y, Scale = 0.35, AoA = 45.0, Reposition from previous T.E. = (0.04, 0.065), Reposition from (0,0) = (1.3541, 0.2612)*.*.
*.*.Setup: Scale Ratio = 0.3372*.*.