0.33946 -0.01185
0.33722 -0.01353
0.33396 -0.01599
0.33021 -0.018310
0.32577 -0.02046
0.32045 -0.02255
0.31408 -0.02471
0.3066 -0.026930
0.29813 -0.02919
0.288870 -0.03142
0.27908 -0.03359
0.269 -0.03566
0.258770 -0.0376
0.2485 -0.03938
0.23823 -0.04099
0.227960 -0.04243
0.217650 -0.043680
0.20728 -0.04477
0.19677 -0.0457
0.18609 -0.04649
0.17519 -0.04718
0.16409 -0.04779
0.15282 -0.04835
0.14149 -0.04888
0.13026 -0.04938
0.11928 -0.049810
0.10873 -0.0501300
0.0988 -0.05030
0.089610 -0.05024
0.08112 -0.04988
0.07322 -0.049180
0.06579 -0.04812
0.05875 -0.04669
0.05205 -0.0449
0.04567 -0.04275
0.0396 -0.04025
0.03386 -0.0374300
0.028490 -0.03434
0.02354 -0.03106
0.01911 -0.02772
0.015250 -0.02446
0.01199 -0.02139
0.0093 -0.01856
0.00711 -0.015980
0.00534 -0.01361
0.00392 -0.0114500
0.00278 -0.00946
0.00188 -0.00762
0.00118 -0.00593
0.00065 -0.00435
0.00028 -0.00288
6e-05 -0.0015
-0.000029 -0.0002
8e-05 0.00102
0.00043 0.00221
0.00116 0.003220
0.00227 0.00393
0.00362 0.00436
0.005160 0.00462
0.00691 0.00477
0.008910 0.00483
0.01125 0.00482
0.01403 0.004730
0.01741 0.00454
0.02161 0.00422
0.02694 0.00372
0.03364 0.00299
0.0416800 0.001990
0.05068 0.00068
0.06033 -0.00094
0.07056 -0.00285
0.0813 -0.00496
0.09236 -0.00719
0.10359 -0.00946
0.11478 -0.01172
0.12585 -0.01392
0.13676 -0.016020
0.1475 -0.018
0.158080 -0.01983
0.16852 -0.02149
0.17882 -0.02296
0.18901 -0.02424
0.1991100 -0.02531
0.20914 -0.02617
0.2191 -0.0268
0.22901 -0.02721
0.23889 -0.02738
0.24873 -0.02732
0.25853 -0.02703
0.26827 -0.02651
0.27791 -0.02575
0.28737 -0.02478
0.29651 -0.02359
0.30511 -0.02223
0.31295 -0.02074
0.31985 -0.01914
0.325790 -0.01748
0.33083 -0.01576
0.33508 -0.01401
0.33946 -0.01185
-Inserting Flap s1223rtl-
0.43504 0.06665
0.43466 0.06574
0.43411 0.06443
0.43339 0.06306
0.43243 0.06163
0.43119 0.06005
0.42965 0.05828
0.42778 0.05628
0.42562 0.0541
0.42322 0.05179
0.42065 0.04941
0.41797 0.0470
0.415220 0.04461
0.41243 0.04225
0.40961 0.03995
0.40676 0.0377
0.40387 0.0355
0.40093 0.033340
0.39792 0.0312
0.39483 0.02907
0.39166 0.02694
0.38842 0.02479
0.38511 0.02263
0.38179 0.02047
0.37848 0.01833
0.37524 0.01626
0.37211 0.0143
0.36914 0.012490
0.36635 0.01089
0.36372 0.0095
0.36121 0.00831
0.35878 0.00732
0.3564 0.0065
0.35406 0.00586
0.35176 0.00538
0.34948 0.00506
0.34725 0.0049
0.345080 0.00489
0.343 0.005
0.34107 0.00523
0.33933 0.00553
0.3378 0.00588
0.33649 0.00626
0.33537 0.00665
0.33442 0.00706
0.33361 0.00746
0.33291 0.00786
0.33232 0.00825
0.3318 0.00864
0.33137 0.00903
0.331 0.009410
0.33068 0.00978
0.33043 0.01016
0.33025 0.01055
0.330140 0.01097
0.33018 0.01140
0.33039 0.01181
0.33072 0.01218
0.33114 0.01253
0.33165 0.01289
0.33224 0.01326
0.332950 0.01367
0.3338 0.01413
0.33486 0.01467
0.33618 0.01532
0.33788 0.01611
0.34004 0.017080
0.34264 0.01819
0.34559 0.01939
0.34879 0.0206
0.35222 0.02184
0.35584 0.02309
0.35957 0.02438
0.36337 0.02568
0.367150 0.02697
0.37088 0.02826
0.37455 0.02956
0.37814 0.03086
0.38166 0.03218
0.38511 0.03352
0.38848 0.0349
0.39178 0.03631
0.39502 0.03777
0.3982 0.03929
0.40132 0.04086
0.40439 0.04249
0.40741 0.04418
0.41037 0.04594
0.41328 0.04776
0.41613 0.04964
0.418910 0.05157
0.42159 0.05354
0.42414 0.05551
0.4265 0.05744
0.4286 0.05928
0.43041 0.06098
0.43191 0.06253
0.43312 0.06394
0.4341 0.06522
0.43504 0.06665
-Inserting Flap s1223rtl-
0.53970 0.16514
0.53951 0.16418
0.53924 0.16278
0.53881 0.16129
0.53815 0.1597
0.53726 0.15791
0.53611 0.15585
0.53468 0.15352
0.53301 0.15095
0.53112 0.1482
0.52909 0.14535
0.52695 0.14245
0.52474 0.13955
0.52249 0.13668
0.52019 0.13385
0.51786 0.13108
0.51547 0.12834
0.51303 0.12562
0.51051 0.12292
0.50792 0.12021
0.50525 0.11748
0.5025 0.11472
0.4997 0.11194
0.49688 0.10915
0.49407 0.106390
0.49132 0.1037
0.48865 0.10115
0.48611 0.09878
0.4837 0.09664
0.48141 0.09475
0.47919 0.09308
0.47701 0.09162
0.474850 0.09034
0.47268 0.08924
0.47052 0.0883
0.46836 0.08753
0.4662 0.08692
0.46408 0.08646
0.46203 0.08616
0.46009 0.08599
0.45832 0.08593
0.45676 0.08597
0.45539 0.08607
0.45422 0.08623
0.45321 0.08643
0.45233 0.08666
0.45157 0.08692
0.45090 0.087180
0.45032 0.08746
0.44982 0.087750
0.44938 0.08804
0.449 0.08835
0.44867 0.08867
0.44841 0.089010
0.44822 0.0894
0.44818 0.08983
0.4483 0.09028
0.44855 0.09071
0.44889 0.09114
0.44931 0.09158
0.44982 0.09207
0.45043 0.09261
0.45117 0.09324
0.452090 0.09398
0.45326 0.09488
0.45477 0.0960
0.45668 0.09738
0.459 0.099
0.46165 0.10077
0.46454 0.10261
0.46765 0.10451
0.470940 0.10647
0.474340 0.10849
0.47779 0.11052
0.48123 0.11256
0.48462 0.11458
0.48795 0.11659
0.49121 0.11859
0.49439 0.12059
0.49749 0.1226
0.50052 0.12463
0.50347 0.12669
0.50635 0.12877
0.50915 0.1309
0.51189 0.13307
0.51457 0.135280
0.51718 0.13755
0.51972 0.13987
0.5222 0.14224
0.52461 0.14466
0.52695 0.14711
0.52918 0.14958
0.53128 0.15203
0.5332 0.1544
0.53488 0.15662
0.53631 0.15865
0.53746 0.16048
0.53837 0.1621
0.53907 0.16355
0.53970 0.16514
*.*.Setup: s1223rtl.txt as Flap 1, Inverted: y, Scale = 1.0, AoA = -2.0, Reposition from (0,0) = (0, 0)*.*.
*.*.Setup: s1223rtl.txt as Flap 2, Inverted: y, Scale = 0.35, AoA = 28.333333333333332, Reposition from previous T.E. = (-0.0267, 0.065), Reposition from (0,0) = (0.9727, 0.0301)*.*.
*.*.Setup: s1223rtl.txt as Flap 3, Inverted: y, Scale = 0.35, AoA = 40.0, Reposition from previous T.E. = (0.04, 0.065), Reposition from (0,0) = (1.3208, 0.2612)*.*.
*.*.Setup: Scale Ratio = 0.33967*.*.