0.36347 -0.01269
0.36107 -0.01449
0.35758 -0.01712
0.35357 -0.019610
0.34882 -0.0219
0.34312 -0.02415
0.33629 -0.02646
0.32829 -0.028840
0.31921 -0.03125
0.30930 -0.03365
0.29882 -0.03597
0.28802 -0.03818
0.277070 -0.04026
0.26608 -0.04216
0.25508 -0.04389
0.244080 -0.04543
0.233050 -0.046770
0.22194 -0.04794
0.21069 -0.04893
0.19925 -0.04978
0.18759 -0.05052
0.17569 -0.05117
0.16363 -0.05177
0.1515 -0.05234
0.13947 -0.05287
0.12771 -0.053330
0.11642 -0.0536800
0.10579 -0.053860
0.095950 -0.05379
0.08686 -0.05341
0.0784 -0.052660
0.07044 -0.05152
0.06291 -0.05
0.05574 -0.04808
0.0489 -0.04578
0.0424 -0.0431
0.03626 -0.0400800
0.03050 -0.03677
0.02521 -0.03326
0.02046 -0.02968
0.016330 -0.02619
0.01284 -0.0229
0.00995 -0.01988
0.00761 -0.017110
0.00572 -0.01458
0.00419 -0.0122600
0.00298 -0.01013
0.00201 -0.00816
0.00126 -0.00635
0.0007 -0.00466
0.0003 -0.00308
7e-05 -0.0016
-0.000029 -0.00022
9e-05 0.00109
0.00046 0.00236
0.00125 0.003450
0.00243 0.00421
0.00387 0.00467
0.005520 0.00495
0.0074 0.00511
0.009540 0.00517
0.01204 0.00516
0.01502 0.005070
0.01864 0.00487
0.02314 0.00452
0.02885 0.00399
0.03602 0.0032
0.0446200 0.002130
0.05426 0.00073
0.0646 -0.00101
0.07555 -0.00305
0.08705 -0.00531
0.0989 -0.0077
0.11091 -0.01013
0.1229 -0.01255
0.13476 -0.01491
0.14644 -0.017160
0.15794 -0.01927
0.169270 -0.02123
0.18044 -0.023
0.19147 -0.02458
0.20238 -0.02595
0.213200 -0.0271
0.22393 -0.02802
0.2346 -0.02869
0.24521 -0.02913
0.25578 -0.02932
0.26632 -0.02926
0.27681 -0.02895
0.28725 -0.02838
0.29757 -0.02757
0.3077 -0.02653
0.31748 -0.02526
0.32669 -0.0238
0.33509 -0.0222
0.34248 -0.0205
0.348830 -0.01872
0.35423 -0.01687
0.35878 -0.015
0.36347 -0.01269
-Inserting Flap s1223rtl-
0.45369 0.07136
0.45328 0.07039
0.45269 0.06898
0.45192 0.06752
0.45089 0.06599
0.44957 0.0643
0.44791 0.0624
0.44592 0.06026
0.4436 0.05793
0.441030 0.05545
0.43828 0.0529
0.43541 0.050320
0.43246 0.04776
0.429480 0.04524
0.42646 0.04278
0.42341 0.04037
0.42032 0.03801
0.41717 0.03570
0.41394 0.03341
0.41064 0.03113
0.40724 0.02885
0.40377 0.02655
0.40023 0.02423
0.39667 0.02192
0.39313 0.01963
0.389660 0.01741
0.386310 0.01531
0.38313 0.013380
0.38014 0.01166
0.37733 0.01017
0.37464 0.0089
0.37204 0.00784
0.36949 0.00696
0.36698 0.00627
0.36451 0.00576
0.36208 0.00542
0.35969 0.00525
0.35736 0.00523
0.35514 0.00536
0.35307 0.0056
0.351210 0.00592
0.34957 0.0063
0.34817 0.0067
0.34697 0.00712
0.34595 0.00755
0.34508 0.00799
0.34434 0.00841
0.3437 0.00884
0.34315 0.00925
0.34268 0.00966
0.34228 0.010070
0.34195 0.01048
0.34168 0.01088
0.34148 0.01129
0.34137 0.01174
0.341420 0.012210
0.34164 0.01265
0.34199 0.01304
0.34244 0.01342
0.34298 0.0138
0.34362 0.0142
0.34437 0.01464
0.34529 0.01513
0.34642 0.01571
0.34784 0.0164
0.34966 0.01725
0.35196 0.018280
0.35475 0.01948
0.35791 0.02076
0.36134 0.02206
0.36501 0.02338
0.36888 0.02473
0.37288 0.0261
0.37694 0.02749
0.38099 0.02888
0.38499 0.03026
0.38892 0.03165
0.39277 0.03304
0.39653 0.03445
0.40022 0.03589
0.40383 0.03736
0.40737 0.03888
0.41084 0.04045
0.41425 0.04207
0.41759 0.04375
0.42087 0.04549
0.4241 0.0473
0.427270 0.04918
0.43039 0.05113
0.43344 0.05315
0.43641 0.05522
0.43929 0.05732
0.44202 0.05943
0.44455 0.0615
0.4468 0.06347
0.44873 0.06529
0.45033 0.06695
0.45164 0.06846
0.45268 0.06983
0.45369 0.07136
-Inserting Flap s1223rtl-
0.53614 0.16437
0.53585 0.16337
0.53543 0.1619
0.534830 0.16036
0.53399 0.15871
0.53286 0.15689
0.53144 0.1548
0.52971 0.152450
0.52768 0.14986
0.52541 0.14711
0.522970 0.144250
0.52042 0.14136
0.5178 0.13847
0.515130 0.13562
0.51241 0.13282
0.50966 0.13008
0.50686 0.12738
0.50400 0.12471
0.50107 0.12206
0.49805 0.119420
0.494940 0.11676
0.49176 0.11407
0.48851 0.11136
0.48524 0.10864
0.48199 0.10596
0.4788 0.10336
0.47572 0.10088
0.47278 0.09859
0.47002 0.09654
0.4674 0.09473
0.46488 0.09316
0.46241 0.0918
0.45998 0.09064
0.45758 0.08966
0.45518 0.08887
0.4528 0.08825
0.450450 0.0878
0.44814 0.08751
0.44592 0.087380
0.44384 0.08738
0.44195 0.08748
0.44028 0.08766
0.43884 0.087900
0.4376 0.08818
0.43654 0.08849
0.43562 0.088820
0.43483 0.08916
0.43415 0.08951
0.43356 0.08986
0.43305 0.09021
0.4326 0.090570
0.43223 0.09093
0.431910 0.0913
0.43166 0.09169
0.4315 0.09212
0.43149 0.09259
0.43166 0.09305
0.43197 0.09349
0.43237 0.09391
0.432860 0.09435
0.43345 0.09482
0.43415 0.09534
0.4350 0.09594
0.43605 0.09665
0.43739 0.09750
0.43909 0.09855
0.44126 0.09985
0.44389 0.10136
0.44688 0.103
0.45014 0.10469
0.45363 0.10642
0.45732 0.108210
0.461140 0.11004
0.46501 0.11189
0.46887 0.11374
0.47268 0.11558
0.47641 0.11741
0.48008 0.11924
0.48365 0.12108
0.48715 0.12294
0.49057 0.12482
0.49391 0.12674
0.49717 0.12869
0.50036 0.1307
0.50349 0.13276
0.50655 0.13487
0.509540 0.13705
0.51247 0.13928
0.51534 0.14158
0.51814 0.14393
0.52086 0.14633
0.52347 0.14876
0.52593 0.15118
0.5282 0.15352
0.53021 0.15574
0.53192 0.15777
0.53332 0.15961
0.53444 0.16126
0.53532 0.16274
0.53614 0.16437
*.*.Setup: s1223rtl.txt as Flap 1, Inverted: y, Scale = 1.0, AoA = -2.0, Reposition from (0,0) = (0, 0)*.*.
*.*.Setup: s1223rtl.txt as Flap 2, Inverted: y, Scale = 0.35, AoA = 28.333333333333332, Reposition from previous T.E. = (-0.06, 0.065), Reposition from (0,0) = (0.9394, 0.0301)*.*.
*.*.Setup: s1223rtl.txt as Flap 3, Inverted: y, Scale = 0.35, AoA = 35.0, Reposition from previous T.E. = (-0.06, 0.055), Reposition from (0,0) = (1.1875, 0.2512)*.*.
*.*.Setup: Scale Ratio = 0.36369*.*.