0.34724 -0.01213
0.34495 -0.01384
0.34162 -0.01635
0.33778 -0.018730
0.33325 -0.02093
0.3278 -0.02307
0.32128 -0.02527
0.31364 -0.027550
0.30496 -0.02986
0.295490 -0.03215
0.28548 -0.03437
0.27517 -0.03648
0.264710 -0.03846
0.2542 -0.04028
0.24369 -0.04193
0.233180 -0.0434
0.222650 -0.044690
0.21203 -0.0458
0.20129 -0.04675
0.19036 -0.04756
0.17921 -0.04826
0.16785 -0.04889
0.15632 -0.04946
0.14474 -0.05
0.13324 -0.05051
0.12201 -0.050950
0.11122 -0.0512800
0.10107 -0.051450
0.091670 -0.05139
0.08299 -0.05102
0.0749 -0.05030
0.0673 -0.04922
0.0601 -0.04777
0.05325 -0.04593
0.04672 -0.04373
0.04051 -0.04118
0.03464 -0.0382900
0.029140 -0.03513
0.02408 -0.03177
0.01954 -0.02836
0.01560 -0.02502
0.01226 -0.02188
0.00951 -0.01899
0.00727 -0.016340
0.00546 -0.01393
0.00401 -0.0117100
0.00284 -0.00967
0.00192 -0.0078
0.00121 -0.00606
0.00067 -0.00445
0.00029 -0.00294
6e-05 -0.00153
-0.000029 -0.00021
9e-05 0.00105
0.00044 0.00226
0.00119 0.003290
0.00232 0.00402
0.0037 0.00446
0.005280 0.00473
0.00707 0.00488
0.009120 0.00494
0.01151 0.00493
0.01435 0.004840
0.0178 0.00465
0.02211 0.00432
0.02756 0.00381
0.03442 0.00306
0.0426300 0.002030
0.05184 0.00069
0.06172 -0.00097
0.07218 -0.00292
0.08316 -0.00508
0.09448 -0.00735
0.10596 -0.00968
0.11742 -0.01199
0.12874 -0.01424
0.1399 -0.016390
0.15089 -0.01841
0.161710 -0.02028
0.17238 -0.02198
0.18292 -0.02349
0.19335 -0.0248
0.2036800 -0.02589
0.21393 -0.02677
0.22412 -0.02741
0.23427 -0.02783
0.24437 -0.02801
0.25443 -0.02795
0.26446 -0.02765
0.27442 -0.02712
0.28429 -0.02634
0.29396 -0.02534
0.30331 -0.02413
0.31211 -0.02274
0.32013 -0.02121
0.32719 -0.01958
0.333260 -0.01788
0.33841 -0.01612
0.34277 -0.01433
0.34724 -0.01213
-Inserting Flap s1223rtl-
0.45978 0.05838
0.45933 0.05748
0.45869 0.056170
0.45788 0.05481
0.45681 0.05341
0.45545 0.05188
0.45377 0.05015
0.45175 0.04823
0.44941 0.04613
0.446820 0.04391
0.44405 0.04163
0.44117 0.03933
0.43822 0.03705
0.43523 0.03481
0.43222 0.032630
0.42918 0.0305
0.42609 0.02843
0.42296 0.02639
0.41976 0.02439
0.41648 0.0224
0.41312 0.02041
0.40967 0.01841
0.40617 0.0164
0.40264 0.01439
0.39914 0.0124
0.39571 0.01048
0.39239 0.00866
0.38925 0.007
0.38631 0.00552
0.38355 0.00426
0.38091 0.0032
0.378370 0.00233
0.37589 0.00164
0.37346 0.00112
0.37108 0.00077
0.36874 0.00058
0.36645 0.00055
0.36423 0.00066
0.36212 0.0009
0.36016 0.00125
0.3584 0.00166
0.356860 0.002110
0.35554 0.00257
0.35442 0.00304
0.35348 0.00351
0.35267 0.00397
0.35198 0.00442
0.3514 0.00486
0.3509 0.00529
0.350480 0.0057
0.35012 0.00611
0.34982 0.00652
0.34959 0.00692
0.34942 0.00732
0.34934 0.00776
0.349410 0.0082
0.34965 0.00861
0.35001 0.00896
0.35045 0.0093
0.350990 0.009630
0.35162 0.00997
0.352370 0.01035
0.35327 0.01077
0.35437 0.01126
0.35577 0.01184
0.35755 0.01255
0.35981 0.01341
0.36253 0.01439
0.36562 0.01544
0.36896 0.01649
0.37253 0.01754
0.3763 0.01861
0.38019 0.0197
0.38414 0.0208
0.38808 0.0219
0.39197 0.023
0.39579 0.0241
0.39954 0.025220
0.40321 0.02635
0.40681 0.02752
0.41034 0.02872
0.4138 0.02997
0.41719 0.03127
0.420530 0.03263
0.42381 0.03405
0.42704 0.03553
0.43022 0.03708
0.43335 0.03870
0.43643 0.04038
0.43945 0.042130
0.44240 0.04394
0.44526 0.04579
0.44798 0.04765
0.45051 0.04949
0.45276 0.05124
0.45471 0.05287
0.45633 0.05436
0.45766 0.05573
0.45873 0.05698
0.45978 0.05838
-Inserting Flap s1223rtl-
0.53855 0.15072
0.53827 0.14975
0.53786 0.14835
0.53729 0.14688
0.53649 0.14531
0.53542 0.14356
0.53406 0.14157
0.5324 0.13932
0.53046 0.13685
0.52830 0.13422
0.52597 0.13149
0.52353 0.12873
0.52102 0.12597
0.51847 0.12325
0.51588 0.12057
0.51325 0.11795
0.510580 0.11537
0.50784 0.11282
0.50504 0.11029
0.50216 0.10777
0.49919 0.10522
0.49614 0.10265
0.493040 0.10006
0.48992 0.09747
0.48681 0.09491
0.48377 0.09242
0.48082 0.09006
0.47802 0.08787
0.47538 0.08591
0.47287 0.08418
0.47046 0.08268
0.46811 0.08138
0.46579 0.08027
0.46349 0.07934
0.4612 0.07858
0.45893 0.07799
0.45668 0.07756
0.45447 0.07728
0.4523500 0.07715
0.45036 0.07715
0.44856 0.07725
0.44696 0.07743
0.44559 0.07766
0.4444 0.07793
0.4433900 0.07822
0.44252 0.07853
0.44176 0.07886
0.44111 0.079190
0.440540 0.07952
0.44005 0.07986
0.43963 0.0802
0.43927 0.08055
0.43897 0.0809
0.4387300 0.08127
0.43858 0.08169
0.43857 0.08213
0.43873 0.08258
0.43902 0.08299
0.43941 0.08340
0.43988 0.08381
0.44044 0.08426
0.44111 0.084770
0.44192 0.08534
0.44293 0.086010
0.4442 0.08683
0.44583 0.087830
0.4479 0.08907
0.450420 0.09051
0.45327 0.09208
0.4563800 0.09369
0.45972 0.09535
0.46324 0.09706
0.46689 0.09881
0.47059 0.10058
0.47428 0.10234
0.47791 0.1041
0.48149 0.10585
0.48498 0.1076
0.4884 0.10936
0.49174 0.11113
0.495010 0.11293
0.4982 0.11476
0.50132 0.11663
0.50437 0.11854
0.50735 0.12051
0.51027 0.12253
0.51313 0.12461
0.51594 0.12674
0.518670 0.128940
0.52135 0.13119
0.52394 0.13348
0.52644 0.1358
0.52879 0.13811
0.53096 0.14035
0.53288 0.14246
0.53451 0.14441
0.53585 0.14616
0.53692 0.14774
0.53776 0.14915
0.53855 0.15072
*.*.Setup: s1223rtl.txt as Flap 1, Inverted: y, Scale = 1.0, AoA = -2.0, Reposition from (0,0) = (0, 0)*.*.
*.*.Setup: s1223rtl.txt as Flap 2, Inverted: y, Scale = 0.35, AoA = 25.0, Reposition from previous T.E. = (0.0067, 0.055), Reposition from (0,0) = (1.0061, 0.0201)*.*.
*.*.Setup: s1223rtl.txt as Flap 3, Inverted: y, Scale = 0.35, AoA = 35.0, Reposition from previous T.E. = (-0.06, 0.065), Reposition from (0,0) = (1.2633, 0.233)*.*.
*.*.Setup: Scale Ratio = 0.34746*.*.