0.33262 0.03496
0.330670 0.03301
0.32782 0.03018
0.32449 0.02739
0.32046 0.0247
0.315550 0.021920
0.30963 0.01895
0.30265 0.01576
0.294690 0.01239
0.285970 0.00894
0.27673 0.00549
0.26718 0.00209
0.257470 -0.00120
0.2477 -0.00434
0.23791 -0.00732
0.22809 -0.010130
0.21821 -0.01277
0.20824 -0.01525
0.1981300 -0.01759
0.18782 -0.01983
0.17729 -0.02199
0.16654 -0.02411
0.15564 -0.02621
0.14467 -0.028270
0.13378 -0.0303
0.12313 -0.03222
0.11289 -0.03399
0.10323 -0.03551
0.09426 -0.03671
0.08594 -0.03752
0.07814 -0.03792
0.07074 -0.0379
0.06369 -0.03748
0.05691 -0.03665
0.05039 -0.03543
0.04413 -0.03382
0.038150 -0.03186
0.03248 -0.02958
0.02721 -0.02706
0.02243 -0.02441
0.01822 -0.021760
0.01462 -0.01921
0.01161 -0.01683
0.00912 -0.01461
0.00707 -0.01254
0.005390 -0.01062
0.00401 -0.008840
0.00288 -0.00718
0.00196 -0.00562
0.00123 -0.004150
0.00067 -0.00277
0.00027 -0.00145
0.000055 -0.0002
-6e-05 0.00101
0.00012 0.00221
0.00069 0.0033
0.00167 0.00414
0.002930 0.00475
0.0044 0.005210
0.00608 0.0056
0.00803 0.00593
0.01031 0.00624
0.01303 0.00654
0.01635 0.00682
0.0205 0.007080
0.02576 0.00732
0.03239 0.00753
0.04037 0.007650
0.04932 0.00761
0.05896 0.00735
0.0692 0.00689
0.07995 0.0063
0.09105 0.00565
0.1023 0.00497
0.11353 0.0043
0.124620 0.00367
0.13555 0.00312
0.146290 0.00266
0.15686 0.00233
0.16726 0.00214
0.177510 0.00212
0.18762 0.00227
0.19762 0.00261
0.20751 0.00315
0.21731 0.00389
0.22703 0.00486
0.23668 0.00604
0.24627 0.00744
0.25579 0.00907
0.26521 0.01092
0.27451 0.012970
0.2836 0.01522
0.29235 0.01763
0.30055 0.02014
0.30799 0.02267
0.31450 0.02517
0.32006 0.0276
0.32474 0.02997
0.32865 0.032250
0.33262 0.03496
-Inserting Flap s1223rtl-
0.44903 0.10557
0.44866 0.10468
0.44812 0.10338
0.44741 0.102030
0.44646 0.10063
0.44524 0.09908
0.44372 0.09733
0.44189 0.09536
0.43976 0.09322
0.43739 0.09094
0.43486 0.08859
0.43222 0.08622
0.42951 0.08387
0.42677 0.08155
0.42399 0.07928
0.42119 0.07707
0.41834 0.0749
0.41544 0.07277
0.41248 0.07066
0.40944 0.068570
0.40632 0.066470
0.40312 0.06435
0.39987 0.06223
0.3965900 0.0601
0.39334 0.05799
0.39015 0.05595
0.38707 0.05402
0.38414 0.05224
0.3814 0.05066
0.37881 0.04929
0.37634 0.04813
0.37394 0.04715
0.3716 0.04635
0.3693 0.04571
0.36702 0.04524
0.364780 0.04493
0.36259 0.044770
0.36045 0.04475
0.35841 0.04487
0.356510 0.04509
0.35479 0.04539
0.35329 0.04573
0.35199 0.04611
0.35089 0.04649
0.34996 0.04689
0.34916 0.04729
0.34847 0.04768
0.34788 0.04807
0.34738 0.04845
0.34695 0.04883
0.346580 0.0492
0.34628 0.049580
0.346030 0.04995
0.34585 0.05033
0.34574 0.05074
0.34578 0.05117
0.34599 0.05157
0.34632 0.05194
0.34673 0.05228
0.34722 0.05263
0.34781 0.053
0.34851 0.05340
0.34935 0.05386
0.35038 0.05439
0.35169 0.05503
0.35336 0.05581
0.35548 0.05676
0.35805 0.05785
0.36095 0.05903
0.364110 0.06023
0.36748 0.06144
0.37104 0.062680
0.37472 0.0639500
0.37846 0.06522
0.38218 0.0665
0.38586 0.06777
0.389470 0.069050
0.39301 0.07033
0.39647 0.07163
0.39986 0.07295
0.40318 0.0743
0.40644 0.0757
0.40963 0.07714
0.41276 0.07863
0.41583 0.08017
0.41885 0.081780
0.42182 0.08344
0.42474 0.08517
0.4276 0.08697
0.43041 0.08882
0.43315 0.09072
0.43579 0.09266
0.4383 0.0946
0.44062 0.0965
0.44269 0.09831
0.444470 0.09999
0.445950 0.10151
0.44714 0.1029
0.44811 0.104160
0.44903 0.10557
-Inserting Flap s1223rtl-
0.55208 0.19586
0.5519 0.19491
0.55163 0.19353
0.55120 0.192070
0.55056 0.1905
0.54968 0.18874
0.54855 0.18672
0.54715 0.18442
0.5455 0.18189
0.543640 0.17918
0.54163 0.17637
0.53953 0.17351
0.537350 0.17066
0.53514 0.16784
0.53288 0.16505
0.53058 0.16232
0.52823 0.15962
0.52582 0.15695
0.52334 0.15429
0.52079 0.15162
0.51816 0.14893
0.51546 0.14622
0.5127 0.143470
0.50992 0.14073
0.50716 0.13801
0.50445 0.13536
0.50182 0.13285
0.49931 0.13052
0.49695 0.12841
0.49469 0.12655
0.4925 0.12491
0.49036 0.12346
0.48823 0.122210
0.4861 0.12112
0.48397 0.1202
0.48184 0.11944
0.47972 0.11884
0.47763 0.11839
0.4756 0.11809
0.4737 0.11792
0.47196 0.11787
0.470410 0.1179
0.469070 0.11801
0.467920 0.11816
0.46692 0.11836
0.46605 0.11859
0.4653 0.11884
0.46465 0.1191
0.46408 0.11937
0.463580 0.11965
0.46315 0.11995
0.46277 0.12025
0.46246 0.12056
0.4622 0.1209
0.46201 0.12128
0.46197 0.12171
0.46209 0.12215
0.46233 0.12257
0.46267 0.12299
0.46308 0.12343
0.46358 0.12391
0.46418 0.12445
0.46491 0.12506
0.46582 0.12579
0.46697 0.12668
0.46845 0.12778
0.47034 0.12914
0.47263 0.13074
0.475230 0.1324800
0.47808 0.13429
0.48114 0.13616
0.48438 0.13809
0.48772 0.14007
0.491120 0.14208
0.49451 0.14408
0.49785 0.14607
0.50113 0.14805
0.50434 0.15002
0.50747 0.15199
0.51052 0.15397
0.5135 0.155970
0.51641 0.158
0.51924 0.16005
0.52201 0.16214
0.5247 0.16428
0.52734 0.16646
0.52991 0.16869
0.53241 0.17098
0.5348600 0.173310
0.53723 0.17569
0.53953 0.17811
0.54172 0.18054
0.54379 0.18295
0.54568 0.18528
0.54734 0.18747
0.54874 0.18947
0.54988 0.19127
0.55077 0.19287
0.55146 0.1943
0.55208 0.19586
*.*.Setup: s1223rtl.txt as Flap 1, Inverted: y, Scale = 1.0, AoA = 6.0, Reposition from (0,0) = (0, 0)*.*.
*.*.Setup: s1223rtl.txt as Flap 2, Inverted: y, Scale = 0.35, AoA = 28.333333333333332, Reposition from previous T.E. = (0.04, 0.045), Reposition from (0,0) = (1.0345, 0.1495)*.*.
*.*.Setup: s1223rtl.txt as Flap 3, Inverted: y, Scale = 0.35, AoA = 40.0, Reposition from previous T.E. = (0.04, 0.045), Reposition from (0,0) = (1.3826, 0.3606)*.*.
*.*.Setup: Scale Ratio = 0.33445*.*.