0.34797 0.01215
0.34579 0.01027
0.34263 0.00753
0.33897 0.00488
0.33459 0.00238
0.32929 -0.00015
0.32293 -0.00281
0.31545 -0.005620
0.30694 -0.00853
0.29763 -0.01148
0.28778 -0.01440
0.27762 -0.01723
0.2673 -0.01994
0.25692 -0.0225
0.24653 -0.02488
0.23613 -0.02708
0.2256900 -0.02911
0.21516 -0.03096
0.20448 -0.03266
0.19361 -0.03423
0.18252 -0.03572
0.17121 -0.03713
0.15972 -0.03852
0.14818 -0.03987
0.13673 -0.04118
0.12553 -0.0424
0.11477 -0.04349
0.1046300 -0.04437
0.09522 -0.04496
0.08652 -0.0452
0.07839 -0.04505
0.07072 -0.0445
0.06342 -0.04355
0.0564400 -0.0422
0.04976 -0.04045
0.04337 -0.03833
0.0373 -0.03585
0.03159 -0.03308
0.02629 -0.03008
0.02152 -0.02698
0.01734 -0.02392
0.0137900 -0.02101
0.01083 -0.01832
0.00841 -0.01583
0.00643 -0.01354
0.00482 -0.01142
0.00352 -0.00947
0.00247 -0.00766
0.00163 -0.00598
0.00098 -0.0044
0.0005 -0.00292
0.00017 -0.00153
0.000013 -0.00021
0.000035 0.00105
0.00028 0.00229
0.00096 0.00338
0.00204 0.00418
0.003390 0.00472
0.00495 0.0051
0.006720 0.00537
0.00877 0.00558
0.01116 0.00573
0.014 0.00584
0.01747 0.00589
0.02180 0.00586
0.02728 0.00573
0.03419 0.00547
0.04248 0.00501
0.05177 0.00432
0.06176 0.00335
0.07236 0.00213
0.08349 0.00074
0.09496 -0.00075
0.1066 -0.00227
0.11821 -0.00378
0.12969 -0.005240
0.14099 -0.0066
0.15212 -0.00786
0.16307 -0.008970
0.173860 -0.00992
0.1845 -0.01069
0.19501 -0.01127
0.20541 -0.01164
0.21573 -0.0118
0.22596 -0.01174
0.23613 -0.01144
0.24624 -0.01092
0.25629 -0.01016
0.26629 -0.0091600
0.27622 -0.00792
0.28602 -0.006460
0.29563 -0.00479
0.30489 -0.00292
0.31359 -0.00092
0.32149 0.00117
0.32844 0.0033
0.33439 0.00542
0.33942 0.00754
0.34364 0.009630
0.34797 0.01215
-Inserting Flap s1223rtl-
0.43752 0.08628
0.43708 0.08538
0.436430 0.08407
0.435620 0.08271
0.43455 0.0813
0.43319 0.07977
0.4315 0.07804
0.42947 0.07611
0.42713 0.07401
0.42453 0.071790
0.42176 0.0695
0.41887 0.0672
0.415920 0.06491
0.41293 0.06267
0.40991 0.06048
0.40685 0.05835
0.40377 0.05627
0.40063 0.054230
0.39742 0.05222
0.39413 0.05023
0.39076 0.048240
0.38731 0.04623
0.3838 0.04422
0.38027 0.04220
0.37676 0.0402100
0.3733200 0.03829
0.37 0.03647
0.36685 0.0348
0.3639 0.03332
0.36113 0.03205
0.35849 0.03099
0.35594 0.03012
0.35346 0.02943
0.35103 0.02891
0.34864 0.02856
0.34629 0.028370
0.344 0.02833
0.34177 0.0284500
0.33966 0.02869
0.337700 0.02903
0.33593 0.02945
0.33439 0.0299
0.33307 0.03036
0.33195 0.03083
0.3310 0.0313
0.33019 0.03176
0.3295 0.03221
0.32892 0.032650
0.32842 0.033080
0.32799 0.0335
0.32763 0.03391
0.32734 0.03431
0.3271 0.03472
0.32693 0.03512
0.32685 0.03556
0.32692 0.03600
0.32716 0.03641
0.32752 0.03677
0.32797 0.0371
0.32851 0.03743
0.32914 0.03778
0.32989 0.03816
0.33079 0.03858
0.3319 0.03907
0.3333 0.03965
0.33508 0.04036
0.33734 0.04122
0.34007 0.04221
0.3431600 0.043250
0.34651 0.04431
0.3501 0.04536
0.35387 0.04644
0.35777 0.04753
0.36173 0.04863
0.365680 0.04973
0.36957 0.05083
0.3734 0.05194
0.37716 0.05305
0.38084 0.054190
0.384440 0.05536
0.38798 0.05657
0.39144 0.05782
0.39485 0.05912
0.39819 0.06048
0.40148 0.06190
0.40471 0.06339
0.4079 0.06494
0.41104 0.06656
0.41412 0.068250
0.41715 0.07
0.42011 0.07182
0.42297 0.07367
0.4257 0.07554
0.42823 0.07737
0.43049 0.07913
0.43244 0.08076
0.43406 0.08226
0.4354 0.08363
0.43647 0.08488
0.43752 0.08628
-Inserting Flap s1223rtl-
0.5448 0.18377
0.5446 0.182780
0.544320 0.18134
0.54388 0.17982
0.54321 0.17819
0.5423 0.17635
0.54112 0.17424
0.53966 0.17186
0.53794 0.16922
0.53601 0.1664
0.533920 0.16347
0.53173 0.1605
0.52946 0.15753
0.527150 0.15459000
0.5248 0.15169
0.522410 0.14885
0.51996 0.14604
0.51746 0.14326
0.51488 0.14049
0.51222 0.13771
0.50948 0.13491
0.50667 0.13208
0.5038 0.12923
0.50091 0.12637
0.49803 0.12354
0.4952 0.12079
0.49247 0.11817
0.48986 0.115740
0.4874 0.11355
0.485050 0.11161
0.48277 0.1099
0.48054 0.1084
0.47832 0.10709
0.47610 0.10596
0.47389 0.105
0.47167 0.10421
0.46946 0.1035800
0.46728 0.10312
0.46518 0.1028
0.46319 0.10263
0.46138 0.1025700
0.45978 0.10261
0.45838 0.10272
0.45718 0.102880
0.45614 0.10309
0.455240 0.10332
0.45446 0.10358
0.45378 0.10385
0.45318 0.104140
0.45266 0.10443
0.45221 0.10473
0.45182 0.10505
0.45149 0.10538
0.45122 0.10573
0.45103 0.10612
0.45098 0.10657
0.45111 0.10703
0.45136 0.10747
0.45171 0.1079
0.45214 0.108360
0.45266 0.108860
0.45329 0.10942
0.45405 0.110060
0.455 0.11082
0.45619 0.11175
0.45774 0.11289
0.4597 0.11431
0.46208 0.11597
0.46479 0.11778
0.46776 0.11967
0.4709400 0.12161
0.47431 0.12363
0.4778 0.12569
0.48134 0.127780
0.48486 0.129860
0.488340 0.131930
0.49176 0.13399
0.495090 0.13605
0.49835 0.1381
0.50153 0.14016
0.50463 0.14224
0.50766 0.14435
0.510610 0.146490
0.51349 0.14866
0.5163 0.150890
0.51904 0.15316
0.52171 0.15548
0.52432 0.15786
0.52686 0.16029
0.52934 0.16277
0.53172 0.16528
0.53401 0.16782
0.53616 0.170320
0.53813 0.17275
0.53986 0.17503
0.54132 0.17712
0.5425 0.17898
0.54343 0.180650
0.544150 0.182140
0.5448 0.18377
*.*.Setup: s1223rtl.txt as Flap 1, Inverted: y, Scale = 1.0, AoA = 2.0, Reposition from (0,0) = (0, 0)*.*.
*.*.Setup: s1223rtl.txt as Flap 2, Inverted: y, Scale = 0.35, AoA = 25.0, Reposition from previous T.E. = (-0.06, 0.065), Reposition from (0,0) = (0.9394, 0.0999)*.*.
*.*.Setup: s1223rtl.txt as Flap 3, Inverted: y, Scale = 0.35, AoA = 40.0, Reposition from previous T.E. = (0.04, 0.055), Reposition from (0,0) = (1.2966, 0.3028)*.*.
*.*.Setup: Scale Ratio = 0.34818*.*.