0.3638400000 -0.01788
0.36307 -0.01865
0.36153 -0.02015
0.35925 -0.02236
0.35635 -0.02512
0.35299 -0.02824
0.34932 -0.0315
0.34549 -0.03471
0.34164 -0.03772
0.33780 -0.04052
0.33395 -0.04313
0.3301 -0.04559
0.32625 -0.04792
0.3224 -0.05017
0.31855 -0.05232
0.3147 -0.0544
0.31085 -0.05639
0.30701 -0.05832
0.30316 -0.06017
0.29931 -0.06197
0.29546 -0.06369
0.29161 -0.06536
0.28776 -0.06698
0.28391 -0.06853
0.28006 -0.070040
0.27622 -0.07148
0.272370 -0.07286
0.26852 -0.07418
0.26467 -0.07543
0.26082 -0.07662
0.25697 -0.07777
0.25312 -0.07887
0.249270 -0.07994
0.24542 -0.08099
0.24158 -0.082010
0.23773 -0.08299
0.23388 -0.08393
0.23003 -0.08482
0.226180 -0.08567
0.22233 -0.086460
0.21848 -0.08721
0.21463 -0.08791
0.21079 -0.08856
0.20694 -0.08918
0.20309 -0.08975
0.19924 -0.09028
0.19539 -0.09077
0.19154 -0.09123
0.18769 -0.09165
0.18384 -0.09204
0.18 -0.09238
0.17615 -0.09268
0.1723 -0.09294
0.16845 -0.09315
0.1646 -0.09332
0.16075 -0.09344
0.1569 -0.09351
0.15305 -0.09354
0.14921 -0.09352
0.14536 -0.09345
0.14151 -0.09334
0.137660 -0.09317
0.13381 -0.09296
0.12996 -0.09269
0.12611 -0.09238
0.12226 -0.09202
0.11841 -0.09162
0.114570 -0.09119
0.11072 -0.09072
0.10687 -0.0902
0.10302 -0.08963
0.09917 -0.088990
0.09532 -0.088270
0.091470 -0.08747
0.08762 -0.08658
0.08378 -0.0856
0.07993 -0.08453
0.07608 -0.08337
0.07223 -0.08212
0.06838 -0.08078
0.06453 -0.07931
0.06068 -0.07771
0.05683 -0.0759700
0.05299 -0.07407
0.04914 -0.07200
0.04529 -0.069790
0.04144 -0.06742
0.03759 -0.06491
0.03374 -0.06225
0.02989 -0.05937
0.026040 -0.05619
0.02219 -0.052640
0.01835 -0.04865
0.01452 -0.04418
0.01085 -0.03935
0.00749 -0.03435
0.00459 -0.02934
0.00231 -0.02449
0.00077 -0.01998
0.000000 -0.01237
0.00077 -0.00949
0.00231 -0.00736
0.00459 -0.00604
0.00749 -0.00544
0.01085 -0.00541
0.01452 -0.00581
0.01835 -0.0065
0.02219 -0.00737
0.026040 -0.00838
0.02989 -0.00953
0.03374 -0.01081
0.03759 -0.01221
0.04144 -0.01372
0.04529 -0.01533
0.04914 -0.01702
0.05299 -0.01878
0.05683 -0.0206
0.06068 -0.02246
0.06453 -0.02435
0.06838 -0.02626
0.07223 -0.02817
0.07608 -0.03009
0.07993 -0.03199
0.08378 -0.03387
0.08762 -0.03572
0.091470 -0.03755
0.09532 -0.03935
0.09917 -0.04112
0.10302 -0.04284
0.10687 -0.04453
0.11072 -0.04618
0.114570 -0.04779
0.11841 -0.04936
0.12226 -0.050880
0.12611 -0.05236
0.12996 -0.05379
0.13381 -0.055170
0.137660 -0.056500
0.14151 -0.05779
0.14536 -0.05903
0.14921 -0.06021
0.15305 -0.06134
0.1569 -0.06242
0.16075 -0.06344
0.1646 -0.06441
0.16845 -0.06531
0.1723 -0.06616
0.17615 -0.06694
0.18 -0.06767
0.18384 -0.068350
0.18769 -0.068970
0.19154 -0.06955
0.19539 -0.07009
0.19924 -0.070580
0.20309 -0.07102
0.20694 -0.07139
0.21079 -0.0717
0.21463 -0.07194
0.21848 -0.0721
0.22233 -0.07219
0.226180 -0.07221
0.23003 -0.07217
0.23388 -0.07205
0.23773 -0.07186
0.24158 -0.071610
0.24542 -0.07128
0.249270 -0.07087
0.25312 -0.07038
0.25697 -0.06982
0.26082 -0.06917
0.26467 -0.06844
0.26852 -0.06762
0.272370 -0.06672
0.27622 -0.06573
0.28006 -0.06464
0.28391 -0.06346
0.28776 -0.06218
0.29161 -0.06079
0.29546 -0.0593
0.29931 -0.05772
0.30316 -0.05605
0.30701 -0.0543
0.31085 -0.05247
0.3147 -0.050570
0.31855 -0.04858
0.3224 -0.04653
0.32625 -0.0444
0.3301 -0.0422
0.33395 -0.03991
0.33780 -0.0375
0.34164 -0.03497
0.34549 -0.032280
0.34932 -0.02946
0.35299 -0.02663
0.35635 -0.02395
0.35925 -0.02158
0.36153 -0.019690
0.36307 -0.01842
0.3638400000 -0.01788
-Inserting Flap Ga2-
0.42792 0.04276
0.42789 0.04255
0.42781 0.04212
0.427690 0.0415
0.42753 0.04071
0.42733 0.039820
0.42711 0.03886
0.42685 0.03790
0.42656 0.03696
0.42625 0.036060
0.42592 0.03519
0.42557 0.03435
0.42521 0.03353
0.42484 0.03272
0.42446 0.03192
0.42406 0.031140
0.42366 0.03037
0.42325 0.02962
0.42283 0.02887
0.42241 0.02813
0.42198 0.02741
0.42154 0.0267
0.42109 0.02599
0.42064 0.02529
0.42018 0.02461
0.41972 0.02393
0.419240 0.02326
0.41877 0.0226
0.41828 0.02196
0.41779 0.02132
0.41729 0.02069
0.41678 0.02007
0.41627 0.01945
0.41576 0.01884
0.4152500 0.01823
0.41473 0.01763
0.414210 0.01703
0.41368 0.01644
0.41315 0.01586
0.412610 0.01529
0.41206 0.01473
0.411510 0.01417
0.41096 0.01362
0.4104 0.01308
0.409830 0.01255
0.40926 0.01202
0.40869 0.01149
0.40811 0.01098
0.40753 0.010470
0.40694 0.00996
0.40635 0.00947
0.40576 0.00897
0.40515 0.00849
0.40455 0.00801
0.40394 0.00755
0.403320 0.00708
0.4027 0.00663
0.40207 0.00618
0.40144 0.00575
0.4008 0.005320
0.40016 0.00489
0.39951 0.00448
0.39885 0.00407
0.39819 0.00367
0.39752 0.00328
0.39685 0.0029
0.39618 0.002530
0.39549 0.00215
0.39481 0.00179
0.39412 0.001430
0.39342 0.00109
0.392720 0.00075
0.39201 0.00042
0.39129 0.00011
0.39055 -0.00018
0.38981 -0.00046
0.38906 -0.00073
0.38829 -0.00098
0.38752 -0.00122
0.38673 -0.00144
0.385940 -0.00164
0.38512 -0.00182
0.384290 -0.00197
0.38344 -0.0021
0.38257 -0.00221
0.38169 -0.00229
0.38079 -0.00234
0.37987 -0.00237
0.37893 -0.002380
0.37797 -0.00235
0.376980 -0.00227
0.37594 -0.00213
0.37485 -0.00191
0.37371 -0.00162
0.37256 -0.00125
0.371430 -0.00082
0.37038 -0.00033
0.36945 0.00020
0.36868 0.00077
0.36768 0.00192
0.36748 0.00248
0.36749 0.00301
0.36771 0.00349
0.36812 0.00392
0.36866 0.00431
0.36931 0.00467
0.37002 0.00499
0.37075 0.00529
0.37149 0.00557
0.37226 0.00582
0.37303 0.00605
0.37382 0.00626
0.37463 0.00646
0.37544 0.00664
0.37627 0.00680
0.3771 0.006950
0.37794 0.0071
0.37878 0.00723
0.37963 0.00737
0.38048 0.00749
0.38133 0.00762
0.38218 0.0077500
0.38303 0.00788
0.38387 0.00801
0.38472 0.00815
0.38556 0.00829
0.3864 0.00844
0.38723 0.00859
0.38806 0.008750
0.38888 0.00891
0.3897 0.00909
0.39052 0.00926
0.39133 0.00945
0.39213 0.00964
0.392930 0.00984
0.39373 0.01005
0.39452 0.01026
0.3953 0.01049
0.39608 0.01072
0.39685 0.01096
0.39762 0.0112
0.39838 0.01146
0.39913 0.01172
0.39988 0.012
0.400620 0.01228
0.40135 0.01258
0.40208 0.01288
0.4028 0.01319
0.40352 0.013510
0.40422 0.013840
0.40493 0.01418
0.40562 0.01453
0.40632 0.01488
0.407 0.01524
0.40768 0.01561
0.40836 0.015990
0.40902 0.01639
0.40968 0.01679
0.41033 0.0172
0.410970 0.01763
0.41160 0.01807
0.41223 0.01852
0.41285 0.01898
0.41346 0.01945
0.41406 0.01993
0.414650 0.02043
0.41523 0.02094
0.41581 0.02146
0.41637 0.02199
0.41693 0.022540
0.417480 0.0231
0.41801 0.02368
0.41854 0.02427
0.41906 0.02487
0.41956 0.02549
0.42006 0.02612
0.42054 0.02678
0.421010 0.02744
0.42147 0.02813
0.42192 0.02883
0.42236 0.02954
0.42279 0.03027
0.42321 0.03101
0.42362 0.03177
0.42403 0.03253
0.42442 0.03331
0.42481 0.0341
0.42519 0.03491
0.42555 0.03572
0.42591 0.03656
0.42625 0.03741
0.42657 0.0383
0.42687 0.0392
0.42715 0.04008
0.42739 0.04091
0.4276 0.041630
0.42775 0.04220
0.42786 0.04258
0.42792 0.04276
-Inserting Flap Ga2-
0.49646 0.1117
0.49646 0.11148
0.49646 0.11105
0.49645 0.11041
0.49643 0.10961
0.49639 0.1087
0.49633 0.10772
0.49625 0.10672
0.49613 0.10575
0.49598 0.10481
0.495800 0.1039
0.495610 0.10301
0.49539 0.10213
0.49517 0.10127
0.494930 0.10042
0.4946800 0.09958
0.494410 0.09876
0.49414 0.09794
0.49386 0.09713
0.49357 0.09634
0.49327 0.09555
0.49296 0.09477
0.49264 0.094
0.49232 0.09323
0.49199 0.09247
0.491650 0.09173
0.4913 0.09099
0.49094 0.09026
0.49057 0.08953
0.4902 0.08882
0.48982 0.08811
0.48943 0.08741
0.48904 0.08672
0.48864 0.08603
0.48824 0.08534
0.48783 0.08466
0.48742 0.083980
0.487 0.08331
0.48658 0.08264
0.486150 0.08199
0.48571 0.08134
0.485260 0.08069
0.48481 0.08006
0.48435 0.07943
0.48389 0.07880
0.48342 0.07818
0.48295 0.077570
0.48247 0.07696
0.48198 0.07635
0.48149 0.07576
0.481 0.07516
0.4805 0.07458
0.479990 0.07399
0.47947 0.07342
0.47895 0.07285
0.47843 0.072290
0.47789 0.07174
0.47735 0.07119
0.4768 0.070650
0.47625 0.0701100
0.47569 0.06958
0.47512 0.06906
0.47455 0.06855
0.47397 0.06804
0.473380 0.06754
0.47278 0.06705
0.47218 0.06656
0.47158 0.06608
0.470960 0.065600
0.47035 0.06513
0.46972 0.064670
0.46909 0.06421
0.46844 0.06377
0.46778 0.06334
0.46711 0.06292
0.46643 0.06251
0.46573 0.06212
0.465030 0.06174
0.46431 0.061370
0.463570 0.06102
0.46282 0.06068
0.46205 0.06036
0.46126 0.06007
0.46045 0.05979
0.459610 0.05954
0.45875 0.05931
0.45787 0.0591
0.45697 0.05891
0.45605 0.05874
0.4551 0.05860
0.45411 0.05851
0.45306 0.058470
0.45195 0.05849
0.450780 0.05858000
0.44958 0.05874
0.44839 0.05897
0.44728 0.05927
0.44627 0.05963
0.44541 0.060060
0.44423 0.06102
0.44393 0.06154
0.44385 0.06206
0.44398 0.06257
0.44431 0.06306
0.44478 0.06354
0.44535 0.064
0.44599 0.06445
0.44666 0.06487
0.44735 0.065270
0.44805 0.06565
0.44878 0.06601
0.449520 0.06636
0.45028 0.06669
0.45105 0.06701
0.45183 0.067310
0.45263 0.06761
0.45343 0.06790
0.45424 0.06818
0.45505 0.06845
0.45586 0.06873
0.456680 0.0690
0.45749 0.06928
0.4583 0.069550
0.459110 0.06983
0.45992 0.07011
0.46072 0.0704
0.46152 0.07069
0.46232 0.07098
0.463110 0.07128
0.46389 0.07159
0.464670 0.0719
0.46544 0.072210
0.4662 0.07254
0.46696 0.07287
0.46772 0.0732
0.46846 0.07354
0.4692 0.07389
0.46994 0.074250
0.47066 0.07461
0.47138 0.07498
0.47209 0.07536
0.4728 0.07574
0.47349 0.07613
0.47418 0.076530
0.47486 0.07694
0.47554 0.07736
0.47620 0.07778
0.47686 0.07822
0.477500 0.07866
0.47814 0.07911
0.47878 0.07956
0.47940 0.08002
0.48002 0.08049
0.48064 0.08097
0.48124 0.08145
0.48184 0.08194
0.48243 0.08244
0.483 0.08295
0.48357 0.08347
0.48413 0.084
0.48468 0.08455
0.48521 0.0851
0.48574 0.08566
0.486260 0.08623
0.48677 0.08681
0.48727 0.0874
0.487750 0.088
0.48823 0.08862
0.48869 0.08924
0.48914 0.08988
0.489590 0.09052
0.49001 0.09118
0.49043 0.09185
0.49084 0.092540
0.49123 0.09324
0.4916 0.09395
0.49197 0.09467
0.49231 0.09541
0.49265 0.09617
0.49297 0.09694
0.49328 0.09772
0.49357 0.09851
0.49386 0.09931
0.49413 0.10013
0.4944 0.100950
0.49465 0.10179
0.4949 0.10263
0.49513 0.10349
0.49535 0.10436
0.495550 0.10524
0.495740 0.10614
0.4959 0.10707
0.49604 0.10801
0.49616 0.10893
0.49626 0.10978
0.49633 0.11052
0.49639 0.11111
0.49643 0.11151
0.49646 0.1117
*.*.Setup: Ga2.txt as Flap 1, Inverted: y, Scale = 1.0, AoA = 0.0, Reposition from (0,0) = (0, 0)*.*.
*.*.Setup: Ga2.txt as Flap 2, Inverted: y, Scale = 0.2, AoA = 35.0, Reposition from previous T.E. = (0.0067, 0.06), Reposition from (0,0) = (1.0067, 0.0109)*.*.
*.*.Setup: Ga2.txt as Flap 3, Inverted: y, Scale = 0.2, AoA = 45.0, Reposition from previous T.E. = (0.04, 0.055), Reposition from (0,0) = (1.2161, 0.1725)*.*.
*.*.Setup: Scale Ratio = 0.36384*.*.