0.35602 -0.01243
0.35367 -0.01419
0.35025 -0.01677
0.34632 -0.019210
0.34167 -0.02146
0.33609 -0.02365
0.3294 -0.02591
0.32156 -0.028250
0.31267 -0.03061
0.302960 -0.03296
0.2927 -0.03523
0.28212 -0.0374
0.27140 -0.03943
0.26063 -0.0413
0.24985 -0.04299
0.239080 -0.0445
0.228270 -0.045820
0.21739 -0.04695
0.20637 -0.04793
0.19517 -0.04876
0.18374 -0.04948
0.17209 -0.05012
0.16028 -0.05071
0.1484 -0.05127
0.13661 -0.05179
0.1251 -0.052240
0.11403 -0.0525800
0.10362 -0.052760
0.093980 -0.05269
0.08508 -0.05231
0.0768 -0.051580
0.069 -0.05047
0.06162 -0.04897
0.05459 -0.0471
0.0479 -0.04484
0.04153 -0.04222
0.03551 -0.0392600
0.029880 -0.03601
0.02469 -0.03257
0.02004 -0.02907
0.015990 -0.02565
0.01257 -0.02243
0.00975 -0.01947
0.00745 -0.016760
0.0056 -0.01428
0.00411 -0.0120100
0.00292 -0.00992
0.00197 -0.00799
0.00124 -0.00622
0.00068 -0.00456
0.0003 -0.00302
7e-05 -0.00157
-0.000029 -0.00021
9e-05 0.00107
0.00045 0.00231
0.00122 0.003380
0.00238 0.00412
0.00379 0.00458
0.005410 0.00485
0.00725 0.005
0.009350 0.00507
0.0118 0.00506
0.01471 0.004960
0.01825 0.00477
0.02267 0.00443
0.02826 0.00391
0.03529 0.00314
0.0437100 0.002080
0.05315 0.00071
0.06328 -0.00099
0.07401 -0.00299
0.08526 -0.00521
0.09687 -0.00754
0.10864 -0.00993
0.12038 -0.0123
0.13199 -0.0146
0.14343 -0.01680
0.1547 -0.01888
0.16580 -0.02079
0.17674 -0.02253
0.18754 -0.02408
0.19823 -0.02542
0.2088300 -0.02654
0.21934 -0.02744
0.22979 -0.02811
0.24019 -0.02853
0.25054 -0.02872
0.26086 -0.02866
0.27114 -0.02835
0.28136 -0.0278
0.29147 -0.02701
0.30139 -0.02598
0.31098 -0.02474
0.32 -0.02332
0.32822 -0.02175
0.33546 -0.02008
0.341680 -0.01833
0.34697 -0.01653
0.35143 -0.0147
0.35602 -0.01243
-Inserting Flap s1223rtl-
0.45264 0.06905
0.4523 0.06809
0.4518 0.06667
0.45113 0.0652
0.45021 0.06364
0.44901 0.061920
0.4475 0.05996
0.44567 0.05776
0.44354 0.05535
0.44117 0.05278
0.43862 0.05013
0.43596 0.04744
0.43323 0.04477
0.43045 0.042140
0.42765 0.03955
0.4248 0.037020
0.42191 0.03454
0.41896 0.0321
0.41594 0.02968
0.41284 0.02726
0.40965 0.02484
0.40638 0.02239
0.40305 0.01992
0.3997 0.01746
0.39636 0.01502
0.3931 0.01265
0.38994 0.01041
0.38694 0.0083400
0.38412 0.00648
0.38146 0.00487
0.37890 0.00347
0.37641 0.00229
0.37397 0.00129
0.37156 0.00047
0.36918 -0.00017
0.36681 -0.00064
0.36448 -0.00095
0.362210 -0.0011
0.36003 -0.0011
0.358 -0.00098
0.35616 -0.00077
0.35454 -0.0005
0.3531400 -0.00018
0.35194 0.00016
0.35092 0.00053
0.35005 0.0009
0.3493 0.00127
0.34865 0.00165
0.348090 0.00203
0.34761 0.0024
0.34719 0.00278
0.34685 0.00315
0.34656 0.00353
0.34634 0.00393
0.34621 0.00436
0.34622 0.00482
0.34642 0.00526
0.34674 0.00567
0.34716 0.00606
0.34766 0.00646
0.34826 0.00689
0.34898 0.00736
0.34984 0.0079
0.35092 0.008530
0.35227 0.00929
0.354 0.01022
0.35619 0.01136
0.35885 0.01269
0.36187 0.01412
0.36515 0.01559
0.36866 0.01709
0.37237 0.01863
0.3762 0.0202
0.38009 0.02179
0.383980 0.02337
0.3878 0.02496
0.39156 0.02653
0.39525 0.02812
0.39885 0.0297100
0.40238 0.03133
0.40583 0.03297
0.4092 0.03466
0.41250 0.03638
0.41574 0.03816
0.41891 0.04
0.42202 0.04189
0.42508 0.04384
0.42807 0.04587
0.43101 0.04795
0.43388 0.050090
0.43667 0.05228
0.43936 0.05451
0.44191 0.05673
0.44426 0.05889
0.44635 0.06095
0.44814 0.06284
0.44961 0.06455
0.4508 0.0661
0.45174 0.06750
0.45264 0.06905
-Inserting Flap s1223rtl-
0.53724 0.173250
0.53713 0.17223
0.536980 0.170740
0.53666 0.169150
0.53613 0.16742
0.53536 0.16547
0.53434 0.163220
0.53307 0.16065
0.53155 0.15781
0.52983 0.15477
0.52797 0.1516
0.526 0.1483700
0.52396 0.14514
0.52186 0.14194
0.51972 0.13878
0.51754 0.13566
0.5153 0.13258
0.51299 0.12952
0.51061 0.12647
0.50815 0.1234
0.5056 0.12031
0.502990 0.11717
0.50032 0.11401
0.49763 0.110830
0.49495 0.10769
0.49231 0.10464
0.48976 0.10172
0.48732 0.09902
0.485 0.09657
0.48278 0.09438
0.48061 0.09243
0.47847 0.0907
0.47632 0.08917
0.47417 0.08782
0.47199 0.08664
0.46980 0.0856400
0.467610 0.0848
0.46543 0.084140
0.46331 0.08363
0.46131 0.08327
0.45946 0.08306
0.45782 0.08295
0.45639 0.08293
0.45515 0.08299
0.45407 0.08311
0.45313 0.083270
0.45232 0.08346
0.4516 0.08368
0.45097 0.08392
0.450410 0.08417
0.44992 0.08444
0.4495 0.08473
0.44913 0.08503
0.44883 0.08536
0.4486 0.08575
0.44851 0.0862
0.44859 0.08668
0.448810 0.08715
0.44913 0.08763
0.44953 0.08813
0.45001 0.08869
0.4506 0.08931
0.45132 0.09004
0.45222 0.0909
0.45336 0.09194
0.45483 0.09325
0.4567 0.0948700
0.45898 0.09677
0.46158 0.098860
0.46444 0.10105
0.46751 0.10331
0.47076 0.105670
0.47413 0.10808
0.47755 0.11052
0.48096 0.11296
0.484320 0.11539
0.48762 0.11779
0.49084 0.12018
0.49398 0.12256
0.49704 0.12495
0.50001 0.12734
0.502910 0.12976
0.50572 0.1322
0.50846 0.13468
0.51113 0.1372
0.51372 0.13976
0.51624 0.14236
0.51868000 0.14502
0.52106 0.14772
0.52336 0.15047
0.52557 0.153250
0.52767 0.15603
0.52964 0.15878
0.53143 0.16143
0.53299 0.16391
0.53429 0.16616
0.53533 0.16817
0.53613 0.169950
0.53673 0.17153
0.53724 0.173250
*.*.Setup: s1223rtl.txt as Flap 1, Inverted: y, Scale = 1.0, AoA = -2.0, Reposition from (0,0) = (0, 0)*.*.
*.*.Setup: s1223rtl.txt as Flap 2, Inverted: y, Scale = 0.35, AoA = 31.666666666666668, Reposition from previous T.E. = (-0.0267, 0.045), Reposition from (0,0) = (0.9727, 0.0101)*.*.
*.*.Setup: s1223rtl.txt as Flap 3, Inverted: y, Scale = 0.35, AoA = 45.0, Reposition from previous T.E. = (-0.01, 0.045), Reposition from (0,0) = (1.2606, 0.2388)*.*.
*.*.Setup: Scale Ratio = 0.35624*.*.