0.34087 0.0119
0.33875 0.01006
0.33565 0.00738
0.33206 0.00478
0.32777 0.00233
0.32258 -0.00014
0.31635 -0.00275
0.30902 -0.00550
0.30068 -0.00836
0.29156 -0.01124
0.28192 -0.01410
0.27196 -0.01688
0.26185 -0.01953
0.25169 -0.02204
0.24151 -0.02437
0.23132 -0.02653
0.2210900 -0.02851
0.21077 -0.03033
0.20031 -0.03199
0.18967 -0.03354
0.1788 -0.03499
0.16772 -0.03638
0.15647 -0.03773
0.14516 -0.03906
0.13394 -0.04034
0.12297 -0.04154
0.11243 -0.0426
0.1024900 -0.04347
0.09328 -0.04405
0.08476 -0.04428
0.07679 -0.04413
0.06927 -0.04359
0.06212 -0.04266
0.0552900 -0.04134
0.04875 -0.03963
0.04249 -0.03755
0.03654 -0.03512
0.03094 -0.0324
0.02576 -0.02946
0.02108 -0.02643
0.01699 -0.02343
0.0135100 -0.02059
0.01061 -0.01794
0.00824 -0.01551
0.0063 -0.01326
0.00473 -0.01119
0.00345 -0.00928
0.00242 -0.0075
0.0016 -0.00585
0.00096 -0.00431
0.00049 -0.00286
0.00017 -0.00149
0.000013 -0.00021
0.000035 0.00103
0.00028 0.00224
0.00094 0.00331
0.002 0.00409
0.003320 0.00462
0.00484 0.00499
0.006590 0.00526
0.00859 0.00546
0.01093 0.00562
0.01372 0.00572
0.01712 0.00577
0.021360 0.00574
0.02673 0.00562
0.03349 0.00535
0.04161 0.00491
0.05072 0.00423
0.0605 0.00328
0.07088 0.00209
0.08178 0.00072
0.09303 -0.00073
0.10443 -0.00223
0.1158 -0.0037
0.12705 -0.005130
0.13812 -0.00647
0.14902 -0.0077
0.15974 -0.008790
0.170310 -0.00972
0.18074 -0.01047
0.19104 -0.01104
0.20123 -0.01141
0.21133 -0.01156
0.22135 -0.0115
0.23131 -0.01121
0.24122 -0.01069
0.25107 -0.00995
0.26087 -0.0089700
0.27059 -0.00776
0.28019 -0.006330
0.2896 -0.00469
0.29867 -0.00286
0.3072 -0.0009
0.31494 0.00115
0.32174 0.00323
0.32757 0.00531
0.3325 0.00739
0.33664 0.009430
0.34087 0.0119
-Inserting Flap s1223rtl-
0.45134 0.08111
0.45091 0.08023
0.45028 0.07894
0.44948 0.07762
0.44843 0.07624
0.4471 0.07473
0.44544 0.07304
0.44346 0.07115
0.44116 0.06909
0.438620 0.066910
0.4359 0.06467
0.43307 0.06242
0.43018 0.06018
0.42725 0.05798
0.42429 0.05584
0.4213 0.05375
0.41828 0.05171
0.4152 0.049720
0.41206 0.04775
0.40884 0.0458
0.40554 0.043840
0.40216 0.04188
0.39872 0.03991
0.39526 0.037930
0.39182 0.0359800
0.38845 0.0341
0.3852 0.03231
0.38211 0.03068
0.37923 0.02923
0.37651 0.02799
0.37392 0.02695
0.371430 0.02609
0.369 0.02541
0.36661 0.02491
0.36427 0.02456
0.36197 0.024380
0.35972 0.02434
0.35755 0.0244600
0.35548 0.02469
0.35355 0.02503
0.35182 0.02544
0.350310 0.02588
0.34902 0.02633
0.34792 0.02679
0.34699 0.02725
0.3462 0.0277
0.34553 0.02815
0.34495 0.028580
0.34446 0.0290
0.344050 0.02941
0.34369 0.02981
0.34341 0.0302
0.34318 0.0306
0.34301 0.031
0.34293 0.03142
0.3430 0.0318600
0.34323 0.03226
0.34358 0.03261
0.34403 0.03293
0.344550 0.03326
0.34517 0.0336
0.34590 0.03397
0.34678 0.03438
0.34787 0.03486
0.34924 0.03543
0.35099 0.03613
0.35321 0.03697
0.35588 0.03794
0.35891 0.038960
0.36219 0.03999
0.3657 0.04103
0.3694 0.04208
0.37322 0.04315
0.3771 0.04423
0.38096 0.04531
0.38478 0.04638
0.38853 0.04747
0.39221 0.04856
0.39581 0.049680
0.39935 0.05082
0.40281 0.05201
0.4062 0.05323
0.40954 0.05451
0.412810 0.05584
0.41603 0.057230
0.4192 0.05868
0.42232 0.06021
0.4254 0.06179
0.42842 0.063450
0.43139 0.06517
0.434290 0.06694
0.43709 0.06876
0.43976 0.07059
0.44224 0.07238
0.44446 0.0741
0.44636 0.0757
0.44796 0.07717
0.44926 0.07851
0.45031 0.07974
0.45134 0.08111
-Inserting Flap s1223rtl-
0.54572 0.17176
0.54545 0.17081
0.54505 0.16943
0.54449 0.16799
0.5437 0.16645
0.54265 0.16473
0.54131 0.16278
0.53969 0.16058
0.53778 0.15815
0.535660 0.15556
0.53337 0.15288
0.53098 0.15017
0.52852 0.14747
0.52601 0.14479
0.52347 0.14217
0.52089 0.13959
0.518260 0.137060
0.51558 0.13456
0.51283 0.13208
0.51 0.1296
0.50708 0.1271
0.5041 0.12458
0.501050 0.12204
0.49799 0.11949
0.49494 0.11698
0.49194 0.11453
0.48905 0.11221
0.4863 0.11006
0.48371 0.10814
0.48125 0.10644
0.47888 0.10497
0.47657 0.10369
0.4743 0.1026
0.47204 0.10169
0.46979 0.10095
0.46756 0.100360
0.46535 0.09994
0.46319 0.09967
0.4611100 0.09955
0.45916 0.09955
0.45738 0.09964
0.45582 0.09982
0.45447 0.10004
0.4533 0.1003
0.4523100 0.10059
0.45145 0.1009
0.45071 0.10122
0.45007 0.10154
0.449510 0.101870
0.44903 0.1022
0.44862 0.10254
0.44826 0.10288
0.44797 0.10323
0.4477400 0.10359
0.44758 0.10399
0.44758 0.10443
0.44774 0.10487
0.44802 0.105270
0.4484 0.10567
0.44886 0.10608
0.44941 0.10653
0.45007 0.10702
0.45087 0.10758
0.45185 0.10824
0.4531 0.10904
0.4547 0.11003
0.45674 0.11124
0.459210 0.11266
0.46201 0.11419
0.4650600 0.11578
0.46834 0.11741
0.4718 0.11909
0.47538 0.1208
0.47901 0.12254
0.48263 0.12427
0.4862 0.126
0.48971 0.12771
0.49314 0.12943
0.4965 0.13116
0.49978 0.1329
0.502980 0.13466
0.50611 0.136460
0.50917 0.1383
0.51217 0.14018
0.5151 0.14210
0.51797 0.14409
0.52077 0.14613
0.52352 0.14822
0.526210 0.15038
0.52884 0.15259
0.53138 0.15484
0.53383 0.15711
0.53615 0.15938
0.53827 0.161580
0.54016 0.163660
0.54176 0.16556
0.54307 0.16729
0.54412 0.16884
0.54495 0.17023
0.54572 0.17176
*.*.Setup: s1223rtl.txt as Flap 1, Inverted: y, Scale = 1.0, AoA = 2.0, Reposition from (0,0) = (0, 0)*.*.
*.*.Setup: s1223rtl.txt as Flap 2, Inverted: y, Scale = 0.35, AoA = 25.0, Reposition from previous T.E. = (0.0067, 0.055), Reposition from (0,0) = (1.0061, 0.0899)*.*.
*.*.Setup: s1223rtl.txt as Flap 3, Inverted: y, Scale = 0.35, AoA = 35.0, Reposition from previous T.E. = (-0.01, 0.065), Reposition from (0,0) = (1.3133, 0.3028)*.*.
*.*.Setup: Scale Ratio = 0.34108*.*.