0.33083 -0.01155
0.32865 -0.01319
0.32547 -0.01558
0.32182 -0.017850
0.31749 -0.01994
0.31231 -0.02198
0.3061 -0.02408
0.29881 -0.026250
0.29055 -0.02845
0.281520 -0.03063
0.27199 -0.03274
0.26216 -0.03475
0.252190 -0.03664
0.24219 -0.03838
0.23217 -0.03995
0.222160 -0.04135
0.212120 -0.042570
0.20201 -0.04363
0.19177 -0.04454
0.18136 -0.04531
0.17074 -0.04598
0.15992 -0.04657
0.14894 -0.04712
0.1379 -0.04764
0.12695 -0.04812
0.11624 -0.048540
0.10597 -0.0488600
0.09629 -0.049020
0.087330 -0.04896
0.07906 -0.04861
0.07136 -0.047930
0.06412 -0.0469
0.05726 -0.04551
0.05073 -0.04376
0.04451 -0.04166
0.0386 -0.03923
0.033 -0.0364800
0.027760 -0.03347
0.02294 -0.03027
0.01862 -0.02702
0.014860 -0.02384
0.01168 -0.02085
0.00906 -0.01809
0.00692 -0.015570
0.0052 -0.01327
0.00382 -0.0111600
0.00271 -0.00922
0.00183 -0.00743
0.00115 -0.00578
0.00064 -0.00424
0.00028 -0.0028
6e-05 -0.00146
-0.000029 -0.0002
8e-05 0.001
0.00042 0.00215
0.00113 0.003140
0.00221 0.00383
0.00353 0.00425
0.005030 0.0045
0.00673 0.00465
0.008690 0.00471
0.01096 0.0047
0.01367 0.004610
0.01696 0.00443
0.02106 0.00412
0.02626 0.00363
0.03279 0.00292
0.0406200 0.001940
0.04939 0.00066
0.0588 -0.00092
0.06877 -0.00278
0.07923 -0.00484
0.09002 -0.00701
0.10095 -0.00922
0.11187 -0.01143
0.12265 -0.01357
0.13329 -0.015610
0.14376 -0.01754
0.154070 -0.01932
0.16423 -0.02094
0.17427 -0.02238
0.18421 -0.02362
0.1940500 -0.02467
0.20382 -0.0255
0.21353 -0.02612
0.22319 -0.02651
0.23282 -0.02669
0.24241 -0.02663
0.25196 -0.02635
0.26145 -0.02583
0.27085 -0.0251
0.28007 -0.02415
0.28897 -0.02299
0.29736 -0.02167
0.305 -0.02021
0.31172 -0.01866
0.317510 -0.01703
0.32242 -0.01536
0.32656 -0.01366
0.33083 -0.01155
-Inserting Flap s1223rtl-
0.43898 0.0698
0.43872 0.068880
0.43833 0.06754
0.43779 0.0661400
0.43702 0.06465
0.436 0.06298
0.43471 0.06109
0.43313 0.058950
0.43128 0.05659
0.42922 0.05408
0.4270 0.051480
0.42467 0.04885
0.42228 0.04622
0.419850 0.04363
0.41739 0.04108
0.41488 0.03858
0.41233 0.03612
0.40973 0.0337
0.40706 0.03129
0.40431 0.028880
0.401480 0.02646
0.39858 0.02401
0.39563 0.02154
0.39265 0.01907
0.38969 0.01663
0.38679 0.01426
0.38398 0.01201
0.38131 0.00992
0.3788 0.00805
0.37641 0.00641
0.37411 0.00498
0.37187 0.0037400
0.36966 0.00268
0.36747 0.0018
0.36529 0.00107
0.36312 0.00051
0.36098 0.0001
0.35888 -0.00016
0.35686 -0.000280
0.35497 -0.00029
0.35325 -0.00019
0.351730 -0.000068
0.35042 0.00020
0.34929 0.00045
0.34832 0.00073
0.34749 0.001030
0.34677 0.00134
0.34615 0.00165
0.34561 0.00197
0.34514 0.00229
0.34474 0.00262
0.34440 0.00295
0.344110 0.00329
0.34389 0.00364
0.34374 0.00403
0.34373 0.00446
0.34388 0.00488
0.34416 0.00528
0.344530 0.00566
0.34498 0.00606
0.345510 0.00649
0.34615 0.00697
0.34692000 0.00751
0.34788 0.00815
0.34909 0.008930
0.35065 0.00989
0.35262 0.01107
0.35502 0.01244
0.35774 0.01393
0.3607 0.01547
0.36388 0.01705
0.367240 0.018680
0.37071 0.02035
0.37423 0.02203
0.37775 0.02371
0.38122 0.02539
0.38462 0.02705
0.38795 0.02872
0.39121 0.03039
0.39439 0.03208
0.3975 0.0338
0.40054 0.03554
0.40351 0.03732
0.40642 0.03915
0.40926 0.04102
0.41204 0.04294
0.41477 0.04492
0.41744 0.04696
0.42005 0.04905
0.4226 0.05119
0.42507 0.05338
0.42744 0.05559
0.42969 0.05778
0.43175 0.05992
0.43358 0.06194
0.43514 0.06379
0.43641 0.06546
0.43743 0.06696
0.438230 0.06831
0.43898 0.0698
-Inserting Flap s1223rtl-
0.540980 0.15917
0.54079 0.15823
0.54053 0.15687
0.54011 0.15542
0.53947 0.15387
0.5386 0.152120
0.53748 0.15012
0.53609 0.14785
0.534460 0.14534
0.53262 0.14266
0.53063 0.13988
0.52855 0.13705
0.5264 0.13423
0.5242 0.13143
0.52197 0.12868
0.51969 0.12597
0.51737 0.1233
0.51498 0.12066
0.51253 0.11802
0.51001 0.11538
0.5074 0.11272
0.50472 0.11003
0.502 0.10732
0.49925 0.1046
0.49651 0.10191
0.49383 0.099290
0.49123 0.0968
0.48875 0.0945
0.4864 0.09241
0.48417 0.09057
0.48201 0.08894
0.479880 0.08751
0.47777 0.08627
0.47567 0.08519
0.47356 0.08428
0.47145 0.08353
0.46935 0.08294
0.46728 0.08249
0.46528 0.0822
0.46339 0.0820300
0.46167 0.08198
0.46014 0.08201
0.45882 0.08211
0.45767 0.08227
0.45668 0.08246
0.45583 0.08269
0.45509 0.08293
0.45444 0.08319
0.45387 0.08346
0.45338 0.08374
0.45295 0.08403
0.45258 0.08433
0.45227 0.08464
0.45201 0.08497
0.45183 0.08535
0.45178 0.085780
0.4519 0.08621
0.45214 0.08663
0.45248 0.08704
0.45289 0.08748
0.45338 0.08795
0.45397 0.0884900
0.4547 0.0891
0.45560 0.08982
0.45674 0.0907
0.4582 0.09179
0.46007 0.09313
0.46233 0.094710
0.46491 0.09643
0.46773 0.09823
0.47076 0.10008
0.473960 0.10199
0.477280 0.10395
0.48064 0.10594
0.48399 0.10792
0.4873 0.10989
0.49055 0.11185
0.49372 0.1138
0.49682 0.11575
0.49984 0.117710
0.50279 0.11969
0.50567 0.12169
0.50847 0.12373
0.51121 0.1258
0.51388 0.12791
0.516480 0.13007
0.51903 0.13228
0.52151 0.13454
0.52393 0.13685
0.52628 0.13921
0.52855 0.1416
0.53072 0.144010
0.53277 0.14639
0.53464 0.1487
0.53628 0.150870
0.53767 0.15285
0.5388 0.15462
0.53968 0.15621
0.54036 0.15762
0.540980 0.15917
*.*.Setup: s1223rtl.txt as Flap 1, Inverted: y, Scale = 1.0, AoA = -2.0, Reposition from (0,0) = (0, 0)*.*.
*.*.Setup: s1223rtl.txt as Flap 2, Inverted: y, Scale = 0.35, AoA = 35.0, Reposition from previous T.E. = (0.04, 0.045), Reposition from (0,0) = (1.0394, 0.0101)*.*.
*.*.Setup: s1223rtl.txt as Flap 3, Inverted: y, Scale = 0.35, AoA = 40.0, Reposition from previous T.E. = (0.04, 0.045), Reposition from (0,0) = (1.3661, 0.2559)*.*.
*.*.Setup: Scale Ratio = 0.33103*.*.