0.33799 0.0118
0.33588 0.00998
0.33281 0.00732
0.32925 0.00474
0.325 0.00231
0.31986 -0.00014
0.31368 -0.00273
0.30641 -0.005460
0.29814 -0.00829
0.2891 -0.01115
0.27953 -0.013980
0.26966 -0.01674
0.25964 -0.01937
0.24956 -0.02185
0.23947 -0.02417
0.22937 -0.02631
0.2192200 -0.02827
0.20899 -0.03007
0.19862 -0.03172
0.18806 -0.03325
0.17729 -0.03469
0.1663 -0.03607
0.15515 -0.03741
0.14393 -0.03873
0.13281 -0.04
0.12193 -0.04119
0.11148 -0.04224
0.1016300 -0.0431
0.0925 -0.04368
0.08404 -0.04391
0.07614 -0.04376
0.06869 -0.04322
0.0616 -0.0423
0.0548200 -0.04099
0.04833 -0.03929
0.04213 -0.03723
0.03623 -0.03483
0.03068 -0.03213
0.02554 -0.02921
0.0209 -0.02621
0.01684 -0.02323
0.0133900 -0.02041
0.01052 -0.01779
0.00817 -0.01538
0.00625 -0.01315
0.00469 -0.0111
0.00342 -0.0092
0.0024 -0.00744
0.00158 -0.0058
0.00095 -0.00427
0.00048 -0.00284
0.00017 -0.00148
0.000013 -0.0002
0.000035 0.00102
0.00027 0.00222
0.00093 0.00328
0.00198 0.00406
0.003290 0.00458
0.0048 0.00495
0.006530 0.00522
0.00852 0.00542
0.01084 0.00557
0.0136 0.00567
0.01697 0.00572
0.021170 0.0057
0.0265 0.00557
0.03321 0.00531
0.04126 0.00487
0.05029 0.00419
0.05999 0.00325
0.07029 0.00207
0.08109 0.00072
0.09224 -0.00073
0.10354 -0.00221
0.11482 -0.00367
0.12597 -0.005090
0.13695 -0.00641
0.14776 -0.00763
0.15839 -0.008710
0.168870 -0.00964
0.17921 -0.01039
0.18942 -0.01095
0.19953 -0.01131
0.20954 -0.01146
0.21948 -0.0114
0.22936 -0.01112
0.23918 -0.0106
0.24895 -0.00986
0.25866 -0.0088900
0.2683 -0.0077
0.27783 -0.006280
0.28715 -0.00465
0.29615 -0.00284
0.3046 -0.00089
0.31228 0.00114
0.31903 0.0032
0.3248 0.00527
0.32969 0.00733
0.33379 0.009350
0.33799 0.0118
-Inserting Flap s1223rtl-
0.4588 0.08043
0.45837 0.07955
0.457740 0.07828
0.456950 0.07696
0.45591 0.07559
0.45459 0.0741
0.45295 0.07242
0.45098 0.07055
0.44871 0.06851
0.44619 0.066350
0.44349 0.06413
0.44069 0.06189
0.437820 0.05967
0.43491 0.05749
0.43198 0.05537
0.42901 0.05329
0.42601 0.05127
0.42296 0.04930
0.41985 0.04735
0.41666 0.04541
0.41338 0.043470
0.41003 0.04152
0.40662 0.03957
0.40319 0.037610
0.39978 0.0356800
0.3964400 0.03381
0.39321 0.03204
0.39016 0.03042
0.38729 0.02898
0.3846 0.02775
0.38204 0.02672
0.37956 0.02587
0.37715 0.0252
0.37479 0.0247
0.37247 0.02436
0.37019 0.024170
0.36796 0.02414
0.3658 0.0242500
0.36374 0.02448
0.3618400 0.02482
0.36012 0.02522
0.35863 0.02566
0.35734 0.02611
0.35625 0.02657
0.355330 0.02702
0.35455 0.02747
0.35388 0.02791
0.35331 0.028330
0.35282 0.028750
0.35241 0.02916
0.35206 0.02956
0.35178 0.02995
0.35155 0.03034
0.35138 0.03073
0.35131 0.03116
0.35137 0.0315900
0.3516 0.03198
0.35195 0.03233
0.35239 0.03266
0.35291 0.03298
0.35352 0.03331
0.35425 0.03368
0.35513 0.03409
0.35621 0.03457
0.35756 0.03513
0.3593 0.03582
0.36149 0.03666
0.36415 0.03761
0.3671500 0.038630
0.3704 0.03966
0.37388 0.04068
0.37755 0.04172
0.38134 0.04278
0.38518 0.04385
0.389020 0.04492
0.3928 0.04599
0.39652 0.04707
0.40017 0.04815
0.40374 0.049260
0.407240 0.05039
0.41068 0.05157
0.41404 0.05278
0.41735 0.05405
0.4206 0.05537
0.42379 0.056750
0.42693 0.05819
0.43003 0.0597
0.43307 0.06127
0.43607 0.062910
0.43901 0.06462
0.44189 0.06638
0.44467 0.06818
0.44732 0.06999
0.44978 0.07177
0.45197 0.07348
0.45387 0.07506
0.45544 0.07652
0.45674 0.07785
0.45778 0.07907
0.4588 0.08043
-Inserting Flap s1223rtl-
0.54609 0.17173
0.54591 0.170780
0.545630 0.16938
0.5452 0.1679
0.54456 0.16632
0.54367 0.16453
0.54252 0.16249
0.5411 0.16017
0.53943 0.15761
0.53755 0.15487
0.535530 0.15203
0.5334 0.14914
0.5312 0.14625
0.528960 0.1434000
0.52667 0.14058
0.524350 0.13782
0.52197 0.13509
0.51954 0.13239
0.51703 0.1297
0.51445 0.127
0.51179 0.12428
0.50906 0.12153
0.50627 0.11876
0.50346 0.11598
0.50066 0.11323
0.49792 0.11056
0.49527 0.10802
0.49273 0.105660
0.49034 0.10353
0.488060 0.10165
0.48585 0.09999
0.48368 0.09853
0.48152 0.09725
0.479370 0.09616
0.47721 0.09523
0.47506 0.09446
0.47292 0.0938500
0.4708 0.0934
0.46876 0.09309
0.46683 0.09292
0.46507 0.0928700
0.46351 0.0929
0.46215 0.09301
0.46098 0.093170
0.45997 0.09337
0.45910 0.0936
0.45834 0.09385
0.45768 0.09411
0.4571 0.094390
0.4566 0.09467
0.45616 0.09497
0.45578 0.09527
0.45546 0.09559
0.4552 0.09593
0.45501 0.09632
0.45497 0.09675
0.45509 0.09719
0.45534 0.09762
0.45568 0.09805
0.45609 0.098490
0.4566 0.098980
0.45721 0.09952
0.45795 0.100140
0.45887 0.10088
0.46003 0.10178
0.46153 0.1029
0.46343 0.10427
0.46575 0.10588
0.46838 0.10764
0.47126 0.10947
0.4743600 0.11136
0.47763 0.11332
0.48101 0.11532
0.48445 0.117350
0.48788 0.119380
0.491260 0.121390
0.49457 0.12339
0.497810 0.12538
0.50098 0.12738
0.50407 0.12938
0.50708 0.1314
0.51002 0.13344
0.512880 0.135520
0.51568 0.13764
0.51841 0.13980
0.52107 0.142
0.52367 0.14426
0.5262 0.14657
0.52867 0.14893
0.53107 0.15134
0.5334 0.15378
0.53562 0.15624
0.53771 0.158680
0.53962 0.16104
0.5413 0.16325
0.54272 0.16527
0.54386 0.16709
0.54477 0.168710
0.545460 0.170150
0.54609 0.17173
*.*.Setup: s1223rtl.txt as Flap 1, Inverted: y, Scale = 1.0, AoA = 2.0, Reposition from (0,0) = (0, 0)*.*.
*.*.Setup: s1223rtl.txt as Flap 2, Inverted: y, Scale = 0.35, AoA = 25.0, Reposition from previous T.E. = (0.04, 0.055), Reposition from (0,0) = (1.0394, 0.0899)*.*.
*.*.Setup: s1223rtl.txt as Flap 3, Inverted: y, Scale = 0.35, AoA = 40.0, Reposition from previous T.E. = (-0.01, 0.045), Reposition from (0,0) = (1.3466, 0.2828)*.*.
*.*.Setup: Scale Ratio = 0.3382*.*.