0.3461 -0.01209
0.34382 -0.0138
0.34049 -0.0163
0.33667 -0.018670
0.33215 -0.02086
0.32672 -0.02299
0.32022 -0.02519
0.3126 -0.027460
0.30396 -0.02976
0.294520 -0.03204
0.28454 -0.03425
0.27426 -0.03636
0.263830 -0.03833
0.25336 -0.04015
0.24289 -0.04179
0.232420 -0.04326
0.221910 -0.044540
0.21133 -0.04565
0.20062 -0.04659
0.18973 -0.0474
0.17862 -0.0481
0.1673 -0.04872
0.15581 -0.0493
0.14426 -0.04984
0.13281 -0.05034
0.12161 -0.050780
0.11086 -0.0511200
0.10073 -0.051290
0.091360 -0.05122
0.08271 -0.05085
0.07466 -0.050140
0.06708 -0.04906
0.0599 -0.04761
0.05307 -0.04578
0.04657 -0.04359
0.04038 -0.04104
0.03452 -0.0381600
0.029050 -0.03501
0.024 -0.03167
0.01948 -0.02826
0.015550 -0.02494
0.01222 -0.02181
0.00948 -0.01893
0.00724 -0.016290
0.00544 -0.01388
0.00399 -0.0116700
0.00283 -0.00964
0.00192 -0.00777
0.0012 -0.00604
0.00066 -0.00443
0.00029 -0.00293
6e-05 -0.00153
-0.000029 -0.00021
8e-05 0.00104
0.00044 0.00225
0.00119 0.003280
0.00231 0.00401
0.00369 0.00445
0.005260 0.00471
0.00704 0.00486
0.009090 0.00492
0.01147 0.00492
0.0143 0.004820
0.01775 0.00463
0.02204 0.00431
0.02747 0.0038
0.0343 0.00305
0.0424900 0.002030
0.05167 0.00069
0.06151 -0.00096
0.07194 -0.00291
0.08289 -0.00506
0.09417 -0.00733
0.10561 -0.00965
0.11703 -0.01195
0.12832 -0.01419
0.13944 -0.016340
0.15039 -0.01835
0.161180 -0.02021
0.17181 -0.02191
0.18232 -0.02341
0.19271 -0.02471
0.2030100 -0.02581
0.21323 -0.02668
0.22339 -0.02732
0.23349 -0.02774
0.24356 -0.02792
0.2536 -0.02786
0.26359 -0.02756
0.27352 -0.02703
0.28335 -0.02626
0.293 -0.02526
0.30231 -0.02405
0.31108 -0.02267
0.31907 -0.02114
0.32611 -0.01952
0.332160 -0.01782
0.3373 -0.01607
0.34164 -0.01429
0.3461 -0.01209
-Inserting Flap s1223rtl-
0.43201 0.06449
0.43162 0.06357
0.43106 0.06222
0.43033 0.06083
0.42935 0.05937
0.42808 0.05777
0.42651 0.05595
0.42461 0.05392
0.4224 0.0517
0.419960 0.04934
0.41733 0.04691
0.4146 0.044460
0.4118 0.04202
0.408960 0.03962
0.40608 0.03727
0.40318 0.03498
0.40023 0.03273
0.39723 0.030530
0.39416 0.02835
0.39102 0.02618
0.38778 0.024
0.38447 0.02181
0.3811 0.01961
0.37771 0.0174
0.37434 0.01523
0.371040 0.01312
0.367850 0.01111
0.36482 0.009270
0.36198 0.00764
0.3593 0.00622
0.35674 0.00501
0.35426 0.004
0.35183 0.00317
0.34945 0.00251
0.34709 0.00202
0.34477 0.0017
0.3425 0.00153
0.34028 0.00152
0.33817 0.00164
0.3362 0.00187
0.334430 0.00218
0.33287 0.00253
0.33153 0.00292
0.33039 0.00332
0.32942 0.00373
0.32859 0.00414
0.32788 0.00455
0.32727 0.00495
0.32675 0.00535
0.32631 0.00574
0.32593 0.006130
0.32561 0.00651
0.32536 0.0069
0.32516 0.00729
0.32506 0.00772
0.32510 0.008160
0.32531 0.00858
0.32565 0.00896
0.32608 0.00931
0.32659 0.00967
0.3272 0.01006
0.32792 0.01047
0.32879 0.01095
0.32986 0.0115
0.33122 0.01216
0.33295 0.01296
0.33514 0.013950
0.3378 0.01508
0.34081 0.0163
0.34407 0.01754
0.34757 0.0188
0.35126 0.02008
0.35507 0.02139
0.35893 0.02271
0.36279 0.02404
0.36659 0.02535
0.37033 0.02667
0.374 0.028
0.37758 0.02934
0.3811 0.03071
0.38454 0.03212
0.38791 0.03356
0.39121 0.03505
0.39445 0.03659
0.39763 0.03819
0.40076 0.03985
0.40383 0.04158
0.406850 0.04337
0.40982 0.04523
0.41273 0.04714
0.41556 0.04911
0.4183 0.05112
0.4209 0.05313
0.4233 0.0551
0.42545 0.05697
0.42729 0.05871
0.42881 0.06029
0.43006 0.06173
0.43105 0.06303
0.43201 0.06449
-Inserting Flap s1223rtl-
0.53871 0.16491
0.538520 0.16393
0.53824 0.1625
0.5378 0.16099
0.537140 0.15936
0.53623 0.15753
0.53505 0.15544
0.5336 0.15307
0.53189 0.15044
0.52997 0.14764
0.52789 0.14473
0.52571 0.14177
0.52346 0.13882
0.52117 0.13589
0.518830 0.13301
0.51645 0.13018
0.51401 0.12738
0.51152 0.12462
0.508960 0.12186
0.50631 0.1191
0.50359 0.11632
0.50079 0.1135
0.49793 0.11066
0.49506 0.10782
0.4922 0.105010
0.489390 0.10227
0.48667 0.09966
0.48407 0.09725
0.481620 0.09507
0.47929 0.09314
0.47702 0.09144
0.4748 0.08995
0.47259 0.08864
0.47039 0.08752
0.46818 0.08657
0.46598 0.08578
0.4637800 0.08516
0.46162 0.08469
0.45952 0.08438
0.45755 0.08421
0.45575 0.08415
0.45415 0.08419
0.45276 0.08429
0.45156 0.08446
0.45053 0.08466
0.44963 0.0849
0.44886 0.08515
0.44818 0.085420
0.447590 0.08571
0.44707 0.0860
0.44662 0.0863
0.44624 0.08662
0.44591 0.08694
0.44564 0.087290
0.44545 0.08768
0.4454 0.08813
0.445530 0.08858
0.44578 0.08902
0.44613 0.08946
0.44656 0.08991
0.44707 0.09041
0.4477 0.09096
0.448450 0.0916
0.44939 0.09236
0.4505900 0.09328
0.45212 0.094420
0.454070 0.09582
0.45644 0.09748
0.45914 0.09928
0.46209 0.10115
0.46526 0.10309
0.46861 0.10509
0.47207 0.10715
0.47559 0.10922
0.4791 0.1113
0.48256 0.11336
0.48596 0.1154
0.48928 0.11745
0.49252 0.11949
0.49568 0.12154
0.49877 0.12361
0.50177 0.1257
0.50471 0.12783
0.507570 0.13
0.51036 0.13221
0.51309 0.134470
0.515750 0.13678
0.51835 0.13914
0.52088 0.14156
0.52334 0.14402
0.525710 0.14653
0.52799 0.14905
0.530130 0.15154
0.53208 0.15396
0.53381 0.15622
0.535260 0.15829
0.53643 0.16015
0.53736 0.16181
0.53807 0.16329
0.53871 0.16491
*.*.Setup: s1223rtl.txt as Flap 1, Inverted: y, Scale = 1.0, AoA = -2.0, Reposition from (0,0) = (0, 0)*.*.
*.*.Setup: s1223rtl.txt as Flap 2, Inverted: y, Scale = 0.35, AoA = 28.333333333333332, Reposition from previous T.E. = (-0.06, 0.055), Reposition from (0,0) = (0.9394, 0.0201)*.*.
*.*.Setup: s1223rtl.txt as Flap 3, Inverted: y, Scale = 0.35, AoA = 40.0, Reposition from previous T.E. = (0.04, 0.065), Reposition from (0,0) = (1.2875, 0.2512)*.*.
*.*.Setup: Scale Ratio = 0.34631*.*.