0.34683 0.03645
0.344790 0.03442
0.34183 0.03147
0.33835 0.02856
0.33415 0.02575
0.329030 0.022860
0.32286 0.01976
0.31558 0.01643
0.307280 0.01292
0.298190 0.00933
0.28855 0.00572
0.27859 0.00218
0.268470 -0.001250
0.25828 -0.00453
0.24807 -0.00764
0.23783 -0.010560
0.22754 -0.01331
0.21714 -0.0159
0.2065900 -0.01835
0.19585 -0.02068
0.18486 -0.02293
0.17366 -0.02514
0.16228 -0.02732
0.15085 -0.029480
0.13949 -0.03159
0.12839 -0.0336
0.11771 -0.03544
0.10764 -0.03702
0.09829 -0.03827
0.08961 -0.03912
0.08147 -0.03954
0.07377 -0.03952
0.06641 -0.03908
0.05934 -0.03822
0.05255 -0.03694
0.04602 -0.03527
0.039780 -0.03322
0.03387 -0.03084
0.02837 -0.02821
0.02339 -0.02545
0.019 -0.022690
0.01524 -0.02003
0.0121 -0.01754
0.00951 -0.01523
0.00737 -0.01308
0.005620 -0.01108
0.00418 -0.009220
0.003 -0.00748
0.00205 -0.00586
0.00128 -0.004330
0.0007 -0.00288
0.00028 -0.00151
0.000055 -0.00021
-6e-05 0.00105
0.00012 0.0023
0.00072 0.00344
0.00175 0.00432
0.003050 0.00495
0.00459 0.005440
0.00634 0.00583
0.00837 0.00618
0.01075 0.00651
0.01359 0.00682
0.01705 0.00711
0.02137 0.007380
0.02686 0.00764
0.03378 0.00785
0.04209 0.007980
0.05143 0.00793
0.06148 0.00766
0.07215 0.00718
0.08337 0.00657
0.09494 0.00589
0.10667 0.00518
0.11838 0.00448
0.129950 0.00383
0.14134 0.00325
0.152540 0.00278
0.16356 0.00243
0.17441 0.00224
0.185090 0.00221
0.19564 0.00236
0.20606 0.00272
0.21637 0.00328
0.22659 0.00406
0.23673 0.00506
0.2468 0.0063
0.25679 0.00776
0.26671 0.00946
0.27654 0.01138
0.28624 0.013530
0.29572 0.01587
0.30484 0.01838
0.31339 0.021
0.32115 0.02364
0.327940 0.02624
0.33373 0.02878
0.33861 0.03125
0.34269 0.033630
0.34683 0.03645
-Inserting Flap s1223rtl-
0.47140 0.10373
0.47096 0.10283
0.47032 0.10151
0.4695 0.10015
0.468420 0.09874
0.46706 0.09720
0.465370 0.09548
0.46334 0.09354
0.4610 0.09144
0.4584 0.08921
0.45562 0.086920
0.45273 0.08461
0.44977 0.08233
0.44677 0.08008
0.443740 0.07789
0.440690 0.07575
0.4376 0.07367
0.434450 0.07163
0.431240 0.06962
0.42795 0.06762
0.42457 0.06562
0.42111 0.06361
0.4176 0.0616
0.41406 0.05958
0.41054 0.05759
0.4071 0.05566
0.40377 0.05383
0.40062 0.05216
0.39767 0.05068
0.39489 0.04941
0.39225 0.04835
0.38969 0.04747
0.38721 0.04678
0.384770 0.04626
0.38238 0.04591
0.38003 0.04572
0.37773 0.04569
0.3755 0.0458
0.37338 0.04604
0.37142 0.04639
0.36965 0.0468
0.36811 0.04725
0.366780 0.04772
0.365660 0.04819
0.36471 0.04866
0.3639 0.04912
0.36321 0.04957
0.36263 0.05001
0.36212 0.05044
0.3617 0.05086
0.36134 0.05127
0.36104 0.05168
0.36081 0.05208
0.360640 0.05249
0.36056 0.05292
0.36063 0.05337
0.36087 0.05377
0.36123 0.05413
0.36168 0.05447
0.36221 0.0548
0.36285 0.05515
0.3636 0.05553
0.3645 0.05595
0.36561 0.05644
0.367010 0.05703
0.3688 0.05773
0.371060 0.05859
0.3738 0.059580
0.3769 0.06063
0.38025 0.06169
0.38384 0.062750
0.38762 0.06382
0.39153 0.06491
0.39549 0.06602
0.39944 0.067120
0.40335 0.06822
0.407180 0.06933
0.41094 0.07045
0.41463 0.07159
0.41824 0.07276
0.42178 0.0739700
0.42525 0.07522
0.428660 0.07653
0.43201 0.077890
0.4353 0.07931
0.43854 0.0808
0.44173 0.08235
0.44488 0.08398
0.44797 0.08567
0.451 0.08743
0.45396 0.08924
0.45683 0.0911
0.45957 0.09297
0.46210 0.09481
0.46436 0.096560
0.466310 0.09820
0.46794 0.0997
0.469280 0.10107
0.470350 0.10233
0.47140 0.10373
-Inserting Flap s1223rtl-
0.55046 0.18943
0.55018 0.18847
0.54978 0.18706
0.54921 0.18558
0.5484 0.18401
0.54732 0.18225
0.54596 0.180260
0.5443 0.178
0.54235 0.1755200
0.54018 0.17288
0.53784 0.17014
0.53539 0.16736
0.53287 0.1646
0.53031 0.16186
0.52771 0.15918
0.52508 0.15655
0.52239 0.15396
0.51965 0.15140
0.51683000 0.14886
0.5139400 0.14633
0.51096 0.14377
0.5079 0.14119
0.50479 0.1386
0.50166 0.136
0.49854 0.13342
0.49548 0.13092
0.49252 0.12855
0.48971 0.126360
0.48706 0.12439
0.484550 0.12265
0.48213 0.12115
0.479770 0.11984
0.47744 0.11873
0.47513 0.11779
0.47283 0.11703
0.47055 0.11644
0.46829 0.116010
0.46608 0.11573
0.46395 0.1156
0.46196 0.1156
0.46014 0.1157
0.45854 0.11588
0.45716 0.11611
0.45597 0.11638
0.45495 0.11667
0.45408 0.11699
0.45332 0.11731
0.45267 0.11764
0.4521 0.11798
0.45161 0.11832
0.45118 0.11866
0.45082 0.11901
0.45052 0.119360
0.45028 0.11974
0.45013 0.12015
0.450120 0.1206
0.450280 0.12104
0.45057 0.12146
0.45096 0.12187
0.45143 0.12229
0.45199 0.12274
0.45266 0.12324
0.45348 0.12382
0.45449 0.12449
0.45577 0.12531
0.45741 0.12632
0.459490 0.12756
0.46201 0.12901
0.46488 0.130580
0.468 0.1322
0.47135 0.13387
0.47488 0.13558
0.47854 0.13734
0.48225 0.13911
0.485960 0.14088
0.48961 0.14265
0.49319 0.1444
0.4967 0.14616
0.50013 0.14792
0.50349 0.1497
0.50676 0.151510
0.50997 0.15334
0.5131 0.15522
0.51616 0.15714
0.51915 0.15912
0.52209 0.16114
0.52496 0.16323
0.52777 0.16537
0.53052 0.16758
0.5332 0.16983
0.53581 0.17214
0.53831 0.17446
0.54068 0.17678
0.54285 0.17903
0.54478 0.18115
0.54641 0.18310
0.547760 0.184860
0.548830 0.186450
0.54967 0.18787
0.55046 0.18943
*.*.Setup: s1223rtl.txt as Flap 1, Inverted: y, Scale = 1.0, AoA = 6.0, Reposition from (0,0) = (0, 0)*.*.
*.*.Setup: s1223rtl.txt as Flap 2, Inverted: y, Scale = 0.35, AoA = 25.0, Reposition from previous T.E. = (0.04, 0.045), Reposition from (0,0) = (1.0345, 0.1495)*.*.
*.*.Setup: s1223rtl.txt as Flap 3, Inverted: y, Scale = 0.35, AoA = 35.0, Reposition from previous T.E. = (-0.06, 0.045), Reposition from (0,0) = (1.2917, 0.3424)*.*.
*.*.Setup: Scale Ratio = 0.34874*.*.