0.36768 -0.01284
0.36526 -0.01466
0.36172 -0.01731
0.35767 -0.019840
0.35286 -0.02216
0.34709 -0.02443
0.34019 -0.02676
0.3321 -0.029170
0.32291 -0.03162
0.312880 -0.03404
0.30229 -0.03639
0.29136 -0.03863
0.280290 -0.04072
0.26916 -0.04265
0.25804 -0.0444
0.246910 -0.04595
0.235750 -0.047320
0.22451 -0.04849
0.21313 -0.0495
0.20156 -0.05036
0.18976 -0.0511
0.17773 -0.05176
0.16553 -0.05237
0.15326 -0.05295
0.14109 -0.05348
0.12919 -0.053950
0.11777 -0.054300
0.10702 -0.054480
0.097060 -0.05441
0.08787 -0.05402
0.07931 -0.053270
0.07126 -0.05212
0.06364 -0.05058
0.05638 -0.04864
0.04947 -0.04631
0.0429 -0.0436
0.03668 -0.0405400
0.030860 -0.03719
0.0255 -0.03364
0.0207 -0.03002
0.016520 -0.02649
0.01298 -0.02317
0.01007 -0.02011
0.0077 -0.017310
0.00578 -0.01475
0.00424 -0.012400
0.00301 -0.01024
0.00204 -0.00826
0.00128 -0.00642
0.00071 -0.00471
0.00031 -0.00311
7e-05 -0.00162
-0.000029 -0.00022
9e-05 0.00111
0.00047 0.00239
0.00126 0.003490
0.00246 0.00426
0.00392 0.00473
0.005590 0.00501
0.00748 0.00516
0.009650 0.00523
0.01218 0.00522
0.01519 0.005120
0.01885 0.00492
0.02341 0.00457
0.02918 0.00403
0.03644 0.00324
0.0451400 0.002150
0.05489 0.00074
0.06535 -0.00102
0.07643 -0.00309
0.08806 -0.00538
0.10004 -0.00779
0.1122 -0.01025
0.12433 -0.0127
0.13632 -0.01508
0.14813 -0.017350
0.15977 -0.01949
0.171230 -0.02147
0.18253 -0.02327
0.19369 -0.02487
0.20473 -0.02625
0.2156700 -0.02741
0.22653 -0.02834
0.23731 -0.02903
0.24805 -0.02947
0.25875 -0.02966
0.26941 -0.0296
0.28002 -0.02928
0.29058 -0.02871
0.30102 -0.02789
0.31127 -0.02684
0.32116 -0.02555
0.33048 -0.02408
0.33897 -0.02246
0.34645 -0.02074
0.352870 -0.01893
0.35833 -0.01707
0.36294 -0.01518
0.36768 -0.01284
-Inserting Flap s1223rtl-
0.45895 0.06851
0.45854 0.06753
0.45794 0.0661
0.45716 0.06462
0.45612 0.06307
0.45478 0.06137
0.45311 0.05944
0.45109 0.05728
0.44874 0.05492
0.446140 0.05242
0.44336 0.04984
0.44045 0.047230
0.43748 0.04464
0.434460 0.04209
0.43141 0.03959
0.42832 0.03716
0.42519 0.03477
0.422 0.032430
0.41874 0.03012
0.4154 0.02781
0.41196 0.0255
0.40845 0.02317
0.40487 0.02083
0.40126 0.01849
0.39768 0.01618
0.394170 0.01393
0.390780 0.01181
0.38757 0.009850
0.38455 0.00811
0.3817 0.00661
0.37898 0.00532
0.37635 0.00425
0.37377 0.00336
0.37124 0.00267
0.36874 0.00215
0.36627 0.00181
0.36385 0.00163
0.3615 0.00161
0.35926 0.00174
0.35717 0.00198
0.355280 0.00231
0.35363 0.00269
0.3522 0.0031
0.35099 0.00353
0.34996 0.00396
0.34908 0.0044
0.34833 0.00483
0.34768 0.00526
0.34713 0.00568
0.34665 0.0061
0.34625 0.006510
0.34592 0.00692
0.34564 0.00733
0.34544 0.00775
0.34533 0.0082
0.345370 0.008670
0.3456 0.00911
0.34596 0.00952
0.34641 0.0099
0.34696 0.01028
0.3476 0.01068
0.34837 0.01113
0.34929 0.01163
0.35043 0.01221
0.35187 0.01292
0.35371 0.01377
0.35604 0.014820
0.35886 0.01602
0.36206 0.01732
0.36553 0.01864
0.36924 0.01997
0.37316 0.02134
0.37721 0.02273
0.38131 0.02413
0.38541 0.02553
0.38945 0.02694
0.39342 0.02834
0.39732 0.02975
0.40113 0.03117
0.40486 0.03263
0.40851 0.03412
0.41209 0.03565
0.4156 0.03724
0.41905 0.03887
0.42243 0.04057
0.42575 0.04234
0.42902 0.04417
0.432220 0.04608
0.43537 0.04805
0.43846 0.05008
0.44147 0.05218
0.44438 0.05431
0.44714 0.05644
0.4497 0.05854
0.45198 0.06053
0.45393 0.06237
0.45555 0.06405
0.45687 0.06558
0.45793 0.06696
0.45895 0.06851
-Inserting Flap s1223rtl-
0.53552 0.17151
0.535310 0.17047
0.53501 0.16895
0.53455 0.16735
0.533840 0.16562
0.53288 0.16368
0.53163 0.16145
0.53009 0.15893
0.52827 0.15614
0.52623 0.15317
0.52402 0.15007
0.5217 0.14693
0.51931 0.14379
0.51687 0.14069
0.514390 0.13763
0.51186 0.13462
0.50928 0.13165
0.50663 0.12871
0.50390 0.12578
0.50109 0.12285
0.4982 0.11989
0.49522 0.1169
0.49219 0.11389
0.48914 0.11086
0.4861 0.107870
0.483110 0.10497
0.48022 0.1022
0.47747 0.09963
0.474860 0.09732
0.47238 0.09527
0.46998 0.09346
0.46762 0.09188
0.46527 0.09049
0.46293 0.0893
0.46059 0.08828
0.45824 0.08745
0.4559100 0.08679
0.45361 0.0863
0.45139 0.08596
0.44929 0.08578
0.44738 0.08572
0.44568 0.08576
0.4442 0.08587
0.44293 0.08604
0.44183 0.08626
0.44088 0.08651
0.44006 0.08678
0.43934 0.087070
0.438710 0.08737
0.43816 0.087680
0.43768 0.088
0.43727 0.08834
0.43692 0.08868
0.43664 0.089050
0.43644 0.08947
0.43639 0.08995
0.436520 0.09043
0.43679 0.09089
0.43716 0.09135
0.43761 0.09184
0.43816 0.09236
0.43882 0.09295
0.439630 0.09363
0.44063 0.09444
0.4418900 0.09542
0.44352 0.096630
0.445590 0.09812
0.44811 0.09987
0.45098 0.10179
0.45411 0.10378
0.45748 0.10584
0.46104 0.10797
0.46472 0.11015
0.46846 0.11235
0.47219 0.11456
0.47586 0.11675
0.47947 0.11892
0.483 0.12109
0.48644 0.12326
0.4898 0.12544
0.49308 0.12763
0.49627 0.12986
0.49939 0.13212
0.502430 0.13442
0.5054 0.13677
0.5083 0.139170
0.511120 0.14163
0.51388 0.14414
0.51657 0.14671
0.51918 0.14933
0.52170 0.15198
0.52412 0.15466
0.526390 0.15731
0.52847 0.15988
0.5303 0.16229
0.531840 0.16449
0.53309 0.16646
0.53407 0.16822
0.53483 0.16979
0.53552 0.17151
*.*.Setup: s1223rtl.txt as Flap 1, Inverted: y, Scale = 1.0, AoA = -2.0, Reposition from (0,0) = (0, 0)*.*.
*.*.Setup: s1223rtl.txt as Flap 2, Inverted: y, Scale = 0.35, AoA = 28.333333333333332, Reposition from previous T.E. = (-0.06, 0.055), Reposition from (0,0) = (0.9394, 0.0201)*.*.
*.*.Setup: s1223rtl.txt as Flap 3, Inverted: y, Scale = 0.35, AoA = 40.0, Reposition from previous T.E. = (-0.06, 0.055), Reposition from (0,0) = (1.1875, 0.2412)*.*.
*.*.Setup: Scale Ratio = 0.36791*.*.