0.34 -0.01187
0.33776 -0.01356
0.33449 -0.01601
0.33074 -0.018340
0.3263 -0.02049
0.32097 -0.02259
0.31458 -0.02475
0.3071 -0.026980
0.2986 -0.02924
0.289330 -0.03148
0.27953 -0.03365
0.26943 -0.03572
0.259190 -0.03766
0.2489 -0.03944
0.23861 -0.04106
0.228320 -0.04249
0.2180 -0.043750
0.20761 -0.04484
0.19709 -0.04577
0.18639 -0.04657
0.17547 -0.04725
0.16435 -0.04787
0.15306 -0.04843
0.14172 -0.04896
0.13047 -0.04946
0.11947 -0.049890
0.1089 -0.0502200
0.09896 -0.050380
0.089750 -0.05032
0.08125 -0.04996
0.07334 -0.049260
0.0659 -0.0482
0.05885 -0.04677
0.05214 -0.04498
0.04575 -0.04282
0.03967 -0.04032
0.03392 -0.0374900
0.028530 -0.03439
0.02358 -0.03111
0.01914 -0.02776
0.015270 -0.0245
0.01201 -0.02142
0.00931 -0.01859
0.00712 -0.0160
0.00535 -0.01364
0.00392 -0.0114700
0.00278 -0.00947
0.00188 -0.00764
0.00118 -0.00594
0.00065 -0.00436
0.00028 -0.00288
6e-05 -0.0015
-0.000029 -0.0002
8e-05 0.00102
0.00043 0.00221
0.00117 0.003230
0.00227 0.00394
0.00362 0.00437
0.005170 0.00463
0.00692 0.00478
0.008930 0.00484
0.01127 0.00483
0.01405 0.004740
0.01743 0.00455
0.02165 0.00423
0.02699 0.00373
0.0337 0.003
0.0417400 0.001990
0.05076 0.00068
0.06043 -0.00095
0.07068 -0.00286
0.08143 -0.00497
0.09251 -0.0072
0.10375 -0.00948
0.11497 -0.01174
0.12606 -0.01394
0.13698 -0.016050
0.14774 -0.01803
0.158340 -0.01986
0.16879 -0.02152
0.17911 -0.023
0.18931 -0.02428
0.1994300 -0.02535
0.20947 -0.02621
0.21945 -0.02684
0.22938 -0.02725
0.23927 -0.02743
0.24913 -0.02737
0.25894 -0.02708
0.2687 -0.02655
0.27836 -0.02579
0.28783 -0.02482
0.29698 -0.02363
0.3056 -0.02227
0.31345 -0.02077
0.32037 -0.01917
0.326310 -0.01751
0.33136 -0.01578
0.33562 -0.01404
0.34 -0.01187
-Inserting Flap s1223rtl-
0.42847 0.07514
0.4282 0.074190
0.4278 0.07282
0.42724 0.0713800
0.42645 0.06984
0.425410 0.06813
0.42408 0.06618
0.422450 0.063980
0.42056 0.06156
0.41843 0.05898
0.41615 0.056310
0.41377 0.05361
0.411310 0.05091
0.40881 0.04824
0.40628 0.04562
0.4037 0.04305
0.40108 0.04053
0.39841 0.03803
0.39566 0.03556
0.39284 0.033080
0.38993 0.03059
0.38695 0.02808
0.38392 0.02554
0.38086 0.023
0.37782 0.02049
0.37483 0.01806
0.371950 0.01574
0.3692 0.0136
0.36662 0.01168
0.36417 0.00999
0.36181 0.00852
0.3595 0.0072500
0.35723 0.00616
0.35498 0.00525
0.35274 0.00451
0.35051 0.00392
0.34831 0.0035
0.34615 0.00323
0.34407 0.003110
0.34213 0.00311
0.340360 0.00321
0.3388 0.00338
0.33745 0.00360
0.336290 0.00386
0.3353 0.00415
0.33444 0.004460
0.3337 0.00478
0.33307 0.0051
0.33251 0.00543
0.33203 0.00576
0.331620 0.00609
0.33126 0.00643
0.33097 0.00678
0.33074 0.00714
0.33059 0.00755
0.33058 0.00799
0.33074 0.00842
0.33102 0.00882
0.3314 0.00922
0.33186 0.00963
0.33241 0.01007
0.33306 0.01056
0.33386 0.01112
0.334850 0.01178
0.33609 0.012580
0.33769 0.01357
0.33972 0.01477
0.34218 0.01619
0.34498 0.01772
0.34802 0.0193
0.35129 0.02093
0.35474 0.02260
0.35831 0.02431
0.36193 0.02604
0.36554 0.02777
0.3691 0.02949
0.3726 0.03121
0.37602 0.03292
0.37937 0.03464
0.38264 0.03638
0.38584 0.03814
0.3889600 0.03993
0.39202 0.04176
0.395 0.04364
0.39793 0.04556
0.40079 0.04754
0.40359 0.04957
0.40633 0.05166
0.40901 0.05381
0.41163 0.05601
0.41417 0.05826
0.41661 0.06053
0.41892 0.06279
0.42104 0.06498
0.42292 0.06706
0.42452 0.06896
0.42583 0.07068
0.42688 0.07222
0.4277 0.07361
0.42847 0.07514
-Inserting Flap s1223rtl-
0.53962 0.16215
0.53935 0.1612
0.53895 0.15983
0.53839 0.15839
0.5376 0.15685
0.53655 0.15514
0.53522 0.15319
0.5336 0.15099
0.5317 0.14857
0.52958 0.14599
0.5273 0.14332
0.52491 0.14062
0.52246 0.13792
0.51996 0.13525
0.51742 0.13263
0.514850 0.13006
0.51223 0.12754
0.50956 0.12504
0.50681 0.12257
0.50399 0.12009
0.50108 0.1176
0.4981 0.11509
0.49506 0.11255
0.49201 0.11001
0.488960 0.1075
0.48598 0.10507
0.4831 0.102750
0.48035 0.10061
0.47777 0.09869
0.47531 0.097
0.472950 0.095530
0.47065 0.09426
0.46838 0.09317
0.46613 0.09226
0.46389 0.09151
0.46166 0.09093
0.45946 0.09051
0.4573 0.090240
0.45522 0.09012
0.45328 0.09012
0.45151 0.090220
0.44995 0.09039
0.4486 0.09061
0.44744 0.090870
0.44645 0.09116
0.44559 0.09147
0.444850 0.09179
0.44421 0.09211
0.44366 0.09244
0.443180 0.09277
0.44276 0.0931
0.44241 0.09344
0.44212 0.09379
0.44189 0.09415
0.44173 0.09456
0.44173 0.09499
0.44188 0.09543
0.44217 0.09583
0.44255 0.09623
0.44301 0.096640
0.44356 0.09708
0.44421 0.09757
0.44501 0.09813
0.44599 0.09879
0.44724 0.09959
0.448840 0.10057
0.45087 0.10178
0.45333 0.1032
0.456120 0.10473
0.45917 0.10631
0.46244 0.10794
0.46589 0.10961
0.46945 0.11132
0.47308 0.1130500
0.47669 0.11478
0.48025 0.1165
0.48375 0.11822
0.48717 0.11993
0.49052 0.12165
0.49379 0.12339
0.49699 0.12515
0.50011 0.12694
0.50316 0.12877
0.50615 0.13064
0.509070 0.13257
0.51194 0.13455
0.51474 0.136580
0.51748 0.13867
0.52016 0.14082
0.52278 0.14302
0.52532 0.14527
0.527760 0.147540
0.53007 0.1498
0.53219 0.15199
0.53407 0.15407
0.53567 0.15597
0.53698 0.15769
0.53802 0.15923
0.53885 0.16062
0.53962 0.16215
*.*.Setup: s1223rtl.txt as Flap 1, Inverted: y, Scale = 1.0, AoA = -2.0, Reposition from (0,0) = (0, 0)*.*.
*.*.Setup: s1223rtl.txt as Flap 2, Inverted: y, Scale = 0.35, AoA = 35.0, Reposition from previous T.E. = (-0.0267, 0.055), Reposition from (0,0) = (0.9727, 0.0201)*.*.
*.*.Setup: s1223rtl.txt as Flap 3, Inverted: y, Scale = 0.35, AoA = 35.0, Reposition from previous T.E. = (0.04, 0.055), Reposition from (0,0) = (1.2994, 0.2759)*.*.
*.*.Setup: Scale Ratio = 0.34021*.*.