0.34 -0.01187
0.33776 -0.01356
0.33449 -0.01601
0.33074 -0.018340
0.3263 -0.02049
0.32097 -0.02259
0.31458 -0.02475
0.3071 -0.026980
0.2986 -0.02924
0.289330 -0.03148
0.27953 -0.03365
0.26943 -0.03572
0.259190 -0.03766
0.2489 -0.03944
0.23861 -0.04106
0.228320 -0.04249
0.2180 -0.043750
0.20761 -0.04484
0.19709 -0.04577
0.18639 -0.04657
0.17547 -0.04725
0.16435 -0.04787
0.15306 -0.04843
0.14172 -0.04896
0.13047 -0.04946
0.11947 -0.049890
0.1089 -0.0502200
0.09896 -0.050380
0.089750 -0.05032
0.08125 -0.04996
0.07334 -0.049260
0.0659 -0.0482
0.05885 -0.04677
0.05214 -0.04498
0.04575 -0.04282
0.03967 -0.04032
0.03392 -0.0374900
0.028530 -0.03439
0.02358 -0.03111
0.01914 -0.02776
0.015270 -0.0245
0.01201 -0.02142
0.00931 -0.01859
0.00712 -0.0160
0.00535 -0.01364
0.00392 -0.0114700
0.00278 -0.00947
0.00188 -0.00764
0.00118 -0.00594
0.00065 -0.00436
0.00028 -0.00288
6e-05 -0.0015
-0.000029 -0.0002
8e-05 0.00102
0.00043 0.00221
0.00117 0.003230
0.00227 0.00394
0.00362 0.00437
0.005170 0.00463
0.00692 0.00478
0.008930 0.00484
0.01127 0.00483
0.01405 0.004740
0.01743 0.00455
0.02165 0.00423
0.02699 0.00373
0.0337 0.003
0.0417400 0.001990
0.05076 0.00068
0.06043 -0.00095
0.07068 -0.00286
0.08143 -0.00497
0.09251 -0.0072
0.10375 -0.00948
0.11497 -0.01174
0.12606 -0.01394
0.13698 -0.016050
0.14774 -0.01803
0.158340 -0.01986
0.16879 -0.02152
0.17911 -0.023
0.18931 -0.02428
0.1994300 -0.02535
0.20947 -0.02621
0.21945 -0.02684
0.22938 -0.02725
0.23927 -0.02743
0.24913 -0.02737
0.25894 -0.02708
0.2687 -0.02655
0.27836 -0.02579
0.28783 -0.02482
0.29698 -0.02363
0.3056 -0.02227
0.31345 -0.02077
0.32037 -0.01917
0.326310 -0.01751
0.33136 -0.01578
0.33562 -0.01404
0.34 -0.01187
-Inserting Flap s1223rtl-
0.42847 0.07173
0.4282 0.070790
0.4278 0.06942
0.42724 0.0679700
0.42645 0.06644
0.425410 0.06473
0.42408 0.06278
0.422450 0.060580
0.42056 0.05816
0.41843 0.05558
0.41615 0.052910
0.41377 0.0502
0.411310 0.0475
0.40881 0.04484
0.40628 0.04222
0.4037 0.03965
0.40108 0.03713
0.39841 0.03463
0.39566 0.03216
0.39284 0.029680
0.38993 0.02719
0.38695 0.02467
0.38392 0.02214
0.38086 0.0196
0.37782 0.01709
0.37483 0.01466
0.371950 0.01234
0.3692 0.0102
0.36662 0.00828
0.36417 0.00659
0.36181 0.00512
0.3595 0.0038400
0.35723 0.00276
0.35498 0.00185
0.35274 0.0011
0.35051 0.00052
0.34831 0.0001
0.34615 -0.00017
0.34407 -0.000290
0.34213 -0.00029
0.340360 -0.00019
0.3388 -0.000068
0.33745 0.00020
0.336290 0.00046
0.3353 0.00075
0.33444 0.001060
0.3337 0.00138
0.33307 0.0017
0.33251 0.00203
0.33203 0.00236
0.331620 0.00269
0.33126 0.00303
0.33097 0.00338
0.33074 0.00374
0.33059 0.00414
0.33058 0.00458
0.33074 0.00502
0.33102 0.00542
0.3314 0.00582
0.33186 0.00623
0.33241 0.00667
0.33306 0.00716
0.33386 0.00772
0.334850 0.00838
0.33609 0.009180
0.33769 0.01016
0.33972 0.01137
0.34218 0.01279
0.34498 0.01432
0.34802 0.0159
0.35129 0.01752
0.35474 0.01920
0.35831 0.02091
0.36193 0.02264
0.36554 0.02437
0.3691 0.02609
0.3726 0.0278
0.37602 0.02952
0.37937 0.03124
0.38264 0.03297
0.38584 0.03473
0.3889600 0.03653
0.39202 0.03836
0.395 0.04023
0.39793 0.04216
0.40079 0.04414
0.40359 0.04617
0.40633 0.04826
0.40901 0.05041
0.41163 0.05261
0.41417 0.05486
0.41661 0.05713
0.41892 0.05939
0.42104 0.06158
0.42292 0.06366
0.42452 0.06556
0.42583 0.06727
0.42688 0.06882
0.4277 0.07021
0.42847 0.07173
-Inserting Flap s1223rtl-
0.53962 0.15874
0.53935 0.1578
0.53895 0.15643
0.53839 0.15498
0.5376 0.15345
0.53655 0.15174
0.53522 0.14979
0.5336 0.14759
0.5317 0.14517
0.52958 0.14259
0.5273 0.13992
0.52491 0.13721
0.52246 0.13451
0.51996 0.13185
0.51742 0.12923
0.514850 0.12666
0.51223 0.12413
0.50956 0.12164
0.50681 0.11917
0.50399 0.11669
0.50108 0.1142
0.4981 0.11168
0.49506 0.10915
0.49201 0.10661
0.488960 0.1041
0.48598 0.10166
0.4831 0.099350
0.48035 0.09721
0.47777 0.09529
0.47531 0.0936
0.472950 0.092130
0.47065 0.09085
0.46838 0.08977
0.46613 0.08886
0.46389 0.08811
0.46166 0.08753
0.45946 0.08711
0.4573 0.086840
0.45522 0.08672
0.45328 0.08672
0.45151 0.086810
0.44995 0.08699
0.4486 0.08721
0.44744 0.087470
0.44645 0.08776
0.44559 0.08807
0.444850 0.08838
0.44421 0.08871
0.44366 0.08904
0.443180 0.08937
0.44276 0.0897
0.44241 0.09004
0.44212 0.09039
0.44189 0.09075
0.44173 0.09115
0.44173 0.09159
0.44188 0.09202
0.44217 0.09243
0.44255 0.09283
0.44301 0.093240
0.44356 0.09368
0.44421 0.09417
0.44501 0.09473
0.44599 0.09539
0.44724 0.09619
0.448840 0.09717
0.45087 0.09838
0.45333 0.09979
0.456120 0.10133
0.45917 0.10291
0.46244 0.10453
0.46589 0.10621
0.46945 0.10792
0.47308 0.1096500
0.47669 0.11138
0.48025 0.1131
0.48375 0.11481
0.48717 0.11653
0.49052 0.11825
0.49379 0.11998
0.49699 0.12174
0.50011 0.12354
0.50316 0.12537
0.50615 0.12724
0.509070 0.12917
0.51194 0.13114
0.51474 0.133180
0.51748 0.13527
0.52016 0.13742
0.52278 0.13962
0.52532 0.14187
0.527760 0.144140
0.53007 0.1464
0.53219 0.14859
0.53407 0.15066
0.53567 0.15257
0.53698 0.15428
0.53802 0.15583
0.53885 0.15722
0.53962 0.15874
*.*.Setup: s1223rtl.txt as Flap 1, Inverted: y, Scale = 1.0, AoA = -2.0, Reposition from (0,0) = (0, 0)*.*.
*.*.Setup: s1223rtl.txt as Flap 2, Inverted: y, Scale = 0.35, AoA = 35.0, Reposition from previous T.E. = (-0.0267, 0.045), Reposition from (0,0) = (0.9727, 0.0101)*.*.
*.*.Setup: s1223rtl.txt as Flap 3, Inverted: y, Scale = 0.35, AoA = 35.0, Reposition from previous T.E. = (0.04, 0.055), Reposition from (0,0) = (1.2994, 0.2659)*.*.
*.*.Setup: Scale Ratio = 0.34021*.*.