0.33136 -0.01157
0.32917 -0.01321
0.32599 -0.0156
0.32233 -0.017880
0.318 -0.01997
0.3128 -0.02201
0.30658 -0.02412
0.29929 -0.026290
0.29101 -0.02849
0.281970 -0.03067
0.27242 -0.03279
0.26258 -0.03481
0.25260 -0.0367
0.24257 -0.03844
0.23254 -0.04001
0.222520 -0.04141
0.212460 -0.042640
0.20233 -0.0437
0.19208 -0.04461
0.18165 -0.04538
0.17101 -0.04605
0.16017 -0.04665
0.14917 -0.0472
0.13812 -0.04772
0.12715 -0.0482
0.11643 -0.048620
0.10613 -0.0489400
0.09644 -0.04910
0.087470 -0.04904
0.07919 -0.04869
0.07147 -0.0480
0.06422 -0.04697
0.05735 -0.04558
0.05081 -0.04383
0.04458 -0.04173
0.03866 -0.03929
0.03305 -0.0365400
0.027810 -0.03352
0.02298 -0.03032
0.01865 -0.02706
0.014880 -0.02388
0.0117 -0.02088
0.00907 -0.01812
0.00694 -0.01560
0.00521 -0.01329
0.00382 -0.0111700
0.00271 -0.00923
0.00183 -0.00744
0.00115 -0.00578
0.00064 -0.00424
0.00028 -0.00281
6e-05 -0.00146
-0.000029 -0.0002
8e-05 0.001
0.00042 0.00215
0.00114 0.003140
0.00221 0.00384
0.00353 0.00426
0.005040 0.00451
0.00674 0.00465
0.00870 0.00472
0.01098 0.00471
0.01369 0.004620
0.01699 0.00444
0.0211 0.00412
0.0263 0.00364
0.03284 0.00292
0.0406800 0.001940
0.04947 0.00066
0.05889 -0.00092
0.06888 -0.00278
0.07936 -0.00485
0.09016 -0.00702
0.10111 -0.00924
0.11204 -0.01145
0.12285 -0.01359
0.1335 -0.015640
0.14398 -0.01757
0.154310 -0.01935
0.1645 -0.02097
0.17455 -0.02241
0.1845 -0.02366
0.1943600 -0.02471
0.20415 -0.02554
0.21387 -0.02616
0.22355 -0.02656
0.23319 -0.02673
0.24279 -0.02667
0.25236 -0.02639
0.26187 -0.02588
0.27128 -0.02514
0.28051 -0.02418
0.28943 -0.02303
0.29783 -0.0217
0.30548 -0.02024
0.31222 -0.01869
0.318010 -0.01706
0.32293 -0.01538
0.32708 -0.01368
0.33136 -0.01157
-Inserting Flap s1223rtl-
0.43874 0.05902
0.43832 0.05816
0.43771 0.056910
0.43693 0.05562
0.43591 0.05428
0.43461 0.05282
0.43301 0.05117
0.43108 0.04934
0.42885 0.04734
0.426380 0.04522
0.42373 0.04304
0.42098 0.04085
0.41817 0.03867
0.41532 0.03654
0.41244 0.034450
0.40954 0.03242
0.4066 0.03044
0.40361 0.0285
0.40056 0.02659
0.39743 0.02469
0.39422 0.02279
0.39093 0.02088
0.38759 0.01896
0.38422 0.01705
0.38088 0.01515
0.3776 0.01332
0.37444 0.01158
0.37145 0.00999
0.36864 0.00859
0.366 0.00738
0.36348 0.00637
0.361060 0.00554
0.35869 0.00488
0.35638 0.00438
0.3541 0.00405
0.35187 0.00387
0.34968 0.00384
0.34757 0.00395
0.34555 0.00418
0.34368 0.00451
0.342 0.0049
0.340530 0.005330
0.33928 0.00577
0.33821 0.00622
0.3373 0.00666
0.33654 0.0071
0.33588 0.00753
0.33532 0.00795
0.33485 0.00836
0.334440 0.00876
0.3341 0.00915
0.33382 0.00953
0.3336 0.00992
0.33343 0.0103
0.33336 0.01072
0.333420 0.01114
0.33365 0.01153
0.33399 0.01187
0.33442 0.01219
0.334930 0.01250
0.33553 0.01283
0.336240 0.01319
0.3371 0.0136
0.33816 0.01406
0.33949 0.01462
0.34119 0.01529
0.34334 0.01611
0.34595 0.01705
0.34889 0.01805
0.35208 0.01905
0.35549 0.02006
0.35908 0.02108
0.3628 0.02212
0.36657 0.02317
0.37033 0.02421
0.37404 0.02526
0.37768 0.02632
0.38126 0.027380
0.38476 0.02846
0.3882 0.02958
0.39156 0.03073
0.39486 0.03192
0.3981 0.03316
0.401290 0.03445
0.40442 0.03581
0.4075 0.03722
0.41053 0.0387
0.41352 0.040240
0.41646 0.04185
0.41934 0.043520
0.422160 0.04525
0.42489 0.04701
0.42749 0.04879
0.4299 0.05054
0.43205 0.05221
0.4339 0.05376
0.43545 0.05519
0.43672 0.0565
0.43774 0.05769
0.43874 0.05902
-Inserting Flap s1223rtl-
0.5409 0.15517
0.54071 0.15423
0.54045 0.15286
0.54003 0.15141
0.53939 0.149850
0.53852 0.14811
0.53739 0.14610
0.536 0.14383
0.53437 0.141320
0.53253 0.13863
0.53054 0.13585
0.52845 0.133010
0.5263 0.13019
0.5241 0.12739
0.52186 0.12463
0.51958 0.12191
0.51725 0.11924
0.51486 0.11659
0.51241 0.11396
0.509880 0.11131
0.50727 0.10865
0.50459 0.10595
0.50186 0.10323
0.4991 0.10051
0.49636 0.09782
0.49367 0.0952
0.49107 0.0927
0.48859 0.09039
0.48624 0.0883
0.484 0.08646
0.48184 0.08483
0.47971 0.0834
0.477590 0.08215
0.47548 0.08107
0.47337 0.080160
0.47126 0.07941
0.46916 0.07881
0.46709 0.07837
0.46508 0.07807
0.46319 0.0779
0.46147 0.07785
0.45994 0.07788
0.45861 0.07799
0.45746 0.07814
0.45647 0.07834
0.45561 0.07856
0.45487 0.07881
0.454220 0.07907
0.45366 0.07934
0.45316 0.07962
0.45273 0.079910
0.45236 0.08021
0.45205 0.08052
0.45179 0.08085
0.45161 0.08123
0.45156 0.08166
0.45168 0.082090
0.45192 0.08251
0.45226 0.08293
0.45267 0.08336
0.453160 0.08384
0.45376 0.08437
0.45448 0.08498
0.45538 0.08571
0.45653 0.08659
0.45799 0.08768
0.45986 0.08903
0.46213 0.09061
0.46471 0.09233
0.46754 0.09413
0.47057 0.09598
0.47378 0.0979
0.4771 0.09986
0.48047 0.10185
0.48383 0.10384
0.48714 0.10581
0.49039 0.10777
0.49357 0.10973
0.49667 0.11168
0.4997 0.11364
0.50265 0.11562
0.50553 0.11763
0.50834 0.11967
0.51108 0.12174
0.51376 0.12386
0.51637 0.12602
0.51891 0.128230
0.52140 0.1305
0.52382 0.13281
0.52618 0.13517
0.52845 0.13757
0.53063 0.13998
0.53268 0.14237
0.53455 0.14468
0.5362 0.14685
0.53759 0.14883
0.538710 0.15061
0.5396 0.1522
0.54028 0.15362
0.5409 0.15517
*.*.Setup: s1223rtl.txt as Flap 1, Inverted: y, Scale = 1.0, AoA = -2.0, Reposition from (0,0) = (0, 0)*.*.
*.*.Setup: s1223rtl.txt as Flap 2, Inverted: y, Scale = 0.35, AoA = 25.0, Reposition from previous T.E. = (0.0067, 0.065), Reposition from (0,0) = (1.0061, 0.0301)*.*.
*.*.Setup: s1223rtl.txt as Flap 3, Inverted: y, Scale = 0.35, AoA = 40.0, Reposition from previous T.E. = (0.04, 0.065), Reposition from (0,0) = (1.3633, 0.243)*.*.
*.*.Setup: Scale Ratio = 0.33156*.*.