0.32691 -0.01142
0.32475 -0.01303
0.32161 -0.01539
0.31801 -0.017640
0.31373 -0.0197
0.30861 -0.02172
0.30247 -0.02379
0.29527 -0.025940
0.28711 -0.02811
0.278190 -0.03026
0.26877 -0.03235
0.25906 -0.03434
0.249210 -0.03621
0.23932 -0.03792
0.22942 -0.03948
0.219530 -0.04086
0.209610 -0.042070
0.19962 -0.04312
0.1895 -0.04401
0.17921 -0.04477
0.16872 -0.04543
0.15802 -0.04602
0.14717 -0.04657
0.13626 -0.04708
0.12544 -0.04755
0.11487 -0.047970
0.10471 -0.0482800
0.09515 -0.048440
0.08630 -0.04838
0.07813 -0.04803
0.07052 -0.047360
0.06336 -0.04634
0.05658 -0.04497
0.05013 -0.04324
0.04398 -0.04117
0.03814 -0.03876
0.03261 -0.0360500
0.027430 -0.03307
0.02267 -0.02991
0.0184 -0.0267
0.014680 -0.02355
0.01154 -0.0206
0.00895 -0.01788
0.00684 -0.015390
0.00514 -0.01311
0.00377 -0.0110200
0.00268 -0.00911
0.00181 -0.00734
0.00113 -0.00571
0.00063 -0.00419
0.00027 -0.00277
6e-05 -0.00144
-0.000029 -0.0002
8e-05 0.00098
0.00041 0.00212
0.00112 0.00310
0.00218 0.00378
0.00348 0.0042
0.004970 0.00445
0.00665 0.00459
0.008580 0.00465
0.01083 0.00464
0.01351 0.004560
0.01676 0.00438
0.02082 0.00407
0.02595 0.00359
0.0324 0.00288
0.0401400 0.001910
0.0488 0.00065
0.0581 -0.00091
0.06796 -0.00275
0.07829 -0.00478
0.08895 -0.00692
0.09976 -0.00911
0.11054 -0.01129
0.1212 -0.01341
0.13171 -0.015430
0.14205 -0.01733
0.152240 -0.01909
0.16229 -0.02069
0.17221 -0.02211
0.18203 -0.02334
0.1917500 -0.02437
0.20141 -0.0252
0.211 -0.02581
0.22055 -0.0262
0.23006 -0.02637
0.23954 -0.02631
0.24897 -0.02603
0.25835 -0.02553
0.26764 -0.0248
0.27675 -0.02386
0.28555 -0.02272
0.29384 -0.02141
0.30138 -0.01997
0.30803 -0.01844
0.313750 -0.01683
0.3186 -0.01518
0.3227 -0.0135
0.32691 -0.01142
-Inserting Flap s1223rtl-
0.44077 0.06091
0.4404 0.06004
0.43987 0.05877
0.43918 0.05746
0.43825 0.05608
0.43706 0.05456
0.43557 0.05285
0.43378 0.05093
0.4317 0.04883
0.429380 0.04661
0.42691 0.04431
0.42432 0.041990
0.42168 0.03969
0.418990 0.03742
0.41628 0.0352
0.41354 0.03304
0.41075 0.03092
0.40792 0.028830
0.40502 0.02678
0.40205 0.02473
0.39899 0.02267
0.39587 0.0206
0.39269 0.01852
0.38948 0.01644
0.3863 0.01438
0.383170 0.01239
0.380160 0.0105
0.3773 0.008760
0.37462 0.00721
0.37209 0.00587
0.36967 0.00473
0.36733 0.00378
0.36504 0.00299
0.36278 0.00237
0.36056 0.00191
0.35837 0.00161
0.35622 0.00145
0.35413 0.00143
0.35213 0.00155
0.35027 0.00176
0.34860 0.00206
0.34713 0.00239
0.34586 0.00276
0.34478 0.00314
0.34387 0.00352
0.34308 0.00391
0.34242 0.0043
0.34184 0.00468
0.34135 0.00505
0.34093 0.00542
0.34057 0.005790
0.34027 0.00615
0.34003 0.00651
0.33985 0.00689
0.33975 0.00729
0.339790 0.007710
0.33999 0.0081
0.34031 0.00846
0.34071 0.0088
0.34119 0.00914
0.34177 0.0095
0.34245 0.00989
0.34327 0.01034
0.34429 0.01086
0.34557 0.01148
0.3472 0.01225
0.34927 0.013170
0.35178 0.01425
0.35462 0.0154
0.35771 0.01657
0.36101 0.01776
0.36449 0.01897
0.36809 0.02021
0.37174 0.02145
0.37539 0.0227
0.37898 0.02395
0.38251 0.02519
0.38597 0.02645
0.38936 0.02772
0.39268 0.02901
0.39593 0.03034
0.39911 0.0317
0.40223 0.03311
0.40529 0.03456
0.4083 0.03608
0.41125 0.03764
0.41415 0.03927
0.417010 0.04097
0.41981 0.04272
0.42255 0.04453
0.42523 0.04639
0.42782 0.04829
0.43027 0.05019
0.43254 0.05205
0.43457 0.05382
0.43631 0.05545
0.43775 0.05695
0.43892 0.05831
0.43986 0.05954
0.44077 0.06091
-Inserting Flap s1223rtl-
0.54156 0.15577
0.541380 0.15484
0.54111 0.15349
0.5407 0.15206
0.540070 0.15052
0.53921 0.1488
0.5381 0.14682
0.53673 0.14458
0.53511 0.1421
0.5333 0.13945
0.53134 0.1367
0.52928 0.13391
0.52715 0.13112
0.52498 0.12836
0.522770 0.12564
0.52052 0.12296
0.51823 0.12032
0.51587 0.11771
0.513450 0.11511
0.51095 0.1125
0.50838 0.10987
0.50573 0.10721
0.50304 0.10453
0.50032 0.10184
0.49762 0.099180
0.494970 0.0966
0.4924 0.09414
0.48995 0.09186
0.487630 0.0898
0.48542 0.08798
0.48329 0.08637
0.48119 0.08496
0.4791 0.08373
0.47702 0.08267
0.47494 0.08177
0.47285 0.08102
0.4707800 0.08044
0.46873 0.08
0.46676 0.0797
0.46489 0.07954
0.46319 0.07949
0.46168 0.07952
0.46037 0.07962
0.45924 0.07977
0.45826 0.07997
0.45742 0.08019
0.45668 0.08043
0.45604 0.080690
0.455490 0.08096
0.455 0.081230
0.45457 0.08152
0.45421 0.08181
0.4539 0.08212
0.45364 0.082450
0.45347 0.08282
0.45342 0.08324
0.453540 0.08367
0.45378 0.08408
0.4541 0.0845
0.45451 0.08493
0.455 0.08539
0.45559 0.08592
0.45630 0.08652
0.45719 0.08724
0.4583200 0.08811
0.45976 0.089180
0.461610 0.09051
0.46385 0.09207
0.4664 0.09377
0.46918 0.09554
0.47217 0.09737
0.47534 0.09927
0.47861 0.1012
0.48194 0.10317
0.48525 0.10513
0.48852 0.10707
0.49172 0.10901
0.49486 0.11093
0.49792 0.11286
0.50091 0.1148
0.50382 0.11675
0.50667 0.11873
0.50944 0.12074
0.512140 0.12279
0.51478 0.12488
0.51736 0.127010
0.519870 0.12919
0.52232 0.13143
0.52471 0.13371
0.52703 0.13604
0.529280 0.1384
0.53143 0.14078
0.533450 0.14314
0.5353 0.14542
0.53692 0.14756
0.538290 0.14952
0.5394 0.15127
0.54028 0.15284
0.54095 0.15424
0.54156 0.15577
*.*.Setup: s1223rtl.txt as Flap 1, Inverted: y, Scale = 1.0, AoA = -2.0, Reposition from (0,0) = (0, 0)*.*.
*.*.Setup: s1223rtl.txt as Flap 2, Inverted: y, Scale = 0.35, AoA = 28.333333333333332, Reposition from previous T.E. = (0.04, 0.055), Reposition from (0,0) = (1.0394, 0.0201)*.*.
*.*.Setup: s1223rtl.txt as Flap 3, Inverted: y, Scale = 0.35, AoA = 40.0, Reposition from previous T.E. = (0.04, 0.065), Reposition from (0,0) = (1.3875, 0.2512)*.*.
*.*.Setup: Scale Ratio = 0.32711*.*.