0.34425 -0.01202
0.34198 -0.01373
0.33867 -0.01621
0.33488 -0.018570
0.33038 -0.02075
0.32498 -0.02287
0.31852 -0.02506
0.31094 -0.027310
0.30234 -0.0296
0.292950 -0.03187
0.28303 -0.03407
0.2728 -0.03616
0.262430 -0.03813
0.25201 -0.03993
0.24159 -0.04157
0.231180 -0.04303
0.220730 -0.04430
0.21021 -0.0454
0.19955 -0.04634
0.18872 -0.04715
0.17767 -0.04784
0.1664 -0.04846
0.15498 -0.04904
0.14349 -0.04957
0.1321 -0.05008
0.12096 -0.050510
0.11026 -0.0508400
0.1002 -0.051010
0.090880 -0.05095
0.08227 -0.05058
0.07426 -0.049870
0.06672 -0.0488
0.05958 -0.04735
0.05279 -0.04554
0.04632 -0.04336
0.04016 -0.04082
0.03434 -0.0379600
0.028890 -0.03482
0.02388 -0.0315
0.01938 -0.02811
0.015460 -0.0248
0.01216 -0.02169
0.00943 -0.01882
0.00721 -0.01620
0.00541 -0.01381
0.00397 -0.0116100
0.00282 -0.00959
0.00191 -0.00773
0.00119 -0.00601
0.00066 -0.00441
0.00029 -0.00292
6e-05 -0.00152
-0.000029 -0.00021
8e-05 0.00104
0.00044 0.00224
0.00118 0.003270
0.0023 0.00398
0.00367 0.00442
0.005230 0.00469
0.00701 0.00484
0.009040 0.0049
0.01141 0.00489
0.01422 0.00480
0.01765 0.00461
0.02192 0.00428
0.02732 0.00378
0.03412 0.00304
0.0422700 0.002020
0.05139 0.00069
0.06118 -0.00096
0.07156 -0.00289
0.08245 -0.00503
0.09367 -0.00729
0.10505 -0.0096
0.11641 -0.01189
0.12763 -0.01412
0.13869 -0.016250
0.14959 -0.01825
0.160320 -0.02011
0.1709 -0.02179
0.18135 -0.02328
0.19168 -0.02458
0.2019300 -0.02567
0.21209 -0.02654
0.22219 -0.02718
0.23225 -0.02759
0.24226 -0.02777
0.25224 -0.02771
0.26218 -0.02741
0.27206 -0.02688
0.28184 -0.02612
0.29143 -0.02513
0.3007 -0.02392
0.30942 -0.02254
0.31737 -0.02103
0.32437 -0.01941
0.330390 -0.01773
0.3355 -0.01598
0.33981 -0.01421
0.34425 -0.01202
-Inserting Flap s1223rtl-
0.4673 0.05788
0.46686 0.05698
0.466230 0.055680
0.465420 0.05434
0.46436 0.05295
0.46301 0.05143
0.46134 0.04972
0.45934 0.04781
0.45702 0.04573
0.45445 0.04353
0.45171 0.04127
0.44885 0.03899
0.445930 0.03673
0.44297 0.03451
0.43998 0.032350
0.43696 0.03024
0.43391 0.02818
0.4308 0.02617
0.42763 0.02418
0.42438 0.02221
0.42104 0.02023
0.41763 0.01825
0.41416 0.01626
0.41066 0.01426
0.40718 0.0123
0.4037800 0.01039
0.4005 0.00859
0.39739 0.00694
0.39447 0.00548
0.39173 0.00422
0.38911 0.00317
0.38659 0.00231
0.38414 0.00162
0.38173 0.00111
0.37937 0.00076
0.37704 0.00058
0.37477 0.00054
0.37258 0.00065
0.37048 0.00089
0.3685400 0.00124
0.3668 0.00165
0.36527 0.002090
0.36396 0.00255
0.36286 0.00302
0.361910 0.00348
0.36112 0.00393
0.36044 0.00438
0.35986 0.00482
0.35936 0.00524
0.35894 0.00565
0.35859 0.00606
0.35829 0.00646
0.35806 0.00686
0.35789 0.00726
0.35781 0.00769
0.35788 0.00813
0.35812 0.00853
0.35847 0.00889
0.35892 0.00922
0.35945 0.009550
0.36007 0.00989
0.36081 0.01026
0.36171 0.01068
0.36281 0.01117
0.36419 0.01174
0.36595 0.01244
0.36819 0.01329
0.37089 0.01427
0.3739500 0.0153
0.37727 0.01635
0.38081 0.01739
0.38454 0.01845
0.3884 0.01953
0.39232 0.02062
0.396220 0.02171
0.40008 0.0228
0.40387 0.02389
0.40758 0.0250
0.41122 0.02613
0.414790 0.02728
0.41829 0.02848
0.42172 0.02972
0.42508 0.031
0.42839 0.03235
0.43164 0.03375
0.43484 0.03522
0.438 0.03676
0.4411 0.038360
0.44415 0.04003
0.44715 0.041770
0.45007 0.04356
0.45291 0.0454
0.45561 0.04724
0.45811 0.04906
0.46035 0.0508
0.46227 0.05241
0.46388 0.05389
0.4652 0.05525
0.46626 0.05649
0.4673 0.05788
-Inserting Flap s1223rtl-
0.53899 0.15432
0.5388 0.15334
0.538520 0.15192
0.53808 0.15042
0.53742 0.14880
0.53652 0.14698
0.53535 0.14490
0.5339 0.14254
0.5322 0.139930
0.53029 0.13714
0.528230 0.13424
0.52606 0.13130
0.52382 0.12836
0.521530 0.12545
0.51921 0.12259
0.516840 0.11977
0.51442 0.11699
0.51194 0.11424
0.50939 0.1115
0.50676 0.10875
0.50405 0.10599
0.50126 0.10319
0.49843 0.10036
0.49556 0.09753
0.49272 0.09473
0.48992 0.09201
0.48722 0.08942
0.48464 0.08702
0.4822 0.08485
0.479880 0.08293
0.47763 0.08124
0.47541 0.07975
0.47322 0.07846
0.471030 0.07734
0.46883 0.076390
0.46664 0.07561
0.46445 0.07499
0.4623 0.07453
0.46022 0.07422
0.45826 0.07405
0.45646 0.07399
0.45487 0.07403
0.45349 0.07413
0.4523 0.07429
0.45127 0.0745
0.450380 0.07473
0.44961 0.07499
0.44894 0.07526
0.44835 0.07554
0.44784 0.07583
0.44739 0.076130
0.447 0.07644
0.44668 0.07676
0.44641 0.07711
0.44622 0.07751
0.44617 0.07795
0.4463 0.07840
0.44655 0.07883
0.4469 0.07927
0.44732 0.07972
0.44784 0.08021
0.44845 0.08076
0.44921 0.0814
0.45014 0.08215
0.45133 0.08307
0.45285 0.0842
0.4548 0.0856
0.45715 0.08724
0.45984 0.08904
0.46277 0.0909
0.4659200 0.09283
0.46925 0.09482
0.4727 0.09686
0.4762 0.09893
0.47969 0.10099
0.483140 0.10304
0.48651 0.10508
0.489810 0.10711
0.49304 0.10914
0.49619 0.11118
0.49925 0.11324
0.50225 0.11532
0.505160 0.11744
0.50801 0.11959
0.51079 0.12179
0.5135 0.12404
0.51615 0.126340
0.51873 0.12869
0.52125 0.13109
0.52369 0.13354
0.52605 0.13603
0.52832 0.13854
0.53045 0.14102
0.53239 0.14342
0.53411 0.14568
0.53555 0.14774
0.53672 0.14959
0.53764 0.15124
0.538350 0.15271
0.53899 0.15432
*.*.Setup: s1223rtl.txt as Flap 1, Inverted: y, Scale = 1.0, AoA = -2.0, Reposition from (0,0) = (0, 0)*.*.
*.*.Setup: s1223rtl.txt as Flap 2, Inverted: y, Scale = 0.35, AoA = 25.0, Reposition from previous T.E. = (0.04, 0.055), Reposition from (0,0) = (1.0394, 0.0201)*.*.
*.*.Setup: s1223rtl.txt as Flap 3, Inverted: y, Scale = 0.35, AoA = 40.0, Reposition from previous T.E. = (-0.06, 0.055), Reposition from (0,0) = (1.2966, 0.223)*.*.
*.*.Setup: Scale Ratio = 0.34446*.*.