0.35164 -0.01228
0.34932 -0.01402
0.34594 -0.01656
0.34206 -0.018970
0.33747 -0.02119
0.33195 -0.02336
0.32535 -0.02559
0.31761 -0.02790
0.30883 -0.03024
0.299230 -0.03255
0.2891 -0.0348
0.27865 -0.03694
0.268060 -0.03895
0.25742 -0.04079
0.24678 -0.04246
0.236140 -0.04395
0.225470 -0.045250
0.21472 -0.04638
0.20383 -0.04734
0.19277 -0.04816
0.18148 -0.04887
0.16998 -0.0495
0.1583 -0.05009
0.14657 -0.05064
0.13493 -0.05115
0.12356 -0.05160
0.11263 -0.0519300
0.10235 -0.052110
0.092830 -0.05204
0.08404 -0.05167
0.07585 -0.050940
0.06815 -0.04985
0.06086 -0.04837
0.05392 -0.04652
0.04731 -0.04429
0.04102 -0.0417
0.03508 -0.0387700
0.029510 -0.03557
0.02439 -0.03217
0.01979 -0.02871
0.015790 -0.02534
0.01242 -0.02216
0.00963 -0.01923
0.00736 -0.016550
0.00553 -0.0141
0.00406 -0.0118600
0.00288 -0.0098
0.00195 -0.0079
0.00122 -0.00614
0.00068 -0.0045
0.00029 -0.00298
6e-05 -0.00155
-0.000029 -0.00021
9e-05 0.00106
0.00045 0.00228
0.00121 0.003340
0.00235 0.00407
0.00375 0.00452
0.005340 0.00479
0.00716 0.00494
0.009230 0.005
0.01165 0.00499
0.01453 0.00490
0.01803 0.00471
0.02239 0.00438
0.02791 0.00386
0.03485 0.0031
0.0431700 0.002060
0.0525 0.0007
0.0625 -0.00098
0.0731 -0.00295
0.08421 -0.00514
0.09568 -0.00745
0.1073 -0.0098
0.1189 -0.01215
0.13037 -0.01442
0.14167 -0.01660
0.1528 -0.01864
0.163760 -0.02054
0.17457 -0.02226
0.18524 -0.02378
0.1958 -0.02511
0.2062600 -0.02622
0.21664 -0.0271
0.22696 -0.02776
0.23723 -0.02818
0.24746 -0.02836
0.25766 -0.0283
0.26781 -0.028
0.2779 -0.02746
0.28789 -0.02668
0.29769 -0.02566
0.30715 -0.02444
0.31606 -0.02303
0.32418 -0.02148
0.33133 -0.01983
0.337480 -0.01811
0.3427 -0.01632
0.34711 -0.01452
0.35164 -0.01228
-Inserting Flap s1223rtl-
0.44707 0.07172
0.44674 0.07077
0.44624 0.06937
0.44558 0.06791
0.44467 0.06638
0.44349 0.064670
0.442 0.06274
0.44019 0.06057
0.43809 0.05819
0.43574 0.05565
0.43322 0.05303
0.4306 0.05038
0.4279 0.04774
0.42516 0.045140
0.42238 0.04258
0.41957 0.040090
0.41672 0.03764
0.4138 0.03522
0.41082 0.03283
0.40776 0.03045
0.40461 0.02805
0.40138 0.02563
0.39809 0.0232
0.39478 0.02076
0.39149 0.01835
0.38826 0.01602
0.38514 0.0138
0.38218 0.0117500
0.3794 0.00992
0.37676 0.00833
0.374240 0.00695
0.37178 0.00578
0.36937 0.00479
0.36699 0.00399
0.36463 0.00335
0.3623 0.00289
0.36 0.00258
0.357760 0.00244
0.35561 0.00243
0.3536 0.00255
0.35178 0.00276
0.35018 0.00303
0.348800 0.00334
0.34761 0.00368
0.34661 0.00404
0.34574 0.00441
0.345 0.00478
0.34436 0.00515
0.343810 0.00552
0.34333 0.00589
0.34292 0.00626
0.34258 0.00663
0.3423 0.00701
0.34208 0.0074
0.34195 0.00782
0.34196 0.00828
0.34215 0.00871
0.34247 0.00912
0.34289 0.0095
0.34339 0.0099
0.34398 0.01032
0.34468 0.01079
0.34554 0.01132
0.3466 0.011940
0.34793 0.01269
0.34964 0.01361
0.35181 0.01474
0.35444 0.01605
0.35741 0.01746
0.36065 0.01891
0.36413 0.02039
0.36779 0.02191
0.37158 0.02347
0.37542 0.02504
0.379250 0.0266
0.38303 0.02817
0.38675 0.02973
0.39039 0.03129
0.39395 0.0328600
0.39743 0.03446
0.40083 0.03608
0.40417 0.03775
0.407430 0.03945
0.41063 0.04121
0.41376 0.04302
0.41683 0.04489
0.41985 0.04682
0.42281 0.04882
0.4257 0.05088
0.42854 0.052990
0.4313 0.05516
0.43395 0.05736
0.43647 0.05955
0.4388 0.06169
0.44086 0.06372
0.44262 0.06558
0.44408 0.06728
0.44525 0.06881
0.44619 0.070190
0.44707 0.07172
-Inserting Flap s1223rtl-
0.53789 0.17023
0.5377 0.16924
0.53741 0.16779
0.53697 0.16625
0.53629 0.1646
0.53537 0.162740
0.53417 0.16061
0.5327 0.1582
0.53096 0.15554
0.52901 0.15269
0.5269 0.14973
0.52468 0.14673
0.5224 0.14372
0.52006 0.14075
0.51769 0.13783
0.51527 0.13495
0.5128 0.13211
0.51026 0.1293
0.50766 0.1265
0.504970 0.12369
0.5022 0.12087
0.49936 0.11801
0.49646 0.11512
0.49354 0.11223
0.49063 0.10937
0.48778 0.106590
0.48501 0.10395
0.48238 0.10149
0.47989 0.09928
0.47751 0.09732
0.47521 0.09559
0.47296 0.09407
0.4707100 0.09275
0.46847 0.09161
0.46623 0.09064
0.46399 0.08984
0.46176 0.08921
0.45956 0.088730
0.45743 0.08842
0.45543 0.088240
0.4536 0.08818
0.45197 0.08822
0.45056 0.08833
0.44935 0.08849
0.4483 0.0887
0.44739 0.08894
0.4466 0.0892
0.445910 0.08948
0.44531 0.08976
0.44479 0.09006
0.44433 0.09037
0.44394 0.09069
0.4436 0.09102
0.44333 0.09137
0.44314 0.09177
0.44309 0.092230
0.44321 0.09268
0.44347 0.09313
0.44382 0.09357
0.44426 0.09404
0.444790 0.09454
0.44542 0.09510
0.44619 0.09575
0.44714 0.09652
0.44835 0.09746
0.44991 0.09862
0.45189 0.10004
0.4543 0.1017200
0.45704 0.10355
0.46004 0.10546
0.46326 0.10743
0.466660 0.10946
0.47019 0.11155
0.47376 0.11366
0.47733 0.11576
0.48084 0.11786
0.48429 0.11994
0.48766 0.12201
0.49096 0.12408
0.49417 0.126170
0.49731 0.12827
0.50036 0.1304
0.50334 0.13256
0.50625 0.13476
0.50909 0.13701
0.51186 0.1393
0.51456 0.14165
0.51720 0.14405
0.51977 0.14651
0.52227 0.14902
0.52468 0.15156
0.52699 0.154120
0.52917 0.15665
0.53116 0.15911
0.53291 0.161410
0.53438 0.16351
0.535570 0.1654
0.53651 0.16709
0.53724 0.16859
0.53789 0.17023
*.*.Setup: s1223rtl.txt as Flap 1, Inverted: y, Scale = 1.0, AoA = -2.0, Reposition from (0,0) = (0, 0)*.*.
*.*.Setup: s1223rtl.txt as Flap 2, Inverted: y, Scale = 0.35, AoA = 31.666666666666668, Reposition from previous T.E. = (-0.0267, 0.055), Reposition from (0,0) = (0.9727, 0.0201)*.*.
*.*.Setup: s1223rtl.txt as Flap 3, Inverted: y, Scale = 0.35, AoA = 40.0, Reposition from previous T.E. = (-0.01, 0.055), Reposition from (0,0) = (1.2606, 0.2588)*.*.
*.*.Setup: Scale Ratio = 0.35186*.*.