0.3638400000 -0.01788
0.36307 -0.01865
0.36153 -0.02015
0.35925 -0.02236
0.35635 -0.02512
0.35299 -0.02824
0.34932 -0.0315
0.34549 -0.03471
0.34164 -0.03772
0.33780 -0.04052
0.33395 -0.04313
0.3301 -0.04559
0.32625 -0.04792
0.3224 -0.05017
0.31855 -0.05232
0.3147 -0.0544
0.31085 -0.05639
0.30701 -0.05832
0.30316 -0.06017
0.29931 -0.06197
0.29546 -0.06369
0.29161 -0.06536
0.28776 -0.06698
0.28391 -0.06853
0.28006 -0.070040
0.27622 -0.07148
0.272370 -0.07286
0.26852 -0.07418
0.26467 -0.07543
0.26082 -0.07662
0.25697 -0.07777
0.25312 -0.07887
0.249270 -0.07994
0.24542 -0.08099
0.24158 -0.082010
0.23773 -0.08299
0.23388 -0.08393
0.23003 -0.08482
0.226180 -0.08567
0.22233 -0.086460
0.21848 -0.08721
0.21463 -0.08791
0.21079 -0.08856
0.20694 -0.08918
0.20309 -0.08975
0.19924 -0.09028
0.19539 -0.09077
0.19154 -0.09123
0.18769 -0.09165
0.18384 -0.09204
0.18 -0.09238
0.17615 -0.09268
0.1723 -0.09294
0.16845 -0.09315
0.1646 -0.09332
0.16075 -0.09344
0.1569 -0.09351
0.15305 -0.09354
0.14921 -0.09352
0.14536 -0.09345
0.14151 -0.09334
0.137660 -0.09317
0.13381 -0.09296
0.12996 -0.09269
0.12611 -0.09238
0.12226 -0.09202
0.11841 -0.09162
0.114570 -0.09119
0.11072 -0.09072
0.10687 -0.0902
0.10302 -0.08963
0.09917 -0.088990
0.09532 -0.088270
0.091470 -0.08747
0.08762 -0.08658
0.08378 -0.0856
0.07993 -0.08453
0.07608 -0.08337
0.07223 -0.08212
0.06838 -0.08078
0.06453 -0.07931
0.06068 -0.07771
0.05683 -0.0759700
0.05299 -0.07407
0.04914 -0.07200
0.04529 -0.069790
0.04144 -0.06742
0.03759 -0.06491
0.03374 -0.06225
0.02989 -0.05937
0.026040 -0.05619
0.02219 -0.052640
0.01835 -0.04865
0.01452 -0.04418
0.01085 -0.03935
0.00749 -0.03435
0.00459 -0.02934
0.00231 -0.02449
0.00077 -0.01998
0.000000 -0.01237
0.00077 -0.00949
0.00231 -0.00736
0.00459 -0.00604
0.00749 -0.00544
0.01085 -0.00541
0.01452 -0.00581
0.01835 -0.0065
0.02219 -0.00737
0.026040 -0.00838
0.02989 -0.00953
0.03374 -0.01081
0.03759 -0.01221
0.04144 -0.01372
0.04529 -0.01533
0.04914 -0.01702
0.05299 -0.01878
0.05683 -0.0206
0.06068 -0.02246
0.06453 -0.02435
0.06838 -0.02626
0.07223 -0.02817
0.07608 -0.03009
0.07993 -0.03199
0.08378 -0.03387
0.08762 -0.03572
0.091470 -0.03755
0.09532 -0.03935
0.09917 -0.04112
0.10302 -0.04284
0.10687 -0.04453
0.11072 -0.04618
0.114570 -0.04779
0.11841 -0.04936
0.12226 -0.050880
0.12611 -0.05236
0.12996 -0.05379
0.13381 -0.055170
0.137660 -0.056500
0.14151 -0.05779
0.14536 -0.05903
0.14921 -0.06021
0.15305 -0.06134
0.1569 -0.06242
0.16075 -0.06344
0.1646 -0.06441
0.16845 -0.06531
0.1723 -0.06616
0.17615 -0.06694
0.18 -0.06767
0.18384 -0.068350
0.18769 -0.068970
0.19154 -0.06955
0.19539 -0.07009
0.19924 -0.070580
0.20309 -0.07102
0.20694 -0.07139
0.21079 -0.0717
0.21463 -0.07194
0.21848 -0.0721
0.22233 -0.07219
0.226180 -0.07221
0.23003 -0.07217
0.23388 -0.07205
0.23773 -0.07186
0.24158 -0.071610
0.24542 -0.07128
0.249270 -0.07087
0.25312 -0.07038
0.25697 -0.06982
0.26082 -0.06917
0.26467 -0.06844
0.26852 -0.06762
0.272370 -0.06672
0.27622 -0.06573
0.28006 -0.06464
0.28391 -0.06346
0.28776 -0.06218
0.29161 -0.06079
0.29546 -0.0593
0.29931 -0.05772
0.30316 -0.05605
0.30701 -0.0543
0.31085 -0.05247
0.3147 -0.050570
0.31855 -0.04858
0.3224 -0.04653
0.32625 -0.0444
0.3301 -0.0422
0.33395 -0.03991
0.33780 -0.0375
0.34164 -0.03497
0.34549 -0.032280
0.34932 -0.02946
0.35299 -0.02663
0.35635 -0.02395
0.35925 -0.02158
0.36153 -0.019690
0.36307 -0.01842
0.3638400000 -0.01788
-Inserting Flap Ga2-
0.42792 0.04458
0.42789 0.04436
0.42781 0.04394
0.427690 0.04332
0.42753 0.04253
0.42733 0.041640
0.42711 0.04068
0.42685 0.039720
0.42656 0.03878
0.42625 0.037880
0.42592 0.03701
0.42557 0.03617
0.42521 0.03535
0.42484 0.03454
0.42446 0.03374
0.42406 0.032960
0.42366 0.03219
0.42325 0.03143
0.42283 0.03069
0.42241 0.02995
0.42198 0.02923
0.42154 0.02851
0.42109 0.02781
0.42064 0.02711
0.42018 0.02642
0.41972 0.02575
0.419240 0.02508
0.41877 0.02442
0.41828 0.02377
0.41779 0.02314
0.41729 0.02251
0.41678 0.02189
0.41627 0.02127
0.41576 0.02066
0.4152500 0.02005
0.41473 0.01945
0.414210 0.01885
0.41368 0.01826
0.41315 0.01768
0.412610 0.01711
0.41206 0.01655
0.411510 0.01599
0.41096 0.01544
0.4104 0.0149
0.409830 0.01436
0.40926 0.01384
0.40869 0.01331
0.40811 0.0128
0.40753 0.012290
0.40694 0.01178
0.40635 0.01128
0.40576 0.01079
0.40515 0.01031
0.40455 0.00983
0.40394 0.00936
0.403320 0.0089
0.4027 0.00845
0.40207 0.008
0.40144 0.00757
0.4008 0.007130
0.40016 0.00671
0.39951 0.0063
0.39885 0.00589
0.39819 0.00549
0.39752 0.0051
0.39685 0.00472
0.39618 0.004340
0.39549 0.00397
0.39481 0.00361
0.39412 0.003250
0.39342 0.0029
0.392720 0.00257
0.39201 0.00224
0.39129 0.00193
0.39055 0.00164
0.38981 0.00136
0.38906 0.00109
0.38829 0.00084
0.38752 0.0006
0.38673 0.00038
0.385940 0.00018
0.38512 0.000001
0.384290 -0.00016
0.38344 -0.00029
0.38257 -0.00039
0.38169 -0.00047
0.38079 -0.00052
0.37987 -0.00055
0.37893 -0.000560
0.37797 -0.00053
0.376980 -0.00045
0.37594 -0.00031
0.37485 -9e-05
0.37371 0.0002
0.37256 0.00057
0.371430 0.001
0.37038 0.00149
0.36945 0.002020
0.36868 0.00259
0.36768 0.00374
0.36748 0.0043
0.36749 0.00483
0.36771 0.00531
0.36812 0.00574
0.36866 0.00613
0.36931 0.00648
0.37002 0.00681
0.37075 0.00711
0.37149 0.00738
0.37226 0.00764
0.37303 0.00787
0.37382 0.00808
0.37463 0.00828
0.37544 0.00846
0.37627 0.008620
0.3771 0.008770
0.37794 0.00892
0.37878 0.00905
0.37963 0.00918
0.38048 0.00931
0.38133 0.00944
0.38218 0.0095700
0.38303 0.0097
0.38387 0.00983
0.38472 0.00997
0.38556 0.01011
0.3864 0.01026
0.38723 0.01041
0.38806 0.010570
0.38888 0.01073
0.3897 0.01091
0.39052 0.01108
0.39133 0.01127
0.39213 0.01146
0.392930 0.01166
0.39373 0.01187
0.39452 0.01208
0.3953 0.01231
0.39608 0.01254
0.39685 0.01278
0.39762 0.01302
0.39838 0.01328
0.39913 0.01354
0.39988 0.01382
0.400620 0.0141
0.40135 0.01439
0.40208 0.0147
0.4028 0.01501
0.40352 0.015330
0.40422 0.015660
0.40493 0.016
0.40562 0.01635
0.40632 0.0167
0.407 0.01706
0.40768 0.01743
0.40836 0.017810
0.40902 0.0182
0.40968 0.01861
0.41033 0.01902
0.410970 0.01945
0.41160 0.01989
0.41223 0.02034
0.41285 0.0208
0.41346 0.02127
0.41406 0.02175
0.414650 0.02225
0.41523 0.02276
0.41581 0.02328
0.41637 0.02381
0.41693 0.024360
0.417480 0.02492
0.41801 0.0255
0.41854 0.02608
0.41906 0.02669
0.41956 0.02731
0.42006 0.02794
0.42054 0.0286
0.421010 0.02926
0.42147 0.02995
0.42192 0.03065
0.42236 0.03136
0.42279 0.03209
0.42321 0.03283
0.42362 0.03359
0.42403 0.03435
0.42442 0.03513
0.42481 0.03592
0.42519 0.03672
0.42555 0.03754
0.42591 0.03838
0.42625 0.03923
0.42657 0.04012
0.42687 0.04102
0.42715 0.0419
0.42739 0.04273
0.4276 0.043450
0.42775 0.044020
0.42786 0.0444
0.42792 0.04458
-Inserting Flap Ga2-
0.49646 0.11534
0.49646 0.11512
0.49646 0.11469
0.49645 0.11405
0.49643 0.11325
0.49639 0.11234
0.49633 0.11136
0.49625 0.11036
0.49613 0.10939
0.49598 0.10845
0.495800 0.10754
0.495610 0.10665
0.49539 0.10577
0.49517 0.10491
0.494930 0.10406
0.4946800 0.10322
0.494410 0.1024
0.49414 0.10158
0.49386 0.10077
0.49357 0.09998
0.49327 0.09919
0.49296 0.09841
0.49264 0.09763
0.49232 0.09687
0.49199 0.09611
0.491650 0.09536
0.4913 0.09462
0.49094 0.09389
0.49057 0.09317
0.4902 0.09246
0.48982 0.09175
0.48943 0.09105
0.48904 0.09036
0.48864 0.08966
0.48824 0.08898
0.48783 0.08829
0.48742 0.087620
0.487 0.08695
0.48658 0.08628
0.486150 0.08562
0.48571 0.08498
0.485260 0.08433
0.48481 0.08369
0.48435 0.08306
0.48389 0.082440
0.48342 0.08182
0.48295 0.081210
0.48247 0.0806
0.48198 0.07999
0.48149 0.07939
0.481 0.0788
0.4805 0.07821
0.479990 0.07763
0.47947 0.07706
0.47895 0.07649
0.47843 0.075930
0.47789 0.07537
0.47735 0.07483
0.4768 0.074290
0.47625 0.0737500
0.47569 0.07322
0.47512 0.0727
0.47455 0.07219
0.47397 0.07168
0.473380 0.07118
0.47278 0.07069
0.47218 0.0702
0.47158 0.06972
0.470960 0.0692400
0.47035 0.06877
0.46972 0.06830
0.46909 0.06785
0.46844 0.06741
0.46778 0.06698
0.46711 0.06656
0.46643 0.06615
0.46573 0.06576
0.465030 0.06538
0.46431 0.065010
0.463570 0.06466
0.46282 0.06432
0.46205 0.064
0.46126 0.0637
0.46045 0.06343
0.459610 0.06318
0.45875 0.06295
0.45787 0.06274
0.45697 0.06255
0.45605 0.06238
0.4551 0.062240
0.45411 0.06215
0.45306 0.06210
0.45195 0.06212
0.450780 0.06222000
0.44958 0.06238
0.44839 0.06261
0.44728 0.06291
0.44627 0.06327
0.44541 0.063690
0.44423 0.06466
0.44393 0.06518
0.44385 0.0657
0.44398 0.0662
0.44431 0.0667
0.44478 0.06718
0.44535 0.06764
0.44599 0.06808
0.44666 0.06851
0.44735 0.068910
0.44805 0.06929
0.44878 0.06965
0.449520 0.07
0.45028 0.07033
0.45105 0.07065
0.45183 0.070950
0.45263 0.07125
0.45343 0.071530
0.45424 0.07182
0.45505 0.07209
0.45586 0.07237
0.456680 0.072640
0.45749 0.07291
0.4583 0.073190
0.459110 0.07347
0.45992 0.07375
0.46072 0.07404
0.46152 0.07433
0.46232 0.07462
0.463110 0.07492
0.46389 0.07523
0.464670 0.07554
0.46544 0.075850
0.4662 0.07618
0.46696 0.07651
0.46772 0.07684
0.46846 0.07718
0.4692 0.07753
0.46994 0.077890
0.47066 0.07825
0.47138 0.07862
0.47209 0.079
0.4728 0.07938
0.47349 0.07977
0.47418 0.080170
0.47486 0.08058
0.47554 0.081
0.47620 0.08142
0.47686 0.08185
0.477500 0.08229
0.47814 0.08274
0.47878 0.0832
0.47940 0.08366
0.48002 0.08413
0.48064 0.08461
0.48124 0.08509
0.48184 0.08558
0.48243 0.08608
0.483 0.08659
0.48357 0.08711
0.48413 0.08764
0.48468 0.08818
0.48521 0.08874
0.48574 0.0893
0.486260 0.08987
0.48677 0.09045
0.48727 0.09104
0.487750 0.09164
0.48823 0.09225
0.48869 0.09288
0.48914 0.09351
0.489590 0.09416
0.49001 0.09482
0.49043 0.09549
0.49084 0.096180
0.49123 0.09688
0.4916 0.09759
0.49197 0.09831
0.49231 0.09905
0.49265 0.09981
0.49297 0.10058
0.49328 0.10136
0.49357 0.10215
0.49386 0.10295
0.49413 0.10376
0.4944 0.104590
0.49465 0.10542
0.4949 0.10627
0.49513 0.10712
0.49535 0.10799
0.495550 0.10888
0.495740 0.10978
0.4959 0.1107
0.49604 0.11164
0.49616 0.11256
0.49626 0.11342
0.49633 0.11416
0.49639 0.11475
0.49643 0.11515
0.49646 0.11534
*.*.Setup: Ga2.txt as Flap 1, Inverted: y, Scale = 1.0, AoA = 0.0, Reposition from (0,0) = (0, 0)*.*.
*.*.Setup: Ga2.txt as Flap 2, Inverted: y, Scale = 0.2, AoA = 35.0, Reposition from previous T.E. = (0.0067, 0.065), Reposition from (0,0) = (1.0067, 0.0159)*.*.
*.*.Setup: Ga2.txt as Flap 3, Inverted: y, Scale = 0.2, AoA = 45.0, Reposition from previous T.E. = (0.04, 0.06), Reposition from (0,0) = (1.2161, 0.1825)*.*.
*.*.Setup: Scale Ratio = 0.36384*.*.