0.34643 0.0121
0.34426 0.01023
0.34112 0.0075
0.33747 0.00486
0.33311 0.00237
0.32784 -0.00015
0.3215 -0.00279
0.31405 -0.005590
0.30558 -0.00849
0.29631 -0.01143
0.28651 -0.014330
0.27639 -0.01715
0.26611 -0.01985
0.25579 -0.0224
0.24544 -0.02477
0.23509 -0.02696
0.2246900 -0.02898
0.2142 -0.03082
0.20358 -0.03252
0.19276 -0.03408
0.18171 -0.03556
0.17045 -0.03697
0.15902 -0.03835
0.14753 -0.03969
0.13612 -0.041
0.12497 -0.04222
0.11426 -0.0433
0.1041600 -0.04417
0.0948 -0.04477
0.08614 -0.045
0.07804 -0.04485
0.0704 -0.0443
0.06314 -0.04335
0.0561900 -0.04201
0.04954 -0.04027
0.04318 -0.03816
0.03714 -0.0357
0.03145 -0.03293
0.02618 -0.02994
0.02142 -0.02686
0.01726 -0.02381
0.0137300 -0.02092
0.01079 -0.01824
0.00837 -0.01576
0.0064 -0.01348
0.0048 -0.01137
0.0035 -0.00943
0.00246 -0.00763
0.00162 -0.00595
0.00097 -0.00438
0.00049 -0.00291
0.00017 -0.00152
0.000013 -0.00021
0.000035 0.00105
0.00028 0.00228
0.00096 0.00336
0.00203 0.00416
0.003370 0.0047
0.00492 0.00507
0.006690 0.00535
0.00873 0.00555
0.01111 0.00571
0.01394 0.00582
0.0174 0.00586
0.02170 0.00584
0.02716 0.00571
0.03404 0.00544
0.04229 0.00499
0.05154 0.0043
0.06149 0.00333
0.07204 0.00212
0.08312 0.00073
0.09454 -0.00074
0.10613 -0.00226
0.11769 -0.00377
0.12911 -0.005210
0.14037 -0.00658
0.15145 -0.00782
0.16235 -0.008930
0.173090 -0.00988
0.18368 -0.01064
0.19415 -0.01122
0.20451 -0.01159
0.21477 -0.01175
0.22496 -0.01169
0.23508 -0.01139
0.24515 -0.01087
0.25516 -0.01011
0.26512 -0.0091200
0.275 -0.00789
0.28476 -0.006430
0.29432 -0.00476
0.30354 -0.00291
0.3122 -0.00091
0.32007 0.00117
0.32699 0.00328
0.33291 0.0054
0.33792 0.00751
0.34212 0.009590
0.34643 0.0121
-Inserting Flap s1223rtl-
0.45553 0.092210
0.455140 0.091290
0.45457 0.08994
0.45384 0.08855
0.45286 0.08709
0.4516 0.08548
0.45002 0.083670
0.44812 0.08163
0.44591 0.07941
0.44346 0.07705
0.44083 0.07462
0.4381 0.07216
0.43529 0.06972
0.43245 0.06732
0.42957 0.06497
0.42667 0.06267
0.42372 0.06042
0.4207100 0.05822
0.41764 0.05604
0.41449 0.05386
0.41126 0.05169
0.40794 0.0495
0.40457 0.04729
0.40118 0.04508
0.3978 0.04290
0.39449 0.04079
0.3913 0.03879
0.38827 0.03694
0.38542 0.03531
0.38274 0.03389
0.380180 0.03268
0.3777 0.03166
0.37527 0.03083
0.37288 0.03018
0.37053 0.02969
0.36821 0.029360
0.36593 0.0292
0.36371 0.02918
0.3616 0.0293
0.35963 0.029530
0.35785 0.02984
0.356290 0.0302
0.35495 0.03058
0.35381 0.03098
0.35284 0.031390
0.35201 0.03181
0.3513 0.03222
0.35069 0.03262
0.35017 0.03301
0.3497200 0.03341
0.34934 0.03379
0.34903 0.03418
0.34877 0.03456
0.3485800 0.03496
0.34847 0.03539
0.34851 0.03583
0.348730 0.03625
0.34907 0.03663
0.34949 0.03698
0.350010 0.03734
0.35061 0.03773
0.35133 0.03814
0.352210 0.03862
0.35328 0.03917
0.35464 0.03983
0.35637 0.04064
0.35857 0.04162
0.36123 0.04276
0.36424 0.04398
0.36751 0.04522
0.371 0.04648
0.37469 0.04776
0.37851 0.04907
0.38238 0.0504
0.38624 0.05172
0.39005 0.05304
0.39379 0.05436
0.39746 0.05569
0.40105 0.05703
0.40456 0.0584
0.40801 0.05981
0.41138 0.06125
0.41469 0.06274
0.41793 0.06429
0.42112 0.06589
0.42425 0.06755
0.42732 0.06928
0.43034 0.07107
0.433310 0.07293
0.43622 0.074850
0.43906 0.076820
0.4418 0.07883
0.4444 0.080840
0.44681 0.08281
0.44896 0.08469
0.4508 0.08642
0.45233 0.08801
0.45357 0.08945
0.45457 0.09075
0.45553 0.092210
-Inserting Flap s1223rtl-
0.545 0.18579
0.5448 0.18481
0.54452 0.18338
0.54409 0.18187
0.54342 0.18024
0.54251 0.17841
0.541330 0.17631
0.539880 0.17394
0.53817 0.17131
0.53625 0.16851
0.53417000 0.16559
0.53198 0.16263
0.52973 0.159670
0.52743 0.15675
0.52509 0.15386
0.522710 0.15103
0.52027 0.14823
0.517780 0.14546
0.51521 0.14271
0.51257 0.13994
0.50984 0.13716
0.50704 0.134340
0.50418 0.1315
0.5013 0.12865
0.49844 0.12583
0.49562 0.12309
0.4929 0.12049
0.49031 0.11807
0.48785 0.11589
0.485510 0.113960
0.48325 0.11225
0.48102 0.11076
0.47881 0.10945
0.476610 0.10833
0.4744 0.10738
0.47219 0.10659
0.46999 0.10596
0.46783 0.1055
0.46573 0.10519
0.46376 0.10502
0.46195 0.10496
0.46035 0.10499
0.45896 0.1051
0.45776 0.10526
0.45673 0.10547
0.455830 0.10571
0.45506 0.10596
0.45438 0.10623
0.45379 0.10652
0.45327 0.10681
0.45282 0.10711
0.45243 0.10743
0.45211 0.10775
0.45184 0.1081
0.45165 0.1085
0.4516 0.10894
0.45172 0.10939
0.451980 0.10983
0.45232 0.11027
0.45275 0.11072
0.45327 0.11122
0.45389 0.11178
0.45465 0.11242
0.45559 0.113170
0.45679 0.11409
0.45832 0.11524
0.46027 0.11664
0.46265 0.1183
0.46535 0.1201
0.4683 0.12198
0.47147 0.12392
0.47482 0.12592
0.47829 0.12797
0.48182 0.13005
0.48533 0.13213
0.4887900 0.13419
0.49219 0.13624
0.49551 0.138280
0.49876 0.14033
0.50192 0.14238
0.505010 0.14445
0.50802 0.146550
0.510960 0.14868
0.51383 0.15085
0.51662 0.15306
0.51935 0.15532
0.52201 0.15763
0.52461 0.16
0.52714 0.16242
0.5296 0.164890
0.53198 0.16739
0.53426 0.16991
0.5364 0.17241
0.53836 0.17483
0.54008 0.1771
0.54154 0.17917
0.54271 0.18103
0.54364 0.18269
0.544350 0.18417
0.545 0.18579
*.*.Setup: s1223rtl.txt as Flap 1, Inverted: y, Scale = 1.0, AoA = 2.0, Reposition from (0,0) = (0, 0)*.*.
*.*.Setup: s1223rtl.txt as Flap 2, Inverted: y, Scale = 0.35, AoA = 28.333333333333332, Reposition from previous T.E. = (0.0067, 0.065), Reposition from (0,0) = (1.0061, 0.0999)*.*.
*.*.Setup: s1223rtl.txt as Flap 3, Inverted: y, Scale = 0.35, AoA = 40.0, Reposition from previous T.E. = (-0.01, 0.045), Reposition from (0,0) = (1.3041, 0.311)*.*.
*.*.Setup: Scale Ratio = 0.34664*.*.