0.3602 -0.01258
0.35782 -0.01436
0.35436 -0.01696
0.35038 -0.019430
0.34568 -0.02171
0.34003 -0.02393
0.33326 -0.02622
0.32533 -0.028580
0.31634 -0.03097
0.306510 -0.03334
0.29613 -0.03565
0.28543 -0.03784
0.274580 -0.03989
0.26368 -0.04178
0.25278 -0.0435
0.241880 -0.04502
0.230950 -0.046350
0.21994 -0.0475
0.20879 -0.04849
0.19746 -0.04933
0.1859 -0.05006
0.17411 -0.05071
0.16215 -0.05131
0.15014 -0.05187
0.13821 -0.05239
0.12656 -0.052850
0.11537 -0.053200
0.10484 -0.053370
0.095080 -0.05331
0.08608 -0.05292
0.0777 -0.052180
0.06981 -0.05106
0.06234 -0.04955
0.05523 -0.04765
0.04846 -0.04536
0.04202 -0.04271
0.03593 -0.0397200
0.030230 -0.03644
0.02498 -0.03296
0.02027 -0.02941
0.016180 -0.02595
0.01272 -0.0227
0.00986 -0.0197
0.00754 -0.016950
0.00566 -0.01445
0.00416 -0.0121500
0.00295 -0.01003
0.00199 -0.00809
0.00125 -0.00629
0.00069 -0.00461
0.0003 -0.00305
7e-05 -0.00159
-0.000029 -0.00022
9e-05 0.00108
0.00046 0.00234
0.00123 0.003420
0.00241 0.00417
0.00384 0.00463
0.005470 0.0049
0.00733 0.00506
0.009460 0.00513
0.01194 0.00512
0.01488 0.005020
0.01847 0.00482
0.02293 0.00448
0.02859 0.00395
0.0357 0.00318
0.0442200 0.002110
0.05377 0.00072
0.06402 -0.001
0.07487 -0.00303
0.08626 -0.00527
0.09801 -0.00763
0.10991 -0.01004
0.1218 -0.01244
0.13354 -0.01477
0.14512 -0.0170
0.15651 -0.0191
0.167740 -0.02104
0.17881 -0.0228
0.18974 -0.02436
0.20056 -0.02572
0.2112800 -0.02686
0.22191 -0.02776
0.23248 -0.02844
0.243 -0.02887
0.25348 -0.02905
0.26392 -0.02899
0.27432 -0.02868
0.28466 -0.02813
0.29489 -0.02733
0.30493 -0.02629
0.31462 -0.02503
0.32375 -0.02359
0.33207 -0.022
0.33939 -0.02031
0.345690 -0.01855
0.35104 -0.01672
0.35555 -0.01487
0.3602 -0.01258
-Inserting Flap s1223rtl-
0.46162 0.06711
0.46122 0.06615
0.46063 0.06476
0.45987 0.06331
0.45885 0.06179
0.45753 0.06012
0.45589 0.05823
0.45391 0.05612
0.45162 0.0538
0.44907 0.05135
0.44634 0.04882
0.4435 0.046270
0.440580 0.04373
0.43762 0.04123
0.43464 0.03879
0.43161 0.0364
0.42855 0.03407
0.42542 0.031770
0.42223 0.0295
0.41895 0.02724
0.41559 0.02498
0.41214 0.0227
0.40864 0.02041
0.40511 0.01811
0.4016 0.01585
0.39816 0.01365
0.39484 0.01157
0.39169 0.009650
0.38873 0.00795
0.38594 0.00647
0.38328 0.00521
0.3807 0.00416
0.37817 0.0033
0.37569 0.00261
0.37324 0.00211
0.37083 0.00177
0.36846 0.0016
0.366160 0.00158
0.36396 0.0017
0.36191 0.00194
0.36006 0.00226
0.35844 0.00264
0.35705 0.00304
0.35586 0.00346
0.35485 0.00388
0.35399 0.00431
0.35325 0.00473
0.35262 0.00515
0.35207 0.00557
0.35161 0.00597
0.35121 0.006380
0.35089 0.00678
0.35062 0.00718
0.35042 0.00759
0.350310 0.00803
0.35035 0.008490
0.35057 0.00893
0.35093 0.00932
0.35137 0.00969
0.3519 0.01007
0.35254 0.01046
0.353290 0.0109
0.35419 0.01139
0.35531 0.01197
0.35672 0.01265
0.35852 0.01349
0.36081 0.014510
0.36357 0.0157
0.3667 0.01697
0.3701 0.01826
0.37374 0.01957
0.37757 0.0209
0.38154 0.02226
0.38556 0.02364
0.389580 0.02501
0.39354 0.02639
0.39743 0.02776
0.40124 0.02914
0.40498 0.03054
0.40863 0.03196
0.41221 0.03342
0.41572 0.03493
0.41916 0.03648
0.42253 0.03808
0.42584 0.03975
0.4291 0.04148
0.43229 0.04327
0.43544 0.04514
0.43852 0.04707
0.44155 0.04906
0.44450 0.05111
0.44735 0.0532
0.45005 0.0553
0.45256 0.05735
0.45479 0.05929
0.4567 0.0611
0.45829 0.06275
0.45958 0.06424
0.46062 0.0656
0.46162 0.06711
-Inserting Flap s1223rtl-
0.536630 0.17162
0.53643 0.1706
0.53613 0.16912
0.53568 0.16754
0.53499 0.16585
0.53404 0.16395
0.53282 0.16177
0.53131 0.1593
0.52953 0.15657
0.52753 0.15365
0.52537 0.15062
0.5231 0.14754
0.52075 0.14447
0.51836 0.14143
0.51593 0.13843
0.51345 0.13548
0.51092 0.13257
0.50833 0.12969
0.50566 0.12683
0.50291 0.12395
0.50007 0.12106
0.49716 0.11813
0.49419 0.11517
0.49119 0.11221
0.48821 0.109280
0.48529 0.10643
0.48246 0.10372
0.47976 0.10121
0.47721 0.09894
0.47478 0.09693
0.47242 0.09516
0.47011 0.09361
0.467810 0.09225
0.46552 0.09108
0.46322 0.09009
0.46093 0.08927
0.45864 0.08862
0.45639 0.08814
0.45421 0.08782
0.45215 0.08764
0.45028 0.08758
0.44862 0.08762
0.44717 0.08773
0.44592 0.0879
0.44485 0.08811
0.44392 0.08835
0.44311 0.08862
0.442410 0.08890
0.44179 0.0892
0.44125 0.08950
0.44079 0.08982
0.44038 0.09014
0.44004 0.09048
0.43976 0.090840
0.43956 0.09126
0.43951 0.09172
0.43964 0.09219
0.43991 0.09264
0.44027 0.0931
0.44071 0.09357
0.44125 0.09409
0.4419 0.09467
0.44269 0.09533
0.443670 0.09612
0.44491 0.09708
0.4465 0.098260
0.44853 0.09973
0.451 0.10145
0.45381 0.10332
0.45688 0.10527
0.46018 0.10729
0.463660 0.10937
0.467270 0.11151
0.47093 0.11367
0.47459 0.11583
0.47819 0.11797
0.48172 0.1201
0.48518 0.12223
0.48855 0.12435
0.49184 0.12649
0.49505 0.12864
0.49818 0.13082
0.50124 0.13303
0.50422 0.13529
0.50712 0.13759
0.50996 0.139940
0.51273 0.14235
0.51543 0.14481
0.51806 0.14732
0.52062 0.14989
0.52309 0.15249
0.52546 0.15512
0.52769 0.15771
0.52973 0.16023
0.53152 0.16259
0.53303 0.16474
0.53425 0.16668
0.53521 0.1684
0.53595 0.16994
0.536630 0.17162
*.*.Setup: s1223rtl.txt as Flap 1, Inverted: y, Scale = 1.0, AoA = -2.0, Reposition from (0,0) = (0, 0)*.*.
*.*.Setup: s1223rtl.txt as Flap 2, Inverted: y, Scale = 0.35, AoA = 28.333333333333332, Reposition from previous T.E. = (-0.0267, 0.055), Reposition from (0,0) = (0.9727, 0.0201)*.*.
*.*.Setup: s1223rtl.txt as Flap 3, Inverted: y, Scale = 0.35, AoA = 40.0, Reposition from previous T.E. = (-0.06, 0.065), Reposition from (0,0) = (1.2208, 0.2512)*.*.
*.*.Setup: Scale Ratio = 0.36042*.*.