0.35906 -0.01254
0.35669 -0.01432
0.35324 -0.01691
0.34928 -0.019370
0.34459 -0.02164
0.33896 -0.02386
0.33221 -0.02613
0.32431 -0.028490
0.31534 -0.03087
0.305550 -0.03324
0.2952 -0.03553
0.28453 -0.03772
0.273710 -0.03977
0.26285 -0.04165
0.25199 -0.04336
0.241120 -0.04488
0.230220 -0.046210
0.21925 -0.04736
0.20814 -0.04834
0.19684 -0.04918
0.18531 -0.0499
0.17356 -0.05055
0.16164 -0.05114
0.14966 -0.05171
0.13778 -0.05223
0.12616 -0.052680
0.11501 -0.0530300
0.10451 -0.053210
0.094790 -0.05314
0.08581 -0.05276
0.07745 -0.052020
0.06959 -0.0509
0.06214 -0.04939
0.05506 -0.0475
0.04831 -0.04522
0.04189 -0.04258
0.03582 -0.0395900
0.030130 -0.03632
0.0249 -0.03285
0.02021 -0.02932
0.016130 -0.02587
0.01268 -0.02262
0.00983 -0.01963
0.00752 -0.01690
0.00565 -0.0144
0.00414 -0.0121100
0.00294 -0.01
0.00199 -0.00806
0.00125 -0.00627
0.00069 -0.0046
0.0003 -0.00304
7e-05 -0.00158
-0.000029 -0.00022
9e-05 0.00108
0.00046 0.00233
0.00123 0.003410
0.0024 0.00416
0.00383 0.00461
0.005460 0.00489
0.00731 0.00504
0.009430 0.00511
0.0119 0.0051
0.01484 0.0050
0.01841 0.00481
0.02286 0.00447
0.0285 0.00394
0.03559 0.00317
0.0440800 0.00210
0.0536 0.00072
0.06382 -0.001
0.07464 -0.00302
0.08599 -0.00525
0.0977 -0.00761
0.10957 -0.01001
0.12141 -0.0124
0.13312 -0.01473
0.14466 -0.016950
0.15602 -0.01904
0.167210 -0.02097
0.17825 -0.02273
0.18914 -0.02429
0.19993 -0.02564
0.2106100 -0.02677
0.22121 -0.02768
0.23175 -0.02835
0.24224 -0.02878
0.25268 -0.02896
0.26309 -0.0289
0.27346 -0.02859
0.28376 -0.02804
0.29396 -0.02724
0.30397 -0.02621
0.31363 -0.02495
0.32273 -0.02351
0.33102 -0.02193
0.33832 -0.02025
0.34460 -0.01849
0.34993 -0.01667
0.35443 -0.01482
0.35906 -0.01254
-Inserting Flap s1223rtl-
0.45147 0.05677
0.45101 0.05584
0.450350 0.054480
0.449510 0.05309
0.4484 0.05163
0.447 0.05005
0.44526 0.04827
0.44317 0.04628
0.44075 0.04411
0.43807 0.04181
0.43521 0.03945
0.43223 0.03708
0.429180 0.03472
0.42609 0.03241
0.42298 0.030150
0.41983 0.02795
0.41664 0.0258
0.4134 0.0237
0.41009 0.02163
0.4067 0.01957
0.40322 0.01751
0.39966 0.01544
0.39604 0.01336
0.39239 0.01129
0.38877 0.00923
0.3852200 0.00725
0.3818 0.00537
0.37855 0.00364
0.37551 0.00212
0.37265 0.00081
0.36992 -0.00029
0.36729 -0.00119
0.36473 -0.0019
0.36222 -0.00243
0.35975 -0.0028
0.35733 -0.00299
0.35496 -0.00303
0.35267 -0.00291
0.35049 -0.00266
0.3484700 -0.0023
0.34664 -0.00188
0.34505 -0.001410
0.34369 -0.00093
0.34253 -0.00045
0.341550 0.000099
0.34072 0.00051
0.34001 0.00098
0.33941 0.00143
0.33889 0.00187
0.33845 0.0023
0.33808 0.00273
0.33778 0.00315
0.33753 0.00356
0.33736 0.00398
0.33728 0.00443
0.33735 0.00489
0.33759 0.00531
0.33796 0.00568
0.33843 0.00602
0.33898 0.006360
0.33963 0.00672
0.3404 0.00711
0.34134 0.00755
0.34248 0.00805
0.34392 0.00865
0.34577 0.00939
0.3481 0.01027
0.35092 0.01129
0.3541100 0.01237
0.35756 0.01346
0.36126 0.01455
0.36515 0.01566
0.36918 0.01678
0.37326 0.01792
0.377340 0.01905
0.38136 0.02019
0.38531 0.02133
0.38918 0.022480
0.39298 0.02366
0.39670 0.02486
0.40035 0.02611
0.40393 0.0274
0.40744 0.02875
0.41089 0.03015
0.41428 0.03161
0.41762 0.03315
0.42091 0.03475
0.42414 0.036420
0.42733 0.03816
0.43045 0.039970
0.4335 0.04184
0.43646 0.04376
0.43928 0.04568
0.44188 0.04758
0.44422 0.04939
0.44623 0.05107
0.44791 0.05262
0.44928 0.05403
0.45039 0.05532
0.45147 0.05677
-Inserting Flap s1223rtl-
0.53679 0.16904
0.53668 0.16801
0.53652 0.16651
0.53621 0.16491
0.53567 0.16317
0.53489 0.1612
0.53387 0.15893
0.532580 0.15634
0.53105 0.15347
0.529320 0.1504
0.527440 0.14721
0.525450 0.14395
0.52339 0.1407
0.52128 0.13747
0.51912 0.13428
0.51692 0.13113
0.51466 0.12803
0.51233 0.124940
0.50993 0.12186
0.50745 0.11877
0.50488 0.11565
0.50225 0.11249
0.49955 0.10929
0.49684 0.10609
0.49413 0.10293
0.49148 0.0998400
0.4889 0.09691
0.48644 0.09418
0.4841 0.0917
0.48186 0.0895
0.47968 0.08753
0.47752 0.08579
0.47535 0.08424
0.473180 0.08288
0.47098 0.0817
0.46877 0.08069
0.46656 0.07984
0.46437 0.07917
0.46223 0.07866
0.46021 0.0783
0.45835 0.07808
0.4567 0.077970
0.455250 0.07796
0.454 0.07802
0.45291 0.07813
0.45197 0.0783
0.45114 0.07849
0.45042 0.07871
0.44978 0.078950
0.44922 0.0792
0.44873 0.07948
0.44830 0.07976
0.44793 0.08007
0.44762 0.08041
0.44739 0.0808
0.44730 0.08125
0.44739 0.08173
0.44761 0.082210
0.44793 0.08269
0.448330 0.0832
0.44882 0.08376
0.44941 0.08439
0.450140 0.08512
0.45104 0.08599
0.45219 0.08704
0.45367 0.08836
0.45556 0.08999
0.45786 0.09191
0.4604900 0.09402
0.46337 0.09622
0.46647 0.098510
0.469750 0.10088
0.47314 0.103320
0.47659 0.10578
0.48003 0.10824
0.48342 0.11069
0.48675 0.11311
0.489990 0.11552
0.49316 0.11792
0.49624 0.12033
0.49924 0.122740
0.50216 0.12518
0.505 0.12765
0.50777 0.13014
0.51045 0.13268
0.51306 0.13526
0.51561 0.13789
0.51808 0.14057
0.52047 0.1433
0.52279 0.14607
0.52502 0.14887
0.527140 0.15168
0.52913 0.15445
0.53093 0.15712
0.53251 0.15962
0.53382 0.16189
0.53487 0.16392
0.53567 0.16572
0.53627 0.16731
0.53679 0.16904
*.*.Setup: s1223rtl.txt as Flap 1, Inverted: y, Scale = 1.0, AoA = -2.0, Reposition from (0,0) = (0, 0)*.*.
*.*.Setup: s1223rtl.txt as Flap 2, Inverted: y, Scale = 0.35, AoA = 25.0, Reposition from previous T.E. = (-0.06, 0.045), Reposition from (0,0) = (0.9394, 0.0101)*.*.
*.*.Setup: s1223rtl.txt as Flap 3, Inverted: y, Scale = 0.35, AoA = 45.0, Reposition from previous T.E. = (-0.01, 0.065), Reposition from (0,0) = (1.2466, 0.223)*.*.
*.*.Setup: Scale Ratio = 0.35928*.*.