0.3382 -0.01181
0.33596 -0.01348
0.33271 -0.01593
0.32898 -0.018250
0.32456 -0.02038
0.31926 -0.02247
0.31291 -0.02462
0.30546 -0.026830
0.29702 -0.02908
0.287790 -0.03131
0.27804 -0.03347
0.268 -0.03553
0.257810 -0.03746
0.24758 -0.03923
0.23734 -0.04084
0.227110 -0.04227
0.216840 -0.043520
0.20651 -0.0446
0.19604 -0.04553
0.1854 -0.04632
0.17454 -0.047
0.16348 -0.04761
0.15225 -0.04817
0.14097 -0.0487
0.12977 -0.04919
0.11883 -0.049620
0.10832 -0.0499500
0.09843 -0.050110
0.089280 -0.05005
0.08082 -0.04969
0.07295 -0.048990
0.06555 -0.04794
0.05853 -0.04652
0.05186 -0.04474
0.0455 -0.04259
0.03946 -0.0401
0.03374 -0.0372900
0.028380 -0.03421
0.02346 -0.03094
0.01904 -0.02762
0.015190 -0.02437
0.01194 -0.02131
0.00926 -0.01849
0.00708 -0.015920
0.00532 -0.01356
0.0039 -0.011400
0.00277 -0.00942
0.00187 -0.00759
0.00117 -0.0059
0.00065 -0.00433
0.00028 -0.00286
6e-05 -0.00149
-0.000029 -0.0002
8e-05 0.00102
0.00043 0.0022
0.00116 0.003210
0.00226 0.00391
0.0036 0.00435
0.005140 0.0046
0.00688 0.00475
0.008880 0.00481
0.01121 0.0048
0.01397 0.004710
0.01734 0.00453
0.02153 0.00421
0.02684 0.00371
0.03352 0.00298
0.0415200 0.001980
0.05049 0.00068
0.06011 -0.00094
0.0703 -0.00284
0.08099 -0.00495
0.09202 -0.00716
0.1032 -0.00943
0.11436 -0.01168
0.12539 -0.01387
0.13625 -0.015960
0.14696 -0.01793
0.15750 -0.01975
0.16789 -0.02141
0.17815 -0.02287
0.18831 -0.02415
0.1983700 -0.02522
0.20836 -0.02607
0.21828 -0.0267
0.22816 -0.0271
0.238 -0.02728
0.2478 -0.02722
0.25757 -0.02693
0.26727 -0.02641
0.27688 -0.02566
0.2863 -0.02468
0.29541 -0.0235
0.30398 -0.02215
0.31179 -0.02066
0.31866 -0.01907
0.324580 -0.01741
0.3296 -0.0157
0.33383 -0.01396
0.3382 -0.01181
-Inserting Flap s1223rtl-
0.45254 0.0656
0.452210 0.06468
0.45174 0.06333
0.4511 0.06193
0.450230 0.06045
0.44909 0.058820
0.44766 0.05696
0.44592 0.05487
0.44389 0.05258
0.44164 0.05014
0.43922 0.04762
0.43669 0.04507
0.4341 0.04253
0.43146 0.040030
0.42879 0.03757
0.42609 0.035170
0.42334 0.03281
0.42054 0.03049
0.41767 0.02819
0.41472 0.0259
0.4117 0.02359
0.40859 0.02127
0.40543 0.01893
0.40224 0.01658
0.39908 0.01427
0.39598 0.01202
0.39298 0.00989
0.39013 0.0079200
0.38745 0.00616
0.38492 0.00462
0.38249 0.0033
0.38013 0.00217
0.37781 0.00122
0.37552 0.00045
0.373250 -0.00016
0.37101 -0.00061
0.3688 -0.0009
0.36664 -0.00104
0.36457 -0.00104
0.36264 -0.00093
0.36089 -0.00073
0.359350 -0.00047
0.35802 -0.00017
0.35688 0.00015
0.35591 0.0005
0.35508 0.00085
0.35437 0.00121
0.35375 0.00157
0.35322 0.00193
0.35276 0.00228
0.35237 0.00264
0.35204 0.003
0.35177 0.00336
0.35156 0.00373
0.3514300 0.00414
0.35145 0.00458
0.35163 0.005
0.35194 0.00538
0.35234 0.00576
0.35282 0.00614
0.35339 0.00654
0.35406 0.00699
0.35489 0.0075
0.35591 0.00810
0.35719 0.00882
0.358830 0.00971
0.36092 0.01079
0.36344 0.01205
0.36631 0.01341
0.36942 0.01481
0.37276 0.01623
0.37629 0.01769
0.37993 0.01919
0.38362 0.02069
0.38731 0.0222
0.39095 0.02371
0.394520 0.0252
0.39802 0.02671
0.40144 0.0282200
0.40479 0.02976
0.40807 0.03132
0.41127 0.03292
0.41441 0.03456
0.41748 0.03625
0.4205 0.03799
0.42345 0.03979
0.42635 0.04165
0.4292 0.04357
0.43199 0.04555
0.43471 0.047580
0.43736 0.04967
0.43992 0.05178
0.44234 0.05389
0.44458 0.05595
0.44656 0.05789
0.44826 0.05969
0.449660 0.06132
0.45079 0.06279
0.451690 0.064120
0.45254 0.0656
-Inserting Flap s1223rtl-
0.53989 0.16373
0.53970 0.16277
0.53942 0.16137
0.5390 0.15989
0.538350 0.1583
0.53746 0.156520
0.53631 0.15447
0.53489 0.15215
0.53322 0.14959
0.53134 0.14685
0.52931 0.144
0.52718 0.14112
0.52498 0.13823
0.52274 0.13537
0.520450 0.13256
0.51813 0.12979
0.51575 0.12706
0.51331 0.12435
0.510810 0.12166
0.50822 0.11896
0.50556 0.11624
0.50283 0.11349
0.50004 0.11072
0.49723 0.10794
0.49443 0.10519
0.491680 0.102520
0.48903 0.09997
0.48649 0.09761
0.48410 0.09548
0.48181 0.0936
0.4796 0.09193
0.47743 0.09047
0.47527 0.0892
0.47312 0.0881
0.47097 0.08717
0.46881 0.0864
0.466660 0.08579
0.46455 0.085340
0.4625 0.08504
0.46057 0.084870
0.45881 0.08481
0.45725 0.08485
0.4559 0.08495
0.45472 0.08511
0.45371 0.08531
0.45284 0.08554
0.45208 0.08579
0.45142 0.08606
0.450840 0.08633
0.45034 0.08662
0.4499 0.08691
0.44952 0.08722
0.4492 0.08754
0.44894 0.08788
0.44875 0.08826
0.44871 0.08870
0.448830 0.08914
0.44907 0.08957
0.44941 0.08999
0.44983 0.09044
0.45034 0.09092
0.45095 0.091470
0.451690 0.09209
0.45261 0.09283
0.453770 0.09373
0.45527 0.09484
0.45718 0.09622
0.45949 0.0978300
0.462130 0.09959
0.46501 0.10143
0.46811 0.10332
0.47138 0.10528
0.47477 0.10728
0.47821 0.10931
0.48164 0.11134
0.48502 0.11335
0.48833 0.11535
0.49158 0.11735
0.49475 0.11934
0.49784 0.121340
0.50085 0.12337
0.50379 0.12541
0.50666 0.12749
0.509450 0.12961
0.51218 0.13177
0.51485 0.13398
0.517450 0.13624
0.51998 0.13855
0.522460 0.14091
0.52486 0.14332
0.527180 0.14576
0.5294 0.148220
0.5314900 0.15066
0.53341 0.15302
0.53509 0.155240
0.536510 0.15726
0.53766 0.15908
0.53856 0.1607
0.53926 0.16214
0.53989 0.16373
*.*.Setup: s1223rtl.txt as Flap 1, Inverted: y, Scale = 1.0, AoA = -2.0, Reposition from (0,0) = (0, 0)*.*.
*.*.Setup: s1223rtl.txt as Flap 2, Inverted: y, Scale = 0.35, AoA = 31.666666666666668, Reposition from previous T.E. = (0.04, 0.045), Reposition from (0,0) = (1.0394, 0.0101)*.*.
*.*.Setup: s1223rtl.txt as Flap 3, Inverted: y, Scale = 0.35, AoA = 40.0, Reposition from previous T.E. = (-0.01, 0.065), Reposition from (0,0) = (1.3273, 0.2588)*.*.
*.*.Setup: Scale Ratio = 0.3384*.*.