0.34024 -0.01188
0.33799 -0.01357
0.33472 -0.01602
0.33097 -0.018360
0.32652 -0.0205
0.32118 -0.0226
0.3148 -0.02476
0.3073 -0.026990
0.29881 -0.02926
0.289530 -0.0315
0.27972 -0.03367
0.26961 -0.03574
0.259360 -0.03768
0.24907 -0.03947
0.23877 -0.04109
0.228480 -0.04252
0.218150 -0.043780
0.20775 -0.04487
0.19722 -0.0458
0.18652 -0.0466
0.17559 -0.04729
0.16446 -0.0479
0.15317 -0.04846
0.14182 -0.049
0.13055 -0.04949
0.11955 -0.049920
0.10898 -0.0502500
0.09903 -0.050420
0.089820 -0.05035
0.08131 -0.04999
0.07339 -0.049290
0.06594 -0.04823
0.05889 -0.0468
0.05217 -0.04501
0.04578 -0.04285
0.03969 -0.04034
0.03394 -0.0375200
0.028550 -0.03442
0.0236 -0.03113
0.01915 -0.02778
0.015280 -0.02451
0.01202 -0.02144
0.00932 -0.0186
0.00712 -0.016010
0.00535 -0.01364
0.00393 -0.0114700
0.00279 -0.00948
0.00188 -0.00764
0.00118 -0.00594
0.00065 -0.00436
0.00028 -0.00288
6e-05 -0.0015
-0.000029 -0.0002
8e-05 0.00102
0.00043 0.00221
0.00117 0.003230
0.00227 0.00394
0.00363 0.00437
0.005170 0.00463
0.00692 0.00478
0.008930 0.00484
0.01127 0.00483
0.01406 0.004740
0.01745 0.00455
0.02166 0.00423
0.027 0.00373
0.03372 0.003
0.0417700 0.001990
0.05079 0.00068
0.06047 -0.00095
0.07072 -0.00286
0.08148 -0.00497
0.09258 -0.00721
0.10382 -0.00949
0.11505 -0.01175
0.12614 -0.01395
0.13707 -0.016060
0.14784 -0.01804
0.158450 -0.01987
0.1689 -0.02153
0.17923 -0.02301
0.18944 -0.02429
0.1995700 -0.02537
0.20962 -0.02623
0.2196 -0.02686
0.22954 -0.02727
0.23943 -0.02744
0.2493 -0.02739
0.25912 -0.02709
0.26888 -0.02657
0.27855 -0.02581
0.28803 -0.02483
0.29719 -0.02365
0.30581 -0.02228
0.31367 -0.02078
0.32058 -0.01919
0.326530 -0.01752
0.33158 -0.01579
0.33585 -0.01405
0.34024 -0.01188
-Inserting Flap s1223rtl-
0.45873 0.05999
0.45835 0.05908
0.4578 0.05776
0.45708 0.05639
0.45611 0.05496
0.45487 0.05338
0.45333 0.0516
0.45146 0.0496
0.44929 0.04742
0.446880 0.0451
0.4443 0.04271
0.44162 0.04030
0.43886 0.0379
0.436070 0.03554
0.43324 0.03323
0.43039 0.03098
0.42749 0.02877
0.42454 0.026610
0.42153 0.02446
0.41843 0.02233
0.41526 0.02019
0.412 0.01804
0.40869 0.01587
0.40535 0.01371
0.40204 0.01157
0.398790 0.00949
0.395660 0.00752
0.39268 0.005710
0.38989 0.0041
0.38725 0.00271
0.38474 0.00152
0.3823 0.00053
0.37991 -0.00029
0.37757 -0.00094
0.37526 -0.00141
0.37297 -0.00173
0.37074 -0.0019
0.36856 -0.00191
0.36648 -0.00179
0.36455 -0.00157
0.36280 -0.00127
0.36127 -0.00091
0.35996 -0.00053
0.35883 -0.00014
0.35788 0.00026
0.35707 0.00067
0.35637 0.00107
0.35577 0.00146
0.35526 0.00185
0.35482 0.00224
0.35445 0.002620
0.35414 0.003
0.35389 0.00337
0.3537 0.00376
0.35359 0.00418
0.353630 0.004620
0.35384 0.00503
0.35418 0.0054
0.3546 0.00575
0.3551 0.00611
0.3557 0.00648
0.3564 0.00689
0.35726 0.00736
0.35832 0.0079
0.35965 0.00855
0.36135 0.00934
0.36351 0.010310
0.36612 0.01142
0.36908 0.01262
0.37229 0.01384
0.37572 0.01508
0.37935 0.01634
0.38309 0.01763
0.38689 0.01892
0.39068 0.02022
0.39442 0.02152
0.3981 0.02282
0.4017 0.02412
0.40523 0.02544
0.40868 0.02679
0.41206 0.02817
0.41538 0.02959
0.41862 0.03105
0.42181 0.03257
0.42494 0.03414
0.42801 0.03577
0.43103 0.03747
0.4340 0.03923
0.43692 0.04106
0.43978 0.04294
0.44256 0.04488
0.44525 0.04685
0.44781 0.04883
0.45017 0.05076
0.45228 0.0526
0.45409 0.05431
0.45559 0.05586
0.45681 0.05728
0.45779 0.05856
0.45873 0.05999
-Inserting Flap s1223rtl-
0.53958 0.15956
0.53948 0.15859
0.53933 0.15716
0.53903 0.15565
0.53852 0.1540
0.53778 0.15213
0.53681 0.14998
0.53559 0.14753
0.53414 0.14481
0.5325 0.1419
0.53072 0.138870
0.52883 0.13579
0.52688 0.1327
0.524880 0.12964
0.52284 0.12662
0.520750 0.12364
0.51861 0.1207
0.5164 0.11778
0.51413 0.11486
0.51178 0.11193
0.50935 0.10897
0.50685 0.10597
0.5043 0.10295
0.50172 0.09992
0.499160 0.09691
0.49664 0.09399
0.4942 0.09121
0.49187 0.08862
0.48966 0.08628
0.48753 0.08419
0.48546 0.08233
0.48341 0.08068
0.48136 0.07921
0.4793 0.07792
0.47722 0.0768
0.47513 0.07584
0.47303 0.07504
0.47095 0.0744
0.46893 0.07392
0.46701 0.07358
0.46525 0.07337
0.46368 0.07327
0.46232 0.07325
0.46113 0.07331
0.4601 0.07342
0.45920 0.07358
0.45842 0.07376
0.45773 0.073970
0.45713 0.07419
0.4566 0.07444
0.45613 0.07469
0.45573 0.07497
0.45538 0.07526
0.455090 0.07558
0.45487 0.07595
0.45478 0.07638
0.45486 0.07683
0.45507 0.07728
0.45538 0.07774
0.45576 0.07822
0.45622 0.07875
0.45678 0.07935
0.45747 0.08004
0.45833 0.08086
0.45942 0.08187
0.46082 0.08311
0.46261 0.08466
0.46479 0.08648
0.46728 0.08847
0.47 0.09056
0.47294 0.09273
0.47605 0.09498
0.47927 0.09729
0.48254 0.09962
0.4858 0.10195
0.48901 0.10427
0.49216 0.10656
0.49524 0.10885
0.49824 0.11112
0.50116 0.1134
0.504 0.11569
0.50677 0.118
0.50946 0.12034
0.512080 0.12271
0.51462 0.12511
0.5171 0.12756
0.51951 0.13005
0.52185 0.13259
0.52412 0.13517
0.52631 0.13779
0.52842 0.14045
0.53044 0.14311
0.53232 0.14574
0.53403 0.14827
0.53552 0.150640
0.53676 0.1527900
0.537760 0.15471
0.53852 0.15642
0.53909 0.15793
0.53958 0.15956
*.*.Setup: s1223rtl.txt as Flap 1, Inverted: y, Scale = 1.0, AoA = -2.0, Reposition from (0,0) = (0, 0)*.*.
*.*.Setup: s1223rtl.txt as Flap 2, Inverted: y, Scale = 0.35, AoA = 28.333333333333332, Reposition from previous T.E. = (0.04, 0.045), Reposition from (0,0) = (1.0394, 0.0101)*.*.
*.*.Setup: s1223rtl.txt as Flap 3, Inverted: y, Scale = 0.35, AoA = 45.0, Reposition from previous T.E. = (-0.01, 0.045), Reposition from (0,0) = (1.3375, 0.2212)*.*.
*.*.Setup: Scale Ratio = 0.34044*.*.