0.36238 -0.03051
0.36158 -0.031260
0.35999 -0.0327
0.357640 -0.03483
0.35465 -0.03748
0.351190 -0.04047
0.34741 -0.0436
0.34349 -0.04667
0.33954 -0.049540
0.3356 -0.05219
0.33167 -0.05466
0.32775 -0.056980
0.32383 -0.059180
0.31991 -0.06128
0.31599 -0.0633
0.31208 -0.06523
0.30817 -0.06709
0.30426 -0.06888
0.30036 -0.0706
0.29646 -0.07225
0.29256 -0.07384
0.28866 -0.07537
0.28476 -0.07685
0.28087 -0.07827
0.27698 -0.07963
0.27309 -0.08094
0.2692 -0.08218
0.26531 -0.08336
0.26143 -0.08448
0.25755 -0.08553
0.25367 -0.08654
0.24979 -0.08751
0.24591 -0.08844
0.24204 -0.08935
0.23816 -0.09023
0.23429 -0.09108
0.23041 -0.09188
0.22654 -0.09264
0.22267 -0.09335
0.21881 -0.09401
0.21494 -0.09462
0.21108 -0.09518
0.20721 -0.0957
0.20335 -0.09618
0.19949 -0.09662
0.19563 -0.097010
0.191780 -0.09737
0.18792 -0.09769
0.18407 -0.09798
0.18021 -0.09823
0.17636 -0.09844
0.17251 -0.09861
0.16866 -0.09873
0.16481 -0.098810
0.16097 -0.09884
0.15712 -0.09882
0.15328 -0.09876
0.14944 -0.09866
0.1456 -0.0985
0.14176 -0.0983
0.13793 -0.09805
0.13409 -0.09775
0.13026 -0.09741
0.12643 -0.09701
0.1226 -0.09656
0.11877 -0.09607
0.11495 -0.09554
0.11112 -0.09497
0.1073 -0.0943600
0.10348 -0.09372
0.09966 -0.09301
0.09584 -0.09224
0.09203 -0.09139
0.08821 -0.09046
0.08441 -0.08943
0.0806 -0.08832
0.0768 -0.087110
0.073 -0.08583
0.0692 -0.08445
0.06541 -0.08297
0.06162 -0.081380
0.05783 -0.07965
0.05406 -0.07777
0.05028 -0.07574
0.046510 -0.07355
0.04275 -0.0712
0.03899 -0.06871
0.03524 -0.06607
0.03149 -0.06328
0.02776 -0.06027
0.02403 -0.056970
0.02031 -0.0533
0.01661 -0.04918
0.01295 -0.04458
0.00946 -0.039640
0.00628 -0.03453
0.00356 -0.02943
0.00145 -0.02452
7e-05 -0.01996
-0.00043 -0.012350
0.00044 -0.0095
0.00205 -0.00743
0.00437 -0.00619
0.00729 -0.00569
0.01064 -0.00577
0.01429 -0.0063
0.01808 -0.00713
0.02189 -0.008130
0.02569 -0.00927
0.02949 -0.01055
0.03329 -0.01196
0.03708 -0.01349
0.04087 -0.01513
0.04465 -0.01687
0.04843 -0.01869
0.05221 -0.020580
0.05599 -0.02253
0.05976 -0.02452
0.06353 -0.02654
0.06731 -0.02858
0.07108 -0.03063
0.07485 -0.032670
0.07863 -0.0347
0.0824 -0.03671
0.08618 -0.03869
0.08995 -0.04065
0.09373 -0.04258
0.09751 -0.04448
0.10129 -0.04633
0.10507 -0.04816
0.10885 -0.04994
0.11264 -0.05167
0.11642 -0.05337
0.12021 -0.05502
0.124 -0.05663
0.12779 -0.05819
0.13158 -0.0597
0.13537 -0.061170
0.13917 -0.06259
0.14296 -0.06395
0.14676 -0.06527
0.15056 -0.06653
0.15437 -0.06774
0.15817 -0.06889
0.16198 -0.06999
0.16578 -0.07103
0.169590 -0.07201
0.17341 -0.07293
0.17722 -0.07379
0.18104 -0.074590
0.18486 -0.07535
0.18868 -0.07607
0.1925 -0.07674
0.19632 -0.07736
0.20015 -0.07793
0.20397 -0.07844
0.2078 -0.07888
0.21163 -0.07925
0.21547 -0.07954
0.2193 -0.079770
0.22314 -0.07993
0.22698 -0.08001
0.23083 -0.080030
0.23467 -0.0799800
0.238520 -0.07986
0.24237 -0.079660
0.24623 -0.07939
0.25009 -0.07904
0.25395 -0.07861
0.25781 -0.0781
0.26167 -0.0775
0.26554 -0.07682
0.26941 -0.07606
0.27329 -0.0752
0.27717 -0.07425
0.28105 -0.07321
0.28493 -0.07206
0.28882 -0.07081
0.29271 -0.06946
0.2966100 -0.06802
0.3005 -0.06649
0.3044 -0.06487
0.30831 -0.06318
0.31221 -0.06141
0.31612 -0.05957
0.32004 -0.05766
0.323950 -0.05567
0.32787 -0.0536
0.33179 -0.05145
0.33571 -0.04919
0.33964 -0.04679
0.34357 -0.04425
0.34748 -0.04156
0.35124 -0.03886
0.35469 -0.03631
0.35767 -0.03405
0.36001 -0.03224
0.36159 -0.03103
0.36238 -0.03051
-Inserting Flap Ga2-
0.42274 0.037060
0.42272 0.03684
0.4226800 0.03641
0.42261 0.03578
0.42253 0.03499
0.42241 0.03408
0.42227 0.03311
0.4221 0.03213
0.42189 0.03117
0.42166 0.03025
0.42141 0.02936
0.42114 0.02849
0.42085 0.02764
0.42055 0.0268
0.42023 0.02598
0.41991 0.02516
0.41958 0.02437
0.41924 0.023580
0.41889 0.0228
0.41853 0.02203
0.41816 0.02127
0.41779 0.02052
0.41741 0.01978
0.41702 0.01905
0.41662 0.01833
0.416220 0.01761
0.41581 0.01691
0.41539 0.01621
0.41496 0.01553
0.41452 0.01485
0.41408 0.01418
0.41363 0.01352
0.41318 0.01286
0.41273 0.01221
0.41227 0.01156
0.41181 0.01091
0.41134 0.01027
0.41087 0.00964
0.41039 0.00902
0.4099 0.00841
0.40941 0.0078
0.40891 0.0072
0.4084 0.0066
0.40789 0.00601
0.40738 0.00543
0.40686 0.00486
0.40633 0.00429
0.4058 0.00372
0.40527 0.00317
0.40473 0.00261
0.40418 0.002070
0.40363 0.00153
0.40308 0.00099
0.40252 0.00047
0.40195 -5e-05
0.40138 -0.00056
0.4008 -0.00107
0.40021 -0.00157
0.39962 -0.00206
0.39902 -0.00254
0.39842 -0.00302
0.39781 -0.00349
0.39719 -0.00395
0.39657 -0.0044
0.39594 -0.00485
0.39531 -0.00529
0.39467 -0.005720
0.39402 -0.00615
0.39337 -0.00657
0.39272 -0.00699
0.39206 -0.007390
0.39139 -0.00779
0.39071 -0.00817
0.39001 -0.00854
0.38931 -0.0089
0.3886 -0.00924
0.38787 -0.009570
0.38713 -0.00989
0.38638 -0.0102
0.38562 -0.01048
0.38485 -0.01075
0.38405 -0.011
0.38324 -0.01123
0.38241 -0.01143
0.38155 -0.01161
0.38068 -0.01177
0.37979 -0.0119
0.37888 -0.01201
0.37795 -0.01209
0.37699 -0.01215
0.37599 -0.01216
0.37495 -0.01211
0.37385 -0.01199
0.37269 -0.0118
0.37151 -0.01153
0.37035 -0.0112
0.36927 -0.0108
0.368290 -0.01035
0.36748 -0.00986
0.36639 -0.0088
0.36613 -0.00826
0.3661 -0.00773
0.36628 -0.00724
0.366640 -0.00677
0.36715 -0.00634
0.36776 -0.00593
0.36844 -0.00554
0.36914 -0.00518
0.36986 -0.00484
0.37059 -0.00453
0.371350 -0.00423
0.37211 -0.00395
0.3729 -0.00368
0.37369 -0.003440
0.3745 -0.0032
0.375310 -0.00298
0.37613 -0.00276
0.37696 -0.00255
0.37779 -0.002350
0.37863 -0.00214
0.37946 -0.00194
0.3803 -0.00174
0.38113 -0.00154
0.38196 -0.00133
0.38278 -0.001120
0.383610 -0.00091
0.38443 -0.00069
0.385240 -0.00047
0.38605 -0.000240
0.38686 -0.000001
0.38766 0.00024
0.38845 0.00049
0.38924 0.00074
0.39003 0.00101
0.39081 0.00127
0.39158 0.00155
0.39234 0.001830
0.3931 0.00212
0.39386 0.00242
0.39461 0.00272
0.39535 0.00304
0.39608 0.00336
0.39681 0.00369
0.39753 0.00402
0.39824 0.004370
0.39894 0.00472
0.39964 0.00509
0.400330 0.00546
0.40101 0.00585
0.40169 0.006240
0.40236 0.00663
0.40302 0.00704
0.40368 0.00745
0.40433 0.00787
0.40497 0.0083
0.40561 0.00873
0.40624 0.00918
0.406860 0.00964
0.40747 0.01011
0.40807 0.010590
0.4086600 0.01108
0.40924 0.01158
0.40982 0.012090
0.41038 0.01261
0.41094 0.01315
0.41148 0.01369
0.41202 0.01425
0.41255 0.01482
0.41306 0.01540
0.41357 0.01599
0.41406 0.01660
0.41455 0.01721
0.41502 0.01785
0.41548 0.01849
0.41593 0.01915
0.41637 0.01983
0.41679 0.02052
0.4172 0.021220
0.4176 0.02194
0.41798 0.02268
0.41836 0.02343
0.41872 0.02419
0.419080 0.02496
0.41942 0.02575
0.41976 0.02655
0.42008 0.02736
0.4204 0.028180
0.4207 0.02901
0.421 0.02985
0.42128 0.03071
0.42154 0.03159
0.42178 0.0325
0.42201 0.03342
0.4222 0.03433
0.42237 0.03517
0.42251 0.0359
0.42262 0.036480
0.42269 0.036870
0.42274 0.037060
-Inserting Flap Ga2-
0.49116 0.10769
0.49116 0.10747
0.49116 0.10705
0.49115 0.10641
0.49113 0.10561
0.49109 0.1047
0.49103 0.10372
0.49095 0.10272
0.49083 0.10176
0.49068 0.100820
0.49051 0.09991
0.49031 0.09902
0.4901 0.09814
0.48987 0.09728
0.48963 0.09644
0.48938 0.095600
0.48912 0.09477
0.48885 0.09396
0.48857 0.09315
0.48827 0.09236
0.48798 0.09157
0.48767 0.09079
0.48735 0.09002
0.48703 0.08926
0.4867 0.0885
0.48636 0.0877500
0.48601 0.08702
0.48565 0.08629
0.48529 0.08557
0.484910 0.08485
0.48453 0.08415
0.48414 0.083450
0.48375 0.08276
0.48335 0.08206
0.48295 0.08138
0.48255 0.0807
0.48214 0.08002
0.481720 0.07935
0.4813 0.07869
0.48087 0.07803
0.48043 0.07738
0.47998 0.07674
0.47953 0.0761
0.47908 0.07547
0.47861 0.07485
0.47814 0.07423
0.47767 0.07362
0.477190 0.07301
0.47671 0.07241
0.47622 0.07181
0.47572 0.07122
0.475220 0.07063
0.47472 0.07005
0.4742 0.06948
0.473680 0.06891
0.473160 0.06835
0.47262 0.06780
0.47208 0.06725
0.47154 0.06671
0.47099 0.06618
0.47043 0.06565
0.46986 0.06513
0.46929 0.06462
0.4687 0.06411
0.46812 0.06361
0.46752 0.06312
0.46692 0.06263
0.46632 0.06215
0.46571 0.06167
0.46509 0.0612
0.464470 0.06074
0.46383 0.06029
0.46319 0.059840
0.46253 0.05941
0.46186 0.059
0.46118 0.05859
0.460490 0.0582
0.45978 0.05782
0.45906 0.05745
0.45833 0.0571
0.45758 0.05676
0.45681 0.05644
0.45602 0.05615
0.45521 0.05587
0.45437 0.05562
0.45352 0.05539
0.45264 0.05518
0.451740 0.0549900
0.45082 0.054820
0.44987 0.05469
0.44888 0.05459
0.44784 0.05455
0.446730 0.05457
0.44556 0.05466
0.44436 0.05483
0.44318 0.05506
0.44206 0.05536
0.44105 0.05572
0.4402 0.05614
0.43902 0.0571
0.43872 0.057620
0.43864 0.05814
0.43877 0.05864
0.4391 0.05914
0.439570 0.05962
0.44014 0.06008
0.44078 0.06052
0.44144 0.06094
0.44213 0.06134
0.44284 0.06172
0.44356 0.06209
0.4443 0.06243
0.44506 0.06276
0.44583 0.06308
0.44661 0.06338
0.4474 0.06368
0.4482 0.06396
0.44901 0.06425
0.44982 0.06452
0.45063 0.0648
0.45145 0.06507
0.45226 0.06534
0.45307 0.06562
0.45388 0.06590
0.45468 0.06618
0.455490 0.06646
0.45628 0.06675
0.45708 0.06705
0.45786 0.067340
0.45865 0.06765
0.45942 0.06796
0.46019 0.06828
0.460960 0.0686
0.46171 0.06893
0.46247 0.06926
0.463210 0.0696
0.46395 0.06995
0.46468 0.07031
0.46541 0.07067
0.466120 0.07104
0.46684 0.07141
0.46754 0.0718
0.46823 0.07219
0.468920 0.07259
0.4696 0.07299
0.47027 0.07341
0.47094 0.07383
0.47159 0.07427
0.47224 0.07471
0.47287 0.07516
0.47351 0.07561
0.47413 0.07607
0.47475 0.07654
0.47536 0.07701
0.47597 0.07749
0.47656 0.07799
0.47715 0.07849
0.47773 0.079
0.47829 0.07952
0.47885 0.08005
0.4794 0.08059
0.47993 0.08114
0.48046 0.0817
0.48098 0.082270
0.4814900 0.08285
0.48198 0.08344
0.48247 0.08404
0.48294 0.084650
0.48341 0.08527
0.48386 0.08591
0.4843 0.08655
0.48473 0.08721
0.48514 0.08788
0.48555 0.08857
0.48594 0.08926
0.486310 0.08997
0.48667 0.0907
0.48702 0.09144
0.48736 0.09219
0.48768 0.09296
0.48798 0.09374
0.48828 0.09453
0.48856 0.09533
0.48884 0.09614
0.4891 0.09696
0.48936 0.0978
0.4896 0.09864
0.48983 0.09949
0.49005 0.10036
0.49025 0.10124
0.49044 0.10215
0.4906 0.10307
0.49075 0.10401
0.49086 0.10493
0.49096 0.10578
0.49104 0.10652
0.49109 0.10711
0.49113 0.10751
0.49116 0.10769
*.*.Setup: Ga2.txt as Flap 1, Inverted: y, Scale = 1.0, AoA = -2.0, Reposition from (0,0) = (0, 0)*.*.
*.*.Setup: Ga2.txt as Flap 2, Inverted: y, Scale = 0.2, AoA = 40.0, Reposition from previous T.E. = (0.0067, 0.065), Reposition from (0,0) = (1.0043, -0.019)*.*.
*.*.Setup: Ga2.txt as Flap 3, Inverted: y, Scale = 0.2, AoA = 45.0, Reposition from previous T.E. = (0.04, 0.06), Reposition from (0,0) = (1.2039, 0.162)*.*.
*.*.Setup: Scale Ratio = 0.36322*.*.