0.34945 0.0122
0.34727 0.01032
0.3441 0.00757
0.34042 0.0049
0.33602 0.00239
0.3307 -0.00015
0.32431 -0.00282
0.3168 -0.005640
0.30825 -0.00857
0.2989 -0.01153
0.28901 -0.014460
0.2788 -0.0173
0.26844 -0.02003
0.25802 -0.02259
0.24759 -0.02499
0.23714 -0.0272
0.2266500 -0.02923
0.21608 -0.03109
0.20535 -0.0328
0.19444 -0.03438
0.1833 -0.03587
0.17194 -0.03729
0.16041 -0.03868
0.14882 -0.04004
0.13731 -0.04135
0.12606 -0.04259
0.11526 -0.04368
0.1050700 -0.04456
0.09563 -0.04516
0.08689 -0.0454
0.07873 -0.04524
0.07102 -0.04469
0.06369 -0.04373
0.0566800 -0.04238
0.04997 -0.04062
0.04356 -0.03849
0.03746 -0.03601
0.03172 -0.03322
0.02641 -0.03021
0.02161 -0.02709
0.01741 -0.02402
0.0138500 -0.0211
0.01088 -0.01839
0.00844 -0.0159
0.00646 -0.0136
0.00484 -0.01147
0.00353 -0.00951
0.00248 -0.00769
0.00164 -0.006
0.00098 -0.00442
0.0005 -0.00293
0.00017 -0.00153
0.000013 -0.00021
0.000035 0.00106
0.00028 0.0023
0.00096 0.00339
0.00205 0.0042
0.00340 0.00474
0.00497 0.00512
0.006750 0.00539
0.00881 0.0056
0.01121 0.00576
0.01406 0.00587
0.01755 0.00592
0.021890 0.00589
0.0274 0.00576
0.03433 0.00549
0.04266 0.00503
0.05199 0.00434
0.06203 0.00336
0.07267 0.00214
0.08384 0.00074
0.09537 -0.00075
0.10706 -0.00228
0.11872 -0.0038
0.13024 -0.005260
0.1416 -0.00663
0.15277 -0.00789
0.16377 -0.009010
0.17460 -0.00996
0.18528 -0.01074
0.19584 -0.01132
0.20629 -0.01169
0.21665 -0.01185
0.22692 -0.01179
0.23714 -0.01149
0.24729 -0.01096
0.25739 -0.0102
0.26743 -0.009200
0.2774 -0.00796
0.28725 -0.006490
0.29689 -0.00481
0.30619 -0.00293
0.31493 -0.00092
0.32287 0.00118
0.32984 0.00331
0.33582 0.00545
0.34087 0.00757
0.34511 0.009670
0.34945 0.0122
-Inserting Flap s1223rtl-
0.44785 0.086020
0.44746 0.085090
0.44689 0.08374
0.44615 0.08233
0.44516 0.08086
0.44389 0.07924
0.4423 0.077410
0.44038 0.07535
0.43815 0.07311
0.43568 0.07073
0.43303 0.06827
0.43027 0.0658
0.427440 0.06333
0.42457 0.06091
0.42167 0.05854
0.41874 0.05622
0.41576 0.05396
0.41273 0.05173
0.40964 0.04953
0.40646 0.04734
0.40319 0.04515
0.39985 0.04293
0.39645 0.04071
0.39303 0.03848
0.38962 0.036280
0.38628 0.03415
0.38306 0.03213
0.38001 0.03027
0.37714 0.02862
0.37443 0.02719
0.37185 0.02597
0.36934 0.02495
0.3669 0.02411
0.36449 0.02345
0.36211 0.02295
0.35977 0.022630
0.35747 0.02246
0.355240 0.02244
0.3531 0.02256
0.35111 0.022790
0.34932 0.02311
0.34775 0.02347
0.3464 0.02386
0.34525 0.02426
0.34427 0.024680
0.34343 0.02509
0.34271 0.0255
0.3421 0.02591
0.34157 0.02631
0.34112 0.0267
0.34074 0.0271
0.34042 0.02748
0.34016 0.02787
0.33997 0.02827
0.339860 0.0287
0.3399 0.02915
0.34012 0.02957
0.34046 0.02995
0.34089 0.03031
0.34141 0.03068
0.34202 0.03106
0.342750 0.03148
0.34363 0.03196
0.34471 0.03252
0.34608 0.03318
0.34783 0.034
0.35005 0.03499
0.35273 0.03614
0.35576 0.03737
0.35906 0.03862
0.36259 0.03989
0.36631 0.04119
0.37016 0.04251
0.37406 0.04384
0.377960 0.04518
0.3818 0.04651
0.38557 0.04784
0.38927 0.04918
0.3929 0.05054
0.39644 0.05192
0.39992 0.05334
0.40332 0.05479
0.40665 0.0563
0.40993 0.05786
0.41314 0.05947
0.4163 0.06115
0.4194 0.06289
0.42245 0.0647
0.42544 0.06657
0.42838 0.068510
0.431240 0.07050
0.434 0.07252
0.43663 0.074560
0.43906 0.07654
0.44122 0.07844
0.44308 0.08019
0.44462 0.08178
0.44588 0.08324
0.44688 0.08455
0.44785 0.086020
-Inserting Flap s1223rtl-
0.5446 0.17895
0.54432 0.177980
0.54392 0.176560
0.54334 0.175080
0.54253 0.1735
0.541450 0.171750
0.54009 0.16974
0.538420 0.16748
0.53647 0.165
0.53429 0.16234
0.53195 0.1596
0.52949 0.15682
0.526970 0.15404
0.5244 0.1513
0.52179 0.14861
0.51915 0.14597
0.51646000 0.14337
0.51371 0.14081
0.51089 0.13827
0.50798 0.13572
0.505 0.13316
0.50193 0.13058
0.498810 0.12797
0.49567 0.12536
0.49254 0.12279
0.48948 0.12028
0.48651 0.1179
0.48369 0.1157
0.48103 0.11372
0.47851 0.11199
0.47609 0.11048
0.47372 0.109170
0.4713900 0.10805
0.46907 0.10712
0.46677 0.10635
0.46448 0.10575
0.46221 0.10532
0.46 0.10505
0.45786 0.10492
0.45586 0.10492
0.454050 0.10502
0.45244 0.10519
0.45105 0.10542
0.449860 0.10569
0.44884 0.10599
0.44796 0.10631
0.4472 0.10663
0.44655 0.10696
0.44598 0.1073
0.44548 0.10764
0.44506 0.10798
0.4447 0.10833
0.4444 0.10869
0.444160 0.10906
0.444 0.10948
0.44399 0.10993
0.44415 0.110370
0.44445 0.11079
0.44484 0.1112
0.44531 0.11162
0.44587 0.11207
0.44655 0.11258
0.44736 0.11315
0.44838 0.11383
0.44966 0.11465
0.4513 0.11566
0.45339 0.11691
0.455920 0.118360
0.45879 0.11993
0.461920 0.12156
0.46528 0.12323
0.46882 0.12495
0.47249 0.126710
0.47621 0.12849
0.47993 0.13027
0.48359 0.13203
0.48718 0.13379
0.4907 0.135560
0.49414 0.13732
0.4975 0.139110
0.50079 0.14092
0.5040 0.14276
0.50714 0.14464
0.51021 0.14657
0.51321 0.14855
0.51615 0.15058
0.51903 0.15267
0.52185 0.15482
0.524610 0.15703
0.5273 0.15929
0.52991 0.1616
0.53242 0.16393
0.53479 0.16626
0.53697 0.16851
0.5389 0.17064
0.54054 0.1726
0.54189 0.17436
0.54297 0.17595
0.54381 0.177380
0.5446 0.17895
*.*.Setup: s1223rtl.txt as Flap 1, Inverted: y, Scale = 1.0, AoA = 2.0, Reposition from (0,0) = (0, 0)*.*.
*.*.Setup: s1223rtl.txt as Flap 2, Inverted: y, Scale = 0.35, AoA = 28.333333333333332, Reposition from previous T.E. = (-0.0267, 0.045), Reposition from (0,0) = (0.9727, 0.0799)*.*.
*.*.Setup: s1223rtl.txt as Flap 3, Inverted: y, Scale = 0.35, AoA = 35.0, Reposition from previous T.E. = (-0.01, 0.065), Reposition from (0,0) = (1.2708, 0.311)*.*.
*.*.Setup: Scale Ratio = 0.34967*.*.