0.36479 -0.01274
0.36239 -0.01454
0.35888 -0.01718
0.35485 -0.019680
0.35009 -0.02198
0.34437 -0.02424
0.33752 -0.02655
0.32949 -0.028940
0.32037 -0.03137
0.310420 -0.03377
0.29991 -0.0361
0.28907 -0.03832
0.278080 -0.0404
0.26705 -0.04232
0.25601 -0.04405
0.244970 -0.04559
0.23390 -0.046940
0.22275 -0.04811
0.21146 -0.04911
0.19998 -0.04996
0.18827 -0.0507
0.17633 -0.05136
0.16422 -0.05196
0.15205 -0.05253
0.13998 -0.05306
0.12818 -0.053530
0.11684 -0.0538800
0.10617 -0.054060
0.09630 -0.05399
0.08718 -0.0536
0.07869 -0.052850
0.0707 -0.05171
0.06314 -0.05018
0.05594 -0.04826
0.04908 -0.04594
0.04256 -0.04326
0.03639 -0.0402200
0.030610 -0.0369
0.0253 -0.03338
0.02053 -0.02979
0.016390 -0.02628
0.01288 -0.02299
0.00999 -0.01995
0.00764 -0.017170
0.00574 -0.01463
0.00421 -0.012300
0.00299 -0.01016
0.00202 -0.00819
0.00127 -0.00637
0.0007 -0.00467
0.0003 -0.00309
7e-05 -0.00161
-0.000029 -0.00022
9e-05 0.0011
0.00046 0.00237
0.00125 0.003460
0.00244 0.00422
0.00389 0.00469
0.005540 0.00497
0.00742 0.00512
0.009580 0.00519
0.01209 0.00518
0.01507 0.005080
0.0187 0.00488
0.02323 0.00454
0.02895 0.004
0.03615 0.00322
0.0447900 0.002140
0.05446 0.00073
0.06484 -0.00101
0.07583 -0.00307
0.08736 -0.00533
0.09926 -0.00773
0.11132 -0.01017
0.12335 -0.0126
0.13525 -0.01496
0.14697 -0.017220
0.15851 -0.01934
0.169880 -0.0213
0.18109 -0.02309
0.19216 -0.02467
0.20312 -0.02605
0.2139700 -0.0272
0.22474 -0.02812
0.23545 -0.0288
0.2461 -0.02924
0.25672 -0.02942
0.26729 -0.02936
0.27782 -0.02905
0.28829 -0.02849
0.29865 -0.02768
0.30882 -0.02662
0.31864 -0.02535
0.32788 -0.02389
0.33631 -0.02228
0.34372 -0.02057
0.35010 -0.01878
0.35552 -0.01693
0.36009 -0.01506
0.36479 -0.01274
-Inserting Flap s1223rtl-
0.46751 0.06432
0.4671 0.06335
0.46651 0.06193
0.46573 0.06047
0.4647 0.05893
0.46337 0.05724
0.46171 0.05533
0.45971 0.05318
0.45738 0.05084
0.4548 0.04836
0.45204 0.04579
0.44916 0.043210
0.446210 0.04064
0.44321 0.03811
0.44018 0.03563
0.43712 0.03321
0.43401 0.03085
0.43085 0.028530
0.42762 0.02623
0.4243 0.02394
0.42089 0.02165
0.4174 0.01934
0.41385 0.01702
0.41028 0.01469
0.40672 0.0124
0.40324 0.01017
0.39988 0.00806
0.39669 0.006120
0.39369 0.0044
0.39087 0.0029
0.38817 0.00163
0.38556 0.00056
0.383 -0.00031
0.38049 -0.001
0.37801 -0.00152
0.37556 -0.00186
0.37316 -0.00203
0.370830 -0.00205
0.3686 -0.00192
0.36653 -0.00168
0.36465 -0.00136
0.36301 -0.00098
0.3616 -0.00057
0.3604 -0.00015
0.35938 0.00028
0.3585 0.00072
0.35776 0.00115
0.35712 0.00157
0.35657 0.00199
0.3561 0.0024
0.3557 0.002810
0.35536 0.00321
0.35509 0.00362
0.35489 0.00403
0.354780 0.00448
0.35482 0.004950
0.35505 0.00539
0.3554 0.00579
0.35586 0.00617
0.3564 0.00655
0.35703 0.00695
0.357790 0.00739
0.35871 0.00789
0.35985 0.00847
0.36127 0.00916
0.3631 0.01001
0.36541 0.011050
0.36821 0.01225
0.37138 0.01353
0.37482 0.01484
0.37851 0.01616
0.38239 0.01752
0.38641 0.0189
0.39048 0.02029
0.394550 0.02168
0.39856 0.02307
0.4025 0.02446
0.40636 0.02586
0.41014 0.02728
0.41385 0.02872
0.41747 0.0302
0.42102 0.03172
0.4245 0.03329
0.42792 0.03492
0.43128 0.03661
0.43457 0.03836
0.43781 0.04018
0.44099 0.04206
0.44412 0.04402
0.44718 0.04604
0.450170 0.04812
0.45305 0.05023
0.4558 0.05235
0.45833 0.05443
0.46059 0.0564
0.46253 0.05823
0.46414 0.0599
0.46545 0.06141
0.4665 0.06279
0.46751 0.06432
-Inserting Flap s1223rtl-
0.53594 0.17108
0.53583 0.17003
0.53567 0.16851
0.53535 0.16688
0.5348 0.165110
0.53401 0.16311
0.53297 0.1608
0.53166 0.15818
0.53011 0.15527
0.52835 0.15214
0.52644 0.14890
0.52442 0.14559
0.52233 0.14228
0.52018 0.139
0.51799 0.13576
0.51575 0.13257
0.51346 0.12941
0.51109 0.12628
0.50865 0.12315
0.50613 0.12001
0.50353 0.11684
0.500840 0.11362
0.49811 0.11038
0.49535 0.10713
0.4926 0.10391
0.48991 0.10078
0.48729 0.09779
0.48479 0.09502
0.48241 0.09251
0.48014 0.09027
0.47792 0.08827
0.47572 0.0865
0.47352 0.08493
0.47131 0.08355
0.46908 0.08234
0.466840 0.08131
0.4645900 0.08046
0.46236 0.07977
0.46019 0.07925
0.45813 0.07889
0.45625 0.07867
0.45457 0.07856
0.4531 0.07854
0.45183 0.0786
0.45072 0.07872
0.44976 0.07889
0.44892 0.07908
0.448190 0.079310
0.44754 0.07955
0.446970 0.07981
0.44647 0.08009
0.44604 0.08038
0.44566 0.08069
0.44535 0.08103
0.44511 0.08143
0.44502 0.08189
0.44511 0.08238
0.44534 0.08286
0.44566 0.08335
0.44607 0.08387
0.44657 0.08444
0.44717 0.08508
0.4479 0.08582
0.44882 0.0867
0.44999 0.08777
0.4515 0.08911
0.45342 0.09077
0.45575 0.09272
0.45842 0.09486
0.46134 0.0971
0.46449 0.09942
0.46783 0.10183
0.47128 0.10431
0.47478 0.10681
0.47828 0.10931
0.48172 0.11179
0.4851 0.11426
0.4884 0.1167
0.49161 0.11914
0.49475 0.12159
0.49779 0.12404
0.50076 0.12652
0.50365 0.12902
0.50645 0.13156
0.50918 0.13414
0.51184 0.13676
0.51442 0.13943
0.516930 0.14216
0.51936 0.14493
0.52172 0.14774
0.52398 0.15059
0.52614 0.15344
0.52816 0.15626
0.52999 0.15897
0.53159 0.161510
0.53292 0.1638200
0.53399 0.16588
0.5348 0.16771
0.53542 0.16932
0.53594 0.17108
*.*.Setup: s1223rtl.txt as Flap 1, Inverted: y, Scale = 1.0, AoA = -2.0, Reposition from (0,0) = (0, 0)*.*.
*.*.Setup: s1223rtl.txt as Flap 2, Inverted: y, Scale = 0.35, AoA = 28.333333333333332, Reposition from previous T.E. = (-0.0267, 0.045), Reposition from (0,0) = (0.9727, 0.0101)*.*.
*.*.Setup: s1223rtl.txt as Flap 3, Inverted: y, Scale = 0.35, AoA = 45.0, Reposition from previous T.E. = (-0.06, 0.045), Reposition from (0,0) = (1.2208, 0.2212)*.*.
*.*.Setup: Scale Ratio = 0.36501*.*.