0.35742 -0.01248
0.35506 -0.01425
0.35163 -0.01683
0.34768 -0.019280
0.34301 -0.02154
0.33741 -0.02375
0.3307 -0.02602
0.32283 -0.028360
0.3139 -0.03073
0.304150 -0.03309
0.29385 -0.03537
0.28323 -0.03755
0.272460 -0.03959
0.26165 -0.04146
0.25084 -0.04316
0.240020 -0.04467
0.229170 -0.0460
0.21825 -0.04714
0.20719 -0.04812
0.19594 -0.04895
0.18446 -0.04967
0.17277 -0.05032
0.16091 -0.05091
0.14898 -0.05147
0.13715 -0.05199
0.12559 -0.052440
0.11448 -0.0527900
0.10403 -0.052960
0.094350 -0.0529
0.08542 -0.05252
0.0771 -0.051780
0.06927 -0.05066
0.06186 -0.04917
0.05481 -0.04728
0.04809 -0.04501
0.0417 -0.04238
0.03565 -0.0394100
0.030 -0.03616
0.02479 -0.0327
0.02012 -0.02919
0.016050 -0.02575
0.01262 -0.02252
0.00979 -0.01954
0.00748 -0.016820
0.00562 -0.01433
0.00412 -0.0120500
0.00293 -0.00996
0.00198 -0.00803
0.00124 -0.00624
0.00069 -0.00458
0.0003 -0.00303
7e-05 -0.00158
-0.000029 -0.00022
9e-05 0.00108
0.00045 0.00232
0.00123 0.003390
0.00239 0.00414
0.00381 0.00459
0.005430 0.00487
0.00727 0.00502
0.009380 0.00509
0.01184 0.00508
0.01477 0.004980
0.01833 0.00478
0.02276 0.00445
0.02837 0.00392
0.03542 0.00315
0.0438800 0.002090
0.05336 0.00071
0.06353 -0.00099
0.0743 -0.003
0.0856 -0.00523
0.09725 -0.00757
0.10907 -0.00997
0.12086 -0.01235
0.13251 -0.01466
0.144 -0.016870
0.15531 -0.01895
0.166450 -0.02087
0.17743 -0.02262
0.18828 -0.02418
0.19901 -0.02552
0.2096500 -0.02665
0.2202 -0.02755
0.23069 -0.02822
0.24113 -0.02865
0.25153 -0.02883
0.26189 -0.02877
0.27221 -0.02846
0.28247 -0.02791
0.29262 -0.02712
0.30258 -0.02609
0.3122 -0.02484
0.32126 -0.02341
0.32951 -0.02183
0.33678 -0.02016
0.343030 -0.0184
0.34833 -0.01659
0.35281 -0.01475
0.35742 -0.01248
-Inserting Flap s1223rtl-
0.46998 0.0666
0.469580 0.06565
0.469 0.06426
0.46825 0.06282
0.46723 0.06131
0.46593 0.05966
0.4643 0.05778
0.46234 0.05569
0.46006 0.05339
0.45753 0.05096
0.45483 0.04844
0.452 0.045910
0.44911 0.04339
0.44618 0.04091
0.44321 0.03849
0.44021 0.03612
0.43717 0.0338
0.4340700 0.031530
0.4309 0.02928
0.42765 0.02704
0.42431 0.02479
0.42089 0.02253
0.41741 0.02025
0.41391 0.01797
0.41043 0.01573
0.40701 0.01354
0.40372 0.01148
0.40059 0.009580
0.39766 0.00789
0.39489 0.00642
0.392250 0.00517
0.38969 0.00413
0.38718 0.00327
0.38472 0.00259
0.38229 0.00209
0.37989 0.00176
0.37754 0.00159
0.37526 0.00157
0.37307 0.00169
0.37104 0.00193
0.36921 0.00225
0.36760 0.00262
0.36622 0.00301
0.36504 0.00343
0.36404 0.00385
0.36318 0.00428
0.36245 0.0047
0.36182 0.00511
0.36128 0.00552
0.3608200 0.00593
0.36043 0.006330
0.3601 0.00672
0.35984 0.00712
0.3596400 0.00753
0.35953 0.00797
0.35958 0.008430
0.35980 0.00886
0.36014 0.00925
0.36059 0.00962
0.361120 0.00999
0.36174 0.01038
0.36249 0.01082
0.363390 0.0113
0.3645 0.01187
0.36589 0.01255
0.36768 0.01339
0.36995 0.01440
0.37269 0.01558
0.3758 0.01684
0.37917 0.01812
0.38278 0.01941
0.38659 0.02074
0.39052 0.02209
0.39452 0.02346
0.3985 0.02482
0.40243 0.02618
0.40629 0.02755
0.41007 0.02892
0.41378 0.0303
0.41741 0.03172
0.42096 0.03317
0.42444 0.03466
0.42785 0.0362
0.4312 0.03779
0.43448 0.03944
0.43771 0.04116
0.44089 0.04294
0.444 0.04479
0.447070 0.04671
0.45007 0.04869
0.45299 0.05072
0.45582 0.05279
0.45851 0.05487
0.46099 0.0569
0.46321 0.05884
0.46511 0.06063
0.46668 0.06226
0.46797 0.06375
0.46899 0.06509
0.46998 0.0666
-Inserting Flap s1223rtl-
0.53704 0.1712
0.53693 0.17018
0.53677 0.16868
0.53645 0.16708
0.53592 0.165350
0.535140 0.16339
0.53412 0.16113
0.53284 0.15856
0.53132 0.1557
0.52960 0.15265
0.527720 0.149460
0.525740 0.14623
0.5237 0.14298
0.52159 0.13977
0.51945 0.1366
0.51725 0.13347
0.515 0.13037
0.51269 0.1273
0.5103 0.12424
0.50783 0.12116
0.50527 0.11805
0.50265 0.1149
0.499970 0.11173
0.49726 0.10854
0.49457 0.10539
0.49193 0.10232
0.48937 0.09939
0.48691 0.09668
0.48459 0.09422
0.48236 0.09202
0.48018 0.09007
0.47803 0.08833
0.47588 0.08679
0.47371 0.08543
0.47153 0.08425
0.46933 0.08325
0.46713 0.08241
0.46494 0.08174
0.46281 0.08123
0.4608 0.08087
0.45895 0.08065
0.4573 0.08055
0.455870 0.08053
0.45462 0.08059
0.45354 0.08071
0.4526 0.08087
0.45177 0.08106
0.45105 0.081280
0.45042 0.08152
0.44986 0.08177
0.44937 0.08204
0.4489500 0.08233
0.44858 0.08264
0.44827 0.08297
0.44804 0.08336
0.44795 0.08381
0.44804 0.08429
0.44826 0.08476
0.44858 0.08524
0.448980 0.08575
0.44946 0.08631
0.4500500 0.08693
0.45078 0.08766
0.45168 0.08852
0.45282 0.08958
0.45429 0.09089
0.45617 0.09251
0.45847 0.09442
0.46108 0.09652
0.46394 0.09871
0.46703 0.10099
0.4703 0.10335
0.47368 0.10578
0.47711 0.10823
0.48053 0.11068
0.48391 0.11311
0.48722 0.11552
0.49045 0.11792
0.4936 0.12031
0.49667 0.12271
0.49966 0.12511
0.50256 0.12754
0.50539 0.12999
0.50814 0.13248
0.51081 0.13501
0.51342 0.13758
0.515950 0.14019
0.5184 0.14286
0.520790 0.14557
0.52309 0.14833
0.52531 0.15112
0.52743 0.15392
0.52941 0.15668
0.5312 0.15934
0.532770 0.161820
0.53407 0.1640900
0.53512 0.1661
0.53592 0.16789
0.53652 0.16948
0.53704 0.1712
*.*.Setup: s1223rtl.txt as Flap 1, Inverted: y, Scale = 1.0, AoA = -2.0, Reposition from (0,0) = (0, 0)*.*.
*.*.Setup: s1223rtl.txt as Flap 2, Inverted: y, Scale = 0.35, AoA = 28.333333333333332, Reposition from previous T.E. = (0.0067, 0.055), Reposition from (0,0) = (1.0061, 0.0201)*.*.
*.*.Setup: s1223rtl.txt as Flap 3, Inverted: y, Scale = 0.35, AoA = 45.0, Reposition from previous T.E. = (-0.06, 0.045), Reposition from (0,0) = (1.2541, 0.2312)*.*.
*.*.Setup: Scale Ratio = 0.35764*.*.