0.33699 -0.01177
0.33477 -0.01344
0.33153 -0.01587
0.32781 -0.018180
0.32341 -0.02031
0.31812 -0.02239
0.3118 -0.02453
0.30438 -0.026740
0.29596 -0.02898
0.286770 -0.0312
0.27706 -0.03335
0.26704 -0.0354
0.256890 -0.03732
0.2467 -0.03909
0.2365 -0.04069
0.22630 -0.04212
0.216070 -0.043370
0.20577 -0.04444
0.19534 -0.04537
0.18474 -0.04615
0.17392 -0.04684
0.16289 -0.04744
0.15171 -0.048
0.14047 -0.04853
0.12931 -0.04902
0.11841 -0.049450
0.10794 -0.0497700
0.09808 -0.049940
0.088960 -0.04987
0.08054 -0.04952
0.07269 -0.048820
0.06531 -0.04777
0.05833 -0.04636
0.05168 -0.04458
0.04534 -0.04244
0.03932 -0.03996
0.03362 -0.0371600
0.028280 -0.03409
0.02337 -0.03083
0.01897 -0.02752
0.015140 -0.02428
0.0119 -0.02123
0.00923 -0.01843
0.00705 -0.015860
0.0053 -0.01351
0.00389 -0.0113600
0.00276 -0.00939
0.00187 -0.00757
0.00117 -0.00588
0.00065 -0.00432
0.00028 -0.00285
6e-05 -0.00149
-0.000029 -0.0002
8e-05 0.00101
0.00043 0.00219
0.00116 0.00320
0.00225 0.0039
0.00359 0.00433
0.005120 0.00459
0.00686 0.00473
0.008850 0.0048
0.01117 0.00479
0.01392 0.00470
0.01728 0.00451
0.02146 0.00419
0.02675 0.0037
0.0334 0.00297
0.0413700 0.001970
0.05031 0.00067
0.05989 -0.00094
0.07005 -0.00283
0.08071 -0.00493
0.09169 -0.00714
0.10283 -0.0094
0.11395 -0.01164
0.12494 -0.01382
0.13577 -0.015910
0.14643 -0.01787
0.156940 -0.01968
0.16729 -0.02133
0.17752 -0.02279
0.18764 -0.02406
0.1976700 -0.02513
0.20762 -0.02598
0.21751 -0.0266
0.22735 -0.02701
0.23715 -0.02718
0.24692 -0.02713
0.25665 -0.02684
0.26632 -0.02632
0.27589 -0.02557
0.28529 -0.0246
0.29436 -0.02342
0.3029 -0.02207
0.31068 -0.02059
0.31753 -0.019
0.323420 -0.01735
0.32842 -0.01564
0.33265 -0.01391
0.33699 -0.01177
-Inserting Flap s1223rtl-
0.44312 0.05942
0.442750 0.05852
0.4422 0.05721
0.44148 0.05586
0.44053 0.05444
0.4393 0.05287
0.43777 0.05111
0.43592 0.04913
0.43377 0.04697
0.43139 0.04467
0.42883 0.0423
0.42617 0.039910
0.42344 0.03754
0.42068 0.0352
0.41788 0.03292
0.41505 0.03068
0.41218 0.0285
0.4092600 0.026350
0.40627 0.02423
0.40321 0.02212
0.40006 0.02
0.39684 0.01787
0.39356 0.01572
0.39025 0.01357
0.38697 0.01146
0.38375 0.0094
0.38065 0.00745
0.3777 0.005660
0.37493 0.00406
0.37232 0.00268
0.369830 0.00151
0.36742 0.00052
0.36506 -0.00029
0.36273 -0.00093
0.36044 -0.0014
0.35818 -0.00172
0.35597 -0.00188
0.35381 -0.00189
0.35175 -0.00178
0.34984 -0.00155
0.34811 -0.00125
0.346590 -0.00091
0.34529 -0.00053
0.34418 -0.00014
0.34323 0.00026
0.34243 0.00066
0.34174 0.00106
0.34114 0.00145
0.34064 0.00184
0.340200 0.00222
0.33983 0.002590
0.33952 0.00297
0.33928 0.00334
0.3390900 0.00373
0.33898 0.00414
0.33903 0.004580
0.339230 0.00498
0.33956 0.00535
0.33998 0.0057
0.340480 0.00605
0.34107 0.00642
0.34177 0.00683
0.342620 0.00729
0.34366 0.00782
0.34498 0.00847
0.34667 0.00925
0.34881 0.010210
0.35139 0.01132
0.35432 0.0125
0.3575 0.01371
0.3609 0.01493
0.36449 0.01618
0.3682 0.01746
0.37197 0.01874
0.37572 0.02003
0.37943 0.02132
0.38307 0.0226
0.38664 0.02389
0.39013 0.0252
0.39355 0.02653
0.3969 0.0279
0.40018 0.0293
0.4034 0.03076
0.40655 0.03226
0.40965 0.03382
0.4127 0.03543
0.41569 0.03711
0.41863 0.03886
0.421520 0.04066
0.42435 0.04253
0.4271 0.04445
0.42977 0.0464
0.4323 0.04836
0.43464 0.05028
0.43673 0.0521
0.43852 0.05379
0.44001 0.05533
0.44122 0.05673
0.44219 0.058
0.44312 0.05942
-Inserting Flap s1223rtl-
0.54006 0.15804
0.53996 0.15708
0.53981 0.15567
0.53951 0.15416
0.53901 0.152530
0.538280 0.15068
0.53732 0.14855
0.53611 0.14612
0.53467 0.14343
0.533050 0.14055
0.531280 0.137550
0.529420 0.1345
0.52749 0.13144
0.5255 0.12841
0.52348 0.12542
0.52141 0.12247
0.51929 0.11955
0.51711 0.11666
0.51485 0.11377
0.51252 0.11086
0.51012 0.10793
0.50764 0.10496
0.505110 0.10197
0.50256 0.09896
0.50003 0.09599
0.49753 0.0931
0.49512 0.09034
0.49281 0.08778
0.49061 0.08546
0.48851 0.08339
0.48646 0.08155
0.48443 0.07991
0.4824 0.07846
0.48036 0.07718
0.4783 0.07607
0.47622 0.07512
0.47415 0.07433
0.47209 0.07369
0.47008 0.07321
0.46818 0.07288
0.46644 0.07267
0.46489 0.07257
0.463530 0.07256
0.46236 0.07261
0.46134 0.07272
0.46045 0.07287
0.45967 0.07306
0.45899 0.073260
0.4584 0.07349
0.45787 0.07373
0.45741 0.07398
0.4570100 0.07425
0.45666 0.07454
0.45637 0.07486
0.45615 0.07522
0.45607 0.07565
0.45615 0.0761
0.45636 0.07655
0.45666 0.077
0.457040 0.07748
0.4575 0.078
0.4580500 0.07859
0.45873 0.07928
0.45958 0.08009
0.46066 0.08109
0.46205 0.08232
0.46382 0.08385
0.46598 0.08565
0.46845 0.08763
0.47115 0.0897
0.47406 0.09185
0.47714 0.09407
0.48033 0.09636
0.48356 0.09867
0.48679 0.10098
0.48997 0.10327
0.49309 0.10555
0.49614 0.10781
0.49911 0.11007
0.502 0.11232
0.50482 0.11459
0.50756 0.11688
0.51023 0.11919
0.51282 0.12154
0.51534 0.12392
0.51779 0.12634
0.520180 0.12881
0.5225 0.13132
0.524740 0.13388
0.52692 0.13648
0.52901 0.13911
0.531 0.14175
0.53287 0.14435
0.53456 0.14686
0.536040 0.14920
0.53727 0.1513400
0.53825 0.15324
0.53901 0.15493
0.53958 0.15642
0.54006 0.15804
*.*.Setup: s1223rtl.txt as Flap 1, Inverted: y, Scale = 1.0, AoA = -2.0, Reposition from (0,0) = (0, 0)*.*.
*.*.Setup: s1223rtl.txt as Flap 2, Inverted: y, Scale = 0.35, AoA = 28.333333333333332, Reposition from previous T.E. = (0.0067, 0.045), Reposition from (0,0) = (1.0061, 0.0101)*.*.
*.*.Setup: s1223rtl.txt as Flap 3, Inverted: y, Scale = 0.35, AoA = 45.0, Reposition from previous T.E. = (0.04, 0.045), Reposition from (0,0) = (1.3541, 0.2212)*.*.
*.*.Setup: Scale Ratio = 0.3372*.*.