0.33897 -0.01184
0.33673 -0.01351
0.33347 -0.01596
0.32973 -0.018290
0.3253 -0.02043
0.31999 -0.02252
0.31362 -0.02467
0.30616 -0.026890
0.29769 -0.02915
0.288450 -0.03138
0.27868 -0.03355
0.26861 -0.03561
0.25840 -0.03754
0.24814 -0.03932
0.23788 -0.04093
0.227630 -0.04237
0.217340 -0.043620
0.20698 -0.04471
0.19649 -0.04563
0.18582 -0.04642
0.17494 -0.04711
0.16385 -0.04772
0.1526 -0.04828
0.14129 -0.04881
0.13007 -0.04931
0.1191 -0.049740
0.10857 -0.0500600
0.09866 -0.050230
0.089480 -0.05017
0.08101 -0.04981
0.07312 -0.049110
0.06569 -0.04805
0.05867 -0.04663
0.05198 -0.04484
0.04561 -0.04269
0.03955 -0.04019
0.03381 -0.0373800
0.028450 -0.03429
0.02351 -0.03101
0.01908 -0.02768
0.015230 -0.02442
0.01197 -0.02136
0.00928 -0.01854
0.0071 -0.015950
0.00533 -0.01359
0.00391 -0.0114300
0.00278 -0.00944
0.00188 -0.00761
0.00118 -0.00592
0.00065 -0.00434
0.00028 -0.00287
6e-05 -0.00149
-0.000029 -0.0002
8e-05 0.00102
0.00043 0.0022
0.00116 0.003220
0.00227 0.00392
0.00361 0.00436
0.005150 0.00462
0.0069 0.00476
0.00890 0.00482
0.01123 0.00481
0.01401 0.004720
0.01738 0.00454
0.02158 0.00422
0.0269 0.00372
0.03359 0.00299
0.0416200 0.001980
0.0506 0.00068
0.06024 -0.00094
0.07046 -0.00285
0.08118 -0.00496
0.09223 -0.00718
0.10344 -0.00945
0.11462 -0.01171
0.12567 -0.0139
0.13656 -0.0160
0.14729 -0.01797
0.157850 -0.0198
0.16827 -0.02145
0.17856 -0.02293
0.18874 -0.0242
0.1988200 -0.02527
0.20883 -0.02613
0.21878 -0.02676
0.22868 -0.02717
0.23854 -0.02734
0.24837 -0.02728
0.25815 -0.02699
0.26788 -0.02647
0.27751 -0.02572
0.28696 -0.02474
0.29608 -0.02356
0.30467 -0.0222
0.3125 -0.02071
0.31939 -0.01912
0.325310 -0.01745
0.33035 -0.01574
0.33459 -0.01399
0.33897 -0.01184
-Inserting Flap s1223rtl-
0.44226 0.06914
0.44194 0.06822
0.441460 0.06687
0.44083 0.06547
0.43995 0.06398
0.43881 0.062340
0.43737 0.06048
0.43563 0.05839
0.4336 0.05609
0.43134 0.05364
0.42891 0.05112
0.426380 0.04856
0.42378 0.04602
0.42114 0.043510
0.41846 0.04105
0.41575 0.038640
0.413 0.03628
0.41019 0.03395
0.40732 0.03165
0.40436 0.02935
0.40133 0.02704
0.39821 0.02471
0.39505 0.02236
0.39186 0.02001
0.38868 0.01769
0.3855700 0.01544
0.38257 0.0133
0.37971 0.0113300
0.37703 0.00957
0.37449 0.00803
0.37205 0.0067
0.36969 0.00557
0.36736 0.00462
0.365070 0.00384
0.3628 0.00323
0.36055 0.00278
0.35833 0.00249
0.35617 0.00235
0.35409 0.00234
0.35216 0.00246
0.3504 0.00266
0.34886 0.00292
0.34753 0.00322
0.34639 0.00355
0.34542 0.00389
0.34458 0.00425
0.34387 0.00461
0.34325 0.00496
0.34272 0.00532
0.3422600 0.00568
0.34187 0.00604
0.34154 0.00639
0.34126 0.00676
0.34105 0.00713
0.34093 0.00754
0.34094 0.00798
0.34113 0.0084
0.34143 0.00879
0.34183 0.00916
0.34231 0.00954
0.34288 0.00995
0.34357 0.0104
0.34439 0.01091
0.34541 0.011510
0.3467 0.01223
0.34834 0.01312
0.3504300 0.01421
0.35296 0.01547
0.355840 0.01683
0.35896 0.01823
0.36231 0.01966
0.36584 0.02112
0.36949 0.02262
0.37319 0.02413
0.37689 0.02565
0.38053 0.02715
0.38411 0.02865
0.38762 0.03016
0.39105 0.0316800
0.394410 0.03322
0.39769 0.03478
0.4009000 0.03639
0.40405 0.03803
0.407130 0.03973
0.41015 0.04147
0.41311000 0.04327
0.41602 0.04514
0.41887 0.04706
0.42166 0.04904
0.4244 0.051080
0.42705 0.05317
0.429620 0.05529
0.43204 0.0574
0.43428 0.05947
0.43627 0.06142
0.43797 0.06322
0.43938 0.06485
0.44051 0.06633
0.44141 0.067660
0.44226 0.06914
-Inserting Flap s1223rtl-
0.53977 0.171730
0.53967 0.17076
0.53952 0.169340
0.53922 0.167830
0.53871 0.16619
0.537980 0.16432
0.53701 0.162180
0.535790 0.15974
0.53435 0.15704
0.532720 0.15414
0.530940 0.15112
0.529060 0.1480500
0.52712 0.14497
0.52513 0.14192
0.52309 0.13891
0.52101 0.13595
0.51888 0.13301
0.51668 0.1301
0.51441 0.1272
0.51207 0.12428
0.50965 0.12133
0.50716 0.11834
0.50461 0.11533
0.50205 0.112310
0.4995 0.10932
0.49699 0.10641
0.49456 0.10363
0.49224 0.10106
0.49003 0.09872
0.48792 0.09664
0.48585 0.09479
0.48381 0.09314
0.48177 0.09168
0.47972 0.09039
0.47764 0.08928
0.47556 0.0883200
0.47347 0.08753
0.4714 0.086890
0.46938 0.08641
0.46747 0.08607
0.46572 0.08586
0.46416 0.08576
0.462790 0.08574
0.46161 0.0858
0.46058 0.08591
0.45969 0.086070
0.45891 0.08625
0.45823 0.08646
0.45763 0.08668
0.4571 0.08692
0.45663 0.08718
0.456230 0.08745
0.45588 0.08774
0.45559 0.08806
0.45537 0.08843
0.45528 0.08886
0.45537 0.08931
0.45558 0.08976
0.45588 0.09021
0.456260 0.09069
0.45672 0.09122
0.45728 0.09182
0.457960 0.09251
0.45882 0.09332
0.4599 0.09432
0.4613 0.09557
0.46308 0.0971100
0.46526 0.09892
0.467740 0.100910
0.47045 0.10299
0.47338 0.10515
0.476480 0.107390
0.47968 0.10969
0.48294 0.11201
0.48619 0.11434
0.48939 0.11664
0.49252 0.11893
0.49559 0.1212
0.49858 0.12347
0.50149 0.12574
0.50432 0.12803
0.50708 0.13033
0.50976 0.13265
0.51237 0.13501
0.5149 0.13741
0.51737 0.13984
0.51977 0.14233
0.5221 0.14485
0.52436000 0.14743
0.52655 0.15004
0.52865 0.152690
0.530660 0.15534
0.53253 0.15796
0.53424 0.16048
0.5357200 0.16284
0.53696 0.16498
0.53795 0.1669
0.53871 0.16860
0.53928 0.1701
0.53977 0.171730
*.*.Setup: s1223rtl.txt as Flap 1, Inverted: y, Scale = 1.0, AoA = -2.0, Reposition from (0,0) = (0, 0)*.*.
*.*.Setup: s1223rtl.txt as Flap 2, Inverted: y, Scale = 0.35, AoA = 31.666666666666668, Reposition from previous T.E. = (0.0067, 0.055), Reposition from (0,0) = (1.0061, 0.0201)*.*.
*.*.Setup: s1223rtl.txt as Flap 3, Inverted: y, Scale = 0.35, AoA = 45.0, Reposition from previous T.E. = (0.04, 0.055), Reposition from (0,0) = (1.3439, 0.2588)*.*.
*.*.Setup: Scale Ratio = 0.33917*.*.