0.34172 -0.01193
0.33946 -0.01362
0.33618 -0.01609
0.33241 -0.018440
0.32794 -0.02059
0.32259 -0.0227
0.31617 -0.02487
0.30865 -0.027110
0.30011 -0.02938
0.290790 -0.03163
0.28094 -0.03382
0.27079 -0.0359
0.260490 -0.03785
0.25016 -0.03964
0.23982 -0.04126
0.229470 -0.04271
0.21910 -0.043980
0.20866 -0.04507
0.19808 -0.046
0.18733 -0.0468
0.17636 -0.04749
0.16518 -0.04811
0.15384 -0.04867
0.14244 -0.04921
0.13112 -0.04971
0.12007 -0.050140
0.10945 -0.0504700
0.09946 -0.050640
0.090210 -0.05057
0.08167 -0.05021
0.07371 -0.04950
0.06623 -0.04844
0.05914 -0.04701
0.0524 -0.0452
0.04598 -0.04304
0.03987 -0.04052
0.03409 -0.0376800
0.028680 -0.03457
0.0237 -0.03127
0.01923 -0.0279
0.015350 -0.02462
0.01207 -0.02153
0.00936 -0.01869
0.00715 -0.016080
0.00537 -0.0137
0.00394 -0.0115200
0.0028 -0.00952
0.00189 -0.00767
0.00119 -0.00597
0.00066 -0.00438
0.00028 -0.00289
6e-05 -0.00151
-0.000029 -0.00021
8e-05 0.00103
0.00043 0.00222
0.00117 0.003240
0.00228 0.00396
0.00364 0.00439
0.005190 0.00465
0.00695 0.0048
0.008970 0.00486
0.01132 0.00485
0.01412 0.004760
0.01752 0.00457
0.02176 0.00425
0.02712 0.00375
0.03387 0.00301
0.0419500 0.0020
0.05101 0.00068
0.06073 -0.00095
0.07103 -0.00287
0.08184 -0.005
0.09298 -0.00724
0.10428 -0.00953
0.11555 -0.0118
0.12669 -0.01401
0.13767 -0.016130
0.14849 -0.01812
0.159140 -0.01996
0.16964 -0.02163
0.18001 -0.02311
0.19027 -0.0244
0.2004400 -0.02548
0.21053 -0.02634
0.22056 -0.02698
0.23054 -0.02739
0.24048 -0.02756
0.25039 -0.02751
0.26025 -0.02721
0.27006 -0.02669
0.27976 -0.02592
0.28929 -0.02494
0.29848 -0.02375
0.30715 -0.02238
0.31504 -0.02087
0.32198 -0.01927
0.327960 -0.0176
0.33303 -0.01586
0.33731 -0.01411
0.34172 -0.01193
-Inserting Flap s1223rtl-
0.44106 0.06087
0.44063 0.05998
0.44 0.058690
0.43919 0.05736
0.43814 0.05598
0.43681 0.05447
0.43515 0.05277
0.433160 0.05088
0.43086 0.04882
0.42831 0.04663
0.42559 0.04439
0.42275 0.04212
0.41985 0.03988
0.41691 0.03768
0.41395 0.035530
0.41095 0.03344
0.40792 0.03139
0.40483 0.02939
0.40168 0.02742
0.39846 0.02546
0.39515 0.0235
0.391760 0.02154
0.38831 0.01956
0.3848400 0.01758
0.38139 0.01563
0.37801 0.01373
0.37475 0.01195
0.37166 0.01031
0.36877 0.00885
0.36605 0.00761
0.36345 0.00657
0.36095 0.00571
0.35851 0.00503
0.35613 0.00452
0.35378 0.00418
0.35147 0.00399
0.34922 0.00396
0.34704 0.00407
0.34496 0.00431
0.34303 0.00465
0.3413 0.00505
0.33979 0.005490
0.33849 0.00595
0.33739 0.00641
0.33645 0.00687
0.33566 0.00733
0.33499 0.00777
0.33441 0.0082
0.33392 0.00862
0.3335 0.00903
0.33315 0.00943
0.33286 0.00983
0.33263 0.01023
0.33246 0.01063
0.33238 0.01105
0.33245 0.01149
0.33269 0.01189
0.33304 0.01224
0.33348 0.01257
0.33401 0.012890
0.33463 0.01323
0.33536 0.0136
0.33625 0.01402
0.33734 0.0145
0.33871 0.01508
0.34046 0.01577
0.34268 0.01661
0.34537 0.01758
0.3484 0.01861
0.35169 0.01965
0.35521 0.02068
0.35892 0.02174
0.36275 0.02281
0.36663 0.02389
0.37051 0.02497
0.37434 0.02605
0.3781 0.02714
0.38179 0.028240
0.3854 0.02935
0.38894 0.0305
0.39241 0.03169
0.39582 0.03292
0.39916 0.0342
0.40244 0.03553
0.40567 0.03693
0.40885 0.03838
0.411980 0.03991
0.41506 0.04150
0.41809 0.04316
0.42106 0.044880
0.42397 0.04666
0.42678 0.04848
0.42946 0.05031
0.43194 0.05212
0.43416 0.05384
0.43608 0.05544
0.43767 0.05692
0.43898 0.05826
0.44003 0.05949
0.44106 0.06087
-Inserting Flap s1223rtl-
0.53936 0.16772
0.53926 0.16674
0.53911 0.16531
0.53881 0.16378
0.53829 0.16212
0.53755 0.16025
0.53658 0.15809
0.53535 0.15563
0.5339 0.1529
0.53225 0.14998
0.53046 0.14694
0.52857 0.14384
0.52661 0.14074
0.5246 0.13767
0.52255 0.13463
0.52045 0.13164
0.5183 0.12868
0.51608 0.125750
0.5138 0.12282
0.51144 0.11987
0.50899 0.1169
0.50648 0.11389
0.50392 0.11085
0.50134 0.10781
0.49876 0.10479
0.49624 0.1018600
0.49379 0.09906
0.49144 0.09647
0.48922 0.09411
0.487090 0.09201
0.48501 0.09015
0.48295 0.08848
0.48089 0.08701
0.47882 0.08572
0.47673 0.08459
0.47463 0.08363
0.47252 0.08283
0.47043 0.08218
0.4684 0.0817
0.46648 0.08136
0.46471 0.08115
0.46313 0.081040
0.46176 0.08103
0.46057 0.08109
0.45953 0.0812
0.45863 0.08135
0.45785 0.08154
0.45716 0.08175
0.45655 0.081970
0.45602 0.08222
0.45555 0.08248
0.45514 0.08275
0.45479 0.08304
0.45450 0.08336
0.45428 0.08374
0.45419 0.08417
0.45427 0.08462
0.45449 0.085080
0.45479 0.08553
0.45517 0.08602
0.45564 0.08655
0.4562 0.08715
0.45689 0.08785
0.45775 0.08867
0.45885 0.08968
0.460260 0.09093
0.46205 0.09248
0.46424 0.09431
0.46674 0.09632
0.46948 0.09841
0.472430 0.100590
0.47555 0.10285
0.47879 0.105170
0.482070 0.10751
0.48534 0.10985
0.48857 0.11218
0.49173 0.11449
0.49482 0.11678
0.49784 0.11907
0.50077 0.12135
0.5036300 0.123650
0.5064 0.12597
0.50911 0.12832
0.51174 0.1307
0.51429 0.13311
0.51678 0.13557
0.5192 0.13807
0.52155 0.14062
0.52383 0.14322
0.52603 0.14585
0.52816 0.14852
0.53018 0.15119
0.53207 0.15383
0.53378 0.15637
0.53528 0.15875
0.53653 0.16091
0.537530 0.16284
0.5383 0.16455
0.538870 0.16607
0.53936 0.16772
*.*.Setup: s1223rtl.txt as Flap 1, Inverted: y, Scale = 1.0, AoA = -2.0, Reposition from (0,0) = (0, 0)*.*.
*.*.Setup: s1223rtl.txt as Flap 2, Inverted: y, Scale = 0.35, AoA = 25.0, Reposition from previous T.E. = (-0.0267, 0.065), Reposition from (0,0) = (0.9727, 0.0301)*.*.
*.*.Setup: s1223rtl.txt as Flap 3, Inverted: y, Scale = 0.35, AoA = 45.0, Reposition from previous T.E. = (0.04, 0.065), Reposition from (0,0) = (1.3299, 0.243)*.*.
*.*.Setup: Scale Ratio = 0.34193*.*.