0.35877 -0.01253
0.35641 -0.0143
0.35296 -0.0169
0.349 -0.019360
0.34431 -0.02162
0.33868 -0.02384
0.33195 -0.02611
0.32405 -0.028460
0.31509 -0.03085
0.30530 -0.03321
0.29496 -0.03551
0.2843 -0.03769
0.27350 -0.03974
0.26264 -0.04162
0.25178 -0.04332
0.240930 -0.04484
0.230040 -0.046170
0.21907 -0.04732
0.20797 -0.0483
0.19668 -0.04914
0.18516 -0.04986
0.17342 -0.05051
0.16151 -0.0511
0.14954 -0.05166
0.13767 -0.05219
0.12606 -0.052640
0.11492 -0.0529900
0.10442 -0.053160
0.094710 -0.0531
0.08574 -0.05272
0.07739 -0.051970
0.06953 -0.05086
0.06209 -0.04935
0.05502 -0.04746
0.04827 -0.04518
0.04186 -0.04254
0.03579 -0.0395600
0.030110 -0.03629
0.02488 -0.03283
0.02019 -0.0293
0.016120 -0.02585
0.01267 -0.02261
0.00982 -0.01962
0.00751 -0.016890
0.00564 -0.01439
0.00414 -0.012100
0.00294 -0.00999
0.00199 -0.00806
0.00125 -0.00626
0.00069 -0.0046
0.0003 -0.00304
7e-05 -0.00158
-0.000029 -0.00022
9e-05 0.00108
0.00045 0.00233
0.00123 0.00340
0.0024 0.00415
0.00382 0.00461
0.005450 0.00489
0.0073 0.00504
0.009420 0.00511
0.01189 0.0051
0.01482 0.0050
0.0184 0.0048
0.02284 0.00446
0.02848 0.00394
0.03556 0.00316
0.0440500 0.00210
0.05356 0.00072
0.06377 -0.001
0.07458 -0.00301
0.08592 -0.00525
0.09762 -0.0076
0.10948 -0.01
0.12131 -0.01239
0.13301 -0.01471
0.14454 -0.016930
0.1559 -0.01902
0.167080 -0.02095
0.17811 -0.02271
0.18899 -0.02427
0.19977 -0.02562
0.2104400 -0.02675
0.22104 -0.02765
0.23157 -0.02832
0.24204 -0.02875
0.25248 -0.02894
0.26288 -0.02888
0.27324 -0.02857
0.28353 -0.02802
0.29373 -0.02722
0.30372 -0.02619
0.31338 -0.02493
0.32247 -0.0235
0.33076 -0.02192
0.33805 -0.02023
0.344320 -0.01847
0.34965 -0.01666
0.35415 -0.01481
0.35877 -0.01253
-Inserting Flap s1223rtl-
0.44418 0.06959
0.443830 0.06861
0.44333 0.06719
0.44265 0.0657
0.441730 0.06413
0.44052 0.06240
0.439 0.06043
0.43715 0.05821
0.435 0.05578
0.43261 0.05319
0.43005 0.05051
0.42736 0.04781
0.42461 0.04512
0.42182 0.042460
0.41898 0.03986
0.41612 0.037310
0.4132 0.03481
0.41023 0.03235
0.40719 0.02991
0.40406 0.02747
0.40085 0.02503
0.39755 0.02256
0.3942 0.02008
0.39082 0.01759
0.38746 0.01514
0.38417 0.01275
0.38099 0.01049
0.37797 0.008400
0.37513 0.00654
0.37244 0.00491
0.36986 0.0035
0.36736 0.0023
0.3649 0.0013
0.36247 0.00048
0.360060 -0.00017
0.35768 -0.00065
0.35534 -0.00095
0.35305 -0.0011
0.35085 -0.00111
0.3488 -0.00099
0.34694 -0.00078
0.345310 -0.0005
0.3439 -0.00018
0.3427 0.00016
0.34167 0.00053
0.34079 0.00091
0.34003 0.00128
0.33938 0.00166
0.33881 0.00204
0.33833 0.00242
0.33791 0.0028
0.33756 0.00318
0.33727 0.00356
0.33705 0.00396
0.3369100 0.00439
0.33693 0.00486
0.33713 0.0053
0.33745 0.00571
0.33788 0.00611
0.33838 0.00651
0.33899 0.00694
0.33971 0.00742
0.34058 0.00796
0.34166 0.008590
0.34302 0.00936
0.344770 0.0103
0.34698 0.01145
0.34966 0.01278
0.3527 0.01423
0.356 0.01571
0.35954 0.01722
0.36328 0.01877
0.36715 0.02035
0.37107 0.02195
0.37498 0.02355
0.37884 0.02515
0.382630 0.02674
0.38634 0.02833
0.38997 0.0299400
0.39352 0.03157
0.397 0.03323
0.4004 0.03492
0.40373 0.03667
0.40699 0.03846
0.41018 0.0403
0.41332 0.04221
0.4164 0.04418
0.41941 0.04622
0.42237 0.04832
0.42526 0.050480
0.42808 0.05269
0.43079 0.05493
0.43336 0.05717
0.43573 0.05935
0.43784 0.06142
0.43963 0.06332
0.441120 0.06505
0.44232 0.06662
0.443270 0.068030
0.44418 0.06959
-Inserting Flap s1223rtl-
0.53684 0.17369
0.536640 0.17267
0.53635 0.17119
0.535890 0.16962
0.53520 0.16794
0.53426 0.166040
0.53304 0.16387
0.53154 0.16141
0.52976 0.15869
0.52777 0.15578
0.52562 0.15277
0.52336 0.1497
0.52103 0.14664
0.51865 0.14361
0.516220 0.14062
0.51375 0.13768
0.51123 0.13479
0.50865 0.13192
0.505990 0.12907
0.50325 0.1262
0.50042 0.12332
0.49752 0.1204
0.49456 0.11746
0.49158 0.11451
0.48862 0.11159
0.48570 0.108750
0.48288 0.10605
0.4802 0.10355
0.477650 0.10129
0.47523 0.09929
0.47289 0.09753
0.47058 0.09598
0.46829 0.09463
0.46601 0.09346
0.46372 0.09248
0.46144 0.09166
0.459160 0.09101
0.45692 0.090530
0.45475 0.09021
0.4527 0.090030
0.45083 0.08997
0.44918 0.09001
0.44774 0.09012
0.44649 0.09029
0.44542 0.0905
0.4445 0.09075
0.44369 0.09101
0.44299 0.09129
0.442380 0.09159
0.44184 0.09189
0.44137 0.0922
0.44097 0.09253
0.44063 0.09286
0.44036 0.09322
0.44016 0.09364
0.44011 0.09410
0.440240 0.09456
0.4405 0.09502
0.44086 0.09547
0.4413 0.09594
0.44184 0.09646
0.44248 0.097030
0.443270 0.0977
0.44425 0.09848
0.445480 0.09943
0.44707 0.10062
0.44909 0.10207
0.45155 0.1037800
0.454350 0.10565
0.4574 0.1076
0.46069 0.1096
0.46416 0.11168
0.46776 0.11381
0.4714 0.11596
0.47504 0.11811
0.47863 0.12025
0.48215 0.12237
0.48559 0.12449
0.48895 0.1266
0.49223 0.128730
0.49543 0.13087
0.49854 0.13304
0.50159 0.13525
0.504550 0.1375
0.50745 0.13979
0.51028 0.14213
0.513030 0.14453
0.51572 0.14698
0.518350 0.14948
0.52089 0.15204
0.523360 0.15463
0.52572 0.157240
0.5279300 0.15983
0.52996 0.16233
0.53175 0.164680
0.533250 0.16683
0.53447 0.16876
0.53543 0.17048
0.53617 0.17201
0.53684 0.17369
*.*.Setup: s1223rtl.txt as Flap 1, Inverted: y, Scale = 1.0, AoA = -2.0, Reposition from (0,0) = (0, 0)*.*.
*.*.Setup: s1223rtl.txt as Flap 2, Inverted: y, Scale = 0.35, AoA = 31.666666666666668, Reposition from previous T.E. = (-0.06, 0.045), Reposition from (0,0) = (0.9394, 0.0101)*.*.
*.*.Setup: s1223rtl.txt as Flap 3, Inverted: y, Scale = 0.35, AoA = 40.0, Reposition from previous T.E. = (-0.01, 0.065), Reposition from (0,0) = (1.2273, 0.2588)*.*.
*.*.Setup: Scale Ratio = 0.35899*.*.