0.34425 -0.01202
0.34198 -0.01373
0.33867 -0.01621
0.33488 -0.018570
0.33038 -0.02075
0.32498 -0.02287
0.31852 -0.02506
0.31094 -0.027310
0.30234 -0.0296
0.292950 -0.03187
0.28303 -0.03407
0.2728 -0.03616
0.262430 -0.03813
0.25201 -0.03993
0.24159 -0.04157
0.231180 -0.04303
0.220730 -0.04430
0.21021 -0.0454
0.19955 -0.04634
0.18872 -0.04715
0.17767 -0.04784
0.1664 -0.04846
0.15498 -0.04904
0.14349 -0.04957
0.1321 -0.05008
0.12096 -0.050510
0.11026 -0.0508400
0.1002 -0.051010
0.090880 -0.05095
0.08227 -0.05058
0.07426 -0.049870
0.06672 -0.0488
0.05958 -0.04735
0.05279 -0.04554
0.04632 -0.04336
0.04016 -0.04082
0.03434 -0.0379600
0.028890 -0.03482
0.02388 -0.0315
0.01938 -0.02811
0.015460 -0.0248
0.01216 -0.02169
0.00943 -0.01882
0.00721 -0.01620
0.00541 -0.01381
0.00397 -0.0116100
0.00282 -0.00959
0.00191 -0.00773
0.00119 -0.00601
0.00066 -0.00441
0.00029 -0.00292
6e-05 -0.00152
-0.000029 -0.00021
8e-05 0.00104
0.00044 0.00224
0.00118 0.003270
0.0023 0.00398
0.00367 0.00442
0.005230 0.00469
0.00701 0.00484
0.009040 0.0049
0.01141 0.00489
0.01422 0.00480
0.01765 0.00461
0.02192 0.00428
0.02732 0.00378
0.03412 0.00304
0.0422700 0.002020
0.05139 0.00069
0.06118 -0.00096
0.07156 -0.00289
0.08245 -0.00503
0.09367 -0.00729
0.10505 -0.0096
0.11641 -0.01189
0.12763 -0.01412
0.13869 -0.016250
0.14959 -0.01825
0.160320 -0.02011
0.1709 -0.02179
0.18135 -0.02328
0.19168 -0.02458
0.2019300 -0.02567
0.21209 -0.02654
0.22219 -0.02718
0.23225 -0.02759
0.24226 -0.02777
0.25224 -0.02771
0.26218 -0.02741
0.27206 -0.02688
0.28184 -0.02612
0.29143 -0.02513
0.3007 -0.02392
0.30942 -0.02254
0.31737 -0.02103
0.32437 -0.01941
0.330390 -0.01773
0.3355 -0.01598
0.33981 -0.01421
0.34425 -0.01202
-Inserting Flap s1223rtl-
0.43285 0.05788
0.43242 0.05698
0.431780 0.055680
0.430970 0.05434
0.42991 0.05295
0.42857 0.05143
0.4269 0.04972
0.42489 0.04781
0.42257 0.04573
0.42001 0.04353
0.41726 0.04127
0.41441 0.03899
0.411480 0.03673
0.40852 0.03451
0.40553 0.032350
0.40252 0.03024
0.39946 0.02818
0.39635 0.02617
0.39318 0.02418
0.38993 0.02221
0.3866 0.02023
0.38318 0.01825
0.37971 0.01626
0.37621 0.01426
0.37274 0.0123
0.3693300 0.01039
0.36605 0.00859
0.36294 0.00694
0.36002 0.00548
0.35728 0.00422
0.35467 0.00317
0.35215 0.00231
0.34969 0.00162
0.34729 0.00111
0.34492 0.00076
0.3426 0.00058
0.34033 0.00054
0.33813 0.00065
0.33604 0.00089
0.334100 0.00124
0.33235 0.00165
0.33082 0.002090
0.32952 0.00255
0.32841 0.00302
0.327470 0.00348
0.32667 0.00393
0.32599 0.00438
0.32541 0.00482
0.32491 0.00524
0.32449 0.00565
0.32414 0.00606
0.32385 0.00646
0.32362 0.00686
0.32345 0.00726
0.32337 0.00769
0.32344 0.00813
0.32367 0.00853
0.32403 0.00889
0.32447 0.00922
0.325 0.009550
0.32563 0.00989
0.32637 0.01026
0.32726 0.01068
0.32836 0.01117
0.32974 0.01174
0.33151 0.01244
0.33374 0.01329
0.33645 0.01427
0.339500 0.0153
0.34282 0.01635
0.34636 0.01739
0.3501 0.01845
0.35396 0.01953
0.35787 0.02062
0.361780 0.02171
0.36563 0.0228
0.36942 0.02389
0.37314 0.0250
0.37678 0.02613
0.380340 0.02728
0.38384 0.02848
0.38727 0.02972
0.39064 0.031
0.39394 0.03235
0.3972 0.03375
0.4004 0.03522
0.40355 0.03676
0.40665 0.038360
0.4097 0.04003
0.4127 0.041770
0.41563 0.04356
0.41846 0.0454
0.42116 0.04724
0.42366 0.04906
0.4259 0.0508
0.42783 0.05241
0.42944 0.05389
0.43075 0.05525
0.43182 0.05649
0.43285 0.05788
-Inserting Flap s1223rtl-
0.53899 0.15087
0.5388 0.1499
0.538520 0.14848
0.53808 0.14697
0.53742 0.145350
0.53652 0.14354
0.53535 0.141450
0.5339 0.13909
0.5322 0.136480
0.53029 0.13369
0.528230 0.1308
0.52606 0.127860
0.52382 0.12492
0.521530 0.12201
0.51921 0.11914
0.516840 0.11633
0.51442 0.11355
0.51194 0.1108
0.50939 0.10806
0.50676 0.10531
0.50405 0.10254
0.50126 0.09974
0.49843 0.09692
0.49556 0.09409
0.49272 0.09129
0.48992 0.08857
0.48722 0.08598
0.48464 0.08357
0.4822 0.08141
0.479880 0.07949
0.47763 0.0778
0.47541 0.07631
0.47322 0.07501
0.471030 0.0739
0.46883 0.072950
0.46664 0.07216
0.46445 0.07155
0.4623 0.07109
0.46022 0.07078
0.45826 0.0706
0.45646 0.07055
0.45487 0.07058
0.45349 0.07069
0.4523 0.07085
0.45127 0.07105
0.450380 0.07129
0.44961 0.07154
0.44894 0.07181
0.44835 0.07209
0.44784 0.07238
0.44739 0.072690
0.447 0.073
0.44668 0.07332
0.44641 0.07367
0.44622 0.07406
0.44617 0.0745
0.4463 0.074950
0.44655 0.07539
0.4469 0.07582
0.44732 0.07628
0.44784 0.07677
0.44845 0.07732
0.44921 0.07796
0.45014 0.07871
0.45133 0.07962
0.45285 0.08076
0.4548 0.08216
0.45715 0.0838
0.45984 0.08559
0.46277 0.08746
0.4659200 0.08938
0.46925 0.09138
0.4727 0.09342
0.4762 0.09548
0.47969 0.09755
0.483140 0.0996
0.48651 0.10163
0.489810 0.10366
0.49304 0.10569
0.49619 0.10773
0.49925 0.10979
0.50225 0.11187
0.505160 0.11399
0.50801 0.11615
0.51079 0.11834
0.5135 0.12059
0.51615 0.122890
0.51873 0.12524
0.52125 0.12765
0.52369 0.1301
0.52605 0.13259
0.52832 0.13509
0.53045 0.13758
0.53239 0.13998
0.53411 0.14223
0.53555 0.14429
0.53672 0.14614
0.53764 0.14779
0.538350 0.14926
0.53899 0.15087
*.*.Setup: s1223rtl.txt as Flap 1, Inverted: y, Scale = 1.0, AoA = -2.0, Reposition from (0,0) = (0, 0)*.*.
*.*.Setup: s1223rtl.txt as Flap 2, Inverted: y, Scale = 0.35, AoA = 25.0, Reposition from previous T.E. = (-0.06, 0.055), Reposition from (0,0) = (0.9394, 0.0201)*.*.
*.*.Setup: s1223rtl.txt as Flap 3, Inverted: y, Scale = 0.35, AoA = 40.0, Reposition from previous T.E. = (0.04, 0.045), Reposition from (0,0) = (1.2966, 0.213)*.*.
*.*.Setup: Scale Ratio = 0.34446*.*.