0.36488 -0.03072
0.36408 -0.031470
0.36248 -0.03293
0.360110 -0.03507
0.3571 -0.03774
0.353620 -0.04075
0.34982 -0.0439
0.34586 -0.04699
0.34189 -0.049880
0.33793 -0.05255
0.33397 -0.05504
0.33001 -0.057380
0.32607 -0.059590
0.32212 -0.06171
0.31818 -0.06374
0.31424 -0.06569
0.3103 -0.06756
0.30637 -0.06936
0.30244 -0.07109
0.29851 -0.07275
0.29458 -0.07435
0.29066 -0.07589
0.28673 -0.07738
0.28281 -0.07881
0.27889 -0.08018
0.27498 -0.0815
0.27106 -0.08275
0.26715 -0.08394
0.26324 -0.08506
0.25933 -0.08612
0.25542 -0.08714
0.25152 -0.08811
0.24761 -0.08906
0.24371 -0.08997
0.23981 -0.09086
0.23591 -0.09171
0.23201 -0.09252
0.22811 -0.09328
0.22421 -0.094
0.22032 -0.09466
0.21643 -0.09527
0.21254 -0.09584
0.20865 -0.09637
0.20476 -0.09685
0.20087 -0.09728
0.19699 -0.097680
0.19310 -0.09804
0.18922 -0.09837
0.18534 -0.09866
0.18146 -0.09891
0.17758 -0.09912
0.1737 -0.09929
0.16983 -0.09941
0.16595 -0.099490
0.16208 -0.09952
0.15821 -0.09951
0.15434 -0.09945
0.15047 -0.09934
0.14661 -0.09918
0.14275 -0.09898
0.13888 -0.09873
0.13502 -0.09843
0.13116 -0.09808
0.12731 -0.09768
0.12345 -0.09723
0.1196 -0.09673
0.11574 -0.0962
0.11189 -0.09563
0.10804 -0.0950200
0.10419 -0.09436
0.10035 -0.09366
0.0965 -0.09288
0.09266 -0.09202
0.08882 -0.09108
0.08499 -0.09005
0.08116 -0.08893
0.07733 -0.087720
0.0735 -0.08642
0.06968 -0.08503
0.06586 -0.08355
0.06205 -0.081940
0.05823 -0.0802
0.05443 -0.07831
0.05063 -0.07626
0.046840 -0.07406
0.04305 -0.0717
0.03926 -0.06919
0.03549 -0.06653
0.03171 -0.06372
0.02795 -0.06069
0.02419 -0.057360
0.02045 -0.05366
0.01672 -0.04952
0.01304 -0.04489
0.00952 -0.039910
0.00632 -0.03477
0.00358 -0.02963
0.00146 -0.02469
7e-05 -0.0201
-0.00043 -0.012430
0.00044 -0.00956
0.00206 -0.00748
0.0044 -0.00623
0.00734 -0.00573
0.01071 -0.00581
0.01439 -0.00635
0.0182 -0.00718
0.02204 -0.008190
0.02587 -0.00934
0.0297 -0.01063
0.03352 -0.01204
0.03733 -0.01358
0.04115 -0.01523
0.04496 -0.01698
0.04876 -0.01882
0.05257 -0.020730
0.05637 -0.02269
0.06017 -0.02469
0.06397 -0.02672
0.06777 -0.02878
0.07157 -0.03084
0.07537 -0.032890
0.07917 -0.03494
0.08297 -0.03696
0.08677 -0.03896
0.09058 -0.04093
0.09438 -0.04288
0.09818 -0.04478
0.10199 -0.04666
0.1058 -0.04849
0.1096 -0.05028
0.11342 -0.05203
0.11723 -0.05374
0.12104 -0.0554
0.12485 -0.05702
0.12867 -0.05859
0.13249 -0.06012
0.13631 -0.061590
0.14013 -0.06302
0.14395 -0.0644
0.14778 -0.06572
0.1516 -0.06699
0.15543 -0.06821
0.15926 -0.06937
0.1631 -0.07048
0.16693 -0.07152
0.170770 -0.07251
0.17461 -0.07343
0.17845 -0.0743
0.18229 -0.075110
0.18613 -0.07587
0.18998 -0.07659
0.19383 -0.07727
0.19768 -0.07789
0.20153 -0.07847
0.20538 -0.07898
0.20924 -0.07942
0.2131 -0.0798
0.21696 -0.0801
0.22082 -0.080320
0.22469 -0.08048
0.22855 -0.08057
0.23242 -0.080590
0.2363 -0.0805300
0.240170 -0.08041
0.24405 -0.080210
0.24793 -0.07994
0.25182 -0.07958
0.2557 -0.07915
0.25959 -0.07864
0.26348 -0.07804
0.26738 -0.07735
0.27128 -0.07658
0.27518 -0.07572
0.27908 -0.07476
0.28299 -0.07371
0.2869 -0.07256
0.29082 -0.0713
0.29474 -0.06994
0.2986600 -0.06849
0.30258 -0.06695
0.30651 -0.06532
0.31044 -0.06362
0.31437 -0.06184
0.31831 -0.05998
0.32225 -0.05805
0.326190 -0.05605
0.33013 -0.05397
0.33408 -0.05181
0.33803 -0.04953
0.34199 -0.04711
0.34595 -0.04455
0.34989 -0.04185
0.35367 -0.03913
0.35714 -0.03656
0.36014 -0.03428
0.3625 -0.03247
0.36409 -0.03124
0.36488 -0.03072
-Inserting Flap Ga2-
0.42158 0.03857
0.42159 0.03835
0.42158 0.03792
0.42157 0.03728
0.42155 0.03648
0.421510 0.03556
0.42146 0.03457
0.42137 0.03357
0.4212500 0.0326
0.42110 0.03165
0.42092 0.030730
0.42073 0.02984
0.42051 0.02896
0.42028 0.02809
0.42004 0.02724
0.41979 0.0264
0.41953 0.02556
0.41925 0.02474
0.41897 0.02393
0.41868 0.02313
0.41838 0.02234
0.41807 0.02155
0.41775 0.02078
0.41742 0.02001
0.41709 0.01925
0.41675 0.0185
0.4164 0.01775
0.41604 0.017020
0.41567 0.01629
0.41529 0.01558
0.41491 0.01487
0.41452 0.01416
0.41412 0.01346
0.41372 0.01277
0.41332 0.01207
0.41291 0.01139
0.4125 0.01071
0.41208 0.01003
0.41165 0.00937
0.41122 0.00871
0.41078 0.00805
0.41033 0.00741
0.40988 0.00677
0.40942 0.00613
0.40895 0.0055
0.40848 0.00488
0.408 0.00426
0.40752 0.00365
0.40703 0.00304
0.40654 0.00244
0.40604 0.00185
0.40554 0.00126
0.40503 0.00067
0.40451 9e-05
0.40399 -0.00048
0.40346 -0.00104
0.40292 -0.0016
0.40238 -0.00215
0.40183 -0.00269
0.40127 -0.00323
0.40071 -0.00376
0.40014 -0.00429
0.39956 -0.00480
0.39897 -0.00531
0.39838 -0.00581
0.39778 -0.00631
0.39718 -0.0068
0.39657 -0.00729
0.39596 -0.00777
0.39534 -0.008240
0.39471 -0.00871
0.394070 -0.00916
0.39342 -0.00961
0.39276 -0.01004
0.39208 -0.01046
0.3914 -0.01087
0.3907 -0.01126
0.38999 -0.01165
0.38926 -0.01202
0.38852 -0.01237
0.38777 -0.01271
0.38699 -0.01303
0.3862 -0.01333
0.38538 -0.01361
0.38454 -0.01386
0.38368 -0.01409
0.3828 -0.0143
0.38189 -0.01449
0.38097 -0.01466
0.38001 -0.0148
0.37901 -0.01489
0.37796 -0.01494
0.37684 -0.01492
0.37567 -0.01482
0.37446 -0.01466
0.37327 -0.01443
0.37214 -0.01413
0.37113 -0.01376
0.37027 -0.01334
0.36908 -0.01237
0.36878 -0.01185
0.3687 -0.01133
0.36883 -0.01082
0.36916 -0.01032
0.36963 -0.00984
0.37021 -0.00937
0.37085 -0.00893
0.37152 -0.0085
0.37221 -0.0081
0.37293 -0.00772
0.37365 -0.00735
0.3744 -0.007
0.37516 -0.00667
0.37594 -0.00635
0.37672 -0.00604
0.37752 -0.00575
0.378330 -0.00546
0.37914 -0.00518
0.379960 -0.00490
0.38077 -0.00462
0.38159 -0.00435
0.38241 -0.00407
0.38323 -0.00379
0.38404 -0.00351
0.38486 -0.00323
0.38566 -0.002940
0.38647 -0.00265
0.38726 -0.00236
0.38806 -0.00206
0.38884 -0.001750
0.38963 -0.00144
0.39040 -0.00112
0.39117 -0.00079
0.39193 -0.00046
0.39269 -0.000120
0.39344 0.0002200
0.39419 0.00057
0.39492 0.00093
0.39565 0.00129
0.39638 0.00166
0.397090 0.00204
0.3978 0.00243
0.3985 0.00282
0.39919 0.00322
0.39988 0.00363
0.40055 0.004050
0.40122 0.00448
0.401880 0.00491
0.40253 0.005360
0.40317 0.00581
0.40381 0.00627
0.40444 0.00673
0.40506 0.0072
0.405680 0.00768000
0.40629 0.00817
0.40689 0.00866
0.40748 0.00916
0.408060 0.00968
0.408630 0.01020
0.40919 0.010730
0.40974 0.01128
0.41028 0.01183
0.41081 0.0124
0.41133 0.01297
0.41184 0.01355
0.41234 0.01415
0.41283 0.01475
0.41331 0.01537
0.41378 0.016
0.41423 0.01664
0.41467 0.01729
0.41511 0.01795
0.41552 0.01862
0.41593 0.01931
0.41632 0.02001
0.4167 0.020730
0.417070 0.02146
0.41742 0.02220
0.41775 0.02296
0.41808 0.02373
0.41839 0.02452
0.418680 0.02531
0.41897 0.02612
0.419250 0.02694
0.41951 0.02777
0.41977 0.028610
0.42001 0.02946
0.42025 0.03032
0.42047 0.03119
0.42067 0.03208
0.42086 0.03299
0.42102 0.03392
0.421170 0.03486
0.42129 0.03579
0.421380 0.03664
0.42146 0.03739
0.42151 0.037980
0.42155 0.03838
0.42158 0.03857
-Inserting Flap Ga2-
0.49048 0.10787
0.49048 0.10765
0.490470 0.10722
0.49046 0.10658
0.49044 0.10577
0.49041 0.10485
0.49035 0.10387
0.49026 0.102870
0.49014 0.10189
0.48999 0.10095
0.48982 0.10003
0.48962 0.09913
0.48941 0.09825
0.48918 0.09739
0.48894 0.09653
0.48868 0.09569
0.48842 0.094860
0.48815 0.09404
0.48786 0.09323
0.48757 0.09243
0.48727 0.09163
0.48696 0.09085
0.48664 0.09007
0.48632 0.0893
0.48598 0.0885400
0.48564 0.08779
0.4852900 0.087050
0.48493 0.08631
0.48456 0.08559
0.48418 0.08487
0.4838 0.08416
0.48341 0.08346
0.48301 0.08276
0.48262 0.08206
0.48221 0.08137
0.48181 0.08068
0.48139 0.08
0.48097 0.07933
0.48055 0.078660
0.48011 0.078
0.47967 0.07735
0.47922 0.0767
0.47877 0.076060
0.478310 0.07543
0.47784 0.0748
0.47737 0.07418
0.47689 0.07356
0.47641 0.07295
0.47592 0.07234
0.47543 0.07174
0.47493 0.07114
0.47443 0.07055
0.47392 0.06997
0.4734 0.069390
0.47288 0.068820
0.47235 0.06826
0.47181 0.0677
0.47127 0.06715
0.47072 0.0666
0.47016 0.06607
0.4696 0.06553
0.46903 0.06501
0.46845 0.06449
0.46787 0.06398
0.46727 0.06348
0.46668 0.06299
0.46607 0.0625
0.46546 0.062010
0.46485 0.06153
0.46423 0.06106
0.4636 0.06059
0.462960 0.060130
0.46231 0.05969
0.46165 0.05926
0.46098 0.05884
0.46029 0.05843
0.45959 0.05803
0.45888 0.057650
0.45816 0.05728
0.45742 0.05692
0.45666 0.05659
0.45589 0.05627
0.45509 0.05597
0.45428 0.055690
0.45343 0.05544
0.45257 0.05520
0.45169 0.05499
0.45079 0.0548
0.44986 0.05463
0.4489 0.0545
0.4479 0.0544
0.44685 0.05436
0.44574 0.05438
0.44456 0.05447
0.44335 0.05464
0.44216 0.05487
0.44104 0.05517
0.44002 0.05553
0.43916 0.05596
0.43797 0.05693
0.43767 0.05745
0.43759 0.05797
0.43773 0.05848
0.438050 0.05898
0.43853 0.059460
0.4391 0.059930
0.43975 0.06037
0.44042 0.06079
0.44111 0.0612
0.44182 0.06158
0.442550 0.06195
0.44329 0.06229
0.44405 0.06263
0.44483 0.06295
0.44562 0.06325
0.44642 0.06355
0.44722 0.06384
0.448030 0.06412
0.448850 0.0644
0.44967 0.06467
0.45049 0.06495
0.45131 0.065220
0.45212 0.0655
0.45294 0.06578
0.45375 0.06606
0.45456 0.06635
0.455360 0.06664
0.45616 0.06694
0.45695 0.06724
0.45774 0.06755
0.45852 0.06786
0.45929 0.06818
0.46006 0.0685
0.46083 0.068830
0.46158 0.06917
0.46233 0.06952
0.46308 0.069870
0.46382 0.07022
0.46455 0.07059
0.46527 0.07096
0.46598 0.07134
0.46669 0.07172
0.46739 0.07212
0.46808 0.07252
0.46877 0.07293
0.46944 0.07335
0.47011 0.07378
0.4707700 0.074210
0.471420 0.07465
0.47206 0.07511
0.4727 0.07556
0.47333 0.07603
0.47395 0.0765
0.474570 0.07698
0.47518 0.07746
0.47578 0.07796
0.47637 0.07846
0.47695 0.07897
0.477520 0.0795
0.47808 0.08003
0.47863 0.080570
0.47917 0.08113
0.4797 0.08169
0.48022 0.08227
0.48074 0.08285
0.48124 0.08344
0.48172 0.08405
0.4822 0.08466
0.48267 0.08529
0.48312 0.08593
0.48357 0.08658
0.484 0.087250
0.48442 0.08792
0.48482 0.08861
0.48522 0.08931
0.4856 0.09003
0.48596 0.09076
0.48631 0.0915
0.48665 0.09226
0.48697 0.09303
0.48728 0.093810
0.48758 0.09461
0.48786 0.09542
0.488140 0.09624
0.48841 0.09706
0.48866 0.0979
0.4889 0.09875
0.48914 0.09961
0.48936 0.10049
0.48957 0.10138
0.4897500 0.10228
0.48992 0.10321
0.490060 0.10416
0.49018 0.10508
0.490280 0.10594
0.49035 0.10669
0.49041 0.10728
0.49045 0.10768
0.49048 0.10787
*.*.Setup: Ga2.txt as Flap 1, Inverted: y, Scale = 1.0, AoA = -2.0, Reposition from (0,0) = (0, 0)*.*.
*.*.Setup: Ga2.txt as Flap 2, Inverted: y, Scale = 0.2, AoA = 45.0, Reposition from previous T.E. = (0.0067, 0.055), Reposition from (0,0) = (1.0043, -0.029)*.*.
*.*.Setup: Ga2.txt as Flap 3, Inverted: y, Scale = 0.2, AoA = 45.0, Reposition from previous T.E. = (0.04, 0.055), Reposition from (0,0) = (1.1927, 0.1605)*.*.
*.*.Setup: Scale Ratio = 0.36573*.*.