0.33606 0.01174
0.33396 0.00992
0.33091 0.00728
0.32737 0.00472
0.32314 0.00229
0.31802 -0.00014
0.31188 -0.00271
0.30465 -0.005420
0.29643 -0.00824
0.28744 -0.01109
0.27793 -0.01390
0.26811 -0.01664
0.25815 -0.01926
0.24813 -0.02173
0.2381 -0.02403
0.22805 -0.02616
0.2179600 -0.02811
0.20779 -0.0299
0.19748 -0.03154
0.18699 -0.03306
0.17627 -0.03449
0.16535 -0.03586
0.15426 -0.0372
0.14311 -0.0385
0.13205 -0.03977
0.12123 -0.04095
0.11084 -0.042
0.1010500 -0.04285
0.09197 -0.04342
0.08356 -0.04365
0.07571 -0.04351
0.06829 -0.04298
0.06125 -0.04206
0.0545100 -0.04075
0.04806 -0.03907
0.04189 -0.03702
0.03603 -0.03463
0.0305 -0.03194
0.02539 -0.02905
0.02078 -0.02606
0.01675 -0.0231
0.0133200 -0.0203
0.01046 -0.01769
0.00812 -0.01529
0.00621 -0.01308
0.00466 -0.01103
0.0034 -0.00915
0.00238 -0.0074
0.00157 -0.00577
0.00094 -0.00425
0.00048 -0.00282
0.00017 -0.00147
0.000013 -0.0002
0.000035 0.00101
0.00027 0.00221
0.00093 0.00326
0.00197 0.00404
0.003270 0.00456
0.00478 0.00492
0.006490 0.00519
0.00847 0.00539
0.01078 0.00554
0.01353 0.00564
0.01688 0.00569
0.021050 0.00566
0.02635 0.00554
0.03302 0.00528
0.04102 0.00484
0.05 0.00417
0.05965 0.00323
0.06988 0.00206
0.08063 0.00071
0.09171 -0.00072
0.10295 -0.00219
0.11417 -0.00365
0.12525 -0.005060
0.13617 -0.00638
0.14691 -0.00759
0.15749 -0.008660
0.16790 -0.00958
0.17818 -0.01033
0.18833 -0.01089
0.19838 -0.01125
0.20834 -0.0114
0.21822 -0.01134
0.22804 -0.01105
0.23781 -0.01054
0.24752 -0.00981
0.25718 -0.0088400
0.26676 -0.00765
0.27623 -0.006240
0.28551 -0.00462
0.29445 -0.00282
0.30285 -0.00088
0.31049 0.00113
0.3172 0.00318
0.32294 0.00524
0.3278 0.00728
0.33188 0.00930
0.33606 0.01174
-Inserting Flap s1223rtl-
0.44967 0.08865
0.449350 0.08774
0.44888 0.0864
0.44825 0.08501
0.447380 0.08354
0.44625 0.08192
0.44482 0.080070
0.4431 0.07799
0.44108 0.07571
0.43884 0.07329
0.43644 0.07079
0.43393 0.06825
0.43135 0.06573
0.42873 0.06324
0.42608 0.06081
0.42339 0.05842
0.42066 0.05608
0.41788 0.05377
0.41503 0.051480
0.4121 0.0492
0.40909 0.04691
0.406 0.0446
0.40286 0.04228
0.3997 0.03995
0.39655 0.037650
0.39347 0.03541
0.39049 0.03329
0.38766 0.03134
0.385 0.02959
0.38248 0.02807
0.38007 0.02675
0.37772 0.02563
0.37542 0.02469
0.37314 0.02392
0.370890 0.02331
0.36866 0.02287
0.36646 0.02258
0.36432 0.02244
0.36226 0.02243
0.36034 0.02254
0.3586 0.02274
0.357070 0.023
0.35575 0.02330
0.35462 0.02362
0.35366 0.02397
0.35283 0.024320
0.35212 0.02467
0.35151 0.02503
0.35098 0.025380
0.35053 0.02574
0.35014 0.02609
0.34981 0.02645
0.34954 0.02681
0.34933 0.02718
0.3492100 0.02759
0.34922 0.02802
0.34941 0.02844
0.34971 0.02882
0.35011 0.02919
0.35058 0.02957
0.35115 0.02997
0.35182 0.030420
0.35264 0.030930
0.35365 0.03152
0.35493 0.03224
0.356560 0.03312
0.35863 0.03419
0.36114 0.03545
0.36399 0.03680
0.36709 0.03818
0.3704 0.0396
0.3739 0.04105
0.37752 0.04253
0.3812 0.04403
0.38486 0.04553
0.38847 0.04703
0.392020 0.04852
0.3955 0.05001
0.3989 0.05151
0.40223 0.05304
0.40548 0.05459
0.40867 0.05618
0.41179 0.05781
0.41484 0.05949
0.41784 0.06122
0.42077 0.06301
0.42365 0.06486
0.42648 0.06676
0.42925 0.06873
0.43196 0.07075
0.4346 0.07282
0.43714 0.07492
0.43954 0.07702
0.44176 0.07906
0.44374 0.081
0.44542 0.082780
0.446810 0.0844
0.44793 0.08587
0.448830 0.08719
0.44967 0.08865
-Inserting Flap s1223rtl-
0.54635 0.187
0.54624 0.186040
0.54609 0.18463
0.5458 0.18313
0.54529 0.1815
0.54456 0.17966
0.5436 0.17753
0.5424 0.17512
0.54097 0.17243
0.53935 0.16956
0.53759 0.166570
0.53573 0.16352
0.5338 0.16047
0.53183 0.157450
0.52981 0.15447
0.52774 0.15152
0.52563 0.14862
0.52345 0.14573
0.5212 0.14285
0.51888 0.13995
0.51648 0.13703
0.51401 0.13407
0.51149 0.13108
0.50895 0.12809
0.50642 0.12512
0.50393 0.12224
0.50152 0.11949
0.49922 0.116930
0.49703 0.11462
0.494930 0.11256
0.49289 0.11072
0.49087 0.10908
0.48884 0.10764
0.4868 0.10636
0.48475 0.10526
0.48268 0.10431
0.48061 0.10352
0.47856 0.10289
0.47656 0.10241
0.47466 0.102080
0.47293 0.10187
0.47138 0.10177
0.47003 0.10175
0.46885 0.10181
0.46784 0.10192
0.46695 0.10207
0.46618 0.10225
0.4655 0.10246
0.46491 0.10268
0.46438 0.10292
0.46392 0.10318
0.46352 0.10345
0.46317 0.103730
0.462890 0.10405
0.46267 0.10441
0.46258 0.10484
0.46267 0.10529
0.46287 0.10573
0.46317 0.10618
0.46355 0.10666
0.46401 0.10718
0.46456 0.10777
0.46524 0.10846
0.46609 0.10927
0.46716 0.11026
0.46855 0.11149
0.47032 0.11302
0.47247 0.11481
0.47493 0.11679
0.47762 0.11885
0.480520 0.12099
0.48359 0.12321
0.48677 0.12549
0.49 0.1278
0.49322 0.1301
0.49639 0.13239
0.4995 0.13465
0.50254 0.13691
0.5055 0.13916
0.50839 0.14141
0.5112 0.14367
0.51393 0.14595
0.51659 0.14826
0.51918 0.15060
0.52169 0.15297
0.52414 0.15539
0.52651 0.15785
0.52883 0.16036
0.53107 0.16291
0.53324 0.1655
0.53532 0.16812
0.53731 0.17075
0.53917 0.17335
0.54086 0.17585
0.54233 0.178190
0.54356 0.18031
0.5445400 0.18221
0.54529 0.18389
0.545860 0.18538
0.54635 0.187
*.*.Setup: s1223rtl.txt as Flap 1, Inverted: y, Scale = 1.0, AoA = 2.0, Reposition from (0,0) = (0, 0)*.*.
*.*.Setup: s1223rtl.txt as Flap 2, Inverted: y, Scale = 0.35, AoA = 31.666666666666668, Reposition from previous T.E. = (0.04, 0.045), Reposition from (0,0) = (1.0394, 0.0799)*.*.
*.*.Setup: s1223rtl.txt as Flap 3, Inverted: y, Scale = 0.35, AoA = 45.0, Reposition from previous T.E. = (0.04, 0.045), Reposition from (0,0) = (1.3773, 0.3086)*.*.
*.*.Setup: Scale Ratio = 0.33626*.*.