0.34845 -0.01217
0.34615 -0.01389
0.3428 -0.01641
0.33896 -0.01880
0.3344 -0.021
0.32894 -0.02315
0.3224 -0.02536
0.31473 -0.027650
0.30602 -0.02996
0.296520 -0.03226
0.28648 -0.03448
0.27612 -0.03661
0.265630 -0.03859
0.25508 -0.04042
0.24454 -0.04208
0.2340 -0.04355
0.223420 -0.044840
0.21277 -0.04596
0.20199 -0.04691
0.19102 -0.04772
0.17983 -0.04843
0.16843 -0.04906
0.15687 -0.04963
0.14524 -0.05018
0.13371 -0.05069
0.12243 -0.051130
0.11161 -0.0514600
0.10142 -0.051630
0.091980 -0.05157
0.08327 -0.0512
0.07516 -0.050480
0.06753 -0.04939
0.06031 -0.04793
0.05343 -0.04609
0.04688 -0.04388
0.04065 -0.04132
0.03476 -0.0384200
0.029240 -0.03525
0.02417 -0.03188
0.01961 -0.02845
0.015650 -0.02511
0.01231 -0.02196
0.00954 -0.01905
0.00729 -0.01640
0.00548 -0.01397
0.00402 -0.0117500
0.00285 -0.00971
0.00193 -0.00782
0.00121 -0.00608
0.00067 -0.00446
0.00029 -0.00295
6e-05 -0.00154
-0.000029 -0.00021
9e-05 0.00105
0.00044 0.00226
0.00119 0.003310
0.00233 0.00403
0.00371 0.00448
0.00530 0.00474
0.00709 0.00489
0.009150 0.00496
0.01155 0.00495
0.0144 0.004860
0.01787 0.00466
0.02219 0.00434
0.02766 0.00382
0.03453 0.00307
0.0427800 0.002040
0.05202 0.0007
0.06193 -0.00097
0.07243 -0.00293
0.08345 -0.0051
0.09481 -0.00738
0.10633 -0.00972
0.11782 -0.01204
0.12919 -0.01429
0.14038 -0.016450
0.15141 -0.01847
0.162270 -0.02035
0.17298 -0.02205
0.18356 -0.02357
0.19402 -0.02488
0.2043900 -0.02598
0.21468 -0.02686
0.2249 -0.02751
0.23508 -0.02793
0.24522 -0.02811
0.25532 -0.02805
0.26538 -0.02775
0.27538 -0.02721
0.28527 -0.02644
0.29499 -0.02543
0.30436 -0.02422
0.3132 -0.02282
0.32124 -0.02129
0.32833 -0.01965
0.334420 -0.01794
0.33959 -0.01618
0.34396 -0.01438
0.34845 -0.01217
-Inserting Flap s1223rtl-
0.473 0.05858
0.47255 0.05768
0.471910 0.056360
0.471090 0.055
0.47002 0.0536
0.46866 0.05206
0.46697 0.05033
0.46494 0.0484
0.46259 0.04629
0.45999 0.04406
0.45721 0.04177
0.45432 0.03947
0.451370 0.03718
0.44837 0.03493
0.44534 0.032740
0.44229 0.03061
0.4392 0.02853
0.43605 0.02648
0.43284 0.02447
0.42955 0.02248
0.42617 0.02048
0.42272 0.01847
0.4192 0.01646
0.41566 0.01444
0.41215 0.01245
0.408700 0.01052
0.40538 0.00869
0.40223 0.00702
0.39928 0.00554
0.3965 0.00427
0.39386 0.00321
0.39131 0.00234
0.38882 0.00164
0.38639 0.00112
0.38399 0.00077
0.38164 0.00058
0.37934 0.00055
0.37712 0.00066
0.375 0.00091
0.3730400 0.00125
0.37127 0.00167
0.36972 0.002120
0.3684 0.00258
0.36728 0.00305
0.366330 0.00352
0.36552 0.00398
0.36483 0.00443
0.36424 0.00487
0.36374 0.0053
0.36332 0.00572
0.36296 0.00613
0.36266 0.00654
0.36243 0.00694
0.36226 0.00735
0.36218 0.00778
0.36224 0.00823
0.36248 0.00864
0.36284 0.009
0.3633 0.00933
0.36383 0.009660
0.36446 0.01001
0.36521 0.01039
0.36612 0.01081
0.36723 0.0113
0.36863 0.01189
0.37042 0.0126
0.37268 0.01345
0.37541 0.01444
0.3785100 0.01549
0.38186 0.01655
0.38545 0.0176
0.38923 0.01868
0.39314 0.01977
0.3971 0.02087
0.401050 0.02198
0.40496 0.02308
0.40879 0.02419
0.41255 0.025310
0.41624 0.02645
0.419850 0.02762
0.42338 0.02882
0.42686 0.03008
0.43026 0.03138
0.43361 0.03274
0.4369 0.03417
0.44015 0.03565
0.44333 0.03721
0.44648 0.038830
0.44956 0.04052
0.4526 0.042280
0.45556 0.04409
0.45843 0.04595
0.46116 0.04782
0.46369 0.04966
0.46596 0.05141
0.46791 0.05305
0.46954 0.05455
0.47087 0.05592
0.47195 0.05718
0.473 0.05858
-Inserting Flap s1223rtl-
0.53837 0.16753
0.53826 0.16653
0.5381 0.16508
0.5378 0.16352
0.53727 0.16183
0.53652 0.15992
0.53552 0.15772
0.534280 0.15521
0.53279 0.15243
0.531110 0.14945
0.529290 0.14634
0.527360 0.14319
0.52536 0.14003
0.52331 0.13689
0.52122 0.1338
0.51908 0.13075
0.51688 0.12773
0.51463 0.124740
0.5123 0.12175
0.50989 0.11875
0.5074 0.11572
0.50484 0.11265
0.50223 0.10955
0.49959 0.10645
0.49697 0.10337
0.49439 0.1003800
0.49189 0.09753
0.4895 0.09488
0.48723 0.09248
0.48506 0.09034
0.48294 0.08843
0.48084 0.08674
0.47874 0.08524
0.476630 0.08392
0.4745 0.08277
0.47236 0.08179
0.47021 0.08097
0.46808 0.08032
0.46601 0.07982
0.46404 0.07947
0.46224 0.07926
0.46063 0.079150
0.459230 0.07914
0.45802 0.0792
0.45696 0.07931
0.45604 0.07947
0.45524 0.07966
0.45454 0.07987
0.45392 0.08010
0.45338 0.08035
0.4529 0.08061
0.452490 0.08089
0.45213 0.08119
0.45183 0.08152
0.4516 0.0819
0.451520 0.08234
0.4516 0.0828
0.45182 0.083260
0.45213 0.08373
0.452520 0.08423
0.45299 0.08477
0.45357 0.08538
0.454270 0.08609
0.45515 0.08693
0.45626 0.08796
0.4577 0.08924
0.45953 0.09082
0.46177 0.09268
0.4643200 0.09473
0.46711 0.09687
0.47012 0.099090
0.47330 0.10139
0.4766 0.103750
0.47994 0.10614
0.48328 0.10853
0.48657 0.1109
0.4898 0.11325
0.492950 0.11559
0.49602 0.11792
0.49901 0.12026
0.50192 0.12260
0.50476 0.12497
0.50751 0.12736
0.5102 0.12978
0.5128 0.13225
0.51534 0.13475
0.5178 0.1373
0.5202 0.1399
0.52252 0.14255
0.52477 0.14524
0.52694 0.14796
0.5290 0.15068
0.53093 0.15337
0.53268 0.15597
0.53421 0.15839
0.53548 0.1606
0.53649 0.16256
0.53728 0.16431
0.53786 0.16586
0.53837 0.16753
*.*.Setup: s1223rtl.txt as Flap 1, Inverted: y, Scale = 1.0, AoA = -2.0, Reposition from (0,0) = (0, 0)*.*.
*.*.Setup: s1223rtl.txt as Flap 2, Inverted: y, Scale = 0.35, AoA = 25.0, Reposition from previous T.E. = (0.04, 0.055), Reposition from (0,0) = (1.0394, 0.0201)*.*.
*.*.Setup: s1223rtl.txt as Flap 3, Inverted: y, Scale = 0.35, AoA = 45.0, Reposition from previous T.E. = (-0.06, 0.065), Reposition from (0,0) = (1.2966, 0.233)*.*.
*.*.Setup: Scale Ratio = 0.34866*.*.