0.35836 -0.01251
0.35599 -0.01429
0.35255 -0.01688
0.34859 -0.019330
0.34391 -0.0216
0.33829 -0.02381
0.33156 -0.02608
0.32367 -0.028430
0.31472 -0.03081
0.304950 -0.03317
0.29462 -0.03546
0.28397 -0.03765
0.273180 -0.03969
0.26233 -0.04157
0.25149 -0.04327
0.240650 -0.04479
0.229770 -0.046120
0.21882 -0.04726
0.20773 -0.04824
0.19645 -0.04908
0.18495 -0.0498
0.17322 -0.05045
0.16133 -0.05104
0.14937 -0.0516
0.13751 -0.05213
0.12591 -0.052580
0.11478 -0.0529300
0.1043 -0.05310
0.09460 -0.05303
0.08564 -0.05265
0.0773 -0.051910
0.06945 -0.0508
0.06202 -0.04929
0.05495 -0.0474
0.04821 -0.04513
0.04181 -0.04249
0.03575 -0.0395100
0.030070 -0.03625
0.02485 -0.03279
0.02017 -0.02926
0.01610 -0.02582
0.01266 -0.02258
0.00981 -0.0196
0.0075 -0.016870
0.00563 -0.01437
0.00414 -0.0120800
0.00294 -0.00998
0.00198 -0.00805
0.00124 -0.00626
0.00069 -0.00459
0.0003 -0.00304
7e-05 -0.00158
-0.000029 -0.00022
9e-05 0.00108
0.00045 0.00233
0.00123 0.00340
0.00239 0.00415
0.00382 0.00461
0.005450 0.00488
0.00729 0.00503
0.009410 0.0051
0.01188 0.00509
0.01481 0.004990
0.01837 0.0048
0.02282 0.00446
0.02844 0.00393
0.03552 0.00316
0.04400 0.00210
0.0535 0.00072
0.06369 -0.001
0.07449 -0.00301
0.08582 -0.00524
0.09751 -0.00759
0.10935 -0.00999
0.12117 -0.01238
0.13286 -0.0147
0.14438 -0.016910
0.15571 -0.019
0.166880 -0.02093
0.1779 -0.02268
0.18877 -0.02424
0.19953 -0.02559
0.210200 -0.02672
0.22078 -0.02762
0.23129 -0.02829
0.24176 -0.02872
0.25219 -0.02891
0.26257 -0.02885
0.27292 -0.02854
0.2832 -0.02798
0.29338 -0.02719
0.30337 -0.02615
0.31301 -0.0249
0.3221 -0.02347
0.33037 -0.02189
0.33766 -0.02021
0.343920 -0.01845
0.34924 -0.01664
0.35373 -0.01479
0.35836 -0.01251
-Inserting Flap s1223rtl-
0.45561 0.07668
0.45526 0.0757
0.45476 0.07428
0.45409 0.0728
0.45316 0.07123
0.45196 0.06950
0.45044 0.06753
0.44859 0.06531
0.44645 0.06288
0.44406 0.0603
0.4415 0.05763
0.43882 0.05493
0.43607 0.05224
0.43328 0.049580
0.43045 0.04698
0.42758 0.044440
0.42467 0.04194
0.4217 0.03948
0.41866 0.03704
0.41554 0.03461
0.41233 0.03217
0.40904 0.02971
0.40569 0.02723
0.40232 0.02474
0.39896 0.02229
0.39567 0.01991
0.3925 0.01765
0.38948 0.0155600
0.38664 0.0137
0.38396 0.01207
0.381380 0.01067
0.37888 0.00947
0.37642 0.00847
0.374 0.00765
0.37159 0.007
0.36922 0.00653
0.36687 0.00622
0.364590 0.00607
0.36239 0.00606
0.36035 0.00618
0.35849 0.0064
0.35686 0.00667
0.3554500 0.00699
0.35425 0.00734
0.35322 0.0077
0.35234 0.00808
0.35159 0.00845
0.35093 0.00883
0.350370 0.00921
0.34988 0.00959
0.34947 0.00997
0.34912 0.01035
0.34883 0.01073
0.34861 0.01112
0.34847 0.01156
0.34849 0.01202
0.34869 0.01247
0.34901 0.01288
0.34943 0.01327
0.34994 0.01367
0.35054 0.0141
0.35127 0.01458
0.35214 0.01512
0.35322 0.015760
0.35457 0.01652
0.35632 0.01746
0.35853 0.0186
0.3612 0.01994
0.36424 0.02138
0.36754 0.02286
0.37108 0.02437
0.37481 0.02592
0.37867 0.0275
0.38259 0.0291
0.386490 0.0307
0.39035 0.03229
0.39413 0.03388
0.39784 0.03547
0.40147 0.0370800
0.40502 0.0387
0.40849 0.04036
0.41188 0.04205
0.415210 0.04379
0.41846 0.04558
0.42166 0.04743
0.42479 0.04934
0.42786 0.0513
0.43088 0.05334
0.43383 0.05543
0.43672 0.057590
0.43953 0.0598
0.44224 0.06204
0.44481 0.06427
0.44717 0.06645
0.44928 0.06852
0.45107 0.07042
0.45256 0.07215
0.45375 0.07371
0.45471 0.075120
0.45561 0.07668
-Inserting Flap s1223rtl-
0.5369 0.1648
0.53661 0.1638
0.53619 0.16236
0.53561 0.16084
0.53477 0.15922
0.533670 0.15741
0.53227 0.15536
0.53056 0.15304
0.52856 0.15049
0.526320 0.14777
0.52392 0.14496
0.5214 0.14211
0.51881 0.13926
0.51618 0.13645
0.51351 0.13369
0.51079 0.13098
0.508030 0.12832
0.50521 0.12569
0.50232 0.12308
0.49934 0.12047
0.49628 0.11785
0.49314 0.1152
0.489940 0.11253
0.48672 0.10985
0.48351 0.10721
0.48037 0.10464
0.47733 0.10220
0.47443 0.09994
0.47171 0.097920
0.46912 0.09614
0.46664 0.094580
0.46421 0.09324
0.461810 0.0921
0.45944 0.09114
0.45708 0.09035
0.45473 0.08974
0.45241 0.0893
0.45014 0.089020
0.447950 0.08888
0.4459 0.08888
0.444030 0.088990
0.44239 0.08917
0.44097 0.0894
0.43974 0.0896800
0.4387 0.08998
0.4378 0.09031
0.43702 0.09064
0.43634 0.09098
0.435760 0.09133
0.43525 0.09168
0.43482 0.09203
0.43445 0.092390
0.43414 0.09275
0.433890 0.09313
0.43373 0.09356
0.43372 0.09402
0.43389 0.09448
0.43419 0.09491
0.43459 0.09533
0.43507 0.095760
0.43565 0.09622
0.43634 0.09674
0.43718 0.09733
0.43822 0.09803
0.43953 0.09887
0.44122 0.0999
0.44336 0.10118
0.445950 0.10267
0.4489 0.10428
0.452110 0.10595
0.45555 0.10766
0.45919 0.10943
0.46295 0.11123
0.46677 0.113050
0.47057 0.11488
0.47433 0.11669
0.47801 0.1185
0.48162 0.1203
0.48515 0.12212
0.4886 0.12395
0.49197 0.1258
0.49526 0.12769
0.49848 0.12962
0.50163 0.1316
0.50471 0.13362
0.50772 0.13571
0.51067 0.137850
0.51357 0.14006
0.516390 0.14232
0.51915 0.14464
0.52183 0.14701
0.5244 0.1494
0.52683 0.15178
0.52907 0.1541
0.53105 0.15628
0.53273 0.15829
0.53412 0.1601
0.53522 0.16173
0.53609 0.16319
0.5369 0.1648
*.*.Setup: s1223rtl.txt as Flap 1, Inverted: y, Scale = 1.0, AoA = -2.0, Reposition from (0,0) = (0, 0)*.*.
*.*.Setup: s1223rtl.txt as Flap 2, Inverted: y, Scale = 0.35, AoA = 31.666666666666668, Reposition from previous T.E. = (-0.0267, 0.065), Reposition from (0,0) = (0.9727, 0.0301)*.*.
*.*.Setup: s1223rtl.txt as Flap 3, Inverted: y, Scale = 0.35, AoA = 35.0, Reposition from previous T.E. = (-0.06, 0.045), Reposition from (0,0) = (1.2106, 0.2588)*.*.
*.*.Setup: Scale Ratio = 0.35857*.*.