0.34878 0.01218
0.3466 0.0103
0.34344 0.00755
0.33976 0.00489
0.33537 0.00238
0.33007 -0.00015
0.32369 -0.00281
0.31619 -0.005630
0.30766 -0.00855
0.29833 -0.01151
0.28846 -0.014430
0.27827 -0.01727
0.26792 -0.01999
0.25753 -0.02255
0.24711 -0.02494
0.23669 -0.02715
0.2262200 -0.02917
0.21566 -0.03103
0.20496 -0.03274
0.19407 -0.03431
0.18295 -0.0358
0.17161 -0.03722
0.1601 -0.03861
0.14853 -0.03996
0.13705 -0.04127
0.12582 -0.0425
0.11504 -0.04359
0.1048700 -0.04447
0.09545 -0.04507
0.08672 -0.04531
0.07857 -0.04516
0.07088 -0.0446
0.06356 -0.04365
0.0565700 -0.04229
0.04988 -0.04054
0.04348 -0.03842
0.03739 -0.03594
0.03166 -0.03315
0.02636 -0.03015
0.02157 -0.02704
0.01738 -0.02398
0.0138200 -0.02106
0.01086 -0.01836
0.00843 -0.01587
0.00645 -0.01357
0.00484 -0.01145
0.00353 -0.00949
0.00247 -0.00768
0.00163 -0.00599
0.00098 -0.00441
0.0005 -0.00293
0.00017 -0.00153
0.000013 -0.00021
0.000035 0.00105
0.00028 0.00229
0.00096 0.00338
0.00204 0.00419
0.00340 0.00473
0.00496 0.00511
0.006740 0.00538
0.00879 0.00559
0.01118 0.00575
0.01404 0.00586
0.01751 0.0059
0.021850 0.00588
0.02735 0.00575
0.03427 0.00548
0.04257 0.00502
0.05189 0.00433
0.06191 0.00336
0.07253 0.00213
0.08368 0.00074
0.09518 -0.00075
0.10685 -0.00228
0.11849 -0.00379
0.12999 -0.005250
0.14132 -0.00662
0.15248 -0.00787
0.16345 -0.008990
0.174260 -0.00994
0.18493 -0.01072
0.19547 -0.0113
0.2059 -0.01167
0.21623 -0.01183
0.22649 -0.01176
0.23668 -0.01147
0.24681 -0.01094
0.25689 -0.01018
0.26692 -0.0091800
0.27687 -0.00794
0.28669 -0.006480
0.29632 -0.0048
0.3056 -0.00293
0.31432 -0.00092
0.32225 0.00118
0.32921 0.0033
0.33517 0.00543
0.34021 0.00756
0.34445 0.009650
0.34878 0.01218
-Inserting Flap s1223rtl-
0.46181 0.07951
0.46137 0.0786
0.46072 0.07728
0.4599 0.07593
0.45883 0.07452
0.45747 0.07298
0.45578 0.07124
0.45374 0.06931
0.4514 0.0672
0.448790 0.064980
0.44601 0.06268
0.44312 0.06037
0.44016 0.05809
0.43716 0.05584
0.43413 0.05364
0.43107 0.05151
0.42798 0.04942
0.42483 0.047380
0.42162 0.04537
0.41832 0.04337
0.41494 0.041370
0.41148 0.03936
0.40797 0.03734
0.40442 0.035320
0.4009 0.0333300
0.39746 0.0314
0.39413 0.02957
0.39098 0.0279
0.38802 0.02642
0.38524 0.02515
0.3826 0.02408
0.380040 0.02321
0.37756 0.02251
0.37512 0.02199
0.37272 0.02164
0.37037 0.021450
0.36807 0.02142
0.36584 0.0215300
0.36372 0.02178
0.36175 0.02212
0.35999 0.02254
0.358440 0.02299
0.35712 0.02345
0.35599 0.02392
0.35504 0.02439
0.35423 0.02486
0.35354 0.02531
0.35295 0.025750
0.35245 0.026180
0.352030 0.0266
0.35167 0.02701
0.35137 0.02742
0.35114 0.02782
0.35097 0.02823
0.35088 0.02866
0.350950 0.0291100
0.35119 0.02951
0.35155 0.02987
0.35201 0.03021
0.352540 0.03054
0.35317 0.03089
0.353920 0.03127
0.35483 0.03169
0.35594 0.03218
0.35734 0.03277
0.35913 0.03348
0.3614 0.03434
0.36414 0.03533
0.36723 0.036380
0.37059 0.03743
0.37418 0.03849
0.37797 0.03957
0.38188 0.04066
0.38584 0.04176
0.3898 0.04287
0.39371 0.04397
0.39754 0.04508
0.40131 0.0462
0.405 0.047340
0.40861 0.04851
0.41215 0.04972
0.41563 0.05098
0.41904 0.05228
0.422390 0.05364
0.42568 0.055070
0.42893 0.05656
0.43212 0.05811
0.43526 0.05974
0.43836 0.061430
0.44139 0.06319
0.444360 0.065
0.44723 0.06686
0.44996 0.06873
0.4525 0.07057
0.45477 0.07233
0.45672 0.07397
0.45835 0.07547
0.45968 0.07685
0.46076 0.0781
0.46181 0.07951
-Inserting Flap s1223rtl-
0.54469 0.18507
0.54458 0.18407
0.544430000 0.18261
0.54412 0.18106
0.5436 0.17936
0.54284 0.17745
0.54185 0.17524
0.5406 0.17273
0.53911 0.16995
0.53743 0.16697
0.5356 0.16386
0.53367 0.1607
0.53167 0.15754
0.52962 0.1544
0.52753 0.15130
0.52539 0.14825
0.52319 0.14523
0.52093 0.14224
0.5186 0.139240
0.51619 0.13624
0.5137 0.13321
0.51113 0.13014
0.50852 0.12703
0.50588 0.12393
0.50325 0.12085
0.50067 0.11785
0.49817 0.115
0.49578 0.11235
0.49351 0.10995
0.49133 0.1078
0.48921 0.1059
0.48711 0.1042
0.48501 0.1027
0.4829 0.10138
0.48077 0.10023
0.478620 0.09924
0.476470 0.098430
0.47434 0.09777
0.47226 0.09728
0.4703 0.09693
0.46849 0.09671
0.46689 0.09661
0.46548 0.09659
0.4642700 0.09665
0.46321 0.09677
0.46229 0.09692
0.46149 0.09711
0.46079 0.09733
0.46017 0.09756
0.45962000 0.09781
0.45915 0.09807
0.45873 0.09835
0.45837 0.09865
0.45807 0.09897
0.45785 0.099350
0.45776 0.0998
0.45784 0.10026
0.458060 0.10072
0.45837 0.10119
0.45876 0.10169
0.45924 0.10223
0.45981 0.10284
0.46052 0.10355
0.46139 0.10439
0.46251 0.10542
0.46395 0.1067
0.46578 0.10828
0.46802 0.110150
0.47057 0.1122
0.47337 0.114340
0.47638 0.11656
0.47956 0.11886
0.48286 0.12123
0.48621 0.12362
0.48956 0.12601
0.4928500 0.12839
0.49608 0.13074
0.49923 0.13308
0.50231 0.13541
0.5053 0.13775
0.50822 0.1401
0.511050 0.14247
0.51381 0.14486
0.51649 0.14729
0.5191 0.14975
0.52164 0.15226
0.52411 0.15481
0.526510 0.15742
0.52884 0.16006
0.53109 0.16276
0.53325 0.16548
0.53532 0.16820
0.53724 0.1709
0.539 0.17349
0.54053 0.17592
0.5418 0.17813
0.54282 0.1801
0.5436 0.18184
0.54419 0.18339
0.54469 0.18507
*.*.Setup: s1223rtl.txt as Flap 1, Inverted: y, Scale = 1.0, AoA = 2.0, Reposition from (0,0) = (0, 0)*.*.
*.*.Setup: s1223rtl.txt as Flap 2, Inverted: y, Scale = 0.35, AoA = 25.0, Reposition from previous T.E. = (0.0067, 0.045), Reposition from (0,0) = (1.0061, 0.0799)*.*.
*.*.Setup: s1223rtl.txt as Flap 3, Inverted: y, Scale = 0.35, AoA = 45.0, Reposition from previous T.E. = (-0.01, 0.055), Reposition from (0,0) = (1.3133, 0.2828)*.*.
*.*.Setup: Scale Ratio = 0.34899*.*.