0.35454 0.01238
0.35233 0.01047
0.34911 0.00768
0.34537 0.00498
0.34091 0.00242
0.33551 -0.00015
0.32903 -0.00286
0.3214 -0.005720
0.31274 -0.00869
0.30325 -0.0117
0.29322 -0.014670
0.28286 -0.01756
0.27235 -0.02032
0.26178 -0.02292
0.25119 -0.02535
0.24059 -0.0276
0.2299500 -0.02966
0.21922 -0.03154
0.20834 -0.03328
0.19727 -0.03488
0.18597 -0.03639
0.17444 -0.03784
0.16274 -0.03924
0.15098 -0.04062
0.13931 -0.04196
0.1279 -0.0432
0.11693 -0.04431
0.106600 -0.04521
0.09702 -0.04581
0.08816 -0.04606
0.07987 -0.0459
0.07205 -0.04534
0.06461 -0.04437
0.0575100 -0.04299
0.0507 -0.04121
0.04419 -0.03905
0.03801 -0.03653
0.03218 -0.0337
0.02679 -0.03064
0.02193 -0.02749
0.01767 -0.02437
0.0140500 -0.02141
0.01104 -0.01866
0.00857 -0.01613
0.00655 -0.01379
0.00492 -0.01164
0.00359 -0.00965
0.00251 -0.0078
0.00166 -0.00609
0.001 -0.00448
0.0005 -0.00298
0.00017 -0.00155
0.000013 -0.00021
0.000035 0.00107
0.00029 0.00233
0.00098 0.00344
0.00208 0.00426
0.003450 0.00481
0.00504 0.00519
0.006850 0.00547
0.00893 0.00568
0.01137 0.00584
0.01427 0.00595
0.0178 0.006
0.022210 0.00598
0.0278 0.00584
0.03483 0.00557
0.04328 0.00511
0.05275 0.0044
0.06293 0.00341
0.07373 0.00217
0.08506 0.00075
0.09676 -0.00076
0.10861 -0.00231
0.12044 -0.00385
0.13214 -0.005340
0.14366 -0.00673
0.15499 -0.008
0.16615 -0.009140
0.177140 -0.01011
0.18798 -0.01089
0.19869 -0.01148
0.20929 -0.01186
0.2198 -0.01202
0.23023 -0.01196
0.24059 -0.01166
0.25089 -0.01112
0.26113 -0.01035
0.27132 -0.0093300
0.28144 -0.00807
0.29143 -0.006580
0.30121 -0.00488
0.31064 -0.00298
0.31951 -0.00093
0.32757 0.0012
0.33464 0.00336
0.3407 0.00552
0.34583 0.00768
0.35013 0.009810
0.35454 0.01238
-Inserting Flap s1223rtl-
0.44578 0.08791
0.44533 0.08699
0.444680 0.08565
0.443840 0.08427
0.44275 0.08284
0.44137 0.08127
0.43965 0.07952
0.43758 0.07755
0.4352 0.07541
0.43255 0.073140
0.42973 0.07081
0.42678 0.06847
0.423770 0.06614
0.42072 0.06385
0.41765 0.06162
0.41454 0.05945
0.41139 0.05733
0.40819 0.055260
0.40493 0.05321
0.40158 0.05118
0.39814 0.049150
0.39463 0.04711
0.39105 0.04505
0.38745 0.0430
0.38387 0.0409700
0.3803700 0.03901
0.37699 0.03715
0.37378 0.03545
0.37078 0.03395
0.36795 0.03266
0.36526 0.03157
0.36267 0.03069
0.36014 0.02998
0.35766 0.02945
0.35522 0.02909
0.35283 0.02890
0.35049 0.02887
0.34823 0.0289800
0.34607 0.02923
0.3440800 0.02958
0.34228 0.03
0.34071 0.03046
0.33936 0.03094
0.33822 0.03141
0.337250 0.03189
0.33643 0.03236
0.33573 0.03282
0.33513 0.033270
0.33462 0.033710
0.33419 0.03413
0.33382 0.03455
0.33352 0.03496
0.33328 0.03537
0.33311 0.03579
0.33303 0.03623
0.3331 0.0366800
0.33334 0.0371
0.33371 0.03746
0.33417 0.0378
0.33471 0.03814
0.33535 0.03849
0.33612 0.03888
0.33704 0.03931
0.33817 0.03981
0.33959 0.0404
0.34141 0.04112
0.34371 0.042
0.3465 0.043
0.3496400 0.044070
0.35306 0.04514
0.35671 0.04622
0.36055 0.04731
0.36453 0.04843
0.36856 0.04955
0.372580 0.05067
0.37655 0.05179
0.38045 0.05292
0.38428 0.05406
0.38803 0.055220
0.39170 0.05641
0.3953 0.05764
0.39884 0.05891
0.4023 0.06024
0.40571 0.06162
0.40906 0.063070
0.41236 0.06458
0.4156 0.06617
0.4188 0.06782
0.42194 0.069540
0.42503 0.07133
0.42804 0.07317
0.43096 0.07506
0.43374 0.07696
0.43632 0.07883
0.43862 0.08062
0.44061 0.08229
0.44226 0.08381
0.44362 0.08521
0.44471 0.08648
0.44578 0.08791
-Inserting Flap s1223rtl-
0.54394 0.18219
0.5436600 0.18121
0.54325 0.17977
0.54267 0.17827
0.54184 0.17667
0.54075 0.17488
0.53936 0.17285
0.53767 0.17056
0.53569 0.16804
0.53348 0.16535
0.5311 0.16256
0.528610 0.15974
0.52605 0.15692
0.52345 0.15414
0.5208 0.15141
0.51812 0.14873
0.51539 0.14610
0.5126 0.1435
0.50973 0.14092
0.50679 0.13834
0.50376 0.13574
0.50065 0.13312
0.49749 0.13048
0.4943 0.12783
0.49112 0.12521
0.48801 0.12267
0.48501 0.12026
0.48214 0.11802
0.47945 0.11602
0.47689 0.11426
0.47443 0.11272
0.47203 0.1114
0.46966 0.11027
0.46731 0.10931
0.46497 0.10854
0.462650 0.107930
0.46036 0.10749
0.45811 0.10721
0.45594 0.10708
0.45391 0.10708
0.45207 0.10719
0.45044 0.10737
0.449030 0.1076
0.44782 0.10787
0.44679 0.10817
0.44590 0.10849
0.44513 0.10882
0.44446 0.10916
0.44388 0.10950
0.44338 0.10985
0.44295 0.1102
0.44258 0.11055
0.44228 0.11091
0.44203 0.11129
0.44188 0.11171
0.44187 0.11217
0.44203 0.11262
0.442330 0.113040
0.44272 0.11346
0.4432 0.11388
0.44377 0.11434
0.44446 0.11485
0.44529 0.11544
0.44632 0.11613
0.44762 0.11696
0.44928 0.11799
0.4514 0.11925
0.45397 0.12072
0.45688 0.12232
0.46006 0.12397
0.46346 0.12566
0.46706 0.12741
0.47078 0.12919
0.47456 0.131
0.47832 0.1328
0.48204 0.13459
0.485690 0.13638
0.48926 0.13817
0.49275 0.13996
0.4961600 0.14177
0.49949 0.14361
0.50275 0.145480
0.505930 0.14739
0.509050 0.14934
0.51209 0.151350
0.51508 0.15341
0.518 0.15553
0.520860 0.15771
0.52366 0.15995
0.52639 0.16225
0.52903 0.16459
0.53158 0.16696
0.53399 0.16931
0.5362 0.17160
0.53816 0.173770
0.53982 0.17575
0.54119 0.17754
0.54228 0.17915
0.54314 0.1806
0.54394 0.18219
*.*.Setup: s1223rtl.txt as Flap 1, Inverted: y, Scale = 1.0, AoA = 2.0, Reposition from (0,0) = (0, 0)*.*.
*.*.Setup: s1223rtl.txt as Flap 2, Inverted: y, Scale = 0.35, AoA = 25.0, Reposition from previous T.E. = (-0.06, 0.065), Reposition from (0,0) = (0.9394, 0.0999)*.*.
*.*.Setup: s1223rtl.txt as Flap 3, Inverted: y, Scale = 0.35, AoA = 35.0, Reposition from previous T.E. = (-0.01, 0.065), Reposition from (0,0) = (1.2466, 0.3128)*.*.
*.*.Setup: Scale Ratio = 0.35475*.*.