0.33026 0.01153
0.3282 0.00975
0.3252 0.00715
0.32172 0.00464
0.31756 0.00225
0.31254 -0.00014
0.3065 -0.00266
0.29939 -0.005330
0.29132 -0.0081
0.28248 -0.01089
0.27314 -0.013660
0.26349 -0.01635
0.25369 -0.01893
0.24385 -0.02135
0.23399 -0.02362
0.22412 -0.02571
0.214200 -0.02763
0.20421 -0.02938
0.19407 -0.031
0.18376 -0.03249
0.17323 -0.0339
0.16249 -0.03524
0.1516 -0.03656
0.14064 -0.03784
0.12977 -0.03908
0.11914 -0.04025
0.10893 -0.04128
0.099300 -0.04211
0.09038 -0.04268
0.08212 -0.0429
0.0744 -0.04276
0.06712 -0.04224
0.06019 -0.04133
0.0535700 -0.04005
0.04723 -0.03839
0.04117 -0.03638
0.0354 -0.03403
0.02998 -0.03139
0.02496 -0.02855
0.02042 -0.02561
0.01646 -0.0227
0.0130900 -0.01995
0.01028 -0.01738
0.00798 -0.01502
0.0061 -0.01285
0.00458 -0.01084
0.00334 -0.00899
0.00234 -0.00727
0.00155 -0.00567
0.00093 -0.00418
0.00047 -0.00277
0.00016 -0.00145
0.000013 -0.0002
0.000035 0.001
0.00027 0.00217
0.00091 0.0032
0.00194 0.00397
0.003220 0.00448
0.00469 0.00484
0.006380 0.0051
0.00832 0.00529
0.01059 0.00544
0.01329 0.00554
0.01658 0.00559
0.020690 0.00557
0.0259 0.00544
0.03245 0.00519
0.04031 0.00476
0.04914 0.0041
0.05862 0.00318
0.06868 0.00202
0.07924 0.0007
0.09013 -0.00071
0.10117 -0.00216
0.1122 -0.00359
0.12309 -0.004970
0.13382 -0.00627
0.14438 -0.00746
0.15477 -0.008510
0.165010 -0.00942
0.17511 -0.01015
0.18509 -0.0107
0.19496 -0.01105
0.20475 -0.0112
0.21446 -0.01114
0.22411 -0.01086
0.2337 -0.01036
0.24325 -0.00964
0.25274 -0.0086900
0.26216 -0.00752
0.27147 -0.006130
0.28058 -0.00454
0.28937 -0.00277
0.29763 -0.00087
0.30513 0.00111
0.31172 0.00313
0.31737 0.00515
0.32214 0.00716
0.32615 0.009140
0.33026 0.01153
-Inserting Flap s1223rtl-
0.44528 0.08460
0.44491 0.083720
0.44437 0.08244
0.44367 0.08111
0.44274 0.07972
0.44153 0.07819
0.44003 0.076460
0.43822 0.07452
0.43611 0.0724
0.433780 0.07015
0.43127 0.06783
0.42866 0.06549
0.42599 0.06316
0.423280 0.06087
0.42054 0.05863
0.41777 0.05644
0.41495 0.0543
0.41209 0.0522
0.40916 0.05012
0.40616 0.04805
0.40308 0.04597
0.39992 0.04388
0.3967 0.04178
0.39347 0.03967
0.39025 0.03760
0.387090 0.03558
0.384050 0.03367
0.38116 0.03192
0.37845 0.03035
0.37589 0.029
0.37345 0.02785
0.37109 0.02688
0.36877 0.02609
0.3665 0.02546
0.36425 0.025
0.36204 0.024690
0.35986 0.02453
0.35775 0.02452
0.35574 0.02463
0.35386 0.024850
0.352160 0.02514
0.35068 0.02548
0.3494 0.02585
0.34831 0.02623
0.34738 0.026620
0.34659 0.02702
0.34592 0.02741
0.34534 0.02779
0.34484 0.02817
0.34441 0.02854
0.34405 0.02891
0.34375 0.02928
0.34351 0.02965
0.34332 0.03002
0.34322 0.03043
0.343260 0.03085
0.34347 0.03125
0.34379 0.03161
0.3442 0.03195
0.34469 0.0323
0.34526 0.03266
0.34595 0.03306
0.34678 0.03351
0.34781 0.03404
0.3491 0.03467
0.35075 0.03544
0.35285 0.03637
0.35538 0.03746
0.35825 0.03862
0.36137 0.03981
0.3647 0.041
0.36822 0.04223
0.37186 0.04348
0.37555 0.04474
0.37923 0.046
0.38286 0.04726
0.38642 0.04852
0.38992 0.04978
0.39334 0.05107
0.3967 0.05237
0.39998 0.05371
0.40319 0.05509
0.40635 0.05651
0.40944 0.05798
0.41248 0.05951
0.41546 0.0611
0.41839 0.06274
0.421270 0.06445
0.4241 0.06622
0.42688 0.068050
0.42958 0.069930
0.43219 0.07185
0.43467 0.073760
0.43697 0.07564
0.43902 0.07743
0.44077 0.07909
0.44223 0.0806
0.44341 0.08197
0.44436 0.08321
0.44528 0.08460
-Inserting Flap s1223rtl-
0.5471 0.18042
0.546910 0.17949
0.54665 0.17813
0.54623 0.17668
0.54560 0.17513
0.54473 0.17339
0.5436 0.17139
0.54222 0.16912
0.54059 0.16662
0.53875 0.16395
0.53677 0.16117
0.53469 0.15835
0.53255 0.155530
0.53035 0.15274
0.528120 0.14999
0.52585 0.14728
0.52353 0.14462
0.52115 0.14198
0.51870 0.13935
0.51618 0.13672
0.51358 0.13406
0.51091 0.131370
0.50819 0.12866
0.50544 0.12595
0.50271 0.12326
0.500030 0.12065
0.49743 0.11817
0.49496 0.11586
0.492620 0.11378
0.49039 0.111940
0.48823 0.11032
0.48611 0.10889
0.484 0.10765
0.4819 0.10658
0.4798 0.10567
0.47769 0.10492
0.4755900 0.10432
0.47353 0.10388
0.47153 0.10358
0.46965 0.10342
0.46793 0.10336
0.4664 0.1034
0.46508 0.1035
0.46394 0.10366
0.46295 0.10385
0.4621 0.10408
0.46136 0.10432
0.46071 0.10458
0.460150 0.10485
0.45965 0.10513
0.45922 0.10542
0.45885 0.10572
0.45854 0.10603
0.45829 0.10636
0.4581 0.10674
0.45806 0.10716
0.458180 0.10759
0.45842 0.10801
0.45875 0.10843
0.45916 0.10886
0.45965 0.10933
0.46025 0.10986
0.460970 0.11047
0.46187 0.11120
0.46300 0.11207
0.46447 0.11316
0.466330 0.1145
0.46859 0.11608
0.47117 0.1178
0.47398 0.11959
0.477 0.12144
0.4802 0.12335
0.48351 0.12531
0.48687 0.12729
0.49021 0.12927
0.49352 0.13123
0.49676 0.13319
0.49992 0.135130
0.50302 0.13708
0.50604 0.13904
0.50898 0.14101
0.51185 0.143010
0.51465 0.14504
0.517380 0.14711
0.52005 0.14922
0.52265 0.15138
0.525190 0.15358
0.52766 0.15584
0.53008 0.15814
0.53242 0.16050
0.534690 0.16288
0.53686 0.16529
0.53890 0.16767
0.54077 0.16997
0.54241 0.17214
0.54380 0.17411
0.54492 0.17589
0.5458 0.17747
0.54648 0.17888
0.5471 0.18042
*.*.Setup: s1223rtl.txt as Flap 1, Inverted: y, Scale = 1.0, AoA = 2.0, Reposition from (0,0) = (0, 0)*.*.
*.*.Setup: s1223rtl.txt as Flap 2, Inverted: y, Scale = 0.35, AoA = 28.333333333333332, Reposition from previous T.E. = (0.04, 0.055), Reposition from (0,0) = (1.0394, 0.0899)*.*.
*.*.Setup: s1223rtl.txt as Flap 3, Inverted: y, Scale = 0.35, AoA = 40.0, Reposition from previous T.E. = (0.04, 0.065), Reposition from (0,0) = (1.3875, 0.321)*.*.
*.*.Setup: Scale Ratio = 0.33046*.*.