0.3526 -0.01231
0.35028 -0.01406
0.34689 -0.0166
0.343 -0.019020
0.33839 -0.02125
0.33286 -0.02343
0.32624 -0.02566
0.31847 -0.027970
0.30967 -0.03032
0.300050 -0.03264
0.28989 -0.0349
0.27941 -0.03704
0.268790 -0.03905
0.25812 -0.0409
0.24745 -0.04258
0.236780 -0.04407
0.226080 -0.045380
0.2153 -0.0465
0.20439 -0.04747
0.19329 -0.04829
0.18198 -0.049
0.17044 -0.04964
0.15874 -0.05022
0.14697 -0.05078
0.1353 -0.05129
0.12389 -0.051740
0.11294 -0.0520800
0.10263 -0.052250
0.093080 -0.05218
0.08427 -0.05181
0.07606 -0.051080
0.06834 -0.04998
0.06103 -0.0485
0.05407 -0.04664
0.04744 -0.04441
0.04114 -0.04181
0.03517 -0.0388800
0.029590 -0.03567
0.02445 -0.03226
0.01985 -0.02879
0.015840 -0.02541
0.01245 -0.02222
0.00966 -0.01928
0.00738 -0.01660
0.00554 -0.01414
0.00407 -0.0118900
0.00289 -0.00982
0.00195 -0.00792
0.00122 -0.00616
0.00068 -0.00452
0.00029 -0.00299
6e-05 -0.00155
-0.000029 -0.00021
9e-05 0.00106
0.00045 0.00229
0.00121 0.003340
0.00236 0.00408
0.00376 0.00453
0.005360 0.0048
0.00718 0.00495
0.009260 0.00502
0.01168 0.00501
0.01457 0.004910
0.01808 0.00472
0.02245 0.00439
0.02799 0.00387
0.03495 0.00311
0.0432900 0.002060
0.05264 0.00071
0.06267 -0.00098
0.0733 -0.00296
0.08444 -0.00516
0.09594 -0.00747
0.1076 -0.00983
0.11923 -0.01218
0.13073 -0.01446
0.14206 -0.016640
0.15322 -0.01869
0.16420 -0.02059
0.17504 -0.02232
0.18574 -0.02385
0.19633 -0.02518
0.2068200 -0.02629
0.21723 -0.02718
0.22758 -0.02784
0.23788 -0.02826
0.24814 -0.02844
0.25836 -0.02838
0.26854 -0.02808
0.27866 -0.02753
0.28867 -0.02675
0.2985 -0.02573
0.30799 -0.0245
0.31693 -0.02309
0.32507 -0.02154
0.33224 -0.01989
0.33840 -0.01816
0.34363 -0.01637
0.34805 -0.01456
0.3526 -0.01231
-Inserting Flap s1223rtl-
0.44013 0.0657
0.43973 0.06476
0.43916 0.06339
0.43841 0.06197
0.43741 0.06049
0.43613 0.05885
0.43452 0.057
0.43258 0.05493
0.43034 0.05267
0.427840 0.05027
0.42517 0.04779
0.42239 0.045290
0.41953 0.04281
0.416640 0.04036
0.41371 0.03797
0.41075 0.03563
0.40775 0.03335
0.40469 0.03110
0.40157 0.02888
0.39836 0.02667
0.39507 0.02445
0.39169 0.02222
0.38826 0.01998
0.38481 0.01773
0.38137 0.01551
0.3780 0.01336
0.374760 0.01132
0.37167 0.009450
0.36878 0.00778
0.36605 0.00634
0.36344 0.0051
0.36091 0.00407
0.35844 0.00323
0.35601 0.00256
0.35361 0.00206
0.35125 0.00173
0.34893 0.00156
0.34668 0.00155
0.34452 0.00167
0.34252 0.0019
0.340710 0.00222
0.33912 0.00258
0.33776 0.00297
0.3366 0.00338
0.33561 0.0038
0.33476 0.00422
0.33404 0.00463
0.33342 0.00504
0.33289 0.00545
0.33244 0.00585
0.33205 0.006240
0.33173 0.00663
0.33147 0.00703
0.33127 0.00743
0.33116 0.00786
0.331210 0.008320
0.33142 0.00874
0.33177 0.00913
0.3322 0.00949
0.33273 0.00986
0.33334 0.01024
0.33408 0.01067
0.33497 0.01115
0.33606 0.01171
0.33744 0.01239
0.3392 0.01321
0.34144 0.014210
0.34415 0.01537
0.34721 0.01661
0.35054 0.01787
0.3541 0.01915
0.35785 0.02046
0.36174 0.02179
0.36567 0.02314
0.3696 0.02449
0.37348 0.02583
0.37729 0.02717
0.38102 0.02853
0.38468 0.0299
0.38826 0.03129
0.39176 0.03272
0.39519 0.03419
0.39856 0.03571
0.40186 0.03728
0.4051 0.03891
0.40829 0.0406
0.41142 0.04236
0.41450 0.04419
0.41752 0.04608
0.42048 0.04803
0.42337 0.05004
0.42615 0.05208
0.4288 0.05413
0.43125 0.05614
0.43344 0.05804
0.43531 0.05981
0.43687 0.06142
0.43813 0.06289
0.43915 0.06422
0.44013 0.0657
-Inserting Flap s1223rtl-
0.53775 0.1524
0.53747 0.15143
0.53706 0.15
0.536480 0.1485
0.53566 0.14691
0.53457 0.14514
0.53319 0.14312
0.53151 0.140840
0.52954 0.13833
0.52734 0.13565
0.524980 0.132880
0.5225 0.13008
0.51996 0.12728
0.517360 0.12451
0.51473 0.1218
0.51207 0.11913
0.50935 0.11651
0.5065700 0.11393
0.50373 0.11136
0.5008 0.108790
0.497790 0.10621
0.49469 0.1036
0.49155 0.10097
0.48837 0.09834
0.48522 0.09574
0.48213 0.09321
0.47914 0.09081
0.47629 0.08859
0.47361 0.08659
0.47106 0.08484
0.46862 0.08332
0.46623 0.082
0.46387 0.08087
0.46154 0.07993
0.45921 0.07916
0.4569 0.07855
0.454620 0.07812
0.45238 0.07784
0.45023 0.077710
0.44821 0.07771
0.44638 0.07781
0.44476 0.07799
0.44336 0.0782200
0.44216 0.07849
0.44113 0.07879
0.44024 0.079110
0.43947 0.07944
0.43881 0.07977
0.43824 0.08011
0.43774 0.08046
0.43731 0.08080
0.43694 0.08115
0.436640 0.08151
0.4364 0.08189
0.43624 0.08231
0.43623 0.08276
0.4364 0.08321
0.43669 0.08363
0.43708 0.08405
0.437560 0.08447
0.43813 0.08493
0.43881 0.08544
0.439630 0.08602
0.44066 0.0867
0.44195 0.087530
0.44361 0.08855
0.44571 0.0898
0.44826 0.09127
0.45116 0.09286
0.45432 0.0945
0.45771 0.09619
0.46129 0.097920
0.464990 0.0997
0.46874 0.10149
0.47249 0.10328
0.47618 0.10507
0.47981 0.10685
0.48336 0.10862
0.48683 0.11041
0.49023 0.11221
0.49354 0.11403
0.49678 0.11589
0.49995 0.11779
0.50304 0.11974
0.50608 0.12173
0.50904 0.12378
0.511950 0.12589
0.51479 0.12806
0.51757 0.13029
0.52029 0.13257
0.52292 0.1349
0.52546 0.13726
0.52785 0.1396
0.53005 0.14188
0.532 0.14403
0.53365 0.146
0.53501 0.14778
0.5361 0.14938
0.53695 0.15082
0.53775 0.1524
*.*.Setup: s1223rtl.txt as Flap 1, Inverted: y, Scale = 1.0, AoA = -2.0, Reposition from (0,0) = (0, 0)*.*.
*.*.Setup: s1223rtl.txt as Flap 2, Inverted: y, Scale = 0.35, AoA = 28.333333333333332, Reposition from previous T.E. = (-0.06, 0.055), Reposition from (0,0) = (0.9394, 0.0201)*.*.
*.*.Setup: s1223rtl.txt as Flap 3, Inverted: y, Scale = 0.35, AoA = 35.0, Reposition from previous T.E. = (-0.01, 0.045), Reposition from (0,0) = (1.2375, 0.2312)*.*.
*.*.Setup: Scale Ratio = 0.35282*.*.