0.3313 0.01157
0.32923 0.00978
0.32622 0.00717
0.32273 0.00465
0.31856 0.00226
0.31352 -0.00014
0.30746 -0.00267
0.30034 -0.005350
0.29224 -0.00812
0.28337 -0.01093
0.274 -0.013710
0.26432 -0.01641
0.25449 -0.01899
0.24462 -0.02142
0.23473 -0.02369
0.22482 -0.02579
0.2148800 -0.02771
0.20485 -0.02948
0.19469 -0.0311
0.18434 -0.03259
0.17378 -0.034
0.163 -0.03536
0.15207 -0.03667
0.14108 -0.03796
0.13018 -0.03921
0.11952 -0.04037
0.10927 -0.04141
0.0996200 -0.04225
0.09066 -0.04281
0.08238 -0.04304
0.07464 -0.04289
0.06733 -0.04237
0.06038 -0.04146
0.0537400 -0.04017
0.04738 -0.03851
0.0413 -0.03649
0.03552 -0.03414
0.03007 -0.03149
0.02504 -0.02864
0.02049 -0.02569
0.01651 -0.02277
0.0131300 -0.02001
0.01031 -0.01744
0.00801 -0.01507
0.00612 -0.01289
0.00459 -0.01088
0.00335 -0.00902
0.00235 -0.00729
0.00155 -0.00569
0.00093 -0.00419
0.00047 -0.00278
0.00016 -0.00145
0.000013 -0.0002
0.000035 0.001
0.00027 0.00218
0.00091 0.00321
0.00194 0.00398
0.003230 0.00449
0.00471 0.00485
0.00640 0.00511
0.00835 0.00531
0.01062 0.00546
0.01333 0.00556
0.01664 0.00561
0.020760 0.00558
0.02598 0.00546
0.03255 0.0052
0.04044 0.00477
0.04929 0.00411
0.0588 0.00319
0.06889 0.00203
0.07949 0.0007
0.09041 -0.00071
0.10149 -0.00216
0.11255 -0.0036
0.12348 -0.004990
0.13424 -0.00629
0.14483 -0.00748
0.15526 -0.008540
0.165530 -0.00945
0.17566 -0.01018
0.18567 -0.01073
0.19557 -0.01109
0.20539 -0.01124
0.21513 -0.01118
0.22481 -0.0109
0.23444 -0.01039
0.24402 -0.00967
0.25354 -0.0087200
0.26299 -0.00754
0.27232 -0.006150
0.28147 -0.00456
0.29028 -0.00278
0.29857 -0.00087
0.30609 0.00112
0.31271 0.00314
0.31837 0.00516
0.32316 0.00718
0.32718 0.009170
0.3313 0.01157
-Inserting Flap s1223rtl-
0.43866 0.08215
0.43824 0.08129
0.43763 0.08004
0.43685 0.07875
0.43583 0.07741
0.43454 0.07595
0.43293 0.0743
0.431 0.07247
0.42877 0.07047
0.42630 0.068350
0.42366 0.06617
0.42091 0.06398
0.4181 0.0618
0.41525 0.05967
0.41237 0.05758
0.40947 0.05555
0.40653 0.05357
0.40354 0.051630
0.40048 0.04972
0.39735 0.04782
0.39414 0.045930
0.39086 0.04402
0.38752 0.0421
0.38415 0.040180
0.38081 0.0382900
0.37753 0.03645
0.37437 0.03472
0.37138 0.03313
0.36857 0.03172
0.36593 0.03052
0.36342 0.0295
0.360990 0.02867
0.35863 0.02802
0.35631 0.02752
0.35404 0.02719
0.3518 0.027010
0.34962 0.02698
0.3475 0.0270800
0.34549 0.02731
0.34362 0.02764
0.34194 0.02804
0.340470 0.02847
0.33922 0.02891
0.33815 0.02936
0.33724 0.0298
0.33647 0.03024
0.33582 0.03067
0.33526 0.031090
0.33479 0.03150
0.334380 0.03189
0.33404 0.03229
0.33376 0.03267
0.33354 0.03305
0.33337 0.03344
0.3333 0.03385
0.333360 0.0342800
0.33359 0.03466
0.33393 0.03501
0.33436 0.03532
0.334870 0.03564
0.33547 0.03597
0.336180 0.03633
0.33704 0.03673
0.3381 0.0372
0.33943 0.03775
0.34113 0.03843
0.34328 0.03924
0.34588 0.04018
0.34883 0.041180
0.35202 0.04219
0.35543 0.04319
0.35902 0.04421
0.36273 0.04525
0.3665 0.0463
0.37026 0.04735
0.37397 0.0484
0.37762 0.04945
0.38119 0.05051
0.3847 0.05160
0.38813 0.05271
0.39149 0.05386
0.39479 0.05505
0.39803 0.05629
0.401220 0.05759
0.40435 0.058940
0.40743 0.06035
0.41046 0.06183
0.41345 0.06337
0.41638 0.064980
0.41927 0.06665
0.422080 0.06838
0.42481 0.07014
0.42741 0.07192
0.42982 0.07367
0.43197 0.07534
0.43382 0.07689
0.43537 0.07832
0.43664 0.07962
0.43766 0.08081
0.43866 0.08215
-Inserting Flap s1223rtl-
0.54696 0.17025
0.5467 0.16933
0.54631 0.16799
0.54577 0.16658
0.545 0.16509
0.54398 0.16342
0.54268 0.16152
0.5411 0.15938
0.53925 0.15702
0.537180 0.15451
0.53496 0.1519
0.53264 0.14927
0.53024 0.14664
0.52781 0.14404
0.52534 0.14149
0.52283 0.13899
0.520280 0.136520
0.51767 0.1341
0.515 0.13168
0.51224 0.12927
0.50941 0.12684
0.50651 0.12439
0.503550 0.12192
0.50057 0.11945
0.49761 0.117
0.4947 0.11463
0.49189 0.11237
0.48921 0.11029
0.48669 0.10841
0.48431 0.10677
0.48201 0.10534
0.47976 0.1041
0.47755 0.10304
0.47535 0.10215
0.47317 0.10142
0.471 0.100860
0.46885 0.10045
0.46675 0.10019
0.4647300 0.10007
0.46283 0.10006
0.46111 0.10016
0.45959 0.10033
0.45827 0.10055
0.45714 0.1008
0.4561800 0.10108
0.45534 0.10138
0.45462 0.10169
0.454 0.10201
0.453460 0.102320
0.45299 0.10265
0.45259 0.10297
0.45225 0.1033
0.45196 0.10364
0.4517300 0.10399
0.45159 0.10439
0.45158 0.10482
0.45173 0.10524
0.45201 0.105630
0.45238 0.10602
0.45283 0.10642
0.45336 0.10685
0.454 0.10733
0.45478 0.10787
0.45574 0.10852
0.45695 0.10929
0.45851 0.11025
0.46048 0.11143
0.462880 0.11281
0.46561 0.1143
0.4685700 0.11584
0.47176 0.11743
0.47512 0.11906
0.4786 0.12072
0.48213 0.12241
0.48564 0.1241
0.48912 0.12577
0.49252 0.12744
0.49586 0.12911
0.49912 0.13079
0.50231 0.13248
0.505420 0.13419
0.50847 0.135940
0.51144 0.13773
0.51435 0.13955
0.5172 0.141430
0.51999 0.14335
0.52272 0.14534
0.52539 0.14738
0.528010 0.14947
0.53056 0.15162
0.53303 0.1538
0.53541 0.15601
0.53766 0.15822
0.53973 0.160360
0.54156 0.162370
0.54311 0.16423
0.54439 0.1659
0.54541 0.16741
0.54621 0.16876
0.54696 0.17025
*.*.Setup: s1223rtl.txt as Flap 1, Inverted: y, Scale = 1.0, AoA = 2.0, Reposition from (0,0) = (0, 0)*.*.
*.*.Setup: s1223rtl.txt as Flap 2, Inverted: y, Scale = 0.35, AoA = 25.0, Reposition from previous T.E. = (0.0067, 0.065), Reposition from (0,0) = (1.0061, 0.0999)*.*.
*.*.Setup: s1223rtl.txt as Flap 3, Inverted: y, Scale = 0.35, AoA = 35.0, Reposition from previous T.E. = (0.04, 0.065), Reposition from (0,0) = (1.3633, 0.3128)*.*.
*.*.Setup: Scale Ratio = 0.3315*.*.