0.34667 -0.01211
0.34438 -0.01382
0.34105 -0.01633
0.33722 -0.01870
0.33269 -0.02089
0.32726 -0.02303
0.32075 -0.02523
0.31311 -0.02750
0.30446 -0.02981
0.2950 -0.03209
0.28501 -0.03431
0.27471 -0.03642
0.264270 -0.03839
0.25378 -0.04021
0.24329 -0.04186
0.23280 -0.04333
0.222280 -0.044610
0.21168 -0.04572
0.20095 -0.04667
0.19004 -0.04748
0.17891 -0.04818
0.16757 -0.0488
0.15606 -0.04938
0.1445 -0.04992
0.13302 -0.05043
0.12181 -0.050870
0.11104 -0.051200
0.1009 -0.051370
0.091510 -0.0513
0.08285 -0.05094
0.07478 -0.050220
0.06719 -0.04914
0.06 -0.04769
0.05316 -0.04586
0.04664 -0.04366
0.04044 -0.04111
0.03458 -0.0382300
0.029090 -0.03507
0.02404 -0.03172
0.01951 -0.02831
0.015570 -0.02498
0.01224 -0.02184
0.00949 -0.01896
0.00726 -0.016320
0.00545 -0.0139
0.004 -0.0116900
0.00284 -0.00966
0.00192 -0.00778
0.0012 -0.00605
0.00067 -0.00444
0.00029 -0.00294
6e-05 -0.00153
-0.000029 -0.00021
8e-05 0.00104
0.00044 0.00225
0.00119 0.003290
0.00232 0.00401
0.00369 0.00446
0.005270 0.00472
0.00705 0.00487
0.00910 0.00493
0.01149 0.00492
0.01432 0.004830
0.01778 0.00464
0.02207 0.00431
0.02752 0.0038
0.03436 0.00306
0.0425600 0.002030
0.05175 0.00069
0.06161 -0.00096
0.07206 -0.00291
0.08302 -0.00507
0.09433 -0.00734
0.10579 -0.00967
0.11722 -0.01197
0.12853 -0.01422
0.13967 -0.016360
0.15064 -0.01838
0.161440 -0.02025
0.1721 -0.02194
0.18262 -0.02345
0.19303 -0.02475
0.2033400 -0.02585
0.21358 -0.02672
0.22375 -0.02737
0.23388 -0.02778
0.24396 -0.02796
0.25401 -0.0279
0.26402 -0.02761
0.27397 -0.02707
0.28381 -0.0263
0.29347 -0.0253
0.3028 -0.02409
0.31159 -0.0227
0.3196 -0.02118
0.32664 -0.01955
0.33270 -0.01785
0.33785 -0.01609
0.3422 -0.01431
0.34667 -0.01211
-Inserting Flap s1223rtl-
0.45999 0.08008
0.45971 0.079120
0.45931 0.07771
0.45874 0.0762400
0.45794 0.07468
0.45687 0.07293
0.45551 0.07095
0.45386 0.068710
0.45192 0.06624
0.44976 0.06361
0.447430 0.060880
0.445 0.05812
0.4425 0.05537
0.439950 0.05265
0.43736 0.04998
0.43474 0.04737
0.43207 0.04479
0.42934 0.04225
0.42654 0.03972
0.42366 0.03720
0.42070 0.03466
0.41766 0.0321
0.41457 0.02951
0.41145 0.02692
0.40835 0.02437
0.4053 0.02188
0.40236 0.01952
0.39957 0.01734
0.39693 0.01538
0.39443 0.01365
0.39202 0.01215
0.38967 0.0108600
0.38736 0.00975
0.38506 0.00882
0.38278 0.00806
0.38051 0.00747
0.37826 0.00704
0.37606 0.00677
0.37394 0.006640
0.37196 0.00664
0.37016 0.00674
0.368560 0.00691
0.36719 0.007140
0.36601 0.00741
0.36499 0.0077
0.36412 0.008020
0.36337 0.00834
0.36272 0.00867
0.36215 0.009
0.36166 0.00934
0.36124 0.00968
0.360880 0.01003
0.360580 0.01038
0.36035 0.01075
0.36019 0.01116
0.36018 0.01161
0.36034 0.01205
0.36064 0.01247
0.361020 0.01287
0.36149 0.01329
0.362050 0.01374
0.36272 0.01424
0.36353000 0.01481
0.36453 0.01548
0.3658 0.01630
0.36743 0.0173
0.3695 0.01853
0.37201 0.01997
0.37486 0.02154
0.37797 0.02315
0.3813 0.02481
0.384820 0.026510
0.38845 0.02826
0.39215 0.03002
0.39583 0.03179
0.39946 0.03354
0.40303 0.03529
0.40652 0.03703
0.40993 0.03879
0.41327 0.04056
0.41653 0.04235
0.41971 0.04418
0.42282 0.04605
0.42587 0.04796
0.42885 0.04992
0.43177 0.05194
0.43462 0.05401
0.43742 0.05614
0.44016 0.05834
0.44282 0.06058
0.44541 0.06287
0.4479 0.06518
0.45026 0.06749
0.45242 0.06973
0.45434 0.07184
0.45596 0.07378
0.4573 0.07553
0.45837 0.07711
0.459210 0.07852
0.45999 0.08008
-Inserting Flap s1223rtl-
0.53863 0.17226
0.53835 0.1713
0.53795 0.1699
0.53738 0.16843
0.53658 0.16686
0.535510 0.16512
0.53415 0.16313
0.53250 0.16089
0.53056 0.15842
0.5284 0.15579
0.52607 0.15307
0.52364 0.15031
0.521140 0.14756
0.51859 0.14484
0.516 0.14217
0.51338 0.13955
0.51071 0.13697
0.50798 0.13443
0.50518 0.13191
0.5023 0.12938
0.49934 0.12684
0.4963 0.12428
0.4932 0.12169
0.49009 0.11911
0.48698 0.11655
0.48394 0.11406
0.4810 0.11170
0.4782 0.10952
0.47557 0.10756
0.47307 0.10584
0.47066 0.104340
0.46831 0.10304
0.466 0.10193
0.4637 0.101
0.46141 0.10025
0.45914 0.09965
0.4569 0.09922
0.4547 0.098950
0.45258 0.09882
0.4506 0.09882
0.44879 0.098920
0.4472 0.0991
0.44583 0.09933
0.444650 0.099590
0.44363 0.09989
0.44276 0.1002
0.44201 0.10052
0.44136 0.10085
0.44079 0.10119
0.4403 0.10152
0.439880 0.10186
0.43952 0.10221
0.43922 0.10256
0.43898 0.10293
0.43883 0.10335
0.43882 0.10379
0.43898 0.10423
0.43927 0.10465
0.43966 0.10505
0.44013 0.105470
0.44069 0.10592
0.44135 0.10642
0.44217 0.10699
0.4431700 0.10767
0.44444 0.10848
0.44607 0.10948
0.44814 0.11072
0.45065 0.11216
0.4535 0.11372
0.45661 0.11533
0.45994 0.11699
0.46345 0.1187
0.46709 0.12044
0.47079 0.1222100
0.47447 0.12397
0.4781 0.12572
0.48167 0.12747
0.48516 0.12922
0.48857 0.13097
0.49191 0.13274
0.49516 0.13454
0.498350 0.13636
0.50146 0.13823
0.50451 0.14014
0.50749 0.1421
0.51041 0.14412
0.51326 0.14620
0.51606 0.14833
0.51879 0.15052
0.52146 0.15276
0.52405 0.15505
0.52654 0.157370
0.5289 0.15967
0.53106 0.16191
0.532970 0.16402
0.5346 0.16596
0.53594 0.16771
0.53701 0.16929
0.53785 0.1707
0.53863 0.17226
*.*.Setup: s1223rtl.txt as Flap 1, Inverted: y, Scale = 1.0, AoA = -2.0, Reposition from (0,0) = (0, 0)*.*.
*.*.Setup: s1223rtl.txt as Flap 2, Inverted: y, Scale = 0.35, AoA = 35.0, Reposition from previous T.E. = (0.04, 0.065), Reposition from (0,0) = (1.0394, 0.0301)*.*.
*.*.Setup: s1223rtl.txt as Flap 3, Inverted: y, Scale = 0.35, AoA = 35.0, Reposition from previous T.E. = (-0.06, 0.065), Reposition from (0,0) = (1.2661, 0.2959)*.*.
*.*.Setup: Scale Ratio = 0.34688*.*.