0.35657 -0.01245
0.35421 -0.01422
0.35079 -0.01679
0.34685 -0.019240
0.34219 -0.02149
0.3366 -0.02369
0.32991 -0.02595
0.32205 -0.028290
0.31315 -0.03066
0.303420 -0.03301
0.29315 -0.03529
0.28255 -0.03746
0.271810 -0.03949
0.26102 -0.04136
0.25023 -0.04306
0.239440 -0.04457
0.228620 -0.045890
0.21772 -0.04703
0.20669 -0.048
0.19547 -0.04883
0.18402 -0.04956
0.17236 -0.0502
0.16052 -0.05079
0.14862 -0.05135
0.13682 -0.05187
0.12529 -0.052320
0.11421 -0.0526600
0.10378 -0.052840
0.094130 -0.05277
0.08521 -0.05239
0.07691 -0.051660
0.06911 -0.05054
0.06171 -0.04905
0.05468 -0.04717
0.04797 -0.04491
0.0416 -0.04228
0.03557 -0.0393200
0.029920 -0.03607
0.02473 -0.03262
0.02007 -0.02912
0.016020 -0.02569
0.01259 -0.02247
0.00976 -0.0195
0.00746 -0.016780
0.00561 -0.0143
0.00411 -0.0120200
0.00292 -0.00993
0.00197 -0.00801
0.00124 -0.00622
0.00068 -0.00457
0.0003 -0.00302
7e-05 -0.00157
-0.000029 -0.00021
9e-05 0.00107
0.00045 0.00232
0.00122 0.003380
0.00238 0.00413
0.0038 0.00458
0.005420 0.00486
0.00726 0.00501
0.009360 0.00507
0.01182 0.00506
0.01473 0.004970
0.01828 0.00477
0.0227 0.00444
0.0283 0.00391
0.03534 0.00314
0.0437800 0.002090
0.05323 0.00071
0.06337 -0.00099
0.07412 -0.003
0.08539 -0.00521
0.09702 -0.00755
0.10881 -0.00994
0.12057 -0.01232
0.1322 -0.01462
0.14365 -0.016830
0.15494 -0.0189
0.166050 -0.02082
0.17701 -0.02257
0.18783 -0.02412
0.19854 -0.02546
0.2091500 -0.02659
0.21968 -0.02748
0.23014 -0.02815
0.24055 -0.02858
0.25093 -0.02876
0.26126 -0.0287
0.27156 -0.0284
0.28179 -0.02784
0.29192 -0.02705
0.30185 -0.02602
0.31145 -0.02478
0.32049 -0.02335
0.32872 -0.02178
0.33597 -0.02011
0.34220 -0.01836
0.3475 -0.01655
0.35197 -0.01472
0.35657 -0.01245
-Inserting Flap s1223rtl-
0.44507 0.07
0.44467 0.06906
0.44409 0.06767
0.44334 0.06624
0.44233 0.06473
0.44103 0.06308
0.43941 0.06121
0.43745 0.05912
0.43518 0.05683
0.432650 0.0544
0.42995 0.0519
0.42714 0.049370
0.42425 0.04686
0.421320 0.04438
0.41836 0.04196
0.41537 0.0396
0.41233 0.03729
0.40924 0.035020
0.40608 0.03277
0.40284 0.03054
0.39951 0.0283
0.3961 0.02604
0.39263 0.02377
0.38913 0.0215
0.38566 0.01926
0.382250 0.01708
0.378970 0.01502
0.37585 0.013120
0.37292 0.01144
0.37016 0.00997
0.36752 0.00873
0.36497 0.00769
0.36247 0.00683
0.36001 0.00616
0.35759 0.00565
0.3552 0.00532
0.35285 0.00515
0.35057 0.00513
0.3484 0.00526
0.34637 0.00549
0.344540 0.00581
0.34293 0.00618
0.34155 0.00658
0.34038 0.00699
0.33938 0.00741
0.33853 0.00783
0.3378 0.00825
0.33717 0.00867
0.33663 0.00908
0.33617 0.00948
0.33578 0.009880
0.33546 0.01028
0.33519 0.01067
0.335 0.01108
0.33489 0.01152
0.334930 0.011980
0.33515 0.01241
0.3355 0.0128
0.33594 0.01316
0.33647 0.01353
0.33709 0.01393
0.33783 0.01436
0.33873 0.01485
0.33984 0.01541
0.34123 0.01609
0.34302 0.01692
0.34528 0.017940
0.34801 0.01911
0.35111 0.02036
0.35448 0.02164
0.35808 0.02294
0.36188 0.02426
0.3658 0.02561
0.36978 0.02697
0.37376 0.02833
0.37768 0.02969
0.38153 0.03105
0.3853 0.03242
0.389 0.0338
0.39262 0.03521
0.39616 0.03665
0.39963 0.03814
0.40304 0.03968
0.40638 0.04127
0.40966 0.04292
0.41288 0.04463
0.41604 0.0464
0.419160 0.04825
0.42221 0.05016
0.4252 0.05214
0.42812 0.05417
0.43094 0.05623
0.43362 0.05831
0.4361 0.06034
0.43831 0.06226
0.44021 0.06405
0.44178 0.06568
0.44306 0.06716
0.44408 0.06851
0.44507 0.07
-Inserting Flap s1223rtl-
0.53716 0.17346
0.536970 0.17245
0.53668 0.17098
0.53623 0.16942
0.535540 0.16775
0.5346 0.16586
0.53339 0.16371
0.5319 0.16126
0.53014 0.15856
0.52816 0.15567
0.52602 0.15267
0.52377 0.14963
0.52145 0.14658
0.51908 0.14357
0.516680 0.1406
0.51422 0.13768
0.51172 0.1348
0.50915 0.13195
0.506510 0.12912
0.50378 0.12627
0.50097 0.1234
0.49809 0.1205
0.49515 0.11758
0.49219 0.11465
0.48924 0.111750
0.486340 0.10893
0.48354 0.10625
0.48087 0.10376
0.478350 0.10151
0.47594 0.09952
0.47361 0.09777
0.47132 0.09623
0.46904 0.09489
0.46677 0.09373
0.4645 0.09275
0.46223 0.09194
0.4599600 0.0913
0.45774 0.09082
0.45558 0.0905
0.45354 0.09032
0.45169 0.09026
0.45004 0.0903
0.44861 0.09041
0.44738 0.09058
0.44631 0.09079
0.44539 0.09103
0.44459 0.0913
0.44389 0.091580
0.443280 0.09187
0.44275 0.092170
0.44229 0.09248
0.44189 0.0928
0.44155 0.09314
0.44128 0.093490
0.44108 0.0939
0.44103 0.09436
0.441160 0.09483
0.44142 0.09528
0.44178 0.09573
0.44222 0.0962
0.44275 0.09671
0.44339 0.09728
0.444170 0.09794
0.44514 0.09872
0.4463700 0.09967
0.44795 0.100840
0.449960 0.10229
0.4524 0.10399
0.45518 0.10585
0.45822 0.10778
0.46149 0.10977
0.46494 0.11184
0.46851 0.11395
0.47213 0.11609
0.47575 0.11823
0.47931 0.12035
0.48281 0.12246
0.48623 0.12456
0.48957 0.12667
0.49283 0.12878
0.49601 0.13091
0.49911 0.13307
0.50213 0.13526
0.505080 0.13749
0.50796 0.13977
0.51077 0.14210
0.513510 0.14448
0.51618 0.14692
0.51879 0.14941
0.52132 0.15195
0.523770 0.15453
0.52611 0.15712
0.528320 0.15969
0.53033 0.16218
0.53211 0.16452
0.53360 0.16665
0.53481 0.16856
0.53577 0.17027
0.5365 0.1718
0.53716 0.17346
*.*.Setup: s1223rtl.txt as Flap 1, Inverted: y, Scale = 1.0, AoA = -2.0, Reposition from (0,0) = (0, 0)*.*.
*.*.Setup: s1223rtl.txt as Flap 2, Inverted: y, Scale = 0.35, AoA = 28.333333333333332, Reposition from previous T.E. = (-0.06, 0.065), Reposition from (0,0) = (0.9394, 0.0301)*.*.
*.*.Setup: s1223rtl.txt as Flap 3, Inverted: y, Scale = 0.35, AoA = 40.0, Reposition from previous T.E. = (-0.01, 0.065), Reposition from (0,0) = (1.2375, 0.2612)*.*.
*.*.Setup: Scale Ratio = 0.35678*.*.