0.34369 -0.012
0.34142 -0.0137
0.33812 -0.01618
0.33432 -0.018540
0.32983 -0.02071
0.32444 -0.02283
0.31799 -0.02502
0.31042 -0.027270
0.30184 -0.02955
0.292460 -0.03182
0.28256 -0.03401
0.27235 -0.0361
0.261990 -0.03806
0.2516 -0.03987
0.2412 -0.0415
0.23080 -0.04296
0.220370 -0.044230
0.20986 -0.04533
0.19922 -0.04627
0.18841 -0.04707
0.17738 -0.04777
0.16613 -0.04838
0.15472 -0.04895
0.14326 -0.04949
0.13188 -0.04999
0.12076 -0.050430
0.11008 -0.0507600
0.10003 -0.050930
0.090730 -0.05086
0.08214 -0.0505
0.07413 -0.049790
0.06661 -0.04872
0.05948 -0.04728
0.0527 -0.04546
0.04624 -0.04328
0.0401 -0.04075
0.03428 -0.037900
0.028840 -0.03477
0.02384 -0.03145
0.01934 -0.02807
0.015440 -0.02476
0.01214 -0.02166
0.00941 -0.01879
0.00719 -0.016180
0.0054 -0.01378
0.00397 -0.0115900
0.00282 -0.00957
0.0019 -0.00772
0.00119 -0.006
0.00066 -0.0044
0.00029 -0.00291
6e-05 -0.00152
-0.000029 -0.00021
8e-05 0.00103
0.00044 0.00223
0.00118 0.003260
0.0023 0.00398
0.00366 0.00442
0.005220 0.00468
0.00699 0.00483
0.009020 0.00489
0.01139 0.00488
0.0142 0.004790
0.01762 0.0046
0.02188 0.00428
0.02728 0.00377
0.03406 0.00303
0.042200 0.002010
0.05131 0.00069
0.06108 -0.00096
0.07144 -0.00289
0.08231 -0.00503
0.09351 -0.00728
0.10488 -0.00958
0.11621 -0.01187
0.12742 -0.01409
0.13847 -0.016220
0.14934 -0.01822
0.160050 -0.02007
0.17062 -0.02175
0.18105 -0.02325
0.19137 -0.02454
0.2015900 -0.02563
0.21174 -0.02649
0.22183 -0.02713
0.23187 -0.02754
0.24186 -0.02772
0.25183 -0.02766
0.26175 -0.02737
0.27161 -0.02684
0.28137 -0.02607
0.29095 -0.02508
0.3002 -0.02388
0.30891 -0.02251
0.31685 -0.02099
0.32384 -0.01938
0.329840 -0.0177
0.33495 -0.01595
0.33925 -0.01419
0.34369 -0.012
-Inserting Flap s1223rtl-
0.43311 0.07251
0.43284 0.071560
0.43244 0.07017
0.43187 0.0687100
0.43107 0.06716
0.430010 0.06543
0.42867 0.06346
0.427030 0.061240
0.42511 0.05879
0.42297 0.05618
0.42066 0.053480
0.41825 0.05075
0.415770 0.04802
0.41324 0.04532
0.41068 0.04268
0.40808 0.04008
0.40543 0.03753
0.40272 0.03501
0.39995 0.0325
0.3971 0.030
0.39416 0.02748
0.39114 0.02494
0.38808 0.02238
0.38498 0.01981
0.38191 0.01728
0.37889 0.01481
0.375980 0.01247
0.3732 0.01031
0.37059 0.00837
0.36811 0.00666
0.36573 0.00517
0.3634 0.0038900
0.3611 0.00279
0.35882 0.00187
0.35656 0.00111
0.35431 0.00053
0.35208 0.0001
0.3499 -0.00017
0.3478 -0.00030
0.34583 -0.0003
0.344050 -0.0002
0.34247 -0.000068
0.34111 0.00020
0.339930 0.00047
0.33893 0.00076
0.33807 0.001070
0.33732 0.00139
0.33667 0.00172
0.33611 0.00205
0.33563 0.00238
0.335210 0.00272
0.33485 0.00306
0.33456 0.00341
0.33432 0.00378
0.33417 0.00419
0.33416 0.00463
0.33432 0.00507
0.33461 0.00548
0.33499 0.00588
0.33545 0.0063
0.33601 0.00674
0.33667 0.00724
0.33748 0.0078
0.338470 0.00847
0.33973 0.009280
0.34135 0.01027
0.3434 0.0115
0.34589 0.01292
0.34871 0.01447
0.35179 0.01607
0.35509 0.01771
0.35858 0.019410
0.36219 0.02114
0.36585 0.02289
0.3695 0.02463
0.3731 0.02637
0.37664 0.0281
0.3801 0.02984
0.38348 0.03158
0.38679 0.03333
0.39002 0.03511
0.3931800 0.03692
0.39626 0.03877
0.39928 0.04067
0.40224 0.04261
0.40513 0.04461
0.40796 0.04667
0.41073 0.04878
0.41345 0.05096
0.41609 0.05318
0.41866 0.05545
0.42113 0.05775
0.42346 0.06003
0.42561 0.06225
0.4275 0.06434
0.42912 0.06627
0.43044 0.068
0.4315 0.06957
0.43233 0.07097
0.43311 0.07251
-Inserting Flap s1223rtl-
0.53907 0.16879
0.53888 0.16782
0.5386 0.1664
0.53817 0.1649
0.53751 0.16328
0.5366 0.161470
0.535440 0.15939
0.5340 0.15703
0.5323 0.15443
0.53039 0.15164
0.52833 0.14875
0.52616 0.14582
0.52393 0.14288
0.52165 0.13998
0.51932 0.13712
0.51696 0.1343
0.51454 0.13153
0.51207 0.12878
0.50952 0.12605
0.5069 0.12331
0.50419 0.12054
0.50141 0.11775
0.49858 0.11493
0.49572 0.1121
0.49288 0.10931
0.49009 0.106590
0.48739 0.104
0.48481 0.10161
0.48238 0.09944
0.48006 0.09753
0.47781 0.09584
0.4756 0.09435
0.47341 0.09306
0.47122 0.09194
0.46903 0.091
0.46684 0.09022
0.46466 0.0896
0.46251 0.08914
0.460430 0.08883
0.45847 0.0886600
0.45668 0.0886
0.4551 0.08864
0.45372 0.08874
0.45253 0.0889
0.4515 0.08911
0.45061 0.08934
0.44984 0.08959
0.44917 0.08986
0.44858 0.09014
0.44807 0.09044
0.44762 0.09074
0.44724 0.09105
0.44691 0.09137
0.44665 0.09171
0.44646 0.09211
0.44641 0.092550
0.44653 0.093
0.446790 0.09343
0.44713 0.09387
0.447560 0.09432
0.44807 0.09481
0.44869 0.0953600
0.44944 0.096
0.45037 0.09675
0.45156 0.09766
0.45308 0.09879
0.45502 0.10019
0.45737 0.101830
0.46005 0.10362
0.46298 0.10548
0.46613 0.10741
0.46945 0.1094
0.4729 0.11143
0.47639 0.11349
0.47988 0.11555
0.48331 0.1176
0.4866800 0.11963
0.48998 0.12166
0.49320 0.12369
0.49634 0.125730
0.49940 0.12778
0.50239 0.12986
0.5053 0.13197
0.50815 0.13412
0.51092 0.13632
0.51363 0.13856
0.51627 0.14086
0.51885 0.14321
0.52136 0.14561
0.5238 0.14805
0.52616 0.15054
0.52842 0.153040
0.53054 0.15552
0.53249 0.15792
0.5342 0.160170
0.53564 0.16223
0.53681 0.16407
0.53772 0.16572
0.53843 0.16719
0.53907 0.16879
*.*.Setup: s1223rtl.txt as Flap 1, Inverted: y, Scale = 1.0, AoA = -2.0, Reposition from (0,0) = (0, 0)*.*.
*.*.Setup: s1223rtl.txt as Flap 2, Inverted: y, Scale = 0.35, AoA = 35.0, Reposition from previous T.E. = (-0.0267, 0.045), Reposition from (0,0) = (0.9727, 0.0101)*.*.
*.*.Setup: s1223rtl.txt as Flap 3, Inverted: y, Scale = 0.35, AoA = 40.0, Reposition from previous T.E. = (0.04, 0.055), Reposition from (0,0) = (1.2994, 0.2659)*.*.
*.*.Setup: Scale Ratio = 0.3439*.*.