0.33077 0.01155
0.32871 0.00977
0.3257 0.00716
0.32222 0.00464
0.31805 0.00226
0.31302 -0.00014
0.30697 -0.00267
0.29986 -0.005340
0.29177 -0.00811
0.28292 -0.01091
0.27356 -0.013690
0.2639 -0.01638
0.25409 -0.01896
0.24423 -0.02139
0.23435 -0.02365
0.22447 -0.02575
0.2145400 -0.02767
0.20452 -0.02943
0.19438 -0.03105
0.18405 -0.03254
0.1735 -0.03395
0.16275 -0.0353
0.15183 -0.03661
0.14086 -0.0379
0.12997 -0.03914
0.11933 -0.04031
0.1091 -0.04134
0.0994600 -0.04218
0.09052 -0.04274
0.08225 -0.04297
0.07452 -0.04282
0.06722 -0.0423
0.06028 -0.0414
0.0536500 -0.04011
0.0473 -0.03845
0.04123 -0.03643
0.03546 -0.03408
0.03003 -0.03144
0.025 -0.02859
0.02046 -0.02565
0.01648 -0.02274
0.0131100 -0.01998
0.0103 -0.01741
0.00799 -0.01505
0.00611 -0.01287
0.00459 -0.01086
0.00335 -0.009
0.00235 -0.00728
0.00155 -0.00568
0.00093 -0.00418
0.00047 -0.00278
0.00016 -0.00145
0.000013 -0.0002
0.000035 0.001
0.00027 0.00217
0.00091 0.00321
0.00194 0.00397
0.003220 0.00449
0.0047 0.00484
0.006390 0.0051
0.00834 0.0053
0.01061 0.00545
0.01331 0.00555
0.01661 0.0056
0.020720 0.00557
0.02594 0.00545
0.0325 0.0052
0.04038 0.00476
0.04921 0.0041
0.05871 0.00318
0.06878 0.00202
0.07936 0.0007
0.09027 -0.00071
0.10133 -0.00216
0.11237 -0.0036
0.12328 -0.004980
0.13403 -0.00628
0.1446 -0.00747
0.15501 -0.008530
0.165260 -0.00943
0.17538 -0.01016
0.18537 -0.01071
0.19526 -0.01107
0.20507 -0.01122
0.21479 -0.01116
0.22446 -0.01088
0.23407 -0.01038
0.24363 -0.00965
0.25314 -0.008700
0.26257 -0.00753
0.27189 -0.006140
0.28102 -0.00455
0.28982 -0.00278
0.29809 -0.00087
0.30561 0.00112
0.31221 0.00313
0.31786 0.00515
0.32265 0.00717
0.32666 0.009150
0.33077 0.01155
-Inserting Flap s1223rtl-
0.4389 0.09951
0.43864 0.09859
0.43825 0.097250
0.43771 0.09585
0.43694 0.09436
0.43592 0.092690
0.43463 0.0908
0.43305 0.08866
0.4312 0.0863
0.42914 0.08379
0.426920 0.08119
0.4246 0.07856
0.42221 0.07594
0.419780 0.07334
0.41731 0.07079
0.41481 0.06829
0.41226 0.06584
0.40966 0.06341
0.40698 0.061
0.40424 0.0586
0.401410 0.05617
0.39851 0.05373
0.39556 0.05126
0.39258 0.04879
0.38962 0.04635
0.38672 0.04398
0.38391 0.04172
0.38124 0.03964
0.37873 0.03777
0.37634 0.03613
0.37405 0.0347
0.37181 0.03346
0.3696 0.0324
0.3674 0.03152
0.36522 0.03079
0.36306 0.03023
0.36092 0.02982
0.35882 0.02956
0.3568 0.02944
0.3549 0.02944
0.35318 0.02953
0.351670 0.0297
0.35035 0.02992
0.34922 0.03017
0.34826 0.03045
0.34743 0.03075
0.34671 0.03106
0.34609 0.03137
0.34555 0.03169
0.34508 0.03201
0.34468 0.03234
0.344330 0.03267
0.344050 0.03301
0.34382 0.03336
0.34368 0.03375
0.34367 0.03418
0.34382 0.03460
0.3441 0.035
0.344470 0.03538
0.34491 0.03578
0.345450 0.03621
0.34609 0.03669
0.34686000 0.03723
0.34782 0.03787
0.34903 0.03865
0.35058 0.03961
0.35256 0.04078
0.35495 0.042160
0.35767 0.04365
0.36064 0.04519
0.36382 0.04677
0.367170 0.0484
0.37064 0.050060
0.37417 0.05175
0.37768 0.05343
0.38115 0.0551
0.38455 0.05677
0.38788 0.058440
0.39114 0.06011
0.39432 0.06180
0.39743 0.06351
0.40047 0.06526
0.40344 0.06704
0.40634 0.06886
0.40919 0.07073
0.41197 0.07266
0.4147 0.07464
0.41736 0.07667
0.41997 0.07876
0.42252 0.08091
0.42499 0.08309
0.42737 0.0853
0.42961 0.0875
0.43168 0.08963
0.4335 0.09165
0.43506 0.0935
0.43633 0.09517
0.43735 0.09667
0.438150 0.098020
0.4389 0.09951
-Inserting Flap s1223rtl-
0.54703 0.18746
0.54677 0.18655
0.54638 0.18521
0.54584 0.18381
0.54507 0.18231
0.544050 0.18065
0.54276 0.17875
0.541180 0.17661
0.53933 0.17426
0.53727 0.17175
0.53505 0.16915
0.53273 0.16652
0.530340 0.16389
0.52791 0.1613
0.52544 0.158750
0.52294 0.15625
0.52039 0.15379
0.51779 0.15137
0.51511 0.14896
0.51237 0.146550
0.50954 0.14413
0.50664 0.14168
0.50369 0.13922
0.50071 0.13675
0.49775 0.13431
0.49485 0.13194
0.492040 0.12968
0.48937 0.1276
0.48686 0.12573
0.48447 0.12409
0.48218 0.12266
0.47994 0.12142
0.47773 0.12036
0.47553 0.11947
0.47335 0.11875
0.47119 0.11819
0.46905 0.11778
0.46695 0.11751
0.46493 0.11739
0.46303 0.11739
0.46131 0.11749
0.4598 0.11766
0.45848 0.117870
0.457360 0.11813
0.45639 0.11841
0.45556 0.118710
0.45484 0.11902
0.45422 0.11933
0.45368 0.11965
0.45321 0.11997
0.452810 0.12030
0.45246 0.12063
0.45218 0.12096
0.45195 0.12132
0.45181 0.12171
0.4518 0.12214
0.45195 0.12256
0.45223 0.12295
0.4526 0.12334
0.45304 0.12374
0.45358 0.12417
0.45421 0.12464
0.45499 0.12519
0.4559500 0.12583
0.45716 0.126610
0.45871 0.12756
0.46069 0.12874
0.46308 0.13012
0.4658 0.13161
0.46877 0.13315
0.47195 0.13473
0.4753 0.13635
0.47877 0.13802
0.4823 0.1397
0.48581 0.14139
0.48928 0.143060
0.49268 0.14473
0.49601 0.14639
0.49927 0.14807
0.50245 0.14976
0.50556 0.15147
0.50860 0.15321
0.51157 0.15499
0.51447 0.156820
0.51732 0.15869
0.5201 0.160610
0.52283 0.16259
0.52549 0.16463
0.5281 0.16672
0.53065 0.16886
0.53312 0.17105
0.5355 0.17325
0.53774 0.175450
0.53981 0.17759
0.541630 0.1796
0.54319 0.18145
0.54446 0.18313
0.54548 0.18463
0.54628 0.18598
0.54703 0.18746
*.*.Setup: s1223rtl.txt as Flap 1, Inverted: y, Scale = 1.0, AoA = 2.0, Reposition from (0,0) = (0, 0)*.*.
*.*.Setup: s1223rtl.txt as Flap 2, Inverted: y, Scale = 0.35, AoA = 35.0, Reposition from previous T.E. = (0.04, 0.065), Reposition from (0,0) = (1.0394, 0.0999)*.*.
*.*.Setup: s1223rtl.txt as Flap 3, Inverted: y, Scale = 0.35, AoA = 35.0, Reposition from previous T.E. = (0.04, 0.065), Reposition from (0,0) = (1.3661, 0.3657)*.*.
*.*.Setup: Scale Ratio = 0.33097*.*.