0.33845 -0.01182
0.33622 -0.01349
0.33297 -0.01594
0.32923 -0.018260
0.32481 -0.0204
0.3195 -0.02249
0.31315 -0.02463
0.30569 -0.026850
0.29724 -0.0291
0.288010 -0.03133
0.27825 -0.03349
0.2682 -0.03555
0.2580 -0.03748
0.24776 -0.03926
0.23752 -0.04087
0.227280 -0.0423
0.217010 -0.043550
0.20666 -0.04464
0.19619 -0.04556
0.18554 -0.04635
0.17467 -0.04704
0.1636 -0.04765
0.15237 -0.04821
0.14107 -0.04874
0.12987 -0.04923
0.11892 -0.049660
0.10841 -0.0499900
0.09851 -0.050150
0.089340 -0.05009
0.08088 -0.04973
0.073 -0.049030
0.06559 -0.04798
0.05858 -0.04656
0.0519 -0.04477
0.04554 -0.04262
0.03949 -0.04013
0.03376 -0.0373200
0.02840 -0.03424
0.02347 -0.03097
0.01905 -0.02764
0.01520 -0.02439
0.01195 -0.02133
0.00927 -0.01851
0.00708 -0.015930
0.00532 -0.01357
0.00391 -0.0114100
0.00277 -0.00943
0.00187 -0.0076
0.00117 -0.00591
0.00065 -0.00434
0.00028 -0.00287
6e-05 -0.00149
-0.000029 -0.0002
8e-05 0.00102
0.00043 0.0022
0.00116 0.003210
0.00226 0.00392
0.00361 0.00435
0.005140 0.00461
0.00689 0.00475
0.008890 0.00482
0.01122 0.00481
0.01398 0.004720
0.01735 0.00453
0.02155 0.00421
0.02686 0.00371
0.03354 0.00298
0.0415500 0.001980
0.05053 0.00068
0.06015 -0.00094
0.07035 -0.00284
0.08106 -0.00495
0.09209 -0.00717
0.10328 -0.00944
0.11444 -0.01169
0.12548 -0.01388
0.13636 -0.015970
0.14707 -0.01794
0.157610 -0.01977
0.16802 -0.02142
0.17829 -0.02289
0.18845 -0.02417
0.1985200 -0.02523
0.20852 -0.02609
0.21845 -0.02672
0.22833 -0.02712
0.23818 -0.0273
0.24799 -0.02724
0.25776 -0.02695
0.26747 -0.02643
0.27709 -0.02568
0.28652 -0.0247
0.29563 -0.02352
0.30421 -0.02216
0.31202 -0.02067
0.3189 -0.01909
0.324820 -0.01743
0.32984 -0.01571
0.33409 -0.01397
0.33845 -0.01182
-Inserting Flap s1223rtl-
0.45942 0.06029
0.45899 0.05941
0.458370 0.058130
0.457570 0.05681
0.45653 0.05544
0.45521 0.05395
0.45357 0.05227
0.45159 0.05039
0.44932 0.04835
0.44679 0.04619
0.44409 0.04396
0.44128 0.04172
0.438410 0.0395
0.4355 0.03732
0.43256 0.035190
0.4296 0.03312
0.42659 0.03109
0.42354 0.02911
0.42042 0.02716
0.41722 0.02522
0.41394 0.02328
0.41059 0.02133
0.40717 0.01937
0.40374 0.01741
0.40032 0.01548
0.3969700 0.0136
0.39375 0.01183
0.39069 0.01021
0.38782 0.00877
0.38512 0.00754
0.38255 0.0065
0.38008 0.00566
0.37766 0.00498
0.3753 0.00448
0.37297 0.00414
0.37069 0.00395
0.36846 0.00392
0.36629 0.00403
0.36424 0.00427
0.3623300 0.0046
0.36061 0.005
0.35911 0.005440
0.35783 0.0059
0.35674 0.00635
0.355810 0.00681
0.35503 0.00726
0.35436 0.00769
0.35379 0.00812
0.3533 0.00854
0.35289 0.00894
0.35254 0.00934
0.35225 0.00974
0.35203 0.01013
0.35186 0.01052
0.35178 0.01095
0.35185 0.01138
0.35208 0.01177
0.35243 0.01212
0.35287 0.01245
0.35339 0.012770
0.354 0.01311
0.35473 0.01347
0.35561 0.01389
0.35669 0.01436
0.35805 0.01493
0.35978 0.01562
0.36198 0.01645
0.36464 0.01741
0.3676500 0.01843
0.37091 0.01946
0.37439 0.02049
0.37806 0.02153
0.38185 0.02259
0.3857 0.02366
0.389540 0.02473
0.39333 0.0258
0.39706 0.02688
0.40071 0.027970
0.40429 0.02907
0.40780 0.03021
0.41123 0.03138
0.41461 0.0326
0.41792 0.03387
0.42117 0.03519
0.42437 0.03657
0.42751 0.03802
0.43061 0.03953
0.43366 0.04110
0.43666 0.04275
0.43961 0.044450
0.44249 0.04621
0.44527 0.04802
0.44793 0.04983
0.45039 0.05162
0.45259 0.05333
0.45448 0.05491
0.45606 0.05637
0.45736 0.05771
0.4584 0.05892
0.45942 0.06029
-Inserting Flap s1223rtl-
0.53985 0.16273
0.53974 0.16175
0.53959 0.16034
0.5393 0.15883
0.53879 0.15719
0.53806 0.15533
0.53709 0.15319
0.535880 0.15075
0.53444 0.14805
0.53280 0.14516
0.531030 0.14214
0.529150 0.13908
0.52722 0.13601
0.52523 0.13296
0.52319 0.12996
0.52111 0.12699
0.51898 0.12406
0.51679 0.121160
0.51453 0.11826
0.51219 0.11534
0.50977 0.1124
0.50728 0.10942
0.50474 0.10641
0.50218 0.10339
0.49964 0.1004
0.49713 0.097500
0.49471 0.09473
0.49239 0.09216
0.49018 0.08983
0.48807 0.08775
0.48601 0.0859
0.48397 0.08425
0.48193 0.08279
0.479880 0.08151
0.47782 0.08039
0.47573 0.07944
0.47365 0.07865
0.47158 0.07801
0.46956 0.07753
0.46766 0.07719
0.46591 0.07698
0.46435 0.076880
0.462980 0.07687
0.4618 0.07692
0.46078 0.07703
0.45989 0.07719
0.45911 0.07737
0.45843 0.07758
0.45783 0.07780
0.4573 0.07804
0.45684 0.0783
0.456430 0.07857
0.45608 0.07886
0.45579 0.07918
0.45557 0.07955
0.455490 0.07998
0.45557 0.08043
0.45578 0.080870
0.45608 0.08133
0.456460 0.08181
0.45692 0.08234
0.45748 0.08293
0.458170 0.08362
0.45902 0.08444
0.4601 0.08543
0.4615 0.08668
0.46328 0.08821
0.46545 0.09002
0.4679200 0.09201
0.47063 0.09409
0.47356 0.096240
0.476650 0.09848
0.47985 0.100770
0.4831 0.1031
0.48634 0.10542
0.48954 0.10772
0.49267 0.11
0.495730 0.11227
0.49872 0.11454
0.50162 0.11681
0.50445 0.119090
0.5072 0.12138
0.50988 0.12371
0.51249 0.12606
0.51502 0.12845
0.51748 0.13089
0.51988 0.13336
0.5222 0.13589
0.52446 0.13846
0.52665 0.14107
0.52875 0.14371
0.530750 0.14636
0.53262 0.14897
0.53432 0.15149
0.53581 0.15385
0.53704 0.15599
0.53803 0.1579
0.53879 0.15959
0.53936 0.1611
0.53985 0.16273
*.*.Setup: s1223rtl.txt as Flap 1, Inverted: y, Scale = 1.0, AoA = -2.0, Reposition from (0,0) = (0, 0)*.*.
*.*.Setup: s1223rtl.txt as Flap 2, Inverted: y, Scale = 0.35, AoA = 25.0, Reposition from previous T.E. = (0.04, 0.065), Reposition from (0,0) = (1.0394, 0.0301)*.*.
*.*.Setup: s1223rtl.txt as Flap 3, Inverted: y, Scale = 0.35, AoA = 45.0, Reposition from previous T.E. = (-0.01, 0.055), Reposition from (0,0) = (1.3466, 0.233)*.*.
*.*.Setup: Scale Ratio = 0.33866*.*.