0.34779 -0.01214
0.34549 -0.01387
0.34215 -0.01638
0.33831 -0.018760
0.33377 -0.02096
0.32831 -0.02311
0.32178 -0.02531
0.31413 -0.027590
0.30544 -0.0299
0.295950 -0.0322
0.28593 -0.03442
0.2756 -0.03654
0.265120 -0.03852
0.2546 -0.04034
0.24407 -0.042
0.233550 -0.04347
0.222990 -0.044760
0.21236 -0.04587
0.2016 -0.04682
0.19065 -0.04763
0.17949 -0.04834
0.16811 -0.04896
0.15657 -0.04954
0.14497 -0.05008
0.13345 -0.05059
0.1222 -0.051030
0.1114 -0.0513600
0.10123 -0.051540
0.091810 -0.05147
0.08311 -0.0511
0.07502 -0.050380
0.0674 -0.0493
0.06019 -0.04784
0.05333 -0.04601
0.04679 -0.0438
0.04057 -0.04124
0.03469 -0.0383500
0.029190 -0.03518
0.02412 -0.03182
0.01958 -0.0284
0.015620 -0.02506
0.01228 -0.02191
0.00952 -0.01902
0.00728 -0.016370
0.00547 -0.01395
0.00401 -0.0117300
0.00285 -0.00969
0.00193 -0.00781
0.00121 -0.00607
0.00067 -0.00446
0.00029 -0.00295
6e-05 -0.00153
-0.000029 -0.00021
9e-05 0.00105
0.00044 0.00226
0.00119 0.00330
0.00232 0.00403
0.00371 0.00447
0.005290 0.00474
0.00708 0.00488
0.009130 0.00495
0.01153 0.00494
0.01437 0.004850
0.01783 0.00466
0.02214 0.00433
0.0276 0.00382
0.03447 0.00307
0.042700 0.002040
0.05192 0.0007
0.06181 -0.00097
0.07229 -0.00292
0.08329 -0.00509
0.09463 -0.00737
0.10613 -0.0097
0.1176 -0.01201
0.12894 -0.01426
0.14012 -0.016420
0.15112 -0.01844
0.161960 -0.02031
0.17265 -0.02201
0.18321 -0.02352
0.19365 -0.02483
0.20400 -0.02593
0.21427 -0.02681
0.22447 -0.02746
0.23463 -0.02787
0.24475 -0.02805
0.25483 -0.02799
0.26487 -0.0277
0.27485 -0.02716
0.28473 -0.02638
0.29442 -0.02538
0.30378 -0.02417
0.3126 -0.02278
0.32063 -0.02124
0.3277 -0.01961
0.333780 -0.01791
0.33894 -0.01615
0.3433 -0.01436
0.34779 -0.01214
-Inserting Flap s1223rtl-
0.44217 0.06746
0.44184 0.06651
0.44135 0.06513
0.4407 0.06369
0.4398 0.06217
0.43863 0.060490
0.43715 0.05858
0.43536 0.05643
0.43328 0.05407
0.43096 0.05156
0.42848 0.04897
0.42588 0.04635
0.42321 0.04373
0.4205 0.041160
0.41775 0.03864
0.41497 0.036170
0.41215 0.03374
0.40927 0.03136
0.40632 0.02899
0.40329 0.02663
0.40017 0.02426
0.39698 0.02187
0.39373 0.01946
0.39045 0.01705
0.3872 0.01467
0.38401 0.01236
0.38092 0.01017
0.37799 0.0081400
0.37524 0.00633
0.37263 0.00476
0.370140 0.00339
0.36771 0.00223
0.36532 0.00126
0.36297 0.00046
0.36064 -0.00016
0.35833 -0.00063
0.35605 -0.00092
0.353830 -0.00107
0.35171 -0.00107
0.34972 -0.00096
0.34792 -0.00075
0.34634 -0.00049
0.3449700 -0.00018
0.3438 0.00016
0.34281 0.00051
0.34195 0.00088
0.34122 0.00125
0.34058 0.00161
0.340040 0.00198
0.33957 0.00235
0.33916 0.00271
0.33882 0.00308
0.33854 0.00345
0.33833 0.00384
0.3382 0.00426
0.33821 0.00471
0.3384 0.00514
0.33872 0.00554
0.33913 0.00592
0.33962 0.00631
0.34021 0.00673
0.34091 0.00719
0.34175 0.00772
0.3428 0.008330
0.34412 0.00907
0.34581 0.00998
0.34795 0.0111
0.35055 0.01239
0.3535 0.01379
0.3567 0.01523
0.36013 0.01669
0.36376 0.01819
0.3675 0.01973
0.3713 0.02128
0.375090 0.02283
0.37883 0.02438
0.38251 0.02592
0.38611 0.02747
0.38963 0.0290200
0.39307 0.0306
0.39644 0.03221
0.39973 0.03385
0.402960 0.03554
0.40612 0.03728
0.40922 0.03907
0.41226 0.04092
0.41524 0.04283
0.41817 0.0448
0.42104 0.04684
0.42384 0.048930
0.42657 0.05107
0.4292 0.05325
0.43169 0.05542
0.43398 0.05753
0.43603 0.05954
0.43777 0.06138
0.43921 0.06306
0.44037 0.06458
0.4413 0.065940
0.44217 0.06746
-Inserting Flap s1223rtl-
0.53846 0.15298
0.53819 0.15201
0.53778 0.15061
0.53721 0.14913
0.5364 0.14756
0.535330 0.14581
0.53397 0.14382
0.53231 0.14157
0.53037 0.13909
0.52820 0.13646
0.52587 0.13372
0.52342 0.13095
0.52091 0.12819
0.51836 0.12547
0.51576 0.12279
0.51313 0.12016
0.510450 0.11758
0.50771 0.11503
0.50491 0.11249
0.50202 0.10996
0.49905 0.10741
0.496 0.10484
0.492890 0.10225
0.48976 0.09965
0.48665 0.09709
0.4836 0.09459
0.48065 0.092220
0.47784 0.09003
0.4752 0.088070
0.47269 0.08634
0.47027 0.084840
0.46792 0.08353
0.465590 0.08242
0.46329 0.08149
0.461 0.08073
0.45872 0.08014
0.45647 0.0797
0.45426 0.079430
0.452140 0.0793
0.45015 0.0793
0.448340 0.07940
0.44674 0.07958
0.44536 0.07981
0.44418 0.0800700
0.44316 0.08037
0.44228 0.08068
0.44153 0.08101
0.44088 0.08134
0.440310 0.08167
0.43982 0.08201
0.43939 0.08235
0.43903 0.08270
0.43873 0.08306
0.43850 0.08343
0.43834 0.08384
0.43833 0.08429
0.43849 0.08473
0.43879 0.08515
0.43917 0.08555
0.43964 0.085970
0.4402 0.08642
0.44087 0.08692
0.44169 0.0875
0.4427 0.08817
0.44397 0.08899
0.4456 0.09
0.44768 0.09123
0.45020 0.09268
0.45306 0.09425
0.456170 0.09587
0.45952 0.09753
0.46305 0.09924
0.4667 0.10099
0.4704 0.102760
0.47409 0.10453
0.47774 0.10629
0.48132 0.10804
0.48482 0.10979
0.48824 0.11155
0.49159 0.11333
0.49486 0.11513
0.49805 0.11696
0.50118 0.11884
0.50423 0.12076
0.50722 0.12272
0.51015 0.12475
0.51301 0.126830
0.51582 0.12897
0.518560 0.13117
0.52124 0.13342
0.52384 0.13572
0.52634 0.13804
0.5287 0.14035
0.53087 0.14259
0.53279 0.14471
0.53442 0.14666
0.53576 0.14842
0.53684 0.15
0.53768 0.15142
0.53846 0.15298
*.*.Setup: s1223rtl.txt as Flap 1, Inverted: y, Scale = 1.0, AoA = -2.0, Reposition from (0,0) = (0, 0)*.*.
*.*.Setup: s1223rtl.txt as Flap 2, Inverted: y, Scale = 0.35, AoA = 31.666666666666668, Reposition from previous T.E. = (-0.0267, 0.045), Reposition from (0,0) = (0.9727, 0.0101)*.*.
*.*.Setup: s1223rtl.txt as Flap 3, Inverted: y, Scale = 0.35, AoA = 35.0, Reposition from previous T.E. = (-0.01, 0.045), Reposition from (0,0) = (1.2606, 0.2388)*.*.
*.*.Setup: Scale Ratio = 0.348*.*.