0.32877 -0.01148
0.3266 -0.01311
0.32344 -0.01548
0.31981 -0.017740
0.31551 -0.01981
0.31036 -0.02184
0.30419 -0.02393
0.29695 -0.026080
0.28874 -0.02827
0.279770 -0.03044
0.27029 -0.03254
0.26053 -0.03454
0.250620 -0.03641
0.24067 -0.03814
0.23073 -0.0397
0.220780 -0.04109
0.21080 -0.042310
0.20075 -0.04336
0.19058 -0.04426
0.18023 -0.04503
0.16968 -0.04569
0.15892 -0.04628
0.14801 -0.04683
0.13704 -0.04734
0.12615 -0.04782
0.11552 -0.048240
0.1053 -0.0485600
0.09569 -0.048720
0.086790 -0.04866
0.07857 -0.04831
0.07092 -0.047630
0.06372 -0.0466
0.0569 -0.04522
0.05042 -0.04349
0.04423 -0.0414
0.03836 -0.03898
0.0328 -0.0362500
0.027590 -0.03326
0.0228 -0.03008
0.0185 -0.02685
0.014770 -0.02369
0.01161 -0.02072
0.009 -0.01798
0.00688 -0.015470
0.00517 -0.01318
0.00379 -0.0110900
0.00269 -0.00916
0.00182 -0.00738
0.00114 -0.00574
0.00063 -0.00421
0.00027 -0.00279
6e-05 -0.00145
-0.000029 -0.0002
8e-05 0.00099
0.00042 0.00214
0.00113 0.003120
0.0022 0.00381
0.0035 0.00423
0.0050 0.00448
0.00669 0.00462
0.008630 0.00468
0.01089 0.00467
0.01358 0.004580
0.01686 0.0044
0.02093 0.00409
0.02609 0.00361
0.03258 0.0029
0.0403600 0.001920
0.04908 0.00066
0.05843 -0.00091
0.06834 -0.00276
0.07874 -0.00481
0.08946 -0.00696
0.10032 -0.00917
0.11117 -0.01136
0.12189 -0.01348
0.13245 -0.015520
0.14286 -0.01743
0.153110 -0.0192
0.16321 -0.02081
0.17319 -0.02224
0.18306 -0.02348
0.1928400 -0.02451
0.20255 -0.02534
0.2122 -0.02596
0.2218 -0.02635
0.23136 -0.02652
0.2409 -0.02646
0.25039 -0.02618
0.25982 -0.02567
0.26916 -0.02494
0.27832 -0.024
0.28717 -0.02285
0.2955 -0.02153
0.30309 -0.02008
0.30978 -0.01854
0.315530 -0.01693
0.32041 -0.01526
0.32453 -0.01357
0.32877 -0.01148
-Inserting Flap s1223rtl-
0.43992 0.07035
0.439610 0.06945
0.43915 0.06815
0.43853 0.06679
0.437680 0.06535
0.43657 0.063760
0.43518 0.06195
0.43349 0.05992
0.43152 0.05769
0.42933 0.05532
0.42697 0.05287
0.42452 0.05039
0.422 0.04792
0.41943 0.045490
0.41684 0.0431
0.41421 0.040770
0.41154 0.03848
0.40882 0.03622
0.40603 0.03399
0.40316 0.03175
0.40022 0.02951
0.3972 0.02725
0.39413 0.02498
0.39103 0.0227
0.38795 0.02045
0.38494 0.01826
0.38202 0.01619
0.37925 0.0142800
0.37665 0.01257
0.37419 0.01108
0.37183 0.00979
0.36953 0.00869
0.36728 0.00777
0.36505 0.00702
0.362850 0.00642
0.36066 0.00599
0.35851 0.0057
0.35642 0.00557
0.3544 0.00556
0.35253 0.00567
0.35082 0.00587
0.349330 0.00612
0.34804 0.00641
0.34693 0.00673
0.34599 0.00706
0.34518 0.00741
0.34449 0.00776
0.34389 0.0081
0.34337 0.00845
0.34293 0.0088
0.34255 0.00914
0.34223 0.00949
0.34196 0.00984
0.34176 0.01021
0.3416300 0.0106
0.34165 0.01103
0.34183 0.01144
0.34213 0.01181
0.34251 0.01218
0.34298 0.01255
0.34353 0.01294
0.34419 0.01338
0.34499 0.01387
0.34598 0.014450
0.34723 0.01516
0.348830 0.01602
0.35086 0.01707
0.35331 0.01829
0.3561 0.01962
0.35912 0.02097
0.36237 0.02236
0.36579 0.02378
0.36934 0.02523
0.37293 0.0267
0.37651 0.02816
0.38005 0.02962
0.383520 0.03108
0.38692 0.03254
0.39025 0.0340200
0.39351 0.03551
0.39669 0.03703
0.39981 0.03858
0.40286 0.04018
0.40585 0.04182
0.40878 0.04351
0.41165 0.04526
0.41447 0.04707
0.41723 0.04893
0.41994 0.05086
0.42259 0.052840
0.42517 0.05486
0.42766 0.05691
0.43001 0.05897
0.43218 0.06097
0.43411 0.06286
0.43576 0.06461
0.437120 0.06619
0.43822 0.06762
0.439090 0.068920
0.43992 0.07035
-Inserting Flap s1223rtl-
0.54128 0.15916
0.54110 0.15823
0.54083 0.15687
0.540420 0.15544
0.539790 0.15389
0.53892 0.152150
0.5378 0.15017
0.53643 0.14791
0.5348 0.14542
0.53298 0.14276
0.531 0.13999
0.52893 0.13718
0.5268 0.13437
0.52461 0.1316
0.522390 0.12886
0.52013 0.12617
0.51782 0.12351
0.51545 0.12089
0.513020 0.11827
0.5105 0.11565
0.50792 0.113
0.50526 0.11033
0.50255 0.10763
0.49981 0.10493
0.49709 0.10226
0.494430 0.099660
0.49184 0.09718
0.48938 0.09489
0.487050 0.09282
0.48483 0.09099
0.48268 0.08937
0.48057 0.08795
0.47847 0.08671
0.47638 0.08565
0.47428 0.08474
0.47219 0.08399
0.47010 0.0834
0.46805 0.082960
0.46606 0.08267
0.46418 0.08250
0.46247 0.08245
0.46095 0.08248
0.45963 0.08258
0.4585 0.08274
0.45751 0.08293
0.45666 0.08316
0.45593 0.0834
0.45528 0.08366
0.454720 0.08393
0.45423 0.0842
0.45381 0.08449
0.45344 0.08479
0.45313 0.0851
0.45287 0.08543
0.45269 0.0858
0.45264 0.086230
0.452760 0.08666
0.453 0.08707
0.45333 0.08749
0.45374 0.08792
0.45423 0.08839
0.45482 0.088920
0.455540 0.08952
0.45644 0.09024
0.457570 0.09112
0.45902 0.0922
0.46088 0.09354
0.46313 0.095100
0.465690 0.09682
0.46849 0.0986
0.4715 0.10044
0.47469 0.10234
0.47798 0.10429
0.48132 0.10626
0.48466 0.10823
0.48794 0.11019
0.49117 0.11214
0.49432 0.11407
0.4974 0.11601
0.50041 0.117960
0.50334 0.11993
0.50619 0.12192
0.50898 0.12394
0.51170 0.126
0.51435 0.1281
0.51694 0.13024
0.519470 0.13244
0.52194 0.13468
0.524340 0.13698
0.52667 0.13932
0.528930 0.1417
0.53109 0.144090
0.5331300 0.14646
0.53498 0.14876
0.53662 0.150910
0.5380 0.15288
0.53911 0.15464
0.53999 0.15622
0.54067 0.15762
0.54128 0.15916
*.*.Setup: s1223rtl.txt as Flap 1, Inverted: y, Scale = 1.0, AoA = -2.0, Reposition from (0,0) = (0, 0)*.*.
*.*.Setup: s1223rtl.txt as Flap 2, Inverted: y, Scale = 0.35, AoA = 31.666666666666668, Reposition from previous T.E. = (0.04, 0.065), Reposition from (0,0) = (1.0394, 0.0301)*.*.
*.*.Setup: s1223rtl.txt as Flap 3, Inverted: y, Scale = 0.35, AoA = 40.0, Reposition from previous T.E. = (0.04, 0.045), Reposition from (0,0) = (1.3773, 0.2588)*.*.
*.*.Setup: Scale Ratio = 0.32897*.*.