0.33077 0.01155
0.32871 0.00977
0.3257 0.00716
0.32222 0.00464
0.31805 0.00226
0.31302 -0.00014
0.30697 -0.00267
0.29986 -0.005340
0.29177 -0.00811
0.28292 -0.01091
0.27356 -0.013690
0.2639 -0.01638
0.25409 -0.01896
0.24423 -0.02139
0.23435 -0.02365
0.22447 -0.02575
0.2145400 -0.02767
0.20452 -0.02943
0.19438 -0.03105
0.18405 -0.03254
0.1735 -0.03395
0.16275 -0.0353
0.15183 -0.03661
0.14086 -0.0379
0.12997 -0.03914
0.11933 -0.04031
0.1091 -0.04134
0.0994600 -0.04218
0.09052 -0.04274
0.08225 -0.04297
0.07452 -0.04282
0.06722 -0.0423
0.06028 -0.0414
0.0536500 -0.04011
0.0473 -0.03845
0.04123 -0.03643
0.03546 -0.03408
0.03003 -0.03144
0.025 -0.02859
0.02046 -0.02565
0.01648 -0.02274
0.0131100 -0.01998
0.0103 -0.01741
0.00799 -0.01505
0.00611 -0.01287
0.00459 -0.01086
0.00335 -0.009
0.00235 -0.00728
0.00155 -0.00568
0.00093 -0.00418
0.00047 -0.00278
0.00016 -0.00145
0.000013 -0.0002
0.000035 0.001
0.00027 0.00217
0.00091 0.00321
0.00194 0.00397
0.003220 0.00449
0.0047 0.00484
0.006390 0.0051
0.00834 0.0053
0.01061 0.00545
0.01331 0.00555
0.01661 0.0056
0.020720 0.00557
0.02594 0.00545
0.0325 0.0052
0.04038 0.00476
0.04921 0.0041
0.05871 0.00318
0.06878 0.00202
0.07936 0.0007
0.09027 -0.00071
0.10133 -0.00216
0.11237 -0.0036
0.12328 -0.004980
0.13403 -0.00628
0.1446 -0.00747
0.15501 -0.008530
0.165260 -0.00943
0.17538 -0.01016
0.18537 -0.01071
0.19526 -0.01107
0.20507 -0.01122
0.21479 -0.01116
0.22446 -0.01088
0.23407 -0.01038
0.24363 -0.00965
0.25314 -0.008700
0.26257 -0.00753
0.27189 -0.006140
0.28102 -0.00455
0.28982 -0.00278
0.29809 -0.00087
0.30561 0.00112
0.31221 0.00313
0.31786 0.00515
0.32265 0.00717
0.32666 0.009150
0.33077 0.01155
-Inserting Flap s1223rtl-
0.4389 0.09289
0.43864 0.09197
0.43825 0.090630
0.43771 0.08923
0.43694 0.08774
0.43592 0.086070
0.43463 0.08418
0.43305 0.08204
0.4312 0.07968
0.42914 0.07717
0.426920 0.07457
0.4246 0.07194
0.42221 0.06932
0.419780 0.06672
0.41731 0.06418
0.41481 0.06168
0.41226 0.05922
0.40966 0.05679
0.40698 0.05438
0.40424 0.05198
0.401410 0.04955
0.39851 0.04711
0.39556 0.04464
0.39258 0.04217
0.38962 0.03973
0.38672 0.03736
0.38391 0.03511
0.38124 0.03302
0.37873 0.03115
0.37634 0.02951
0.37405 0.02808
0.37181 0.02684
0.3696 0.02578
0.3674 0.0249
0.36522 0.02417
0.36306 0.02361
0.36092 0.0232
0.35882 0.02294
0.3568 0.02282
0.3549 0.02282
0.35318 0.02291
0.351670 0.02308
0.35035 0.0233
0.34922 0.02355
0.34826 0.02383
0.34743 0.02413
0.34671 0.02444
0.34609 0.02475
0.34555 0.02507
0.34508 0.02539
0.34468 0.02572
0.344330 0.02605
0.344050 0.02639
0.34382 0.02674
0.34368 0.02713
0.34367 0.02756
0.34382 0.027980
0.3441 0.02838
0.344470 0.02876
0.34491 0.02916
0.345450 0.02959
0.34609 0.03007
0.34686000 0.03061
0.34782 0.03125
0.34903 0.03203
0.35058 0.03299
0.35256 0.03417
0.35495 0.035540
0.35767 0.03703
0.36064 0.03857
0.36382 0.04015
0.367170 0.04178
0.37064 0.043440
0.37417 0.04513
0.37768 0.04681
0.38115 0.04848
0.38455 0.05015
0.38788 0.051820
0.39114 0.05349
0.39432 0.055180
0.39743 0.05689
0.40047 0.05864
0.40344 0.06042
0.40634 0.06224
0.40919 0.06411
0.41197 0.06604
0.4147 0.06802
0.41736 0.07005
0.41997 0.07214
0.42252 0.07429
0.42499 0.07647
0.42737 0.07868
0.42961 0.08088
0.43168 0.08301
0.4335 0.08503
0.43506 0.08688
0.43633 0.08855
0.43735 0.09005
0.438150 0.09140
0.4389 0.09289
-Inserting Flap s1223rtl-
0.54703 0.17753
0.54677 0.17662
0.54638 0.17528
0.54584 0.17388
0.54507 0.17238
0.544050 0.17072
0.54276 0.16882
0.541180 0.16669
0.53933 0.16433
0.53727 0.16182
0.53505 0.15922
0.53273 0.15659
0.530340 0.15396
0.52791 0.15137
0.52544 0.148820
0.52294 0.14632
0.52039 0.14387
0.51779 0.14144
0.51511 0.13903
0.51237 0.136620
0.50954 0.1342
0.50664 0.13175
0.50369 0.12929
0.50071 0.12682
0.49775 0.12438
0.49485 0.12201
0.492040 0.11975
0.48937 0.11767
0.48686 0.1158
0.48447 0.11416
0.48218 0.11273
0.47994 0.11149
0.47773 0.11043
0.47553 0.10954
0.47335 0.10882
0.47119 0.10826
0.46905 0.10785
0.46695 0.10759
0.46493 0.10746
0.46303 0.10746
0.46131 0.10756
0.4598 0.10773
0.45848 0.107940
0.457360 0.1082
0.45639 0.10848
0.45556 0.108780
0.45484 0.10909
0.45422 0.1094
0.45368 0.10972
0.45321 0.11004
0.452810 0.110370
0.45246 0.1107
0.45218 0.11103
0.45195 0.11139
0.45181 0.11178
0.4518 0.11221
0.45195 0.11263
0.45223 0.11302
0.4526 0.11341
0.45304 0.11381
0.45358 0.11424
0.45421 0.11471
0.45499 0.11526
0.4559500 0.1159
0.45716 0.116680
0.45871 0.11764
0.46069 0.11881
0.46308 0.12019
0.4658 0.12168
0.46877 0.12322
0.47195 0.1248
0.4753 0.12643
0.47877 0.12809
0.4823 0.12977
0.48581 0.13146
0.48928 0.133130
0.49268 0.1348
0.49601 0.13646
0.49927 0.13814
0.50245 0.13983
0.50556 0.14154
0.50860 0.14328
0.51157 0.14506
0.51447 0.146890
0.51732 0.14876
0.5201 0.150690
0.52283 0.15266
0.52549 0.1547
0.5281 0.15679
0.53065 0.15893
0.53312 0.16112
0.5355 0.16332
0.53774 0.165520
0.53981 0.16766
0.541630 0.16968
0.54319 0.17153
0.54446 0.1732
0.54548 0.1747
0.54628 0.17605
0.54703 0.17753
*.*.Setup: s1223rtl.txt as Flap 1, Inverted: y, Scale = 1.0, AoA = 2.0, Reposition from (0,0) = (0, 0)*.*.
*.*.Setup: s1223rtl.txt as Flap 2, Inverted: y, Scale = 0.35, AoA = 35.0, Reposition from previous T.E. = (0.04, 0.045), Reposition from (0,0) = (1.0394, 0.0799)*.*.
*.*.Setup: s1223rtl.txt as Flap 3, Inverted: y, Scale = 0.35, AoA = 35.0, Reposition from previous T.E. = (0.04, 0.055), Reposition from (0,0) = (1.3661, 0.3357)*.*.
*.*.Setup: Scale Ratio = 0.33097*.*.