0.34345 0.0361
0.341430 0.03409
0.33849 0.03116
0.33505 0.02828
0.33089 0.0255
0.325820 0.022640
0.31971 0.01957
0.3125 0.01627
0.304280 0.0128
0.295280 0.00923
0.28574 0.00567
0.27587 0.00216
0.265850 -0.001240
0.25576 -0.00448
0.24565 -0.00756
0.23551 -0.010460
0.22532 -0.01318
0.21502 -0.01575
0.2045800 -0.01817
0.19393 -0.02048
0.18306 -0.02271
0.17197 -0.0249
0.1607 -0.02706
0.14937 -0.029190
0.13813 -0.03128
0.12713 -0.03327
0.11656 -0.03509
0.10659 -0.03666
0.09733 -0.0379
0.08873 -0.03874
0.08068 -0.03915
0.07305 -0.03914
0.06576 -0.0387
0.05876 -0.03784
0.05203 -0.03658
0.04557 -0.03492
0.039390 -0.03289
0.03354 -0.03054
0.0281 -0.02794
0.02316 -0.0252
0.01881 -0.022470
0.0151 -0.01984
0.01199 -0.01737
0.00941 -0.01508
0.0073 -0.01295
0.005560 -0.01097
0.00414 -0.009130
0.00297 -0.00741
0.00203 -0.0058
0.00127 -0.004290
0.00069 -0.00286
0.00027 -0.0015
0.000055 -0.00021
-6e-05 0.00104
0.00012 0.00228
0.00072 0.00341
0.00173 0.00428
0.003030 0.0049
0.00454 0.005380
0.00628 0.00578
0.00829 0.00612
0.01064 0.00645
0.01345 0.00675
0.01688 0.00704
0.02116 0.007310
0.0266 0.00756
0.03345 0.00777
0.04168 0.00790
0.05093 0.00785
0.06088 0.00759
0.07145 0.00711
0.08255 0.00651
0.09401 0.00583
0.10563 0.00513
0.11722 0.00444
0.128680 0.00379
0.13996 0.00322
0.151050 0.00275
0.16196 0.00241
0.1727 0.00221
0.183280 0.00219
0.19373 0.00234
0.20405 0.00269
0.21426 0.00325
0.22438 0.00402
0.23442 0.00501
0.24439 0.00623
0.25429 0.00768
0.26411 0.00936
0.27385 0.01127
0.28345 0.01340
0.29283 0.01572
0.30187 0.0182
0.31034 0.02079
0.31801 0.0234
0.324740 0.02598
0.33048 0.0285
0.33531 0.03095
0.33934 0.03330
0.34345 0.0361
-Inserting Flap s1223rtl-
0.45529 0.10617
0.45485 0.10528
0.45422 0.10397
0.4534 0.10263
0.45234 0.10123
0.450990 0.099710
0.44932 0.098
0.44731 0.09608
0.44499 0.094
0.44241 0.09179
0.43966 0.089530
0.4368 0.08724
0.43387 0.08498
0.4309 0.08275
0.4279 0.08058
0.42488 0.07847
0.42182 0.0764
0.4187 0.07438
0.41552 0.07239
0.41226 0.07041
0.40892 0.06844
0.40549 0.06645
0.40201 0.06445
0.39851 0.06245
0.39503 0.06048
0.39161 0.05857
0.38832 0.05676
0.38520 0.0551
0.38228 0.05364
0.37953 0.05238
0.376910 0.05133
0.37438 0.05046
0.37192 0.04978
0.36951 0.04926
0.36714 0.04891
0.36481 0.04873
0.36253 0.04869
0.36033 0.04881
0.35823 0.04905
0.35628 0.04939
0.354530 0.0498
0.35301 0.05025
0.3517 0.05071
0.35058 0.05117
0.34964 0.05164
0.348840 0.05209
0.34816 0.05254
0.347580 0.05298
0.34708 0.0534
0.34666 0.05382
0.3463 0.05423
0.34601 0.05463
0.34578 0.05502
0.34561 0.05543
0.34553 0.05586
0.3456 0.0563
0.34583 0.0567
0.34619 0.05706
0.34664 0.05739
0.34717 0.05772
0.34779 0.05806
0.34854 0.05844
0.34943 0.05886
0.35053 0.05934
0.35192 0.05992
0.35369 0.06062
0.35593 0.06148
0.35864 0.062450
0.36171 0.06349
0.36503 0.06454
0.36858 0.065590
0.372330 0.06665
0.3762 0.06773
0.380120 0.06882
0.38404 0.069920
0.3879 0.07101
0.3917 0.07211
0.39542 0.07321
0.39907 0.07434
0.40265 0.0755
0.40615 0.076700
0.40959 0.07794
0.41297 0.07923
0.41629 0.080580
0.41955 0.08199
0.42276 0.08346
0.42591 0.085
0.42902 0.08661
0.43209 0.08829
0.43509 0.09003
0.43802 0.09182
0.440870 0.09366
0.44357 0.09551
0.44608 0.09733
0.44832 0.099070
0.45025 0.100690
0.45187 0.10218
0.45319 0.10354
0.45425 0.10478
0.45529 0.10617
-Inserting Flap s1223rtl-
0.5508500 0.19104
0.55057 0.19008
0.55017 0.18869
0.5496 0.18722
0.5488 0.18566
0.54774 0.18393
0.54639 0.181950
0.54474 0.17972
0.54281 0.1772600
0.54066 0.17464
0.53835 0.17193
0.53592 0.16919
0.53343 0.16644
0.53089 0.16374
0.52832 0.16108
0.52571 0.15847
0.52305 0.15591
0.52033 0.153380
0.51755 0.15087
0.51468 0.14835
0.51173 0.14582
0.50871 0.14327
0.50562 0.1407
0.502520 0.13812
0.49943 0.13558
0.49640 0.1331
0.49348 0.13075
0.49069 0.128580
0.48806 0.12663
0.48558 0.12491
0.48318 0.12342
0.48084 0.12213
0.47854 0.12102
0.476250 0.1201
0.47397 0.11934
0.47171 0.11875
0.46948 0.118330
0.46729 0.11805
0.46518 0.11793
0.46321 0.11793
0.46141 0.11803
0.45983 0.1182
0.45846 0.11843
0.45728 0.11869
0.45627 0.11899
0.4554 0.1193
0.45465 0.11962
0.454010 0.11995
0.45344 0.12028
0.45296 0.12062
0.45254 0.12096
0.45218 0.1213
0.45188 0.121650
0.45164 0.12202
0.45149 0.12243
0.45148 0.12288
0.45164 0.12332
0.45193 0.12373
0.45232 0.12413
0.45278 0.12455
0.45334 0.12499
0.454 0.12549
0.45481 0.12606
0.45581 0.12673
0.45708 0.12754
0.4587 0.12854
0.46076 0.12977
0.46326 0.1312
0.4661 0.132760
0.46919 0.13436
0.4725 0.13601
0.47601 0.13771
0.47963 0.13945
0.48330 0.14121
0.48697 0.14296
0.49059 0.14471
0.49414 0.14645
0.49761 0.14819
0.50101 0.14993
0.50433 0.1517
0.50758 0.153480
0.51075 0.1553
0.51385 0.15716
0.51688 0.15906
0.51984 0.16102
0.522750 0.16302
0.52559 0.16509
0.52838 0.16721
0.5311 0.16939
0.53376 0.17163
0.53633 0.17391
0.53881 0.17621
0.54116 0.17851
0.543310 0.18074
0.54522 0.18284
0.54684 0.184770
0.54817 0.186510
0.54923 0.188080
0.55007 0.18949
0.5508500 0.19104
*.*.Setup: s1223rtl.txt as Flap 1, Inverted: y, Scale = 1.0, AoA = 6.0, Reposition from (0,0) = (0, 0)*.*.
*.*.Setup: s1223rtl.txt as Flap 2, Inverted: y, Scale = 0.35, AoA = 25.0, Reposition from previous T.E. = (0.0067, 0.055), Reposition from (0,0) = (1.0012, 0.1595)*.*.
*.*.Setup: s1223rtl.txt as Flap 3, Inverted: y, Scale = 0.35, AoA = 35.0, Reposition from previous T.E. = (-0.01, 0.045), Reposition from (0,0) = (1.3084, 0.3524)*.*.
*.*.Setup: Scale Ratio = 0.34534*.*.