0.34032 0.01188
0.33819 0.01005
0.3351 0.00737
0.33152 0.00478
0.32723 0.00232
0.32206 -0.00014
0.31583 -0.00275
0.30851 -0.005490
0.30019 -0.00834
0.29109 -0.01123
0.28146 -0.014080
0.27151 -0.01685
0.26142 -0.0195
0.25128 -0.022
0.24112 -0.02433
0.23094 -0.02649
0.2207300 -0.02847
0.21043 -0.03028
0.19999 -0.03194
0.18936 -0.03348
0.17851 -0.03493
0.16744 -0.03632
0.15621 -0.03767
0.14492 -0.03899
0.13372 -0.04027
0.12277 -0.04147
0.11224 -0.04254
0.1023300 -0.0434
0.09313 -0.04398
0.08462 -0.04421
0.07667 -0.04406
0.06916 -0.04352
0.06202 -0.04259
0.055200 -0.04127
0.04867 -0.03956
0.04242 -0.03749
0.03648 -0.03507
0.03089 -0.03235
0.02572 -0.02942
0.02105 -0.02639
0.01696 -0.02339
0.0134800 -0.02055
0.0106 -0.01791
0.00822 -0.01548
0.00629 -0.01324
0.00472 -0.01117
0.00344 -0.00926
0.00241 -0.00749
0.00159 -0.00584
0.00096 -0.0043
0.00048 -0.00286
0.00017 -0.00149
0.000013 -0.00021
0.000035 0.00103
0.00028 0.00224
0.00094 0.0033
0.00199 0.00409
0.003310 0.00462
0.00484 0.00498
0.006580 0.00525
0.00858 0.00545
0.01091 0.00561
0.0137 0.00571
0.01709 0.00576
0.021320 0.00574
0.02669 0.00561
0.03344 0.00535
0.04154 0.0049
0.05063 0.00422
0.0604 0.00328
0.07077 0.00208
0.08165 0.00072
0.09287 -0.00073
0.10426 -0.00222
0.11561 -0.0037
0.12684 -0.005120
0.13789 -0.00646
0.14878 -0.00768
0.15948 -0.008770
0.170030 -0.0097
0.18044 -0.01046
0.19072 -0.01102
0.2009 -0.01139
0.21098 -0.01154
0.22099 -0.01148
0.23094 -0.01119
0.24082 -0.01068
0.25066 -0.00993
0.26044 -0.0089600
0.27015 -0.00775
0.27974 -0.006320
0.28913 -0.00468
0.29818 -0.00286
0.30669 -0.0009
0.31443 0.00115
0.32122 0.00322
0.32704 0.0053
0.33196 0.00738
0.33609 0.009420
0.34032 0.01188
-Inserting Flap s1223rtl-
0.45157 0.09897
0.45129 0.09803
0.4509 0.096650
0.45034 0.09521
0.44955 0.09367
0.4485 0.091960
0.44717 0.09001
0.44554 0.08781
0.44365 0.08539
0.44152 0.08281
0.439240 0.08013
0.43685 0.07742
0.43439 0.07472
0.431890 0.07205
0.42935 0.06943
0.42678 0.06686
0.42416 0.06433
0.42148 0.06184
0.41873 0.05936
0.4159 0.05688
0.412990 0.05439
0.41001 0.05187
0.40697 0.04933
0.40391 0.04679
0.40087 0.04428
0.39788 0.04184
0.39499 0.03952
0.39225 0.03738
0.38966 0.03546
0.3872 0.03377
0.38484 0.03229
0.38254 0.03102
0.38026 0.02993
0.37801 0.02902
0.37576 0.02828
0.37354 0.0277
0.37133 0.02727
0.36917 0.02701
0.36709 0.02688
0.36515 0.02688
0.36338 0.02698
0.361810 0.02715
0.36046 0.02737
0.3593 0.02764
0.35831 0.02793
0.35745 0.02823
0.35671 0.02855
0.35607 0.02887
0.35552 0.0292
0.35504 0.02953
0.35462 0.02987
0.354270 0.03021
0.353980 0.03055
0.35375 0.03092
0.35359 0.03132
0.35358 0.03176
0.35374 0.032190
0.35403 0.0326
0.354410 0.033
0.35487 0.03341
0.355420 0.03385
0.35607 0.03434
0.35687000 0.0349
0.35786 0.03556
0.3591 0.03636
0.3607 0.03735
0.36273 0.03856
0.3652 0.039970
0.368 0.0415
0.37104 0.04309
0.37431 0.04471
0.377770 0.04639
0.38134 0.04810
0.38496 0.04983
0.38858 0.05157
0.39215 0.05329
0.39565 0.055
0.39907 0.056720
0.40242 0.05844
0.4057 0.060180
0.4089 0.06194
0.41202 0.06373
0.41508 0.06557
0.41807 0.06744
0.42099 0.06937
0.42386 0.07135
0.42666 0.07339
0.42941 0.07548
0.43209 0.07763
0.43471 0.07983
0.43726 0.08208
0.4397 0.08435
0.44201 0.08662
0.44413 0.08881
0.44601 0.09089
0.44761 0.09279
0.44892 0.09451
0.44997 0.09606
0.45080 0.097440
0.45157 0.09897
-Inserting Flap s1223rtl-
0.54579 0.18266
0.54552 0.18171
0.54512 0.18034
0.54456 0.17889
0.54377 0.17736
0.542720 0.17565
0.54139 0.1737
0.539770 0.1715
0.53787 0.16907
0.53575 0.16649
0.53346 0.16382
0.53107 0.16111
0.528620 0.15841
0.52611 0.15574
0.52358 0.153120
0.521 0.15055
0.51838 0.14802
0.5157 0.14552
0.51295 0.14304
0.51013 0.140570
0.50722 0.13807
0.50424 0.13556
0.5012 0.13302
0.49814 0.13048
0.49509 0.12797
0.4921 0.12553
0.489220 0.12321
0.48647 0.12107
0.48388 0.11914
0.48143 0.11745
0.47907 0.11598
0.47676 0.11471
0.47449 0.11362
0.47223 0.11271
0.46999 0.11196
0.46776 0.11138
0.46556 0.11096
0.4634 0.11069
0.46132 0.11057
0.45937 0.11056
0.4576 0.11066
0.45604 0.11083
0.45469 0.111060
0.453530 0.11132
0.45253 0.11161
0.45168 0.111920
0.45094 0.11223
0.4503 0.11256
0.44974 0.11289
0.44926 0.11322
0.448850 0.113550
0.4485 0.11389
0.4482 0.11424
0.44797 0.1146
0.44782 0.11501
0.44781 0.11545
0.44797 0.11588
0.44825 0.11628
0.44863 0.11668
0.44909 0.11709
0.44964 0.11753
0.4503 0.11802
0.45109 0.11859
0.4520800 0.11925
0.45333 0.120050
0.45493 0.12103
0.45696 0.12224
0.45942 0.12365
0.46222 0.12519
0.46527 0.12677
0.46854 0.1284
0.47199 0.13007
0.47556 0.13179
0.47919 0.13352
0.4828 0.13525
0.48637 0.136970
0.48987 0.13869
0.4933 0.1404
0.49665 0.14212
0.49992 0.14386
0.50312 0.14562
0.506250 0.14742
0.5093 0.14925
0.51229 0.151130
0.51522 0.15305
0.51808 0.155030
0.52089 0.15707
0.52363 0.15916
0.52632 0.16131
0.52894 0.16352
0.53148 0.16577
0.53392 0.16804
0.53623 0.17030
0.53836 0.1725
0.540240 0.17457
0.54184 0.17648
0.54315 0.1782
0.5442 0.17974
0.54502 0.18113
0.54579 0.18266
*.*.Setup: s1223rtl.txt as Flap 1, Inverted: y, Scale = 1.0, AoA = 2.0, Reposition from (0,0) = (0, 0)*.*.
*.*.Setup: s1223rtl.txt as Flap 2, Inverted: y, Scale = 0.35, AoA = 35.0, Reposition from previous T.E. = (0.04, 0.055), Reposition from (0,0) = (1.0394, 0.0899)*.*.
*.*.Setup: s1223rtl.txt as Flap 3, Inverted: y, Scale = 0.35, AoA = 35.0, Reposition from previous T.E. = (-0.01, 0.045), Reposition from (0,0) = (1.3161, 0.3357)*.*.
*.*.Setup: Scale Ratio = 0.34052*.*.