0.33654 0.01175
0.33444 0.00994
0.33138 0.00729
0.32784 0.00472
0.3236 0.0023
0.31848 -0.00014
0.31233 -0.00271
0.30509 -0.005430
0.29686 -0.00825
0.28786 -0.0111
0.27833 -0.013920
0.2685 -0.01666
0.25852 -0.01929
0.24849 -0.02176
0.23844 -0.02406
0.22838 -0.0262
0.2182800 -0.02815
0.20809 -0.02994
0.19777 -0.03159
0.18725 -0.03311
0.17653 -0.03454
0.16558 -0.03592
0.15448 -0.03725
0.14332 -0.03856
0.13224 -0.03983
0.12141 -0.04101
0.111 -0.04206
0.1011900 -0.04291
0.0921 -0.04349
0.08368 -0.04372
0.07582 -0.04357
0.06839 -0.04304
0.06133 -0.04212
0.0545900 -0.04081
0.04813 -0.03912
0.04195 -0.03707
0.03608 -0.03468
0.03055 -0.03199
0.02543 -0.02909
0.02081 -0.02609
0.01677 -0.02314
0.0133400 -0.02032
0.01048 -0.01772
0.00813 -0.01531
0.00622 -0.01309
0.00467 -0.01105
0.0034 -0.00916
0.00239 -0.00741
0.00158 -0.00578
0.00095 -0.00426
0.00048 -0.00282
0.00017 -0.00148
0.000013 -0.0002
0.000035 0.00102
0.00027 0.00221
0.00093 0.00327
0.00197 0.00404
0.003280 0.00457
0.00478 0.00493
0.00650 0.00519
0.00848 0.00539
0.01079 0.00555
0.01354 0.00565
0.0169 0.0057
0.021080 0.00567
0.02639 0.00555
0.03307 0.00529
0.04108 0.00485
0.05007 0.00418
0.05973 0.00324
0.06998 0.00206
0.08074 0.00071
0.09184 -0.00072
0.1031 -0.0022
0.11433 -0.00366
0.12543 -0.005060
0.13636 -0.00639
0.14712 -0.0076
0.15771 -0.008670
0.168150 -0.00959
0.17844 -0.01034
0.18861 -0.0109
0.19867 -0.01126
0.20864 -0.01141
0.21854 -0.01135
0.22837 -0.01107
0.23815 -0.01056
0.24788 -0.00982
0.25755 -0.0088600
0.26715 -0.00766
0.27663 -0.006250
0.28592 -0.00463
0.29487 -0.00283
0.30329 -0.00089
0.31094 0.00114
0.31765 0.00319
0.32341 0.00524
0.32827 0.00729
0.33236 0.009310
0.33654 0.01175
-Inserting Flap s1223rtl-
0.44253 0.082840
0.442150 0.081950
0.4416 0.08064
0.44089 0.07929
0.43994 0.07787
0.43871 0.07631
0.43718 0.074550
0.43533 0.07257
0.43318 0.07041
0.4308 0.06812
0.42825 0.06575
0.4256 0.06336
0.42287 0.06099
0.42011 0.05866
0.41731 0.05638
0.41449 0.05415
0.41162 0.05196
0.4087100 0.04982
0.40572 0.0477
0.40266 0.04559
0.39952 0.04348
0.3963 0.04135
0.39303 0.0392
0.38973 0.03706
0.38645 0.034940
0.38323 0.03289
0.38013 0.03094
0.37719 0.02916
0.37443 0.02756
0.37182 0.02618
0.369330 0.02501
0.36692 0.02402
0.36456 0.02322
0.36224 0.02258
0.35995 0.02211
0.3577 0.021790
0.35549 0.02163
0.35333 0.02161
0.35128 0.02173
0.34936 0.021950
0.34764 0.02225
0.346120 0.0226
0.34482 0.02298
0.34371 0.02337
0.34277 0.023760
0.34196 0.02416
0.34127 0.02456
0.34068 0.02495
0.34018 0.02534
0.3397400 0.02572
0.33937 0.02609
0.33907 0.02647
0.33882 0.02684
0.3386300 0.02723
0.33853 0.02764
0.33857 0.02807
0.338780 0.02848
0.3391 0.02885
0.33952 0.02919
0.340020 0.02954
0.34061 0.02991
0.34131 0.03032
0.342160 0.03078
0.3432 0.03132
0.34452 0.03196
0.3462 0.03274
0.34834 0.0337
0.35092 0.0348
0.35384 0.03599
0.35702 0.0372
0.36042 0.03842
0.364 0.03967
0.36771 0.04094
0.37147 0.04222
0.37522 0.04351
0.37892 0.04479
0.38255 0.04607
0.38611 0.04736
0.3896 0.04867
0.39302 0.05
0.39636 0.05137
0.39964 0.05277
0.40285 0.05422
0.406 0.05572
0.4091 0.05727
0.41214 0.05889
0.41513 0.06057
0.41806 0.06231
0.420950 0.06411
0.42377 0.065980
0.42653 0.067890
0.42919 0.06984
0.43172 0.07180
0.43406 0.07372
0.43614 0.07554
0.43793 0.07722
0.43942 0.07876
0.44062 0.08016
0.44159 0.08143
0.44253 0.082840
-Inserting Flap s1223rtl-
0.54628 0.18049
0.54609 0.17954
0.54582 0.17815
0.5454 0.17668
0.54475 0.17509
0.54386 0.17332
0.542720 0.17128
0.541310 0.16897
0.53965 0.16642
0.53778 0.1637
0.53576000 0.16087
0.53364 0.15799
0.53145 0.155120
0.52922 0.15227
0.52694 0.14947
0.524630 0.14672
0.52226 0.144
0.519840 0.14131
0.51735 0.13863
0.51478 0.13595
0.51213 0.13324
0.5094 0.130510
0.50663 0.12774
0.50383 0.12498
0.50105 0.12224
0.49832 0.11958
0.49567 0.11705
0.49315 0.1147
0.49077 0.11258
0.48850 0.11070
0.48629 0.10905
0.48413 0.1076
0.48199 0.10633
0.479840 0.10524
0.4777 0.10431
0.47555 0.10355
0.47342 0.10294
0.47131 0.10249
0.46928 0.10219
0.46736 0.10202
0.46561 0.10196
0.46405 0.102
0.4627 0.1021
0.46154 0.10226
0.46053 0.10246
0.459660 0.10269
0.45891 0.10294
0.45825 0.1032
0.45768 0.10348
0.45717 0.10376
0.45674 0.10406
0.45636 0.10436
0.45604 0.10468
0.45578 0.10501
0.45559 0.1054
0.45555 0.10583
0.45567 0.10627
0.455920 0.1067
0.45625 0.10712
0.45667 0.10756
0.45717 0.10805
0.45778 0.10859
0.45851 0.10921
0.45943 0.109940
0.46059 0.11084
0.46208 0.11195
0.46398 0.11331
0.46628 0.11492
0.46891 0.11667
0.47177 0.1185
0.47485 0.12038
0.47811 0.12233
0.48148 0.12432
0.4849 0.12634
0.48832 0.12836
0.4916800 0.13036
0.49498 0.13235
0.49821 0.134340
0.50136 0.13632
0.50444 0.13832
0.507440 0.14033
0.51036 0.142370
0.513220 0.14443
0.516 0.14654
0.51872 0.14869
0.52137 0.15089
0.52395 0.15314
0.52648 0.15544
0.52894 0.15779
0.53133 0.160180
0.53364 0.16262
0.53585 0.16506
0.53793 0.16749
0.53983 0.16984
0.54151 0.17205
0.54292 0.17406
0.54406 0.17587
0.54496 0.17748
0.545650 0.17892
0.54628 0.18049
*.*.Setup: s1223rtl.txt as Flap 1, Inverted: y, Scale = 1.0, AoA = 2.0, Reposition from (0,0) = (0, 0)*.*.
*.*.Setup: s1223rtl.txt as Flap 2, Inverted: y, Scale = 0.35, AoA = 28.333333333333332, Reposition from previous T.E. = (0.0067, 0.045), Reposition from (0,0) = (1.0061, 0.0799)*.*.
*.*.Setup: s1223rtl.txt as Flap 3, Inverted: y, Scale = 0.35, AoA = 40.0, Reposition from previous T.E. = (0.04, 0.065), Reposition from (0,0) = (1.3541, 0.311)*.*.
*.*.Setup: Scale Ratio = 0.33674*.*.