0.34013 0.03575
0.338130 0.03376
0.33522 0.03086
0.33181 0.02801
0.32769 0.02525
0.322680 0.022420
0.31662 0.01938
0.30948 0.01611
0.301340 0.01267
0.292430 0.00915
0.28298 0.00561
0.27321 0.00214
0.263280 -0.001220
0.25329 -0.00444
0.24328 -0.00749
0.23324 -0.010360
0.22314 -0.01306
0.21295 -0.01559
0.202600 -0.01799
0.19206 -0.02028
0.18129 -0.02249
0.1703 -0.02466
0.15915 -0.0268
0.14793 -0.028910
0.1368 -0.03098
0.12591 -0.03295
0.11544 -0.03475
0.10556 -0.03631
0.09639 -0.03753
0.08788 -0.03836
0.0799 -0.03877
0.07234 -0.03876
0.06512 -0.03833
0.05819 -0.03748
0.05153 -0.03623
0.04513 -0.03458
0.039010 -0.03258
0.03322 -0.03025
0.02783 -0.02767
0.02294 -0.02496
0.01863 -0.022250
0.01495 -0.01965
0.01187 -0.01721
0.00932 -0.01494
0.00723 -0.01283
0.005510 -0.01086
0.0041 -0.009040
0.00294 -0.00734
0.00201 -0.00574
0.00126 -0.004240
0.00069 -0.00283
0.00027 -0.00148
0.000055 -0.00021
-6e-05 0.00103
0.00012 0.00226
0.00071 0.00337
0.00171 0.00424
0.0030 0.00486
0.0045 0.005330
0.00622 0.00572
0.00821 0.00607
0.01054 0.00638
0.01332 0.00668
0.01672 0.00697
0.02096 0.007240
0.02634 0.00749
0.03313 0.0077
0.04128 0.007820
0.05043 0.00778
0.06029 0.00751
0.07076 0.00704
0.08175 0.00644
0.0931 0.00577
0.10461 0.00508
0.11609 0.00439
0.127440 0.00375
0.13861 0.00319
0.14960 0.00272
0.1604 0.00238
0.17104 0.00219
0.181510 0.00216
0.19186 0.00232
0.20208 0.00267
0.21219 0.00322
0.22221 0.00398
0.23216 0.00497
0.24203 0.00617
0.25183 0.00761
0.26156 0.00927
0.2712 0.01116
0.28071 0.013270
0.29001 0.01557
0.29895 0.01803
0.30734 0.02059
0.31494 0.02318
0.32160 0.02573
0.32729 0.02822
0.33207 0.03065
0.33607 0.032980
0.34013 0.03575
-Inserting Flap s1223rtl-
0.43949 0.10515
0.43906 0.10426
0.43843 0.10297
0.43762 0.10164
0.43657 0.10026
0.43524 0.098750
0.43358 0.09705
0.43159 0.09516
0.42929 0.09309
0.42674 0.09091
0.42401 0.088660
0.42118 0.0864
0.41828 0.08415
0.41534 0.08195
0.41237 0.0798
0.40937 0.07771
0.40634 0.07566
0.40326 0.07366
0.40011 0.07169
0.39688 0.06973
0.39357 0.06777
0.39018 0.06581
0.386730 0.06383
0.38326 0.06185
0.37981 0.05989
0.37643 0.058
0.37317 0.05621
0.37008 0.05457
0.367180 0.05312
0.364460 0.05188
0.36187 0.05083
0.35936 0.04998
0.356930 0.0493
0.35454 0.04879
0.35219 0.04844
0.34988 0.04826
0.34763 0.04822
0.34545 0.04833
0.34337000 0.04857
0.34144 0.04891
0.33971 0.04932
0.33819 0.04976
0.3369 0.05022
0.3358 0.05068
0.33486 0.05114
0.33407 0.05159
0.33339 0.05203
0.33282 0.05247
0.33233 0.05289
0.33191 0.0533
0.331560 0.0537
0.33127 0.0541
0.33104 0.05449
0.33087 0.05489
0.33079 0.05532
0.33086 0.05576
0.3310900 0.05616
0.33145 0.05651
0.331890 0.05684
0.33241 0.05716
0.33303 0.0575
0.33377 0.05787
0.334660 0.05829
0.335750 0.05877
0.33712 0.05934
0.338870 0.06004
0.34109 0.06088
0.343780 0.061850
0.34681 0.06288
0.3501 0.06392
0.35362 0.064950
0.35733 0.06601
0.361160 0.06708
0.36505 0.06816
0.36893 0.069240
0.37275 0.07032
0.37652 0.07141
0.380200 0.07251
0.38382 0.07363
0.38736 0.07477
0.39083 0.0759600
0.39424 0.07719
0.39758 0.07847
0.40086 0.07980
0.404090 0.0812
0.40727 0.08266
0.4104 0.08418
0.41348 0.08577
0.416510 0.08743
0.41949 0.08916
0.42239 0.09094
0.42521 0.09276
0.427890 0.09459
0.43037 0.09639
0.432590 0.098120
0.4345 0.099720
0.4361 0.10119
0.43741 0.10254
0.43847 0.10377
0.43949 0.10515
-Inserting Flap s1223rtl-
0.55123 0.18919
0.55095 0.18825
0.55056 0.18686
0.54999 0.18541
0.54920 0.18387
0.54815 0.18215
0.546810 0.180190
0.54518 0.17798
0.54327 0.1755500
0.54114 0.17296
0.53885 0.17027
0.53645 0.16755
0.53398 0.16484
0.53147 0.16216
0.528920 0.15952
0.52633 0.15694
0.5237 0.1544
0.52101 0.15190
0.51825 0.14941
0.51541 0.14692
0.51249 0.14441
0.509490 0.14189
0.50644 0.13934
0.50336 0.13679
0.50031 0.13427
0.49731 0.13181
0.49441 0.12949
0.49165 0.127330
0.489050 0.1254
0.48658 0.1237
0.48421 0.12223
0.4819 0.12095
0.47961 0.11986
0.47735 0.11894
0.47510 0.11819
0.47286 0.11761
0.47064 0.117180
0.46847 0.11691
0.46639 0.11679
0.46443 0.11679
0.46265 0.11689
0.46108 0.11706
0.45973 0.11728
0.45856 0.11755
0.45756 0.11784
0.4567 0.11815
0.45596 0.11847
0.45532 0.11879
0.45476 0.11912
0.45428 0.11945
0.45386 0.11979
0.45351 0.12013
0.45322 0.120480
0.45298 0.12084
0.452830 0.12125
0.45282 0.12169
0.45298 0.12212
0.45327 0.12253
0.45365 0.12293
0.45411 0.12334
0.45466 0.12379
0.45532 0.12428
0.45612 0.12484
0.45711 0.12551
0.45836 0.12631
0.45997 0.1273
0.46201 0.12851
0.46448 0.12994
0.46729 0.131480
0.47035 0.13307
0.47364 0.1347
0.47711 0.13638
0.48069 0.1381
0.48434 0.13984
0.48797 0.14158
0.49155 0.14331
0.49506 0.14503
0.498510 0.14675
0.501870 0.14848
0.50516 0.15023
0.50837 0.1520
0.51151 0.1538
0.51458 0.15564
0.51758 0.15753
0.52052 0.15946
0.5234 0.16145
0.52622 0.16349
0.52897 0.1656
0.53167 0.16776
0.53430 0.16997
0.53685 0.17223
0.53931 0.17451
0.54163 0.17678
0.54376 0.17899
0.54565 0.18107
0.54726 0.182980
0.54857 0.184710
0.54963 0.186260
0.55045 0.18766
0.55123 0.18919
*.*.Setup: s1223rtl.txt as Flap 1, Inverted: y, Scale = 1.0, AoA = 6.0, Reposition from (0,0) = (0, 0)*.*.
*.*.Setup: s1223rtl.txt as Flap 2, Inverted: y, Scale = 0.35, AoA = 25.0, Reposition from previous T.E. = (-0.0267, 0.055), Reposition from (0,0) = (0.9679, 0.1595)*.*.
*.*.Setup: s1223rtl.txt as Flap 3, Inverted: y, Scale = 0.35, AoA = 35.0, Reposition from previous T.E. = (0.04, 0.045), Reposition from (0,0) = (1.3251, 0.3524)*.*.
*.*.Setup: Scale Ratio = 0.342*.*.