0.33851 0.01182
0.33639 0.00999
0.33332 0.00733
0.32976 0.00475
0.32549 0.00231
0.32034 -0.00014
0.31415 -0.00273
0.30687 -0.005460
0.2986 -0.0083
0.28954 -0.01117
0.27996 -0.014010
0.27007 -0.01676
0.26003 -0.0194
0.24994 -0.02189
0.23983 -0.02421
0.22971 -0.02635
0.2195500 -0.02832
0.20931 -0.03012
0.19892 -0.03177
0.18835 -0.0333
0.17756 -0.03474
0.16655 -0.03613
0.15538 -0.03747
0.14415 -0.03878
0.13301 -0.04006
0.12212 -0.04125
0.11165 -0.04231
0.1017800 -0.04316
0.09264 -0.04374
0.08417 -0.04397
0.07626 -0.04383
0.06879 -0.04329
0.06169 -0.04236
0.0549100 -0.04105
0.04841 -0.03935
0.0422 -0.03729
0.03629 -0.03488
0.03073 -0.03218
0.02558 -0.02926
0.02093 -0.02625
0.01687 -0.02327
0.0134100 -0.02044
0.01054 -0.01782
0.00818 -0.0154
0.00626 -0.01317
0.00469 -0.01111
0.00342 -0.00921
0.0024 -0.00745
0.00158 -0.00581
0.00095 -0.00428
0.00048 -0.00284
0.00017 -0.00148
0.000013 -0.0002
0.000035 0.00102
0.00027 0.00222
0.00093 0.00328
0.00198 0.00407
0.00330 0.00459
0.00481 0.00496
0.006540 0.00522
0.00853 0.00543
0.01086 0.00558
0.01362 0.00568
0.017 0.00573
0.021210 0.0057
0.02654 0.00558
0.03326 0.00532
0.04132 0.00488
0.05036 0.0042
0.06008 0.00326
0.07039 0.00207
0.08122 0.00072
0.09238 -0.00073
0.1037 -0.00221
0.115 -0.00368
0.12616 -0.005090
0.13716 -0.00642
0.14798 -0.00764
0.15864 -0.008730
0.169130 -0.00965
0.17948 -0.0104
0.18971 -0.01096
0.19983 -0.01133
0.20986 -0.01148
0.21982 -0.01142
0.22971 -0.01113
0.23954 -0.01062
0.24933 -0.00988
0.25905 -0.0089100
0.26871 -0.00771
0.27825 -0.006290
0.28759 -0.00466
0.2966 -0.00284
0.30506 -0.00089
0.31275 0.00114
0.31951 0.00321
0.3253 0.00527
0.33019 0.00734
0.3343 0.009370
0.33851 0.01182
-Inserting Flap s1223rtl-
0.44166 0.0893
0.44134 0.08838
0.440870 0.08703
0.44023 0.08563
0.43935 0.08415
0.43821 0.08251
0.43678 0.080650
0.43504 0.07856
0.43301 0.07627
0.43075 0.07382
0.42833 0.0713
0.42580 0.06875
0.42321 0.06621
0.42057 0.0637
0.4179 0.06125
0.41519 0.05884
0.41244 0.05649
0.40964 0.05416
0.40676 0.051860
0.40382 0.04956
0.40078 0.04726
0.39767 0.04493
0.39451 0.04259
0.39132 0.04024
0.38815 0.037920
0.3850500 0.03567
0.38205 0.03354
0.3792 0.03157
0.37651 0.02981
0.37398 0.02827
0.37155 0.02695
0.36919 0.02581
0.36687 0.02487
0.364570 0.02409
0.3623 0.02348
0.36006 0.02303
0.35784 0.02274
0.35568 0.0226
0.35361 0.0226
0.35168 0.02271
0.34993 0.02291
0.34839 0.02317
0.34706 0.023470
0.34592 0.0238
0.34495 0.02414
0.34412 0.02450
0.3434 0.02485
0.34279 0.02521
0.34225 0.025570
0.341800 0.02593
0.3414 0.02628
0.34107 0.02664
0.3408 0.027
0.34059 0.02738
0.34046 0.02779
0.34048 0.02822
0.34066 0.02864
0.34097 0.02903
0.34137 0.0294
0.34185 0.02978
0.34242 0.03019
0.3431 0.030640
0.34392 0.031150
0.34494 0.03175
0.34623 0.03247
0.34787 0.03336
0.3499600 0.03444
0.35249 0.0357
0.355350 0.037070
0.35847 0.03846
0.36181 0.03989
0.36534 0.04135
0.36899 0.04285
0.37269 0.04436
0.37638 0.04587
0.38002 0.04737
0.38359 0.04887
0.38709 0.05037
0.39052 0.05189
0.393870 0.05343
0.39715 0.05499
0.40036000 0.05659
0.4035 0.05824
0.406580 0.05993
0.40959 0.06167
0.41255000 0.06347
0.41545 0.06533
0.4183 0.06725
0.42109 0.06923
0.42382 0.07127
0.42647 0.07335
0.429030 0.07547
0.43146 0.07758
0.43369 0.07964
0.43568 0.08159
0.43738 0.083390
0.43878 0.08502
0.43991 0.08649
0.44081 0.08782
0.44166 0.0893
-Inserting Flap s1223rtl-
0.54603 0.18074
0.54584 0.17978
0.54556 0.178390
0.54514 0.17691
0.54449 0.17532
0.54359 0.17353
0.54245 0.17148
0.54103 0.16916
0.53935 0.16659
0.53747 0.16385
0.535440 0.1610
0.53331 0.15811
0.53111 0.15522
0.528860 0.15236
0.52658 0.14954
0.524250 0.14677
0.52187 0.144040
0.519430 0.14134
0.51692 0.138640
0.51434 0.13594
0.51167 0.13322
0.50893 0.13047
0.50614 0.12769
0.50333 0.12491
0.50053 0.12215
0.49778 0.11948
0.49512 0.11693
0.49259 0.11457
0.49019 0.11244
0.48790 0.11055
0.48569 0.108890
0.48351 0.10742
0.48136 0.10615
0.47920 0.10505
0.47704 0.10412
0.47488 0.10335
0.47274 0.10274
0.47062 0.10229
0.46857 0.101980
0.46664 0.10181
0.46488 0.10176
0.46332 0.10179
0.46196 0.1019
0.46079 0.10206
0.45978 0.10226
0.45890 0.10249
0.45814 0.10274
0.45748 0.10300
0.4569 0.10328
0.4564 0.10357
0.45596 0.10386
0.45558 0.10417
0.45526 0.10449
0.455 0.10483
0.45481 0.10521
0.45476 0.10565
0.45488 0.10609
0.45513 0.10652
0.45547 0.10694
0.45589 0.10739
0.4564 0.10788
0.457 0.10842
0.45775 0.10904
0.45867 0.10978
0.45983 0.11068
0.46133 0.11180
0.46324 0.113170
0.46556 0.11479
0.4682 0.11655
0.47108 0.11839
0.47418 0.120280
0.47746 0.12224
0.48085 0.124250
0.48429 0.12628
0.48772 0.12831
0.491110 0.13032
0.49443 0.13232
0.49767 0.13432
0.50084 0.13632
0.50394 0.13832
0.50696 0.14035
0.5099 0.1424
0.512770 0.14448
0.51557 0.1466
0.5183 0.14876
0.52097 0.15097
0.52357 0.15323
0.52611 0.15554
0.52858 0.15791
0.53098 0.16032
0.53331 0.16276
0.53553 0.16523
0.53763 0.16767
0.53954 0.170030
0.54123 0.17225
0.54264 0.17427
0.54379 0.17609
0.5447 0.17771
0.545400 0.17916
0.54603 0.18074
*.*.Setup: s1223rtl.txt as Flap 1, Inverted: y, Scale = 1.0, AoA = 2.0, Reposition from (0,0) = (0, 0)*.*.
*.*.Setup: s1223rtl.txt as Flap 2, Inverted: y, Scale = 0.35, AoA = 31.666666666666668, Reposition from previous T.E. = (0.0067, 0.045), Reposition from (0,0) = (1.0061, 0.0799)*.*.
*.*.Setup: s1223rtl.txt as Flap 3, Inverted: y, Scale = 0.35, AoA = 40.0, Reposition from previous T.E. = (0.04, 0.045), Reposition from (0,0) = (1.3439, 0.3086)*.*.
*.*.Setup: Scale Ratio = 0.33871*.*.