0.34945 0.0122
0.34727 0.01032
0.3441 0.00757
0.34042 0.0049
0.33602 0.00239
0.3307 -0.00015
0.32431 -0.00282
0.3168 -0.005640
0.30825 -0.00857
0.2989 -0.01153
0.28901 -0.014460
0.2788 -0.0173
0.26844 -0.02003
0.25802 -0.02259
0.24759 -0.02499
0.23714 -0.0272
0.2266500 -0.02923
0.21608 -0.03109
0.20535 -0.0328
0.19444 -0.03438
0.1833 -0.03587
0.17194 -0.03729
0.16041 -0.03868
0.14882 -0.04004
0.13731 -0.04135
0.12606 -0.04259
0.11526 -0.04368
0.1050700 -0.04456
0.09563 -0.04516
0.08689 -0.0454
0.07873 -0.04524
0.07102 -0.04469
0.06369 -0.04373
0.0566800 -0.04238
0.04997 -0.04062
0.04356 -0.03849
0.03746 -0.03601
0.03172 -0.03322
0.02641 -0.03021
0.02161 -0.02709
0.01741 -0.02402
0.0138500 -0.0211
0.01088 -0.01839
0.00844 -0.0159
0.00646 -0.0136
0.00484 -0.01147
0.00353 -0.00951
0.00248 -0.00769
0.00164 -0.006
0.00098 -0.00442
0.0005 -0.00293
0.00017 -0.00153
0.000013 -0.00021
0.000035 0.00106
0.00028 0.0023
0.00096 0.00339
0.00205 0.0042
0.00340 0.00474
0.00497 0.00512
0.006750 0.00539
0.00881 0.0056
0.01121 0.00576
0.01406 0.00587
0.01755 0.00592
0.021890 0.00589
0.0274 0.00576
0.03433 0.00549
0.04266 0.00503
0.05199 0.00434
0.06203 0.00336
0.07267 0.00214
0.08384 0.00074
0.09537 -0.00075
0.10706 -0.00228
0.11872 -0.0038
0.13024 -0.005260
0.1416 -0.00663
0.15277 -0.00789
0.16377 -0.009010
0.17460 -0.00996
0.18528 -0.01074
0.19584 -0.01132
0.20629 -0.01169
0.21665 -0.01185
0.22692 -0.01179
0.23714 -0.01149
0.24729 -0.01096
0.25739 -0.0102
0.26743 -0.009200
0.2774 -0.00796
0.28725 -0.006490
0.29689 -0.00481
0.30619 -0.00293
0.31493 -0.00092
0.32287 0.00118
0.32984 0.00331
0.33582 0.00545
0.34087 0.00757
0.34511 0.009670
0.34945 0.0122
-Inserting Flap s1223rtl-
0.44785 0.089520
0.44746 0.088590
0.44689 0.08723
0.44615 0.08583
0.44516 0.08435
0.44389 0.08273
0.4423 0.08090
0.44038 0.07885
0.43815 0.07661
0.43568 0.07423
0.43303 0.07177
0.43027 0.06929
0.427440 0.06683
0.42457 0.06441
0.42167 0.06204
0.41874 0.05972
0.41576 0.05746
0.41273 0.05523
0.40964 0.05303
0.40646 0.05084
0.40319 0.04864
0.39985 0.04643
0.39645 0.04421
0.39303 0.04198
0.38962 0.039780
0.38628 0.03765
0.38306 0.03563
0.38001 0.03377
0.37714 0.03212
0.37443 0.03069
0.37185 0.02947
0.36934 0.02844
0.3669 0.0276
0.36449 0.02694
0.36211 0.02645
0.35977 0.026120
0.35747 0.02596
0.355240 0.02594
0.3531 0.02606
0.35111 0.026290
0.34932 0.0266
0.34775 0.02696
0.3464 0.02735
0.34525 0.02776
0.34427 0.028170
0.34343 0.02859
0.34271 0.029
0.3421 0.02941
0.34157 0.02981
0.34112 0.0302
0.34074 0.03059
0.34042 0.03098
0.34016 0.03137
0.33997 0.03177
0.339860 0.0322
0.3399 0.03265
0.34012 0.03307
0.34046 0.03345
0.34089 0.03381
0.34141 0.03417
0.34202 0.03456
0.342750 0.03498
0.34363 0.03546
0.34471 0.03601
0.34608 0.03668
0.34783 0.0375
0.35005 0.03849
0.35273 0.03964
0.35576 0.04087
0.35906 0.04212
0.36259 0.04339
0.36631 0.04468
0.37016 0.04601
0.37406 0.04734
0.377960 0.04868
0.3818 0.05001
0.38557 0.05134
0.38927 0.05268
0.3929 0.05404
0.39644 0.05542
0.39992 0.05683
0.40332 0.05829
0.40665 0.0598
0.40993 0.06135
0.41314 0.06297
0.4163 0.06465
0.4194 0.06639
0.42245 0.0682
0.42544 0.07007
0.42838 0.072010
0.431240 0.0740
0.434 0.07602
0.43663 0.078050
0.43906 0.08004
0.44122 0.08193
0.44308 0.08368
0.44462 0.08528
0.44588 0.08673
0.44688 0.08805
0.44785 0.089520
-Inserting Flap s1223rtl-
0.5446 0.18244
0.54432 0.181470
0.54392 0.180060
0.54334 0.178580
0.54253 0.177
0.541450 0.175240
0.54009 0.17324
0.538420 0.17098
0.53647 0.16849
0.53429 0.16584
0.53195 0.16309
0.52949 0.16031
0.526970 0.15754
0.5244 0.1548
0.52179 0.15211
0.51915 0.14947
0.51646000 0.14687
0.51371 0.14431
0.51089 0.14176
0.50798 0.13922
0.505 0.13666
0.50193 0.13407
0.498810 0.13147
0.49567 0.12886
0.49254 0.12628
0.48948 0.12378
0.48651 0.1214
0.48369 0.1192
0.48103 0.11722
0.47851 0.11548
0.47609 0.11397
0.47372 0.112670
0.4713900 0.11155
0.46907 0.11061
0.46677 0.10985
0.46448 0.10925
0.46221 0.10882
0.46 0.10854
0.45786 0.10841
0.45586 0.10841
0.454050 0.10851
0.45244 0.10869
0.45105 0.10892
0.449860 0.10919
0.44884 0.10949
0.44796 0.1098
0.4472 0.11013
0.44655 0.11046
0.44598 0.1108
0.44548 0.11114
0.44506 0.11148
0.4447 0.11183
0.4444 0.11219
0.444160 0.11256
0.444 0.11297
0.44399 0.11343
0.44415 0.113870
0.44445 0.11429
0.44484 0.1147
0.44531 0.11512
0.44587 0.11557
0.44655 0.11607
0.44736 0.11665
0.44838 0.11733
0.44966 0.11815
0.4513 0.11916
0.45339 0.1204
0.455920 0.121860
0.45879 0.12343
0.461920 0.12506
0.46528 0.12673
0.46882 0.12845
0.47249 0.130210
0.47621 0.13198
0.47993 0.13376
0.48359 0.13553
0.48718 0.13729
0.4907 0.139050
0.49414 0.14082
0.4975 0.14260
0.50079 0.14441
0.5040 0.14626
0.50714 0.14814
0.51021 0.15007
0.51321 0.15204
0.51615 0.15408
0.51903 0.15617
0.52185 0.15832
0.524610 0.16053
0.5273 0.16279
0.52991 0.1651
0.53242 0.16743
0.53479 0.16975
0.53697 0.17201
0.5389 0.17414
0.54054 0.17609
0.54189 0.17786
0.54297 0.17945
0.54381 0.180870
0.5446 0.18244
*.*.Setup: s1223rtl.txt as Flap 1, Inverted: y, Scale = 1.0, AoA = 2.0, Reposition from (0,0) = (0, 0)*.*.
*.*.Setup: s1223rtl.txt as Flap 2, Inverted: y, Scale = 0.35, AoA = 28.333333333333332, Reposition from previous T.E. = (-0.0267, 0.055), Reposition from (0,0) = (0.9727, 0.0899)*.*.
*.*.Setup: s1223rtl.txt as Flap 3, Inverted: y, Scale = 0.35, AoA = 35.0, Reposition from previous T.E. = (-0.01, 0.065), Reposition from (0,0) = (1.2708, 0.321)*.*.
*.*.Setup: Scale Ratio = 0.34967*.*.