0.33026 0.01153
0.3282 0.00975
0.3252 0.00715
0.32172 0.00464
0.31756 0.00225
0.31254 -0.00014
0.3065 -0.00266
0.29939 -0.005330
0.29132 -0.0081
0.28248 -0.01089
0.27314 -0.013660
0.26349 -0.01635
0.25369 -0.01893
0.24385 -0.02135
0.23399 -0.02362
0.22412 -0.02571
0.214200 -0.02763
0.20421 -0.02938
0.19407 -0.031
0.18376 -0.03249
0.17323 -0.0339
0.16249 -0.03524
0.1516 -0.03656
0.14064 -0.03784
0.12977 -0.03908
0.11914 -0.04025
0.10893 -0.04128
0.099300 -0.04211
0.09038 -0.04268
0.08212 -0.0429
0.0744 -0.04276
0.06712 -0.04224
0.06019 -0.04133
0.0535700 -0.04005
0.04723 -0.03839
0.04117 -0.03638
0.0354 -0.03403
0.02998 -0.03139
0.02496 -0.02855
0.02042 -0.02561
0.01646 -0.0227
0.0130900 -0.01995
0.01028 -0.01738
0.00798 -0.01502
0.0061 -0.01285
0.00458 -0.01084
0.00334 -0.00899
0.00234 -0.00727
0.00155 -0.00567
0.00093 -0.00418
0.00047 -0.00277
0.00016 -0.00145
0.000013 -0.0002
0.000035 0.001
0.00027 0.00217
0.00091 0.0032
0.00194 0.00397
0.003220 0.00448
0.00469 0.00484
0.006380 0.0051
0.00832 0.00529
0.01059 0.00544
0.01329 0.00554
0.01658 0.00559
0.020690 0.00557
0.0259 0.00544
0.03245 0.00519
0.04031 0.00476
0.04914 0.0041
0.05862 0.00318
0.06868 0.00202
0.07924 0.0007
0.09013 -0.00071
0.10117 -0.00216
0.1122 -0.00359
0.12309 -0.004970
0.13382 -0.00627
0.14438 -0.00746
0.15477 -0.008510
0.165010 -0.00942
0.17511 -0.01015
0.18509 -0.0107
0.19496 -0.01105
0.20475 -0.0112
0.21446 -0.01114
0.22411 -0.01086
0.2337 -0.01036
0.24325 -0.00964
0.25274 -0.0086900
0.26216 -0.00752
0.27147 -0.006130
0.28058 -0.00454
0.28937 -0.00277
0.29763 -0.00087
0.30513 0.00111
0.31172 0.00313
0.31737 0.00515
0.32214 0.00716
0.32615 0.009140
0.33026 0.01153
-Inserting Flap s1223rtl-
0.44528 0.08130
0.44491 0.080420
0.44437 0.07914
0.44367 0.07781
0.44274 0.07641
0.44153 0.07488
0.44003 0.073150
0.43822 0.07121
0.43611 0.06909
0.433780 0.06684
0.43127 0.06452
0.42866 0.06218
0.42599 0.05985
0.423280 0.05756
0.42054 0.05532
0.41777 0.05314
0.41495 0.05099
0.41209 0.04889
0.40916 0.04681
0.40616 0.04474
0.40308 0.04267
0.39992 0.04058
0.3967 0.03847
0.39347 0.03637
0.39025 0.034290
0.387090 0.03228
0.384050 0.03037
0.38116 0.02861
0.37845 0.02705
0.37589 0.0257
0.37345 0.02454
0.37109 0.02358
0.36877 0.02278
0.3665 0.02216
0.36425 0.02169
0.36204 0.021380
0.35986 0.02123
0.35775 0.02121
0.35574 0.02132
0.35386 0.021540
0.352160 0.02184
0.35068 0.02218
0.3494 0.02255
0.34831 0.02293
0.34738 0.023320
0.34659 0.02371
0.34592 0.0241
0.34534 0.02449
0.34484 0.02486
0.34441 0.02524
0.34405 0.02561
0.34375 0.02597
0.34351 0.02634
0.34332 0.02672
0.34322 0.02713
0.343260 0.02755
0.34347 0.02795
0.34379 0.02831
0.3442 0.02865
0.34469 0.02899
0.34526 0.02936
0.34595 0.02975
0.34678 0.03021
0.34781 0.03073
0.3491 0.03136
0.35075 0.03213
0.35285 0.03307
0.35538 0.03415
0.35825 0.03532
0.36137 0.0365
0.3647 0.0377
0.36822 0.03893
0.37186 0.04017
0.37555 0.04144
0.37923 0.0427
0.38286 0.04395
0.38642 0.04521
0.38992 0.04648
0.39334 0.04776
0.3967 0.04907
0.39998 0.05041
0.40319 0.05178
0.40635 0.05321
0.40944 0.05468
0.41248 0.05621
0.41546 0.05779
0.41839 0.05944
0.421270 0.06115
0.4241 0.06292
0.42688 0.064750
0.42958 0.066630
0.43219 0.06854
0.43467 0.070460
0.43697 0.07234
0.43902 0.07413
0.44077 0.07578
0.44223 0.07729
0.44341 0.07866
0.44436 0.07991
0.44528 0.08130
-Inserting Flap s1223rtl-
0.5471 0.17051
0.546910 0.16958
0.54665 0.16821
0.54623 0.16677
0.54560 0.16522
0.54473 0.16347
0.5436 0.16148
0.54222 0.15921
0.54059 0.15671
0.53875 0.15403
0.53677 0.15125
0.53469 0.14843
0.53255 0.145610
0.53035 0.14282
0.528120 0.14007
0.52585 0.13737
0.52353 0.1347
0.52115 0.13206
0.51870 0.12944
0.51618 0.1268
0.51358 0.12415
0.51091 0.121460
0.50819 0.11875
0.50544 0.11604
0.50271 0.11335
0.500030 0.11074
0.49743 0.10825
0.49496 0.10595
0.492620 0.10387
0.49039 0.102030
0.48823 0.10041
0.48611 0.09898
0.484 0.09774
0.4819 0.09666
0.4798 0.09575
0.47769 0.095
0.4755900 0.09441
0.47353 0.09397
0.47153 0.09367
0.46965 0.09351
0.46793 0.09345
0.4664 0.09349
0.46508 0.09359
0.46394 0.09374
0.46295 0.09394
0.4621 0.09416
0.46136 0.09441
0.46071 0.09467
0.460150 0.09494
0.45965 0.09521
0.45922 0.0955
0.45885 0.0958
0.45854 0.09611
0.45829 0.09644
0.4581 0.09682
0.45806 0.09725
0.458180 0.09768
0.45842 0.09809
0.45875 0.09851
0.45916 0.09895
0.45965 0.09942
0.46025 0.09995
0.460970 0.10056
0.46187 0.101280
0.46300 0.10216
0.46447 0.10325
0.466330 0.10459
0.46859 0.10617
0.47117 0.10788
0.47398 0.10967
0.477 0.11152
0.4802 0.11343
0.48351 0.11539
0.48687 0.11737
0.49021 0.11935
0.49352 0.12132
0.49676 0.12327
0.49992 0.125220
0.50302 0.12717
0.50604 0.12913
0.50898 0.1311
0.51185 0.13310
0.51465 0.13513
0.517380 0.1372
0.52005 0.13931
0.52265 0.14146
0.525190 0.14367
0.52766 0.14592
0.53008 0.14823
0.53242 0.150580
0.534690 0.15297
0.53686 0.15537
0.53890 0.15776
0.54077 0.16006
0.54241 0.16222
0.54380 0.1642
0.54492 0.16597
0.5458 0.16756
0.54648 0.16897
0.5471 0.17051
*.*.Setup: s1223rtl.txt as Flap 1, Inverted: y, Scale = 1.0, AoA = 2.0, Reposition from (0,0) = (0, 0)*.*.
*.*.Setup: s1223rtl.txt as Flap 2, Inverted: y, Scale = 0.35, AoA = 28.333333333333332, Reposition from previous T.E. = (0.04, 0.045), Reposition from (0,0) = (1.0394, 0.0799)*.*.
*.*.Setup: s1223rtl.txt as Flap 3, Inverted: y, Scale = 0.35, AoA = 40.0, Reposition from previous T.E. = (0.04, 0.045), Reposition from (0,0) = (1.3875, 0.291)*.*.
*.*.Setup: Scale Ratio = 0.33046*.*.