0.34146 -0.01192
0.33921 -0.01361
0.33593 -0.01608
0.33216 -0.018420
0.3277 -0.02058
0.32234 -0.02269
0.31593 -0.02485
0.30841 -0.027090
0.29988 -0.02936
0.290570 -0.03161
0.28073 -0.03379
0.27058 -0.03587
0.26030 -0.03782
0.24997 -0.03961
0.23963 -0.04123
0.22930 -0.04268
0.218940 -0.043940
0.2085 -0.04503
0.19793 -0.04597
0.18719 -0.04677
0.17623 -0.04746
0.16505 -0.04807
0.15372 -0.04864
0.14233 -0.04917
0.13102 -0.04967
0.11998 -0.05010
0.10937 -0.0504300
0.09938 -0.05060
0.090140 -0.05053
0.0816 -0.05017
0.07365 -0.049470
0.06618 -0.0484
0.0591 -0.04697
0.05236 -0.04517
0.04594 -0.043
0.03984 -0.04049
0.03406 -0.0376500
0.028660 -0.03454
0.02368 -0.03124
0.01922 -0.02788
0.015340 -0.0246
0.01206 -0.02152
0.00935 -0.01867
0.00715 -0.016070
0.00537 -0.01369
0.00394 -0.0115100
0.0028 -0.00951
0.00189 -0.00767
0.00119 -0.00596
0.00066 -0.00437
0.00028 -0.00289
6e-05 -0.00151
-0.000029 -0.00021
8e-05 0.00103
0.00043 0.00222
0.00117 0.003240
0.00228 0.00395
0.00364 0.00439
0.005190 0.00465
0.00695 0.0048
0.008970 0.00486
0.01132 0.00485
0.01411 0.004760
0.01751 0.00457
0.02174 0.00425
0.0271 0.00375
0.03384 0.00301
0.0419200 0.0020
0.05098 0.00068
0.06069 -0.00095
0.07098 -0.00287
0.08178 -0.00499
0.09291 -0.00723
0.1042 -0.00952
0.11546 -0.01179
0.1266 -0.014
0.13757 -0.016120
0.14837 -0.0181
0.159020 -0.01994
0.16951 -0.02161
0.17987 -0.0231
0.19013 -0.02438
0.2002900 -0.02546
0.21037 -0.02632
0.22039 -0.02696
0.23036 -0.02737
0.2403 -0.02754
0.2502 -0.02749
0.26005 -0.02719
0.26985 -0.02666
0.27955 -0.0259
0.28907 -0.02492
0.29826 -0.02373
0.30691 -0.02236
0.3148 -0.02086
0.32174 -0.01926
0.327710 -0.01758
0.33278 -0.01585
0.33706 -0.0141
0.34146 -0.01192
-Inserting Flap s1223rtl-
0.43413 0.07306
0.4338 0.07213
0.43332 0.07078
0.43268 0.06937
0.4318 0.06787
0.43065 0.066220
0.4292 0.06434
0.42744 0.06223
0.4254 0.05992
0.42312 0.05745
0.42068 0.05491
0.41813 0.05234
0.41551 0.04977
0.41285 0.047250
0.41015 0.04477
0.40742 0.042340
0.40465 0.03996
0.40182 0.03762
0.39893 0.0353
0.39595 0.03298
0.39289 0.03065
0.38976 0.02831
0.38656 0.02594
0.38335 0.02358
0.38015 0.02124
0.37702 0.01897
0.37399 0.01681
0.37112 0.0148300
0.36841 0.01305
0.36585 0.0115
0.36340 0.01017
0.36102 0.00903
0.35868 0.00807
0.35637 0.00729
0.35408 0.00667
0.35181 0.00622
0.34958 0.00593
0.34740 0.00578
0.34531 0.00578
0.34336 0.00589
0.34159 0.00609
0.34004 0.00636
0.338700 0.00666
0.33755 0.00699
0.33657 0.00734
0.33573 0.00769
0.33501 0.00806
0.33439 0.00842
0.333850 0.00878
0.33339 0.00914
0.33299 0.0095
0.33266 0.00986
0.33239 0.01022
0.33217 0.0106
0.33204 0.01101
0.33206 0.01146
0.33225 0.01188
0.33256 0.01227
0.33296 0.01265
0.33344 0.01303
0.33402 0.01344
0.3347 0.01389
0.33554 0.01441
0.33656 0.015010
0.33786 0.01574
0.33952 0.01663
0.34162 0.01773
0.34417 0.019
0.34707 0.02037
0.35021 0.02178
0.35358 0.02322
0.35714 0.0247
0.36082 0.0262
0.36455 0.02773
0.368270 0.02925
0.37194 0.03077
0.37555 0.03228
0.37908 0.0338
0.38254 0.0353300
0.38592 0.03688
0.38923 0.03846
0.39246 0.04007
0.395630 0.04173
0.39874 0.04343
0.40178 0.04519
0.40476 0.04701
0.40769 0.04888
0.41056 0.05082
0.41338 0.05282
0.41613 0.054880
0.41881 0.05698
0.42139 0.05911
0.42383 0.06124
0.42609 0.06332
0.4281 0.06529
0.42981 0.0671
0.43122 0.06875
0.43236 0.07023
0.43327 0.071580
0.43413 0.07306
-Inserting Flap s1223rtl-
0.5394 0.16872
0.53921 0.16775
0.53894 0.16634
0.5385 0.16485
0.53785 0.16325
0.53695 0.161450
0.53579 0.15938
0.53436 0.15704
0.53267 0.15445
0.53078 0.15168
0.52873 0.14881
0.52658 0.14589
0.52436 0.14298
0.52209 0.14009
0.51978 0.13725
0.51743 0.13446
0.51503 0.1317
0.51257 0.12897
0.51004 0.12625
0.507440 0.12353
0.50475 0.12078
0.50198 0.11801
0.49917 0.1152
0.49633 0.1124
0.49351 0.10962
0.49074 0.106920
0.48805 0.10435
0.4855 0.10197
0.48308 0.09982
0.48077 0.09792
0.47854 0.09624
0.47634 0.09476
0.4741700 0.09348
0.47199 0.09237
0.46982 0.09143
0.46764 0.09065
0.46547 0.09004
0.46334 0.089580
0.46127 0.08927
0.45932 0.08910
0.45755 0.08905
0.45597 0.08908
0.4546 0.08919
0.45342 0.08935
0.4524 0.08955
0.45152 0.08978
0.45075 0.09004
0.450080 0.0903
0.4495 0.09058
0.44899 0.09087
0.44855 0.09117
0.44816 0.09148
0.44784 0.0918
0.44758 0.09214
0.44739 0.09253
0.44734 0.092970
0.44746 0.09342
0.44771 0.09385
0.44806 0.09428
0.44848 0.09473
0.448990 0.09522
0.4496 0.095770
0.45035 0.0964
0.45128 0.09714
0.45246 0.09805
0.45397 0.09918
0.45589 0.10056
0.45823 0.1021900
0.46089 0.10397
0.4638 0.10582
0.46693 0.10773
0.470230 0.10971
0.47366 0.11173
0.47713 0.11378
0.48059 0.11583
0.484 0.11786
0.48735 0.11988
0.49063 0.12189
0.49383 0.12391
0.49695 0.125930
0.49999 0.12797
0.50296 0.13004
0.50585 0.13214
0.50868 0.13428
0.51143 0.13646
0.51412 0.13869
0.51675 0.14097
0.519310 0.1433
0.5218 0.14569
0.52423 0.14812
0.52657 0.15059
0.52882 0.153070
0.53093 0.15553
0.53286 0.15792
0.53456 0.160150
0.53599 0.1622
0.537150 0.16403
0.53806 0.16567
0.53877 0.16713
0.5394 0.16872
*.*.Setup: s1223rtl.txt as Flap 1, Inverted: y, Scale = 1.0, AoA = -2.0, Reposition from (0,0) = (0, 0)*.*.
*.*.Setup: s1223rtl.txt as Flap 2, Inverted: y, Scale = 0.35, AoA = 31.666666666666668, Reposition from previous T.E. = (-0.0267, 0.065), Reposition from (0,0) = (0.9727, 0.0301)*.*.
*.*.Setup: s1223rtl.txt as Flap 3, Inverted: y, Scale = 0.35, AoA = 40.0, Reposition from previous T.E. = (0.04, 0.055), Reposition from (0,0) = (1.3106, 0.2688)*.*.
*.*.Setup: Scale Ratio = 0.34167*.*.