0.37034 -0.01293
0.36789 -0.01477
0.36433 -0.01744
0.36025 -0.019980
0.35541 -0.02232
0.3496 -0.0246
0.34265 -0.02696
0.33449 -0.029380
0.32524 -0.03184
0.315140 -0.03428
0.30447 -0.03665
0.29347 -0.0389
0.282310 -0.04102
0.2711 -0.04296
0.2599 -0.04472
0.248690 -0.04629
0.237450 -0.047660
0.22613 -0.04884
0.21467 -0.04986
0.20302 -0.05072
0.19113 -0.05147
0.17901 -0.05214
0.16672 -0.05275
0.15436 -0.05333
0.1421 -0.05387
0.13012 -0.054340
0.11862 -0.0546900
0.10779 -0.054880
0.097760 -0.05481
0.0885 -0.05441
0.07988 -0.053650
0.07177 -0.0525
0.0641 -0.05094
0.05679 -0.04899
0.04983 -0.04664
0.0432 -0.04391
0.03694 -0.0408400
0.031080 -0.03746
0.02568 -0.03388
0.02084 -0.03024
0.016630 -0.02668
0.01308 -0.02334
0.01014 -0.02025
0.00775 -0.017430
0.00582 -0.01485
0.00427 -0.0124900
0.00303 -0.01032
0.00205 -0.00832
0.00129 -0.00647
0.00071 -0.00474
0.00031 -0.00314
7e-05 -0.00163
-0.000029 -0.00022
9e-05 0.00111
0.00047 0.00241
0.00127 0.003510
0.00247 0.00429
0.00395 0.00476
0.005630 0.00504
0.00754 0.0052
0.009720 0.00527
0.01227 0.00526
0.0153 0.005160
0.01899 0.00496
0.02358 0.00461
0.02939 0.00406
0.0367 0.00327
0.0454700 0.002170
0.05529 0.00074
0.06582 -0.00103
0.07698 -0.00311
0.08869 -0.00542
0.10077 -0.00784
0.11301 -0.01033
0.12522 -0.01279
0.1373 -0.01519
0.1492 -0.017480
0.16092 -0.01963
0.172460 -0.02163
0.18385 -0.02344
0.19508 -0.02505
0.2062 -0.02644
0.2172200 -0.02761
0.22816 -0.02855
0.23903 -0.02924
0.24984 -0.02968
0.26062 -0.02987
0.27135 -0.02981
0.28204 -0.02949
0.29267 -0.02892
0.30319 -0.0281
0.31351 -0.02703
0.32348 -0.02574
0.33287 -0.02425
0.34142 -0.02262
0.34895 -0.02089
0.355420 -0.01907
0.36092 -0.01719
0.36556 -0.01529
0.37034 -0.01293
-Inserting Flap s1223rtl-
0.46565 0.06226
0.46518 0.0613
0.464490 0.05990
0.463620 0.05846
0.46248 0.05696
0.46104 0.05533
0.45924 0.05349
0.45708 0.05144
0.45459 0.0492
0.45183 0.04683
0.44888 0.0444
0.4458 0.04195
0.442660 0.03952
0.43947 0.03713
0.43626 0.03480
0.43301 0.03253
0.42973 0.03032
0.42638 0.02815
0.42297 0.02601
0.41947 0.02389
0.41588 0.02177
0.41221 0.01963
0.40848 0.01749
0.40472 0.01535
0.40098 0.01323
0.3973200 0.01118
0.39378 0.00924
0.39044 0.00746
0.3873 0.00589
0.38435 0.00454
0.38154 0.00341
0.37883 0.00248
0.37619 0.00175
0.3736 0.0012
0.37105 0.00082
0.36855 0.00062
0.36611 0.00058
0.36375 0.0007
0.3615 0.00096
0.3594100 0.00133
0.35753 0.00177
0.35589 0.002250
0.35448 0.00274
0.35329 0.00324
0.352280 0.00374
0.35142 0.00423
0.35069 0.00471
0.35006 0.00518
0.34953 0.00564
0.34908 0.00608
0.3487 0.00652
0.34838 0.00695
0.34813 0.00738
0.34795 0.00781
0.34787 0.00827
0.34794 0.00875
0.34819 0.00918
0.34858 0.00956
0.34906 0.00992
0.34963 0.010270
0.3503 0.01064
0.35109 0.01104
0.35205 0.01149
0.35324 0.01201
0.35472 0.01263
0.35662 0.01339
0.35903 0.0143
0.36194 0.01535
0.3652300 0.01646
0.36879 0.01759
0.3726 0.01871
0.37662 0.01985
0.38077 0.02101
0.38499 0.02219
0.389190 0.02336
0.39333 0.02453
0.39741 0.02571
0.40141 0.02690
0.40532 0.02811
0.409160 0.02935
0.41292 0.03064
0.41661 0.03197
0.42023 0.03335
0.42379 0.0348
0.42729 0.03631
0.43073 0.03789
0.43412 0.03954
0.43746 0.041270
0.44074 0.04307
0.44397 0.044930
0.44712 0.04686
0.45017 0.04884
0.45307 0.05082
0.45576 0.05278
0.45817 0.05464
0.46024 0.05638
0.46197 0.05798
0.46339 0.05944
0.46453 0.06077
0.46565 0.06226
-Inserting Flap s1223rtl-
0.53512 0.17065
0.53501 0.16958
0.53484 0.16803
0.53452 0.16638
0.53396 0.16458
0.53316 0.16255
0.5321 0.16021
0.530780 0.15754
0.5292 0.15459
0.527410 0.15142
0.525470 0.14812
0.523420 0.14477
0.5213 0.14141
0.51912 0.13808
0.5169 0.13479
0.51462 0.13155
0.51229 0.12834
0.50989 0.125160
0.50742 0.12199
0.50486 0.1188
0.50221 0.11557
0.49949 0.11231
0.49671 0.10902
0.49391 0.10572
0.49112 0.10245
0.48838 0.0992700
0.48573 0.09624
0.48319 0.09343
0.48078 0.09088
0.47847 0.0886
0.47621 0.08658
0.47398 0.08478
0.47175 0.08318
0.469510 0.08178
0.46725 0.08056
0.46497 0.07951
0.46269 0.07864
0.46042 0.07795
0.45822 0.07742
0.45613 0.07705
0.45421 0.07682
0.45251 0.076710
0.451020 0.0767
0.44973 0.07676
0.44861 0.07688
0.44763 0.07705
0.44678 0.07725
0.44603 0.07748
0.44538 0.077720
0.4448 0.07799
0.44429 0.07827
0.443850 0.07856
0.44347 0.07888
0.44315 0.07923
0.44291 0.07963
0.442820 0.0801
0.44291 0.08059
0.44314 0.081080
0.44347 0.08158
0.443880 0.08211
0.44439 0.08268
0.445 0.08333
0.445750 0.08409
0.44668 0.08498
0.44786 0.08607
0.44939 0.08743
0.45134 0.08911
0.45371 0.09109
0.4564200 0.09326
0.45939 0.09554
0.46259 0.09790
0.465970 0.10035
0.46947 0.102860
0.47303 0.1054
0.47658 0.10794
0.48008 0.11046
0.4835 0.11296
0.486850 0.11544
0.49012 0.11792
0.4933 0.1204
0.49639 0.122890
0.4994 0.12541
0.50233 0.12795
0.50518 0.13052
0.50795 0.13314
0.51065 0.13581
0.51327 0.13852
0.51582 0.14128
0.51829 0.14409
0.52068 0.14695
0.52298 0.14984
0.525170 0.15273
0.52722 0.15559
0.52908 0.15835
0.5307 0.16093
0.53205 0.16327
0.53313 0.16536
0.53397 0.16722
0.53459 0.16886
0.53512 0.17065
*.*.Setup: s1223rtl.txt as Flap 1, Inverted: y, Scale = 1.0, AoA = -2.0, Reposition from (0,0) = (0, 0)*.*.
*.*.Setup: s1223rtl.txt as Flap 2, Inverted: y, Scale = 0.35, AoA = 25.0, Reposition from previous T.E. = (-0.06, 0.055), Reposition from (0,0) = (0.9394, 0.0201)*.*.
*.*.Setup: s1223rtl.txt as Flap 3, Inverted: y, Scale = 0.35, AoA = 45.0, Reposition from previous T.E. = (-0.06, 0.045), Reposition from (0,0) = (1.1966, 0.213)*.*.
*.*.Setup: Scale Ratio = 0.37056*.*.