0.34125 0.01192
0.33912 0.01007
0.33602 0.00739
0.33243 0.00479
0.32813 0.00233
0.32294 -0.00015
0.3167 -0.00275
0.30936 -0.005510
0.30102 -0.00837
0.29189 -0.01126
0.28223 -0.014120
0.27226 -0.0169
0.26214 -0.01956
0.25197 -0.02206
0.24178 -0.0244
0.23158 -0.02656
0.2213300 -0.02855
0.211 -0.03036
0.20054 -0.03203
0.18988 -0.03357
0.179 -0.03503
0.1679 -0.03642
0.15664 -0.03777
0.14532 -0.0391
0.13409 -0.04038
0.12311 -0.04159
0.11255 -0.04265
0.1026100 -0.04352
0.09339 -0.0441
0.08485 -0.04433
0.07688 -0.04418
0.06935 -0.04364
0.06219 -0.04271
0.0553500 -0.04138
0.0488 -0.03967
0.04254 -0.03759
0.03658 -0.03516
0.03098 -0.03244
0.02579 -0.0295
0.0211 -0.02646
0.01701 -0.02346
0.0135200 -0.02061
0.01062 -0.01796
0.00825 -0.01552
0.00631 -0.01328
0.00473 -0.0112
0.00345 -0.00929
0.00242 -0.00751
0.0016 -0.00586
0.00096 -0.00432
0.00049 -0.00286
0.00017 -0.0015
0.000013 -0.00021
0.000035 0.00103
0.00028 0.00224
0.00094 0.00331
0.002 0.0041
0.003320 0.00463
0.00485 0.005
0.006590 0.00527
0.0086 0.00547
0.01094 0.00562
0.01373 0.00573
0.01714 0.00578
0.021380 0.00575
0.02676 0.00562
0.03353 0.00536
0.04166 0.00492
0.05077 0.00423
0.06057 0.00328
0.07096 0.00209
0.08188 0.00072
0.09313 -0.00073
0.10454 -0.00223
0.11593 -0.00371
0.12719 -0.005140
0.13827 -0.00648
0.14918 -0.0077
0.15992 -0.00880
0.17050 -0.00973
0.18094 -0.01049
0.19125 -0.01105
0.20145 -0.01142
0.21156 -0.01157
0.2216 -0.01151
0.23157 -0.01122
0.24148 -0.01071
0.25135 -0.00996
0.26116 -0.0089800
0.27089 -0.00777
0.28051 -0.006340
0.28992 -0.00469
0.299 -0.00287
0.30754 -0.0009
0.31529 0.00115
0.3221 0.00323
0.32794 0.00532
0.33287 0.0074
0.33701 0.009440
0.34125 0.01192
-Inserting Flap s1223rtl-
0.44046 0.08462
0.44003 0.08373
0.4394 0.08245
0.43859 0.08112
0.43755 0.07974
0.43621 0.07823
0.43456 0.07654
0.432570 0.07464
0.43027 0.07258
0.42773 0.07040
0.42501 0.06816
0.42217 0.0659
0.41928 0.06366
0.41634 0.06146
0.41338 0.05931
0.41039 0.05722
0.40736 0.05518
0.40428 0.053190
0.40113 0.05122
0.39791 0.04926
0.39461 0.047310
0.391220 0.04534
0.38778 0.04336
0.3843100 0.041390
0.38087 0.0394400
0.3775 0.03755
0.37424 0.03576
0.37116 0.03412
0.36826 0.03268
0.36555 0.03143
0.36296 0.03039
0.36046 0.02954
0.35802 0.02886
0.35564 0.02835
0.35329 0.028
0.35099 0.027820
0.34874 0.02779
0.34656 0.027900
0.34449 0.02814
0.34256 0.02847
0.34083 0.02888
0.33932 0.02932
0.33803 0.02978
0.33693 0.03024
0.33599 0.0307
0.3352 0.03115
0.33453 0.03159
0.33395 0.032020
0.33346 0.032440
0.33305 0.03285
0.33269 0.03326
0.33241 0.03365
0.33218 0.03405
0.33201 0.03445
0.33193 0.03487
0.332 0.0353100
0.33223 0.03571
0.33258 0.03606
0.33303 0.03639
0.33355 0.03671
0.33417 0.03705
0.3349 0.03742
0.33579 0.03784
0.33688 0.03832
0.33825 0.03889
0.34 0.03958
0.34222 0.04042
0.3449 0.04139
0.34793 0.042420
0.35121 0.04345
0.35472 0.04449
0.35843 0.04554
0.36225 0.04661
0.36613 0.04769
0.37 0.04877
0.37383 0.04985
0.37758 0.05093
0.38126 0.05203
0.38487 0.053150
0.38841 0.05429
0.39187 0.05548
0.39527 0.0567
0.39861 0.05798
0.40189 0.05932
0.40512 0.060710
0.40829 0.06216
0.411410 0.06369
0.41449 0.06528
0.41751 0.066930
0.42048 0.06865
0.42339 0.07043
0.4262 0.07225
0.42887 0.07408
0.43135 0.07588
0.43357 0.0776
0.43548 0.0792
0.43707 0.08067
0.43838 0.08202
0.43943 0.08324
0.44046 0.08462
-Inserting Flap s1223rtl-
0.54567 0.18363
0.54548 0.182670
0.5452 0.18126
0.544770 0.17977
0.5441200 0.17816
0.54322 0.17636
0.54206 0.1743
0.54063 0.17196
0.53894 0.16937
0.53705 0.16661
0.535 0.16374
0.53285 0.16082
0.53063 0.15791
0.52837 0.15502000
0.526060 0.15218
0.52371 0.14939
0.52132 0.14664
0.51886 0.14391
0.51633 0.14119
0.51372 0.13847
0.51104 0.13572
0.50827 0.13295
0.50546 0.13015
0.50263 0.12734
0.4998 0.12457
0.497030 0.12187
0.49435 0.1193
0.4918 0.116920
0.489380 0.11478
0.48707 0.11287
0.48484 0.11119
0.48265 0.10972
0.48047 0.10844
0.4783 0.10733
0.47613 0.10639
0.47395 0.10561
0.47179 0.10500
0.46965 0.10454
0.46759 0.10424
0.46564 0.10406
0.46386 0.1040100
0.46229 0.10404
0.46092 0.10415
0.45974 0.104310
0.45872 0.10451
0.45784 0.10474
0.45707 0.105
0.45641 0.10526
0.455820 0.105540
0.45531 0.10583
0.45487 0.10613
0.45449 0.10644
0.45416 0.10676
0.4539 0.1071
0.45371 0.10749
0.45367 0.10793
0.453790 0.10838
0.45404 0.10881
0.45438 0.10924
0.4548 0.109690
0.45531 0.110180
0.45593 0.11072
0.456670 0.111350
0.4576 0.1121
0.45878 0.11301
0.46029 0.11413
0.46221 0.11552
0.46455 0.11715
0.467210 0.11892
0.47012 0.12077
0.47324 0.12268
0.47654 0.12466
0.47996 0.12668
0.48343 0.128730
0.48689 0.130770
0.4903 0.13280
0.49365 0.13482
0.49693 0.13684
0.50012 0.13885
0.50324 0.14087
0.50628 0.14291
0.50925 0.14498
0.51214 0.147070
0.514960 0.14921
0.51772 0.151390
0.52041 0.15362
0.523030 0.1559
0.52559 0.15823
0.528080 0.16061
0.53051 0.16304
0.53285 0.16551
0.53509 0.16799
0.5372 0.170450
0.53913 0.17284
0.54083 0.17507
0.54226 0.17711
0.54342 0.17895
0.54433 0.180580
0.54503 0.182040
0.54567 0.18363
*.*.Setup: s1223rtl.txt as Flap 1, Inverted: y, Scale = 1.0, AoA = 2.0, Reposition from (0,0) = (0, 0)*.*.
*.*.Setup: s1223rtl.txt as Flap 2, Inverted: y, Scale = 0.35, AoA = 25.0, Reposition from previous T.E. = (-0.0267, 0.065), Reposition from (0,0) = (0.9727, 0.0999)*.*.
*.*.Setup: s1223rtl.txt as Flap 3, Inverted: y, Scale = 0.35, AoA = 40.0, Reposition from previous T.E. = (0.04, 0.065), Reposition from (0,0) = (1.3299, 0.3128)*.*.
*.*.Setup: Scale Ratio = 0.34146*.*.