0.32685 0.01141
0.32481 0.00965
0.32185 0.00708
0.3184 0.00459
0.31429 0.00223
0.30931 -0.00014
0.30334 -0.00264
0.29631 -0.005280
0.28832 -0.00801
0.27957 -0.01078
0.27032 -0.013520
0.26077 -0.01619
0.25108 -0.01873
0.24134 -0.02113
0.23158 -0.02337
0.22181 -0.02544
0.21200 -0.02734
0.2021 -0.02908
0.19207 -0.03068
0.18187 -0.03216
0.17145 -0.03355
0.16082 -0.03488
0.15003 -0.03618
0.13919 -0.03745
0.12843 -0.03868
0.11791 -0.03983
0.1078 -0.04085
0.0982800 -0.04168
0.08945 -0.04224
0.08127 -0.04246
0.07363 -0.04232
0.06642 -0.0418
0.05957 -0.04091
0.0530200 -0.03964
0.04674 -0.038
0.04074 -0.036
0.03504 -0.03368
0.02967 -0.03107
0.0247 -0.02825
0.02021 -0.02534
0.01629 -0.02247
0.0129500 -0.01974
0.01018 -0.01721
0.0079 -0.01487
0.00604 -0.01272
0.00453 -0.01073
0.00331 -0.0089
0.00232 -0.0072
0.00153 -0.00561
0.00092 -0.00413
0.00047 -0.00274
0.00016 -0.00143
0.000013 -0.0002
0.000035 0.00099
0.00027 0.00215
0.0009 0.00317
0.00192 0.00393
0.003180 0.00443
0.00465 0.00479
0.006320 0.00504
0.00824 0.00524
0.01048 0.00539
0.01316 0.00549
0.01641 0.00553
0.020480 0.00551
0.02563 0.00539
0.03211 0.00513
0.0399 0.00471
0.04863 0.00406
0.05801 0.00315
0.06797 0.002
0.07842 0.00069
0.0892 -0.0007
0.10013 -0.00213
0.11104 -0.00355
0.12182 -0.004920
0.13244 -0.0062
0.14289 -0.00738
0.15317 -0.008420
0.163310 -0.00932
0.1733 -0.01004
0.18318 -0.01059
0.19295 -0.01094
0.20264 -0.01109
0.21225 -0.01103
0.2218 -0.01075
0.2313 -0.01026
0.24074 -0.00954
0.25014 -0.008600
0.25946 -0.00744
0.26867 -0.006070
0.27769 -0.0045
0.28639 -0.00274
0.29456 -0.00086
0.30199 0.0011
0.30851 0.0031
0.3141 0.00509
0.31882 0.00708
0.32279 0.009050
0.32685 0.01141
-Inserting Flap s1223rtl-
0.44069 0.080460
0.44033 0.079590
0.43979 0.07832
0.4391 0.077
0.43817 0.07563
0.43698 0.07411
0.4355 0.07240
0.4337 0.07048
0.43162 0.06838
0.429310 0.06615
0.42683 0.06386
0.42425 0.06154
0.4216 0.05924
0.418920 0.05697
0.41621 0.05475
0.41346 0.05259
0.41068 0.05047
0.40785 0.04839
0.40495 0.04633
0.40198 0.04428
0.39892 0.04223
0.3958 0.04016
0.39262 0.03808
0.38941 0.03599
0.38623 0.033940
0.383110 0.03194
0.380090 0.03005
0.37723 0.02832
0.37455 0.02677
0.37202 0.02543
0.3696 0.02429
0.36726 0.02333
0.36497 0.02255
0.36272 0.02193
0.3605 0.02147
0.35831 0.021160
0.35616 0.02101
0.35407 0.02099
0.35207 0.0211
0.35021 0.021320
0.348530 0.02161
0.34706 0.02195
0.3458 0.02231
0.34472 0.02269
0.34381 0.023080
0.34302 0.02347
0.34235 0.02385
0.34178 0.02423
0.34129 0.02461
0.34087 0.02498
0.34051 0.02534
0.34021 0.02571
0.33997 0.02607
0.33979 0.02644
0.33969 0.02685
0.339730 0.02727
0.33993 0.02766
0.34025 0.02802
0.34065 0.02835
0.34113 0.02869
0.34171 0.02905
0.34239 0.02945
0.34321 0.02989
0.34423 0.03042
0.3455 0.03104
0.34714 0.0318
0.34921 0.03273
0.35172 0.0338
0.35456 0.03495
0.35765 0.03613
0.36095 0.03731
0.36443 0.03852
0.36803 0.03976
0.37168 0.04101
0.37532 0.04226
0.37891 0.0435
0.38244 0.04475
0.3859 0.046
0.38929 0.04727
0.39261 0.04856
0.39586 0.04989
0.39904 0.05125
0.40216 0.05266
0.40522 0.05411
0.40823 0.05563
0.41118 0.0572
0.41408 0.05883
0.416930 0.06052
0.41973 0.06227
0.42248 0.064080
0.42515 0.065940
0.42774 0.06783
0.4302 0.069730
0.43247 0.07159
0.43449 0.07336
0.43623 0.075
0.43767 0.0765
0.43884 0.07785
0.43978 0.07908
0.44069 0.080460
-Inserting Flap s1223rtl-
0.54754 0.16737
0.54728 0.166470
0.5469 0.165150
0.546360 0.163760
0.5456 0.16228
0.54459 0.160640
0.54332 0.15877
0.54176 0.15665
0.53993 0.15432
0.53789 0.15184
0.53570 0.14928
0.5334 0.14668
0.53104 0.14408
0.528640 0.14152
0.5262 0.139
0.52373 0.13653
0.52121 0.1341
0.5186400 0.13171
0.516 0.12933
0.51329 0.12695
0.510490 0.12455
0.50763 0.12213
0.50471 0.1197
0.50177 0.11726
0.49885 0.11484
0.49598 0.1125
0.4932 0.11027
0.49057 0.10822
0.48808 0.10637
0.48572 0.10475
0.48345 0.10333
0.48124 0.102110
0.47906 0.10106
0.47689 0.10019
0.47474 0.09947
0.4726 0.09891
0.470480 0.09851
0.4684 0.09825
0.46641 0.09813
0.46454 0.09813
0.46284 0.09823
0.46134 0.09839
0.46004 0.09861
0.45893 0.09886
0.45797 0.09914
0.45715 0.09943
0.45644 0.09974
0.45582 0.10005
0.45529 0.10036
0.45483 0.10068
0.45443 0.101
0.45409 0.10133
0.453810 0.10166
0.45359 0.10201
0.45344 0.1024
0.45343 0.10282
0.45359 0.103230
0.45386 0.10362
0.45422 0.10401
0.454670 0.1044
0.45519 0.10482
0.45582 0.1053
0.456590 0.10583
0.45754 0.10647
0.45873 0.10724
0.46027 0.10818
0.46222 0.10935
0.46459 0.11070
0.46727 0.11218
0.4702 0.1137
0.47334 0.11526
0.47666 0.11687
0.480090 0.118510
0.48357 0.12018
0.48704 0.12184
0.49047 0.12349
0.49383 0.12514
0.49712 0.126790
0.50034 0.12844
0.50349 0.130110
0.50656 0.1318
0.50956 0.13353
0.5125 0.13529
0.51537 0.13709
0.51818 0.13894
0.52093 0.14084
0.523620 0.1428
0.52626 0.14481
0.52884 0.14687
0.53135 0.14899
0.53379 0.15115
0.53614 0.15333
0.53836 0.1555
0.5404 0.15761
0.54221 0.15961
0.54374 0.16143
0.545 0.16309
0.54601 0.16457
0.5468 0.16590
0.54754 0.16737
*.*.Setup: s1223rtl.txt as Flap 1, Inverted: y, Scale = 1.0, AoA = 2.0, Reposition from (0,0) = (0, 0)*.*.
*.*.Setup: s1223rtl.txt as Flap 2, Inverted: y, Scale = 0.35, AoA = 28.333333333333332, Reposition from previous T.E. = (0.04, 0.045), Reposition from (0,0) = (1.0394, 0.0799)*.*.
*.*.Setup: s1223rtl.txt as Flap 3, Inverted: y, Scale = 0.35, AoA = 35.0, Reposition from previous T.E. = (0.04, 0.065), Reposition from (0,0) = (1.3875, 0.311)*.*.
*.*.Setup: Scale Ratio = 0.32705*.*.