0.33443 0.01168
0.33234 0.00987
0.32931 0.00724
0.32578 0.00469
0.32157 0.00228
0.31648 -0.00014
0.31037 -0.0027
0.30318 -0.00540
0.295 -0.0082
0.28605 -0.01103
0.27659 -0.013840
0.26682 -0.01656
0.2569 -0.01917
0.24693 -0.02162
0.23694 -0.02391
0.22695 -0.02603
0.2169100 -0.02797
0.20679 -0.02975
0.19653 -0.03139
0.18608 -0.0329
0.17542 -0.03433
0.16455 -0.03569
0.15351 -0.03702
0.14242 -0.03832
0.13141 -0.03958
0.12064 -0.04075
0.1103 -0.0418
0.1005600 -0.04264
0.09152 -0.04321
0.08316 -0.04344
0.07534 -0.0433
0.06796 -0.04277
0.06095 -0.04185
0.0542400 -0.04055
0.04782 -0.03888
0.04169 -0.03684
0.03585 -0.03446
0.03036 -0.03179
0.02527 -0.02891
0.02068 -0.02593
0.01667 -0.02299
0.0132500 -0.0202
0.01041 -0.0176
0.00808 -0.01521
0.00618 -0.01301
0.00464 -0.01098
0.00338 -0.0091
0.00237 -0.00736
0.00157 -0.00574
0.00094 -0.00423
0.00048 -0.00281
0.00016 -0.00147
0.000013 -0.0002
0.000035 0.00101
0.00027 0.0022
0.00092 0.00324
0.00196 0.00402
0.003260 0.00454
0.00475 0.0049
0.006460 0.00516
0.00843 0.00536
0.01072 0.00551
0.01346 0.00561
0.01679 0.00566
0.020950 0.00564
0.02622 0.00551
0.03286 0.00525
0.04082 0.00482
0.04976 0.00415
0.05936 0.00322
0.06954 0.00205
0.08024 0.00071
0.09127 -0.00072
0.10245 -0.00218
0.11361 -0.00363
0.12464 -0.005030
0.13551 -0.00635
0.1462 -0.00755
0.15672 -0.008620
0.167090 -0.00953
0.17732 -0.01028
0.18742 -0.01083
0.19742 -0.01119
0.20733 -0.01134
0.21717 -0.01128
0.22694 -0.011
0.23666 -0.01049
0.24632 -0.00976
0.25593 -0.008800
0.26547 -0.00762
0.2749 -0.006210
0.28413 -0.0046
0.29302 -0.00281
0.30139 -0.00088
0.30899 0.00113
0.31566 0.00317
0.32138 0.00521
0.32621 0.00725
0.33027 0.009260
0.33443 0.01168
-Inserting Flap s1223rtl-
0.45396 0.07623
0.45354 0.07537
0.452920 0.0741
0.452130 0.0728
0.4511 0.07145
0.4498 0.06997
0.44818 0.06831
0.44623 0.06646
0.44398 0.06444
0.44148 0.06230
0.43882 0.0601
0.43604 0.05789
0.43320 0.05569
0.43033 0.05354
0.42742 0.05144
0.42449 0.04939
0.42152 0.04739
0.4185 0.045430
0.41542 0.0435
0.41226 0.04158
0.40902 0.039670
0.40571 0.03774
0.40233 0.0358
0.39894 0.033870
0.39556 0.0319600
0.3922600 0.03011
0.38907 0.02835
0.38604 0.02675
0.38321 0.02533
0.38055 0.02411
0.37801 0.02309
0.37556 0.02225
0.37317 0.02159
0.37084 0.02109
0.36854 0.02075
0.36628 0.020570
0.36408 0.02054
0.36194 0.0206500
0.35991 0.02088
0.3580200 0.02121
0.35633 0.02161
0.35485 0.02204
0.35358 0.02249
0.3525 0.02294
0.351590 0.02339
0.35081 0.02383
0.35015 0.02427
0.34959 0.024690
0.3491 0.02510
0.3487 0.0255
0.34835 0.0259
0.34807 0.02629
0.34784 0.02667
0.34768 0.02706
0.3476 0.02748
0.34767 0.0279100
0.3479 0.0283
0.34824 0.02864
0.34868 0.02896
0.34919 0.02928
0.3498 0.02962
0.35052 0.02998
0.35138 0.03039
0.35245 0.03086
0.35379 0.03142
0.35551 0.0321
0.35768 0.03292
0.36031 0.03387
0.3632800 0.034880
0.3665 0.03589
0.36994 0.03691
0.37357 0.03794
0.37732 0.03899
0.38112 0.04004
0.384910 0.0411
0.38866 0.04216
0.39234 0.04322
0.39595 0.0443
0.39949 0.045390
0.402950 0.04652
0.40635 0.04768
0.40968 0.04888
0.41295 0.05013
0.41616 0.05144
0.41932 0.05280
0.42243 0.05423
0.42549 0.05572
0.42851 0.05728
0.43147 0.05890
0.43439 0.06059
0.43723 0.06233
0.43998 0.06411
0.4426 0.06591
0.44503 0.06767
0.44721 0.06936
0.44908 0.07093
0.45064 0.07237
0.45192 0.07368
0.45296 0.07489
0.45396 0.07623
-Inserting Flap s1223rtl-
0.54656 0.16516
0.5462900 0.16424
0.5459 0.16288
0.54535 0.16147
0.54457 0.15996
0.54354 0.15827
0.54223 0.15636
0.54064 0.15419
0.53877 0.15181
0.53668 0.14928
0.53444 0.14665
0.532090 0.14399
0.52968 0.14133
0.52722 0.13871
0.52473 0.13613
0.5222 0.13361
0.51962 0.131120
0.51699 0.12867
0.51429 0.12623
0.51151 0.1238
0.50865 0.12135
0.50572 0.11888
0.50273 0.11638
0.49972 0.11389
0.49673 0.11142
0.4938 0.10902
0.49096 0.10674
0.48826 0.10464
0.48572 0.10275
0.48331 0.10108
0.48098 0.09964
0.47872 0.09839
0.47648 0.09732
0.47427 0.09642
0.47206 0.09569
0.469870 0.095120
0.46771 0.0947
0.46559 0.09444
0.46354 0.09432
0.46163 0.09432
0.45989 0.09441
0.45836 0.09458
0.457030 0.0948
0.45589 0.09506
0.45491 0.09534
0.454070 0.09565
0.45334 0.09596
0.45272 0.09628
0.45217 0.09660
0.4517 0.09692
0.45129 0.09725
0.45094 0.09759
0.45066 0.09793
0.45043 0.09828
0.45028 0.09868
0.45027 0.09911
0.45043 0.09954
0.450710 0.099940
0.45108 0.10033
0.45153 0.10073
0.45207 0.10117
0.45271 0.10165
0.4535 0.1022
0.45447 0.10285
0.45569 0.10363
0.45726 0.1046
0.45926 0.10579
0.46168 0.10718
0.46443 0.10869
0.46743 0.11025
0.47064 0.11184
0.47403 0.11349
0.47754 0.11517
0.48111 0.11687
0.48466 0.11858
0.48816 0.12027
0.49160 0.12195
0.49497 0.12364
0.49826 0.12533
0.5014800 0.12704
0.50462 0.12877
0.5077 0.130530
0.51070 0.13233
0.513640 0.13418
0.51651 0.136070
0.51933 0.13802
0.52208 0.14002
0.524780 0.14208
0.52742 0.14419
0.52999 0.14636
0.53249 0.14856
0.53489 0.1508
0.53716 0.15302
0.53925 0.155180
0.5411 0.157220
0.54267 0.15909
0.54396 0.16078
0.54499 0.1623
0.5458 0.16366
0.54656 0.16516
*.*.Setup: s1223rtl.txt as Flap 1, Inverted: y, Scale = 1.0, AoA = 2.0, Reposition from (0,0) = (0, 0)*.*.
*.*.Setup: s1223rtl.txt as Flap 2, Inverted: y, Scale = 0.35, AoA = 25.0, Reposition from previous T.E. = (0.04, 0.045), Reposition from (0,0) = (1.0394, 0.0799)*.*.
*.*.Setup: s1223rtl.txt as Flap 3, Inverted: y, Scale = 0.35, AoA = 35.0, Reposition from previous T.E. = (-0.01, 0.065), Reposition from (0,0) = (1.3466, 0.2928)*.*.
*.*.Setup: Scale Ratio = 0.33463*.*.