0.33851 0.01182
0.33639 0.00999
0.33332 0.00733
0.32976 0.00475
0.32549 0.00231
0.32034 -0.00014
0.31415 -0.00273
0.30687 -0.005460
0.2986 -0.0083
0.28954 -0.01117
0.27996 -0.014010
0.27007 -0.01676
0.26003 -0.0194
0.24994 -0.02189
0.23983 -0.02421
0.22971 -0.02635
0.2195500 -0.02832
0.20931 -0.03012
0.19892 -0.03177
0.18835 -0.0333
0.17756 -0.03474
0.16655 -0.03613
0.15538 -0.03747
0.14415 -0.03878
0.13301 -0.04006
0.12212 -0.04125
0.11165 -0.04231
0.1017800 -0.04316
0.09264 -0.04374
0.08417 -0.04397
0.07626 -0.04383
0.06879 -0.04329
0.06169 -0.04236
0.0549100 -0.04105
0.04841 -0.03935
0.0422 -0.03729
0.03629 -0.03488
0.03073 -0.03218
0.02558 -0.02926
0.02093 -0.02625
0.01687 -0.02327
0.0134100 -0.02044
0.01054 -0.01782
0.00818 -0.0154
0.00626 -0.01317
0.00469 -0.01111
0.00342 -0.00921
0.0024 -0.00745
0.00158 -0.00581
0.00095 -0.00428
0.00048 -0.00284
0.00017 -0.00148
0.000013 -0.0002
0.000035 0.00102
0.00027 0.00222
0.00093 0.00328
0.00198 0.00407
0.00330 0.00459
0.00481 0.00496
0.006540 0.00522
0.00853 0.00543
0.01086 0.00558
0.01362 0.00568
0.017 0.00573
0.021210 0.0057
0.02654 0.00558
0.03326 0.00532
0.04132 0.00488
0.05036 0.0042
0.06008 0.00326
0.07039 0.00207
0.08122 0.00072
0.09238 -0.00073
0.1037 -0.00221
0.115 -0.00368
0.12616 -0.005090
0.13716 -0.00642
0.14798 -0.00764
0.15864 -0.008730
0.169130 -0.00965
0.17948 -0.0104
0.18971 -0.01096
0.19983 -0.01133
0.20986 -0.01148
0.21982 -0.01142
0.22971 -0.01113
0.23954 -0.01062
0.24933 -0.00988
0.25905 -0.0089100
0.26871 -0.00771
0.27825 -0.006290
0.28759 -0.00466
0.2966 -0.00284
0.30506 -0.00089
0.31275 0.00114
0.31951 0.00321
0.3253 0.00527
0.33019 0.00734
0.3343 0.009370
0.33851 0.01182
-Inserting Flap s1223rtl-
0.44166 0.09269
0.44134 0.09176
0.440870 0.09042
0.44023 0.08902
0.43935 0.08754
0.43821 0.0859
0.43678 0.084040
0.43504 0.08195
0.43301 0.07965
0.43075 0.07721
0.42833 0.07469
0.42580 0.07214
0.42321 0.0696
0.42057 0.06709
0.4179 0.06464
0.41519 0.06223
0.41244 0.05987
0.40964 0.05755
0.40676 0.055250
0.40382 0.05295
0.40078 0.05064
0.39767 0.04832
0.39451 0.04597
0.39132 0.04363
0.38815 0.041310
0.3850500 0.03906
0.38205 0.03692
0.3792 0.03495
0.37651 0.03319
0.37398 0.03166
0.37155 0.03033
0.36919 0.0292
0.36687 0.02825
0.364570 0.02748
0.3623 0.02687
0.36006 0.02642
0.35784 0.02613
0.35568 0.02599
0.35361 0.02598
0.35168 0.02609
0.34993 0.0263
0.34839 0.02656
0.34706 0.026860
0.34592 0.02718
0.34495 0.02753
0.34412 0.027880
0.3434 0.02824
0.34279 0.0286
0.34225 0.028960
0.341800 0.02931
0.3414 0.02967
0.34107 0.03003
0.3408 0.03039
0.34059 0.03076
0.34046 0.03117
0.34048 0.03161
0.34066 0.03203
0.34097 0.03242
0.34137 0.03279
0.34185 0.03317
0.34242 0.03358
0.3431 0.034030
0.34392 0.034540
0.34494 0.03514
0.34623 0.03586
0.34787 0.03674
0.3499600 0.03783
0.35249 0.03909
0.355350 0.040450
0.35847 0.04185
0.36181 0.04327
0.36534 0.04474
0.36899 0.04623
0.37269 0.04774
0.37638 0.04925
0.38002 0.05076
0.38359 0.05226
0.38709 0.05376
0.39052 0.05528
0.393870 0.05681
0.39715 0.05838
0.40036000 0.05998
0.4035 0.06162
0.406580 0.06331
0.40959 0.06506
0.41255000 0.06686
0.41545 0.06872
0.4183 0.07064
0.42109 0.07262
0.42382 0.07466
0.42647 0.07674
0.429030 0.07885
0.43146 0.08097
0.43369 0.08303
0.43568 0.08498
0.43738 0.086770
0.43878 0.08841
0.43991 0.08988
0.44081 0.09121
0.44166 0.09269
-Inserting Flap s1223rtl-
0.54603 0.18413
0.54584 0.18317
0.54556 0.181770
0.54514 0.18029
0.54449 0.1787
0.54359 0.17692
0.54245 0.17487
0.54103 0.17255
0.53935 0.16998
0.53747 0.16724
0.535440 0.164390
0.53331 0.1615
0.53111 0.15861
0.528860 0.15575
0.52658 0.15293
0.524250 0.15016
0.52187 0.147430
0.519430 0.14472
0.51692 0.142030
0.51434 0.13933
0.51167 0.13661
0.50893 0.13385
0.50614 0.13108
0.50333 0.12829
0.50053 0.12554
0.49778 0.12286
0.49512 0.12032
0.49259 0.11796
0.49019 0.11583
0.48790 0.11394
0.48569 0.112270
0.48351 0.11081
0.48136 0.10954
0.47920 0.10844
0.47704 0.10751
0.47488 0.10674
0.47274 0.10613
0.47062 0.10567
0.46857 0.105370
0.46664 0.1052
0.46488 0.10514
0.46332 0.10518
0.46196 0.10528
0.46079 0.10544
0.45978 0.10564
0.45890 0.10587
0.45814 0.10612
0.45748 0.1063900
0.4569 0.10667
0.4564 0.10695
0.45596 0.10725
0.45558 0.10755
0.45526 0.10787
0.455 0.10821
0.45481 0.1086
0.45476 0.10903
0.45488 0.10948
0.45513 0.1099
0.45547 0.11033
0.45589 0.11078
0.4564 0.11126
0.457 0.11181
0.45775 0.11243
0.45867 0.11317
0.45983 0.11407
0.46133 0.115190
0.46324 0.116560
0.46556 0.11818
0.4682 0.11994
0.47108 0.12177
0.47418 0.123670
0.47746 0.12563
0.48085 0.127630
0.48429 0.12966
0.48772 0.13169
0.491110 0.13371
0.49443 0.13571
0.49767 0.13771
0.50084 0.1397
0.50394 0.14171
0.50696 0.14373
0.5099 0.14578
0.512770 0.14786
0.51557 0.14998
0.5183 0.15215
0.52097 0.15436
0.52357 0.15662
0.52611 0.15893
0.52858 0.16129
0.53098 0.1637
0.53331 0.16615
0.53553 0.16861
0.53763 0.17106
0.53954 0.173420
0.54123 0.17564
0.54264 0.17766
0.54379 0.17948
0.5447 0.1811
0.545400 0.18255
0.54603 0.18413
*.*.Setup: s1223rtl.txt as Flap 1, Inverted: y, Scale = 1.0, AoA = 2.0, Reposition from (0,0) = (0, 0)*.*.
*.*.Setup: s1223rtl.txt as Flap 2, Inverted: y, Scale = 0.35, AoA = 31.666666666666668, Reposition from previous T.E. = (0.0067, 0.055), Reposition from (0,0) = (1.0061, 0.0899)*.*.
*.*.Setup: s1223rtl.txt as Flap 3, Inverted: y, Scale = 0.35, AoA = 40.0, Reposition from previous T.E. = (0.04, 0.045), Reposition from (0,0) = (1.3439, 0.3186)*.*.
*.*.Setup: Scale Ratio = 0.33871*.*.