0.36274 -0.01267
0.36035 -0.01446
0.35686 -0.01708
0.35286 -0.019570
0.34812 -0.02186
0.34243 -0.0241
0.33562 -0.0264
0.32763 -0.028780
0.31857 -0.03119
0.308680 -0.03358
0.29822 -0.0359
0.28745 -0.03811
0.276520 -0.04017
0.26555 -0.04208
0.25457 -0.0438
0.243590 -0.04534
0.232580 -0.046680
0.22149 -0.04784
0.21027 -0.04883
0.19885 -0.04968
0.18721 -0.05041
0.17534 -0.05107
0.1633 -0.05167
0.1512 -0.05224
0.13919 -0.05276
0.12746 -0.053220
0.11619 -0.0535700
0.10558 -0.053750
0.095760 -0.05368
0.08669 -0.0533
0.07824 -0.052550
0.0703 -0.05142
0.06278 -0.0499
0.05562 -0.04798
0.04881 -0.04568
0.04232 -0.04301
0.03618 -0.0400
0.030440 -0.03669
0.02516 -0.03319
0.02042 -0.02962
0.016290 -0.02614
0.01281 -0.02286
0.00993 -0.01984
0.00759 -0.017070
0.0057 -0.01455
0.00419 -0.0122300
0.00297 -0.01011
0.00201 -0.00815
0.00126 -0.00633
0.0007 -0.00465
0.0003 -0.00307
7e-05 -0.0016
-0.000029 -0.00022
9e-05 0.00109
0.00046 0.00236
0.00124 0.003440
0.00242 0.0042
0.00387 0.00466
0.005510 0.00494
0.00738 0.00509
0.009520 0.00516
0.01202 0.00515
0.01499 0.005060
0.0186 0.00486
0.0231 0.00451
0.02879 0.00398
0.03595 0.0032
0.0445400 0.002120
0.05415 0.00073
0.06447 -0.00101
0.0754 -0.00305
0.08687 -0.0053
0.0987 -0.00768
0.11069 -0.01011
0.12266 -0.01253
0.13449 -0.01488
0.14614 -0.017120
0.15762 -0.01923
0.168930 -0.02119
0.18008 -0.02296
0.19108 -0.02454
0.20198 -0.0259
0.2127700 -0.02705
0.22348 -0.02796
0.23413 -0.02864
0.24472 -0.02907
0.25527 -0.02926
0.26579 -0.0292
0.27626 -0.02889
0.28667 -0.02833
0.29697 -0.02752
0.30708 -0.02647
0.31685 -0.02521
0.32604 -0.02376
0.33442 -0.02216
0.34179 -0.02046
0.348130 -0.01868
0.35352 -0.01684
0.35806 -0.01497
0.36274 -0.01267
-Inserting Flap s1223rtl-
0.4682 0.06098
0.46774 0.06004
0.46707 0.058670
0.46621 0.05726
0.4651 0.05579
0.46368 0.05419
0.46192 0.05239
0.459810 0.05038
0.45737 0.04819
0.45466 0.04587
0.45177 0.04349
0.44876 0.04109
0.44568 0.03871
0.44256 0.03637
0.43941 0.034090
0.43623 0.03186
0.43301 0.0297
0.42974 0.02757
0.4264 0.02548
0.42297 0.0234
0.41946 0.02132
0.415860 0.01923
0.4122 0.01713
0.4085200 0.01503
0.40485 0.01296
0.40127 0.01095
0.39781 0.00905
0.39453 0.00731
0.39146 0.00577
0.38857 0.00445
0.38581 0.00334
0.38316 0.00243
0.38057 0.00171
0.37803 0.00117
0.37554 0.0008
0.37309 0.00061
0.3707 0.00057
0.36839 0.00069
0.36618 0.00094
0.36414 0.0013
0.3623 0.00173
0.36069 0.00220
0.35931 0.00269
0.35814 0.00318
0.35715 0.00367
0.35631 0.00415
0.3556 0.00462
0.35498 0.00507
0.35446 0.00552
0.35402 0.00596
0.35365 0.00639
0.35334 0.00681
0.35309 0.00723
0.35292 0.00765
0.35283 0.0081
0.3529 0.00857
0.35315 0.00899
0.35353 0.00936
0.354 0.00971
0.35456 0.010060
0.35521 0.01042
0.35599 0.01081
0.35693 0.01125
0.35809 0.01177
0.35955 0.01237
0.36141 0.01311
0.36377 0.01401
0.36661 0.01503
0.36984 0.01613
0.37333 0.01723
0.37706 0.01833
0.381 0.01945
0.38506 0.02058
0.38919 0.02173
0.3933 0.02288
0.39737 0.02403
0.40136 0.02518
0.40527 0.026340
0.40911 0.02753
0.41287 0.02875
0.41655 0.03001
0.42017 0.03131
0.42371 0.03267
0.4272 0.03409
0.43063 0.03557
0.434 0.03712
0.437320 0.03873
0.44059 0.040420
0.44381 0.04218
0.44696 0.044010
0.45005 0.0459
0.45303 0.04783
0.45588 0.04978
0.45851 0.05169
0.46087 0.05352
0.4629 0.05523
0.4646 0.05679
0.46598 0.05822
0.46711 0.05952
0.4682 0.06098
-Inserting Flap s1223rtl-
0.53625 0.17078
0.53614 0.16973
0.53598 0.16822
0.53566 0.1666
0.53511 0.16484
0.53433 0.16285
0.53329 0.16055
0.53199 0.15794
0.53045 0.15505
0.5287 0.15194
0.5268 0.14872
0.52479 0.14543
0.52271 0.14214
0.52058 0.13888
0.5184 0.13565
0.51617 0.13248
0.51389 0.12934
0.51154 0.126220
0.50911 0.12311
0.5066 0.11999
0.50401 0.11683
0.50135 0.11364
0.49863 0.11041
0.49588 0.10718
0.49315 0.10398
0.49047 0.1008700
0.48787 0.0979
0.48538 0.09514
0.48302 0.09264
0.480760 0.09041
0.47855 0.08843
0.47636 0.08667
0.47418 0.08511
0.47198 0.08373
0.46976 0.08253
0.46753 0.08151
0.4653 0.08066
0.46308 0.07998
0.46092 0.07946
0.45888 0.0791
0.457 0.07888
0.45533 0.078770
0.45387 0.07876
0.4526 0.07881
0.45151 0.07893
0.45055 0.0791
0.44972 0.0793
0.44898 0.07952
0.44834 0.079760
0.44778 0.08002
0.44728 0.08029
0.44685 0.08058
0.44647 0.08089
0.446160 0.08123
0.44593 0.08163
0.44584 0.08209
0.44592 0.08257
0.44615 0.083050
0.44647 0.08354
0.44688 0.08405
0.44737 0.08462
0.44797 0.08525
0.4487 0.08599
0.44962 0.08687
0.45078 0.08794
0.452270 0.08927
0.45418 0.09091
0.45651 0.09285
0.45916 0.09498
0.46207 0.09721
0.46520 0.099520
0.46851 0.10192
0.47195 0.104380
0.475430 0.10687
0.47891 0.10935
0.48233 0.11182
0.48569 0.11427
0.48897 0.1167
0.49217 0.11913
0.49528 0.12156
0.4983100 0.1240
0.50126 0.12646
0.50413 0.12895
0.50692 0.13148
0.50964 0.13404
0.51228 0.13665
0.51484 0.13931
0.51734 0.14201
0.51976 0.14477
0.5221 0.14757
0.52435 0.1504
0.5265 0.15323
0.5285 0.15603
0.53033 0.15873
0.53192 0.16126
0.53324 0.16355
0.53430 0.1656
0.53511 0.16742
0.535720 0.16903
0.53625 0.17078
*.*.Setup: s1223rtl.txt as Flap 1, Inverted: y, Scale = 1.0, AoA = -2.0, Reposition from (0,0) = (0, 0)*.*.
*.*.Setup: s1223rtl.txt as Flap 2, Inverted: y, Scale = 0.35, AoA = 25.0, Reposition from previous T.E. = (-0.0267, 0.055), Reposition from (0,0) = (0.9727, 0.0201)*.*.
*.*.Setup: s1223rtl.txt as Flap 3, Inverted: y, Scale = 0.35, AoA = 45.0, Reposition from previous T.E. = (-0.06, 0.055), Reposition from (0,0) = (1.2299, 0.223)*.*.
*.*.Setup: Scale Ratio = 0.36296*.*.