0.34024 -0.01188
0.33799 -0.01357
0.33472 -0.01602
0.33097 -0.018360
0.32652 -0.0205
0.32118 -0.0226
0.3148 -0.02476
0.3073 -0.026990
0.29881 -0.02926
0.289530 -0.0315
0.27972 -0.03367
0.26961 -0.03574
0.259360 -0.03768
0.24907 -0.03947
0.23877 -0.04109
0.228480 -0.04252
0.218150 -0.043780
0.20775 -0.04487
0.19722 -0.0458
0.18652 -0.0466
0.17559 -0.04729
0.16446 -0.0479
0.15317 -0.04846
0.14182 -0.049
0.13055 -0.04949
0.11955 -0.049920
0.10898 -0.0502500
0.09903 -0.050420
0.089820 -0.05035
0.08131 -0.04999
0.07339 -0.049290
0.06594 -0.04823
0.05889 -0.0468
0.05217 -0.04501
0.04578 -0.04285
0.03969 -0.04034
0.03394 -0.0375200
0.028550 -0.03442
0.0236 -0.03113
0.01915 -0.02778
0.015280 -0.02451
0.01202 -0.02144
0.00932 -0.0186
0.00712 -0.016010
0.00535 -0.01364
0.00393 -0.0114700
0.00279 -0.00948
0.00188 -0.00764
0.00118 -0.00594
0.00065 -0.00436
0.00028 -0.00288
6e-05 -0.0015
-0.000029 -0.0002
8e-05 0.00102
0.00043 0.00221
0.00117 0.003230
0.00227 0.00394
0.00363 0.00437
0.005170 0.00463
0.00692 0.00478
0.008930 0.00484
0.01127 0.00483
0.01406 0.004740
0.01745 0.00455
0.02166 0.00423
0.027 0.00373
0.03372 0.003
0.0417700 0.001990
0.05079 0.00068
0.06047 -0.00095
0.07072 -0.00286
0.08148 -0.00497
0.09258 -0.00721
0.10382 -0.00949
0.11505 -0.01175
0.12614 -0.01395
0.13707 -0.016060
0.14784 -0.01804
0.158450 -0.01987
0.1689 -0.02153
0.17923 -0.02301
0.18944 -0.02429
0.1995700 -0.02537
0.20962 -0.02623
0.2196 -0.02686
0.22954 -0.02727
0.23943 -0.02744
0.2493 -0.02739
0.25912 -0.02709
0.26888 -0.02657
0.27855 -0.02581
0.28803 -0.02483
0.29719 -0.02365
0.30581 -0.02228
0.31367 -0.02078
0.32058 -0.01919
0.326530 -0.01752
0.33158 -0.01579
0.33585 -0.01405
0.34024 -0.01188
-Inserting Flap s1223rtl-
0.45873 0.0668
0.45835 0.06589
0.4578 0.06457
0.45708 0.0632
0.45611 0.06177
0.45487 0.06019
0.45333 0.05841
0.45146 0.05641
0.44929 0.05423
0.446880 0.05191
0.4443 0.04952
0.44162 0.047110
0.43886 0.04471
0.436070 0.04235
0.43324 0.04004
0.43039 0.03779
0.42749 0.03558
0.42454 0.033410
0.42153 0.03127
0.41843 0.02914
0.41526 0.027
0.412 0.02485
0.40869 0.02268
0.40535 0.02051
0.40204 0.01837
0.398790 0.0163
0.395660 0.01433
0.39268 0.012520
0.38989 0.01091
0.38725 0.00952
0.38474 0.00833
0.3823 0.00733
0.37991 0.00652
0.37757 0.00587
0.37526 0.00539
0.37297 0.00508
0.37074 0.00491
0.36856 0.0049
0.36648 0.00501
0.36455 0.00524
0.36280 0.00554
0.36127 0.0059
0.35996 0.00627
0.35883 0.00667
0.35788 0.00707
0.35707 0.00748
0.35637 0.00788
0.35577 0.00827
0.35526 0.00866
0.35482 0.00905
0.35445 0.009430
0.35414 0.00981
0.35389 0.01018
0.3537 0.01057
0.35359 0.01099
0.353630 0.011430
0.35384 0.01184
0.35418 0.01221
0.3546 0.01256
0.3551 0.01292
0.3557 0.01329
0.3564 0.0137
0.35726 0.01417
0.35832 0.01471
0.35965 0.01536
0.36135 0.01615
0.36351 0.017110
0.36612 0.01823
0.36908 0.01943
0.37229 0.02065
0.37572 0.02189
0.37935 0.02315
0.38309 0.02443
0.38689 0.02573
0.39068 0.02703
0.39442 0.02833
0.3981 0.02963
0.4017 0.03093
0.40523 0.03225
0.40868 0.0336
0.41206 0.03498
0.41538 0.03639
0.41862 0.03786
0.42181 0.03938
0.42494 0.04095
0.42801 0.04258
0.43103 0.04428
0.4340 0.04604
0.43692 0.04786
0.43978 0.04975
0.44256 0.05169
0.44525 0.05366
0.44781 0.05564
0.45017 0.05757
0.45228 0.05941
0.45409 0.06112
0.45559 0.06267
0.45681 0.06409
0.45779 0.06537
0.45873 0.0668
-Inserting Flap s1223rtl-
0.53958 0.16637
0.53948 0.1654
0.53933 0.16397
0.53903 0.16246
0.53852 0.16080
0.53778 0.15894
0.53681 0.15679
0.53559 0.15434
0.53414 0.15162
0.5325 0.14871
0.53072 0.145680
0.52883 0.1426
0.52688 0.13951
0.524880 0.13645
0.52284 0.13343
0.520750 0.13045
0.51861 0.12751
0.5164 0.12459
0.51413 0.12167
0.51178 0.11874
0.50935 0.11578
0.50685 0.11278
0.5043 0.10976
0.50172 0.10672
0.499160 0.10372
0.49664 0.1008
0.4942 0.09802
0.49187 0.09543
0.48966 0.09309
0.48753 0.091
0.48546 0.08914
0.48341 0.08749
0.48136 0.08602
0.4793 0.08473
0.47722 0.08361
0.47513 0.08265
0.47303 0.08185
0.47095 0.08121
0.46893 0.08073
0.46701 0.08039
0.46525 0.08018
0.46368 0.08008
0.46232 0.08006
0.46113 0.08012
0.4601 0.08023
0.45920 0.08038
0.45842 0.08057
0.45773 0.080780
0.45713 0.081
0.4566 0.08125
0.45613 0.0815
0.45573 0.08178
0.45538 0.08207
0.455090 0.08238
0.45487 0.08276
0.45478 0.08319
0.45486 0.08364
0.45507 0.08409
0.45538 0.08455
0.45576 0.08503
0.45622 0.08556
0.45678 0.08616
0.45747 0.08685
0.45833 0.08767
0.45942 0.08867
0.46082 0.08992
0.46261 0.09147
0.46479 0.09329
0.46728 0.09528
0.47 0.09737
0.47294 0.09954
0.47605 0.10179
0.47927 0.1041
0.48254 0.10643
0.4858 0.10876
0.48901 0.11108
0.49216 0.11337
0.49524 0.11566
0.49824 0.11793
0.50116 0.12021
0.504 0.1225
0.50677 0.12481
0.50946 0.12715
0.512080 0.12951
0.51462 0.13192
0.5171 0.13437
0.51951 0.13686
0.52185 0.13939
0.52412 0.14198
0.52631 0.1446
0.52842 0.14726
0.53044 0.14992
0.53232 0.15255
0.53403 0.15508
0.53552 0.157450
0.53676 0.159600
0.537760 0.16152
0.53852 0.16322
0.53909 0.16473
0.53958 0.16637
*.*.Setup: s1223rtl.txt as Flap 1, Inverted: y, Scale = 1.0, AoA = -2.0, Reposition from (0,0) = (0, 0)*.*.
*.*.Setup: s1223rtl.txt as Flap 2, Inverted: y, Scale = 0.35, AoA = 28.333333333333332, Reposition from previous T.E. = (0.04, 0.065), Reposition from (0,0) = (1.0394, 0.0301)*.*.
*.*.Setup: s1223rtl.txt as Flap 3, Inverted: y, Scale = 0.35, AoA = 45.0, Reposition from previous T.E. = (-0.01, 0.045), Reposition from (0,0) = (1.3375, 0.2412)*.*.
*.*.Setup: Scale Ratio = 0.34044*.*.