0.34307 0.01198
0.34093 0.01013
0.33781 0.00743
0.3342 0.00481
0.32988 0.00234
0.32466 -0.00015
0.31838 -0.00277
0.31101 -0.005540
0.30262 -0.00841
0.29344 -0.01132
0.28373 -0.014190
0.27371 -0.01699
0.26353 -0.01966
0.25331 -0.02218
0.24306 -0.02453
0.23281 -0.0267
0.2225100 -0.0287
0.21213 -0.03052
0.2016 -0.0322
0.19089 -0.03375
0.17995 -0.03521
0.1688 -0.03661
0.15748 -0.03797
0.1461 -0.03931
0.1348 -0.0406
0.12376 -0.04181
0.11315 -0.04288
0.1031500 -0.04375
0.09388 -0.04433
0.0853 -0.04457
0.07729 -0.04442
0.06972 -0.04387
0.06252 -0.04293
0.0556400 -0.0416
0.04906 -0.03988
0.04276 -0.03779
0.03678 -0.03535
0.03114 -0.03261
0.02592 -0.02965
0.02122 -0.0266
0.0171 -0.02358
0.0135900 -0.02072
0.01068 -0.01806
0.00829 -0.01561
0.00634 -0.01335
0.00476 -0.01126
0.00347 -0.00934
0.00243 -0.00755
0.00161 -0.00589
0.00096 -0.00434
0.00049 -0.00288
0.00017 -0.0015
0.000013 -0.00021
0.000035 0.00104
0.00028 0.00225
0.00095 0.00333
0.00201 0.00412
0.003340 0.00465
0.00488 0.00502
0.006630 0.00529
0.00865 0.0055
0.011 0.00565
0.01381 0.00576
0.01723 0.00581
0.021490 0.00578
0.0269 0.00565
0.03371 0.00539
0.04188 0.00494
0.05104 0.00426
0.06089 0.0033
0.07134 0.0021
0.08231 0.00073
0.09363 -0.00074
0.1051 -0.00224
0.11655 -0.00373
0.12786 -0.005160
0.13901 -0.00651
0.14998 -0.00775
0.16077 -0.008840
0.171410 -0.00978
0.1819 -0.01054
0.19226 -0.01111
0.20252 -0.01148
0.21269 -0.01164
0.22278 -0.01157
0.2328 -0.01128
0.24277 -0.01076
0.25269 -0.01001
0.26254 -0.0090300
0.27233 -0.00781
0.282 -0.006370
0.29147 -0.00472
0.30059 -0.00288
0.30917 -0.0009
0.31697 0.00116
0.32381 0.00325
0.32968 0.00535
0.33464 0.00744
0.33881 0.00950
0.34307 0.01198
-Inserting Flap s1223rtl-
0.43967 0.091310
0.43928 0.09040
0.43872 0.08907
0.438 0.08769
0.43702 0.08624
0.43577 0.08465
0.43421 0.082860
0.43233 0.08084
0.43014 0.07864
0.42772 0.0763
0.42512 0.07389
0.42241 0.07146
0.419630 0.06904
0.41681 0.06666
0.41397 0.06434
0.41109 0.06206
0.40817 0.05984
0.40519 0.05765
0.40215 0.05549
0.39903 0.05334
0.39583 0.05119
0.39254 0.04902
0.38921 0.04683
0.38584 0.04465
0.3825 0.042490
0.37922 0.04039
0.37606 0.03841
0.37306 0.03659
0.37024 0.03496
0.36759 0.03356
0.36505 0.03236
0.36259 0.03136
0.36019 0.03053
0.35783 0.02988
0.35549 0.0294
0.35319 0.029080
0.35094 0.02891
0.348740 0.0289
0.34665 0.02902
0.3447 0.029240
0.34294 0.02955
0.34139 0.0299
0.34007 0.03029
0.33894 0.03068
0.33797 0.031090
0.33715 0.0315
0.33645 0.0319
0.33585 0.0323
0.33533 0.03269
0.33489 0.03308
0.33451 0.03347
0.3342 0.03385
0.33395 0.03423
0.33376 0.03462
0.333650 0.03504
0.33369 0.03548
0.3339 0.0359
0.33424 0.03627
0.33466 0.03663
0.33517 0.03698
0.33577 0.03736
0.336490 0.03777
0.33735 0.03824
0.33841 0.03879
0.33976 0.03944
0.34147 0.04024
0.34365 0.04122
0.34628 0.04234
0.34926 0.04355
0.3525 0.04478
0.35596 0.04603
0.35962 0.0473
0.3634 0.0486
0.36723 0.04991
0.371050 0.05122
0.37482 0.05253
0.37853 0.05383
0.38216 0.05515
0.38572 0.05648
0.3892 0.05784
0.39261 0.05923
0.39595 0.06066
0.39922 0.06214
0.40244 0.06366
0.40559 0.06525
0.40869 0.0669
0.41174 0.06861
0.41473 0.07038
0.41767 0.07222
0.42055 0.074120
0.423360 0.076080
0.42607 0.07807
0.42865 0.080060
0.43103 0.08201
0.43316 0.08387
0.43498 0.08559
0.4365 0.08716
0.43773 0.08858
0.43871 0.08987
0.43967 0.091310
-Inserting Flap s1223rtl-
0.545430 0.18399
0.54524 0.18302
0.54497 0.1816
0.54453 0.1801
0.54387 0.17849
0.54297 0.17668
0.5418 0.1746
0.54037 0.17225
0.53867 0.16965
0.53677 0.16687
0.53471 0.16399
0.53255 0.16106
0.53032 0.158130
0.52804 0.15523
0.52572 0.15237
0.52336 0.14956
0.52095 0.14679
0.51848 0.14405
0.51594 0.14132
0.51332 0.13859
0.51062 0.13583
0.50784 0.133040
0.50501 0.13022
0.50216 0.1274
0.49932 0.12461
0.49654 0.1219
0.49384 0.11932
0.49127 0.11692
0.48884 0.11477
0.48653 0.112850
0.48428 0.11117
0.48208 0.10968
0.479890 0.10839
0.47771 0.10728
0.47552 0.10633
0.47333 0.10555
0.47116 0.10494
0.46901 0.10448
0.46694 0.10417
0.46498 0.104
0.46319 0.10394
0.46161 0.10398
0.46023 0.10408
0.45905 0.10424
0.45802 0.10445
0.45714 0.10468
0.45637 0.10493
0.45570 0.1052
0.45511 0.10548
0.4546 0.10577
0.45415 0.10607
0.45377 0.10638
0.45344 0.10671
0.45318 0.10705
0.45299 0.10744
0.45294 0.10788
0.45306 0.10833
0.45332 0.10877
0.45366 0.1092
0.45408 0.10965
0.4546 0.11014
0.45521 0.11069
0.45596 0.11133
0.45690 0.112080
0.45808 0.11299
0.4596 0.11412
0.46153 0.11551
0.46388 0.11715
0.46656 0.11894
0.46948 0.12079
0.47262 0.12271
0.475940 0.1247
0.479380 0.12673
0.48287 0.12879
0.48634 0.13085
0.48977 0.13289
0.49314 0.13492
0.49643 0.136940
0.49964 0.13897
0.50278 0.141
0.50584 0.14305
0.50882 0.145130
0.51173 0.14724
0.51456 0.14938
0.51733 0.15157
0.52004 0.15381
0.52267 0.15611
0.52525 0.15845
0.52775 0.16085
0.53019 0.163290
0.53255 0.16577
0.5348 0.16827
0.53692 0.17074
0.53886 0.17313
0.54057 0.17538
0.54201 0.17743
0.54317 0.17928
0.54409 0.18092
0.54479 0.18239
0.545430 0.18399
*.*.Setup: s1223rtl.txt as Flap 1, Inverted: y, Scale = 1.0, AoA = 2.0, Reposition from (0,0) = (0, 0)*.*.
*.*.Setup: s1223rtl.txt as Flap 2, Inverted: y, Scale = 0.35, AoA = 28.333333333333332, Reposition from previous T.E. = (-0.0267, 0.065), Reposition from (0,0) = (0.9727, 0.0999)*.*.
*.*.Setup: s1223rtl.txt as Flap 3, Inverted: y, Scale = 0.35, AoA = 40.0, Reposition from previous T.E. = (0.04, 0.045), Reposition from (0,0) = (1.3208, 0.311)*.*.
*.*.Setup: Scale Ratio = 0.34328*.*.