0.34845 -0.01217
0.34615 -0.01389
0.3428 -0.01641
0.33896 -0.01880
0.3344 -0.021
0.32894 -0.02315
0.3224 -0.02536
0.31473 -0.027650
0.30602 -0.02996
0.296520 -0.03226
0.28648 -0.03448
0.27612 -0.03661
0.265630 -0.03859
0.25508 -0.04042
0.24454 -0.04208
0.2340 -0.04355
0.223420 -0.044840
0.21277 -0.04596
0.20199 -0.04691
0.19102 -0.04772
0.17983 -0.04843
0.16843 -0.04906
0.15687 -0.04963
0.14524 -0.05018
0.13371 -0.05069
0.12243 -0.051130
0.11161 -0.0514600
0.10142 -0.051630
0.091980 -0.05157
0.08327 -0.0512
0.07516 -0.050480
0.06753 -0.04939
0.06031 -0.04793
0.05343 -0.04609
0.04688 -0.04388
0.04065 -0.04132
0.03476 -0.0384200
0.029240 -0.03525
0.02417 -0.03188
0.01961 -0.02845
0.015650 -0.02511
0.01231 -0.02196
0.00954 -0.01905
0.00729 -0.01640
0.00548 -0.01397
0.00402 -0.0117500
0.00285 -0.00971
0.00193 -0.00782
0.00121 -0.00608
0.00067 -0.00446
0.00029 -0.00295
6e-05 -0.00154
-0.000029 -0.00021
9e-05 0.00105
0.00044 0.00226
0.00119 0.003310
0.00233 0.00403
0.00371 0.00448
0.00530 0.00474
0.00709 0.00489
0.009150 0.00496
0.01155 0.00495
0.0144 0.004860
0.01787 0.00466
0.02219 0.00434
0.02766 0.00382
0.03453 0.00307
0.0427800 0.002040
0.05202 0.0007
0.06193 -0.00097
0.07243 -0.00293
0.08345 -0.0051
0.09481 -0.00738
0.10633 -0.00972
0.11782 -0.01204
0.12919 -0.01429
0.14038 -0.016450
0.15141 -0.01847
0.162270 -0.02035
0.17298 -0.02205
0.18356 -0.02357
0.19402 -0.02488
0.2043900 -0.02598
0.21468 -0.02686
0.2249 -0.02751
0.23508 -0.02793
0.24522 -0.02811
0.25532 -0.02805
0.26538 -0.02775
0.27538 -0.02721
0.28527 -0.02644
0.29499 -0.02543
0.30436 -0.02422
0.3132 -0.02282
0.32124 -0.02129
0.32833 -0.01965
0.334420 -0.01794
0.33959 -0.01618
0.34396 -0.01438
0.34845 -0.01217
-Inserting Flap s1223rtl-
0.43813 0.05509
0.43769 0.05419
0.437040 0.052870
0.436220 0.05152
0.43515 0.05011
0.43379 0.04857
0.4321 0.04684
0.43007 0.04491
0.42773 0.0428
0.42513 0.04058
0.42235 0.03829
0.41946 0.03598
0.41650 0.03369
0.4135 0.03145
0.41048 0.029260
0.40742 0.02712
0.40433 0.02504
0.40119 0.023
0.39797 0.02099
0.39468 0.01899
0.39131 0.01699
0.38785 0.01499
0.38434 0.01297
0.3808 0.01095
0.37728 0.00896
0.3738400 0.00703
0.37051 0.00521
0.36736 0.00353
0.36441 0.00206
0.36164 0.00079
0.35899 -0.00028
0.35644 -0.00115
0.35395 -0.00184
0.35152 -0.00236
0.34912 -0.00271
0.34677 -0.0029
0.34448 -0.00294
0.34225 -0.00282
0.34013 -0.00258
0.3381700 -0.00224
0.3364 -0.00182
0.33486 -0.001370
0.33353 -0.0009
0.33241 -0.00043
0.331460 0.000099
0.33065 0.0005
0.32996 0.00095
0.32938 0.00139
0.32888 0.00182
0.32845 0.00224
0.32809 0.00265
0.3278 0.00305
0.32756 0.00345
0.32739 0.00386
0.32731 0.0043
0.32738 0.00474
0.32762 0.00515
0.32798 0.00551
0.32843 0.00584
0.32897 0.006170
0.3296 0.00652
0.33035 0.0069
0.33125 0.00732
0.33236 0.00781
0.33376 0.0084
0.33555 0.00911
0.33781 0.00997
0.34055 0.01096
0.3436400 0.012
0.347 0.01306
0.35058 0.01412
0.35436 0.01519
0.35827 0.01629
0.36223 0.01739
0.366190 0.01849
0.37009 0.01959
0.37392 0.0207
0.37768 0.021820
0.38137 0.02296
0.384980 0.02413
0.38852 0.02534
0.39199 0.02659
0.3954 0.0279
0.39875 0.02926
0.40204 0.03068
0.40528 0.03217
0.40847 0.03372
0.41161 0.035340
0.4147 0.03704
0.41773 0.038790
0.42069 0.04061
0.42356 0.04246
0.4263 0.04433
0.42883 0.04617
0.43109 0.04793
0.43304 0.04956
0.43467 0.05106
0.436 0.05244
0.43708 0.05369
0.43813 0.05509
-Inserting Flap s1223rtl-
0.53837 0.15707
0.53826 0.15607
0.5381 0.15462
0.5378 0.15306
0.53727 0.15137
0.53652 0.14946
0.53552 0.14726
0.534280 0.14475
0.53279 0.14197
0.531110 0.13899
0.529290 0.13588
0.527360 0.13273
0.52536 0.12957
0.52331 0.12643
0.52122 0.12334
0.51908 0.12029
0.51688 0.11727
0.51463 0.114280
0.5123 0.11129
0.50989 0.10829
0.5074 0.10526
0.50484 0.10219
0.50223 0.09909
0.49959 0.09599
0.49697 0.09291
0.49439 0.0899200
0.49189 0.08707
0.4895 0.08442
0.48723 0.08202
0.48506 0.07988
0.48294 0.07797
0.48084 0.07628
0.47874 0.07478
0.476630 0.07346
0.4745 0.07231
0.47236 0.07133
0.47021 0.07051
0.46808 0.06986
0.46601 0.06936
0.46404 0.06901
0.46224 0.0688
0.46063 0.068690
0.459230 0.06868
0.45802 0.06874
0.45696 0.06885
0.45604 0.06901
0.45524 0.0692
0.45454 0.06941
0.45392 0.069640
0.45338 0.06989
0.4529 0.07015
0.452490 0.07043
0.45213 0.07073
0.45183 0.07106
0.4516 0.07144
0.451520 0.07188
0.4516 0.07234
0.45182 0.07280
0.45213 0.07327
0.452520 0.07377
0.45299 0.07431
0.45357 0.07492
0.454270 0.07563
0.45515 0.07647
0.45626 0.0775
0.4577 0.07878
0.45953 0.08036
0.46177 0.08222
0.4643200 0.08427
0.46711 0.08641
0.47012 0.088630
0.47330 0.09093
0.4766 0.093290
0.47994 0.09568
0.48328 0.09807
0.48657 0.10044
0.4898 0.10279
0.492950 0.10513
0.49602 0.10746
0.49901 0.1098
0.50192 0.112140
0.50476 0.11451
0.50751 0.1169
0.5102 0.11932
0.5128 0.12179
0.51534 0.12429
0.5178 0.12684
0.5202 0.12944
0.52252 0.13209
0.52477 0.13478
0.52694 0.1375
0.5290 0.14022
0.53093 0.14291
0.53268 0.14551
0.53421 0.14793
0.53548 0.15014
0.53649 0.1521
0.53728 0.15385
0.53786 0.1554
0.53837 0.15707
*.*.Setup: s1223rtl.txt as Flap 1, Inverted: y, Scale = 1.0, AoA = -2.0, Reposition from (0,0) = (0, 0)*.*.
*.*.Setup: s1223rtl.txt as Flap 2, Inverted: y, Scale = 0.35, AoA = 25.0, Reposition from previous T.E. = (-0.06, 0.045), Reposition from (0,0) = (0.9394, 0.0101)*.*.
*.*.Setup: s1223rtl.txt as Flap 3, Inverted: y, Scale = 0.35, AoA = 45.0, Reposition from previous T.E. = (0.04, 0.045), Reposition from (0,0) = (1.2966, 0.203)*.*.
*.*.Setup: Scale Ratio = 0.34866*.*.