0.33699 -0.01177
0.33477 -0.01344
0.33153 -0.01587
0.32781 -0.018180
0.32341 -0.02031
0.31812 -0.02239
0.3118 -0.02453
0.30438 -0.026740
0.29596 -0.02898
0.286770 -0.0312
0.27706 -0.03335
0.26704 -0.0354
0.256890 -0.03732
0.2467 -0.03909
0.2365 -0.04069
0.22630 -0.04212
0.216070 -0.043370
0.20577 -0.04444
0.19534 -0.04537
0.18474 -0.04615
0.17392 -0.04684
0.16289 -0.04744
0.15171 -0.048
0.14047 -0.04853
0.12931 -0.04902
0.11841 -0.049450
0.10794 -0.0497700
0.09808 -0.049940
0.088960 -0.04987
0.08054 -0.04952
0.07269 -0.048820
0.06531 -0.04777
0.05833 -0.04636
0.05168 -0.04458
0.04534 -0.04244
0.03932 -0.03996
0.03362 -0.0371600
0.028280 -0.03409
0.02337 -0.03083
0.01897 -0.02752
0.015140 -0.02428
0.0119 -0.02123
0.00923 -0.01843
0.00705 -0.015860
0.0053 -0.01351
0.00389 -0.0113600
0.00276 -0.00939
0.00187 -0.00757
0.00117 -0.00588
0.00065 -0.00432
0.00028 -0.00285
6e-05 -0.00149
-0.000029 -0.0002
8e-05 0.00101
0.00043 0.00219
0.00116 0.00320
0.00225 0.0039
0.00359 0.00433
0.005120 0.00459
0.00686 0.00473
0.008850 0.0048
0.01117 0.00479
0.01392 0.00470
0.01728 0.00451
0.02146 0.00419
0.02675 0.0037
0.0334 0.00297
0.0413700 0.001970
0.05031 0.00067
0.05989 -0.00094
0.07005 -0.00283
0.08071 -0.00493
0.09169 -0.00714
0.10283 -0.0094
0.11395 -0.01164
0.12494 -0.01382
0.13577 -0.015910
0.14643 -0.01787
0.156940 -0.01968
0.16729 -0.02133
0.17752 -0.02279
0.18764 -0.02406
0.1976700 -0.02513
0.20762 -0.02598
0.21751 -0.0266
0.22735 -0.02701
0.23715 -0.02718
0.24692 -0.02713
0.25665 -0.02684
0.26632 -0.02632
0.27589 -0.02557
0.28529 -0.0246
0.29436 -0.02342
0.3029 -0.02207
0.31068 -0.02059
0.31753 -0.019
0.323420 -0.01735
0.32842 -0.01564
0.33265 -0.01391
0.33699 -0.01177
-Inserting Flap s1223rtl-
0.44312 0.06279
0.442750 0.06189
0.4422 0.06059
0.44148 0.05923
0.44053 0.05781
0.4393 0.05625
0.43777 0.05448
0.43592 0.0525
0.43377 0.05034
0.43139 0.04804
0.42883 0.04568
0.42617 0.043290
0.42344 0.04091
0.42068 0.03857
0.41788 0.03629
0.41505 0.03406
0.41218 0.03187
0.4092600 0.029720
0.40627 0.0276
0.40321 0.02549
0.40006 0.02337
0.39684 0.02124
0.39356 0.01909
0.39025 0.01695
0.38697 0.01483
0.38375 0.01277
0.38065 0.01082
0.3777 0.009030
0.37493 0.00744
0.37232 0.00606
0.369830 0.00488
0.36742 0.00389
0.36506 0.00308
0.36273 0.00245
0.36044 0.00197
0.35818 0.00166
0.35597 0.00149
0.35381 0.00148
0.35175 0.00159
0.34984 0.00182
0.34811 0.00212
0.346590 0.00247
0.34529 0.00284
0.34418 0.00323
0.34323 0.00363
0.34243 0.00403
0.34174 0.00443
0.34114 0.00482
0.34064 0.00521
0.340200 0.00559
0.33983 0.005970
0.33952 0.00634
0.33928 0.00671
0.3390900 0.0071
0.33898 0.00751
0.33903 0.007950
0.339230 0.00835
0.33956 0.00872
0.33998 0.00907
0.340480 0.00942
0.34107 0.00979
0.34177 0.0102
0.342620 0.01066
0.34366 0.01119
0.34498 0.01184
0.34667 0.01262
0.34881 0.013580
0.35139 0.01469
0.35432 0.01587
0.3575 0.01708
0.3609 0.0183
0.36449 0.01956
0.3682 0.02083
0.37197 0.02212
0.37572 0.0234
0.37943 0.02469
0.38307 0.02597
0.38664 0.02726
0.39013 0.02857
0.39355 0.02991
0.3969 0.03127
0.40018 0.03268
0.4034 0.03413
0.40655 0.03563
0.40965 0.03719
0.4127 0.03881
0.41569 0.04049
0.41863 0.04223
0.421520 0.04404
0.42435 0.0459
0.4271 0.04782
0.42977 0.04978
0.4323 0.05173
0.43464 0.05365
0.43673 0.05548
0.43852 0.05716
0.44001 0.0587
0.44122 0.0601
0.44219 0.06137
0.44312 0.06279
-Inserting Flap s1223rtl-
0.54006 0.16479
0.53996 0.16382
0.53981 0.16241
0.53951 0.16091
0.53901 0.159270
0.538280 0.15742
0.53732 0.15529
0.53611 0.15287
0.53467 0.15018
0.533050 0.14729
0.531280 0.144290
0.529420 0.14124
0.52749 0.13818
0.5255 0.13515
0.52348 0.13216
0.52141 0.12921
0.51929 0.12629
0.51711 0.1234
0.51485 0.12051
0.51252 0.11761
0.51012 0.11468
0.50764 0.11171
0.505110 0.10871
0.50256 0.10571
0.50003 0.10274
0.49753 0.09984
0.49512 0.09709
0.49281 0.09452
0.49061 0.0922
0.48851 0.09013
0.48646 0.08829
0.48443 0.08665
0.4824 0.0852
0.48036 0.08392
0.4783 0.08281
0.47622 0.08186
0.47415 0.08107
0.47209 0.08044
0.47008 0.07996
0.46818 0.07962
0.46644 0.07941
0.46489 0.07931
0.463530 0.0793
0.46236 0.07936
0.46134 0.07947
0.46045 0.07962
0.45967 0.0798
0.45899 0.080010
0.4584 0.08023
0.45787 0.08047
0.45741 0.08073
0.4570100 0.081
0.45666 0.08129
0.45637 0.0816
0.45615 0.08197
0.45607 0.0824
0.45615 0.08284
0.45636 0.08329
0.45666 0.08374
0.457040 0.08422
0.4575 0.08475
0.4580500 0.08534
0.45873 0.08602
0.45958 0.08684
0.46066 0.08783
0.46205 0.08907
0.46382 0.09059
0.46598 0.0924
0.46845 0.09437
0.47115 0.09644
0.47406 0.09859
0.47714 0.10082
0.48033 0.1031
0.48356 0.10542
0.48679 0.10773
0.48997 0.11002
0.49309 0.11229
0.49614 0.11455
0.49911 0.11681
0.502 0.11907
0.50482 0.12134
0.50756 0.12362
0.51023 0.12594
0.51282 0.12828
0.51534 0.13066
0.51779 0.13309
0.520180 0.13555
0.5225 0.13807
0.524740 0.14063
0.52692 0.14323
0.52901 0.14586
0.531 0.14849
0.53287 0.15109
0.53456 0.1536
0.536040 0.155950
0.53727 0.1580800
0.53825 0.15998
0.53901 0.16167
0.53958 0.16316
0.54006 0.16479
*.*.Setup: s1223rtl.txt as Flap 1, Inverted: y, Scale = 1.0, AoA = -2.0, Reposition from (0,0) = (0, 0)*.*.
*.*.Setup: s1223rtl.txt as Flap 2, Inverted: y, Scale = 0.35, AoA = 28.333333333333332, Reposition from previous T.E. = (0.0067, 0.055), Reposition from (0,0) = (1.0061, 0.0201)*.*.
*.*.Setup: s1223rtl.txt as Flap 3, Inverted: y, Scale = 0.35, AoA = 45.0, Reposition from previous T.E. = (0.04, 0.055), Reposition from (0,0) = (1.3541, 0.2412)*.*.
*.*.Setup: Scale Ratio = 0.3372*.*.