0.3590400000 -0.01764
0.35828 -0.01841
0.35677 -0.01989
0.35451 -0.02207
0.35165 -0.02479
0.34833 -0.02786
0.34471 -0.03108
0.34094 -0.03426
0.33714 -0.03723
0.333340 -0.03998
0.32955 -0.04256
0.32575 -0.04499
0.32195 -0.04729
0.31815 -0.0495
0.31435 -0.05163
0.31056 -0.05368
0.30676 -0.05565
0.30296 -0.05755
0.29916 -0.05938
0.29536 -0.06115
0.29157 -0.06286
0.28777 -0.0645
0.28397 -0.06609
0.28017 -0.06763
0.27637 -0.069110
0.27258 -0.07054
0.268780 -0.0719
0.26498 -0.0732
0.26118 -0.07443
0.25738 -0.07561
0.25358 -0.07674
0.24979 -0.07783
0.245990 -0.07889
0.24219 -0.07992
0.23839 -0.080930
0.23459 -0.08189
0.2308 -0.08282
0.227 -0.08371
0.22320 -0.08454
0.2194 -0.085320
0.2156 -0.08606
0.21181 -0.08675
0.20801 -0.0874
0.20421 -0.088
0.20041 -0.08857
0.19661 -0.08909
0.19282 -0.08958
0.18902 -0.09003
0.18522 -0.09044
0.18142 -0.09082
0.17762 -0.09116
0.17383 -0.09146
0.17003 -0.09172
0.16623 -0.09193
0.16243 -0.09209
0.15863 -0.09221
0.15483 -0.09228
0.15104 -0.09231
0.14724 -0.09229
0.14344 -0.09222
0.13964 -0.09211
0.135840 -0.09195
0.13205 -0.09173
0.12825 -0.09147
0.12445 -0.09116
0.12065 -0.09081
0.11685 -0.09042
0.113060 -0.08999
0.10926 -0.08952
0.10546 -0.08901
0.10166 -0.08845
0.09786 -0.087820
0.09407 -0.087110
0.090270 -0.08632
0.08647 -0.08544
0.08267 -0.08447
0.07887 -0.08341
0.07508 -0.08227
0.07128 -0.08104
0.06748 -0.07971
0.06368 -0.07827
0.05988 -0.07669
0.05608 -0.0749700
0.05229 -0.07309
0.04849 -0.0710500
0.04469 -0.068870
0.04089 -0.06653
0.03709 -0.06406
0.0333 -0.06143
0.0295 -0.05858
0.02570 -0.05545
0.0219 -0.051950
0.0181 -0.04801
0.01433 -0.04359
0.01071 -0.03883
0.00739 -0.03389
0.00453 -0.02895
0.00228 -0.02417
0.00076 -0.01971
0.000000 -0.01221
0.00076 -0.00937
0.00228 -0.00727
0.00453 -0.00597
0.00739 -0.00537
0.01071 -0.00534
0.01433 -0.00573
0.0181 -0.00642
0.0219 -0.00728
0.02570 -0.00827
0.0295 -0.00941
0.0333 -0.01067
0.03709 -0.01205
0.04089 -0.01354
0.04469 -0.01512
0.04849 -0.01679
0.05229 -0.01853
0.05608 -0.02033
0.05988 -0.02216
0.06368 -0.02403
0.06748 -0.02591
0.07128 -0.0278
0.07508 -0.02969
0.07887 -0.03156
0.08267 -0.03342
0.08647 -0.03525
0.090270 -0.03706
0.09407 -0.03883
0.09786 -0.04057
0.10166 -0.04228
0.10546 -0.04395
0.10926 -0.04558
0.113060 -0.04716
0.11685 -0.04871
0.12065 -0.050210
0.12445 -0.05167
0.12825 -0.05308
0.13205 -0.054440
0.135840 -0.0557600
0.13964 -0.05703
0.14344 -0.05825
0.14724 -0.05942
0.15104 -0.06053
0.15483 -0.0616
0.15863 -0.0626
0.16243 -0.06356
0.16623 -0.06445
0.17003 -0.06529
0.17383 -0.06606
0.17762 -0.06678
0.18142 -0.067450
0.18522 -0.068060
0.18902 -0.06864
0.19282 -0.06917
0.19661 -0.069650
0.20041 -0.07008
0.20421 -0.07045
0.20801 -0.07076
0.21181 -0.07099
0.2156 -0.07115
0.2194 -0.07124
0.22320 -0.07126
0.227 -0.07121
0.2308 -0.0711
0.23459 -0.07092
0.23839 -0.070660
0.24219 -0.07034
0.245990 -0.06993
0.24979 -0.06945
0.25358 -0.0689
0.25738 -0.06826
0.26118 -0.06754
0.26498 -0.06673
0.268780 -0.06584
0.27258 -0.06486
0.27637 -0.06379
0.28017 -0.06262
0.28397 -0.06136
0.28777 -0.05999
0.29157 -0.05852
0.29536 -0.05696
0.29916 -0.05532
0.30296 -0.05359
0.30676 -0.05178
0.31056 -0.04990
0.31435 -0.04794
0.31815 -0.04592
0.32195 -0.04382
0.32575 -0.04164
0.32955 -0.03938
0.333340 -0.03701
0.33714 -0.03451
0.34094 -0.031860
0.34471 -0.02907
0.34833 -0.02628
0.35165 -0.02363
0.35451 -0.0213
0.35677 -0.019440
0.35828 -0.01818
0.3590400000 -0.01764
-Inserting Flap Ga2-
0.43425 0.0422
0.43422 0.04198
0.43414 0.04157
0.43402 0.04095
0.43386 0.04018
0.43367 0.039290
0.43345 0.03835
0.43319 0.03740
0.43291 0.03648
0.4326 0.035590
0.43228 0.03473
0.431930 0.0339
0.43158 0.03308
0.43121 0.03229
0.43083 0.0315
0.43044 0.030730
0.43005 0.02997
0.42964 0.02923
0.42923 0.02849
0.428810 0.02776
0.42838 0.02705
0.42795 0.02634
0.42751 0.02565
0.42707 0.02496
0.42661 0.02428
0.42615 0.02361
0.42569 0.02295
0.42522 0.0223
0.42473 0.02167
0.42425 0.02104
0.42375 0.02042
0.42326 0.0198
0.42276 0.01919
0.42225 0.01859
0.42175 0.01799
0.421230 0.01739
0.42072 0.01681
0.4202 0.01623
0.41967 0.01565
0.41914 0.01509
0.4186 0.01453
0.41806 0.01398
0.41751 0.01344
0.41696 0.01291
0.4164 0.01238
0.41584 0.01186
0.41527 0.01134
0.4147 0.01083
0.41413 0.010330
0.4135500 0.00983
0.41296 0.00934
0.41238 0.00886
0.41178 0.00838
0.411190 0.00791
0.41058 0.00745
0.40997 0.00699
0.40936 0.00654
0.40874 0.0061
0.408120 0.00567
0.40749 0.005250
0.40685 0.00483
0.40621 0.00442
0.40556 0.00402
0.40491 0.00363
0.40425 0.00324
0.40359 0.00286
0.40292 0.002490
0.40225 0.00213
0.40158 0.00177
0.400890 0.001410
0.40021 0.00107
0.39951 0.00074
0.39881 0.00042
0.3981 0.00011
0.39737 -0.00018
0.396640 -0.00045
0.39590 -0.00072
0.39514 -0.00097
0.39438 -0.0012
0.39361 -0.00142
0.39282 -0.00162
0.39201 -0.00179
0.39119 -0.00195
0.39036 -0.00208
0.3895 -0.00218
0.38863 -0.00226
0.38774 -0.00231
0.38683 -0.00234
0.38591 -0.002340
0.38496 -0.00231
0.38398 -0.00224
0.38295 -0.0021
0.3818800 -0.00189
0.38076 -0.0016
0.37962 -0.00123
0.37851 -0.00081
0.37747 -0.00032
0.37655 0.00020
0.37579 0.00076
0.37481 0.0019
0.374610 0.00245
0.37461 0.00297
0.37483 0.00344
0.37523 0.00387
0.37577 0.00425
0.37641 0.0046
0.37711 0.00492
0.37783 0.00522
0.37857 0.00549
0.37932 0.00574
0.38008 0.00597
0.38087 0.00618
0.38166 0.00637
0.38246 0.00655
0.38328 0.006710
0.38410 0.006860
0.38493 0.007
0.38576 0.00714
0.3866 0.00727
0.38743 0.0074
0.38827 0.00752
0.38911 0.0076500
0.38995 0.00778
0.3907800 0.00791
0.39162 0.00804
0.39245 0.00818
0.39327 0.00833
0.39409 0.00848
0.39491 0.008640
0.39573 0.0088
0.39653 0.00897
0.39734 0.00914
0.39814 0.00932
0.39893 0.00951
0.39972 0.00971
0.40051 0.00992
0.40128 0.01013
0.40206 0.01035
0.40283 0.01058
0.40359 0.01081
0.40434 0.01106
0.40509 0.01131
0.405840 0.01157
0.40658 0.01184
0.40731 0.01212
0.40803 0.01241
0.40875 0.01271
0.40946 0.01302
0.41017 0.013330
0.41087 0.013660
0.41156 0.014
0.41225 0.01434
0.412930 0.01469
0.41361 0.01504
0.41428 0.01541
0.41494 0.015780
0.41560 0.01617
0.41625 0.01657
0.41689 0.01698
0.41752 0.0174
0.41815 0.01783
0.41876 0.01827
0.41937 0.01873
0.41998 0.01919
0.42057 0.01967
0.42115 0.02016
0.42173 0.02066
0.4223 0.02118
0.42285 0.0217
0.4234 0.022240
0.42394 0.0228
0.42447 0.02336
0.42499 0.02395
0.4255 0.02454
0.426 0.02515
0.42649 0.02578
0.42697 0.02642
0.42743 0.02708
0.42789 0.02776
0.42833 0.02845
0.42876 0.02916
0.429190 0.02987
0.4296 0.03061
0.43001 0.03135
0.43041 0.03211
0.4308 0.03287
0.43118 0.03365
0.43155 0.03445
0.43191 0.03525
0.43226 0.03608
0.4326 0.03692
0.43292 0.03779
0.43322 0.03868
0.43349 0.03955
0.43373 0.04037
0.43393 0.041080
0.43408000 0.041640
0.43419 0.04202
0.43425 0.0422
-Inserting Flap Ga2-
0.49748 0.11469
0.49749 0.114470
0.49753 0.11405
0.49757 0.11342
0.49762 0.11263
0.497660 0.11173
0.49769 0.110760
0.49769 0.10978
0.49766 0.108810
0.49759 0.10788
0.4975 0.10696
0.49738 0.10607
0.49725 0.10519
0.4971 0.104320
0.49694 0.10347
0.49676 0.10262
0.496580 0.10179
0.49638 0.10096
0.49617 0.100140
0.49595 0.09934
0.49573 0.09853
0.49549 0.09774
0.49525 0.09695
0.49499 0.09617
0.49473 0.0954
0.49446 0.09464
0.49418 0.09388
0.49389 0.09313
0.4936 0.09239
0.493290 0.09166
0.49297 0.09093
0.49265 0.09021
0.49232 0.08949
0.49199 0.08878
0.49166 0.08806
0.491320 0.08736
0.49097 0.08666
0.49062 0.08596
0.49026 0.08527
0.48989 0.08459
0.48952 0.08391
0.48913 0.08324
0.48875 0.08258
0.48835 0.08192
0.48795 0.08126
0.48754 0.08061
0.487130 0.07997
0.48671 0.07933
0.48628 0.07869
0.48585 0.07806
0.48542 0.07744
0.48497 0.07682
0.48452 0.0762
0.48407 0.07559
0.48361 0.07499
0.48314 0.07439
0.48266 0.0738
0.48217 0.07322
0.48168 0.07264
0.48118 0.07206
0.48068 0.0715
0.48017 0.07094
0.47964 0.07038
0.47912 0.06983
0.47858 0.06929
0.47804 0.06876
0.47749 0.06822
0.47694 0.0677
0.47638 0.06718
0.47581 0.06666
0.475230 0.06615
0.47465 0.06565
0.474050 0.06516
0.47344 0.06468
0.47282 0.06421
0.47218 0.06375
0.47153 0.06331
0.47087 0.06287
0.470190 0.06245
0.4695 0.06204
0.46879 0.06164
0.46806 0.061260
0.46731 0.0609
0.46653 0.06056
0.46573 0.06024
0.46491 0.05994
0.4640700 0.05966
0.4632 0.05939
0.46231 0.059150
0.46138 0.05893
0.460410 0.05875
0.45939 0.05862
0.4583 0.05855
0.45714 0.05854
0.45594 0.05859
0.45476 0.05872
0.45363 0.05892
0.45261 0.05919
0.45173 0.05953
0.45049 0.06037
0.45015 0.06086
0.45002 0.06136
0.45011 0.06187
0.45039 0.06239
0.450810 0.0629
0.45134 0.0634
0.45193 0.06389
0.45254 0.06436
0.4531900 0.064820
0.45385 0.06525
0.45453 0.06567
0.455230 0.06608
0.45595 0.06647
0.45668 0.06685
0.45742 0.06721
0.45818 0.06757
0.45894 0.067920
0.45971 0.06827
0.46048 0.06861
0.46126 0.06895
0.46204 0.06929
0.46281 0.06963
0.46359 0.069970
0.46436 0.07031
0.46513 0.07066
0.4659 0.07101
0.46666 0.071360
0.46741 0.07172
0.46816 0.07208
0.46891 0.07245
0.46964 0.07282
0.47037 0.0732
0.4711 0.07359
0.47182 0.07397
0.47253 0.07437
0.47323 0.07477
0.47393 0.07518
0.4746200 0.07559
0.4753 0.07601
0.47598 0.07643
0.47665 0.076860
0.47731 0.0773
0.47796 0.07775
0.4786 0.0782
0.47923 0.078660
0.47986 0.07913
0.48048 0.0796
0.48108 0.08008
0.48168 0.08057
0.48227 0.08107
0.482850 0.08157
0.48343 0.08208
0.484 0.08259
0.48456 0.08311
0.485120 0.08364
0.48566 0.08417
0.4862 0.08472
0.48672 0.08527
0.48723 0.08583
0.48773 0.08640
0.48823 0.08698
0.48871 0.087570
0.48918 0.08816
0.48964 0.08877
0.49009 0.089380
0.49053 0.09001
0.49095 0.09064
0.49137 0.09129
0.49177 0.09194
0.492160 0.0926
0.49254 0.09328
0.4929 0.09396
0.49326 0.09466
0.49359 0.09537
0.49392 0.09609
0.49423 0.09682
0.49452 0.097560
0.4948 0.09832
0.49506 0.09909
0.495310 0.09987
0.49555 0.10067
0.495770 0.10147
0.49598 0.10229
0.49618 0.10311
0.49637 0.10394
0.49655 0.10479
0.496720 0.10564
0.49687 0.1065
0.49701 0.10737
0.49714 0.10826
0.49724 0.10916
0.49733 0.11008
0.49738 0.111020
0.49742 0.11193
0.49744 0.11278
0.497450 0.11352
0.49746 0.11411
0.497460 0.1145
0.49748 0.11469
*.*.Setup: Ga2.txt as Flap 1, Inverted: y, Scale = 1.0, AoA = 0.0, Reposition from (0,0) = (0, 0)*.*.
*.*.Setup: Ga2.txt as Flap 2, Inverted: y, Scale = 0.2, AoA = 35.0, Reposition from previous T.E. = (0.04, 0.06), Reposition from (0,0) = (1.04, 0.0109)*.*.
*.*.Setup: Ga2.txt as Flap 3, Inverted: y, Scale = 0.2, AoA = 50.0, Reposition from previous T.E. = (0.04, 0.055), Reposition from (0,0) = (1.2495, 0.1725)*.*.
*.*.Setup: Scale Ratio = 0.35904*.*.