0.32915 0.0346
0.327220 0.03267
0.3244 0.02986
0.3211 0.02711
0.31711 0.02444
0.312260 0.021690
0.3064 0.01875
0.29949 0.01559
0.291620 0.01226
0.282990 0.00885
0.27384 0.00543
0.26439 0.00207
0.254790 -0.001180
0.24512 -0.0043
0.23543 -0.00725
0.22571 -0.010020
0.21594 -0.01264
0.20607 -0.01509
0.1960600 -0.01741
0.18586 -0.01962
0.17544 -0.02176
0.16481 -0.02386
0.15401 -0.02593
0.14316 -0.027980
0.13238 -0.02998
0.12184 -0.03189
0.11171 -0.03363
0.10215 -0.03514
0.09328 -0.03632
0.08504 -0.03713
0.07732 -0.03752
0.07001 -0.03751
0.06302 -0.03709
0.05632 -0.03627
0.04987 -0.03506
0.04367 -0.03347
0.037750 -0.03153
0.03214 -0.02927
0.02693 -0.02678
0.02219 -0.02416
0.01803 -0.021530
0.01447 -0.01901
0.01149 -0.01665
0.00902 -0.01445
0.007 -0.01241
0.005330 -0.01051
0.00397 -0.008750
0.00285 -0.0071
0.00194 -0.00556
0.00122 -0.004110
0.00066 -0.00274
0.00026 -0.00144
0.000055 -0.0002
-6e-05 0.001
0.00012 0.00219
0.00069 0.00326
0.00166 0.0041
0.00290 0.0047
0.00435 0.005160
0.00602 0.00554
0.00795 0.00587
0.0102 0.00618
0.01289 0.00647
0.01618 0.00674
0.02028 0.007010
0.02549 0.00725
0.03206 0.00745
0.03994 0.007570
0.04881 0.00753
0.05834 0.00727
0.06847 0.00682
0.07912 0.00624
0.0901 0.00559
0.10123 0.00491
0.11235 0.00425
0.123320 0.00363
0.13413 0.00309
0.144770 0.00264
0.15522 0.00231
0.16552 0.00212
0.175660 0.00209
0.18567 0.00224
0.19556 0.00258
0.20535 0.00311
0.21504 0.00385
0.22466 0.00481
0.23422 0.00597
0.2437 0.00736
0.25312 0.00897
0.26245 0.0108
0.27165 0.012840
0.28065 0.01506
0.2893 0.01745
0.29742 0.01993
0.30478 0.02243
0.311220 0.0249
0.31672 0.02731
0.32135 0.02966
0.32522 0.031920
0.32915 0.0346
-Inserting Flap s1223rtl-
0.44435 0.11108
0.44398 0.1102
0.44344 0.10892
0.44274 0.107590
0.44181 0.1062
0.4406 0.10466
0.43909 0.10293
0.43728 0.10099
0.43517 0.09886
0.43283 0.09661
0.43032 0.09429
0.42771 0.09194
0.42503 0.08961
0.42232 0.08732
0.41957 0.08507
0.4168 0.08288
0.41398 0.08074
0.41111 0.07863
0.40818 0.07655
0.40517 0.074470
0.40208 0.07240
0.39892 0.0703
0.3957 0.0682
0.3924600 0.06609
0.38924 0.06401
0.38608 0.06199
0.38303 0.06008
0.38014 0.05832
0.37742 0.05675
0.37486 0.0554
0.37241 0.05424
0.37004 0.05328
0.36773 0.05248
0.36545 0.05186
0.3632 0.05139
0.360980 0.05108
0.3588 0.050920
0.35669 0.05091
0.35467 0.05102
0.352790 0.05124
0.35109 0.05153
0.3496 0.05188
0.34832 0.05225
0.34723 0.05263
0.34631 0.05302
0.34552 0.05341
0.34484 0.0538
0.34426 0.05419
0.34376 0.05457
0.34333 0.05494
0.342970 0.05531
0.34267 0.055680
0.342420 0.05605
0.34224 0.05642
0.34214 0.05683
0.34218 0.05726
0.34238 0.05766
0.3427 0.05802
0.34311 0.05836
0.3436 0.0587
0.34418 0.05907
0.34487 0.059460
0.3457 0.05992
0.34673 0.06044
0.34803 0.06107
0.34968 0.06184
0.35178 0.06278
0.35432 0.06387
0.35719 0.06504
0.360310 0.06622
0.36365 0.06742
0.36718 0.068650
0.37082 0.069900
0.37451 0.07116
0.3782 0.07243
0.38183 0.07369
0.385410 0.074950
0.38891 0.07622
0.39234 0.0775
0.39569 0.07881
0.39898 0.08015
0.4022 0.08153
0.40536 0.08295
0.40846 0.08443
0.4115 0.08596
0.41449 0.087540
0.41742 0.08919
0.42031 0.0909
0.42314 0.09268
0.42592 0.09451
0.42863 0.09639
0.43125 0.09831
0.43373 0.10023
0.43603 0.10211
0.43808 0.1039
0.439840 0.10556
0.44130 0.10707
0.44248 0.10845
0.44343 0.10970
0.44435 0.11108
-Inserting Flap s1223rtl-
0.55248 0.192420
0.55221 0.1915
0.551830 0.19017
0.55129 0.18876
0.55052 0.18727
0.5495 0.1856
0.54820 0.18371
0.54662 0.18157
0.544780 0.17922
0.54272 0.17671
0.5405 0.17411
0.53817 0.17147
0.53579 0.168850
0.53335 0.16626
0.53089 0.16371
0.52838 0.16121
0.52584 0.15875
0.52323 0.15633
0.52056 0.15392
0.51782 0.15151
0.51499 0.14909
0.512090 0.14664
0.50914 0.14417
0.50616 0.1417
0.5032 0.139260
0.5003 0.13689
0.49749 0.13464
0.49482 0.13256
0.492310 0.13069
0.48992 0.1290400
0.48763 0.12761
0.48538 0.12638
0.48318 0.12532
0.48098 0.12443
0.4788 0.123710
0.47664 0.12314
0.4745 0.12273
0.47240 0.12247
0.47038 0.12235
0.46848 0.12235
0.46676 0.12245
0.46525 0.122610
0.46393 0.12283
0.4628 0.12308
0.46184 0.12337
0.46101 0.12366
0.46029 0.12397
0.45967 0.12429
0.45913 0.12461
0.45866 0.12493
0.45826 0.12525
0.45791 0.12558
0.45763 0.12592
0.4574 0.12627
0.45725 0.126670
0.45725 0.127090
0.4574 0.12751
0.45768 0.12791
0.45805 0.1283
0.45849 0.12869
0.45903 0.12912
0.459660 0.1296
0.46044 0.13015
0.4614 0.13079
0.462610 0.13156
0.46416 0.13252
0.46614 0.1337
0.46853 0.13507
0.47125 0.13656
0.47422 0.1381
0.477390 0.139680
0.48075 0.14131
0.48422 0.14298
0.48775 0.14466
0.49126 0.146340
0.49472 0.14802
0.49813 0.14968
0.50146 0.15135
0.50471 0.15302
0.5079 0.15471
0.51101 0.15643
0.51404 0.15817
0.51702 0.15995
0.51992 0.16177
0.52276 0.16365
0.52555 0.16557
0.52827 0.16755
0.53094 0.16959
0.53355 0.17168
0.536100 0.17382
0.53857 0.176
0.54094 0.17821
0.54319 0.18041
0.54525 0.18254
0.54708 0.18456
0.54863 0.18641
0.54991 0.18808
0.55093 0.18958
0.55173 0.19093
0.55248 0.192420
*.*.Setup: s1223rtl.txt as Flap 1, Inverted: y, Scale = 1.0, AoA = 6.0, Reposition from (0,0) = (0, 0)*.*.
*.*.Setup: s1223rtl.txt as Flap 2, Inverted: y, Scale = 0.35, AoA = 28.333333333333332, Reposition from previous T.E. = (0.04, 0.065), Reposition from (0,0) = (1.0345, 0.1695)*.*.
*.*.Setup: s1223rtl.txt as Flap 3, Inverted: y, Scale = 0.35, AoA = 35.0, Reposition from previous T.E. = (0.04, 0.045), Reposition from (0,0) = (1.3826, 0.3806)*.*.
*.*.Setup: Scale Ratio = 0.33097*.*.