0.33301 0.01163
0.33093 0.00983
0.32791 0.00721
0.3244 0.00467
0.3202 0.00227
0.31514 -0.00014
0.30905 -0.00269
0.30189 -0.005370
0.29374 -0.00816
0.28484 -0.01099
0.27541 -0.013780
0.26568 -0.01649
0.25581 -0.01908
0.24588 -0.02153
0.23594 -0.02381
0.22598 -0.02592
0.2159900 -0.02786
0.20591 -0.02963
0.19569 -0.03126
0.18529 -0.03276
0.17467 -0.03418
0.16385 -0.03554
0.15286 -0.03686
0.14181 -0.03815
0.13085 -0.03941
0.12013 -0.04058
0.10983 -0.04162
0.1001300 -0.04246
0.09113 -0.04303
0.0828 -0.04326
0.07502 -0.04311
0.06768 -0.04259
0.06069 -0.04168
0.0540100 -0.04038
0.04762 -0.03871
0.04151 -0.03668
0.0357 -0.03431
0.03023 -0.03165
0.02516 -0.02878
0.02059 -0.02582
0.0166 -0.02289
0.013200 -0.02011
0.01037 -0.01753
0.00805 -0.01515
0.00615 -0.01296
0.00462 -0.01093
0.00337 -0.00906
0.00236 -0.00733
0.00156 -0.00572
0.00094 -0.00421
0.00047 -0.00279
0.00016 -0.00146
0.000013 -0.0002
0.000035 0.00101
0.00027 0.00219
0.00092 0.00323
0.00195 0.004
0.003240 0.00452
0.00473 0.00488
0.006430 0.00514
0.00839 0.00534
0.01068 0.00549
0.0134 0.00559
0.01672 0.00564
0.020860 0.00561
0.02611 0.00549
0.03272 0.00523
0.04065 0.0048
0.04955 0.00413
0.05911 0.0032
0.06925 0.00204
0.0799 0.00071
0.09088 -0.00072
0.10202 -0.00217
0.11313 -0.00362
0.12411 -0.005010
0.13493 -0.00632
0.14558 -0.00752
0.15606 -0.008580
0.166380 -0.00949
0.17656 -0.01023
0.18663 -0.01079
0.19658 -0.01114
0.20645 -0.01129
0.21624 -0.01123
0.22597 -0.01095
0.23565 -0.01045
0.24528 -0.00972
0.25485 -0.0087600
0.26434 -0.00758
0.27373 -0.006180
0.28292 -0.00458
0.29178 -0.0028
0.30011 -0.00088
0.30767 0.00112
0.31432 0.00315
0.32001 0.00519
0.32483 0.00722
0.32887 0.009220
0.33301 0.01163
-Inserting Flap s1223rtl-
0.43788 0.085310
0.437510 0.084420
0.43697 0.08313
0.43626 0.08179
0.43532 0.08038
0.4341 0.07884
0.43259 0.077090
0.43076 0.07514
0.42864 0.073
0.42628 0.07073
0.42376 0.06839
0.42113 0.06603
0.41843 0.06369
0.4157 0.06138
0.41293 0.05912
0.41014 0.05691
0.4073 0.05475
0.4044200 0.05263
0.40146 0.05053
0.39844 0.04845
0.39533 0.04635
0.39214 0.04425
0.3889 0.04213
0.38564 0.04
0.38239 0.037910
0.37921 0.03588
0.37614 0.03395
0.37323 0.03218
0.3705 0.03061
0.36792 0.02924
0.365450 0.02808
0.36307 0.0271
0.36074 0.02631
0.35844 0.02567
0.35618 0.02521
0.35394 0.024890
0.35175 0.02473
0.34962 0.02472
0.34759 0.02483
0.3457 0.025050
0.34399 0.02535
0.342490 0.0257
0.3412 0.02607
0.3401 0.02645
0.33917 0.026850
0.33837 0.02724
0.33769 0.02764
0.33711 0.02802
0.3366 0.0284
0.3361800 0.02878
0.33581 0.02915
0.33551 0.02952
0.33526 0.02989
0.3350800 0.03027
0.33497 0.03068
0.33501 0.03111
0.335220 0.03151
0.33554 0.03188
0.33596 0.03222
0.336450 0.03257
0.33703 0.03293
0.33773 0.03333
0.338560 0.03379
0.3396 0.03432
0.3409 0.03496
0.34257 0.03573
0.34468 0.03668
0.34723 0.03777
0.35013 0.03894
0.35327 0.04014
0.35663 0.04135
0.36018 0.04258
0.36385 0.04384
0.36757 0.04511
0.37128 0.04638
0.37494 0.04765
0.37854 0.04892
0.38206 0.0502
0.38551 0.05149
0.38889 0.05281
0.3922 0.05416
0.39544 0.05555
0.39862 0.05698
0.40174 0.05847
0.4048 0.06001
0.40781 0.0616
0.41077 0.06326
0.41368 0.06499
0.416530 0.06677
0.41933 0.068620
0.42205 0.070510
0.42469 0.07244
0.42719 0.074380
0.4295 0.07627
0.43157 0.07808
0.43333 0.07975
0.4348 0.08127
0.436 0.08265
0.43696 0.08391
0.43788 0.085310
-Inserting Flap s1223rtl-
0.54674 0.17052
0.546470 0.16960
0.54609 0.168250
0.54554 0.166840
0.54477 0.16534
0.54374 0.163660
0.54244 0.16176
0.54085 0.1596
0.53899 0.15723
0.53691 0.1547
0.53468 0.15209
0.53234 0.14944
0.52993 0.14679
0.52749 0.14418
0.525 0.14162
0.52248 0.1391
0.51992 0.13663
0.5173 0.13419
0.51461 0.13176
0.51184 0.12934
0.509 0.1269
0.50608 0.12443
0.5031 0.12195
0.50011 0.11946
0.49713 0.11701
0.49421 0.11462
0.49138 0.11235
0.48869 0.11025
0.48616 0.10837
0.48376 0.10672
0.48145 0.10528
0.47919 0.104030
0.47697 0.10297
0.47476 0.10207
0.47257 0.10135
0.470390 0.10078
0.46823 0.10036
0.46612 0.1001
0.46408 0.09998
0.46218 0.09998
0.46044 0.10008
0.45892 0.10024
0.45759 0.10046
0.45646 0.10072
0.45549 0.101
0.454650 0.1013
0.453930 0.10161
0.4533 0.10193
0.45276 0.10225
0.45229 0.10257
0.45188 0.1029
0.45154 0.10323
0.45125 0.10357
0.45102 0.10393
0.45087 0.10433
0.45086 0.10475
0.45102 0.105180
0.451300 0.10558
0.45167 0.10597
0.45212 0.10637
0.45265 0.1068
0.4533 0.10728
0.45408 0.10783
0.45504 0.10847
0.45626 0.10926
0.45783 0.11022
0.45982 0.1114
0.46223 0.112790
0.46496 0.11429
0.46795 0.11584
0.47115 0.11743
0.47453 0.11907
0.47802 0.120750
0.48157 0.12244
0.48511 0.12413
0.48860 0.12582
0.492020 0.1275
0.49537 0.129180
0.49865 0.13086
0.501860 0.132560
0.50499 0.13429
0.50805 0.13604
0.51104 0.13783
0.513960 0.13967
0.516830 0.14156
0.51963 0.14349
0.52237 0.14549
0.525060 0.14753
0.52769 0.14964
0.53025 0.1518
0.53274 0.154
0.535130 0.15622
0.53739 0.15843
0.53947 0.16058
0.54131 0.16261
0.54287 0.16447
0.54415 0.16616
0.54518 0.16767
0.54599 0.169030
0.54674 0.17052
*.*.Setup: s1223rtl.txt as Flap 1, Inverted: y, Scale = 1.0, AoA = 2.0, Reposition from (0,0) = (0, 0)*.*.
*.*.Setup: s1223rtl.txt as Flap 2, Inverted: y, Scale = 0.35, AoA = 28.333333333333332, Reposition from previous T.E. = (0.0067, 0.055), Reposition from (0,0) = (1.0061, 0.0899)*.*.
*.*.Setup: s1223rtl.txt as Flap 3, Inverted: y, Scale = 0.35, AoA = 35.0, Reposition from previous T.E. = (0.04, 0.055), Reposition from (0,0) = (1.3541, 0.311)*.*.
*.*.Setup: Scale Ratio = 0.33321*.*.