0.35476 -0.01239
0.35242 -0.01414
0.34901 -0.01671
0.3451 -0.019140
0.34046 -0.02138
0.3349 -0.02357
0.32824 -0.02582
0.32043 -0.028150
0.31157 -0.0305
0.301890 -0.03284
0.29166 -0.03511
0.28112 -0.03727
0.270440 -0.03929
0.2597 -0.04115
0.24897 -0.04284
0.238230 -0.04434
0.227470 -0.045650
0.21662 -0.04679
0.20564 -0.04776
0.19448 -0.04859
0.18309 -0.04931
0.17148 -0.04994
0.15971 -0.05053
0.14787 -0.05109
0.13613 -0.0516
0.12465 -0.052050
0.11363 -0.0523900
0.10326 -0.052570
0.093650 -0.0525
0.08478 -0.05213
0.07652 -0.051390
0.06876 -0.05029
0.0614 -0.0488
0.0544 -0.04693
0.04773 -0.04468
0.04139 -0.04207
0.03539 -0.0391200
0.029770 -0.03589
0.0246 -0.03246
0.01997 -0.02897
0.015930 -0.02556
0.01253 -0.02235
0.00972 -0.0194
0.00743 -0.01670
0.00558 -0.01423
0.00409 -0.0119600
0.00291 -0.00988
0.00196 -0.00797
0.00123 -0.00619
0.00068 -0.00454
0.0003 -0.00301
7e-05 -0.00156
-0.000029 -0.00021
9e-05 0.00107
0.00045 0.0023
0.00122 0.003370
0.00237 0.00411
0.00378 0.00456
0.005390 0.00483
0.00722 0.00498
0.009310 0.00505
0.01176 0.00504
0.01466 0.004940
0.01819 0.00475
0.02259 0.00441
0.02816 0.00389
0.03516 0.00313
0.0435600 0.002080
0.05296 0.00071
0.06305 -0.00099
0.07374 -0.00298
0.08496 -0.00519
0.09653 -0.00751
0.10826 -0.00989
0.11996 -0.01225
0.13153 -0.01455
0.14293 -0.016740
0.15415 -0.01881
0.165210 -0.02072
0.17611 -0.02245
0.18688 -0.024
0.19753 -0.02533
0.2080900 -0.02645
0.21856 -0.02735
0.22898 -0.02801
0.23934 -0.02843
0.24966 -0.02862
0.25994 -0.02856
0.27018 -0.02825
0.28036 -0.0277
0.29044 -0.02691
0.30033 -0.02589
0.30988 -0.02465
0.31887 -0.02323
0.32706 -0.02167
0.33427 -0.02001
0.340470 -0.01827
0.34574 -0.01647
0.35019 -0.01464
0.35476 -0.01239
-Inserting Flap s1223rtl-
0.43921 0.07236
0.438870 0.07139
0.43837 0.06999
0.4377 0.06852
0.436790 0.06697
0.43559 0.065250
0.43409 0.0633
0.43226 0.06111
0.43014 0.0587
0.42777 0.05614
0.42524 0.0535
0.42258 0.05082
0.41986 0.04816
0.4171 0.045540
0.4143 0.04296
0.41146 0.040440
0.40858 0.03797
0.40564 0.03554
0.40263 0.03312
0.39954 0.03072
0.39636 0.0283
0.39311 0.02586
0.38979 0.0234
0.38645 0.02094
0.38313 0.01852
0.37987 0.01616
0.37673 0.01392
0.37374 0.0118600
0.37093 0.01001
0.36827 0.0084
0.36573 0.00701
0.36325 0.00583
0.36082 0.00483
0.35842 0.00402
0.356040 0.00338
0.35368 0.00291
0.35136 0.00261
0.3491 0.00246
0.34693 0.00245
0.3449 0.00257
0.34306 0.00278
0.341450 0.00305
0.34006 0.00337
0.33887 0.00371
0.33785 0.00407
0.33698 0.00444
0.33623 0.00482
0.33558 0.0052
0.33502 0.00557
0.33454 0.00594
0.33413 0.00632
0.33379 0.00669
0.3335 0.00707
0.33328 0.00746
0.3331500 0.00789
0.33316 0.00835
0.33336 0.00879
0.33368 0.0092
0.3341 0.00959
0.3346 0.00999
0.3352 0.01041
0.33591 0.01088
0.33677 0.01142
0.33784 0.012050
0.33919 0.0128
0.340910 0.01373
0.3431 0.01487
0.34575 0.01619
0.34875 0.01762
0.35202 0.01908
0.35552 0.02058
0.35922 0.02211
0.36304 0.02368
0.36692 0.02526
0.37078 0.02684
0.3746 0.02842
0.378350 0.02999
0.38202 0.03157
0.38561 0.0331500
0.38912 0.03477
0.39256 0.03641
0.39592 0.03808
0.39921 0.0398
0.40244 0.04158
0.4056 0.0434
0.4087 0.04529
0.41174 0.04724
0.41472 0.04925
0.41765 0.05133
0.42051 0.053460
0.42329 0.05565
0.42597 0.05786
0.42851 0.06008
0.43086 0.06224
0.43294 0.06428
0.43472 0.06616
0.436190 0.06787
0.43737 0.06942
0.438310 0.070810
0.43921 0.07236
-Inserting Flap s1223rtl-
0.53743 0.16315
0.53715 0.16216
0.53673 0.16073
0.536150 0.15922
0.53533 0.15762
0.53423 0.15584
0.53285 0.1538
0.53115 0.15151
0.529170 0.14898
0.52696 0.14629
0.52458 0.1435
0.52209 0.14068
0.51953 0.13786
0.51692 0.13508
0.51427 0.13235
0.51159 0.12967
0.50886 0.12703
0.506060 0.12443
0.5032 0.12185
0.50025 0.11927
0.497220 0.11667
0.49411 0.11404
0.49094 0.1114
0.48775 0.10875
0.48458 0.10613
0.48147 0.10359
0.47846 0.101170
0.47559 0.09894
0.47289 0.096930
0.47034 0.09517
0.46787 0.093640
0.46547 0.09231
0.4631 0.09118
0.46075 0.09022
0.45841 0.08945
0.45609 0.08884
0.453790 0.0884
0.45154 0.088120
0.44937 0.08799
0.44734 0.08799
0.4455 0.088090
0.44387 0.08827
0.44246 0.08851
0.44125 0.0887800
0.44021 0.08908
0.43932 0.0894
0.43855 0.08973
0.43789 0.09007
0.43731 0.09041
0.43681 0.09076
0.43637 0.09111
0.43601 0.091460
0.435700 0.09182
0.43546 0.0922
0.4353 0.09262
0.43529 0.09308
0.43546 0.09353
0.43575 0.09395
0.43615 0.09437
0.436630 0.09480
0.4372 0.09526
0.437880 0.09577
0.438710 0.09635
0.43974 0.09704
0.44104 0.09787
0.44271 0.0989
0.44483 0.10016
0.4474 0.10164
0.45031 0.10324
0.45349 0.10489
0.45690 0.10658
0.4605 0.10833
0.464220 0.11012
0.468 0.111920
0.47177 0.11373
0.47549 0.11552
0.47914 0.11731
0.48271 0.1191
0.4862 0.12089
0.48962 0.1227
0.49295 0.12454
0.49621 0.12641
0.49939 0.12832
0.50251 0.13028
0.50556 0.13229
0.50855 0.13435
0.511470 0.136470
0.51433 0.13865
0.51713 0.1409
0.51986 0.14319
0.52251 0.14554
0.52506 0.14791
0.52747 0.15026
0.52968 0.15255
0.53164 0.15472
0.53331 0.1567
0.53468 0.15849
0.53577 0.16011
0.53663 0.16155
0.53743 0.16315
*.*.Setup: s1223rtl.txt as Flap 1, Inverted: y, Scale = 1.0, AoA = -2.0, Reposition from (0,0) = (0, 0)*.*.
*.*.Setup: s1223rtl.txt as Flap 2, Inverted: y, Scale = 0.35, AoA = 31.666666666666668, Reposition from previous T.E. = (-0.06, 0.055), Reposition from (0,0) = (0.9394, 0.0201)*.*.
*.*.Setup: s1223rtl.txt as Flap 3, Inverted: y, Scale = 0.35, AoA = 35.0, Reposition from previous T.E. = (-0.01, 0.055), Reposition from (0,0) = (1.2273, 0.2588)*.*.
*.*.Setup: Scale Ratio = 0.35498*.*.