0.33587 -0.01173
0.33365 -0.01339
0.33042 -0.01582
0.32671 -0.018120
0.32233 -0.02024
0.31706 -0.02231
0.31075 -0.02445
0.30336 -0.026650
0.29497 -0.02888
0.285810 -0.03109
0.27613 -0.03324
0.26615 -0.03528
0.256030 -0.0372
0.24587 -0.03896
0.23571 -0.04056
0.225540 -0.04198
0.215350 -0.043220
0.20508 -0.0443
0.19469 -0.04522
0.18412 -0.046
0.17334 -0.04668
0.16235 -0.04728
0.1512 -0.04784
0.14 -0.04837
0.12888 -0.04885
0.11801 -0.049280
0.10758 -0.049600
0.09776 -0.049770
0.088660 -0.04971
0.08027 -0.04935
0.07245 -0.048660
0.06509 -0.04761
0.05813 -0.0462
0.0515 -0.04443
0.04519 -0.0423
0.03918 -0.03983
0.0335 -0.0370300
0.028190 -0.03397
0.02329 -0.03073
0.0189 -0.02743
0.015090 -0.0242
0.01186 -0.02116
0.0092 -0.01837
0.00703 -0.015810
0.00528 -0.01347
0.00388 -0.0113300
0.00275 -0.00936
0.00186 -0.00754
0.00117 -0.00586
0.00064 -0.0043
0.00028 -0.00285
6e-05 -0.00148
-0.000029 -0.0002
8e-05 0.00101
0.00043 0.00218
0.00115 0.003190
0.00224 0.00389
0.00358 0.00432
0.00510 0.00457
0.00683 0.00472
0.008820 0.00478
0.01113 0.00477
0.01388 0.004680
0.01722 0.0045
0.02139 0.00418
0.02666 0.00368
0.03329 0.00296
0.0412400 0.001970
0.05014 0.00067
0.05969 -0.00093
0.06982 -0.00282
0.08044 -0.00491
0.09139 -0.00711
0.10249 -0.00936
0.11357 -0.0116
0.12452 -0.01377
0.13531 -0.015850
0.14594 -0.01781
0.156410 -0.01962
0.16673 -0.02126
0.17693 -0.02272
0.18701 -0.02398
0.19700 -0.02504
0.20692 -0.02589
0.21678 -0.02652
0.22659 -0.02692
0.23636 -0.02709
0.2461 -0.02703
0.25579 -0.02675
0.26543 -0.02623
0.27497 -0.02548
0.28433 -0.02451
0.29337 -0.02334
0.30188 -0.022
0.30964 -0.02052
0.31647 -0.01894
0.322340 -0.01729
0.32732 -0.01559
0.33153 -0.01386
0.33587 -0.01173
-Inserting Flap s1223rtl-
0.43044 0.06594
0.43006 0.06505
0.42951 0.06374
0.4288 0.06239
0.42785 0.06098
0.42663 0.05942
0.4251 0.05766
0.42325 0.05569
0.42111 0.05353
0.41874 0.05124
0.41619 0.04888
0.41354 0.04650
0.410820 0.04414
0.40806 0.04181
0.40528 0.03953
0.40246 0.0373
0.3996 0.03512
0.39669 0.032990
0.39371 0.03087
0.39065 0.02877
0.38752 0.02665
0.3843 0.02453
0.38104 0.02239
0.37774 0.02025
0.37447 0.01814
0.37126 0.01609
0.36817 0.01415
0.36523 0.012360
0.36247 0.01077
0.35987 0.0094
0.35739 0.00822
0.35498 0.00724
0.35263 0.00643
0.35031 0.0058
0.34803 0.00533
0.34578 0.00501
0.34357 0.00485
0.341420 0.00483
0.33937 0.00495
0.33746 0.00517
0.33574 0.00547
0.33423 0.00582
0.33293 0.00619
0.33182 0.00658
0.33088 0.00698
0.33008 0.00738
0.32939 0.00778
0.3288 0.00817
0.32829 0.00855
0.32786 0.00893
0.32749 0.009310
0.32718 0.00968
0.32694 0.01005
0.32675 0.01044
0.326650 0.01085
0.32669 0.011280
0.32689 0.01169
0.32722 0.01205
0.32764 0.0124
0.32813 0.01275
0.32872 0.01312
0.329420 0.01352
0.33027 0.01398
0.33131 0.01452
0.33262 0.01516
0.3343 0.01594
0.33644 0.016890
0.33901 0.018
0.34193 0.01918
0.3451 0.02039
0.34849 0.0216
0.35207 0.02285
0.35577 0.02412
0.35952 0.0254
0.363260 0.02669
0.36695 0.02797
0.37058 0.02925
0.37414 0.03053
0.37762 0.03184
0.38103 0.03317
0.38437 0.03453
0.38764 0.03593
0.39084 0.03737
0.39399 0.03887
0.39708 0.04042
0.40011 0.04204
0.40309 0.04371
0.40602 0.04545
0.4089 0.04725
0.41172 0.04911
0.414470 0.05102
0.41713 0.05297
0.41965 0.05492
0.42199 0.05683
0.42407 0.05865
0.42585 0.06033
0.42733 0.06187
0.42854 0.06326
0.42951 0.06453
0.43044 0.06594
-Inserting Flap s1223rtl-
0.54023 0.15189
0.53996 0.15096
0.53957 0.1496
0.53902 0.14818
0.53824 0.14666
0.53720 0.14497
0.53589 0.14305
0.534290 0.140870
0.53241 0.13848
0.53032 0.13593
0.52806 0.13330
0.52571 0.13062
0.523280 0.12796
0.52081 0.12532
0.51831 0.12274
0.51577 0.1202
0.51318000 0.1177
0.51053 0.11524
0.50782 0.11279
0.50503 0.110350
0.50216 0.10789
0.49922 0.1054
0.496220 0.1029
0.4932 0.10039
0.49019 0.09791
0.48725 0.09551
0.4844 0.09322
0.48169 0.0911
0.47913 0.08921
0.47671 0.08754
0.47438 0.08608
0.4721 0.08483
0.4698600 0.08375
0.46763 0.08285
0.46542 0.08212
0.46322 0.08155
0.46105 0.08113
0.45891 0.08086
0.45686 0.080740
0.45494 0.08074
0.453190 0.08084
0.45165 0.08101
0.45032 0.0812300
0.449170 0.08149
0.44819 0.08177
0.44735 0.082070
0.44662 0.08239
0.44599 0.08271
0.44544 0.08303
0.44497 0.08336
0.44456 0.083690
0.44421 0.08402
0.44392 0.08437
0.443690 0.08472
0.44354 0.08512
0.44353 0.08556
0.44369 0.08598
0.44397 0.08639
0.44434 0.08678
0.4448 0.08718
0.44534 0.08762
0.44599 0.0881
0.44677 0.08866
0.44775 0.08931
0.44898 0.09010
0.45055 0.09107
0.45256 0.09226
0.454990 0.09366
0.45775 0.09517
0.460760 0.09674
0.46399 0.09834
0.4674 0.099990
0.47092 0.10168
0.4745 0.10339
0.47807 0.1051
0.48159 0.1068
0.48504 0.1085
0.48842 0.11019
0.49173 0.11189
0.49496 0.1136
0.49812 0.11534
0.50120 0.11711
0.50422 0.11892
0.50717 0.12077
0.51006 0.12267
0.51289 0.12463
0.51565 0.12664
0.51836 0.1287
0.521010 0.13083
0.5236 0.133
0.52611 0.13522
0.52852 0.13746
0.5308 0.13969
0.5329 0.14186
0.53475 0.14391
0.53633 0.14579
0.53762 0.14749
0.53866 0.14901
0.53947 0.15038
0.54023 0.15189
*.*.Setup: s1223rtl.txt as Flap 1, Inverted: y, Scale = 1.0, AoA = -2.0, Reposition from (0,0) = (0, 0)*.*.
*.*.Setup: s1223rtl.txt as Flap 2, Inverted: y, Scale = 0.35, AoA = 28.333333333333332, Reposition from previous T.E. = (-0.0267, 0.065), Reposition from (0,0) = (0.9727, 0.0301)*.*.
*.*.Setup: s1223rtl.txt as Flap 3, Inverted: y, Scale = 0.35, AoA = 35.0, Reposition from previous T.E. = (0.04, 0.055), Reposition from (0,0) = (1.3208, 0.2512)*.*.
*.*.Setup: Scale Ratio = 0.33607*.*.