0.34116 -0.01191
0.33891 -0.0136
0.33563 -0.01607
0.33187 -0.018410
0.32741 -0.02056
0.32206 -0.02267
0.31565 -0.02483
0.30814 -0.027070
0.29962 -0.02933
0.290310 -0.03158
0.28048 -0.03376
0.27035 -0.03584
0.260070 -0.03778
0.24975 -0.03958
0.23942 -0.0412
0.22910 -0.04264
0.218750 -0.04390
0.20832 -0.04499
0.19776 -0.04593
0.18702 -0.04672
0.17607 -0.04741
0.16491 -0.04803
0.15359 -0.04859
0.1422 -0.04913
0.13091 -0.04963
0.11987 -0.050060
0.10927 -0.0503900
0.0993 -0.050550
0.090060 -0.05049
0.08153 -0.05013
0.07359 -0.049420
0.06612 -0.04836
0.05905 -0.04693
0.05232 -0.04513
0.0459 -0.04297
0.0398 -0.04045
0.03403 -0.0376200
0.028630 -0.03451
0.02366 -0.03122
0.0192 -0.02786
0.015320 -0.02458
0.01205 -0.0215
0.00934 -0.01866
0.00714 -0.016060
0.00536 -0.01368
0.00394 -0.011500
0.00279 -0.0095
0.00189 -0.00766
0.00118 -0.00596
0.00066 -0.00437
0.00028 -0.00289
6e-05 -0.0015
-0.000029 -0.00021
8e-05 0.00103
0.00043 0.00222
0.00117 0.003240
0.00228 0.00395
0.00364 0.00438
0.005190 0.00465
0.00694 0.00479
0.008960 0.00485
0.01131 0.00485
0.0141 0.004760
0.01749 0.00457
0.02172 0.00424
0.02708 0.00374
0.03381 0.00301
0.0418900 0.0020
0.05093 0.00068
0.06063 -0.00095
0.07092 -0.00287
0.0817 -0.00499
0.09283 -0.00723
0.10411 -0.00951
0.11536 -0.01178
0.12648 -0.01399
0.13745 -0.01610
0.14824 -0.01809
0.158880 -0.01992
0.16936 -0.02159
0.17972 -0.02308
0.18996 -0.02436
0.2001100 -0.02544
0.21019 -0.0263
0.2202 -0.02693
0.23016 -0.02734
0.24009 -0.02752
0.24998 -0.02746
0.25982 -0.02717
0.26961 -0.02664
0.2793 -0.02588
0.28881 -0.0249
0.298 -0.02371
0.30664 -0.02234
0.31452 -0.02084
0.32146 -0.01924
0.327420 -0.01757
0.33248 -0.01584
0.33676 -0.01408
0.34116 -0.01191
-Inserting Flap s1223rtl-
0.44131 0.07198
0.44103 0.071030
0.44064 0.06965
0.44008 0.0682100
0.43928 0.06666
0.43823 0.06495
0.4369 0.06299
0.43527 0.060790
0.43337 0.05836
0.43124 0.05577
0.42895 0.053090
0.42655 0.05037
0.42409 0.04767
0.42158 0.04499
0.41904 0.04236
0.416460 0.03979
0.41383 0.03725
0.41114 0.03475
0.40839 0.03227
0.40556 0.029780
0.40264 0.02728
0.39965 0.02476
0.3966 0.02222
0.39353 0.01967
0.390480 0.01715
0.38749 0.01471
0.38459 0.01238
0.38184 0.01023
0.37924 0.0083
0.37678 0.00661
0.374420 0.00513
0.3721 0.0038600
0.36983 0.00277
0.36757 0.00185
0.36532 0.00111
0.36308 0.00052
0.36087 0.0001
0.35871 -0.00017
0.35662 -0.000290
0.35467 -0.00029
0.3529 -0.0002
0.35133 -0.000068
0.34998 0.00020
0.34881 0.00046
0.34782 0.00075
0.34696 0.001060
0.346220 0.00138
0.34558 0.0017
0.34502 0.00203
0.34454 0.00236
0.34412 0.0027
0.34377 0.00304
0.34348 0.00339
0.34324 0.00375
0.34309 0.00416
0.34308 0.0046
0.34324 0.00503
0.34353 0.00544
0.34391 0.00584
0.34437 0.00625
0.34492 0.00669
0.34558 0.00718
0.34637 0.00775
0.34736 0.00841
0.34861 0.009210
0.35022 0.0102
0.35225 0.01141
0.35472 0.01283
0.357530 0.01437
0.36058 0.01595
0.36386 0.01758
0.36733 0.019260
0.37091 0.02098
0.37454 0.02272
0.37816 0.02445
0.381740 0.02618
0.38525 0.0279
0.38868 0.02962
0.39204 0.03134
0.39532 0.03309
0.39853 0.03485
0.40167 0.03665
0.40473 0.03849
0.40773 0.04037
0.410660 0.0423
0.41353 0.04429
0.41634 0.04633
0.41909 0.04843
0.42179 0.05058
0.42441 0.05279
0.42696 0.05504
0.429410 0.05732
0.43173 0.05959
0.43386 0.06179
0.43574 0.06387
0.43734 0.06578
0.43866 0.0675
0.43971 0.06905
0.44053 0.07045
0.44131 0.07198
-Inserting Flap s1223rtl-
0.53945 0.175240
0.539340 0.17426
0.53919 0.172830
0.53889 0.171310
0.53838 0.16965
0.53764 0.16778
0.53666 0.165630
0.53544 0.16317
0.53399 0.16045
0.53234 0.15753
0.53056 0.15449
0.52867 0.15140
0.52671 0.14831
0.524710 0.14524
0.52266 0.14221
0.520560 0.13922
0.51842 0.13627
0.5162 0.13334
0.51392 0.13041
0.51156 0.12747
0.50913 0.12451
0.50662 0.1215
0.50406 0.11847
0.50148 0.115430
0.498910 0.11242
0.49639 0.10949
0.49394 0.1067
0.491600 0.10410
0.48938 0.10175
0.48726 0.09966
0.48518 0.09779
0.48312 0.09614
0.48107 0.09467
0.479 0.09337
0.47692 0.09225
0.47482 0.091290
0.47272 0.09049
0.47063 0.089840
0.4686 0.08936
0.46668 0.08902
0.46491 0.08881
0.46334 0.08871
0.46197 0.08869
0.46078 0.08875
0.45975 0.08886
0.458850 0.089020
0.45806 0.0892
0.45737 0.08941
0.45677 0.08964
0.45624 0.08988
0.45577 0.09014
0.45536 0.09041
0.45501 0.0907
0.45472 0.09102
0.4545 0.09139
0.45441 0.09183
0.4545 0.09228
0.45471 0.09273
0.45501 0.09319
0.45539 0.09367
0.45586 0.09421
0.45642 0.0948
0.45711 0.0955
0.45797 0.09632
0.45906 0.09733
0.46047 0.09858
0.46226 0.10013
0.46445 0.10195
0.46694 0.103950
0.46968 0.10605
0.47262 0.10822
0.47574 0.110480
0.47897 0.11279
0.48225 0.11513
0.48551 0.11747
0.48874 0.11979
0.49189 0.12209
0.49498 0.12438
0.49799 0.12667
0.50092 0.12895
0.50377 0.13125
0.50654 0.13356
0.509240 0.1359
0.511860 0.13828
0.51442 0.14069
0.5169 0.14314
0.51931 0.14564
0.52166 0.14819
0.52394 0.15078
0.52614 0.15341
0.528260 0.156070
0.53028 0.15874
0.532160 0.16137
0.53388 0.16391
0.53537 0.16629
0.53662 0.16845
0.53761 0.17037
0.53838 0.172080
0.53895 0.17359
0.53945 0.175240
*.*.Setup: s1223rtl.txt as Flap 1, Inverted: y, Scale = 1.0, AoA = -2.0, Reposition from (0,0) = (0, 0)*.*.
*.*.Setup: s1223rtl.txt as Flap 2, Inverted: y, Scale = 0.35, AoA = 35.0, Reposition from previous T.E. = (0.0067, 0.045), Reposition from (0,0) = (1.0061, 0.0101)*.*.
*.*.Setup: s1223rtl.txt as Flap 3, Inverted: y, Scale = 0.35, AoA = 45.0, Reposition from previous T.E. = (0.04, 0.055), Reposition from (0,0) = (1.3328, 0.2659)*.*.
*.*.Setup: Scale Ratio = 0.34137*.*.