0.33876 0.01183
0.33665 0.01
0.33357 0.00733
0.33 0.00475
0.32574 0.00231
0.32058 -0.00014
0.31439 -0.00273
0.3071 -0.005470
0.29882 -0.0083
0.28976 -0.01118
0.28017 -0.014020
0.27027 -0.01677
0.26023 -0.01941
0.25013 -0.0219
0.24001 -0.02422
0.22989 -0.02637
0.2197200 -0.02834
0.20946 -0.03014
0.19907 -0.0318
0.18849 -0.03333
0.17769 -0.03477
0.16668 -0.03615
0.1555 -0.0375
0.14426 -0.03881
0.13311 -0.04009
0.12221 -0.04128
0.11173 -0.04234
0.1018600 -0.0432
0.09271 -0.04377
0.08423 -0.04401
0.07632 -0.04386
0.06884 -0.04332
0.06174 -0.0424
0.0549500 -0.04108
0.04844 -0.03938
0.04223 -0.03731
0.03632 -0.03491
0.03075 -0.0322
0.0256 -0.02928
0.02095 -0.02627
0.01688 -0.02329
0.0134200 -0.02046
0.01055 -0.01783
0.00819 -0.01541
0.00626 -0.01318
0.0047 -0.01112
0.00343 -0.00922
0.0024 -0.00746
0.00159 -0.00582
0.00095 -0.00428
0.00048 -0.00284
0.00017 -0.00149
0.000013 -0.0002
0.000035 0.00102
0.00027 0.00222
0.00093 0.00329
0.00198 0.00407
0.00330 0.0046
0.00481 0.00496
0.006550 0.00523
0.00854 0.00543
0.01086 0.00558
0.01363 0.00569
0.01701 0.00573
0.021220 0.00571
0.02656 0.00558
0.03328 0.00532
0.04135 0.00488
0.0504 0.0042
0.06013 0.00326
0.07045 0.00207
0.08128 0.00072
0.09245 -0.00073
0.10378 -0.00221
0.11509 -0.00368
0.12626 -0.00510
0.13726 -0.00643
0.1481 -0.00765
0.15875 -0.008730
0.169260 -0.00966
0.17962 -0.01041
0.18985 -0.01097
0.19998 -0.01134
0.21002 -0.01149
0.21998 -0.01143
0.22988 -0.01114
0.23972 -0.01063
0.24951 -0.00989
0.25925 -0.0089100
0.26891 -0.00771
0.27846 -0.006290
0.28781 -0.00466
0.29682 -0.00284
0.30529 -0.00089
0.31299 0.00114
0.31975 0.00321
0.32554 0.00528
0.33044 0.00734
0.33455 0.009380
0.33876 0.01183
-Inserting Flap s1223rtl-
0.44854 0.08061
0.44811 0.07973
0.44749 0.07845
0.44669 0.07713
0.44565 0.07576
0.44433 0.07427
0.44268 0.07259
0.44071 0.07071
0.43843 0.06866
0.43590 0.06650
0.4332 0.06427
0.43039 0.06203
0.42752 0.05981
0.4246 0.05762
0.42166 0.05549
0.41869 0.05342
0.41568 0.05139
0.41263 0.049410
0.40951 0.04745
0.40631 0.04551
0.40302 0.043570
0.39966 0.04162
0.39625 0.03966
0.39281 0.03770
0.38939 0.0357600
0.38604 0.03389
0.38281 0.03211
0.37975 0.03049
0.37688 0.02905
0.37418 0.02781
0.37161 0.02678
0.369130 0.02593
0.36671 0.02526
0.36434 0.02475
0.36201 0.02441
0.35973 0.024230
0.35749 0.02419
0.35533 0.024300
0.35327 0.02454
0.35136 0.02488
0.34965 0.02528
0.348140 0.02572
0.34686 0.02617
0.34577 0.02663
0.34484 0.02708
0.34406 0.02753
0.34339 0.02797
0.34281 0.02840
0.34233 0.028820
0.341910 0.02922
0.34157 0.02962
0.34128 0.03002
0.34105 0.03041
0.34089 0.0308
0.34081 0.03123
0.340870 0.0316600
0.3411 0.03206
0.34146 0.0324
0.34189 0.03273
0.342420 0.03305
0.34303 0.03339
0.343760 0.03376
0.34464 0.03417
0.34572 0.03465
0.34708 0.03521
0.34882 0.0359
0.35102 0.03674
0.35368 0.0377
0.35668 0.038720
0.35995 0.03975
0.36343 0.04077
0.36711 0.04182
0.37091 0.04288
0.37476 0.04395
0.3786 0.04503
0.3824 0.0461
0.38612 0.04717
0.38978 0.04826
0.39336 0.049370
0.39687 0.05051
0.40031 0.05168
0.40369 0.0529
0.407 0.05417
0.410260 0.05549
0.41346 0.056880
0.41661 0.05832
0.41971 0.05983
0.42276 0.06141
0.42576 0.063050
0.42871 0.06476
0.431590 0.06653
0.43438 0.06833
0.43704 0.07015
0.4395 0.07194
0.4417 0.07364
0.4436 0.07523
0.44518 0.07669
0.44648 0.07803
0.44752 0.07925
0.44854 0.08061
-Inserting Flap s1223rtl-
0.54599 0.17976
0.54589 0.17878
0.545740000 0.17737
0.54544 0.17585
0.54493 0.17421
0.5442 0.17235
0.54323 0.17021
0.54202 0.16777
0.54058 0.16507
0.53894 0.16217
0.53716 0.15915
0.53529 0.15609
0.53335 0.15301
0.53136 0.14996
0.52932 0.146960
0.52724 0.14399
0.52511 0.14106
0.52291 0.13815
0.52065 0.135240
0.51831 0.13233
0.51589 0.12938
0.5134 0.1264
0.51086 0.12338
0.5083 0.12037
0.50574 0.11738
0.50324 0.11447
0.50081 0.1117
0.49849 0.10912
0.49628 0.10679
0.49417 0.10471
0.49211 0.10286
0.49007 0.10121
0.48803 0.09975
0.48597 0.09847
0.4839 0.09735
0.481820 0.09639
0.479730 0.09560
0.47766 0.09496
0.47565 0.09448
0.47374 0.09414
0.47198 0.09393
0.47042 0.09383
0.46906 0.09382
0.4678800 0.09387
0.46685 0.09399
0.46596 0.09414
0.46518 0.09432
0.4645 0.09453
0.4639 0.09475
0.46337000 0.095
0.46291 0.09525
0.4625 0.09552
0.46215 0.09581
0.46186 0.09613
0.46164 0.09650
0.46156 0.09693
0.46164 0.09738
0.461850 0.09783
0.46215 0.09828
0.46253 0.09877
0.46299 0.09929
0.46355 0.09989
0.46424 0.10058
0.46509 0.10139
0.46617 0.10239
0.46757 0.10364
0.46935 0.10517
0.47152 0.106990
0.474 0.10897
0.47672 0.111050
0.47964 0.11321
0.48274 0.11545
0.48594 0.11775
0.4892 0.12007
0.49244 0.12239
0.4956400 0.1247
0.49877 0.12698
0.50184 0.12926
0.50482 0.13152
0.50773 0.13379
0.51056 0.13607
0.513320 0.13837
0.516 0.1407
0.51861 0.14306
0.52114 0.14545
0.52361 0.14789
0.526 0.15037
0.528330 0.15289
0.53059 0.15547
0.53278 0.15808
0.53488 0.16072
0.53689 0.163370
0.53876 0.16599
0.54046 0.16851
0.54195 0.17087
0.54319 0.17301
0.54417 0.17492
0.54493 0.17662
0.5455 0.17812
0.54599 0.17976
*.*.Setup: s1223rtl.txt as Flap 1, Inverted: y, Scale = 1.0, AoA = 2.0, Reposition from (0,0) = (0, 0)*.*.
*.*.Setup: s1223rtl.txt as Flap 2, Inverted: y, Scale = 0.35, AoA = 25.0, Reposition from previous T.E. = (0.0067, 0.055), Reposition from (0,0) = (1.0061, 0.0899)*.*.
*.*.Setup: s1223rtl.txt as Flap 3, Inverted: y, Scale = 0.35, AoA = 45.0, Reposition from previous T.E. = (0.04, 0.045), Reposition from (0,0) = (1.3633, 0.2828)*.*.
*.*.Setup: Scale Ratio = 0.33897*.*.