0.33412 0.01167
0.33203 0.00986
0.329 0.00723
0.32548 0.00469
0.32127 0.00228
0.31619 -0.00014
0.31008 -0.0027
0.30289 -0.005390
0.29472 -0.00819
0.28578 -0.01102
0.27633 -0.013820
0.26657 -0.01654
0.25666 -0.01915
0.2467 -0.0216
0.23672 -0.02389
0.22674 -0.02601
0.2167100 -0.02795
0.20659 -0.02973
0.19634 -0.03136
0.18591 -0.03287
0.17526 -0.03429
0.16439 -0.03566
0.15337 -0.03698
0.14228 -0.03828
0.13128 -0.03954
0.12053 -0.04072
0.1102 -0.04176
0.1004600 -0.04261
0.09143 -0.04317
0.08308 -0.0434
0.07527 -0.04326
0.0679 -0.04273
0.06089 -0.04181
0.0541900 -0.04052
0.04778 -0.03884
0.04165 -0.0368
0.03582 -0.03443
0.03033 -0.03176
0.02525 -0.02888
0.02066 -0.02591
0.01665 -0.02297
0.0132400 -0.02018
0.0104 -0.01759
0.00807 -0.0152
0.00618 -0.013
0.00463 -0.01097
0.00338 -0.00909
0.00237 -0.00736
0.00156 -0.00574
0.00094 -0.00422
0.00048 -0.0028
0.00016 -0.00147
0.000013 -0.0002
0.000035 0.00101
0.00027 0.00219
0.00092 0.00324
0.00196 0.00401
0.003250 0.00453
0.00475 0.00489
0.006460 0.00516
0.00842 0.00535
0.01071 0.00551
0.01345 0.00561
0.01678 0.00566
0.020930 0.00563
0.0262 0.00551
0.03283 0.00525
0.04078 0.00481
0.04971 0.00415
0.0593 0.00322
0.06948 0.00204
0.08016 0.00071
0.09118 -0.00072
0.10236 -0.00218
0.11351 -0.00363
0.12453 -0.005030
0.13538 -0.00634
0.14606 -0.00754
0.15658 -0.008610
0.166940 -0.00953
0.17715 -0.01027
0.18725 -0.01082
0.19724 -0.01118
0.20714 -0.01133
0.21697 -0.01127
0.22673 -0.01099
0.23644 -0.01048
0.24609 -0.00975
0.2557 -0.0087900
0.26523 -0.00761
0.27464 -0.00620
0.28386 -0.0046
0.29275 -0.00281
0.30111 -0.00088
0.3087 0.00113
0.31537 0.00316
0.32108 0.00521
0.32591 0.00724
0.32997 0.009250
0.33412 0.01167
-Inserting Flap s1223rtl-
0.45048 0.085590
0.45011 0.08470
0.44957 0.0834
0.44886 0.08206
0.44791 0.08065
0.44669 0.0791
0.44517 0.077350
0.44334 0.07539
0.44121 0.07324
0.438850 0.07097
0.43631 0.06862
0.43368 0.06625
0.43097 0.0639
0.428230 0.06158
0.42545 0.05931
0.42265 0.0571
0.41981 0.05493
0.41691 0.05281
0.41395 0.0507
0.41091 0.04861
0.40779 0.04651
0.40459 0.04439
0.40134 0.04227
0.39806 0.04014
0.39481 0.038040
0.391620 0.036
0.388540 0.03406
0.38562 0.03229
0.38287 0.03071
0.38029 0.02934
0.37782 0.02817
0.37542 0.02719
0.37308 0.02639
0.37078 0.02576
0.36851 0.02529
0.36627 0.024980
0.36407 0.02482
0.36193 0.0248
0.35989 0.02492
0.35799 0.025140
0.356280 0.02544
0.35478 0.02578
0.35348 0.02615
0.35238 0.02654
0.35144 0.026940
0.35065 0.02733
0.34996 0.02773
0.34937 0.02812
0.34887 0.0285
0.34844 0.02888
0.34807 0.02925
0.34777 0.02962
0.34752 0.02999
0.34734 0.03037
0.34723 0.03079
0.347280 0.03122
0.34748 0.03162
0.34781 0.03198
0.34822 0.03233
0.34871 0.03267
0.3493 0.03304
0.35 0.03345
0.35084 0.0339
0.35187 0.03443
0.35318 0.03507
0.35485 0.03585
0.35697 0.0368
0.35954 0.0379
0.36244 0.03907
0.36559 0.04027
0.36897 0.04148
0.37253 0.04272
0.3762 0.04399
0.37994 0.04526
0.38366 0.04654
0.38733 0.04781
0.39094 0.04909
0.39448 0.05037
0.39794 0.05166
0.40133 0.05299
0.40465 0.05434
0.40791 0.05573
0.4111 0.05717
0.41423 0.05866
0.4173 0.06021
0.42032 0.06181
0.42328 0.06348
0.42620 0.0652
0.42906 0.067
0.43187 0.068850
0.4346 0.070750
0.43724 0.07269
0.43976 0.074630
0.44208 0.07653
0.44415 0.07834
0.44592 0.08001
0.4474 0.08154
0.4486 0.08293
0.44956 0.08419
0.45048 0.085590
-Inserting Flap s1223rtl-
0.5466 0.18337
0.54649 0.18241
0.54635 0.18102
0.54605 0.17953
0.54555 0.1779
0.54483 0.17607
0.54387 0.17396
0.54268 0.17155
0.54125 0.16889
0.53964 0.16603
0.53789 0.16305
0.53604 0.16003
0.53413 0.15700
0.532160 0.15399
0.53015 0.15102
0.52810 0.1481
0.526 0.14521
0.52383 0.14234
0.5216 0.13947
0.51929 0.1366
0.5169 0.13369
0.51445 0.13075
0.51194 0.12778
0.50942 0.1248
0.50690 0.12185
0.50443 0.11898
0.50203 0.11625
0.49974 0.11371
0.49757 0.11141
0.49548 0.10935
0.49345 0.10753
0.49144 0.1059
0.48942 0.104470
0.4874 0.1032
0.48536 0.1021
0.4833 0.10115
0.48124 0.10037
0.4792 0.09974
0.47721 0.09927
0.47533 0.09893
0.4736 0.09873
0.47206 0.09863
0.47072 0.098610
0.46955 0.09867
0.46854 0.09878
0.467660 0.09893
0.46689 0.099110
0.46622 0.09932
0.46563 0.09954
0.46511 0.09978
0.46465 0.10003
0.46425 0.1003
0.46391 0.10058
0.463620 0.100890
0.4634 0.10126
0.46332 0.10168
0.4634 0.102130
0.46361 0.10257
0.4639 0.10302
0.46428 0.10349
0.46473 0.10401
0.46529 0.1046
0.46596 0.10528
0.4668 0.106090
0.46787 0.10707
0.46925 0.1083
0.47101 0.10981
0.47315 0.1116
0.47559 0.11356
0.47827 0.11561
0.48115 0.11774
0.48421 0.11995
0.48737 0.12222
0.49058 0.12451
0.49378 0.1268
0.49693 0.129070
0.50002 0.13133
0.50305 0.13357
0.50599 0.13580
0.50886 0.13804
0.51165 0.14029
0.51437 0.14256
0.51701 0.14485
0.519580 0.14718
0.52208 0.149540
0.52452 0.15194
0.52688 0.15439
0.52918 0.15688
0.53141 0.159420
0.53356 0.161990
0.53564 0.1646
0.53761 0.16722
0.53946 0.1698
0.54114 0.17228
0.54261 0.17461
0.54383 0.17672
0.54480 0.17861
0.54555 0.18028
0.54611 0.18176
0.5466 0.18337
*.*.Setup: s1223rtl.txt as Flap 1, Inverted: y, Scale = 1.0, AoA = 2.0, Reposition from (0,0) = (0, 0)*.*.
*.*.Setup: s1223rtl.txt as Flap 2, Inverted: y, Scale = 0.35, AoA = 28.333333333333332, Reposition from previous T.E. = (0.04, 0.055), Reposition from (0,0) = (1.0394, 0.0899)*.*.
*.*.Setup: s1223rtl.txt as Flap 3, Inverted: y, Scale = 0.35, AoA = 45.0, Reposition from previous T.E. = (0.04, 0.045), Reposition from (0,0) = (1.3875, 0.301)*.*.
*.*.Setup: Scale Ratio = 0.33432*.*.