0.34307 0.01198
0.34093 0.01013
0.33781 0.00743
0.3342 0.00481
0.32988 0.00234
0.32466 -0.00015
0.31838 -0.00277
0.31101 -0.005540
0.30262 -0.00841
0.29344 -0.01132
0.28373 -0.014190
0.27371 -0.01699
0.26353 -0.01966
0.25331 -0.02218
0.24306 -0.02453
0.23281 -0.0267
0.2225100 -0.0287
0.21213 -0.03052
0.2016 -0.0322
0.19089 -0.03375
0.17995 -0.03521
0.1688 -0.03661
0.15748 -0.03797
0.1461 -0.03931
0.1348 -0.0406
0.12376 -0.04181
0.11315 -0.04288
0.1031500 -0.04375
0.09388 -0.04433
0.0853 -0.04457
0.07729 -0.04442
0.06972 -0.04387
0.06252 -0.04293
0.0556400 -0.0416
0.04906 -0.03988
0.04276 -0.03779
0.03678 -0.03535
0.03114 -0.03261
0.02592 -0.02965
0.02122 -0.0266
0.0171 -0.02358
0.0135900 -0.02072
0.01068 -0.01806
0.00829 -0.01561
0.00634 -0.01335
0.00476 -0.01126
0.00347 -0.00934
0.00243 -0.00755
0.00161 -0.00589
0.00096 -0.00434
0.00049 -0.00288
0.00017 -0.0015
0.000013 -0.00021
0.000035 0.00104
0.00028 0.00225
0.00095 0.00333
0.00201 0.00412
0.003340 0.00465
0.00488 0.00502
0.006630 0.00529
0.00865 0.0055
0.011 0.00565
0.01381 0.00576
0.01723 0.00581
0.021490 0.00578
0.0269 0.00565
0.03371 0.00539
0.04188 0.00494
0.05104 0.00426
0.06089 0.0033
0.07134 0.0021
0.08231 0.00073
0.09363 -0.00074
0.1051 -0.00224
0.11655 -0.00373
0.12786 -0.005160
0.13901 -0.00651
0.14998 -0.00775
0.16077 -0.008840
0.171410 -0.00978
0.1819 -0.01054
0.19226 -0.01111
0.20252 -0.01148
0.21269 -0.01164
0.22278 -0.01157
0.2328 -0.01128
0.24277 -0.01076
0.25269 -0.01001
0.26254 -0.0090300
0.27233 -0.00781
0.282 -0.006370
0.29147 -0.00472
0.30059 -0.00288
0.30917 -0.0009
0.31697 0.00116
0.32381 0.00325
0.32968 0.00535
0.33464 0.00744
0.33881 0.00950
0.34307 0.01198
-Inserting Flap s1223rtl-
0.43967 0.084450
0.43928 0.083540
0.43872 0.0822
0.438 0.08082
0.43702 0.07938
0.43577 0.07779
0.43421 0.075990
0.43233 0.07398
0.43014 0.07177
0.42772 0.06944
0.42512 0.06703
0.42241 0.06459
0.419630 0.06218
0.41681 0.0598
0.41397 0.05747
0.41109 0.0552
0.40817 0.05297
0.40519 0.05079
0.40215 0.04863
0.39903 0.04648
0.39583 0.04432
0.39254 0.04215
0.38921 0.03997
0.38584 0.03778
0.3825 0.035620
0.37922 0.03353
0.37606 0.03154
0.37306 0.02972
0.37024 0.0281
0.36759 0.02669
0.36505 0.02549
0.36259 0.02449
0.36019 0.02367
0.35783 0.02302
0.35549 0.02253
0.35319 0.022210
0.35094 0.02205
0.348740 0.02203
0.34665 0.02215
0.3447 0.022380
0.34294 0.02268
0.34139 0.02304
0.34007 0.02342
0.33894 0.02382
0.33797 0.024220
0.33715 0.02463
0.33645 0.02504
0.33585 0.02544
0.33533 0.02583
0.33489 0.02622
0.33451 0.0266
0.3342 0.02698
0.33395 0.02736
0.33376 0.02775
0.333650 0.02818
0.33369 0.02862
0.3339 0.02903
0.33424 0.02941
0.33466 0.02976
0.33517 0.03012
0.33577 0.03049
0.336490 0.03091
0.33735 0.03138
0.33841 0.03192
0.33976 0.03258
0.34147 0.03338
0.34365 0.03435
0.34628 0.03548
0.34926 0.03669
0.3525 0.03792
0.35596 0.03916
0.35962 0.04044
0.3634 0.04173
0.36723 0.04304
0.371050 0.04435
0.37482 0.04566
0.37853 0.04697
0.38216 0.04828
0.38572 0.04962
0.3892 0.05097
0.39261 0.05236
0.39595 0.05379
0.39922 0.05527
0.40244 0.0568
0.40559 0.05839
0.40869 0.06003
0.41174 0.06174
0.41473 0.06352
0.41767 0.06536
0.42055 0.067260
0.423360 0.069210
0.42607 0.0712
0.42865 0.073190
0.43103 0.07515
0.43316 0.077
0.43498 0.07872
0.4365 0.08029
0.43773 0.08172
0.43871 0.08301
0.43967 0.084450
-Inserting Flap s1223rtl-
0.545430 0.18056
0.54524 0.17959
0.54497 0.17817
0.54453 0.17667
0.54387 0.17506
0.54297 0.17325
0.5418 0.17117
0.54037 0.16882
0.53867 0.16622
0.53677 0.16344
0.53471 0.16055
0.53255 0.15762
0.53032 0.154690
0.52804 0.15179
0.52572 0.14894
0.52336 0.14613
0.52095 0.14336
0.51848 0.14062
0.51594 0.13789
0.51332 0.13515
0.51062 0.13239
0.50784 0.12960
0.50501 0.12679
0.50216 0.12397
0.49932 0.12118
0.49654 0.11847
0.49384 0.11589
0.49127 0.11349
0.48884 0.11133
0.48653 0.109420
0.48428 0.10773
0.48208 0.10625
0.479890 0.10496
0.47771 0.10385
0.47552 0.1029
0.47333 0.10212
0.47116 0.1015
0.46901 0.10105
0.46694 0.10074
0.46498 0.10057
0.46319 0.10051
0.46161 0.10054
0.46023 0.10065
0.45905 0.10081
0.45802 0.10101
0.45714 0.10125
0.45637 0.1015
0.45570 0.10177
0.45511 0.10205
0.4546 0.10234
0.45415 0.10264
0.45377 0.10295
0.45344 0.10327
0.45318 0.10362
0.45299 0.10401
0.45294 0.10445
0.45306 0.1049
0.45332 0.10533
0.45366 0.10577
0.45408 0.10622
0.4546 0.10671
0.45521 0.10726
0.45596 0.10789
0.45690 0.108640
0.45808 0.10956
0.4596 0.11069
0.46153 0.11208
0.46388 0.11372
0.46656 0.1155
0.46948 0.11736
0.47262 0.11928
0.475940 0.12127
0.479380 0.1233
0.48287 0.12536
0.48634 0.12741
0.48977 0.12946
0.49314 0.13149
0.49643 0.133510
0.49964 0.13553
0.50278 0.13757
0.50584 0.13962
0.50882 0.141690
0.51173 0.1438
0.51456 0.14595
0.51733 0.14814
0.52004 0.15038
0.52267 0.15267
0.52525 0.15502
0.52775 0.15741
0.53019 0.159860
0.53255 0.16234
0.5348 0.16483
0.53692 0.16731
0.53886 0.1697
0.54057 0.17195
0.54201 0.174
0.54317 0.17584
0.54409 0.17749
0.54479 0.17895
0.545430 0.18056
*.*.Setup: s1223rtl.txt as Flap 1, Inverted: y, Scale = 1.0, AoA = 2.0, Reposition from (0,0) = (0, 0)*.*.
*.*.Setup: s1223rtl.txt as Flap 2, Inverted: y, Scale = 0.35, AoA = 28.333333333333332, Reposition from previous T.E. = (-0.0267, 0.045), Reposition from (0,0) = (0.9727, 0.0799)*.*.
*.*.Setup: s1223rtl.txt as Flap 3, Inverted: y, Scale = 0.35, AoA = 40.0, Reposition from previous T.E. = (0.04, 0.055), Reposition from (0,0) = (1.3208, 0.301)*.*.
*.*.Setup: Scale Ratio = 0.34328*.*.