0.36245 -0.01266
0.36006 -0.01445
0.35658 -0.01707
0.35257 -0.019560
0.34784 -0.02184
0.34215 -0.02408
0.33535 -0.02638
0.32737 -0.028760
0.31832 -0.03117
0.308430 -0.03355
0.29798 -0.03587
0.28722 -0.03808
0.27630 -0.04014
0.26533 -0.04205
0.25436 -0.04377
0.24340 -0.0453
0.23240 -0.046640
0.22132 -0.0478
0.2101 -0.04879
0.19869 -0.04964
0.18706 -0.05037
0.1752 -0.05103
0.16317 -0.05163
0.15108 -0.05219
0.13908 -0.05272
0.12735 -0.053180
0.11609 -0.0535300
0.10549 -0.053710
0.095680 -0.05364
0.08662 -0.05326
0.07818 -0.052510
0.07025 -0.05138
0.06273 -0.04986
0.05558 -0.04795
0.04877 -0.04565
0.04228 -0.04298
0.03616 -0.0399700
0.030420 -0.03666
0.02514 -0.03316
0.0204 -0.0296
0.016280 -0.02612
0.0128 -0.02284
0.00993 -0.01982
0.00759 -0.017060
0.0057 -0.01454
0.00418 -0.0122200
0.00297 -0.0101
0.00201 -0.00814
0.00126 -0.00633
0.0007 -0.00464
0.0003 -0.00307
7e-05 -0.0016
-0.000029 -0.00022
9e-05 0.00109
0.00046 0.00235
0.00124 0.003440
0.00242 0.0042
0.00386 0.00466
0.005510 0.00494
0.00738 0.00509
0.009520 0.00516
0.01201 0.00515
0.01498 0.005050
0.01858 0.00485
0.02308 0.00451
0.02877 0.00398
0.03592 0.0032
0.044500 0.002120
0.05411 0.00072
0.06442 -0.00101
0.07534 -0.00305
0.0868 -0.0053
0.09862 -0.00768
0.1106 -0.01011
0.12256 -0.01252
0.13438 -0.01486
0.14602 -0.017110
0.15749 -0.01922
0.168790 -0.02117
0.17993 -0.02294
0.19093 -0.02452
0.20181 -0.02588
0.212600 -0.02702
0.2233 -0.02794
0.23394 -0.02861
0.24452 -0.02905
0.25507 -0.02924
0.26557 -0.02917
0.27604 -0.02886
0.28644 -0.0283
0.29673 -0.0275
0.30684 -0.02645
0.31659 -0.02519
0.32578 -0.02374
0.33415 -0.02214
0.34152 -0.02044
0.347850 -0.01866
0.35323 -0.01683
0.35778 -0.01496
0.36245 -0.01266
-Inserting Flap s1223rtl-
0.46081 0.07393
0.46047 0.07294
0.45996 0.0715
0.45928 0.07
0.45834 0.06842
0.45712 0.066660
0.45558 0.06467
0.45372 0.06243
0.45155 0.05997
0.44913 0.05736
0.44654 0.05466
0.44383 0.05193
0.44105 0.04921
0.43823 0.046520
0.43537 0.04389
0.43247 0.041320
0.42952 0.03879
0.42652 0.03631
0.42345 0.03384
0.42029 0.03138
0.41704 0.02891
0.41371 0.02642
0.41033 0.02391
0.40691 0.0214
0.40352 0.01892
0.40019 0.01651
0.39698 0.01422
0.39393 0.0121100
0.39106 0.01023
0.38834 0.00858
0.385740 0.00716
0.38321 0.00595
0.38073 0.00494
0.37827 0.00411
0.37584 0.00345
0.37343 0.00297
0.37106 0.00266
0.368750 0.00251
0.36654 0.00251
0.36446 0.00263
0.36259 0.00284
0.36094 0.00312
0.3595200 0.00344
0.3583 0.00379
0.35726 0.00416
0.35637 0.00454
0.3556 0.00492
0.35494 0.00531
0.354370 0.00569
0.35388 0.00607
0.35346 0.00645
0.35311 0.00684
0.35282 0.00722
0.35259 0.00762
0.35246 0.00806
0.35247 0.00853
0.35267 0.00898
0.353 0.0094
0.35343 0.0098
0.35394 0.0102
0.35455 0.01064
0.35528 0.01112
0.35616 0.01167
0.35725 0.012310
0.35863 0.01308
0.36039 0.01403
0.36262 0.01519
0.36533 0.01654
0.3684 0.018
0.37174 0.0195
0.37532 0.02102
0.37909 0.02259
0.383 0.02419
0.38696 0.02581
0.390910 0.02742
0.39481 0.02903
0.39863 0.03064
0.40238 0.03225
0.40605 0.0338700
0.40964 0.03552
0.41315 0.03719
0.41659 0.03891
0.419950 0.04067
0.42325 0.04248
0.42648 0.04434
0.42964 0.04627
0.43275 0.04826
0.4358 0.05032
0.43879 0.05244
0.44171 0.054620
0.44455 0.05685
0.44729 0.05912
0.44989 0.06138
0.45228 0.06358
0.45441 0.06567
0.45623 0.0676
0.45773 0.06935
0.45894 0.07092
0.4599 0.072350
0.46081 0.07393
-Inserting Flap s1223rtl-
0.53629 0.17184
0.53609 0.17081
0.5358 0.16932
0.53534 0.16773
0.53464 0.16603
0.53369 0.164120
0.53246 0.16192
0.53094 0.15944
0.52915 0.15669
0.52714 0.15375
0.52496 0.1507
0.52268 0.14761
0.52032 0.14451
0.51791 0.14145
0.51546 0.13843
0.51297 0.13547
0.51042 0.13254
0.50781 0.12965
0.50513 0.12676
0.502360 0.12387
0.49951 0.12095
0.49657 0.11801
0.49359 0.11503
0.49057 0.11205
0.48758 0.10911
0.48463 0.106240
0.48179 0.10351
0.47907 0.10098
0.4765 0.0987
0.47406 0.09668
0.47169 0.0949
0.46936 0.09334
0.4670500 0.09197
0.46474 0.09079
0.46243 0.0898
0.46012 0.08897
0.45782 0.08832
0.45555 0.087840
0.45336 0.08751
0.45129 0.087330
0.4494 0.08727
0.44773 0.08731
0.44628 0.08742
0.44502 0.08759
0.44394 0.0878
0.443 0.08805
0.44219 0.08832
0.441480 0.0886
0.44086 0.0889
0.44032 0.0892
0.43985 0.08952
0.43945 0.08985
0.4391 0.09019
0.43882 0.09055
0.43862 0.09097
0.43857 0.091430
0.4387 0.09191
0.43897 0.09236
0.43933 0.09282
0.43978 0.0933
0.440320 0.09382
0.44097 0.09440
0.44177 0.09507
0.44275 0.09586
0.444 0.09683
0.44561 0.09802
0.44765 0.09949
0.45013 0.1012200
0.45296 0.10311
0.45605 0.10507
0.45936 0.1071
0.462870 0.1092
0.4665 0.11135
0.47019 0.11352
0.47386 0.11569
0.47749 0.11785
0.48104 0.12
0.48452 0.12213
0.48791 0.12427
0.49123 0.126420
0.49446 0.12859
0.49761 0.13078
0.50068 0.13301
0.50368 0.13528
0.5066 0.13759
0.50946 0.13996
0.51224 0.14238
0.514960 0.14486
0.51761 0.14739
0.52019 0.14997
0.52267 0.15259
0.52506 0.155230
0.5273 0.15784
0.52935 0.16037
0.53115 0.162740
0.53267 0.16491
0.53390 0.16686
0.53487 0.1686
0.53562 0.17015
0.53629 0.17184
*.*.Setup: s1223rtl.txt as Flap 1, Inverted: y, Scale = 1.0, AoA = -2.0, Reposition from (0,0) = (0, 0)*.*.
*.*.Setup: s1223rtl.txt as Flap 2, Inverted: y, Scale = 0.35, AoA = 31.666666666666668, Reposition from previous T.E. = (-0.0267, 0.055), Reposition from (0,0) = (0.9727, 0.0201)*.*.
*.*.Setup: s1223rtl.txt as Flap 3, Inverted: y, Scale = 0.35, AoA = 40.0, Reposition from previous T.E. = (-0.06, 0.045), Reposition from (0,0) = (1.2106, 0.2488)*.*.
*.*.Setup: Scale Ratio = 0.36267*.*.