0.33104 0.03479
0.32910 0.03286
0.32627 0.03003
0.32295 0.02726
0.31894 0.02458
0.314060 0.021820
0.30816 0.01886
0.30121 0.01568
0.293290 0.01233
0.284610 0.0089
0.27542 0.00546
0.26591 0.00208
0.256250 -0.001190
0.24653 -0.00432
0.23678 -0.00729
0.22701 -0.010080
0.21718 -0.01271
0.20726 -0.01518
0.1971900 -0.01751
0.18693 -0.01974
0.17645 -0.02189
0.16575 -0.024
0.1549 -0.02608
0.14398 -0.028140
0.13314 -0.03015
0.12254 -0.03207
0.11235 -0.03382
0.10274 -0.03534
0.09381 -0.03653
0.08553 -0.03734
0.07777 -0.03774
0.07041 -0.03772
0.06338 -0.0373
0.05664 -0.03648
0.05015 -0.03526
0.04392 -0.03366
0.037970 -0.03171
0.03233 -0.02944
0.02708 -0.02693
0.02232 -0.02429
0.01813 -0.021660
0.01455 -0.01912
0.01155 -0.01675
0.00907 -0.01454
0.00704 -0.01248
0.005360 -0.01057
0.00399 -0.00880
0.00286 -0.00714
0.00195 -0.00559
0.00123 -0.004130
0.00067 -0.00275
0.00026 -0.00144
0.000055 -0.0002
-6e-05 0.001
0.00012 0.0022
0.00069 0.00328
0.00167 0.00412
0.002920 0.00473
0.00438 0.005190
0.00605 0.00557
0.00799 0.0059
0.01026 0.00621
0.01297 0.0065
0.01627 0.00678
0.0204 0.007050
0.02564 0.00729
0.03224 0.00749
0.04017 0.007610
0.04909 0.00757
0.05868 0.00731
0.06887 0.00686
0.07957 0.00627
0.09062 0.00562
0.10182 0.00494
0.11299 0.00428
0.124030 0.00365
0.1349 0.0031
0.14560 0.00265
0.15612 0.00232
0.16647 0.00213
0.176670 0.00211
0.18673 0.00226
0.19668 0.00259
0.20652 0.00313
0.21628 0.00388
0.22596 0.00483
0.23556 0.00601
0.2451 0.00741
0.25457 0.00903
0.26396 0.01086
0.27321 0.012910
0.28226 0.01515
0.29096 0.01755
0.29913 0.02004
0.30653 0.02256
0.313010 0.02505
0.31854 0.02747
0.3232 0.02983
0.32709 0.03210
0.33104 0.03479
-Inserting Flap s1223rtl-
0.44351 0.110930
0.4432 0.110030
0.44273 0.10871
0.4421 0.10733
0.44124 0.10588
0.44012 0.10427
0.43871 0.10244
0.437 0.10038
0.43501 0.09813
0.43279 0.09573
0.43041 0.09325
0.42793 0.09074
0.42538 0.08824
0.422780 0.08578
0.42016 0.08337
0.4175 0.08101
0.4148 0.07869
0.41204 0.0764
0.40922 0.07414
0.40632 0.07188
0.40334 0.06962
0.400280 0.06733
0.3971800 0.06503
0.394040 0.06272
0.39093 0.06044
0.38788 0.05823
0.38493 0.05614
0.38213 0.0542
0.37949 0.05247
0.377 0.05096
0.37461 0.04966
0.372290 0.04855
0.37001 0.04761
0.36776 0.04685
0.36552 0.04625
0.36332 0.045810
0.36114 0.045530
0.35902 0.04539
0.35698 0.045380
0.35508 0.045490
0.353360 0.04569
0.35185 0.04595
0.35054 0.04624
0.34942 0.04656
0.34847 0.0469
0.347650 0.04725
0.34695 0.0476
0.34634 0.04795
0.34582 0.04831
0.34537 0.04866
0.34498 0.04901
0.344660 0.04936
0.344390 0.04971
0.344190 0.05008
0.34406 0.05048
0.344080 0.05091
0.34426 0.05133
0.34456 0.05171
0.34495 0.052070
0.34542 0.05245
0.34598 0.05285
0.34665 0.05329
0.34746 0.05379
0.34846 0.05438
0.34972 0.05509
0.35134 0.05596
0.35339 0.05702
0.35588 0.058260
0.35869 0.0596
0.36176 0.06098
0.36504 0.062380
0.36851 0.06381
0.372090 0.06528
0.37573 0.06677
0.37935 0.06825
0.38293 0.069730
0.38644 0.07120
0.38989 0.07268
0.39325 0.07417
0.39655 0.07568
0.39977 0.07722
0.40292 0.078790
0.40601 0.08041
0.40903 0.08207
0.412 0.0837800
0.41491 0.08555
0.41776 0.08738
0.42056 0.08927
0.4233 0.09121
0.42598 0.09322
0.428590 0.09526
0.4311 0.09734
0.43349 0.09942
0.43568 0.10144
0.43764 0.10336
0.4393 0.10513
0.44068 0.10673
0.44179 0.10818
0.44268 0.10949
0.44351 0.110930
-Inserting Flap s1223rtl-
0.55226 0.19607
0.552 0.195140
0.551610 0.19380
0.55106 0.192390
0.550290 0.19088
0.54926 0.18921
0.5479600 0.18731
0.54638 0.185150
0.54452 0.18279
0.54244 0.18026
0.54021 0.177650
0.53788 0.175
0.53547 0.17236
0.53303 0.16975
0.53055 0.16719
0.52803 0.16467
0.52547 0.1622
0.52285 0.15976
0.52016 0.15734
0.5174 0.15492
0.51456 0.15248
0.511640 0.15002
0.50867 0.14754
0.50568 0.14506
0.5027 0.1426
0.49978 0.14022
0.49696 0.13795
0.49428 0.13586
0.491750 0.13398
0.48935 0.13232
0.48704 0.13089
0.48478 0.129640
0.48256 0.12858
0.48036 0.12769
0.478170 0.12696
0.47599 0.12639
0.47383 0.12598
0.471720 0.12572
0.46969 0.125590
0.46779 0.12559
0.46606 0.12569
0.46453 0.12586
0.46321 0.12608
0.46207 0.12633
0.4611 0.12661
0.46027 0.12691
0.45954 0.12723
0.45892 0.12754
0.45838 0.12786
0.45791 0.12819
0.4575 0.12851
0.45716 0.12884
0.45687 0.12918
0.45664 0.12954
0.4564900 0.12993
0.45648 0.13036
0.45664 0.130790
0.45692 0.13118
0.45729 0.13157
0.45774 0.13197
0.45827 0.1324
0.45892 0.13288
0.45969 0.13343
0.46066 0.13408
0.461880 0.13486
0.46344 0.13582
0.46543 0.13701
0.46784 0.13839
0.47057 0.13989
0.47355 0.14144
0.47675 0.14303
0.48012 0.1446600
0.48361 0.14634
0.48716 0.14803
0.49069 0.14972
0.49418 0.15141
0.4976 0.15308
0.50095 0.15476
0.50423 0.15644
0.50743 0.15814
0.51055 0.15986
0.51361 0.16162
0.5166 0.16341
0.51952 0.16524
0.52238 0.16713
0.52518 0.16906
0.52792 0.17105
0.5306 0.1731
0.53323 0.1752
0.535790 0.17736
0.53827 0.17955
0.54066 0.18177
0.54292 0.18398
0.545 0.18613
0.54684 0.18816
0.5484 0.19002
0.54968 0.1917
0.5507 0.19321
0.55151 0.19457
0.55226 0.19607
*.*.Setup: s1223rtl.txt as Flap 1, Inverted: y, Scale = 1.0, AoA = 6.0, Reposition from (0,0) = (0, 0)*.*.
*.*.Setup: s1223rtl.txt as Flap 2, Inverted: y, Scale = 0.35, AoA = 31.666666666666668, Reposition from previous T.E. = (0.04, 0.045), Reposition from (0,0) = (1.0345, 0.1495)*.*.
*.*.Setup: s1223rtl.txt as Flap 3, Inverted: y, Scale = 0.35, AoA = 35.0, Reposition from previous T.E. = (0.04, 0.055), Reposition from (0,0) = (1.3724, 0.3883)*.*.
*.*.Setup: Scale Ratio = 0.33287*.*.