0.3394 0.01185
0.33728 0.01002
0.3342 0.00735
0.33062 0.00476
0.32635 0.00232
0.32118 -0.00014
0.31498 -0.00274
0.30768 -0.005480
0.29938 -0.00832
0.2903 -0.0112
0.28069 -0.014040
0.27078 -0.01681
0.26071 -0.01945
0.2506 -0.02194
0.24046 -0.02427
0.23032 -0.02642
0.2201300 -0.02839
0.20986 -0.0302
0.19944 -0.03186
0.18884 -0.03339
0.17802 -0.03484
0.16699 -0.03622
0.15579 -0.03757
0.14453 -0.03889
0.13336 -0.04016
0.12244 -0.04136
0.11194 -0.04242
0.1020500 -0.04328
0.09288 -0.04386
0.08439 -0.04409
0.07646 -0.04394
0.06897 -0.0434
0.06185 -0.04248
0.0550500 -0.04116
0.04853 -0.03945
0.04231 -0.03738
0.03638 -0.03497
0.03081 -0.03226
0.02565 -0.02934
0.02099 -0.02631
0.01691 -0.02333
0.0134500 -0.0205
0.01057 -0.01787
0.0082 -0.01544
0.00627 -0.01321
0.00471 -0.01114
0.00343 -0.00924
0.00241 -0.00747
0.00159 -0.00583
0.00095 -0.00429
0.00048 -0.00285
0.00017 -0.00149
0.000013 -0.0002
0.000035 0.00102
0.00028 0.00223
0.00094 0.00329
0.00199 0.00408
0.00330 0.0046
0.00482 0.00497
0.006560 0.00524
0.00855 0.00544
0.01088 0.00559
0.01366 0.0057
0.01704 0.00575
0.021260 0.00572
0.02661 0.00559
0.03335 0.00533
0.04143 0.00489
0.0505 0.00421
0.06024 0.00327
0.07058 0.00208
0.08143 0.00072
0.09262 -0.00073
0.10397 -0.00222
0.1153 -0.00369
0.12649 -0.005110
0.13752 -0.00644
0.14837 -0.00766
0.15905 -0.008750
0.169570 -0.00968
0.17995 -0.01043
0.19021 -0.01099
0.20036 -0.01136
0.21041 -0.01151
0.22039 -0.01145
0.23031 -0.01116
0.24017 -0.01065
0.24998 -0.00991
0.25974 -0.0089300
0.26942 -0.00773
0.27898 -0.00630
0.28835 -0.00467
0.29738 -0.00285
0.30586 -0.00089
0.31358 0.00114
0.32035 0.00321
0.32615 0.00529
0.33106 0.00736
0.33518 0.009390
0.3394 0.01185
-Inserting Flap s1223rtl-
0.43496 0.090340
0.43458 0.089430
0.43403 0.08812
0.43331 0.08675
0.43235 0.08532
0.43111 0.08375
0.42957 0.081970
0.4277 0.07998
0.42554 0.0778
0.42314 0.07549
0.42057 0.0731
0.41789 0.07069
0.415140 0.0683
0.41235 0.06595
0.40954 0.06365
0.40669 0.0614
0.4038 0.0592
0.40086 0.05704
0.39785 0.0549
0.39476 0.05277
0.39159 0.05064
0.38834 0.04849
0.38504 0.04633
0.38171 0.04417
0.37841 0.042030
0.37517 0.03996
0.37204 0.038
0.36907 0.03619
0.36628 0.03459
0.36366 0.0332
0.36115 0.03201
0.35871 0.03102
0.35634 0.03021
0.354 0.02956
0.35169 0.02909
0.34941 0.028770
0.34718 0.02861
0.345010 0.02859
0.34294 0.02871
0.34101 0.028930
0.33927 0.02923
0.33774 0.02958
0.33643 0.02996
0.33531 0.03036
0.33436 0.030760
0.33355 0.03116
0.33285 0.03156
0.33225 0.03196
0.33174 0.03234
0.33131 0.03273
0.33093 0.03311
0.33062 0.03349
0.33037 0.03386
0.33018 0.03425
0.330080 0.03467
0.33012 0.0351
0.33033 0.03551
0.33066 0.03588
0.33108 0.03623
0.33158 0.03659
0.33218 0.03696
0.332890 0.03737
0.33374 0.03783
0.33479 0.03837
0.33612 0.03902
0.33782 0.03981
0.33997 0.04078
0.34258 0.04189
0.34553 0.04309
0.34873 0.0443
0.35216 0.04554
0.35577 0.04679
0.35951 0.04808
0.3633 0.04937
0.367080 0.05067
0.37081 0.05196
0.37448 0.05326
0.37807 0.05456
0.38159 0.05588
0.38503 0.05722
0.38841 0.05859
0.39171 0.06001
0.39495 0.06147
0.39813 0.06298
0.40125 0.06455
0.40432 0.06618
0.40733 0.06787
0.41029 0.06963
0.4132 0.07145
0.41605 0.073330
0.418830 0.075260
0.42151 0.07723
0.42406 0.07920
0.42642 0.08113
0.42852 0.08297
0.43033 0.08467
0.43183 0.08622
0.43304 0.08763
0.43402 0.08891
0.43496 0.090340
-Inserting Flap s1223rtl-
0.54591 0.17719
0.54564 0.176250
0.54524 0.174880
0.54469 0.173440
0.5439 0.17191
0.542850 0.17020
0.54152 0.16825
0.53990 0.16606
0.53801 0.16364
0.53589 0.16107
0.53362 0.1584
0.53123 0.1557
0.528780 0.15301
0.52629 0.15034
0.52376 0.14773
0.52119 0.14517
0.51857000 0.14264
0.5159 0.14016
0.51316 0.13768
0.51034 0.13521
0.50744 0.13273
0.50447 0.13022
0.501440 0.12769
0.49838 0.12515
0.49535 0.12265
0.49237 0.12021
0.48949 0.1179
0.48675 0.11577
0.48417 0.11385
0.48172 0.11216
0.47937 0.11069
0.47707 0.109420
0.474800 0.10834
0.47255 0.10743
0.47031 0.10669
0.46809 0.10611
0.46589 0.10569
0.46374 0.10542
0.46167 0.10529
0.45972 0.10529
0.457960 0.10539
0.4564 0.10556
0.45505 0.10579
0.45390 0.10605
0.4529 0.10634
0.45205 0.10664
0.45131 0.10696
0.45068 0.10728
0.45012 0.10761
0.44964 0.10794
0.44923 0.10827
0.44888 0.10861
0.44859 0.10896
0.448350 0.10932
0.4482 0.10972
0.44819 0.11016
0.44835 0.110590
0.44864 0.111
0.44901 0.11139
0.44947 0.1118
0.45002 0.11224
0.45067 0.11273
0.45147 0.11329
0.45245 0.11395
0.4537 0.11475
0.45529 0.11573
0.45732 0.11694
0.459770 0.118350
0.46257 0.11988
0.465610 0.12146
0.46887 0.12308
0.47231 0.12475
0.47587 0.126460
0.47949 0.12819
0.48309 0.12991
0.48665 0.13163
0.49014 0.13334
0.49356 0.135050
0.4969 0.13677
0.50017 0.13850
0.50336 0.14026
0.506470 0.14205
0.50952 0.14387
0.5125 0.14575
0.51542 0.14767
0.51828 0.14964
0.52107 0.15167
0.52381 0.15376
0.526490 0.15591
0.5291 0.1581
0.53164 0.16035
0.53408 0.16261
0.53638 0.16487
0.5385 0.16706
0.54037 0.16913
0.54197 0.17103
0.54327 0.17274
0.54432 0.17428
0.54514 0.175670
0.54591 0.17719
*.*.Setup: s1223rtl.txt as Flap 1, Inverted: y, Scale = 1.0, AoA = 2.0, Reposition from (0,0) = (0, 0)*.*.
*.*.Setup: s1223rtl.txt as Flap 2, Inverted: y, Scale = 0.35, AoA = 28.333333333333332, Reposition from previous T.E. = (-0.0267, 0.065), Reposition from (0,0) = (0.9727, 0.0999)*.*.
*.*.Setup: s1223rtl.txt as Flap 3, Inverted: y, Scale = 0.35, AoA = 35.0, Reposition from previous T.E. = (0.04, 0.055), Reposition from (0,0) = (1.3208, 0.321)*.*.
*.*.Setup: Scale Ratio = 0.3396*.*.