0.3382 -0.01181
0.33596 -0.01348
0.33271 -0.01593
0.32898 -0.018250
0.32456 -0.02038
0.31926 -0.02247
0.31291 -0.02462
0.30546 -0.026830
0.29702 -0.02908
0.287790 -0.03131
0.27804 -0.03347
0.268 -0.03553
0.257810 -0.03746
0.24758 -0.03923
0.23734 -0.04084
0.227110 -0.04227
0.216840 -0.043520
0.20651 -0.0446
0.19604 -0.04553
0.1854 -0.04632
0.17454 -0.047
0.16348 -0.04761
0.15225 -0.04817
0.14097 -0.0487
0.12977 -0.04919
0.11883 -0.049620
0.10832 -0.0499500
0.09843 -0.050110
0.089280 -0.05005
0.08082 -0.04969
0.07295 -0.048990
0.06555 -0.04794
0.05853 -0.04652
0.05186 -0.04474
0.0455 -0.04259
0.03946 -0.0401
0.03374 -0.0372900
0.028380 -0.03421
0.02346 -0.03094
0.01904 -0.02762
0.015190 -0.02437
0.01194 -0.02131
0.00926 -0.01849
0.00708 -0.015920
0.00532 -0.01356
0.0039 -0.011400
0.00277 -0.00942
0.00187 -0.00759
0.00117 -0.0059
0.00065 -0.00433
0.00028 -0.00286
6e-05 -0.00149
-0.000029 -0.0002
8e-05 0.00102
0.00043 0.0022
0.00116 0.003210
0.00226 0.00391
0.0036 0.00435
0.005140 0.0046
0.00688 0.00475
0.008880 0.00481
0.01121 0.0048
0.01397 0.004710
0.01734 0.00453
0.02153 0.00421
0.02684 0.00371
0.03352 0.00298
0.0415200 0.001980
0.05049 0.00068
0.06011 -0.00094
0.0703 -0.00284
0.08099 -0.00495
0.09202 -0.00716
0.1032 -0.00943
0.11436 -0.01168
0.12539 -0.01387
0.13625 -0.015960
0.14696 -0.01793
0.15750 -0.01975
0.16789 -0.02141
0.17815 -0.02287
0.18831 -0.02415
0.1983700 -0.02522
0.20836 -0.02607
0.21828 -0.0267
0.22816 -0.0271
0.238 -0.02728
0.2478 -0.02722
0.25757 -0.02693
0.26727 -0.02641
0.27688 -0.02566
0.2863 -0.02468
0.29541 -0.0235
0.30398 -0.02215
0.31179 -0.02066
0.31866 -0.01907
0.324580 -0.01741
0.3296 -0.0157
0.33383 -0.01396
0.3382 -0.01181
-Inserting Flap s1223rtl-
0.45254 0.06898
0.452210 0.06806
0.45174 0.06672
0.4511 0.06532
0.450230 0.06384
0.44909 0.06220
0.44766 0.06034
0.44592 0.05825
0.44389 0.05596
0.44164 0.05352
0.43922 0.051
0.43669 0.04845
0.4341 0.04591
0.43146 0.043410
0.42879 0.04096
0.42609 0.038550
0.42334 0.0362
0.42054 0.03388
0.41767 0.03158
0.41472 0.02928
0.4117 0.02698
0.40859 0.02465
0.40543 0.02231
0.40224 0.01997
0.39908 0.01765
0.39598 0.0154
0.39298 0.01327
0.39013 0.011300
0.38745 0.00954
0.38492 0.00801
0.38249 0.00668
0.38013 0.00555
0.37781 0.00461
0.37552 0.00383
0.373250 0.00322
0.37101 0.00278
0.3688 0.00248
0.36664 0.00234
0.36457 0.00234
0.36264 0.00245
0.36089 0.00265
0.359350 0.00291
0.35802 0.00321
0.35688 0.00354
0.35591 0.00388
0.35508 0.00424
0.35437 0.0046
0.35375 0.00495
0.35322 0.00531
0.35276 0.00567
0.35237 0.00602
0.35204 0.00638
0.35177 0.00674
0.35156 0.00711
0.3514300 0.00753
0.35145 0.00796
0.35163 0.00838
0.35194 0.00877
0.35234 0.00914
0.35282 0.00952
0.35339 0.00993
0.35406 0.01038
0.35489 0.01089
0.35591 0.011490
0.35719 0.01221
0.358830 0.01309
0.36092 0.01417
0.36344 0.01544
0.36631 0.0168
0.36942 0.01819
0.37276 0.01961
0.37629 0.02108
0.37993 0.02257
0.38362 0.02408
0.38731 0.02559
0.39095 0.02709
0.394520 0.02859
0.39802 0.03009
0.40144 0.0316100
0.40479 0.03314
0.40807 0.03471
0.41127 0.0363
0.41441 0.03795
0.41748 0.03964
0.4205 0.04138
0.42345 0.04318
0.42635 0.04503
0.4292 0.04695
0.43199 0.04893
0.43471 0.050970
0.43736 0.05305
0.43992 0.05516
0.44234 0.05727
0.44458 0.05933
0.44656 0.06128
0.44826 0.06308
0.449660 0.06471
0.45079 0.06618
0.451690 0.067510
0.45254 0.06898
-Inserting Flap s1223rtl-
0.53989 0.16034
0.53970 0.15938
0.53942 0.15799
0.5390 0.15651
0.538350 0.15492
0.53746 0.153130
0.53631 0.15109
0.53489 0.14877
0.53322 0.14621
0.53134 0.14346
0.52931 0.14062
0.52718 0.13773
0.52498 0.13484
0.52274 0.13199
0.520450 0.12917
0.51813 0.1264
0.51575 0.12367
0.51331 0.12097
0.510810 0.11828
0.50822 0.11558
0.50556 0.11286
0.50283 0.11011
0.50004 0.10734
0.49723 0.10456
0.49443 0.10181
0.491680 0.099130
0.48903 0.09659
0.48649 0.09423
0.48410 0.0921
0.48181 0.09021
0.4796 0.08855
0.47743 0.08709
0.47527 0.08582
0.47312 0.08472
0.47097 0.08379
0.46881 0.08302
0.466660 0.08241
0.46455 0.081960
0.4625 0.08165
0.46057 0.081480
0.45881 0.08143
0.45725 0.08146
0.4559 0.08157
0.45472 0.08173
0.45371 0.08193
0.45284 0.08216
0.45208 0.08241
0.45142 0.08267
0.450840 0.08295
0.45034 0.08323
0.4499 0.08353
0.44952 0.08384
0.4492 0.08415
0.44894 0.08449
0.44875 0.08488
0.44871 0.085310
0.448830 0.08576
0.44907 0.08618
0.44941 0.08661
0.44983 0.08706
0.45034 0.08754
0.45095 0.088080
0.451690 0.08871
0.45261 0.08945
0.453770 0.09035
0.45527 0.09146
0.45718 0.09283
0.45949 0.0944500
0.462130 0.09621
0.46501 0.09804
0.46811 0.09993
0.47138 0.10189
0.47477 0.1039
0.47821 0.10593
0.48164 0.10795
0.48502 0.10997
0.48833 0.11197
0.49158 0.11396
0.49475 0.11596
0.49784 0.117960
0.50085 0.11998
0.50379 0.12203
0.50666 0.12411
0.509450 0.12623
0.51218 0.12839
0.51485 0.13059
0.517450 0.13285
0.51998 0.13516
0.522460 0.13752
0.52486 0.13993
0.527180 0.14238
0.5294 0.144840
0.5314900 0.14728
0.53341 0.14964
0.53509 0.151850
0.536510 0.15388
0.53766 0.15569
0.53856 0.15732
0.53926 0.15876
0.53989 0.16034
*.*.Setup: s1223rtl.txt as Flap 1, Inverted: y, Scale = 1.0, AoA = -2.0, Reposition from (0,0) = (0, 0)*.*.
*.*.Setup: s1223rtl.txt as Flap 2, Inverted: y, Scale = 0.35, AoA = 31.666666666666668, Reposition from previous T.E. = (0.04, 0.055), Reposition from (0,0) = (1.0394, 0.0201)*.*.
*.*.Setup: s1223rtl.txt as Flap 3, Inverted: y, Scale = 0.35, AoA = 40.0, Reposition from previous T.E. = (-0.01, 0.045), Reposition from (0,0) = (1.3273, 0.2488)*.*.
*.*.Setup: Scale Ratio = 0.3384*.*.