0.34419 0.01202
0.34204 0.01016
0.33892 0.00745
0.33529 0.00483
0.33096 0.00235
0.32572 -0.00015
0.31943 -0.00278
0.31202 -0.005560
0.30361 -0.00844
0.2944 -0.01135
0.28466 -0.014240
0.2746 -0.01704
0.2644 -0.01972
0.25414 -0.02225
0.24386 -0.02461
0.23357 -0.02679
0.2232400 -0.02879
0.21282 -0.03062
0.20226 -0.03231
0.19151 -0.03386
0.18054 -0.03533
0.16935 -0.03673
0.15799 -0.0381
0.14657 -0.03944
0.13524 -0.04073
0.12417 -0.04194
0.11352 -0.04302
0.1034900 -0.04389
0.09419 -0.04448
0.08558 -0.04471
0.07754 -0.04456
0.06995 -0.04402
0.06273 -0.04308
0.0558300 -0.04174
0.04922 -0.04001
0.0429 -0.03791
0.0369 -0.03547
0.03124 -0.03272
0.02601 -0.02975
0.02129 -0.02669
0.01715 -0.02366
0.0136400 -0.02079
0.01072 -0.01812
0.00832 -0.01566
0.00636 -0.01339
0.00477 -0.0113
0.00348 -0.00937
0.00244 -0.00758
0.00161 -0.00591
0.00097 -0.00435
0.00049 -0.00289
0.00017 -0.00151
0.000013 -0.00021
0.000035 0.00104
0.00028 0.00226
0.00095 0.00334
0.00202 0.00413
0.003350 0.00467
0.00489 0.00504
0.006650 0.00531
0.00867 0.00552
0.01104 0.00567
0.01385 0.00578
0.01728 0.00583
0.021560 0.0058
0.02699 0.00567
0.03382 0.00541
0.04201 0.00496
0.05121 0.00427
0.06109 0.00331
0.07157 0.00211
0.08258 0.00073
0.09393 -0.00074
0.10544 -0.00225
0.11693 -0.00374
0.12828 -0.005180
0.13946 -0.00653
0.15047 -0.00777
0.1613 -0.008870
0.171970 -0.00981
0.18249 -0.01058
0.19289 -0.01115
0.20319 -0.01152
0.21339 -0.01167
0.22351 -0.01161
0.23356 -0.01132
0.24356 -0.0108
0.25351 -0.01005
0.2634 -0.0090600
0.27322 -0.00784
0.28292 -0.006390
0.29242 -0.00473
0.30158 -0.00289
0.31018 -0.00091
0.31801 0.00116
0.32487 0.00326
0.33076 0.00536
0.33573 0.00746
0.33991 0.009530
0.34419 0.01202
-Inserting Flap s1223rtl-
0.46721 0.0819
0.46677 0.08101
0.466140 0.07971
0.465330 0.07837
0.46427 0.07698
0.46293 0.07546
0.46126 0.07375
0.45925 0.07184
0.45694 0.06976
0.45437 0.067560
0.45162 0.0653
0.44877 0.06302
0.445850 0.06076
0.44289 0.05855
0.4399 0.05638
0.43688 0.05427
0.43383 0.05222
0.43072 0.05020
0.42755 0.04821
0.4243 0.04624
0.42096 0.044270
0.41755 0.04229
0.41408 0.04029
0.41058 0.03830
0.40711 0.0363300
0.4037100 0.03443
0.40042 0.03263
0.39731 0.03097
0.39439 0.02951
0.39165 0.02826
0.38904 0.02721
0.38652 0.02635
0.38407 0.02566
0.38166 0.02515
0.3793 0.0248
0.37697 0.024610
0.3747 0.02458
0.37251 0.0246900
0.37041 0.02493
0.3684700 0.02527
0.36673 0.02568
0.3652 0.02613
0.3639 0.02659
0.36279 0.02705
0.361850 0.02752
0.36105 0.02797
0.36037 0.02842
0.35979 0.028850
0.35929 0.029280
0.35887 0.02969
0.35852 0.0301
0.35823 0.0305
0.358 0.0309
0.35783 0.0313
0.35775 0.03173
0.35781 0.0321700
0.35805 0.03257
0.35841 0.03292
0.35885 0.03325
0.35938 0.03358
0.36001 0.03392
0.36075 0.0343
0.36164 0.03472
0.36274 0.0352
0.36412 0.03578
0.36589 0.03648
0.36812 0.03733
0.37082 0.0383
0.3738800 0.039340
0.37719 0.04038
0.38074 0.04143
0.38447 0.04249
0.38833 0.04357
0.39224 0.04466
0.396150 0.04575
0.4 0.04684
0.40379 0.04793
0.40751 0.04904
0.41115 0.050160
0.414710 0.05132
0.41821 0.05251
0.42164 0.05375
0.425 0.05504
0.42831 0.05638
0.43156 0.057790
0.43476 0.05926
0.43791 0.06079
0.44102 0.06239
0.44407 0.064070
0.44706 0.0658
0.44999 0.06759
0.45282 0.06943
0.45552 0.07127
0.45802 0.07309
0.46026 0.07482
0.46219 0.07644
0.4638 0.07792
0.46511 0.07928
0.46618 0.08052
0.46721 0.0819
-Inserting Flap s1223rtl-
0.54529 0.16998
0.5450100 0.16903
0.54461 0.16764
0.54405 0.16618
0.54325 0.16462
0.54219 0.16289
0.54084 0.16092
0.5392 0.15869
0.53728 0.15624
0.53513 0.15363
0.53282 0.15093
0.53040 0.14819
0.52792 0.14546
0.52539 0.14276
0.52282 0.14011
0.52022 0.13751
0.51756 0.134950
0.51486 0.13243
0.51208 0.12992
0.50922 0.12741
0.50628 0.12489
0.50326 0.12235
0.50019 0.11978
0.49709 0.11721
0.49401 0.11467
0.49099 0.1122
0.48807 0.10986
0.48529 0.10769
0.48267 0.10575
0.48019 0.10404
0.4778 0.10255
0.47547 0.10126
0.47317 0.10016
0.47089 0.09924
0.46862 0.09848
0.466370 0.09790
0.46414 0.09747
0.46196 0.0972
0.45985 0.09707
0.45788 0.09707
0.45609 0.09717
0.45451 0.09734
0.453150 0.09757
0.45197 0.09783
0.45097 0.09813
0.45010 0.09844
0.44936 0.09876
0.44871 0.09909
0.44815 0.099420
0.44766 0.09975
0.44724 0.10009
0.44689 0.10043
0.44659 0.10079
0.44635 0.10115
0.4462 0.10156
0.44619 0.10201
0.44635 0.10244
0.446640 0.102850
0.44702 0.10326
0.44749 0.10367
0.44804 0.10412
0.44871 0.10461
0.44951 0.10518
0.45051 0.10585
0.45177 0.10666
0.45339 0.10766
0.45544 0.10888
0.45794 0.11031
0.46077 0.11186
0.46385 0.11346
0.46716 0.11511
0.47065 0.1168
0.47426 0.11853
0.47793 0.12029
0.48158 0.12204
0.48519 0.12378
0.488730 0.12551
0.4922 0.12725
0.49559 0.12899
0.498900 0.13075
0.50213 0.13253
0.50529 0.134340
0.508390 0.1362
0.511410 0.1381
0.51437 0.140040
0.51726 0.14205
0.5201 0.1441
0.522880 0.14622
0.52559 0.1484
0.52824 0.15063
0.53081 0.1529
0.53329 0.1552
0.53562 0.15749
0.53777 0.159710
0.53967 0.161810
0.54129 0.16373
0.54261 0.16547
0.54368 0.16703
0.54451 0.16844
0.54529 0.16998
*.*.Setup: s1223rtl.txt as Flap 1, Inverted: y, Scale = 1.0, AoA = 2.0, Reposition from (0,0) = (0, 0)*.*.
*.*.Setup: s1223rtl.txt as Flap 2, Inverted: y, Scale = 0.35, AoA = 25.0, Reposition from previous T.E. = (0.04, 0.055), Reposition from (0,0) = (1.0394, 0.0899)*.*.
*.*.Setup: s1223rtl.txt as Flap 3, Inverted: y, Scale = 0.35, AoA = 35.0, Reposition from previous T.E. = (-0.06, 0.055), Reposition from (0,0) = (1.2966, 0.2928)*.*.
*.*.Setup: Scale Ratio = 0.3444*.*.