0.35028 0.03682
0.348220 0.03477
0.34523 0.03178
0.34172 0.02885
0.33747 0.02601
0.332310 0.023090
0.32607 0.01995
0.31872 0.01659
0.310340 0.01305
0.301150 0.00942
0.29142 0.00578
0.28136 0.0022
0.271140 -0.001260
0.26085 -0.00457
0.25054 -0.00771
0.2402 -0.010670
0.2298 -0.01345
0.2193 -0.01606
0.2086500 -0.01853
0.19779 -0.02088
0.1867 -0.02316
0.17539 -0.02539
0.1639 -0.0276
0.15235 -0.029780
0.14088 -0.0319
0.12966 -0.03393
0.11888 -0.03579
0.10871 -0.03739
0.09927 -0.03865
0.0905 -0.03951
0.08228 -0.03993
0.0745 -0.03992
0.06707 -0.03947
0.05993 -0.0386
0.05307 -0.03731
0.04647 -0.03562
0.040170 -0.03355
0.03421 -0.03115
0.02866 -0.0285
0.02362 -0.02571
0.01919 -0.022910
0.0154 -0.02023
0.01222 -0.01772
0.0096 -0.01538
0.00745 -0.01321
0.005670 -0.01119
0.00422 -0.009310
0.00303 -0.00756
0.00207 -0.00592
0.0013 -0.004370
0.00071 -0.00291
0.00028 -0.00153
0.000055 -0.00021
-6e-05 0.00106
0.00012 0.00233
0.00073 0.00347
0.00176 0.00436
0.003090 0.005
0.00463 0.005490
0.00641 0.00589
0.00846 0.00625
0.01086 0.00657
0.01372 0.00688
0.01722 0.00718
0.02158 0.007460
0.02713 0.00771
0.03411 0.00793
0.04251 0.008060
0.05194 0.00801
0.06209 0.00774
0.07287 0.00725
0.08419 0.00664
0.09588 0.00595
0.10773 0.00523
0.11956 0.00453
0.131240 0.00387
0.14274 0.00328
0.154060 0.00281
0.16519 0.00246
0.17614 0.00226
0.186930 0.00223
0.19758 0.00239
0.20811 0.00275
0.21853 0.00331
0.22885 0.0041
0.23909 0.00511
0.24925 0.00636
0.25935 0.00784
0.26937 0.00955
0.2793 0.01149
0.28909 0.013660
0.29866 0.01603
0.30787 0.01857
0.31651 0.0212
0.32434 0.02387
0.33120 0.0265
0.33705 0.02907
0.34198 0.03156
0.3461 0.033970
0.35028 0.03682
-Inserting Flap s1223rtl-
0.45261 0.10476
0.45216 0.10385
0.45151 0.10252
0.45069 0.10115
0.44961 0.09973
0.44823 0.098170
0.44652 0.09642
0.44447 0.09447
0.4421 0.09235
0.43948 0.0901
0.43667 0.087780
0.43375 0.08546
0.43076 0.08314
0.42773 0.08088
0.42468 0.07866
0.42159 0.07651
0.41847 0.0744
0.41529 0.07234
0.41205 0.07031
0.40872 0.06829
0.40531 0.06628
0.40182 0.06425
0.398270 0.06221
0.3947 0.06017
0.39115 0.05816
0.38767 0.05621
0.38431 0.05437
0.38113 0.05268
0.378140 0.05118
0.375340 0.0499
0.37267 0.04883
0.37009 0.04795
0.367580 0.04725
0.36512 0.04672
0.3627 0.04637
0.36033 0.04617
0.35801 0.04614
0.35576 0.04626
0.35362000 0.0465
0.35163 0.04685
0.34985 0.04727
0.34829 0.04772
0.34695 0.04819
0.34582 0.04867
0.34486 0.04914
0.34404 0.04961
0.34335 0.05007
0.34275 0.05051
0.34225 0.05094
0.34182 0.05137
0.341450 0.05178
0.34116 0.05219
0.34092 0.0526
0.34075 0.05301
0.34066 0.05345
0.34073 0.0539
0.3409700 0.05431
0.34134 0.05467
0.34180 0.05501
0.34234 0.05535
0.34298 0.0557
0.34373 0.05608
0.344640 0.05651
0.345770 0.057
0.34718 0.05759
0.348990 0.05831
0.35127 0.05918
0.354040 0.060180
0.35716 0.06123
0.36055 0.0623
0.36418 0.063370
0.368 0.06446
0.371940 0.06556
0.37594 0.06667
0.37994 0.067790
0.38388 0.0689
0.38775 0.07002
0.3915500 0.07115
0.39527 0.0723
0.39892 0.07348
0.4025 0.074700
0.406 0.07597
0.40945 0.07729
0.41283 0.078660
0.416150 0.0801
0.41943 0.0816
0.42265 0.08317
0.42582 0.08481
0.428940 0.08652
0.43201 0.08829
0.435 0.09013
0.4379 0.092
0.440660 0.09389
0.44322 0.09575
0.44550 0.097520
0.44747 0.099180
0.44912 0.10069
0.45046 0.10208
0.45155 0.10334
0.45261 0.10476
-Inserting Flap s1223rtl-
0.55007 0.19132
0.54979 0.19034
0.54938 0.18892
0.5488 0.18743
0.547980 0.18584
0.5469 0.18407
0.545520 0.182050
0.54384 0.17977
0.54188 0.1772700
0.53968 0.1746
0.53732 0.17183
0.53485 0.16903
0.53231 0.16623
0.52972 0.16348
0.527090 0.16076
0.52443 0.1581
0.52172 0.15549
0.51895 0.152910
0.51611 0.15035
0.51318 0.14778
0.51017 0.1452
0.507090 0.1426
0.50395 0.13998
0.50078 0.13735
0.49763 0.13475
0.49454 0.13223
0.49156 0.12983
0.48871 0.127610
0.486040 0.12562
0.4835 0.12387
0.48105 0.12235
0.47867 0.12104
0.47632 0.11991
0.47399 0.11897
0.471670 0.1182
0.46936 0.1176
0.46708 0.117160
0.46485 0.11688
0.4627 0.11675
0.46068 0.11675
0.45885 0.11685
0.45724 0.11703
0.45584 0.11726
0.45464 0.11753
0.45361 0.11783
0.45273 0.11815
0.45196 0.11848
0.4513 0.11881
0.45073 0.11915
0.45023 0.11949
0.4498 0.11984
0.44944 0.12019
0.44913 0.120550
0.44889 0.12093
0.448730 0.12135
0.44872 0.1218
0.44889 0.12225
0.44919 0.12267
0.44958 0.12308
0.45005 0.1235
0.45062 0.12396
0.4513 0.12447
0.45212 0.12505
0.45314 0.12573
0.45443 0.12656
0.45609 0.12758
0.45819 0.12883
0.46074 0.13029
0.46363 0.131880
0.46678 0.13352
0.47017 0.1352
0.47374 0.13693
0.47743 0.1387
0.48118 0.14049
0.48492 0.14228
0.48861 0.14407
0.49223 0.14584
0.495770 0.14761
0.499240 0.14939
0.50263 0.15119
0.50594 0.153010
0.50917 0.15487
0.51233 0.15677
0.51542 0.15871
0.51845 0.1607
0.52141 0.16275
0.52431 0.16485
0.52715 0.16702
0.52993 0.16924
0.532640 0.17152
0.53527 0.17385
0.5378 0.1762
0.54018 0.17854
0.54238 0.18081
0.54433 0.18296
0.54598 0.184920
0.54734 0.18670
0.54842 0.18830
0.54927 0.18974
0.55007 0.19132
*.*.Setup: s1223rtl.txt as Flap 1, Inverted: y, Scale = 1.0, AoA = 6.0, Reposition from (0,0) = (0, 0)*.*.
*.*.Setup: s1223rtl.txt as Flap 2, Inverted: y, Scale = 0.35, AoA = 25.0, Reposition from previous T.E. = (-0.0267, 0.045), Reposition from (0,0) = (0.9679, 0.1495)*.*.
*.*.Setup: s1223rtl.txt as Flap 3, Inverted: y, Scale = 0.35, AoA = 35.0, Reposition from previous T.E. = (-0.01, 0.045), Reposition from (0,0) = (1.2751, 0.3424)*.*.
*.*.Setup: Scale Ratio = 0.35221*.*.