0.35476 -0.01239
0.35242 -0.01414
0.34901 -0.01671
0.3451 -0.019140
0.34046 -0.02138
0.3349 -0.02357
0.32824 -0.02582
0.32043 -0.028150
0.31157 -0.0305
0.301890 -0.03284
0.29166 -0.03511
0.28112 -0.03727
0.270440 -0.03929
0.2597 -0.04115
0.24897 -0.04284
0.238230 -0.04434
0.227470 -0.045650
0.21662 -0.04679
0.20564 -0.04776
0.19448 -0.04859
0.18309 -0.04931
0.17148 -0.04994
0.15971 -0.05053
0.14787 -0.05109
0.13613 -0.0516
0.12465 -0.052050
0.11363 -0.0523900
0.10326 -0.052570
0.093650 -0.0525
0.08478 -0.05213
0.07652 -0.051390
0.06876 -0.05029
0.0614 -0.0488
0.0544 -0.04693
0.04773 -0.04468
0.04139 -0.04207
0.03539 -0.0391200
0.029770 -0.03589
0.0246 -0.03246
0.01997 -0.02897
0.015930 -0.02556
0.01253 -0.02235
0.00972 -0.0194
0.00743 -0.01670
0.00558 -0.01423
0.00409 -0.0119600
0.00291 -0.00988
0.00196 -0.00797
0.00123 -0.00619
0.00068 -0.00454
0.0003 -0.00301
7e-05 -0.00156
-0.000029 -0.00021
9e-05 0.00107
0.00045 0.0023
0.00122 0.003370
0.00237 0.00411
0.00378 0.00456
0.005390 0.00483
0.00722 0.00498
0.009310 0.00505
0.01176 0.00504
0.01466 0.004940
0.01819 0.00475
0.02259 0.00441
0.02816 0.00389
0.03516 0.00313
0.0435600 0.002080
0.05296 0.00071
0.06305 -0.00099
0.07374 -0.00298
0.08496 -0.00519
0.09653 -0.00751
0.10826 -0.00989
0.11996 -0.01225
0.13153 -0.01455
0.14293 -0.016740
0.15415 -0.01881
0.165210 -0.02072
0.17611 -0.02245
0.18688 -0.024
0.19753 -0.02533
0.2080900 -0.02645
0.21856 -0.02735
0.22898 -0.02801
0.23934 -0.02843
0.24966 -0.02862
0.25994 -0.02856
0.27018 -0.02825
0.28036 -0.0277
0.29044 -0.02691
0.30033 -0.02589
0.30988 -0.02465
0.31887 -0.02323
0.32706 -0.02167
0.33427 -0.02001
0.340470 -0.01827
0.34574 -0.01647
0.35019 -0.01464
0.35476 -0.01239
-Inserting Flap s1223rtl-
0.43921 0.06881
0.438870 0.06784
0.43837 0.06644
0.4377 0.06497
0.436790 0.06342
0.43559 0.06170
0.43409 0.05975
0.43226 0.05756
0.43014 0.05515
0.42777 0.05259
0.42524 0.04995
0.42258 0.04727
0.41986 0.04461
0.4171 0.041990
0.4143 0.03941
0.41146 0.036890
0.40858 0.03442
0.40564 0.03199
0.40263 0.02957
0.39954 0.02717
0.39636 0.02475
0.39311 0.02231
0.38979 0.01985
0.38645 0.01739
0.38313 0.01497
0.37987 0.01261
0.37673 0.01037
0.37374 0.0083100
0.37093 0.00646
0.36827 0.00485
0.36573 0.00346
0.36325 0.00228
0.36082 0.00128
0.35842 0.00047
0.356040 -0.00017
0.35368 -0.00064
0.35136 -0.00094
0.3491 -0.00109
0.34693 -0.0011
0.3449 -0.00098
0.34306 -0.00077
0.341450 -0.0005
0.34006 -0.00018
0.33887 0.00016
0.33785 0.00052
0.33698 0.00089
0.33623 0.00127
0.33558 0.00165
0.33502 0.00202
0.33454 0.00239
0.33413 0.00277
0.33379 0.00314
0.3335 0.00352
0.33328 0.00391
0.3331500 0.00434
0.33316 0.0048
0.33336 0.00524
0.33368 0.00565
0.3341 0.00604
0.3346 0.00644
0.3352 0.00686
0.33591 0.00733
0.33677 0.00787
0.33784 0.00850
0.33919 0.00925
0.340910 0.01018
0.3431 0.01132
0.34575 0.01264
0.34875 0.01407
0.35202 0.01553
0.35552 0.01703
0.35922 0.01856
0.36304 0.02013
0.36692 0.02171
0.37078 0.02329
0.3746 0.02487
0.378350 0.02644
0.38202 0.02802
0.38561 0.0296100
0.38912 0.03122
0.39256 0.03286
0.39592 0.03453
0.39921 0.03625
0.40244 0.03803
0.4056 0.03985
0.4087 0.04174
0.41174 0.04369
0.41472 0.0457
0.41765 0.04778
0.42051 0.049910
0.42329 0.0521
0.42597 0.05431
0.42851 0.05653
0.43086 0.05869
0.43294 0.06073
0.43472 0.06261
0.436190 0.06433
0.43737 0.06587
0.438310 0.067260
0.43921 0.06881
-Inserting Flap s1223rtl-
0.53743 0.1596
0.53715 0.15861
0.53673 0.15718
0.536150 0.15567
0.53533 0.15407
0.53423 0.15229
0.53285 0.15025
0.53115 0.14796
0.529170 0.14543
0.52696 0.14274
0.52458 0.13995
0.52209 0.13713
0.51953 0.13431
0.51692 0.13153
0.51427 0.1288
0.51159 0.12612
0.50886 0.12348
0.506060 0.12088
0.5032 0.1183
0.50025 0.11572
0.497220 0.11312
0.49411 0.11049
0.49094 0.10785
0.48775 0.1052
0.48458 0.10258
0.48147 0.10004
0.47846 0.097620
0.47559 0.09539
0.47289 0.093380
0.47034 0.09162
0.46787 0.090090
0.46547 0.08876
0.4631 0.08763
0.46075 0.08667
0.45841 0.0859
0.45609 0.08529
0.453790 0.08485
0.45154 0.084570
0.44937 0.08444
0.44734 0.08444
0.4455 0.084550
0.44387 0.08472
0.44246 0.08496
0.44125 0.0852300
0.44021 0.08553
0.43932 0.08585
0.43855 0.08618
0.43789 0.08652
0.43731 0.08686
0.43681 0.08721
0.43637 0.08756
0.43601 0.087910
0.435700 0.08827
0.43546 0.08865
0.4353 0.08907
0.43529 0.08953
0.43546 0.08998
0.43575 0.0904
0.43615 0.09082
0.436630 0.091250
0.4372 0.09171
0.437880 0.09222
0.438710 0.0928
0.43974 0.09349
0.44104 0.09433
0.44271 0.09535
0.44483 0.09661
0.4474 0.09809
0.45031 0.09969
0.45349 0.10134
0.45690 0.10303
0.4605 0.10478
0.464220 0.10657
0.468 0.108370
0.47177 0.11018
0.47549 0.11197
0.47914 0.11376
0.48271 0.11555
0.4862 0.11734
0.48962 0.11915
0.49295 0.12099
0.49621 0.12286
0.49939 0.12477
0.50251 0.12673
0.50556 0.12874
0.50855 0.1308
0.511470 0.132920
0.51433 0.1351
0.51713 0.13735
0.51986 0.13964
0.52251 0.14199
0.52506 0.14436
0.52747 0.14671
0.52968 0.149
0.53164 0.15117
0.53331 0.15315
0.53468 0.15494
0.53577 0.15656
0.53663 0.158
0.53743 0.1596
*.*.Setup: s1223rtl.txt as Flap 1, Inverted: y, Scale = 1.0, AoA = -2.0, Reposition from (0,0) = (0, 0)*.*.
*.*.Setup: s1223rtl.txt as Flap 2, Inverted: y, Scale = 0.35, AoA = 31.666666666666668, Reposition from previous T.E. = (-0.06, 0.045), Reposition from (0,0) = (0.9394, 0.0101)*.*.
*.*.Setup: s1223rtl.txt as Flap 3, Inverted: y, Scale = 0.35, AoA = 35.0, Reposition from previous T.E. = (-0.01, 0.055), Reposition from (0,0) = (1.2273, 0.2488)*.*.
*.*.Setup: Scale Ratio = 0.35498*.*.