0.34511 0.01205
0.34296 0.01019
0.33982 0.00747
0.33619 0.00484
0.33184 0.00236
0.32659 -0.00015
0.32028 -0.00278
0.31286 -0.005570
0.30442 -0.00846
0.29519 -0.01138
0.28542 -0.014280
0.27534 -0.01709
0.2651 -0.01978
0.25482 -0.02231
0.24451 -0.02468
0.2342 -0.02686
0.2238400 -0.02887
0.21339 -0.0307
0.2028 -0.03239
0.19202 -0.03395
0.18102 -0.03542
0.1698 -0.03683
0.15841 -0.0382
0.14697 -0.03954
0.1356 -0.04084
0.1245 -0.04206
0.11383 -0.04313
0.1037700 -0.04401
0.09444 -0.0446
0.08581 -0.04483
0.07775 -0.04468
0.07014 -0.04413
0.0629 -0.04319
0.0559800 -0.04185
0.04935 -0.04012
0.04302 -0.03801
0.037 -0.03556
0.03133 -0.0328
0.02608 -0.02983
0.02134 -0.02676
0.0172 -0.02372
0.0136700 -0.02084
0.01074 -0.01817
0.00834 -0.0157
0.00638 -0.01343
0.00478 -0.01133
0.00349 -0.00939
0.00245 -0.0076
0.00162 -0.00593
0.00097 -0.00436
0.00049 -0.0029
0.00017 -0.00151
0.000013 -0.00021
0.000035 0.00104
0.00028 0.00227
0.00095 0.00335
0.00202 0.00415
0.003360 0.00468
0.0049 0.00505
0.006670 0.00533
0.0087 0.00553
0.01107 0.00569
0.01389 0.00579
0.01733 0.00584
0.021620 0.00582
0.02706 0.00569
0.03391 0.00542
0.04213 0.00497
0.05135 0.00428
0.06125 0.00332
0.07177 0.00211
0.0828 0.00073
0.09418 -0.00074
0.10573 -0.00225
0.11724 -0.00375
0.12862 -0.005190
0.13984 -0.00655
0.15087 -0.00779
0.16173 -0.00890
0.172430 -0.00984
0.18298 -0.0106
0.19341 -0.01118
0.20373 -0.01155
0.21396 -0.0117
0.2241 -0.01164
0.23419 -0.01135
0.24422 -0.01083
0.25419 -0.01007
0.26411 -0.0090800
0.27395 -0.00786
0.28368 -0.006410
0.2932 -0.00475
0.30238 -0.0029
0.31101 -0.00091
0.31886 0.00116
0.32574 0.00327
0.33164 0.00538
0.33663 0.00748
0.34082 0.009550
0.34511 0.01205
-Inserting Flap s1223rtl-
0.43877 0.09104
0.43844 0.0901
0.43796 0.08873
0.43731 0.0873
0.43641 0.08579
0.43525 0.08412
0.43379 0.082230
0.43201 0.08009
0.42995 0.07775
0.42765 0.07527
0.42518 0.07269
0.4226 0.07009
0.41995 0.0675
0.41726 0.06495
0.41454 0.06244
0.41178 0.05999
0.40898 0.05759
0.40612 0.05522
0.40319 0.052870
0.40018 0.05053
0.39709 0.04818
0.39392 0.04581
0.3907 0.04342
0.38745 0.04102
0.38422 0.038660
0.38105 0.03637
0.37799 0.03419
0.37508 0.03218
0.37235 0.03039
0.36977 0.02882
0.367290 0.02747
0.36488 0.02632
0.36251 0.02535
0.36018 0.02456
0.35786 0.02394
0.35557 0.02348
0.35331 0.02319
0.351110 0.02304
0.349 0.02304
0.34703 0.02315
0.34524 0.02336
0.34367 0.02362
0.3423200 0.023930
0.34116 0.02426
0.34017 0.02461
0.33932 0.024970
0.33859 0.02534
0.33796 0.0257
0.337420 0.026070
0.33695 0.02643
0.33655 0.0268
0.33622 0.02716
0.33594 0.02753
0.33573 0.02791
0.33559 0.02833
0.33561 0.02877
0.3358 0.0292
0.33611 0.0296
0.33652 0.02998
0.33701 0.03037
0.33759 0.03078
0.33828 0.031240
0.33912 0.031760
0.34016 0.03237
0.34147 0.03311
0.34315 0.03401
0.34527 0.03511
0.34785 0.0364
0.35078 0.037790
0.35396 0.03921
0.35736 0.04067
0.36096 0.04216
0.36467 0.04368
0.36845 0.04522
0.372210 0.04676
0.37592 0.04829
0.37956 0.04982
0.38313 0.05136
0.38663 0.0529
0.39005 0.05447
0.39339 0.05606
0.39666 0.0577
0.399860 0.05937
0.403 0.0611
0.40607 0.06287
0.40909 0.06471
0.41205 0.0666
0.41495 0.06856
0.4178 0.07058
0.42058 0.07266
0.42328 0.07478
0.42589 0.07694
0.42837 0.07909
0.43065 0.08119
0.43267 0.08318
0.4344 0.085010
0.43583 0.08668
0.43698 0.08818
0.4379 0.08954
0.43877 0.09104
-Inserting Flap s1223rtl-
0.54517 0.18427
0.54498 0.18329
0.5447 0.181870
0.54426 0.18036
0.5436 0.17874
0.54269 0.17691
0.54152 0.17483
0.54007 0.17246
0.53837 0.16984
0.53645 0.16705
0.53438 0.164140
0.5322 0.1612
0.52996 0.15825
0.52767 0.15533
0.52534 0.15246
0.52296 0.14964
0.52054 0.146850
0.51805 0.14409
0.5155 0.141350
0.512860 0.13859
0.51014 0.13582
0.50735 0.13301
0.50451 0.13018
0.50164 0.12734
0.49878 0.12454
0.49598 0.12181
0.49327 0.11921
0.49069 0.1168
0.48824 0.11463
0.48591 0.11271
0.48365 0.111010
0.48144 0.10952
0.4792400 0.10822
0.47704 0.1071
0.47484 0.10615
0.47264 0.10537
0.47045 0.10474
0.46829 0.10428
0.4662 0.103970
0.46423 0.1038
0.46244 0.10374
0.46085 0.10378
0.45946 0.10389
0.45827 0.10405
0.45724 0.10425
0.45634 0.10449
0.45557 0.10474
0.454890 0.1050100
0.45431 0.10529
0.45379 0.10559
0.45334 0.10589
0.45296 0.1062
0.45263 0.10652
0.45236 0.10687
0.45217 0.10727
0.45212 0.10771
0.45225 0.10816
0.4525 0.1086
0.45285 0.10903
0.45327 0.10949
0.453790 0.10998
0.45441 0.11053
0.45517 0.11117
0.4561 0.11193
0.45729 0.11284
0.45882 0.113980
0.46077 0.115380
0.46313 0.11703
0.46582 0.11883
0.46876 0.1207
0.47192 0.122630
0.475260 0.12462
0.47872 0.126670
0.48223 0.12874
0.48573 0.13081
0.48918 0.13286
0.49256 0.13491
0.49587 0.13694
0.49911 0.13898
0.50226 0.14102
0.50533 0.14308
0.50833 0.14517
0.51126 0.14729
0.51412 0.14946
0.5169 0.15166
0.51962 0.15391
0.52227 0.15622
0.524860 0.15858
0.52738 0.16099
0.52983 0.16344
0.5322 0.16594
0.53447 0.16845
0.53661 0.17094
0.53856 0.173350
0.54027 0.17561
0.54172 0.17767
0.542890 0.17953
0.54382 0.18118
0.54453 0.18266
0.54517 0.18427
*.*.Setup: s1223rtl.txt as Flap 1, Inverted: y, Scale = 1.0, AoA = 2.0, Reposition from (0,0) = (0, 0)*.*.
*.*.Setup: s1223rtl.txt as Flap 2, Inverted: y, Scale = 0.35, AoA = 31.666666666666668, Reposition from previous T.E. = (-0.0267, 0.045), Reposition from (0,0) = (0.9727, 0.0799)*.*.
*.*.Setup: s1223rtl.txt as Flap 3, Inverted: y, Scale = 0.35, AoA = 40.0, Reposition from previous T.E. = (0.04, 0.045), Reposition from (0,0) = (1.3106, 0.3086)*.*.
*.*.Setup: Scale Ratio = 0.34532*.*.