0.35495 0.01239
0.35273 0.01048
0.34951 0.00768
0.34577 0.00498
0.3413 0.00242
0.3359 -0.00015
0.32941 -0.00286
0.32178 -0.005730
0.3131 -0.0087
0.3036 -0.01171
0.29356 -0.014690
0.28319 -0.01758
0.27266 -0.02034
0.26208 -0.02295
0.25148 -0.02538
0.24087 -0.02763
0.2302200 -0.02969
0.21947 -0.03158
0.20858 -0.03332
0.1975 -0.03492
0.18618 -0.03643
0.17464 -0.03788
0.16293 -0.03929
0.15115 -0.04067
0.13947 -0.042
0.12805 -0.04325
0.11707 -0.04436
0.1067300 -0.04526
0.09714 -0.04587
0.08826 -0.04611
0.07996 -0.04595
0.07213 -0.04539
0.06469 -0.04442
0.0575700 -0.04304
0.05076 -0.04126
0.04424 -0.0391
0.03805 -0.03657
0.03222 -0.03374
0.02682 -0.03068
0.02195 -0.02752
0.01769 -0.0244
0.0140600 -0.02144
0.01105 -0.01868
0.00858 -0.01615
0.00656 -0.01381
0.00492 -0.01165
0.00359 -0.00966
0.00252 -0.00781
0.00166 -0.0061
0.001 -0.00449
0.00051 -0.00298
0.00017 -0.00156
0.000013 -0.00021
0.000035 0.00107
0.00029 0.00233
0.00098 0.00344
0.00208 0.00426
0.003460 0.00481
0.00504 0.0052
0.006860 0.00548
0.00894 0.00569
0.01138 0.00585
0.01429 0.00596
0.01782 0.00601
0.022240 0.00598
0.02783 0.00585
0.03487 0.00558
0.04333 0.00511
0.05281 0.0044
0.063 0.00342
0.07381 0.00217
0.08516 0.00075
0.09687 -0.00076
0.10874 -0.00232
0.12058 -0.00386
0.13229 -0.005340
0.14382 -0.00674
0.15517 -0.00801
0.16634 -0.009150
0.177340 -0.01012
0.1882 -0.01091
0.19892 -0.0115
0.20954 -0.01188
0.22005 -0.01204
0.23049 -0.01197
0.24086 -0.01167
0.25118 -0.01114
0.26144 -0.01036
0.27164 -0.0093400
0.28176 -0.00808
0.29176 -0.006590
0.30156 -0.00488
0.311 -0.00298
0.31988 -0.00093
0.32794 0.0012
0.33503 0.00336
0.3411 0.00553
0.34623 0.00769
0.35054 0.009820
0.35495 0.01239
-Inserting Flap s1223rtl-
0.46998 0.08446
0.46952 0.08354
0.46887 0.0822
0.46803 0.08082
0.46694 0.07938
0.46556 0.07782
0.46383 0.07606
0.46177 0.07409
0.45938 0.07194
0.456730 0.069680
0.4539 0.06734
0.45096 0.06499
0.44794 0.06266
0.44489 0.06038
0.44181 0.05814
0.4387 0.05597
0.43555 0.05385
0.43234 0.051770
0.42907 0.04972
0.42572 0.04769
0.42228 0.045650
0.41876 0.04361
0.41518 0.04155
0.41158 0.03950
0.40799 0.0374700
0.40448 0.0355
0.4011 0.03365
0.39789 0.03194
0.39488 0.03044
0.39206 0.02914
0.38936 0.02806
0.386760 0.02717
0.38423 0.02646
0.38175 0.02594
0.37931 0.02558
0.37692 0.025380
0.37458 0.02535
0.37231 0.0254700
0.37015 0.02571
0.36815 0.02606
0.36635 0.02649
0.364780 0.02695
0.36343 0.02742
0.36229 0.0279
0.36132 0.02838
0.36049 0.02885
0.35979 0.02931
0.35919 0.029760
0.35868 0.030190
0.358250 0.03062
0.35789 0.03104
0.35758 0.03145
0.35735 0.03186
0.35717 0.03228
0.35709 0.03272
0.357160 0.0331700
0.3574 0.03359
0.35777 0.03395
0.35823 0.03429
0.358780 0.03463
0.35942 0.03499
0.360180 0.03537
0.3611 0.0358
0.36224 0.0363
0.36366 0.0369
0.36548 0.03762
0.36779 0.03849
0.37057 0.0395
0.37373 0.040570
0.37715 0.04165
0.3808 0.04272
0.38465 0.04382
0.38863 0.04493
0.39267 0.04605
0.39669 0.04718
0.40067 0.0483
0.40457 0.04943
0.4084 0.05057
0.41216 0.051730
0.41583 0.05292
0.41944 0.05415
0.42298 0.05543
0.42645 0.05676
0.429860 0.05814
0.43321 0.059590
0.43651 0.06111
0.43976 0.06269
0.44296 0.06434
0.44611 0.066070
0.4492 0.06786
0.452220 0.06971
0.45514 0.0716
0.45792 0.0735
0.4605 0.07537
0.46281 0.07716
0.46479 0.07883
0.46645 0.08036
0.46781 0.08176
0.46891 0.08303
0.46998 0.08446
-Inserting Flap s1223rtl-
0.54389 0.18035
0.54369 0.179340
0.54341 0.17788
0.54296 0.17633
0.54228 0.17466
0.54134 0.17278
0.54014 0.17064
0.53865 0.1682
0.53689 0.16551
0.53492 0.16264
0.53279 0.15965
0.53056 0.15662
0.52825 0.15359
0.52589 0.15059000
0.52349 0.14764
0.52105 0.14473
0.51856 0.14186
0.516 0.13903
0.51337 0.1362
0.510660 0.13337
0.50787 0.13052
0.50499 0.12763
0.50207 0.12472
0.49912 0.1218
0.49618 0.11891
0.4933 0.11611
0.49051 0.11344
0.48785 0.110960
0.48534 0.10873
0.48294 0.10675
0.48062 0.105
0.47834 0.10347
0.476080 0.10213
0.47382 0.10098
0.47156 0.1
0.46929 0.0992
0.46704 0.0985600
0.46482 0.09808
0.46267 0.09776
0.46065 0.09759
0.4588 0.0975300
0.45716 0.09756
0.45574 0.09767
0.45451 0.097840
0.45345 0.09805
0.45253 0.09829
0.45174 0.09856
0.451040 0.09883
0.45044 0.099120
0.44991 0.09942
0.44945 0.09973
0.44905 0.10005
0.44871 0.10039
0.44844 0.10074
0.44824 0.10115
0.44819 0.10161
0.44832 0.10207
0.44858 0.10252
0.44894 0.10297
0.44938 0.103430
0.449910 0.103940
0.45054 0.10451
0.45132 0.105170
0.45229 0.10594
0.45351 0.10689
0.45508 0.10806
0.45708 0.1095
0.45951 0.11119
0.46228 0.11304
0.46531 0.11496
0.46856 0.11695
0.47199 0.119
0.47555 0.12111
0.47916 0.123240
0.48275 0.125370
0.4863 0.127480
0.48978 0.12958
0.49319 0.13167
0.49651 0.13377
0.49976 0.13587
0.50292 0.13799
0.50601 0.14014
0.50902 0.142320
0.51195 0.14454
0.51482 0.146810
0.51761 0.14913
0.52034 0.1515
0.5230 0.15392
0.5256 0.1564
0.52812 0.15893
0.53056 0.1615
0.53289 0.16408
0.53508 0.166640
0.53709 0.16912
0.53886 0.17144
0.54034 0.17357
0.541550 0.17547
0.5425 0.177170
0.54323 0.178690
0.54389 0.18035
*.*.Setup: s1223rtl.txt as Flap 1, Inverted: y, Scale = 1.0, AoA = 2.0, Reposition from (0,0) = (0, 0)*.*.
*.*.Setup: s1223rtl.txt as Flap 2, Inverted: y, Scale = 0.35, AoA = 25.0, Reposition from previous T.E. = (0.0067, 0.055), Reposition from (0,0) = (1.0061, 0.0899)*.*.
*.*.Setup: s1223rtl.txt as Flap 3, Inverted: y, Scale = 0.35, AoA = 40.0, Reposition from previous T.E. = (-0.06, 0.045), Reposition from (0,0) = (1.2633, 0.2828)*.*.
*.*.Setup: Scale Ratio = 0.35516*.*.