0.34055 0.01189
0.33843 0.01005
0.33533 0.00737
0.33175 0.00478
0.32746 0.00232
0.32228 -0.00014
0.31605 -0.00275
0.30872 -0.00550
0.3004 -0.00835
0.29129 -0.01123
0.28165 -0.014090
0.2717 -0.01686
0.2616 -0.01952
0.25145 -0.02202
0.24128 -0.02435
0.2311 -0.02651
0.2208800 -0.02849
0.21057 -0.0303
0.20012 -0.03196
0.18949 -0.0335
0.17863 -0.03495
0.16756 -0.03634
0.15632 -0.0377
0.14502 -0.03902
0.13381 -0.0403
0.12285 -0.0415
0.11232 -0.04256
0.102400 -0.04343
0.0932 -0.04401
0.08468 -0.04424
0.07672 -0.04409
0.06921 -0.04355
0.06206 -0.04262
0.0552400 -0.0413
0.0487 -0.03959
0.04245 -0.03751
0.03651 -0.03509
0.03091 -0.03237
0.02573 -0.02944
0.02106 -0.0264
0.01697 -0.02341
0.0134900 -0.02057
0.0106 -0.01793
0.00823 -0.01549
0.00629 -0.01325
0.00472 -0.01118
0.00344 -0.00927
0.00241 -0.0075
0.00159 -0.00585
0.00096 -0.00431
0.00048 -0.00286
0.00017 -0.00149
0.000013 -0.00021
0.000035 0.00103
0.00028 0.00224
0.00094 0.0033
0.002 0.00409
0.003320 0.00462
0.00484 0.00499
0.006580 0.00525
0.00858 0.00546
0.01092 0.00561
0.01371 0.00572
0.0171 0.00577
0.021330 0.00574
0.0267 0.00561
0.03346 0.00535
0.04157 0.00491
0.05067 0.00423
0.06044 0.00328
0.07082 0.00208
0.08171 0.00072
0.09294 -0.00073
0.10433 -0.00222
0.11569 -0.0037
0.12692 -0.005120
0.13799 -0.00646
0.14888 -0.00769
0.15959 -0.008780
0.170150 -0.00971
0.18056 -0.01046
0.19085 -0.01103
0.20104 -0.0114
0.21113 -0.01155
0.22114 -0.01149
0.23109 -0.0112
0.24099 -0.01068
0.25083 -0.00994
0.26062 -0.0089600
0.27033 -0.00776
0.27993 -0.006320
0.28933 -0.00468
0.29839 -0.00286
0.3069 -0.0009
0.31464 0.00115
0.32144 0.00322
0.32726 0.00531
0.33218 0.00738
0.33632 0.009430
0.34055 0.01189
-Inserting Flap s1223rtl-
0.4478 0.087240
0.447420 0.086330
0.44686 0.08501
0.44614 0.08364
0.44518 0.0822
0.44393 0.08062
0.44239 0.078840
0.44051 0.07684
0.43835 0.07465
0.43594 0.07233
0.43336 0.06994
0.43067 0.06753
0.42791 0.06513
0.42511 0.06277
0.42229 0.06046
0.41943 0.0582
0.41653 0.05599
0.4135800 0.05382
0.41056 0.05168
0.40746 0.04954
0.40428 0.0474
0.40102 0.04525
0.39771 0.04308
0.39437 0.04091
0.39105 0.038770
0.3878 0.03669
0.38466 0.03472
0.38168 0.03291
0.37889 0.0313
0.37625 0.0299
0.373730 0.02871
0.37129 0.02772
0.36891 0.0269
0.36656 0.02626
0.36424 0.02578
0.36196 0.025460
0.35972 0.02529
0.35754 0.02528
0.35546 0.0254
0.35353 0.025620
0.35178 0.02593
0.350250 0.02628
0.34893 0.02666
0.34781 0.02705
0.34685 0.027450
0.34604 0.02786
0.34534 0.02826
0.34474 0.02866
0.34423 0.02905
0.3437900 0.02943
0.34342 0.02981
0.34311 0.03019
0.34285 0.03057
0.3426700 0.03096
0.34256 0.03138
0.3426 0.03182
0.342810 0.03223
0.34314 0.0326
0.34357 0.03295
0.344070 0.0333
0.34467 0.03368
0.34538 0.03409
0.346230 0.03456
0.34729 0.0351
0.34862 0.03575
0.35033 0.03654
0.35249 0.03751
0.3551 0.03863
0.35806 0.03983
0.36127 0.04105
0.36471 0.04228
0.36834 0.04355
0.37209 0.04483
0.37589 0.04613
0.37969 0.04744
0.38343 0.04873
0.38711 0.05003
0.39071 0.05134
0.39424 0.05266
0.3977 0.05401
0.40108 0.05539
0.4044 0.05681
0.40765 0.05827
0.41084 0.05979
0.41397 0.06136
0.41705 0.063
0.42007 0.0647
0.42304 0.06646
0.425960 0.06829
0.42882 0.070170
0.43161 0.072110
0.4343 0.07408
0.43686 0.076060
0.43923 0.078
0.44134 0.07984
0.44315 0.08155
0.44465 0.08311
0.44587 0.08452
0.44685 0.08581
0.4478 0.087240
-Inserting Flap s1223rtl-
0.54576 0.1869
0.54566 0.18593
0.5455 0.1845
0.54521 0.18298
0.54469 0.18133
0.543960 0.17946
0.54298 0.17731
0.54177 0.17486
0.54031 0.17214
0.538670 0.16923
0.536890 0.16619
0.5350 0.16311
0.53305 0.1600200
0.53105 0.15696
0.529 0.15393
0.52691 0.15095
0.52477 0.148
0.52256 0.14508
0.52028 0.14216
0.51793 0.13923
0.5155 0.13626
0.51299 0.13326
0.510440 0.13024
0.50786 0.1272
0.5053 0.1242
0.50278 0.12127
0.50034 0.11849
0.498 0.1159
0.49579 0.11355
0.49366 0.11146
0.49159 0.1096
0.48954 0.10794
0.48749 0.106480
0.48542 0.10519
0.48334 0.10406
0.48125 0.1031
0.47915 0.1023
0.47707 0.10166
0.47504 0.10118
0.47312 0.10084
0.47136 0.10063
0.46979 0.10053
0.468420 0.100510
0.46723 0.10057
0.4662 0.10068
0.46531 0.10084
0.46452 0.101020
0.46384 0.10123
0.46323 0.10145
0.4627 0.1017
0.46223 0.10196
0.4618300 0.10223
0.46148 0.10252
0.46119 0.102840
0.46097 0.10321
0.46088 0.10364
0.46096 0.104090
0.46117 0.10454
0.46148 0.105
0.461860 0.10549
0.46232 0.10602
0.4628800 0.10661
0.46357 0.10731
0.46443 0.108130
0.46552 0.10913
0.46692 0.11038
0.46872 0.11193
0.4709 0.11375
0.47339 0.11575
0.47612 0.11784
0.47906 0.12001
0.48217 0.12226
0.48539 0.12457
0.48866 0.1269
0.49193 0.12924
0.49514 0.131560
0.49829 0.13385
0.50137 0.13614
0.50437 0.138420
0.5073 0.1407
0.51015 0.14299
0.51291 0.1453
0.51561 0.14764
0.51823 0.15001
0.52078 0.152420
0.52326 0.15487
0.525670 0.15736
0.52801 0.1599
0.530280 0.162490
0.53248 0.165110
0.53459 0.16777
0.53661 0.17043
0.53849 0.17306
0.5402 0.1756
0.541690 0.17797
0.54294 0.18012
0.54393 0.18205
0.5447 0.18375
0.54527 0.18526
0.54576 0.1869
*.*.Setup: s1223rtl.txt as Flap 1, Inverted: y, Scale = 1.0, AoA = 2.0, Reposition from (0,0) = (0, 0)*.*.
*.*.Setup: s1223rtl.txt as Flap 2, Inverted: y, Scale = 0.35, AoA = 28.333333333333332, Reposition from previous T.E. = (0.0067, 0.055), Reposition from (0,0) = (1.0061, 0.0899)*.*.
*.*.Setup: s1223rtl.txt as Flap 3, Inverted: y, Scale = 0.35, AoA = 45.0, Reposition from previous T.E. = (0.04, 0.045), Reposition from (0,0) = (1.3541, 0.301)*.*.
*.*.Setup: Scale Ratio = 0.34076*.*.