0.33069 -0.01155
0.32851 -0.01318
0.32533 -0.01557
0.32168 -0.017840
0.31736 -0.01993
0.31218 -0.02197
0.30597 -0.02407
0.29869 -0.026240
0.29043 -0.02843
0.281410 -0.03061
0.27188 -0.03273
0.26205 -0.03474
0.252090 -0.03663
0.24208 -0.03836
0.23208 -0.03993
0.222070 -0.04133
0.212030 -0.042560
0.20193 -0.04361
0.19169 -0.04452
0.18128 -0.04529
0.17067 -0.04596
0.15985 -0.04656
0.14887 -0.0471
0.13784 -0.04762
0.12689 -0.0481
0.1162 -0.048520
0.10592 -0.0488400
0.09625 -0.0490
0.08730 -0.04894
0.07903 -0.04859
0.07133 -0.047910
0.06409 -0.04688
0.05723 -0.04549
0.05071 -0.04374
0.04449 -0.04165
0.03858 -0.03921
0.03299 -0.0364600
0.027750 -0.03345
0.02293 -0.03026
0.01861 -0.027
0.014850 -0.02383
0.01168 -0.02084
0.00906 -0.01808
0.00692 -0.015570
0.0052 -0.01326
0.00382 -0.0111500
0.00271 -0.00921
0.00183 -0.00743
0.00115 -0.00577
0.00063 -0.00424
0.00028 -0.0028
6e-05 -0.00146
-0.000029 -0.0002
8e-05 0.001
0.00042 0.00215
0.00113 0.003140
0.00221 0.00383
0.00352 0.00425
0.005030 0.0045
0.00673 0.00464
0.008680 0.00471
0.01096 0.0047
0.01366 0.004610
0.01696 0.00443
0.02106 0.00411
0.02625 0.00363
0.03277 0.00292
0.040600 0.001940
0.04937 0.00066
0.05877 -0.00092
0.06874 -0.00278
0.0792 -0.00484
0.08998 -0.007
0.10091 -0.00922
0.11182 -0.01142
0.1226 -0.01356
0.13323 -0.015610
0.1437 -0.01753
0.1540 -0.01931
0.16417 -0.02093
0.1742 -0.02237
0.18413 -0.02361
0.1939700 -0.02466
0.20374 -0.02549
0.21344 -0.02611
0.2231 -0.0265
0.23272 -0.02667
0.24231 -0.02662
0.25185 -0.02633
0.26134 -0.02582
0.27074 -0.02509
0.27995 -0.02414
0.28885 -0.02298
0.29724 -0.02166
0.30487 -0.0202
0.31159 -0.01865
0.317380 -0.01703
0.32228 -0.01535
0.32643 -0.01365
0.33069 -0.01155
-Inserting Flap s1223rtl-
0.44587 0.06162
0.4455 0.06074
0.44496 0.05945
0.44426 0.05812
0.44332 0.05673
0.44212 0.05519
0.44061 0.05346
0.4388 0.05152
0.43669 0.0494
0.434350 0.04715
0.43184 0.04482
0.42923 0.042480
0.42656 0.04015
0.423840 0.03785
0.4211 0.03561
0.41832 0.03342
0.4155 0.03127
0.41264 0.029170
0.40971 0.02709
0.4067 0.02501
0.40361 0.02294
0.40045 0.02084
0.39723 0.01874
0.39399 0.01663
0.39077 0.01455
0.387610 0.01253
0.384560 0.01062
0.38167 0.008860
0.37895 0.0073
0.37639 0.00594
0.37395 0.00479
0.37158 0.00382
0.36926 0.00303
0.36698 0.0024
0.36473 0.00193
0.36252 0.00163
0.36034 0.00147
0.35823 0.00145
0.35621 0.00156
0.35433 0.00178
0.352630 0.00208
0.35114 0.00242
0.34986 0.00279
0.34877 0.00317
0.34784 0.00356
0.34705 0.00396
0.34638 0.00435
0.3458 0.00473
0.3453 0.00511
0.34487 0.00548
0.34451 0.005850
0.34421 0.00622
0.34396 0.00659
0.34378 0.00697
0.34368 0.00737
0.343720 0.00780
0.34392 0.0082
0.34424 0.00856
0.34465 0.0089
0.34514 0.00924
0.34572 0.00961
0.34641 0.01001
0.34724 0.01046
0.34827 0.01099
0.34956 0.01162
0.35122 0.01239
0.35332 0.013330
0.35585 0.01441
0.35873 0.01558
0.36185 0.01676
0.36519 0.01796
0.36871 0.01919
0.37235 0.02044
0.37604 0.0217
0.37973 0.02297
0.38336 0.02423
0.38694 0.02549
0.39044 0.02675
0.39387 0.02804
0.39722 0.02935
0.40051 0.03069
0.40373 0.03207
0.40688 0.03349
0.40998 0.03496
0.41302 0.03649
0.41601 0.03808
0.41895 0.03973
0.421830 0.04144
0.42467 0.04321
0.42744 0.04505
0.43015 0.04693
0.43277 0.04884
0.43525 0.05077
0.43755 0.05265
0.4396 0.05444
0.44135 0.0561
0.44281 0.05761
0.444 0.05898
0.44495 0.06023
0.44587 0.06162
-Inserting Flap s1223rtl-
0.541 0.1584
0.5409 0.15745
0.54075 0.15607
0.54046 0.15459
0.53996 0.152990
0.53925 0.15117
0.5383 0.14908
0.53712 0.1467
0.53571 0.14406
0.53411 0.14123
0.53238 0.138290
0.53055 0.13529
0.52865 0.13229
0.526710 0.12932
0.52472 0.12638
0.522690 0.12348
0.52061 0.12062
0.51847 0.11778
0.51626 0.11495
0.51397 0.1121
0.51161 0.10922
0.50918 0.10631
0.5067 0.10337
0.5042 0.10042
0.501710 0.09751
0.49926 0.09467
0.49689 0.09196
0.49462 0.08945
0.49247 0.08717
0.49041 0.08514
0.48839 0.08333
0.4864 0.08172
0.48441 0.0803
0.48241 0.07905
0.48039 0.07795
0.47835 0.07702
0.47631 0.07625
0.47429 0.07563
0.47232 0.07516
0.47046 0.07483
0.46875 0.07462
0.46723 0.07452
0.4659 0.07451
0.46474 0.07456
0.46374 0.07467
0.462870 0.07482
0.46211 0.075
0.46144 0.07520
0.46086 0.07542
0.46034 0.07566
0.45989 0.07591
0.45949 0.07617
0.45915 0.07646
0.458870 0.07676
0.45866 0.07713
0.45857 0.07755
0.45865 0.07799
0.45886 0.07842
0.45915 0.07887
0.45952 0.07934
0.45997 0.07985
0.46052 0.08043
0.46119 0.0811
0.46202 0.0819
0.46308 0.08288
0.46444 0.08409
0.46618 0.08559
0.4683 0.08736
0.47072 0.0893
0.47337 0.09133
0.47622 0.09344
0.47925 0.09562
0.48238 0.09787
0.48555 0.10014
0.48872 0.1024
0.49184 0.10465
0.4949 0.10688
0.49789 0.1091
0.50081 0.11132
0.50365 0.11353
0.50641 0.11576
0.5091 0.118
0.51172 0.12027
0.514260 0.12257
0.51674 0.12491
0.51914 0.12729
0.52148 0.12971
0.52376 0.13218
0.52596 0.13469
0.5281 0.13724
0.53015 0.13982
0.53211 0.14241
0.53394 0.14496
0.5356 0.14742
0.53705 0.149720
0.53826 0.1518100
0.539220 0.15368
0.53996 0.15534
0.54052 0.15681
0.541 0.1584
*.*.Setup: s1223rtl.txt as Flap 1, Inverted: y, Scale = 1.0, AoA = -2.0, Reposition from (0,0) = (0, 0)*.*.
*.*.Setup: s1223rtl.txt as Flap 2, Inverted: y, Scale = 0.35, AoA = 28.333333333333332, Reposition from previous T.E. = (0.04, 0.055), Reposition from (0,0) = (1.0394, 0.0201)*.*.
*.*.Setup: s1223rtl.txt as Flap 3, Inverted: y, Scale = 0.35, AoA = 45.0, Reposition from previous T.E. = (0.04, 0.045), Reposition from (0,0) = (1.3875, 0.2312)*.*.
*.*.Setup: Scale Ratio = 0.3309*.*.