0.34038 -0.01189
0.33813 -0.01357
0.33486 -0.01603
0.33111 -0.018360
0.32666 -0.02051
0.32132 -0.02261
0.31493 -0.02477
0.30744 -0.027010
0.29893 -0.02927
0.289650 -0.03151
0.27984 -0.03369
0.26973 -0.03576
0.259470 -0.0377
0.24918 -0.03949
0.23888 -0.0411
0.228580 -0.04254
0.218250 -0.04380
0.20784 -0.04489
0.19731 -0.04582
0.18659 -0.04662
0.17567 -0.04731
0.16453 -0.04792
0.15323 -0.04848
0.14188 -0.04902
0.13061 -0.04951
0.1196 -0.049940
0.10902 -0.0502700
0.09907 -0.050440
0.089850 -0.05037
0.08134 -0.05001
0.07342 -0.049310
0.06597 -0.04825
0.05891 -0.04682
0.0522 -0.04503
0.0458 -0.04287
0.03971 -0.04036
0.03395 -0.0375300
0.028570 -0.03443
0.02361 -0.03114
0.01916 -0.0278
0.015290 -0.02453
0.01202 -0.02145
0.00932 -0.01861
0.00712 -0.016020
0.00535 -0.01365
0.00393 -0.0114800
0.00279 -0.00948
0.00188 -0.00764
0.00118 -0.00594
0.00065 -0.00436
0.00028 -0.00288
6e-05 -0.0015
-0.000029 -0.00021
8e-05 0.00102
0.00043 0.00221
0.00117 0.003230
0.00227 0.00394
0.00363 0.00437
0.005170 0.00463
0.00693 0.00478
0.008940 0.00484
0.01128 0.00483
0.01406 0.004740
0.01745 0.00456
0.02167 0.00424
0.02702 0.00373
0.03373 0.003
0.0417900 0.001990
0.05081 0.00068
0.0605 -0.00095
0.07076 -0.00286
0.08152 -0.00498
0.09261 -0.00721
0.10387 -0.00949
0.1151 -0.01176
0.12619 -0.01396
0.13713 -0.016070
0.1479 -0.01805
0.158510 -0.01988
0.16897 -0.02154
0.1793 -0.02302
0.18952 -0.02431
0.1996500 -0.02538
0.2097 -0.02624
0.21969 -0.02687
0.22963 -0.02728
0.23954 -0.02746
0.2494 -0.0274
0.25923 -0.02711
0.269 -0.02658
0.27867 -0.02582
0.28815 -0.02484
0.29731 -0.02366
0.30594 -0.02229
0.3138 -0.02079
0.32072 -0.0192
0.326670 -0.01753
0.33172 -0.0158
0.33599 -0.01405
0.34038 -0.01189
-Inserting Flap s1223rtl-
0.45165 0.07863
0.45138 0.077680
0.45098 0.07631
0.45042 0.0748600
0.44963 0.07332
0.44858 0.07161
0.44725 0.06966
0.44563 0.067460
0.44373 0.06504
0.4416 0.06245
0.439320 0.059780
0.43693 0.05707
0.43447 0.05437
0.431970 0.0517
0.42943 0.04908
0.42686 0.04651
0.42423 0.04398
0.42156 0.04148
0.41881 0.039
0.41598 0.036520
0.413070 0.03403
0.41009 0.03151
0.40705 0.02898
0.40399 0.02644
0.40094 0.02392
0.39795 0.02148
0.39507 0.01916
0.39232 0.01702
0.38973 0.0151
0.38728 0.01341
0.38491 0.01193
0.38261 0.0106600
0.38033 0.00957
0.37808 0.00866
0.37583 0.00792
0.37361 0.00733
0.3714 0.00691
0.36924 0.00664
0.36716 0.006520
0.36521 0.00652
0.36344 0.00662
0.361880 0.00679
0.36053 0.007010
0.35937 0.00727
0.35837 0.00756
0.35752 0.007870
0.35678 0.00819
0.35614 0.00851
0.35559 0.00884
0.3551 0.00917
0.35469 0.00951
0.354340 0.00985
0.354040 0.01019
0.35381 0.01056
0.35366 0.01096
0.35365 0.0114
0.35381 0.01183
0.3541 0.01224
0.354470 0.01264
0.35493 0.01305
0.355480 0.01349
0.35614 0.01398
0.35694000 0.01454
0.35792 0.0152
0.35917 0.0160
0.36077 0.01699
0.3628 0.0182
0.36527 0.01961
0.36806 0.02115
0.37111 0.02273
0.37438 0.02436
0.377840 0.026030
0.38141 0.02774
0.38504 0.02948
0.38865 0.03121
0.39222 0.03293
0.39572 0.03465
0.39915 0.03636
0.4025 0.03808
0.40577 0.03982
0.40897 0.04158
0.4121 0.04338
0.41516 0.04521
0.41815 0.04709
0.42107 0.04902
0.42394 0.051
0.42674 0.05303
0.42949 0.05513
0.43217 0.05728
0.43479 0.05948
0.43734 0.06173
0.43978 0.064
0.44209 0.06626
0.44422 0.06846
0.4461 0.07054
0.4477 0.07244
0.44901 0.07416
0.45006 0.07571
0.450880 0.0771
0.45165 0.07863
-Inserting Flap s1223rtl-
0.539560 0.17058
0.53937 0.16961
0.5391 0.16821
0.53867 0.16672
0.53801 0.16512
0.53712 0.163320
0.53596 0.16126
0.53453 0.15893
0.532850 0.15635
0.53096 0.15359
0.52892 0.15073
0.52678 0.14782
0.52456 0.14491
0.5223 0.14204
0.52 0.1392
0.51766 0.13642
0.51527 0.13367
0.51282 0.13095
0.5103 0.12824
0.5077 0.12553
0.50502 0.12279
0.50226 0.12002
0.49946 0.11723
0.49663 0.11443
0.49381 0.11166
0.49105 0.108970
0.48838 0.10641
0.48583 0.10403
0.48341 0.10189
0.48112 0.09999
0.47889 0.09832
0.47670 0.09685
0.47453 0.09557
0.47237 0.09446
0.4702 0.09353
0.46803 0.09275
0.46587 0.09214
0.46374 0.09169
0.46168 0.09138
0.45974 0.0912100
0.45797 0.09115
0.45639 0.09119
0.45503 0.09129
0.45385 0.09145
0.45283 0.09165
0.45196 0.09189
0.45119 0.09214
0.45053 0.09241
0.44994 0.09268
0.44944 0.09297
0.44899 0.09327
0.44861 0.09358
0.44829 0.0939
0.44803 0.09424
0.44784 0.09463
0.44779 0.095060
0.44791 0.09551
0.44816 0.09594
0.44851 0.09637
0.44893 0.09682
0.44944 0.0973
0.45005 0.0978500
0.45079 0.09848
0.451720 0.09922
0.45289 0.10013
0.4544 0.10125
0.45632 0.10263
0.45865 0.104260
0.4613 0.10603
0.4642 0.10787
0.46732 0.10978
0.470610 0.11175
0.474020 0.11377
0.47748 0.11581
0.48093 0.11785
0.48434 0.11988
0.48768 0.12189
0.49094 0.1239
0.49413 0.1259
0.49724 0.127920
0.50027 0.12996
0.50323 0.13202
0.50612 0.13411
0.50893 0.13624
0.51168 0.13841
0.514360 0.14064
0.51698 0.14291
0.51953 0.14523
0.52202 0.14761
0.52444 0.15004
0.52677 0.1525
0.52901 0.154970
0.53112 0.15743
0.53304 0.1598
0.53473 0.162030
0.53616 0.16407
0.53732 0.1659
0.53823 0.16753
0.53893 0.16898
0.539560 0.17058
*.*.Setup: s1223rtl.txt as Flap 1, Inverted: y, Scale = 1.0, AoA = -2.0, Reposition from (0,0) = (0, 0)*.*.
*.*.Setup: s1223rtl.txt as Flap 2, Inverted: y, Scale = 0.35, AoA = 35.0, Reposition from previous T.E. = (0.04, 0.065), Reposition from (0,0) = (1.0394, 0.0301)*.*.
*.*.Setup: s1223rtl.txt as Flap 3, Inverted: y, Scale = 0.35, AoA = 40.0, Reposition from previous T.E. = (-0.01, 0.045), Reposition from (0,0) = (1.3161, 0.2759)*.*.
*.*.Setup: Scale Ratio = 0.34059*.*.