0.34237 -0.01196
0.34011 -0.01365
0.33682 -0.01612
0.33304 -0.018470
0.32856 -0.02063
0.3232 -0.02275
0.31677 -0.02492
0.30923 -0.027160
0.30068 -0.02944
0.291340 -0.03169
0.28147 -0.03388
0.2713 -0.03597
0.260990 -0.03792
0.25063 -0.03972
0.24027 -0.04134
0.229910 -0.04279
0.219520 -0.044060
0.20905 -0.04515
0.19846 -0.04609
0.18768 -0.04689
0.17669 -0.04758
0.16549 -0.0482
0.15413 -0.04877
0.14271 -0.0493
0.13137 -0.0498
0.1203 -0.050240
0.10966 -0.0505600
0.09965 -0.050730
0.090380 -0.05067
0.08182 -0.0503
0.07385 -0.04960
0.06635 -0.04853
0.05925 -0.04709
0.0525 -0.04529
0.04606 -0.04312
0.03994 -0.0406
0.03415 -0.0377500
0.028730 -0.03463
0.02374 -0.03133
0.01927 -0.02796
0.015380 -0.02467
0.01209 -0.02157
0.00938 -0.01872
0.00717 -0.016110
0.00538 -0.01373
0.00395 -0.0115400
0.0028 -0.00954
0.0019 -0.00769
0.00119 -0.00598
0.00066 -0.00439
0.00029 -0.0029
6e-05 -0.00151
-0.000029 -0.00021
8e-05 0.00103
0.00043 0.00222
0.00117 0.003250
0.00229 0.00396
0.00365 0.0044
0.00520 0.00466
0.00697 0.00481
0.008990 0.00487
0.01135 0.00486
0.01415 0.004770
0.01755 0.00458
0.0218 0.00426
0.02717 0.00376
0.03393 0.00302
0.0420300 0.0020
0.05111 0.00068
0.06085 -0.00095
0.07117 -0.00288
0.08199 -0.00501
0.09316 -0.00725
0.10447 -0.00955
0.11577 -0.01183
0.12693 -0.01404
0.13793 -0.016160
0.14877 -0.01815
0.159440 -0.02
0.16996 -0.02167
0.18035 -0.02316
0.19063 -0.02445
0.2008200 -0.02553
0.21093 -0.02639
0.22097 -0.02703
0.23097 -0.02744
0.24093 -0.02762
0.25086 -0.02756
0.26074 -0.02726
0.27057 -0.02674
0.28029 -0.02597
0.28983 -0.02499
0.29905 -0.02379
0.30773 -0.02242
0.31563 -0.02091
0.32259 -0.01931
0.328580 -0.01763
0.33366 -0.01589
0.33795 -0.01413
0.34237 -0.01196
-Inserting Flap s1223rtl-
0.42735 0.06722
0.42697 0.06631
0.42641 0.06498
0.42568 0.0636
0.42471 0.06216
0.42346 0.06057
0.42191 0.05878
0.42003 0.05677
0.41785 0.05457
0.415420 0.05223
0.41283 0.04983
0.41012 0.04740
0.40735 0.04499
0.404540 0.04262
0.4017 0.04029
0.39883 0.03802
0.39591 0.0358
0.39294 0.033620
0.38991 0.03147
0.3868 0.02932
0.3836 0.02717
0.38032 0.025
0.37699 0.02282
0.37363 0.02064
0.3703 0.01849
0.367030 0.0164
0.363880 0.01442
0.36088 0.01260
0.35807 0.01098
0.35542 0.00958
0.35289 0.00838
0.35043 0.00738
0.34804 0.00656
0.34568 0.00591
0.34335 0.00543
0.34105 0.00511
0.3388 0.00494
0.33661 0.00493
0.33452 0.00505
0.33257 0.00527
0.330820 0.00558
0.32928 0.00593
0.32795 0.00631
0.32682 0.00671
0.32586 0.00712
0.32504 0.00752
0.32434 0.00793
0.32374 0.00832
0.32323 0.00872
0.32278 0.0091
0.32241 0.009490
0.3221 0.00987
0.32184 0.01025
0.32165 0.01064
0.32155 0.01106
0.321590 0.01150
0.3218 0.01191
0.32214 0.01229
0.32256 0.01264
0.32307 0.013
0.32367 0.01337
0.32438 0.01379
0.32524 0.01425
0.3263 0.0148
0.32764 0.01545
0.32936 0.01625
0.33153 0.017220
0.33415 0.01835
0.33713 0.01955
0.34036 0.02078
0.34382 0.02202
0.34746 0.02329
0.35123 0.02459
0.35506 0.02589
0.35887 0.0272
0.36264 0.02851
0.36633 0.02981
0.36996 0.03112
0.37351 0.03245
0.37698 0.03381
0.38039 0.0352
0.38372 0.03662
0.38699 0.0381
0.39019 0.03962
0.39334 0.04121
0.39643 0.04285
0.39947 0.04456
0.402460 0.04633
0.4054 0.04816
0.40827 0.05006
0.41107 0.05201
0.41378 0.05399
0.41635 0.05598
0.41873 0.05793
0.42086 0.05979
0.42267 0.0615
0.42419 0.06307
0.42541 0.06449
0.4264 0.06578
0.42735 0.06722
-Inserting Flap s1223rtl-
0.53927 0.15826
0.53899 0.15731
0.53859 0.15592
0.538030 0.15447
0.53724 0.15292
0.53618 0.1512
0.53484 0.14924
0.53321 0.147030
0.5313 0.14459
0.52916 0.14199
0.526870 0.13930
0.52446 0.13658
0.52199 0.13386
0.519470 0.13117
0.51692 0.12854
0.51433 0.12595
0.51169 0.12341
0.50900 0.1209
0.50623 0.1184
0.50339 0.115910
0.500460 0.1134
0.49746 0.11087
0.49441 0.10832
0.49132 0.10576
0.48826 0.10324
0.48526 0.10078
0.48235 0.09845
0.47959 0.09629
0.47699 0.09436
0.47452 0.09266
0.47214 0.09118
0.46982 0.0899
0.46753 0.0888
0.46527 0.08788
0.46301 0.08713
0.46077 0.08655
0.458550 0.08613
0.45638 0.08586
0.45429 0.085730
0.45233 0.08573
0.45055 0.08583
0.44897 0.086
0.44762 0.0862300
0.44645 0.08649
0.44545 0.08678
0.44459 0.087090
0.44384 0.08741
0.4432 0.08773
0.44264 0.08806
0.44216 0.0884
0.44174 0.088730
0.44139 0.08908
0.441090 0.08942
0.44086 0.08979
0.4407 0.0902
0.44069 0.09064
0.44086 0.09107
0.44114 0.09148
0.44152 0.09188
0.441990 0.0923
0.44254 0.09274
0.4432 0.09323
0.4440 0.0938
0.44499 0.09446
0.44625 0.095270
0.44786 0.09626
0.4499 0.09748
0.45238 0.0989
0.45519 0.10044
0.45826 0.10204
0.46155 0.10367
0.46502 0.105360
0.468620 0.10708
0.47226 0.10882
0.4759 0.11056
0.47949 0.1123
0.48301 0.11402
0.48646 0.11575
0.48983 0.11748
0.49312 0.11923
0.49634 0.121
0.49949 0.1228
0.50256 0.12465
0.50557 0.12654
0.50851 0.12847
0.51139 0.13047
0.514210 0.13251
0.51698 0.13462
0.51968 0.13678
0.52231 0.139
0.52487 0.14126
0.52733 0.14355
0.52965 0.14582
0.53179 0.14803
0.53368 0.15012
0.53529 0.15204
0.53661 0.15377
0.53766 0.15532
0.53849 0.15672
0.53927 0.15826
*.*.Setup: s1223rtl.txt as Flap 1, Inverted: y, Scale = 1.0, AoA = -2.0, Reposition from (0,0) = (0, 0)*.*.
*.*.Setup: s1223rtl.txt as Flap 2, Inverted: y, Scale = 0.35, AoA = 28.333333333333332, Reposition from previous T.E. = (-0.06, 0.065), Reposition from (0,0) = (0.9394, 0.0301)*.*.
*.*.Setup: s1223rtl.txt as Flap 3, Inverted: y, Scale = 0.35, AoA = 35.0, Reposition from previous T.E. = (0.04, 0.065), Reposition from (0,0) = (1.2875, 0.2612)*.*.
*.*.Setup: Scale Ratio = 0.34257*.*.