0.3461 -0.01209
0.34382 -0.0138
0.34049 -0.0163
0.33667 -0.018670
0.33215 -0.02086
0.32672 -0.02299
0.32022 -0.02519
0.3126 -0.027460
0.30396 -0.02976
0.294520 -0.03204
0.28454 -0.03425
0.27426 -0.03636
0.263830 -0.03833
0.25336 -0.04015
0.24289 -0.04179
0.232420 -0.04326
0.221910 -0.044540
0.21133 -0.04565
0.20062 -0.04659
0.18973 -0.0474
0.17862 -0.0481
0.1673 -0.04872
0.15581 -0.0493
0.14426 -0.04984
0.13281 -0.05034
0.12161 -0.050780
0.11086 -0.0511200
0.10073 -0.051290
0.091360 -0.05122
0.08271 -0.05085
0.07466 -0.050140
0.06708 -0.04906
0.0599 -0.04761
0.05307 -0.04578
0.04657 -0.04359
0.04038 -0.04104
0.03452 -0.0381600
0.029050 -0.03501
0.024 -0.03167
0.01948 -0.02826
0.015550 -0.02494
0.01222 -0.02181
0.00948 -0.01893
0.00724 -0.016290
0.00544 -0.01388
0.00399 -0.0116700
0.00283 -0.00964
0.00192 -0.00777
0.0012 -0.00604
0.00066 -0.00443
0.00029 -0.00293
6e-05 -0.00153
-0.000029 -0.00021
8e-05 0.00104
0.00044 0.00225
0.00119 0.003280
0.00231 0.00401
0.00369 0.00445
0.005260 0.00471
0.00704 0.00486
0.009090 0.00492
0.01147 0.00492
0.0143 0.004820
0.01775 0.00463
0.02204 0.00431
0.02747 0.0038
0.0343 0.00305
0.0424900 0.002030
0.05167 0.00069
0.06151 -0.00096
0.07194 -0.00291
0.08289 -0.00506
0.09417 -0.00733
0.10561 -0.00965
0.11703 -0.01195
0.12832 -0.01419
0.13944 -0.016340
0.15039 -0.01835
0.161180 -0.02021
0.17181 -0.02191
0.18232 -0.02341
0.19271 -0.02471
0.2030100 -0.02581
0.21323 -0.02668
0.22339 -0.02732
0.23349 -0.02774
0.24356 -0.02792
0.2536 -0.02786
0.26359 -0.02756
0.27352 -0.02703
0.28335 -0.02626
0.293 -0.02526
0.30231 -0.02405
0.31108 -0.02267
0.31907 -0.02114
0.32611 -0.01952
0.332160 -0.01782
0.3373 -0.01607
0.34164 -0.01429
0.3461 -0.01209
-Inserting Flap s1223rtl-
0.46664 0.06449
0.46625 0.06357
0.46569 0.06222
0.46496 0.06083
0.46398 0.05937
0.46272 0.05777
0.46114 0.05595
0.45924 0.05392
0.45704 0.0517
0.454590 0.04934
0.45196 0.04691
0.44923 0.044460
0.44643 0.04202
0.443590 0.03962
0.44071 0.03727
0.43781 0.03498
0.43486 0.03273
0.43186 0.030530
0.42879 0.02835
0.42565 0.02618
0.42241 0.024
0.4191 0.02181
0.41574 0.01961
0.41234 0.0174
0.40897 0.01523
0.405670 0.01312
0.402480 0.01111
0.39945 0.009270
0.39661 0.00764
0.39393 0.00622
0.39137 0.00501
0.38889 0.004
0.38646 0.00317
0.38408 0.00251
0.38172 0.00202
0.37941 0.0017
0.37713 0.00153
0.37492 0.00152
0.3728 0.00164
0.37083 0.00187
0.369060 0.00218
0.3675 0.00253
0.36616 0.00292
0.36502 0.00332
0.36405 0.00373
0.36322 0.00414
0.36251 0.00455
0.36191 0.00495
0.36138 0.00535
0.36094 0.00574
0.36056 0.006130
0.36024 0.00651
0.35999 0.0069
0.35979 0.00729
0.35969 0.00772
0.359730 0.008160
0.35994 0.00858
0.36028 0.00896
0.36071 0.00931
0.36122 0.00967
0.36183 0.01006
0.36255 0.01047
0.36342 0.01095
0.3645 0.0115
0.36585 0.01216
0.36758 0.01296
0.36978 0.013950
0.37243 0.01508
0.37544 0.0163
0.37871 0.01754
0.3822 0.0188
0.38589 0.02008
0.3897 0.02139
0.39356 0.02271
0.39742 0.02404
0.40122 0.02535
0.40496 0.02667
0.40863 0.028
0.41222 0.02934
0.41573 0.03071
0.41917 0.03212
0.42254 0.03356
0.42584 0.03505
0.42908 0.03659
0.43226 0.03819
0.43539 0.03985
0.43846 0.04158
0.441490 0.04337
0.44445 0.04523
0.44736 0.04714
0.45019 0.04911
0.45293 0.05112
0.45553 0.05313
0.45793 0.0551
0.46008 0.05697
0.46192 0.05871
0.46344 0.06029
0.46469 0.06173
0.46568 0.06303
0.46664 0.06449
-Inserting Flap s1223rtl-
0.53871 0.15798
0.538520 0.157
0.53824 0.15557
0.5378 0.15406
0.537140 0.15243
0.53623 0.15061
0.53505 0.14851
0.5336 0.14614
0.53189 0.14352
0.52997 0.14071
0.52789 0.1378
0.52571 0.13484
0.52346 0.13189
0.52117 0.12896
0.518830 0.12608
0.51645 0.12325
0.51401 0.12046
0.51152 0.11769
0.508960 0.11494
0.50631 0.11218
0.50359 0.10939
0.50079 0.10658
0.49793 0.10374
0.49506 0.10089
0.4922 0.098080
0.489390 0.09534
0.48667 0.09274
0.48407 0.09032
0.481620 0.08815
0.47929 0.08621
0.47702 0.08451
0.4748 0.08302
0.47259 0.08172
0.47039 0.08059
0.46818 0.07964
0.46598 0.07885
0.4637800 0.07823
0.46162 0.07777
0.45952 0.07746
0.45755 0.07728
0.45575 0.07723
0.45415 0.07726
0.45276 0.07737
0.45156 0.07753
0.45053 0.07774
0.44963 0.07797
0.44886 0.07823
0.44818 0.07850
0.447590 0.07878
0.44707 0.079070
0.44662 0.07938
0.44624 0.07969
0.44591 0.08001
0.44564 0.080360
0.44545 0.08076
0.4454 0.0812
0.445530 0.08165
0.44578 0.08209
0.44613 0.08253
0.44656 0.08298
0.44707 0.08348
0.4477 0.08404
0.448450 0.08467
0.44939 0.08543
0.4505900 0.08635
0.45212 0.087490
0.454070 0.0889
0.45644 0.09055
0.45914 0.09235
0.46209 0.09423
0.46526 0.09616
0.46861 0.09817
0.47207 0.10022
0.47559 0.10229
0.4791 0.10437
0.48256 0.10643
0.48596 0.10848
0.48928 0.11052
0.49252 0.11256
0.49568 0.11461
0.49877 0.11668
0.50177 0.11877
0.50471 0.1209
0.507570 0.12307
0.51036 0.12528
0.51309 0.127540
0.515750 0.12985
0.51835 0.13222
0.52088 0.13463
0.52334 0.1371
0.525710 0.1396
0.52799 0.14212
0.530130 0.14461
0.53208 0.14703
0.53381 0.1493
0.535260 0.15137
0.53643 0.15323
0.53736 0.15489
0.53807 0.15636
0.53871 0.15798
*.*.Setup: s1223rtl.txt as Flap 1, Inverted: y, Scale = 1.0, AoA = -2.0, Reposition from (0,0) = (0, 0)*.*.
*.*.Setup: s1223rtl.txt as Flap 2, Inverted: y, Scale = 0.35, AoA = 28.333333333333332, Reposition from previous T.E. = (0.04, 0.055), Reposition from (0,0) = (1.0394, 0.0201)*.*.
*.*.Setup: s1223rtl.txt as Flap 3, Inverted: y, Scale = 0.35, AoA = 40.0, Reposition from previous T.E. = (-0.06, 0.045), Reposition from (0,0) = (1.2875, 0.2312)*.*.
*.*.Setup: Scale Ratio = 0.34631*.*.