0.36143 -0.01262
0.35905 -0.01441
0.35558 -0.01702
0.35159 -0.01950
0.34686 -0.02178
0.3412 -0.02401
0.33441 -0.02631
0.32645 -0.028680
0.31743 -0.03108
0.307570 -0.03346
0.29715 -0.03577
0.28641 -0.03797
0.275520 -0.04003
0.26459 -0.04193
0.25365 -0.04365
0.242710 -0.04517
0.231740 -0.046510
0.2207 -0.04767
0.20951 -0.04866
0.19814 -0.0495
0.18653 -0.05023
0.17471 -0.05088
0.16271 -0.05148
0.15065 -0.05205
0.13869 -0.05257
0.127 -0.053030
0.11577 -0.0533800
0.1052 -0.053560
0.095410 -0.05349
0.08638 -0.05311
0.07796 -0.052360
0.07005 -0.05123
0.06255 -0.04972
0.05542 -0.04781
0.04863 -0.04552
0.04217 -0.04286
0.03605 -0.0398500
0.030330 -0.03656
0.02507 -0.03307
0.02034 -0.02951
0.016230 -0.02604
0.01276 -0.02277
0.0099 -0.01976
0.00757 -0.017010
0.00568 -0.01449
0.00417 -0.0121900
0.00296 -0.01007
0.002 -0.00812
0.00125 -0.00631
0.00069 -0.00463
0.0003 -0.00306
7e-05 -0.00159
-0.000029 -0.00022
9e-05 0.00109
0.00046 0.00235
0.00124 0.003430
0.00242 0.00418
0.00385 0.00465
0.005490 0.00492
0.00736 0.00508
0.009490 0.00514
0.01198 0.00513
0.01493 0.005040
0.01853 0.00484
0.02301 0.0045
0.02869 0.00397
0.03582 0.00319
0.0443700 0.002120
0.05396 0.00072
0.06424 -0.00101
0.07513 -0.00304
0.08656 -0.00528
0.09834 -0.00766
0.11029 -0.01008
0.12221 -0.01248
0.134 -0.01482
0.14562 -0.017060
0.15705 -0.01916
0.168320 -0.02111
0.17943 -0.02288
0.1904 -0.02445
0.20125 -0.02581
0.21200 -0.02695
0.22268 -0.02786
0.23328 -0.02853
0.24384 -0.02897
0.25435 -0.02915
0.26483 -0.02909
0.27526 -0.02878
0.28564 -0.02822
0.2959 -0.02742
0.30598 -0.02638
0.3157 -0.02512
0.32486 -0.02367
0.33321 -0.02208
0.34056 -0.02038
0.346880 -0.01861
0.35224 -0.01678
0.35677 -0.01492
0.36143 -0.01262
-Inserting Flap s1223rtl-
0.45445 0.06076
0.45399 0.05983
0.453330 0.058460
0.452480 0.05705
0.45137 0.05559
0.44995 0.054
0.4482 0.0522
0.4461 0.0502
0.44366 0.04802
0.44097 0.04571
0.43808 0.04333
0.43509 0.04094
0.432020 0.03857
0.42891 0.03624
0.42577 0.033960
0.4226 0.03175
0.4194 0.02959
0.41613 0.02747
0.4128 0.02539
0.40939 0.02332
0.40589 0.02124
0.4023 0.01916
0.39866 0.01707
0.39499 0.01498
0.39134 0.01291
0.3877700 0.01091
0.38432 0.00902
0.38105 0.00728
0.37799 0.00575
0.37511 0.00443
0.37237 0.00333
0.36972 0.00242
0.36714 0.0017
0.36462 0.00117
0.36213 0.0008
0.35969 0.0006
0.35731 0.00057
0.355 0.00069
0.35281 0.00094
0.3507700 0.0013
0.34894 0.00173
0.34733 0.00220
0.34596 0.00268
0.3448 0.00317
0.343810 0.00365
0.34297 0.00413
0.34226 0.0046
0.34165 0.00506
0.34113 0.0055
0.34069 0.00594
0.34032 0.00636
0.34001 0.00678
0.33977 0.0072
0.33959 0.00762
0.3395 0.00807
0.33958 0.00854
0.33982 0.00896
0.3402 0.00933
0.34067 0.00968
0.34122 0.010020
0.34188 0.01038
0.34265 0.01077
0.34359 0.01121
0.34475 0.01172
0.3462 0.01233
0.34805 0.01306
0.3504 0.01396
0.35324 0.01498
0.3564500 0.01607
0.35993 0.01716
0.36365 0.01826
0.36757 0.01938
0.37162 0.02051
0.37573 0.02165
0.379830 0.0228
0.38388 0.02394
0.38786 0.02509
0.39176 0.026250
0.39558 0.02743
0.399320 0.02865
0.40299 0.0299
0.4066 0.0312
0.41013 0.03255
0.4136 0.03396
0.41702 0.03544
0.42038 0.03698
0.42369 0.03859
0.42695 0.040280
0.43015 0.04203
0.4333 0.043850
0.43637 0.04574
0.43935 0.04766
0.44218 0.0496
0.44481 0.05151
0.44716 0.05333
0.44918 0.05503
0.45087 0.05658
0.45225 0.05801
0.45337 0.05931
0.45445 0.06076
-Inserting Flap s1223rtl-
0.53644 0.15687
0.5361500 0.15587
0.53573 0.15441
0.53514 0.15288
0.5343 0.15124
0.53318 0.14943
0.53177 0.14736
0.53005 0.14502
0.52803 0.14245
0.52577 0.1397
0.52335 0.13686
0.520810 0.13399
0.5182 0.13112
0.51554 0.12828
0.51285 0.1255
0.51011 0.12277
0.50733 0.12008
0.50449 0.11743
0.50157 0.1148
0.49857 0.11217
0.49548 0.10952
0.49231 0.10685
0.48908 0.10415
0.48583 0.10146
0.4826 0.09879
0.47942 0.0962
0.47636 0.09374
0.47344 0.09146
0.47069 0.08942
0.46809 0.08762
0.46558 0.08606
0.46313 0.08471
0.46071 0.08355
0.45832 0.08258
0.45594 0.08179
0.453570 0.08117
0.45123 0.08073
0.44893 0.08044
0.44673 0.08031
0.44466 0.08031
0.44278 0.08041
0.44112 0.08059
0.439680 0.08083
0.43845 0.08111
0.4374 0.08142
0.436490 0.08174
0.4357 0.08208
0.43502 0.082420
0.43443 0.08277
0.43392 0.08312
0.43348 0.08348
0.43311 0.08384
0.4328 0.08421
0.43255 0.08459
0.43239 0.08502
0.43238 0.08549
0.43255 0.08595
0.432850 0.08638
0.43325 0.08680
0.43374 0.08724
0.43432 0.08771
0.43502 0.088230
0.43587 0.08883
0.43692 0.089530
0.43824 0.09038
0.43994 0.091420
0.4421 0.09271
0.44471 0.09421
0.44769 0.09584
0.45092 0.09752
0.4544 0.09925
0.45806 0.10103
0.46186 0.10285
0.46571 0.10469
0.46955 0.10652
0.47333 0.10835
0.477050 0.11018
0.48069 0.112
0.48425 0.11382
0.4877300 0.11567
0.49112 0.11754
0.49444 0.11945
0.497690 0.12139
0.500870 0.12339
0.50397 0.12543
0.50701 0.12754
0.50999 0.1297
0.512910 0.13192
0.51576 0.134210
0.51854 0.13655
0.52124 0.13893
0.52384 0.14135
0.52629 0.14375
0.52855 0.14608
0.53055 0.14829
0.53224 0.15031
0.53364 0.15213
0.53475 0.15378
0.53562 0.15525
0.53644 0.15687
*.*.Setup: s1223rtl.txt as Flap 1, Inverted: y, Scale = 1.0, AoA = -2.0, Reposition from (0,0) = (0, 0)*.*.
*.*.Setup: s1223rtl.txt as Flap 2, Inverted: y, Scale = 0.35, AoA = 25.0, Reposition from previous T.E. = (-0.06, 0.055), Reposition from (0,0) = (0.9394, 0.0201)*.*.
*.*.Setup: s1223rtl.txt as Flap 3, Inverted: y, Scale = 0.35, AoA = 35.0, Reposition from previous T.E. = (-0.06, 0.065), Reposition from (0,0) = (1.1966, 0.233)*.*.
*.*.Setup: Scale Ratio = 0.36165*.*.