0.34051 0.03579
0.338510 0.0338
0.3356 0.03089
0.33218 0.02804
0.32806 0.02528
0.323040 0.022440
0.31698 0.0194
0.30983 0.01613
0.301680 0.01269
0.292750 0.00916
0.28329 0.00562
0.27351 0.00214
0.263580 -0.001230
0.25358 -0.00445
0.24355 -0.0075
0.2335 -0.010370
0.22339 -0.01307
0.21318 -0.01561
0.2028300 -0.01801
0.19228 -0.0203
0.18149 -0.02252
0.17049 -0.02468
0.15933 -0.02683
0.1481 -0.028950
0.13695 -0.03101
0.12605 -0.03299
0.11557 -0.03479
0.10568 -0.03635
0.0965 -0.03758
0.08798 -0.03841
0.07999 -0.03882
0.07242 -0.0388
0.0652 -0.03837
0.05826 -0.03752
0.05159 -0.03627
0.04518 -0.03462
0.039050 -0.03261
0.03325 -0.03028
0.02786 -0.0277
0.02296 -0.02499
0.01865 -0.022280
0.01497 -0.01967
0.01188 -0.01722
0.00933 -0.01495
0.00724 -0.01284
0.005520 -0.01088
0.0041 -0.009050
0.00295 -0.00735
0.00201 -0.00575
0.00126 -0.004250
0.00069 -0.00283
0.00027 -0.00149
0.000055 -0.00021
-6e-05 0.00103
0.00012 0.00226
0.00071 0.00338
0.00171 0.00424
0.0030 0.00486
0.0045 0.005340
0.00623 0.00573
0.00822 0.00607
0.01055 0.00639
0.01334 0.00669
0.01674 0.00698
0.02098 0.007250
0.02637 0.0075
0.03316 0.00771
0.04132 0.007830
0.05049 0.00779
0.06036 0.00752
0.07084 0.00705
0.08185 0.00645
0.09321 0.00578
0.10473 0.00508
0.11622 0.0044
0.127580 0.00376
0.13876 0.00319
0.149760 0.00273
0.16058 0.00239
0.17123 0.00219
0.181720 0.00217
0.19207 0.00232
0.2023 0.00267
0.21243 0.00322
0.22246 0.00399
0.23242 0.00497
0.2423 0.00618
0.25211 0.00762
0.26185 0.00928
0.2715 0.01117
0.28102 0.013280
0.29033 0.01558
0.29928 0.01805
0.30768 0.02061
0.31529 0.0232
0.321960 0.02576
0.32765 0.02826
0.33244 0.03068
0.33644 0.033020
0.34051 0.03579
-Inserting Flap s1223rtl-
0.462810 0.10184
0.46237 0.10095
0.46174 0.09966
0.46094 0.09833
0.459890 0.09694
0.45855 0.095430
0.456890 0.09373
0.4549 0.09184
0.452590 0.08977
0.45004 0.08758
0.44731 0.085340
0.44447 0.08307
0.44157 0.08082
0.43863 0.07862
0.435660 0.07647
0.432660 0.07437
0.42962 0.07233
0.426530 0.07032
0.423380 0.06835
0.42015 0.06639
0.41683 0.06443
0.41344 0.06245
0.40999 0.06047
0.40651 0.05849
0.40306 0.05654
0.39967 0.05464
0.39641 0.05285
0.39332 0.05121
0.39042 0.04976
0.38769 0.04851
0.3851 0.04747
0.38259 0.04661
0.38015 0.04593
0.377760 0.04542
0.37541 0.04507
0.3731 0.04489
0.37084 0.04485
0.36866 0.04496
0.36658 0.0452
0.36465 0.04554
0.36291 0.04595
0.3614 0.04639
0.36010 0.04685
0.3590 0.04731
0.35806 0.04777
0.35727 0.04823
0.35659 0.04867
0.35602 0.0491
0.35552 0.04952
0.3551 0.04993
0.35475 0.05034
0.35446 0.05074
0.35423 0.05113
0.354070 0.05153
0.35399 0.05196
0.35405 0.05239
0.35429 0.05279
0.35464 0.05315
0.35508 0.05348
0.35561 0.0538
0.35623 0.05414
0.35697 0.05451
0.35785 0.05493
0.35895 0.05541
0.360320 0.05599
0.36208 0.05668
0.36430 0.05753
0.36699 0.05850
0.37002 0.05953
0.37332 0.06056
0.37684 0.06160
0.38055 0.06266
0.38439 0.06373
0.38828 0.06481
0.39216 0.06590
0.39599 0.06698
0.399760 0.06806
0.40345 0.06916
0.40707 0.07028
0.41062 0.07143
0.41409 0.0726200
0.4175 0.07385
0.420850 0.07513
0.42414 0.076470
0.42737 0.07786
0.43055 0.07932
0.43368 0.08085
0.43677 0.08245
0.4398 0.08411
0.44278 0.08583
0.44569 0.08761
0.44851 0.08944
0.45119 0.09127
0.453680 0.09308
0.4559 0.09480
0.457810 0.096410
0.45941 0.09788
0.460720 0.09923
0.461780 0.10046
0.462810 0.10184
-Inserting Flap s1223rtl-
0.55118 0.19428
0.55099 0.19331
0.55072 0.19189
0.55028 0.1904
0.54963 0.18879
0.54873 0.18698
0.54756 0.18491
0.54613 0.18257
0.54444 0.17997
0.54254 0.1772
0.54049 0.17432
0.53833 0.1714
0.53611 0.16848
0.53383 0.16559
0.53152 0.16274
0.52917 0.159940
0.52676 0.15718
0.5243 0.15444
0.52176 0.15172
0.51915 0.148990
0.51646 0.14624
0.513690 0.14345
0.510870 0.14065
0.50802 0.13783
0.505190 0.13505
0.50242 0.13235
0.49973 0.12977
0.49716 0.12738
0.49474 0.125230
0.49243 0.12332
0.49019 0.12164
0.48799 0.120160
0.48581 0.11887
0.48363 0.117760
0.481450 0.11682
0.47927 0.11604
0.4771 0.11543
0.474960 0.11497
0.47289 0.11466
0.47094 0.11449
0.469160 0.11443
0.46758 0.11447
0.46621 0.114580
0.46502 0.11474
0.464 0.1149400
0.46312 0.115170
0.46235 0.11542
0.46168 0.11569
0.46109 0.11597
0.46058 0.11626
0.46014 0.11656
0.45976 0.11687
0.45943 0.11719
0.45917 0.11754
0.45898 0.117930
0.4589300 0.11837
0.45905 0.11881
0.4593 0.119250
0.45965 0.11968
0.46007 0.12013
0.46058 0.12062
0.46120 0.12117
0.46195 0.1218
0.46288 0.12255
0.46406 0.12346
0.46557 0.12458
0.4675 0.12597
0.46984 0.12761
0.47251 0.12939
0.475430 0.13124
0.47856 0.13316
0.48187 0.13514
0.4853 0.13717
0.48878 0.13922
0.492250 0.14127
0.49567 0.14331
0.49902 0.14533
0.50231 0.14735
0.50551 0.149370
0.50864 0.1514
0.51169 0.15344
0.51466 0.15551
0.51756 0.15762
0.52039 0.15976
0.52316 0.16194
0.52585 0.16418
0.52848 0.16646
0.53105 0.1688
0.53355 0.17119
0.53598 0.17363
0.53833 0.1761
0.54058 0.17859
0.54269 0.18106
0.54463 0.18345
0.546330 0.18569
0.54776 0.18774
0.54893 0.18957
0.54984 0.19121
0.55055 0.19268
0.55118 0.19428
*.*.Setup: s1223rtl.txt as Flap 1, Inverted: y, Scale = 1.0, AoA = 6.0, Reposition from (0,0) = (0, 0)*.*.
*.*.Setup: s1223rtl.txt as Flap 2, Inverted: y, Scale = 0.35, AoA = 25.0, Reposition from previous T.E. = (0.04, 0.045), Reposition from (0,0) = (1.0345, 0.1495)*.*.
*.*.Setup: s1223rtl.txt as Flap 3, Inverted: y, Scale = 0.35, AoA = 40.0, Reposition from previous T.E. = (-0.01, 0.045), Reposition from (0,0) = (1.3417, 0.3424)*.*.
*.*.Setup: Scale Ratio = 0.34238*.*.