0.33799 0.0118
0.33588 0.00998
0.33281 0.00732
0.32925 0.00474
0.325 0.00231
0.31986 -0.00014
0.31368 -0.00273
0.30641 -0.005460
0.29814 -0.00829
0.2891 -0.01115
0.27953 -0.013980
0.26966 -0.01674
0.25964 -0.01937
0.24956 -0.02185
0.23947 -0.02417
0.22937 -0.02631
0.2192200 -0.02827
0.20899 -0.03007
0.19862 -0.03172
0.18806 -0.03325
0.17729 -0.03469
0.1663 -0.03607
0.15515 -0.03741
0.14393 -0.03873
0.13281 -0.04
0.12193 -0.04119
0.11148 -0.04224
0.1016300 -0.0431
0.0925 -0.04368
0.08404 -0.04391
0.07614 -0.04376
0.06869 -0.04322
0.0616 -0.0423
0.0548200 -0.04099
0.04833 -0.03929
0.04213 -0.03723
0.03623 -0.03483
0.03068 -0.03213
0.02554 -0.02921
0.0209 -0.02621
0.01684 -0.02323
0.0133900 -0.02041
0.01052 -0.01779
0.00817 -0.01538
0.00625 -0.01315
0.00469 -0.0111
0.00342 -0.0092
0.0024 -0.00744
0.00158 -0.0058
0.00095 -0.00427
0.00048 -0.00284
0.00017 -0.00148
0.000013 -0.0002
0.000035 0.00102
0.00027 0.00222
0.00093 0.00328
0.00198 0.00406
0.003290 0.00458
0.0048 0.00495
0.006530 0.00522
0.00852 0.00542
0.01084 0.00557
0.0136 0.00567
0.01697 0.00572
0.021170 0.0057
0.0265 0.00557
0.03321 0.00531
0.04126 0.00487
0.05029 0.00419
0.05999 0.00325
0.07029 0.00207
0.08109 0.00072
0.09224 -0.00073
0.10354 -0.00221
0.11482 -0.00367
0.12597 -0.005090
0.13695 -0.00641
0.14776 -0.00763
0.15839 -0.008710
0.168870 -0.00964
0.17921 -0.01039
0.18942 -0.01095
0.19953 -0.01131
0.20954 -0.01146
0.21948 -0.0114
0.22936 -0.01112
0.23918 -0.0106
0.24895 -0.00986
0.25866 -0.0088900
0.2683 -0.0077
0.27783 -0.006280
0.28715 -0.00465
0.29615 -0.00284
0.3046 -0.00089
0.31228 0.00114
0.31903 0.0032
0.3248 0.00527
0.32969 0.00733
0.33379 0.009350
0.33799 0.0118
-Inserting Flap s1223rtl-
0.4588 0.07705
0.45837 0.07617
0.457740 0.07489
0.456950 0.07358
0.45591 0.07221
0.45459 0.07072
0.45295 0.06904
0.45098 0.06717
0.44871 0.06513
0.44619 0.062970
0.44349 0.06074
0.44069 0.05851
0.437820 0.05629
0.43491 0.05411
0.43198 0.05198
0.42901 0.04991
0.42601 0.04789
0.42296 0.045910
0.41985 0.04396
0.41666 0.04203
0.41338 0.040090
0.41003 0.03814
0.40662 0.03619
0.40319 0.034230
0.39978 0.032300
0.3964400 0.03043
0.39321 0.02866
0.39016 0.02703
0.38729 0.0256
0.3846 0.02437
0.38204 0.02334
0.37956 0.02249
0.37715 0.02182
0.37479 0.02131
0.37247 0.02097
0.37019 0.020790
0.36796 0.02076
0.3658 0.0208700
0.36374 0.0211
0.3618400 0.02144
0.36012 0.02184
0.35863 0.02228
0.35734 0.02273
0.35625 0.02318
0.355330 0.02364
0.35455 0.02409
0.35388 0.02453
0.35331 0.024950
0.35282 0.025370
0.35241 0.02577
0.35206 0.02617
0.35178 0.02657
0.35155 0.02696
0.35138 0.02735
0.35131 0.02777
0.35137 0.0282100
0.3516 0.0286
0.35195 0.02895
0.35239 0.02927
0.35291 0.0296
0.35352 0.02993
0.35425 0.0303
0.35513 0.03071
0.35621 0.03119
0.35756 0.03175
0.3593 0.03244
0.36149 0.03327
0.36415 0.03423
0.3671500 0.035250
0.3704 0.03627
0.37388 0.0373
0.37755 0.03834
0.38134 0.0394
0.38518 0.04047
0.389020 0.04154
0.3928 0.04261
0.39652 0.04368
0.40017 0.04477
0.40374 0.045880
0.407240 0.04701
0.41068 0.04818
0.41404 0.0494
0.41735 0.05066
0.4206 0.05198
0.42379 0.053360
0.42693 0.05481
0.43003 0.05631
0.43307 0.05789
0.43607 0.059530
0.43901 0.06123
0.44189 0.06299
0.44467 0.06479
0.44732 0.06661
0.44978 0.06839
0.45197 0.0701
0.45387 0.07168
0.45544 0.07314
0.45674 0.07447
0.45778 0.07568
0.4588 0.07705
-Inserting Flap s1223rtl-
0.54609 0.16835
0.54591 0.167390
0.545630 0.166
0.5452 0.16452
0.54456 0.16293
0.54367 0.16115
0.54252 0.15911
0.5411 0.15679
0.53943 0.15422
0.53755 0.15149
0.535530 0.14864
0.5334 0.14576
0.5312 0.14287
0.528960 0.14001000
0.52667 0.1372
0.524350 0.13443
0.52197 0.13171
0.51954 0.12901
0.51703 0.12632
0.51445 0.12362
0.51179 0.1209
0.50906 0.11815
0.50627 0.11538
0.50346 0.1126
0.50066 0.10985
0.49792 0.10718
0.49527 0.10464
0.49273 0.102280
0.49034 0.10015
0.488060 0.09827
0.48585 0.0966
0.48368 0.09515
0.48152 0.09387
0.479370 0.09277
0.47721 0.09184
0.47506 0.09108
0.47292 0.0904700
0.4708 0.09002
0.46876 0.08971
0.46683 0.08954
0.46507 0.0894900
0.46351 0.08952
0.46215 0.08963
0.46098 0.089780
0.45997 0.08998
0.45910 0.09021
0.45834 0.09047
0.45768 0.09073
0.4571 0.091010
0.4566 0.09129
0.45616 0.09159
0.45578 0.09189
0.45546 0.09221
0.4552 0.09255
0.45501 0.09294
0.45497 0.09337
0.45509 0.09381
0.45534 0.09424
0.45568 0.09467
0.45609 0.095110
0.4566 0.09560
0.45721 0.09614
0.45795 0.096760
0.45887 0.0975
0.46003 0.0984
0.46153 0.09951
0.46343 0.10089
0.46575 0.1025
0.46838 0.10426
0.47126 0.10609
0.4743600 0.10798
0.47763 0.10994
0.48101 0.11194
0.48445 0.113970
0.48788 0.1160
0.491260 0.118010
0.49457 0.12001
0.497810 0.122
0.50098 0.12399
0.50407 0.126
0.50708 0.12802
0.51002 0.13006
0.512880 0.132140
0.51568 0.13426
0.51841 0.136420
0.52107 0.13862
0.52367 0.14088
0.5262 0.14319
0.52867 0.14555
0.53107 0.14796
0.5334 0.1504
0.53562 0.15286
0.53771 0.15530
0.53962 0.15766
0.5413 0.15987
0.54272 0.16189
0.54386 0.16371
0.54477 0.165330
0.545460 0.166770
0.54609 0.16835
*.*.Setup: s1223rtl.txt as Flap 1, Inverted: y, Scale = 1.0, AoA = 2.0, Reposition from (0,0) = (0, 0)*.*.
*.*.Setup: s1223rtl.txt as Flap 2, Inverted: y, Scale = 0.35, AoA = 25.0, Reposition from previous T.E. = (0.04, 0.045), Reposition from (0,0) = (1.0394, 0.0799)*.*.
*.*.Setup: s1223rtl.txt as Flap 3, Inverted: y, Scale = 0.35, AoA = 40.0, Reposition from previous T.E. = (-0.01, 0.045), Reposition from (0,0) = (1.3466, 0.2728)*.*.
*.*.Setup: Scale Ratio = 0.3382*.*.