0.34691 -0.01211
0.34462 -0.01383
0.34129 -0.01634
0.33746 -0.018720
0.33292 -0.02091
0.32748 -0.02305
0.32097 -0.02525
0.31333 -0.027520
0.30467 -0.02983
0.29520 -0.03211
0.28521 -0.03433
0.2749 -0.03644
0.264450 -0.03842
0.25395 -0.04024
0.24346 -0.04189
0.232960 -0.04336
0.222430 -0.044640
0.21183 -0.04575
0.20109 -0.0467
0.19017 -0.04751
0.17904 -0.04821
0.16769 -0.04884
0.15617 -0.04941
0.1446 -0.04996
0.13311 -0.05046
0.12189 -0.05090
0.11111 -0.0512300
0.10097 -0.05140
0.091580 -0.05134
0.0829 -0.05097
0.07483 -0.050260
0.06723 -0.04917
0.06004 -0.04772
0.0532 -0.04589
0.04667 -0.04369
0.04047 -0.04114
0.03461 -0.0382500
0.029110 -0.03509
0.02406 -0.03174
0.01953 -0.02833
0.015580 -0.025
0.01225 -0.02186
0.0095 -0.01897
0.00726 -0.016330
0.00545 -0.01391
0.004 -0.011700
0.00284 -0.00966
0.00192 -0.00779
0.0012 -0.00606
0.00067 -0.00444
0.00029 -0.00294
6e-05 -0.00153
-0.000029 -0.00021
9e-05 0.00104
0.00044 0.00225
0.00119 0.003290
0.00232 0.00402
0.0037 0.00446
0.005270 0.00472
0.00706 0.00487
0.009110 0.00494
0.0115 0.00493
0.01433 0.004840
0.01779 0.00464
0.02209 0.00432
0.02753 0.00381
0.03438 0.00306
0.0425900 0.002030
0.05179 0.00069
0.06166 -0.00096
0.07211 -0.00291
0.08308 -0.00507
0.09439 -0.00735
0.10586 -0.00967
0.1173 -0.01198
0.12861 -0.01423
0.13976 -0.016370
0.15074 -0.01839
0.161550 -0.02026
0.17221 -0.02196
0.18274 -0.02346
0.19316 -0.02477
0.2034800 -0.02587
0.21373 -0.02674
0.22391 -0.02739
0.23404 -0.0278
0.24413 -0.02798
0.25419 -0.02792
0.2642 -0.02763
0.27416 -0.02709
0.28401 -0.02632
0.29368 -0.02532
0.30302 -0.02411
0.31181 -0.02272
0.31982 -0.02119
0.32687 -0.01956
0.332940 -0.01786
0.33809 -0.0161
0.34243 -0.01432
0.34691 -0.01211
-Inserting Flap s1223rtl-
0.45616 0.06117
0.455770 0.06024
0.45521 0.0589
0.45447 0.0575
0.45349 0.05604
0.45222 0.05443
0.45065 0.05261
0.44874 0.05058
0.44653 0.04835
0.44408 0.04599
0.44145 0.04355
0.43871 0.041090
0.4359 0.03864
0.43305 0.03624
0.43017 0.03389
0.42726 0.03159
0.42431 0.02934
0.421300 0.027130
0.41822 0.02494
0.41507 0.02277
0.41183 0.02059
0.40851 0.01839
0.40513 0.01618
0.40173 0.01397
0.39835 0.01179
0.39504 0.00968
0.39184 0.00767
0.38881 0.005820
0.38596 0.00418
0.38328 0.00276
0.380710 0.00155
0.37822 0.00054
0.37579 -0.0003
0.3734 -0.00095
0.37104 -0.00144
0.36872 -0.00177
0.36644 -0.00193
0.36422 -0.00195
0.3621 -0.00183
0.36013 -0.0016
0.35835 -0.00129
0.356790 -0.00093
0.35544 -0.00055
0.3543 -0.00014
0.35333 0.00027
0.3525 0.00068
0.35179 0.00109
0.35118 0.00149
0.35066 0.00189
0.3502100 0.00228
0.34983 0.002670
0.34951 0.00306
0.34926 0.00344
0.3490600 0.00384
0.34896 0.00426
0.349 0.004710
0.349210 0.00513
0.34955 0.00551
0.34998 0.00586
0.350490 0.00623
0.3511 0.00661
0.35182 0.00703
0.35270 0.0075
0.35377 0.00805
0.35513 0.00871
0.35687 0.00952
0.35907 0.010510
0.36173 0.01165
0.36474 0.01287
0.36802 0.01411
0.37152 0.01537
0.37522 0.01666
0.37903 0.01797
0.38291 0.0193
0.38677 0.02062
0.39059 0.02194
0.39434 0.02326
0.39801 0.0246
0.40161 0.02594
0.40513 0.02731
0.40857 0.02872
0.41195 0.03017
0.41526 0.03166
0.41851 0.03321
0.4217 0.03481
0.42484 0.03648
0.42792 0.03821
0.43094 0.04
0.433920 0.04186
0.43683 0.04378
0.43967 0.04576
0.44241 0.04777
0.44502 0.04978
0.44743 0.05176
0.44958 0.05364
0.45142 0.05537
0.45295 0.05696
0.4542 0.0584
0.4552 0.05971
0.45616 0.06117
-Inserting Flap s1223rtl-
0.5386 0.16617
0.53849 0.16517
0.53833 0.16372
0.53803 0.16217
0.53751 0.160490
0.536760 0.15858
0.53577 0.15639
0.53452 0.15389
0.53305 0.15112
0.531370 0.14816
0.529550 0.145070
0.527630 0.14193
0.52565 0.13878
0.52361 0.13566
0.52152 0.13258
0.51939 0.12954
0.51721 0.12654
0.51496 0.12356
0.51264 0.12058
0.51024 0.1176
0.50777 0.11458
0.50522 0.11152
0.502610 0.10844
0.49999 0.10535
0.49738 0.10229
0.49481 0.09931
0.49233 0.09647
0.48995 0.09383
0.48769 0.09144
0.48552 0.08931
0.48341 0.08742
0.48132 0.08573
0.47923 0.08424
0.47713 0.08292
0.47501 0.08178
0.47288 0.0808
0.47074 0.07998
0.46862 0.07933
0.46656 0.07884
0.4646 0.07849
0.46281 0.07828
0.46121 0.07818
0.459810 0.07816
0.4586 0.07822
0.45755 0.07833
0.45664 0.07849
0.45584 0.07868
0.45514 0.078890
0.45453 0.07912
0.45398 0.07937
0.45351 0.07963
0.4530900 0.07991
0.45274 0.0802
0.45244 0.08053
0.45222 0.08091
0.45213 0.08135
0.45221 0.08181
0.45243 0.08227
0.45274 0.08273
0.453130 0.08323
0.4536 0.08377
0.4541700 0.08438
0.45487 0.08508
0.45575 0.08592
0.45686 0.08694
0.45829 0.08821
0.46011 0.08979
0.46233 0.09164
0.46487 0.09368
0.46765 0.09581
0.47065 0.09802
0.47382 0.10031
0.4771 0.10267
0.48043 0.10505
0.48375 0.10742
0.48703 0.10978
0.49024 0.11213
0.49338 0.11445
0.49644 0.11677
0.49942 0.1191
0.50231 0.12143
0.50514 0.12379
0.50788 0.12617
0.51055 0.12858
0.51314 0.13103
0.51567 0.13353
0.518120 0.13607
0.52051 0.13866
0.522820 0.14129
0.52506 0.14397
0.52722 0.14667
0.52927 0.14939
0.53119 0.15207
0.53293 0.15465
0.534450 0.157060
0.53572 0.1592600
0.53673 0.16122
0.53751 0.16295
0.53809 0.16449
0.5386 0.16617
*.*.Setup: s1223rtl.txt as Flap 1, Inverted: y, Scale = 1.0, AoA = -2.0, Reposition from (0,0) = (0, 0)*.*.
*.*.Setup: s1223rtl.txt as Flap 2, Inverted: y, Scale = 0.35, AoA = 28.333333333333332, Reposition from previous T.E. = (0.0067, 0.045), Reposition from (0,0) = (1.0061, 0.0101)*.*.
*.*.Setup: s1223rtl.txt as Flap 3, Inverted: y, Scale = 0.35, AoA = 45.0, Reposition from previous T.E. = (-0.01, 0.055), Reposition from (0,0) = (1.3041, 0.2312)*.*.
*.*.Setup: Scale Ratio = 0.34712*.*.