0.354 -0.01236
0.35167 -0.01411
0.34827 -0.01667
0.34436 -0.01910
0.33973 -0.02133
0.33418 -0.02352
0.32754 -0.02577
0.31974 -0.028090
0.3109 -0.03044
0.301240 -0.03277
0.29104 -0.03503
0.28052 -0.03719
0.269860 -0.03921
0.25915 -0.04107
0.24844 -0.04275
0.237720 -0.04424
0.226980 -0.045560
0.21616 -0.04669
0.2052 -0.04766
0.19406 -0.04848
0.1827 -0.0492
0.17112 -0.04984
0.15937 -0.05042
0.14756 -0.05098
0.13584 -0.05149
0.12439 -0.051940
0.11339 -0.0522800
0.10303 -0.052460
0.093450 -0.05239
0.0846 -0.05201
0.07636 -0.051280
0.06861 -0.05018
0.06127 -0.0487
0.05428 -0.04683
0.04763 -0.04458
0.0413 -0.04198
0.03531 -0.0390400
0.029710 -0.03581
0.02455 -0.03239
0.01993 -0.02891
0.01590 -0.02551
0.0125 -0.02231
0.00969 -0.01936
0.00741 -0.016660
0.00557 -0.0142
0.00408 -0.0119400
0.0029 -0.00986
0.00196 -0.00795
0.00123 -0.00618
0.00068 -0.00453
0.0003 -0.003
7e-05 -0.00156
-0.000029 -0.00021
9e-05 0.00107
0.00045 0.0023
0.00121 0.003360
0.00237 0.0041
0.00377 0.00455
0.005380 0.00482
0.0072 0.00497
0.009290 0.00504
0.01173 0.00503
0.01463 0.004930
0.01815 0.00474
0.02254 0.0044
0.0281 0.00388
0.03509 0.00312
0.0434600 0.002070
0.05285 0.00071
0.06292 -0.00098
0.07359 -0.00297
0.08478 -0.00518
0.09632 -0.0075
0.10802 -0.00987
0.1197 -0.01223
0.13125 -0.01452
0.14262 -0.016710
0.15382 -0.01877
0.164860 -0.02067
0.17574 -0.02241
0.18648 -0.02394
0.19711 -0.02528
0.2076400 -0.02639
0.2181 -0.02729
0.22849 -0.02795
0.23883 -0.02837
0.24912 -0.02855
0.25939 -0.02849
0.26961 -0.02819
0.27976 -0.02764
0.28982 -0.02686
0.29969 -0.02584
0.30921 -0.0246
0.31819 -0.02318
0.32636 -0.02162
0.33356 -0.01996
0.339750 -0.01823
0.345 -0.01643
0.34944 -0.01461
0.354 -0.01236
-Inserting Flap s1223rtl-
0.44611 0.07469
0.44583 0.073710
0.44542 0.07228
0.44484 0.0707700
0.44401 0.06917
0.442920 0.06739
0.44154 0.06537
0.439850 0.063080
0.43787 0.06056
0.43567 0.05787
0.43329 0.055090
0.4308 0.05227
0.428250 0.04946
0.42565 0.04668
0.42301 0.04396
0.42033 0.04128
0.4176 0.03865
0.41481 0.03606
0.41196 0.03348
0.40902 0.03090
0.40599 0.02831
0.40289 0.02569
0.39973 0.02305
0.39654 0.02041
0.39337 0.0178
0.39027 0.01526
0.387260 0.01285
0.38441 0.01062
0.38171 0.00862
0.37916 0.00686
0.3767 0.00533
0.37431 0.00400
0.37194 0.00287
0.3696 0.00192
0.36726 0.00115
0.36494 0.00054
0.36265 0.0001
0.36041 -0.00017
0.35824 -0.00030
0.35622 -0.00031
0.354380 -0.0002
0.35275 -0.000068
0.35135 0.000210
0.350140 0.00048
0.3491 0.00078
0.34821 0.00110
0.34745 0.00143
0.34678 0.00177
0.3462 0.00211
0.3457 0.00245
0.345270 0.0028
0.34491 0.00316
0.3446 0.00352
0.34436 0.00389
0.3442 0.00432
0.34419 0.00477
0.34436 0.00522
0.34465 0.00564
0.34505 0.00606
0.34552 0.00649
0.34609 0.00694
0.34678 0.00745
0.34761 0.00804
0.348630 0.00873
0.34993 0.009560
0.35159 0.01058
0.35371 0.01184
0.35627 0.01331
0.35918 0.01491
0.36235 0.01656
0.36575 0.01825
0.36935 0.019990
0.37306 0.02177
0.37683 0.02357
0.38059 0.02537
0.3843 0.02716
0.38794 0.02895
0.39151 0.03073
0.39499 0.03252
0.3984 0.03433
0.40173 0.03616
0.4049800 0.03803
0.40816 0.03994
0.41127 0.04189
0.41431 0.04389
0.41729 0.04595
0.42021 0.04807
0.42306 0.05025
0.42586 0.05249
0.42858 0.05478
0.43123 0.05712
0.43377 0.05948
0.43617 0.06183
0.43838 0.06412
0.44034 0.06628
0.442 0.06826
0.44336 0.07005
0.44446 0.07165
0.44531 0.0731
0.44611 0.07469
-Inserting Flap s1223rtl-
0.53754 0.17386
0.53735 0.17286
0.53706 0.1714
0.53661 0.16985
0.53593 0.16819
0.535 0.166320
0.53380 0.16418
0.532310 0.16175
0.53057 0.15906
0.5286 0.1562
0.52648 0.15322
0.52425 0.15019
0.52194 0.14717
0.51959 0.14418
0.5172 0.14123
0.51477 0.13834
0.51228 0.13548
0.50973 0.13265
0.50711 0.12983
0.5044 0.12701
0.50161 0.12416
0.49875 0.12128
0.49583 0.11838
0.49289 0.11547
0.48996 0.11259
0.48709 0.109790
0.48431 0.10713
0.48166 0.10466
0.47915 0.10243
0.47676 0.10045
0.47444 0.09871
0.47217 0.09719
0.46991 0.09585
0.46766 0.0947
0.4654 0.09373
0.46314 0.09292
0.4609 0.09229
0.45869 0.09181
0.456540 0.0915
0.45452 0.0913200
0.45268 0.09126
0.45105 0.0913
0.44963 0.09141
0.4484 0.09157
0.44734 0.09178
0.44643 0.09202
0.44564 0.09228
0.44494 0.09256
0.44434 0.09285
0.44381 0.09315
0.44335 0.09346
0.44295 0.09378
0.44262 0.09411
0.44234 0.09447
0.44215 0.09487
0.4421 0.095330
0.44223 0.09579
0.442490 0.09624
0.44284 0.09668
0.443280 0.09715
0.44381 0.09766
0.44445 0.0982300
0.44522 0.09888
0.44618 0.09965
0.4474 0.10059
0.44897 0.10176
0.45097 0.1032
0.45339 0.104890
0.45615 0.10673
0.45917 0.10865
0.46241 0.11063
0.46584 0.11268
0.46938 0.11478
0.47298 0.1169
0.47657 0.11902
0.48011 0.12113
0.4835800 0.12323
0.48698 0.12531
0.490290 0.1274
0.49353 0.12950
0.496680 0.13162
0.49976 0.13376
0.50276 0.13593
0.50569 0.13815
0.50855 0.14041
0.51133 0.14272
0.51406 0.14509
0.51671 0.14751
0.5193 0.14998
0.52181 0.1525
0.52424 0.15506
0.52657 0.157630
0.52876 0.16019
0.53076 0.16266
0.53252 0.164980
0.53401 0.1671
0.53521 0.169
0.53616 0.17069
0.53688 0.17221
0.53754 0.17386
*.*.Setup: s1223rtl.txt as Flap 1, Inverted: y, Scale = 1.0, AoA = -2.0, Reposition from (0,0) = (0, 0)*.*.
*.*.Setup: s1223rtl.txt as Flap 2, Inverted: y, Scale = 0.35, AoA = 35.0, Reposition from previous T.E. = (-0.0267, 0.045), Reposition from (0,0) = (0.9727, 0.0101)*.*.
*.*.Setup: s1223rtl.txt as Flap 3, Inverted: y, Scale = 0.35, AoA = 40.0, Reposition from previous T.E. = (-0.01, 0.055), Reposition from (0,0) = (1.2494, 0.2659)*.*.
*.*.Setup: Scale Ratio = 0.35422*.*.