0.33677 -0.01176
0.33454 -0.01343
0.33131 -0.01586
0.32759 -0.018170
0.32319 -0.02029
0.31791 -0.02237
0.31159 -0.02451
0.30417 -0.026720
0.29576 -0.02896
0.286570 -0.03118
0.27687 -0.03333
0.26686 -0.03538
0.256720 -0.0373
0.24653 -0.03907
0.23634 -0.04067
0.226150 -0.04209
0.215930 -0.043340
0.20563 -0.04441
0.19521 -0.04534
0.18461 -0.04612
0.1738 -0.0468
0.16278 -0.04741
0.15161 -0.04797
0.14037 -0.0485
0.12922 -0.04899
0.11833 -0.049410
0.10787 -0.0497400
0.09802 -0.04990
0.08890 -0.04984
0.08048 -0.04948
0.07264 -0.048790
0.06527 -0.04774
0.05829 -0.04632
0.05164 -0.04455
0.04531 -0.04241
0.03929 -0.03993
0.03359 -0.0371300
0.028260 -0.03407
0.02336 -0.03081
0.01896 -0.0275
0.015130 -0.02427
0.01189 -0.02122
0.00922 -0.01842
0.00705 -0.015850
0.0053 -0.01351
0.00389 -0.0113600
0.00276 -0.00938
0.00186 -0.00756
0.00117 -0.00588
0.00065 -0.00431
0.00028 -0.00285
6e-05 -0.00148
-0.000029 -0.0002
8e-05 0.00101
0.00043 0.00219
0.00115 0.003190
0.00225 0.0039
0.00359 0.00433
0.005120 0.00459
0.00685 0.00473
0.008840 0.00479
0.01116 0.00478
0.01392 0.004690
0.01727 0.00451
0.02144 0.00419
0.02673 0.00369
0.03338 0.00297
0.0413500 0.001970
0.05028 0.00067
0.05985 -0.00094
0.07 -0.00283
0.08065 -0.00492
0.09163 -0.00713
0.10276 -0.00939
0.11387 -0.01163
0.12486 -0.01381
0.13568 -0.015890
0.14633 -0.01785
0.156830 -0.01967
0.16718 -0.02131
0.1774 -0.02278
0.18751 -0.02405
0.1975300 -0.02511
0.20748 -0.02596
0.21736 -0.02659
0.2272 -0.02699
0.23699 -0.02716
0.24676 -0.02711
0.25648 -0.02682
0.26614 -0.0263
0.27571 -0.02555
0.28509 -0.02458
0.29416 -0.0234
0.30269 -0.02205
0.31047 -0.02057
0.31732 -0.01899
0.32320 -0.01734
0.3282 -0.01563
0.33242 -0.0139
0.33677 -0.01176
-Inserting Flap s1223rtl-
0.44686 0.07105
0.44659 0.070120
0.44619 0.06876
0.44564 0.0673300
0.44486 0.06581
0.44382 0.06411
0.4425 0.06218
0.4409 0.060
0.43902 0.05761
0.43692 0.05505
0.434660 0.052410
0.43229 0.04973
0.42986 0.04705
0.427390 0.04441
0.42487 0.04182
0.42233 0.03927
0.41973 0.03677
0.41708 0.0343
0.41436 0.03185
0.41156 0.02940
0.408690 0.02693
0.40573 0.02444
0.40273 0.02193
0.3997 0.01942
0.39668 0.01693
0.39373 0.01452
0.39087 0.01222
0.38816 0.0101
0.38559 0.0082
0.38316 0.00652
0.38083 0.00507
0.37854 0.0038100
0.3763 0.00273
0.37406 0.00183
0.37184 0.00109
0.36964 0.00052
0.36746 0.0001
0.36532 -0.00017
0.36326 -0.000290
0.36134 -0.00029
0.35958 -0.00019
0.358040 -0.000068
0.3567 0.00020
0.35555 0.00046
0.35457 0.00074
0.35372 0.001050
0.35299 0.00136
0.35236 0.00168
0.35181 0.00201
0.35134 0.00233
0.35093 0.00267
0.350580 0.003
0.350290 0.00334
0.35006 0.0037
0.3499 0.0041
0.3499 0.00454
0.35005 0.00497
0.35034 0.00537
0.350710 0.00576
0.35116 0.00617
0.351710 0.00661
0.35236 0.00709
0.35315000 0.00765
0.35412 0.0083
0.35536 0.009090
0.35694 0.01007
0.35895 0.01126
0.36139 0.01266
0.36416 0.01418
0.36717 0.01575
0.37041 0.01736
0.373830 0.019020
0.37736 0.02071
0.38095 0.02242
0.38453 0.02414
0.38805 0.02584
0.39152 0.02754
0.39491 0.02924
0.39823 0.03094
0.40147 0.03266
0.40463 0.0344
0.40772 0.03618
0.41075 0.03799
0.41371 0.03985
0.4166 0.04176
0.41944 0.04372
0.42221 0.04573
0.42493 0.0478
0.42759 0.04993
0.43018 0.05211
0.43269 0.05434
0.43511 0.05658
0.4374 0.05882
0.4395 0.061
0.44136 0.06305
0.44294 0.06493
0.44424 0.06663
0.44528 0.06816
0.446090 0.06954
0.44686 0.07105
-Inserting Flap s1223rtl-
0.5401 0.15723
0.53983 0.1563
0.53944 0.15494
0.53888 0.15351
0.5381 0.15199
0.537060 0.15029
0.53575 0.14836
0.534140 0.14619
0.53226 0.14379
0.53016 0.14123
0.5279 0.13859
0.52553 0.13591
0.52310 0.13323
0.52063 0.13059
0.51812 0.128
0.51557 0.12545
0.51297 0.12295
0.51032 0.12048
0.5076 0.11803
0.50481 0.11558
0.50193 0.11311
0.49898 0.11062
0.49597 0.10811
0.49294 0.1056
0.48993 0.10311
0.48697 0.1007
0.484110 0.09840
0.4814 0.09628
0.47883 0.09438
0.47641 0.09271
0.47407 0.091250
0.47179 0.08999
0.46954 0.08891
0.46731 0.08801
0.46509 0.08727
0.46288 0.0867
0.4607 0.08628
0.45856 0.086020
0.45651 0.08589
0.45458 0.08589
0.45283 0.085990
0.45128 0.08616
0.44994 0.08638
0.44880 0.086640
0.44781 0.08692
0.44697 0.08723
0.44623 0.08754
0.4456 0.08786
0.44505 0.08819
0.44458 0.08852
0.444170 0.08885
0.44382 0.08918
0.44353 0.08953
0.4433 0.08989
0.44315 0.09029
0.44314 0.09072
0.44329 0.09115
0.44358 0.09155
0.44395 0.09194
0.44441 0.092350
0.44495 0.09279
0.4456 0.09327
0.44639 0.09383
0.4473600 0.09448
0.4486 0.09527
0.45018 0.09625
0.45219 0.09744
0.45463 0.09885
0.4574 0.10036
0.46041 0.10193
0.46365 0.10354
0.46707 0.1052
0.4706 0.10689
0.47419 0.1086100
0.47777 0.11032
0.4813 0.11202
0.48476 0.11372
0.48815 0.11542
0.49147 0.11712
0.49471 0.11884
0.49787 0.12058
0.500970 0.12236
0.50399 0.12417
0.50695 0.12603
0.50984 0.12794
0.51268 0.1299
0.51545 0.131910
0.51817 0.13398
0.52083 0.13611
0.52342 0.13829
0.52593 0.14052
0.52835 0.142760
0.53064 0.145
0.53274 0.14718
0.53460 0.14923
0.53618 0.15111
0.53748 0.15282
0.53852 0.15435
0.53933 0.15572
0.5401 0.15723
*.*.Setup: s1223rtl.txt as Flap 1, Inverted: y, Scale = 1.0, AoA = -2.0, Reposition from (0,0) = (0, 0)*.*.
*.*.Setup: s1223rtl.txt as Flap 2, Inverted: y, Scale = 0.35, AoA = 35.0, Reposition from previous T.E. = (0.04, 0.045), Reposition from (0,0) = (1.0394, 0.0101)*.*.
*.*.Setup: s1223rtl.txt as Flap 3, Inverted: y, Scale = 0.35, AoA = 35.0, Reposition from previous T.E. = (-0.01, 0.055), Reposition from (0,0) = (1.3161, 0.2659)*.*.
*.*.Setup: Scale Ratio = 0.33697*.*.