0.34797 0.01215
0.34579 0.01027
0.34263 0.00753
0.33897 0.00488
0.33459 0.00238
0.32929 -0.00015
0.32293 -0.00281
0.31545 -0.005620
0.30694 -0.00853
0.29763 -0.01148
0.28778 -0.01440
0.27762 -0.01723
0.2673 -0.01994
0.25692 -0.0225
0.24653 -0.02488
0.23613 -0.02708
0.2256900 -0.02911
0.21516 -0.03096
0.20448 -0.03266
0.19361 -0.03423
0.18252 -0.03572
0.17121 -0.03713
0.15972 -0.03852
0.14818 -0.03987
0.13673 -0.04118
0.12553 -0.0424
0.11477 -0.04349
0.1046300 -0.04437
0.09522 -0.04496
0.08652 -0.0452
0.07839 -0.04505
0.07072 -0.0445
0.06342 -0.04355
0.0564400 -0.0422
0.04976 -0.04045
0.04337 -0.03833
0.0373 -0.03585
0.03159 -0.03308
0.02629 -0.03008
0.02152 -0.02698
0.01734 -0.02392
0.0137900 -0.02101
0.01083 -0.01832
0.00841 -0.01583
0.00643 -0.01354
0.00482 -0.01142
0.00352 -0.00947
0.00247 -0.00766
0.00163 -0.00598
0.00098 -0.0044
0.0005 -0.00292
0.00017 -0.00153
0.000013 -0.00021
0.000035 0.00105
0.00028 0.00229
0.00096 0.00338
0.00204 0.00418
0.003390 0.00472
0.00495 0.0051
0.006720 0.00537
0.00877 0.00558
0.01116 0.00573
0.014 0.00584
0.01747 0.00589
0.02180 0.00586
0.02728 0.00573
0.03419 0.00547
0.04248 0.00501
0.05177 0.00432
0.06176 0.00335
0.07236 0.00213
0.08349 0.00074
0.09496 -0.00075
0.1066 -0.00227
0.11821 -0.00378
0.12969 -0.005240
0.14099 -0.0066
0.15212 -0.00786
0.16307 -0.008970
0.173860 -0.00992
0.1845 -0.01069
0.19501 -0.01127
0.20541 -0.01164
0.21573 -0.0118
0.22596 -0.01174
0.23613 -0.01144
0.24624 -0.01092
0.25629 -0.01016
0.26629 -0.0091600
0.27622 -0.00792
0.28602 -0.006460
0.29563 -0.00479
0.30489 -0.00292
0.31359 -0.00092
0.32149 0.00117
0.32844 0.0033
0.33439 0.00542
0.33942 0.00754
0.34364 0.009630
0.34797 0.01215
-Inserting Flap s1223rtl-
0.43752 0.0828
0.43708 0.0819
0.436430 0.08059
0.435620 0.07923
0.43455 0.07782
0.43319 0.07629
0.4315 0.07456
0.42947 0.07263
0.42713 0.07053
0.42453 0.068310
0.42176 0.06602
0.41887 0.06372
0.415920 0.06143
0.41293 0.05919
0.40991 0.057
0.40685 0.05487
0.40377 0.05279
0.40063 0.050750
0.39742 0.04874
0.39413 0.04675
0.39076 0.044750
0.38731 0.04275
0.3838 0.04074
0.38027 0.038720
0.37676 0.0367300
0.3733200 0.03481
0.37 0.03298
0.36685 0.03131
0.3639 0.02984
0.36113 0.02857
0.35849 0.02751
0.35594 0.02663
0.35346 0.02594
0.35103 0.02543
0.34864 0.02507
0.34629 0.024880
0.344 0.02485
0.34177 0.0249600
0.33966 0.02521
0.337700 0.02555
0.33593 0.02597
0.33439 0.02642
0.33307 0.02688
0.33195 0.02735
0.3310 0.02782
0.33019 0.02828
0.3295 0.02873
0.32892 0.029170
0.32842 0.02960
0.32799 0.03002
0.32763 0.03043
0.32734 0.03083
0.3271 0.03123
0.32693 0.03164
0.32685 0.03208
0.32692 0.0325200
0.32716 0.03293
0.32752 0.03329
0.32797 0.03362
0.32851 0.03395
0.32914 0.0343
0.32989 0.03467
0.33079 0.0351
0.3319 0.03559
0.3333 0.03617
0.33508 0.03688
0.33734 0.03774
0.34007 0.03872
0.3431600 0.039770
0.34651 0.04083
0.3501 0.04188
0.35387 0.04296
0.35777 0.04405
0.36173 0.04515
0.365680 0.04625
0.36957 0.04735
0.3734 0.04845
0.37716 0.04957
0.38084 0.050710
0.384440 0.05188
0.38798 0.05309
0.39144 0.05434
0.39485 0.05564
0.39819 0.057
0.40148 0.058420
0.40471 0.05991
0.4079 0.06146
0.41104 0.06308
0.41412 0.064770
0.41715 0.06652
0.42011 0.06833
0.42297 0.07019
0.4257 0.07205
0.42823 0.07389
0.43049 0.07565
0.43244 0.07728
0.43406 0.07878
0.4354 0.08015
0.43647 0.0814
0.43752 0.0828
-Inserting Flap s1223rtl-
0.5448 0.18028
0.5446 0.17930
0.544320 0.17786
0.54388 0.17634
0.54321 0.1747
0.5423 0.17287
0.54112 0.17076
0.53966 0.16838
0.53794 0.16574
0.53601 0.16292
0.533920 0.15999
0.53173 0.15702
0.52946 0.15405
0.527150 0.15111000
0.5248 0.14821
0.522410 0.14536
0.51996 0.14256
0.51746 0.13978
0.51488 0.13701
0.51222 0.13423
0.50948 0.13143
0.50667 0.1286
0.5038 0.12575
0.50091 0.12289
0.49803 0.12006
0.4952 0.11731
0.49247 0.11469
0.48986 0.112260
0.4874 0.11007
0.485050 0.10813
0.48277 0.10642
0.48054 0.10492
0.47832 0.10361
0.47610 0.10248
0.47389 0.10152
0.47167 0.10073
0.46946 0.100100
0.46728 0.09964
0.46518 0.09932
0.46319 0.09915
0.46138 0.0990900
0.45978 0.09913
0.45838 0.09923
0.45718 0.09940
0.45614 0.0996
0.455240 0.09984
0.45446 0.1001
0.45378 0.10037
0.45318 0.100650
0.45266 0.10095
0.45221 0.10125
0.45182 0.10157
0.45149 0.10189
0.45122 0.10224
0.45103 0.10264
0.45098 0.10309
0.45111 0.10354
0.45136 0.10398
0.45171 0.10442
0.45214 0.104880
0.45266 0.105380
0.45329 0.10594
0.45405 0.106580
0.455 0.10734
0.45619 0.10827
0.45774 0.10941
0.4597 0.11083
0.46208 0.11249
0.46479 0.1143
0.46776 0.11618
0.4709400 0.11813
0.47431 0.12014
0.4778 0.12221
0.48134 0.12430
0.48486 0.126380
0.488340 0.128450
0.49176 0.13051
0.495090 0.13256
0.49835 0.13462
0.50153 0.13668
0.50463 0.13876
0.50766 0.14086
0.510610 0.1430
0.51349 0.14518
0.5163 0.14740
0.51904 0.14968
0.52171 0.152
0.52432 0.15438
0.52686 0.15681
0.52934 0.15929
0.53172 0.1618
0.53401 0.16433
0.53616 0.166840
0.53813 0.16927
0.53986 0.17155
0.54132 0.17363
0.5425 0.1755
0.54343 0.177170
0.544150 0.178660
0.5448 0.18028
*.*.Setup: s1223rtl.txt as Flap 1, Inverted: y, Scale = 1.0, AoA = 2.0, Reposition from (0,0) = (0, 0)*.*.
*.*.Setup: s1223rtl.txt as Flap 2, Inverted: y, Scale = 0.35, AoA = 25.0, Reposition from previous T.E. = (-0.06, 0.055), Reposition from (0,0) = (0.9394, 0.0899)*.*.
*.*.Setup: s1223rtl.txt as Flap 3, Inverted: y, Scale = 0.35, AoA = 40.0, Reposition from previous T.E. = (0.04, 0.055), Reposition from (0,0) = (1.2966, 0.2928)*.*.
*.*.Setup: Scale Ratio = 0.34818*.*.