0.33307 -0.01163
0.33087 -0.01328
0.32767 -0.01568
0.32399 -0.017970
0.31964 -0.02007
0.31442 -0.02213
0.30816 -0.02424
0.30083 -0.026430
0.29251 -0.02864
0.283430 -0.03083
0.27383 -0.03296
0.26393 -0.03499
0.25390 -0.03689
0.24382 -0.03864
0.23374 -0.04022
0.223660 -0.04163
0.213560 -0.042860
0.20337 -0.04393
0.19307 -0.04484
0.18259 -0.04562
0.17189 -0.04629
0.161 -0.04689
0.14994 -0.04744
0.13883 -0.04796
0.1278 -0.04845
0.11703 -0.048870
0.10668 -0.0491900
0.09694 -0.049350
0.087920 -0.04929
0.0796 -0.04894
0.07184 -0.048250
0.06455 -0.04721
0.05765 -0.04582
0.05107 -0.04406
0.04481 -0.04195
0.03886 -0.03949
0.03322 -0.0367300
0.027950 -0.03369
0.0231 -0.03047
0.01875 -0.0272
0.014960 -0.024
0.01176 -0.02099
0.00912 -0.01821
0.00697 -0.015680
0.00524 -0.01336
0.00384 -0.0112300
0.00273 -0.00928
0.00184 -0.00748
0.00116 -0.00581
0.00064 -0.00427
0.00028 -0.00282
6e-05 -0.00147
-0.000029 -0.0002
8e-05 0.001
0.00042 0.00216
0.00114 0.003160
0.00223 0.00385
0.00355 0.00428
0.005060 0.00454
0.00678 0.00468
0.008750 0.00474
0.01104 0.00473
0.01376 0.004640
0.01708 0.00446
0.02121 0.00414
0.02644 0.00365
0.03301 0.00294
0.0408900 0.001950
0.04972 0.00067
0.0592 -0.00093
0.06923 -0.0028
0.07977 -0.00487
0.09063 -0.00705
0.10164 -0.00929
0.11262 -0.0115
0.12348 -0.01366
0.13419 -0.015720
0.14473 -0.01766
0.155110 -0.01945
0.16534 -0.02108
0.17545 -0.02253
0.18545 -0.02378
0.1953600 -0.02483
0.2052 -0.02567
0.21497 -0.02629
0.2247 -0.02669
0.23439 -0.02687
0.24405 -0.02681
0.25366 -0.02652
0.26322 -0.02601
0.27268 -0.02527
0.28196 -0.02431
0.29093 -0.02315
0.29937 -0.02181
0.30706 -0.02035
0.31383 -0.01878
0.319650 -0.01715
0.3246 -0.01546
0.32877 -0.01375
0.33307 -0.01163
-Inserting Flap s1223rtl-
0.43796 0.06539
0.437590 0.0645
0.43705 0.06321
0.43634 0.06187
0.4354 0.06047
0.43418 0.05892
0.43267 0.05718
0.43084 0.05522
0.42872 0.05308
0.42636 0.05082
0.42384 0.04848
0.4212 0.046110
0.41851 0.04377
0.41577 0.04146
0.41301 0.0392
0.41021 0.03699
0.40738 0.03483
0.4044900 0.032710
0.40154 0.03061
0.39851 0.02853
0.3954 0.02643
0.39221 0.02432
0.38897 0.0222
0.38571 0.02008
0.38246 0.01799
0.37928 0.01595
0.37621 0.01403
0.3733 0.012260
0.37056 0.01068
0.36798 0.00932
0.365520 0.00815
0.36313 0.00718
0.3608 0.00638
0.35851 0.00575
0.35624 0.00528
0.35401 0.00497
0.35182 0.00481
0.34969 0.00479
0.34765 0.00491
0.34576 0.00513
0.34405 0.00543
0.342550 0.00577
0.34126 0.00614
0.34017 0.00653
0.33923 0.00692
0.33844 0.00732
0.33775 0.00771
0.33717 0.0081
0.33667 0.00848
0.3362400 0.00886
0.33587 0.009230
0.33557 0.0096
0.33532 0.00997
0.3351400 0.01035
0.33503 0.01076
0.33508 0.011190
0.335280 0.01159
0.33561 0.01195
0.33602 0.0123
0.336510 0.01264
0.33709 0.01301
0.33779 0.01341
0.338630 0.01387
0.33966 0.0144
0.34096 0.01503
0.34263 0.01581
0.34474 0.016750
0.3473 0.01785
0.35019 0.01902
0.35334 0.02022
0.3567 0.02142
0.36025 0.02266
0.36391 0.02392
0.36763 0.02519
0.37134 0.02646
0.37501 0.02773
0.3786 0.029
0.38213 0.03028
0.38558 0.03157
0.38896 0.03289
0.39227 0.03424
0.39552 0.03563
0.3987 0.03706
0.40181 0.03855
0.40488 0.04009
0.40789 0.04169
0.41084 0.04335
0.41375 0.04507
0.41660 0.04686
0.4194 0.0487
0.42213 0.0506
0.42476 0.05253
0.42727 0.05446
0.42958 0.05636
0.43164 0.05816
0.43341 0.05983
0.43488 0.06135
0.43608 0.06274
0.43704 0.06399
0.43796 0.06539
-Inserting Flap s1223rtl-
0.54065 0.16203
0.54046 0.16109
0.54019 0.15971
0.53977 0.15826
0.53913 0.15669
0.53825 0.15493
0.537120 0.15292
0.535730 0.15063
0.53408 0.14811
0.53223 0.14541
0.53023000 0.14261
0.52813 0.13976
0.52597 0.13692
0.52376 0.13411
0.52151 0.13133
0.519220 0.12861
0.51688 0.12592
0.514480 0.12326
0.51201 0.12061
0.50946 0.11795
0.50684 0.11527
0.50415 0.11256
0.5014 0.10983
0.49863 0.10709
0.49588 0.104380
0.49318 0.10175
0.49056 0.09924
0.48806 0.09692
0.4857 0.09482
0.483460 0.09297
0.48128 0.09133
0.47914 0.08989
0.47701 0.08864
0.474890 0.08756
0.47277 0.08664
0.47065 0.08588
0.46853 0.08528
0.46645 0.08484
0.46444 0.08454
0.46254 0.08437
0.4608 0.08432
0.45927 0.08435
0.45793 0.08445
0.45678 0.08461
0.45578 0.08481
0.454920 0.08503
0.45417 0.08528
0.45352 0.085540
0.45295 0.08581
0.45246 0.086090
0.45202 0.08639
0.45165 0.08669
0.45134 0.087
0.45108 0.087330
0.45089 0.08772
0.45085 0.08814
0.45097 0.08858
0.451210 0.089
0.45155 0.08942
0.45196 0.08986
0.45246 0.09033
0.45305 0.09087
0.45378 0.09148
0.45469 0.09221
0.45584 0.0931
0.45731 0.09420
0.45919 0.09555
0.46147 0.09714
0.46407 0.09887
0.4669 0.10068
0.46995 0.10254
0.47318 0.10447
0.47651 0.10644
0.4799 0.10844
0.48328 0.11044
0.4866100 0.11242
0.48987 0.11439
0.49307 0.11636
0.49619 0.11832
0.49923 0.12029
0.50220 0.12228
0.5051 0.1243
0.507920 0.12635
0.51068 0.12843
0.51336 0.13056
0.51599 0.132730
0.51855 0.13496
0.52105 0.13724
0.52348 0.13956
0.52585 0.14193
0.52813 0.14434
0.53032 0.14677
0.53238 0.14917
0.53427 0.15149
0.53592 0.15367
0.53732 0.15567
0.53845 0.15745
0.53934 0.15905
0.540020 0.16047
0.54065 0.16203
*.*.Setup: s1223rtl.txt as Flap 1, Inverted: y, Scale = 1.0, AoA = -2.0, Reposition from (0,0) = (0, 0)*.*.
*.*.Setup: s1223rtl.txt as Flap 2, Inverted: y, Scale = 0.35, AoA = 28.333333333333332, Reposition from previous T.E. = (0.0067, 0.065), Reposition from (0,0) = (1.0061, 0.0301)*.*.
*.*.Setup: s1223rtl.txt as Flap 3, Inverted: y, Scale = 0.35, AoA = 40.0, Reposition from previous T.E. = (0.04, 0.065), Reposition from (0,0) = (1.3541, 0.2612)*.*.
*.*.Setup: Scale Ratio = 0.33327*.*.