0.3505 -0.01224
0.34818 -0.01397
0.34482 -0.01651
0.34095 -0.018910
0.33637 -0.02112
0.33087 -0.02329
0.32429 -0.02551
0.31657 -0.027810
0.30782 -0.03014
0.298260 -0.03245
0.28816 -0.03469
0.27774 -0.03682
0.267190 -0.03882
0.25658 -0.04066
0.24598 -0.04232
0.235370 -0.04381
0.224730 -0.04510
0.21402 -0.04623
0.20317 -0.04718
0.19214 -0.048
0.18089 -0.04871
0.16942 -0.04934
0.15779 -0.04992
0.14609 -0.05047
0.13449 -0.05098
0.12315 -0.051430
0.11226 -0.0517600
0.10201 -0.051940
0.092520 -0.05187
0.08376 -0.0515
0.0756 -0.050780
0.06793 -0.04968
0.06066 -0.04821
0.05375 -0.04636
0.04716 -0.04414
0.04089 -0.04156
0.03496 -0.0386500
0.029410 -0.03546
0.02431 -0.03207
0.01973 -0.02862
0.015740 -0.02525
0.01238 -0.02208
0.0096 -0.01917
0.00734 -0.01650
0.00551 -0.01406
0.00404 -0.0118200
0.00287 -0.00976
0.00194 -0.00787
0.00122 -0.00612
0.00067 -0.00449
0.00029 -0.00297
6e-05 -0.00155
-0.000029 -0.00021
9e-05 0.00105
0.00044 0.00228
0.0012 0.003320
0.00234 0.00406
0.00374 0.0045
0.005330 0.00477
0.00713 0.00492
0.00920 0.00499
0.01161 0.00498
0.01448 0.004890
0.01797 0.00469
0.02232 0.00436
0.02782 0.00385
0.03474 0.00309
0.0430300 0.002050
0.05232 0.0007
0.06229 -0.00097
0.07286 -0.00294
0.08394 -0.00512
0.09537 -0.00742
0.10695 -0.00977
0.11852 -0.01211
0.12995 -0.01437
0.14121 -0.016540
0.1523 -0.01858
0.163220 -0.02047
0.174 -0.02218
0.18463 -0.02371
0.19516 -0.02503
0.2055900 -0.02613
0.21594 -0.02702
0.22622 -0.02767
0.23646 -0.02809
0.24666 -0.02827
0.25682 -0.02821
0.26693 -0.02791
0.27699 -0.02737
0.28695 -0.02659
0.29672 -0.02558
0.30615 -0.02436
0.31503 -0.02295
0.32313 -0.02141
0.33025 -0.01977
0.336380 -0.01805
0.34158 -0.01627
0.34598 -0.01447
0.3505 -0.01224
-Inserting Flap s1223rtl-
0.43 0.07395
0.42972 0.072980
0.42931 0.07156
0.42874 0.0700700
0.42793 0.06849
0.42684 0.06673
0.42547 0.06472
0.4238 0.062450
0.42184 0.05996
0.41966 0.0573
0.417310 0.054540
0.41485 0.05175
0.41231 0.04897
0.409740 0.04622
0.40712 0.04352
0.40447 0.04087
0.40177 0.03827
0.39901 0.0357
0.39618 0.03315
0.39327 0.03060
0.390280 0.02803
0.3872 0.02544
0.38408 0.02282
0.38092 0.02021
0.37779 0.01762
0.37471 0.01511
0.37174 0.01272
0.36891 0.01051
0.36624 0.00853
0.36372 0.00679
0.36128 0.00527
0.35891 0.0039600
0.35657 0.00284
0.35424 0.0019
0.35193 0.00114
0.34964 0.00054
0.34737 0.0001
0.34514 -0.00017
0.343 -0.00030
0.341 -0.0003
0.33917 -0.0002
0.337570 -0.000068
0.33617 0.000210
0.33498 0.00048
0.33396 0.00077
0.33307 0.001090
0.33231 0.00142
0.33165 0.00175
0.33108 0.00209
0.33059 0.00243
0.33016 0.00277
0.32980 0.00312
0.32950 0.00348
0.32926 0.00386
0.3291 0.00427
0.32909 0.00472
0.32925 0.00517
0.32955 0.00559
0.329940 0.006
0.33041 0.00642
0.330980 0.00687
0.33165 0.00738
0.33247000 0.00796
0.33349 0.00864
0.33477 0.009460
0.33642 0.01048
0.33851 0.01172
0.34105 0.01318
0.34393 0.01476
0.34707 0.01639
0.35044 0.01807
0.3540 0.019790
0.35768 0.02156
0.36141 0.02334
0.36513 0.02512
0.3688 0.0269
0.37241 0.02866
0.37594 0.03043
0.37939 0.0322
0.38276 0.03399
0.38606 0.03581
0.38928 0.03765
0.39242 0.03954
0.3955 0.04147
0.39852 0.04346
0.40147 0.0455
0.40435 0.04759
0.40718 0.04975
0.40995 0.05197
0.41265 0.05424
0.41526 0.05655
0.41778 0.05889
0.42016 0.06122
0.42235 0.06348
0.42428 0.06562
0.42593 0.06758
0.42728 0.06935
0.42836 0.07094
0.429210 0.07237
0.43 0.07395
-Inserting Flap s1223rtl-
0.538060 0.16863
0.53787 0.16764
0.53758 0.16619
0.53714 0.16466
0.53647 0.16301
0.53555 0.161160
0.53435 0.15904
0.53289 0.15664
0.531150 0.15398
0.52921 0.15114
0.52711 0.14819
0.5249 0.1452
0.52262 0.14221
0.52029 0.13924
0.51792 0.13633
0.51551 0.13346
0.51305 0.13063
0.51052 0.12783
0.50793 0.12504
0.50525 0.12224
0.50249 0.11942
0.49965 0.11657
0.49677 0.1137
0.49385 0.11082
0.49095 0.10797
0.48811 0.10520
0.48536 0.10256
0.48273 0.10011
0.48025 0.09791
0.47788 0.09595
0.47559 0.09423
0.473340 0.09272
0.4711 0.0914
0.46887 0.09026
0.46664 0.08929
0.4644 0.0885
0.46218 0.08787
0.45999 0.0874
0.45787 0.08708
0.45587 0.0869100
0.45404 0.08685
0.45242 0.08688
0.45102 0.08699
0.4498 0.08716
0.44876 0.08736
0.44785 0.0876
0.44707 0.08786
0.44638 0.08814
0.44578 0.08842
0.44526 0.08872
0.4448 0.08903
0.44441 0.08934
0.44408 0.08967
0.44381 0.09002
0.44361 0.09043
0.44357 0.090880
0.44369 0.09133
0.44395 0.09178
0.4443 0.09222
0.44473 0.09268
0.44526 0.09318
0.44589 0.0937400
0.44666 0.09439
0.447610 0.09516
0.44882 0.09609
0.45037 0.09725
0.45234 0.09867
0.45474 0.100340
0.45748 0.10217
0.46046 0.10407
0.46367 0.10603
0.467070 0.10806
0.470580 0.11013
0.47414 0.11224
0.47769 0.11434
0.4812 0.11642
0.48464 0.1185
0.488 0.12056
0.49128 0.12263
0.49448 0.124710
0.49761 0.1268
0.50065 0.12893
0.50363 0.13108
0.50652 0.13327
0.50935 0.13551
0.512110 0.1378
0.51481 0.14014
0.51744 0.14254
0.52 0.14499
0.52249 0.14748
0.5249 0.15002
0.5272 0.152570
0.52937 0.15509
0.53135 0.15754
0.53309 0.159840
0.53456 0.16193
0.53575 0.16381
0.53669 0.1655
0.53741 0.16699
0.538060 0.16863
*.*.Setup: s1223rtl.txt as Flap 1, Inverted: y, Scale = 1.0, AoA = -2.0, Reposition from (0,0) = (0, 0)*.*.
*.*.Setup: s1223rtl.txt as Flap 2, Inverted: y, Scale = 0.35, AoA = 35.0, Reposition from previous T.E. = (-0.06, 0.045), Reposition from (0,0) = (0.9394, 0.0101)*.*.
*.*.Setup: s1223rtl.txt as Flap 3, Inverted: y, Scale = 0.35, AoA = 40.0, Reposition from previous T.E. = (0.04, 0.045), Reposition from (0,0) = (1.2661, 0.2559)*.*.
*.*.Setup: Scale Ratio = 0.35071*.*.